 [
  -0.007381367 113.8184 
  -0.3304277 113.8184 
  -0.3391929 113.8184 
  -0.01758464 113.8184 
  -0.4136153 113.8184 
  -0.3070403 113.8184 
  -0.04988472 113.8184 
  -0.08097953 113.8184 
  -0.2324927 113.8184 
  0.07091203 113.8184 
  -0.155226 113.8184 
  -0.06898894 113.8184 
  -0.1888787 113.8184 
  -0.1376678 113.8184 
  0.1240424 113.8184 
  0.1166796 113.8184 
  -0.2123687 113.8184 
  0.1016647 113.8184 
  -0.1175776 113.8184 
  0.01110288 113.8184 
  -0.02858569 113.8184 
  0.06286746 113.8184 
  0.0009018709 113.8184 
  0.1096233 113.8184 
  -0.1225049 113.8184 
  0.6145598 114.3874 
  0.6623945 116.6924 
  0.7948669 116.1118 
  0.7735713 118.4515 
  0.9274908 119.0438 
  0.960932 119.0438 
  0.9638713 119.0438 
  0.9679276 119.0438 
  0.963173 119.0438 
  0.9983664 119.639 
  0.9988394 119.639 
  0.9740495 119.639 
  0.9668844 119.639 
  0.9559892 118.4515 
  0.988903 117.2759 
  0.9788195 116.6924 
  0.9769896 116.1118 
  0.8504828 114.9594 
  0.7146201 113.8184 
  0.3184537 111.5702 
  0.0661384 112.128 
  -0.414486 113.8184 
  -0.1244565 115.5342 
  0.2923421 117.2759 
  0.2140999 119.639 
  0.8127009 121.4426 
  0.8674585 121.4426 
  0.9095843 120.8384 
  0.9557458 120.8384 
  0.9762751 120.8384 
  0.9888529 120.8384 
  0.990678 121.4426 
  0.9923756 121.4426 
  0.9904353 121.4426 
  0.9893678 120.8384 
  0.9810987 120.2372 
  0.9805588 119.639 
  0.9671911 119.0438 
  0.9459209 117.8622 
  0.9118659 116.1118 
  0.9055566 114.3874 
  0.8863837 112.6886 
  0.7282551 110.4628 
  0.6678961 107.7421 
  0.6143844 103.5278 
  0.7327557 101.9903 
  0.9547144 102.5003 
  0.9696314 101.9903 
  0.9747113 101.9903 
  0.9783959 101.4829 
  0.9809253 100.978 
  0.988261 100.4756 
  0.99228 99.47836 
  0.981303 98.98344 
  0.9899457 98.491 
  0.994584 98.00098 
  0.9919444 97.51342 
  0.9845921 96.54556 
  0.9321606 95.5873 
  0.8786072 94.63854 
  0.837703 93.6992 
  0.6035663 93.6992 
  -0.2390234 93.6992 
  0.2880667 93.6992 
  0.1991023 93.6992 
  0.1144754 93.6992 
  -0.003612697 94.1677 
  -0.0254181 94.1677 
  -0.1163434 94.1677 
  -0.07787839 94.1677 
  0.03850254 94.1677 
  0.1282323 94.1677 
  0.1374701 94.1677 
  0.3575512 94.1677 
  0.2098135 94.1677 
  0.1128246 94.1677 
  -0.225989 94.1677 
  -0.2810881 94.1677 
  0.1236022 94.1677 
  0.09178491 94.1677 
  -0.4003298 94.1677 
  -0.07730466 94.1677 
  0.5924274 94.1677 
  0.1219282 94.1677 
  0.1160243 94.1677 
  0.0872599 94.1677 
  0.2973118 94.1677 
  0.2654592 93.6992 
  0.656024 92.7692 
  0.3603275 96.54556 
  0.5446138 99.47836 
  0.6687495 99.97575 
  0.7208871 98.491 
  0.8966307 97.51342 
  0.9210303 97.02828 
  0.9260161 97.02828 
  0.9399802 97.02828 
  0.9180472 96.54556 
  0.9014813 95.5873 
  0.7457764 94.1677 
  0.5255122 92.7692 
  0.1453507 91.84841 
  -0.07986289 93.6992 
  -0.1625363 95.11173 
  0.6806552 96.54556 
  0.3211382 98.491 
  -0.109935 100.4756 
  -0.09165762 101.9903 
  0.03330293 103.5278 
  -0.00624489 105.0885 
  -0.01184524 106.6728 
  -0.1047921 108.2809 
  0.2638574 109.9132 
  0.7388902 109.9132 
  0.6417225 107.2061 
  0.7094549 104.0455 
  0.9211195 102.5003 
  0.9756151 101.9903 
  0.9778317 101.4829 
  0.9946116 100.978 
  0.9855447 100.978 
  0.9768696 100.978 
  0.9410161 100.4756 
  0.8162517 99.47836 
  0.7230989 98.491 
  0.949872 98.491 
  0.9848414 98.00098 
  0.9817351 97.51342 
  0.9719767 97.02828 
  0.7910583 97.02828 
  0.8307079 96.54556 
  0.8985053 95.5873 
  0.9695994 94.63854 
  0.9818584 93.6992 
  0.9667327 92.7692 
  0.9794148 92.30766 
  0.976184 91.84841 
  0.9455097 90.93677 
  0.8448271 90.03418 
  0.7542901 88.69706 
  0.6839347 87.8167 
  0.09122254 88.25578 
  0.4203351 88.69706 
  0.5025036 89.14054 
  0.1216548 90.03418 
  -0.1222945 90.93677 
  0.01424281 91.84841 
  0.008882675 92.7692 
  0.02578519 93.6992 
  0.07296443 94.1677 
  -0.08573481 94.63854 
  0.1031567 95.11173 
  0.5009889 98.00098 
  0.8994113 98.491 
  0.9043587 98.491 
  0.8755778 98.491 
  0.8490871 98.491 
  0.8768451 98.00098 
  0.8913525 98.00098 
  0.8950778 97.51342 
  0.9019777 97.02828 
  0.9384292 97.02828 
  0.9715928 97.02828 
  0.9707453 97.02828 
  0.9594966 97.02828 
  0.9516448 97.02828 
  0.9189091 97.02828 
  0.8328165 97.02828 
  0.6637088 96.06523 
  0.8635139 94.1677 
  0.8902349 93.6992 
  0.8061159 94.1677 
  0.8709304 95.11173 
  0.9213629 95.11173 
  0.9684066 95.11173 
  0.9823795 95.11173 
  0.9722582 95.11173 
  0.9366969 96.06523 
  0.9326516 97.51342 
  0.9152592 98.98344 
  0.6566777 100.978 
  0.857823 102.5003 
  0.8975269 102.5003 
  0.7724838 104.5657 
  0.8285021 106.6728 
  0.8614727 107.2061 
  0.9758211 105.0885 
  0.9744095 104.5657 
  0.9831139 103.0128 
  0.9743705 101.9903 
  0.9812641 100.978 
  0.9801936 99.47836 
  0.9928731 98.491 
  0.9860148 98.00098 
  0.9908915 97.02828 
  0.9884905 96.54556 
  0.9767059 95.5873 
  0.931931 95.11173 
  0.8759984 94.1677 
  0.8411343 93.23304 
  0.654743 93.23304 
  0.05058388 93.23304 
  0.08874455 93.23304 
  0.1223353 93.23304 
  0.002071006 93.23304 
  -0.01869131 93.23304 
  0.04763828 93.23304 
  0.04578952 93.23304 
  0.04214493 93.23304 
  -0.0177286 93.23304 
  0.02248076 93.23304 
  -0.08373323 93.23304 
  -0.09655138 93.23304 
  -0.09569217 93.23304 
  0.02279777 93.23304 
  -0.06893779 93.23304 
  -0.01410799 92.7692 
  -0.3569539 92.30766 
  -0.09788278 91.84841 
  -0.1924791 91.84841 
  0.02153868 91.39146 
  -0.1743292 91.39146 
  -0.03716923 90.93677 
  0.1647848 90.48434 
  -0.2651481 90.03418 
  0.1007265 89.58624 
  0.4884488 88.69706 
  0.2433258 90.03418 
  0.544758 90.93677 
  0.8104911 91.39146 
  0.9109284 91.39146 
  0.9559636 92.30766 
  0.8643091 91.84841 
  0.7384207 90.93677 
  0.3305688 90.48434 
  0.2502762 91.39146 
  0.5346082 93.6992 
  0.6420568 93.23304 
  0.5157338 93.23304 
  0.6425968 92.30766 
  -0.1704898 92.30766 
  -0.1314907 92.7692 
  0.1018647 93.23304 
  0.2029525 94.1677 
  0.0668764 95.11173 
  -0.05763885 95.5873 
  0.04043188 96.06523 
  0.1329429 96.54556 
  0.01963009 97.02828 
  -0.05210019 97.51342 
  -0.07799603 97.51342 
  -0.2288676 97.51342 
  0.04215414 98.00098 
  0.06402153 98.491 
  0.3933398 99.47836 
  0.6193126 96.54556 
  0.8767961 96.54556 
  0.921736 97.02828 
  0.9737448 97.51342 
  0.9952219 98.00098 
  0.9914672 98.00098 
  0.9940881 98.00098 
  0.9938907 98.00098 
  0.9932945 98.00098 
  0.989803 98.00098 
  0.9850833 98.00098 
  0.9827094 98.00098 
  0.9879721 98.00098 
  0.9772793 97.51342 
  0.9808541 97.51342 
  0.9729025 97.51342 
  0.973918 97.51342 
  0.9738922 97.51342 
  0.9028574 96.54556 
  0.9237995 95.5873 
  0.9429849 94.1677 
  0.9245064 93.23304 
  0.9673101 92.7692 
  0.9476812 92.30766 
  0.754655 90.93677 
  0.8412692 89.14054 
  0.8134762 87.8167 
  0.8888086 86.94508 
  0.6849629 86.0821 
  0.5386881 85.65383 
  0.4725311 85.2277 
  0.240339 86.0821 
  0.2689338 87.3798 
  0.04360453 88.25578 
  0.2492318 89.14054 
  0.1634561 90.03418 
  0.100391 90.93677 
  0.1282139 92.30766 
  0.1205023 93.23304 
  0.6282566 94.63854 
  0.5117432 96.06523 
  0.2972063 97.51342 
  0.5746603 98.491 
  0.503534 99.47836 
  0.2114083 100.4756 
  0.6892235 99.97575 
  0.8375756 99.97575 
  0.9216038 98.98344 
  0.9030704 98.00098 
  0.9685458 96.54556 
  0.9129359 96.54556 
  0.8676692 97.02828 
  0.91318 98.491 
  0.8866564 98.491 
  0.8757882 98.00098 
  0.8368392 98.98344 
  0.8655168 100.4756 
  0.8870336 102.5003 
  0.9302244 103.5278 
  0.9422656 103.5278 
  0.9330937 101.9903 
  0.8468816 99.47836 
  0.7983835 97.02828 
  0.816336 94.1677 
  0.7902082 91.84841 
  0.4532399 90.48434 
  0.08306723 89.58624 
  0.4685636 89.14054 
  0.02506283 88.69706 
  0.5736057 87.8167 
  0.04112145 86.94508 
  0.1176552 84.80367 
  0.4111308 82.71502 
  0.8795815 82.3035 
  0.8274601 82.3035 
  0.7361335 83.12859 
  0.3625531 83.96195 
  0.08319958 84.38177 
  -0.2268648 85.2277 
  -0.2420096 86.0821 
  0.02158386 86.94508 
  0.1618237 87.3798 
  0.2111588 87.8167 
  0.1644805 88.25578 
  0.01181333 88.69706 
  -0.07079129 89.14054 
  0.03876805 89.58624 
  -0.1011119 90.03418 
  0.003313979 90.48434 
  0.1182403 90.93677 
  -0.03763827 91.39146 
  -0.09167646 92.30766 
  0.3172254 93.23304 
  0.3320181 93.6992 
  0.6679094 92.30766 
  0.7575156 92.7692 
  0.8948566 93.23304 
  0.9005213 94.63854 
  0.9630344 95.11173 
  0.9300957 95.11173 
  0.944242 96.06523 
  0.9849856 96.54556 
  0.9896621 96.54556 
  0.9780656 97.02828 
  0.9525267 97.51342 
  0.9720431 98.00098 
  0.979986 98.491 
  0.9389483 97.51342 
  0.9073825 96.54556 
  0.9446639 96.06523 
  0.8780206 97.51342 
  0.8816787 98.491 
  0.9356858 99.47836 
  0.9308174 99.97575 
  0.9404227 100.4756 
  0.9541175 100.978 
  0.9647427 100.4756 
  0.9733462 100.4756 
  0.9792178 99.97575 
  0.9762524 99.97575 
  0.9546825 98.98344 
  0.9283327 98.00098 
  0.9173198 97.02828 
  0.9488015 96.54556 
  0.891222 95.5873 
  0.7627161 95.11173 
  0.7289035 94.63854 
  0.73637 94.1677 
  -0.07448299 94.63854 
  0.02092312 95.11173 
  0.08354455 96.06523 
  0.005529963 97.02828 
  -0.176672 98.00098 
  -0.3125485 98.491 
  -0.046078 98.98344 
  -0.0004563238 99.47836 
  0.1575082 100.4756 
  0.1145531 100.978 
  -0.1616409 102.5003 
  0.3516813 102.5003 
  0.5733646 101.9903 
  0.3599552 101.9903 
  -0.00792129 104.0455 
  0.08037617 103.0128 
  0.2844499 101.9903 
  0.03821643 103.0128 
  -0.02314258 104.0455 
  0.5201824 104.5657 
  0.3208222 104.5657 
  -0.1752228 104.5657 
  -0.2552503 104.5657 
  -0.1410832 104.5657 
  0.08379287 104.5657 
  0.1327768 104.5657 
  0.1821367 104.5657 
  0.3260128 104.5657 
  0.1315833 104.5657 
  0.2635098 104.5657 ]
