 [
  0.126105 116.6924 
  0.05406722 116.6924 
  0.3133059 116.6924 
  0.3867004 116.6924 
  0.3340366 116.6924 
  0.1057153 116.6924 
  -0.1758114 116.6924 
  -0.05807135 116.6924 
  0.09285977 116.6924 
  -0.1633743 116.6924 
  -0.1717575 116.6924 
  -0.08519955 116.6924 
  0.03778262 116.1118 
  0.1239853 115.5342 
  0.09109578 114.9594 
  0.1717351 114.3874 
  0.3187047 113.8184 
  0.1279845 113.2521 
  0.07768292 112.6886 
  0.227871 112.128 
  0.2929753 111.5702 
  0.1358107 111.5702 
  0.138947 111.5702 
  0.06675816 112.6886 
  0.0821481 113.8184 
  0.3524026 114.9594 
  -0.1016613 116.1118 
  0.2814479 118.4515 
  0.6164297 124.5092 
  0.7960449 125.1317 
  0.7855773 123.8897 
  0.8852651 122.6601 
  0.9613608 122.6601 
  0.9760631 122.0498 
  0.948875 122.6601 
  0.9170012 123.2734 
  0.944688 125.1317 
  0.9060647 127.0181 
  0.9189222 128.2915 
  0.878859 130.2255 
  0.9390708 132.1886 
  0.8887504 132.8496 
  0.8185476 132.1886 
  0.4276135 132.8496 
  0.156224 134.1814 
  0.1646579 135.5266 
  0.1437884 136.2042 
  0.02202588 137.5696 
  0.4534132 138.2575 
  -0.1438991 138.9488 
  -0.03015796 140.3417 
  -0.03811583 141.7487 
  0.01349154 143.1697 
  0.1031463 144.605 
  0.2891887 146.0546 
  0.4339845 147.5188 
  0.3928198 147.5188 
  0.2445525 147.5188 
  -0.06703459 147.5188 
  0.07435628 147.5188 
  0.2567153 147.5188 
  0.2172493 147.5188 
  0.2193709 146.7849 
  0.5494834 146.0546 
  0.5088947 141.0434 
  0.6951163 136.8852 
  0.9764711 132.8496 
  0.9821538 130.8766 
  0.9887595 129.5776 
  0.9936455 128.2915 
  0.9941399 127.6532 
  0.9944658 127.0181 
  0.9920452 126.3862 
  0.9030774 125.7574 
  0.8048797 123.8897 
  0.6084332 122.0498 
  0.9500474 121.4426 
  0.9020905 120.8384 
  0.7696566 120.2372 
  0.5794139 120.2372 
  0.3314923 120.8384 
  0.2790483 121.4426 
  0.3537832 122.6601 
  0.3840286 123.8897 
  0.1883311 125.1317 
  0.2229057 126.3862 
  0.3883654 127.6532 
  -0.02955637 128.9329 
  0.01112742 130.2255 
  0.2270077 131.531 
  0.3030988 132.1886 
  0.001296241 131.531 
  0.1405819 130.8766 
  -0.2577296 130.2255 
  0.1399727 129.5776 
  0.6579568 128.9329 
  0.8352732 128.9329 
  0.9342979 128.2915 
  0.9497766 127.6532 
  0.9716746 127.6532 
  0.9570643 128.9329 
  0.9694442 130.2255 
  0.9785379 130.8766 
  0.8905933 130.8766 
  0.7844181 130.2255 
  0.08944827 127.6532 
  0.2012856 127.0181 
  0.6935588 126.3862 
  0.5122356 126.3862 
  0.1710824 126.3862 
  0.1041976 126.3862 
  0.05867606 125.7574 
  0.01245883 125.1317 
  -0.1509102 124.5092 
  0.6874754 123.8897 
  0.7059413 121.4426 
  0.7709775 118.4515 
  0.8881668 115.5342 
  0.9140383 112.6886 
  0.8723275 110.4628 
  0.7945773 109.3664 
  0.2503775 109.3664 
  0.3225009 109.9132 
  0.2962208 110.4628 
  0.2204488 111.0151 
  0.1315265 111.5702 
  0.05468374 112.128 
  -0.0104397 112.6886 
  0.1750681 113.2521 
  0.2319941 113.8184 
  0.278026 114.3874 
  0.08170924 114.9594 
  0.1030799 114.9594 
  0.7539734 113.2521 
  0.8796249 111.5702 
  0.9182976 109.9132 
  0.9837908 108.2809 
  0.9930927 107.7421 
  0.9822177 107.2061 
  0.9829392 106.142 
  0.9958751 105.614 
  0.9928806 105.0885 
  0.9824479 104.5657 
  0.9873034 104.0455 
  0.9818925 103.5278 
  0.9739921 103.0128 
  0.9428712 103.0128 
  0.86209 103.5278 
  0.7497726 104.5657 
  0.6940269 105.614 
  0.8394775 106.6728 
  0.8444352 107.7421 
  0.9270155 108.8223 
  0.949893 109.3664 
  0.9526234 108.8223 
  0.9670315 107.7421 
  0.9499212 107.2061 
  0.9106378 106.6728 
  0.879845 105.0885 
  0.8590621 104.0455 
  0.8485352 102.5003 
  0.6913908 101.9903 
  0.4353648 100.4756 
  0.9836748 100.4756 
  0.9951773 99.97575 
  0.991735 99.47836 
  0.9904003 99.47836 
  0.9895837 99.47836 
  0.991563 99.47836 
  0.9937534 99.47836 
  0.9951242 99.47836 
  0.9880781 99.97575 
  0.9543477 100.978 
  0.9238889 101.9903 
  0.8151896 104.0455 
  0.4165177 106.6728 
  0.7178797 108.2809 
  0.8260582 109.3664 
  0.9261823 109.9132 
  0.8835 111.0151 
  0.411274 115.5342 
  0.343867 119.639 
  0.2836618 125.1317 
  0.6437117 130.8766 
  0.7370307 135.5266 
  0.8612779 140.3417 
  0.8983534 143.1697 
  0.643814 142.4574 
  0.1534731 141.0434 
  0.1265624 139.6435 
  -0.05360953 138.2575 
  -0.0563763 136.2042 
  -0.06681242 134.1814 
  -0.2922507 132.1886 
  -0.2809181 130.2255 
  0.2665184 128.2915 
  0.4151759 126.3862 
  0.0311484 124.5092 
  -0.03543704 122.6601 
  -0.02865185 120.8384 
  0.1140928 119.0438 
  0.1563838 117.2759 
  0.5642902 115.5342 
  0.4292005 111.0151 
  0.5745128 107.2061 
  0.8409042 104.5657 
  0.7665455 102.5003 
  0.7256318 100.4756 
  0.8006073 97.51342 
  0.7441088 96.06523 
  0.1377285 97.02828 
  0.6059309 98.491 
  0.5573201 99.97575 
  0.5259191 101.4829 
  0.2909389 103.0128 
  -0.0850362 104.5657 
  -0.2066037 106.6728 
  0.1741634 108.8223 
  0.02787131 111.0151 
  -0.05546984 113.2521 
  -0.08749977 114.9594 
  -0.009651178 116.6924 
  0.05151583 118.4515 
  0.1223884 120.2372 
  0.1500275 122.0498 
  0.275252 123.8897 
  0.2326199 125.7574 
  0.07462224 127.6532 
  -0.1024284 129.5776 
  0.8365314 132.1886 
  0.7173015 109.9132 
  0.8925972 108.8223 
  0.8335716 107.7421 
  0.9174671 107.2061 
  0.9227965 107.2061 
  0.8997781 105.614 
  0.9505215 104.5657 
  0.977096 104.0455 
  0.9608012 103.5278 
  0.9427353 103.0128 
  0.9276152 103.5278 
  0.9852362 104.0455 
  0.9629878 103.5278 
  0.9362571 103.0128 
  0.9171317 103.0128 
  0.8713269 103.5278 
  0.8241895 104.0455 
  0.4070735 103.5278 
  0.04479104 104.0455 
  -0.1888766 104.5657 
  -0.08656055 105.0885 
  -0.1596452 105.614 
  -0.06587078 106.6728 
  -0.02387789 107.7421 
  -0.06977208 108.2809 
  0.134849 109.3664 
  -0.04758357 110.4628 
  0.3832557 111.5702 
  -0.005531786 112.6886 
  0.04489486 113.2521 
  0.146032 114.3874 
  0.2173942 114.9594 
  0.4750079 115.5342 
  0.2862861 110.4628 
  0.6224092 108.2809 
  0.9673064 107.7421 
  0.9956945 108.2809 
  0.9846284 107.7421 
  0.9834441 107.2061 
  0.9984298 106.6728 
  0.9631839 107.2061 
  0.9830409 107.7421 
  0.9883282 108.2809 
  0.9827896 108.8223 
  0.988444 109.3664 
  0.9796098 109.3664 
  0.9725612 108.8223 
  0.9376344 108.8223 
  0.8975796 109.3664 
  0.7215978 109.9132 
  0.2750671 110.4628 
  0.1277378 111.0151 
  0.1129683 111.5702 
  0.1201311 112.128 
  0.129683 113.2521 
  0.04700815 113.8184 
  0.03645906 114.3874 
  0.01810789 114.9594 
  0.09849729 115.5342 
  0.1091499 116.1118 
  0.699376 116.6924 
  0.359669 117.2759 
  -0.03483084 118.4515 
  -0.3985049 119.0438 
  0.06651109 119.639 
  0.01460655 120.2372 
  0.07283083 120.8384 
  0.08130273 121.4426 
  -0.1733745 122.0498 
  -0.01739871 122.6601 
  0.1042012 123.2734 
  -0.008318034 123.8897 
  0.007543147 124.5092 
  0.03838382 125.1317 
  -0.01547183 125.1317 
  -0.1321942 125.1317 
  -0.06402257 125.1317 
  -0.1663046 125.7574 
  -0.02330374 126.3862 
  0.1657118 127.0181 
  0.02595587 127.0181 
  -0.02372946 127.0181 
  -0.1572393 126.3862 
  0.4560948 125.7574 
  0.2611192 125.7574 
  0.6422482 123.8897 
  0.9450659 123.2734 
  0.9645686 123.2734 
  0.9650987 122.0498 
  0.9846116 121.4426 
  0.9868602 121.4426 
  0.9852528 121.4426 
  0.9818528 122.0498 
  0.9759085 122.6601 
  0.979953 123.2734 
  0.9801925 123.8897 
  0.9831047 123.8897 
  0.9888761 124.5092 
  0.9911524 124.5092 
  0.975713 123.8897 
  0.9670352 123.2734 
  0.9578741 122.6601 
  0.9154661 121.4426 
  0.9013135 119.639 
  0.8792945 118.4515 
  0.9129559 117.2759 
  0.9002657 116.6924 
  0.9298148 114.9594 
  0.9356104 113.2521 
  0.9231957 112.128 
  0.9149128 111.5702 
  0.9327787 109.9132 
  0.9548151 109.3664 
  0.970868 108.8223 
  0.967294 109.3664 
  0.9683702 110.4628 
  0.9462164 112.6886 
  0.9709741 114.9594 
  0.9893082 116.6924 
  0.9914623 117.2759 
  0.9907184 117.2759 
  0.9913457 117.2759 
  0.9913487 117.2759 
  0.994642 117.2759 
  0.9965276 117.2759 
  0.9958292 117.8622 
  0.9947984 117.8622 
  0.9914559 117.2759 
  0.9799166 116.1118 
  0.9589632 114.9594 
  0.9494348 113.2521 
  0.9546708 111.5702 
  0.9684845 109.9132 
  0.9565818 108.2809 
  0.9301586 107.2061 
  0.8471453 106.6728 
  0.5896159 106.6728 
  0.5511225 106.6728 
  0.2298328 106.6728 
  0.1018317 106.6728 
  0.2400867 106.6728 
  -0.004236037 106.6728 
  -0.09556624 106.6728 
  -0.1021972 106.6728 
  -0.2550048 106.6728 
  -0.1917473 106.6728 
  0.1280433 106.6728 
  0.6241472 106.6728 
  0.7565753 106.6728 
  0.02771106 106.6728 
  0.129138 106.6728 
  0.7184066 105.0885 
  0.5737303 103.0128 
  0.6535268 101.9903 
  0.9386581 100.978 
  0.88699 100.4756 
  0.7855899 99.47836 
  0.8421265 98.00098 
  0.8626118 96.54556 
  0.93796 95.11173 
  0.8813326 94.1677 
  0.7818022 93.23304 
  0.7887523 92.7692 
  0.7920936 93.23304 
  0.7286896 92.7692 
  0.6825849 92.30766 
  0.4296113 93.23304 
  0.2754353 94.63854 
  0.1541643 96.06523 
  -0.02673798 97.51342 
  0.1370302 98.98344 
  0.1378287 100.4756 
  0.03741859 101.9903 
  -0.004318899 103.5278 
  -0.1085039 105.0885 
  0.02798449 106.6728 
  -0.2111809 108.8223 
  -0.08004489 110.4628 
  -0.2237182 112.128 
  -0.162484 113.8184 
  0.2888536 115.5342 
  0.7677972 117.2759 
  0.3088055 111.5702 
  0.7499958 111.5702 
  0.8992903 111.5702 
  0.9353207 110.4628 
  0.9187286 109.9132 
  0.9394109 108.8223 
  0.884498 108.8223 
  0.8212805 108.2809 
  0.6056185 107.7421 
  0.9757417 107.2061 
  0.9907289 106.6728 
  0.9808391 106.6728 
  0.9446329 106.6728 
  0.8038051 107.2061 
  0.5360619 108.2809 
  0.2124712 109.3664 
  -0.07366353 110.4628 
  -0.1739419 112.128 
  -0.008635588 113.8184 
  -0.007948921 115.5342 
  0.01913176 116.1118 
  0.1094355 116.1118 
  0.22716 115.5342 
  0.2681627 114.9594 
  0.7323248 114.9594 
  0.8238539 114.3874 
  0.924845 113.8184 
  0.9877192 113.2521 
  0.9249389 112.6886 
  0.8515056 111.0151 
  0.9512712 109.3664 
  0.9747743 108.8223 
  0.984595 108.2809 
  0.9609809 108.2809 
  0.9261732 108.2809 
  0.8605837 108.8223 
  0.8867214 106.6728 
  0.7836128 105.0885 
  -0.1604196 104.5657 
  0.1432 104.5657 
  -0.08599678 104.5657 
  0.00614013 104.5657 
  0.08166213 104.5657 
  -0.001148313 104.5657 
  0.1377166 104.5657 
  0.3727091 104.0455 
  0.3480755 103.5278 
  0.1100938 103.0128 
  0.035376 102.5003 
  -0.006772893 101.9903 
  0.2708399 101.9903 
  0.4778003 101.9903 
  0.9142073 101.9903 
  0.9116843 101.4829 
  0.970162 100.4756 
  0.9484944 99.47836 
  0.9536596 98.491 
  0.8969838 98.00098 
  0.8186819 98.00098 
  0.6309172 98.491 
  0.297776 99.47836 
  0.3747895 100.4756 
  0.309884 101.9903 
  0.3568407 103.5278 
  0.3820414 104.5657 
  0.2858877 105.0885 
  0.06325144 105.0885 
  -0.08703397 105.0885 
  -0.01675301 105.0885 
  0.1738088 105.0885 
  -0.00412719 105.0885 
  -0.03513565 105.0885 
  -0.0427702 105.0885 
  -0.03115725 105.0885 
  -0.02024121 105.0885 
  0.03803438 105.0885 
  0.1007909 105.0885 
  0.171322 105.0885 
  0.2030086 105.0885 
  0.1879587 105.0885 
  0.1429638 105.0885 
  0.196723 105.0885 
  -0.100816 105.0885 
  -0.1157766 105.0885 
  -0.1685122 105.0885 
  0.005042034 105.0885 
  -0.1318425 105.0885 
  -0.1102552 105.0885 
  -0.1347919 105.0885 
  -0.2248791 105.0885 
  -0.09876228 105.0885 
  -0.0957779 105.0885 
  0.1604499 105.0885 
  0.1819261 105.0885 
  0.07564206 105.0885 
  0.2800131 105.0885 
  0.3379191 105.0885 ]
