 [
  0.08898672 198.9809 
  0.04827104 198.9809 
  -0.04054284 198.9809 
  0.03653399 198.9809 
  0.06397087 198.9809 
  0.06305575 198.9809 
  0.06242991 198.9809 
  0.05020155 198.9809 
  0.02939582 198.9809 
  0.1067436 198.9809 
  -0.02074656 198.9809 
  -0.03581458 198.9809 
  0.03002357 198.9809 
  -0.1070437 198.9809 
  -0.1680757 198.9809 
  -0.08429082 198.9809 
  0.2445139 198.9809 
  -0.376757 198.9809 
  -0.1911972 198.9809 
  -0.2274045 198.9809 
  0.2719579 198.9809 
  0.10889 198.9809 
  0.08866035 198.9809 
  -0.1126126 198.9809 
  0.1594269 198.9809 
  0.3294758 198.9809 
  0.2755196 198.9809 
  -0.09467716 198.9809 
  -0.1771989 198.9809 
  -0.0312369 198.9809 
  0.2441285 198.9809 
  0.2601303 198.9809 
  0.245498 198.9809 
  0.2463771 198.9809 
  0.1007639 198.9809 
  -0.06600637 198.9809 
  -0.196062 198.9809 
  0.106936 198.9809 
  0.04575607 198.9809 
  0.1777871 198.9809 
  0.276109 198.9809 
  0.3174537 198.9809 
  0.1543829 198.9809 
  0.09610063 198.9809 
  -0.08367442 198.9809 
  -0.1899256 198.9809 
  -0.2290972 198.9809 
  -0.2728893 198.9809 
  -0.3560448 198.9809 
  0.05200431 198.9809 
  0.04521849 198.9809 
  0.2735237 198.9809 
  0.2280426 198.9809 
  0.1002924 198.9809 
  0.4881847 198.9809 
  -0.05586701 198.9809 
  0.1390643 198.9809 
  0.4074911 198.9809 
  -0.1157169 198.9809 
  -0.04973327 198.9809 
  0.08305547 198.9809 
  -0.1836471 198.9809 
  0.5919144 187.4211 
  0.8271099 190.2465 
  0.8882366 195.0505 
  0.9554732 199.9758 
  0.9717494 204.0054 
  0.9583903 207.0808 
  0.9651229 211.2535 
  0.9683998 214.4382 
  0.9542774 216.5879 
  0.89971 219.853 
  0.8405091 233.4131 
  0.9753834 246.5766 
  0.9923726 254.067 
  0.9997758 257.8971 
  0.9994897 257.8971 
  0.9721752 259.1866 
  0.9606931 259.1866 
  0.9669061 256.614 
  0.9388824 252.8029 
  0.9448023 249.0485 
  0.9287415 246.5766 
  0.8235896 245.3498 
  0.4919057 247.8095 
  0.7266629 250.2938 
  0.001382736 254.067 
  0.3467914 256.614 
  8.189678e-05 259.1866 
  0.01177792 261.7849 
  0.3010959 265.7313 
  0.1794087 267.06 
  0.1026383 269.7372 
  0.2173511 273.8036 
  0.2502834 272.4414 
  0.2863833 267.06 
  0.6346475 257.8971 
  0.7985529 247.8095 
  0.8424845 242.9146 
  0.9055304 234.5801 
  0.9633683 228.8026 
  0.9869682 225.4046 
  0.9879502 224.2832 
  0.9843029 224.2832 
  0.9842315 223.1673 
  0.9818549 223.1673 
  0.984439 222.057 
  0.9868789 222.057 
  0.9915646 222.057 
  0.9955589 220.9523 
  0.9986405 220.9523 
  0.9994349 220.9523 
  0.9990437 220.9523 
  0.9938973 219.853 
  0.9844797 218.7592 
  0.9687266 216.5879 
  0.8482242 211.2535 
  0.7815388 204.0054 
  0.7510743 197.0059 
  0.6126781 190.2465 
  0.7782261 182.8051 
  0.833932 179.1942 
  0.9328332 176.533 
  0.9356993 177.4156 
  0.9595783 179.1942 
  0.9534981 180.0902 
  0.8299844 181.8956 
  0.8659449 184.6377 
  0.8852005 186.4887 
  0.8273524 185.5609 
  0.7297928 187.4211 
  0.6222436 189.3 
  0.7729419 190.2465 
  0.8933125 190.2465 
  0.9059908 190.2465 
  0.7405446 190.2465 
  0.4407979 191.1978 
  -0.03298259 192.1537 
  0.01454309 193.1145 
  0.5755062 193.1145 
  0.7995412 189.3 
  0.9083107 186.4887 
  0.9283629 182.8051 
  0.8676834 180.0902 
  0.8542264 174.7808 
  0.7620849 170.476 
  0.4467072 170.476 
  0.03691873 171.3284 
  0.02310452 172.185 
  0.194764 173.046 
  -0.02692068 173.9112 
  -0.08312555 174.7808 
  -0.0259567 175.6547 
  0.2330211 176.533 
  0.3195718 177.4156 
  0.3412868 178.3027 
  0.09800169 179.1942 
  0.7956844 180.0902 
  0.8693786 177.4156 
  0.9620013 174.7808 
  0.9857215 173.046 
  0.9895186 171.3284 
  0.9891276 170.476 
  0.9947453 169.6279 
  0.9669027 170.476 
  0.9445191 171.3284 
  0.8889928 171.3284 
  0.8319383 170.476 
  0.9160479 171.3284 
  0.9702786 173.046 
  0.9829679 174.7808 
  0.9946522 176.533 
  0.9986277 177.4156 
  0.9994888 177.4156 
  0.998338 177.4156 
  0.9857563 179.1942 
  0.3752425 181.8956 
  0.8310618 178.3027 
  0.9155874 179.1942 
  0.9911957 179.1942 
  0.9834055 179.1942 
  0.958492 180.0902 
  0.9162133 180.9906 
  0.8046457 181.8956 
  0.6852672 176.533 
  0.2286612 174.7808 
  -0.05275753 173.046 
  -0.09672108 171.3284 
  -0.02019092 169.6279 
  0.008426854 167.9442 
  -0.08896035 166.2773 
  0.06860726 164.6269 
  0.3605671 162.9929 
  0.2336781 161.3751 
  0.1200454 159.7734 
  -0.2256001 158.1876 
  0.2204795 156.6175 
  0.1512807 155.063 
  0.2276696 154.2915 
  -0.05886736 158.1876 
  0.6131471 164.6269 
  0.5135159 167.1087 
  0.19923 172.185 
  0.2904112 176.533 
  0.3906291 191.1978 
  0.665379 196.0257 
  0.9528666 197.0059 
  0.9143299 195.0505 
  0.9301655 192.1537 
  0.9516778 189.3 
  0.9718047 188.3582 
  0.979403 187.4211 
  0.9735856 187.4211 
  0.9445784 186.4887 
  0.8691291 185.5609 
  0.7226355 181.8956 
  0.7596691 182.8051 
  0.9246013 183.7191 
  0.8972488 184.6377 
  0.7402348 186.4887 
  0.8465205 187.4211 
  0.7764029 183.7191 
  0.6652752 179.1942 
  0.8411741 171.3284 
  0.9018235 166.2773 
  0.8397285 162.9929 
  0.661727 162.182 
  -0.2565332 162.182 
  -0.1194197 162.182 
  0.6364188 162.182 
  0.3673984 162.182 
  -0.02439049 162.182 
  0.04458327 162.182 
  -0.08442541 162.182 
  -0.07523388 162.182 
  -0.04172865 162.182 
  0.0703713 162.182 
  0.2385061 162.182 
  0.2862511 162.182 
  0.1580636 162.182 
  0.3263728 162.182 
  0.7572083 164.6269 
  0.7652869 161.3751 
  0.8731655 157.4006 
  0.9228936 153.5239 
  0.906294 151.2439 
  0.9376878 148.2564 
  0.9261541 145.328 
  0.9539813 142.4574 
  0.9503267 140.3417 
  0.8971236 136.8852 
  0.7865862 133.5138 
  0.6171011 129.5776 
  0.04529567 129.5776 
  -0.1307292 132.1886 
  0.2554973 132.1886 
  -0.01764071 132.1886 
  -0.02161873 132.1886 
  -0.1698214 132.1886 
  -0.4692629 132.1886 
  -0.03887532 132.1886 
  -0.1014811 132.1886 
  -0.0656141 132.1886 
  0.09016229 132.1886 
  0.08175582 132.1886 
  -0.006118326 132.1886 
  0.08621743 132.1886 
  -0.04969201 132.1886 
  -0.08174798 132.1886 
  -0.07479299 132.1886 
  -0.1595697 132.1886 
  0.05922053 132.1886 
  0.04050275 132.1886 
  -0.04945299 132.1886 
  -0.1783371 132.1886 
  0.04054296 132.1886 
  0.08115126 132.1886 
  0.5167953 132.1886 
  0.2961534 132.1886 
  -0.0251709 132.1886 
  -0.1914998 132.1886 
  -0.1645117 132.1886 
  -0.115793 132.1886 ]
