 [
  -0.1477838 232.2518 
  0.1900243 232.2518 
  0.06550413 232.2518 
  0.02764754 232.2518 
  0.1756005 232.2518 
  0.726138 232.2518 
  0.6594856 232.2518 
  0.6549146 232.2518 
  0.7705649 232.2518 
  -0.09150795 232.2518 
  0.4391047 231.0963 
  0.8458849 231.0963 
  0.932151 229.9466 
  0.9534771 226.5316 
  0.9823367 220.9523 
  0.9915929 215.5104 
  0.9980044 211.2535 
  0.9994338 210.2025 
  0.9996424 210.2025 
  0.9995204 210.2025 
  0.9983454 209.1568 
  0.9894912 208.1162 
  0.9869275 208.1162 
  0.8426298 210.2025 
  0.8686251 212.3098 
  0.9469528 214.4382 
  0.9853951 215.5104 
  0.9967122 215.5104 
  0.9965975 214.4382 
  0.9972337 213.3714 
  0.997061 213.3714 
  0.9968509 214.4382 
  0.995573 213.3714 
  0.9966732 211.2535 
  0.9966843 210.2025 
  0.9966024 210.2025 
  0.9955515 211.2535 
  0.9977561 212.3098 
  0.9981089 213.3714 
  0.9954603 214.4382 
  0.9954545 215.5104 
  0.9967029 216.5879 
  0.9749979 216.5879 
  0.9559076 216.5879 
  0.8392485 218.7592 
  0.7491312 220.9523 
  0.2134527 224.2832 
  0.1264372 226.5316 
  0.3805095 228.8026 
  0.04466079 231.0963 
  0.6818044 232.2518 
  0.8413346 223.1673 
  0.9390457 219.853 
  0.9617086 216.5879 
  0.9822369 214.4382 
  0.9941692 213.3714 
  0.9897674 214.4382 
  0.9700441 217.6709 
  0.9623481 220.9523 
  0.9621867 224.2832 
  0.958774 227.6642 
  0.9476577 232.2518 
  0.9530553 234.5801 
  0.4758604 236.9318 
  -0.08043247 239.307 
  -0.04703664 241.7061 
  0.1345164 242.9146 
  0.2140124 245.3498 
  0.2183859 247.8095 
  0.02155607 250.2938 
  -0.07666036 252.8029 
  -0.09262813 255.3373 
  -0.07137006 257.8971 
  0.07425608 260.4825 
  0.8282285 263.0938 
  0.9130228 257.8971 
  0.9112723 251.5452 
  0.9784184 246.5766 
  0.9967448 242.9146 
  0.9992719 241.7061 
  0.9962455 239.307 
  0.9952505 236.9318 
  0.9947199 235.753 
  0.9948289 233.4131 
  0.9956678 231.0963 
  0.9424876 229.9466 
  0.8870367 228.8026 
  0.6515091 224.2832 
  0.9793475 222.057 
  0.9796398 222.057 
  0.9854504 222.057 
  0.9906789 222.057 
  0.9619636 222.057 
  0.1831587 222.057 
  -0.08355407 224.2832 
  0.5368622 227.6642 
  0.7099806 222.057 
  0.9637547 216.5879 
  0.9530048 213.3714 
  0.9660776 210.2025 
  0.9839504 207.0808 
  0.9873971 206.0505 
  0.9912654 205.0254 
  0.9823714 202.9904 
  0.9803626 201.9805 
  0.9861405 200.9756 
  0.9814579 199.9758 
  0.9880955 199.9758 
  0.9843033 198.9809 
  0.9851089 198.9809 
  0.9867916 197.9909 
  0.9921592 197.9909 
  0.9931123 197.9909 
  0.9872813 197.9909 
  0.9675189 199.9758 
  0.9519946 201.9805 
  0.9535955 204.0054 
  0.9216131 205.0254 
  0.9622829 206.0505 
  0.9165078 207.0808 
  0.6544368 208.1162 
  -0.1042663 208.1162 
  -0.07938087 208.1162 
  0.03723589 208.1162 
  0.2049651 209.1568 
  0.05751348 211.2535 
  -0.01968137 215.5104 
  -0.4884026 222.057 
  0.7871546 228.8026 
  0.8051279 234.5801 
  0.9013439 236.9318 
  0.9166171 233.4131 
  0.8836231 226.5316 
  0.8439329 217.6709 
  0.9151769 211.2535 
  0.9872224 206.0505 
  0.9233046 206.0505 
  0.8654236 206.0505 
  0.6070096 206.0505 
  0.9175918 206.0505 
  0.9112459 207.0808 
  0.9123665 209.1568 
  0.9466694 212.3098 
  0.9398454 215.5104 
  0.5115653 218.7592 
  -0.1326431 222.057 
  0.1137589 226.5316 
  0.4716182 231.0963 
  0.9061705 227.6642 
  0.9535168 226.5316 
  0.994104 225.4046 
  0.9928638 223.1673 
  0.9950943 220.9523 
  0.9959451 218.7592 
  0.9930468 217.6709 
  0.9921649 215.5104 
  0.9972104 214.4382 
  0.9997758 214.4382 
  0.9997014 214.4382 
  0.9998651 214.4382 
  0.999576 214.4382 
  0.9986903 214.4382 
  0.9940792 214.4382 
  0.9813077 214.4382 
  0.3954876 213.3714 
  0.1203301 211.2535 
  0.1765776 208.1162 
  0.6131976 201.9805 
  0.7988222 197.9909 
  0.9699688 194.0801 
  0.9773536 192.1537 
  0.9885312 190.2465 
  0.9942634 189.3 
  0.9949703 189.3 
  0.9895858 189.3 
  0.9608291 190.2465 
  0.916524 191.1978 
  0.7825074 191.1978 
  0.8526872 190.2465 
  0.8202994 189.3 
  0.3799872 187.4211 
  0.6290787 185.5609 
  0.05336819 183.7191 
  0.2810476 181.8956 
  0.3598702 182.8051 
  0.7000124 184.6377 
  0.95025 184.6377 
  0.9700991 182.8051 
  0.9566194 182.8051 
  0.962 182.8051 
  0.9734472 183.7191 
  0.9660621 184.6377 
  0.9652174 186.4887 
  0.9741707 189.3 
  0.9648672 188.3582 
  0.967815 186.4887 
  0.9863223 184.6377 
  0.9873928 183.7191 
  0.987483 183.7191 
  0.9859808 183.7191 
  0.9861253 183.7191 
  0.9541076 184.6377 
  0.9132216 184.6377 
  0.8128814 184.6377 
  0.8768139 184.6377 
  0.8488142 183.7191 
  0.1308945 182.8051 
  0.4815917 181.8956 
  0.2031075 180.9906 
  -0.3294804 180.0902 
  0.0003337525 179.1942 
  0.06500345 178.3027 
  0.08603615 178.3027 
  0.3295789 178.3027 
  -0.02360589 178.3027 
  -0.5167231 178.3027 
  -0.5116705 178.3027 
  -0.5147297 178.3027 
  -0.2819641 178.3027 
  -0.1216011 178.3027 
  -0.1245738 178.3027 
  -0.04419198 178.3027 
  -0.119474 178.3027 
  0.05233724 178.3027 
  0.1125505 178.3027 ]
