 [
  -0.001442757 132.1886 
  -0.01166605 132.1886 
  0.2807606 132.1886 
  0.3910964 132.1886 
  0.5986573 132.1886 
  0.8600483 132.1886 
  0.5631526 132.1886 
  0.4198284 132.1886 
  0.3837309 132.1886 
  0.5710224 131.531 
  0.6116435 131.531 
  -0.06489632 131.531 
  0.3460602 130.2255 
  0.5572609 121.4426 
  0.5798231 127.6532 
  0.7563823 128.9329 
  0.9673734 130.2255 
  0.9394226 129.5776 
  0.9367922 128.2915 
  0.9630594 127.0181 
  0.949118 127.0181 
  0.8863045 125.7574 
  0.7992923 124.5092 
  0.8483617 124.5092 
  0.9892575 125.1317 
  0.9896389 123.8897 
  0.9858496 122.6601 
  0.9926026 120.8384 
  0.9980116 120.2372 
  0.9934121 120.2372 
  0.9926693 120.2372 
  0.9958928 119.639 
  0.9997143 119.639 
  0.9980277 119.639 
  0.9939665 120.2372 
  0.9227371 122.6601 
  0.6864433 127.6532 
  0.8791894 127.6532 
  0.9234857 128.9329 
  0.9574667 130.2255 
  0.9860272 131.531 
  0.972951 133.5138 
  0.9780874 134.8523 
  0.9637573 136.8852 
  0.9524692 138.9488 
  0.9686826 141.7487 
  0.9767149 143.8855 
  0.9756432 146.0546 
  0.9829491 148.2564 
  0.9947954 148.9977 
  0.9945053 149.7427 
  0.9944004 148.9977 
  0.9974309 149.7427 
  0.9977331 148.9977 
  0.9949582 149.7427 
  0.9786245 148.9977 
  0.8791618 148.2564 
  0.5995206 147.5188 
  -0.1382272 145.328 
  0.09649041 142.4574 
  0.1778955 139.6435 
  0.3460008 137.5696 
  0.04117755 135.5266 
  0.3171739 133.5138 
  -0.01225773 131.531 
  -0.01624313 128.9329 
  0.004608485 127.6532 
  0.04715091 126.3862 
  0.1471667 125.7574 
  0.2317793 125.1317 
  -0.2341425 123.8897 
  0.5975283 121.4426 
  0.5390223 138.2575 
  0.7657974 138.2575 
  0.9607854 136.8852 
  0.9213579 134.8523 
  0.8779969 132.1886 
  0.7773841 127.6532 
  0.8714585 120.2372 
  0.9241675 117.8622 
  0.9103577 119.0438 
  0.9056708 121.4426 
  0.8980675 121.4426 
  0.8519897 121.4426 
  0.8100632 119.0438 
  0.5927331 115.5342 
  -0.1825561 115.5342 
  0.3084611 116.1118 
  -0.05248084 116.1118 
  0.343295 116.6924 
  0.05248655 116.6924 
  0.02151151 117.2759 
  -0.1202329 117.2759 
  -0.1770888 117.2759 
  -0.0313903 117.2759 
  -0.02782545 117.2759 
  0.2550513 117.2759 
  0.06730516 117.2759 
  0.6063235 122.0498 
  0.5540789 131.531 
  0.9416903 132.1886 
  0.9736602 132.1886 
  0.947874 131.531 
  0.9614649 130.2255 
  0.9159461 128.9329 
  0.8686858 128.2915 
  0.8315176 125.7574 
  0.9095724 125.7574 
  0.9082481 123.8897 
  0.8071265 122.0498 
  0.2910956 120.2372 
  0.02457862 117.8622 
  -0.02888289 115.5342 
  0.006815564 114.3874 
  -0.00191753 113.2521 
  0.03645564 111.5702 
  0.05995444 110.4628 
  -0.09411343 108.2809 
  0.2581567 106.6728 
  0.04614895 105.614 
  0.4111301 104.5657 
  0.7329481 106.142 
  0.9132771 105.614 
  0.9676601 105.0885 
  0.9631606 103.5278 
  0.9662416 102.5003 
  0.906655 100.978 
  0.9553834 99.97575 
  0.9694834 100.4756 
  0.9813088 101.4829 
  0.9647981 102.5003 
  0.9843276 103.0128 
  0.9721576 103.0128 
  0.963634 103.0128 
  0.9374983 103.0128 
  0.8864263 103.0128 
  0.6045995 103.5278 
  0.2049811 104.0455 
  0.4985582 104.5657 
  0.3099643 105.0885 
  0.1024171 105.614 
  0.01498751 106.142 
  0.09317005 106.6728 
  0.09842934 107.2061 
  -0.09329237 107.7421 
  -0.3127081 108.2809 
  -0.09911555 108.8223 
  -0.04468606 109.3664 
  -0.1487025 109.9132 
  -0.1584183 111.0151 
  -0.1220961 112.128 
  0.1710538 112.6886 
  0.1878197 113.2521 
  0.1652366 113.8184 
  0.2469718 114.3874 
  0.03009678 114.9594 
  0.01311246 115.5342 
  0.1058093 116.1118 
  0.6268708 116.1118 
  0.7798435 118.4515 
  0.9313729 119.0438 
  0.9630123 119.0438 
  0.9598122 117.8622 
  0.9293907 116.1118 
  0.9104238 113.8184 
  0.9303336 112.128 
  0.9157754 110.4628 
  0.948853 109.3664 
  0.9868816 108.8223 
  0.990521 108.2809 
  0.9770706 108.2809 
  0.9708774 107.7421 
  0.9636924 107.2061 
  0.9587185 107.7421 
  0.9647917 107.2061 
  0.9789342 107.2061 
  0.9573769 107.2061 
  0.8338214 106.142 
  0.691765 104.0455 
  0.7455931 100.4756 
  0.4287696 99.97575 
  0.09069325 102.5003 
  0.05179781 105.0885 
  0.009955456 107.7421 
  -0.07155409 110.4628 
  0.2808412 112.6886 
  0.134311 114.3874 
  0.01293016 116.1118 
  0.03078292 117.8622 
  0.1488937 119.639 
  -0.08670336 120.8384 
  0.2758603 122.6601 
  0.3614383 124.5092 
  0.7250003 128.2915 
  0.8442627 125.1317 
  0.9702981 123.8897 
  0.987346 123.8897 
  0.9866408 123.2734 
  0.9878421 122.6601 
  0.9882557 122.0498 
  0.9892253 121.4426 
  0.9850178 120.8384 
  0.9710394 120.2372 
  0.9561347 119.0438 
  0.8730299 117.8622 
  0.8470509 116.1118 
  0.5528469 114.3874 
  0.8876411 113.2521 
  0.8018054 112.128 
  -0.2700218 110.4628 
  0.3736306 108.8223 
  0.2722797 107.2061 
  -0.01996515 105.614 
  0.05064928 104.5657 
  -0.08509658 103.5278 
  0.028499 102.5003 
  0.03931075 101.9903 
  0.1446752 102.5003 
  0.2288618 102.5003 
  0.2828108 103.0128 
  0.08731309 103.5278 
  0.1101902 104.5657 
  0.3485443 106.142 
  0.1861867 109.9132 
  0.5725406 104.0455 
  0.9254914 103.0128 
  0.9602346 102.5003 
  0.9427882 101.4829 
  0.9233704 100.978 
  0.9494641 99.97575 
  0.9136924 100.4756 
  0.9705507 100.978 
  0.9806088 100.978 
  0.9781965 100.978 
  0.9749582 100.978 
  0.9767607 101.4829 
  0.9347845 100.978 
  0.9026629 99.47836 
  0.8696998 98.491 
  0.6223764 98.491 
  0.2923524 99.47836 
  0.1493852 99.97575 
  -0.07778127 100.4756 
  0.01202422 100.978 
  -0.01725005 101.4829 
  0.2995558 101.9903 
  -0.1006649 102.5003 
  -0.1907061 103.5278 
  -0.0403017 104.5657 
  0.04797687 105.614 
  0.16546 106.142 
  -0.06991214 106.6728 
  0.06103518 107.2061 
  0.08500554 107.7421 
  0.1036298 108.8223 
  0.2159155 109.9132 
  0.06603555 111.5702 
  0.150095 112.6886 
  0.6572992 116.6924 
  0.8247216 117.2759 
  0.9777961 117.2759 
  0.9876568 116.6924 
  0.9684848 116.1118 
  0.9645757 114.9594 
  0.9812155 113.8184 
  0.945201 112.6886 
  0.9265243 111.5702 
  0.9178715 109.9132 
  0.8802512 108.8223 
  0.8444597 107.2061 
  0.956651 105.614 
  0.926167 104.0455 
  0.9410237 102.5003 
  0.9477876 100.978 
  0.9060768 99.97575 
  0.9360641 99.47836 
  0.9288235 98.98344 
  0.7920809 98.491 
  0.791309 97.51342 
  0.7094113 96.06523 
  0.7832958 95.11173 
  0.7211254 93.6992 
  0.7076848 92.30766 
  0.7044884 90.93677 
  0.7831928 90.03418 
  0.9002815 89.58624 
  0.9390943 89.58624 
  0.9577478 89.58624 
  0.9666119 89.58624 
  0.9530095 89.58624 
  0.9489357 89.58624 
  0.9122723 89.58624 
  0.6999658 89.58624 
  0.239851 89.58624 
  0.232967 89.58624 
  0.09094195 89.58624 
  -0.07565339 89.58624 
  -0.0874758 89.58624 
  -0.058465 89.58624 
  -0.01026824 89.58624 
  0.04440729 89.58624 
  0.09648542 90.03418 
  0.1046958 90.48434 
  0.0752117 90.93677 
  0.1361169 91.84841 
  0.2201967 92.30766 
  0.1803945 92.7692 
  0.1682458 93.23304 
  0.05169796 93.23304 
  0.2949858 93.23304 
  0.1789305 93.23304 
  0.06599839 93.23304 
  0.07619411 93.23304 
  -0.1454328 93.23304 
  -0.2178895 93.23304 
  -0.1962902 93.23304 
  -0.2079345 93.23304 
  -0.3987829 93.23304 
  -0.3796475 93.23304 
  -0.1390169 93.23304 ]
