 [
  0.6625957 136.8852 
  0.6790478 136.8852 
  0.498532 136.8852 
  0.3102607 136.8852 
  0.156426 136.8852 
  0.01780108 136.8852 
  -0.03500401 136.8852 
  -0.08999723 137.5696 
  -0.07366811 138.2575 
  -0.1445494 138.9488 
  -0.02245265 139.6435 
  0.004015151 140.3417 
  0.09146904 141.0434 
  0.5405404 141.7487 
  0.7569514 136.2042 
  0.8850645 135.5266 
  0.9898126 135.5266 
  0.9940358 136.2042 
  0.9957277 136.2042 
  0.9934352 136.8852 
  0.9816446 138.2575 
  0.9776347 138.9488 
  0.9714014 141.0434 
  0.9696217 142.4574 
  0.9497904 144.605 
  0.9332623 145.328 
  0.8975255 146.0546 
  0.8892079 146.7849 
  0.9126146 146.7849 
  0.9421029 148.2564 
  0.9561905 149.7427 
  0.9665785 151.2439 
  0.9815668 152.0001 
  0.9932501 152.7601 
  0.976841 152.0001 
  0.9561015 149.7427 
  0.9329381 148.2564 
  0.8398269 146.7849 
  0.4094386 143.8855 
  0.3514494 145.328 
  0.3682112 147.5188 
  0.1006169 149.7427 
  -0.2414868 152.0001 
  -0.1015969 154.2915 
  0.4315098 156.6175 
  0.4222658 158.1876 
  0.6908876 158.1876 
  0.9053295 156.6175 
  0.9137484 155.8383 
  0.8585777 151.2439 
  0.8892517 146.7849 
  0.9516109 143.1697 
  0.952455 140.3417 
  0.9658264 138.2575 
  0.9656981 136.2042 
  0.9640746 134.8523 
  0.9783908 134.1814 
  0.987743 133.5138 
  0.9880953 133.5138 
  0.9893844 132.8496 
  0.9846503 132.8496 
  0.685108 132.8496 
  0.7450722 132.1886 
  0.864974 130.8766 
  0.9510081 130.2255 
  0.9795617 129.5776 
  0.9863105 128.9329 
  0.9938331 128.2915 
  0.9951751 128.2915 
  0.9963826 128.2915 
  0.9951581 128.9329 
  0.9937704 128.9329 
  0.9822666 129.5776 
  0.9768785 129.5776 
  0.9695534 130.2255 
  0.8691056 130.2255 
  0.8063228 129.5776 
  0.5885348 129.5776 
  0.9947724 130.8766 
  0.9907342 130.2255 
  0.9913571 129.5776 
  0.9935192 128.9329 
  0.969732 127.6532 
  0.9747248 126.3862 
  0.9685813 125.7574 
  0.9206764 125.1317 
  0.8226966 125.1317 
  0.6355106 125.7574 
  0.2310229 127.0181 
  0.05227176 128.2915 
  0.1152032 129.5776 
  0.7425329 131.531 
  0.6473764 131.531 
  0.671367 124.5092 
  0.8768647 122.6601 
  0.9051924 121.4426 
  0.9111921 119.639 
  0.9261855 118.4515 
  0.961282 116.6924 
  0.9761485 116.1118 
  0.9852475 116.1118 
  0.985792 116.6924 
  0.9888593 116.6924 
  0.9908118 117.2759 
  0.9846911 117.8622 
  0.9838722 118.4515 
  0.987718 119.0438 
  0.974671 120.2372 
  0.9868214 120.2372 
  0.9740759 120.2372 
  0.9480674 119.639 
  0.8824283 120.2372 
  0.9761602 122.0498 
  0.9906909 122.0498 
  0.9940361 122.0498 
  0.9820543 122.0498 
  0.9022148 123.2734 
  0.8755358 123.2734 
  0.8057498 120.8384 
  0.8792213 119.0438 
  0.9687071 118.4515 
  0.9744254 118.4515 
  0.9612247 119.0438 
  0.9513367 120.8384 
  0.978135 121.4426 
  0.9801708 122.0498 
  0.9471643 122.0498 
  0.9369667 121.4426 
  0.9380448 120.8384 
  0.9132557 120.8384 
  0.9155217 120.8384 
  0.946119 120.8384 
  0.9735234 120.8384 
  0.9407186 120.2372 
  0.9013265 119.639 
  0.9028416 118.4515 
  0.9780104 118.4515 
  0.9973428 119.0438 
  0.9946177 118.4515 
  0.9834201 118.4515 
  0.8505447 117.8622 
  0.7979365 114.9594 
  0.8719555 113.2521 
  0.985916 112.128 
  0.9644639 111.0151 
  0.9210854 109.9132 
  0.8901162 108.2809 
  0.8559749 106.6728 
  0.9395679 106.142 
  0.9137462 106.6728 
  0.8844868 108.2809 
  0.8988153 110.4628 
  0.8726267 112.6886 
  0.8732757 114.3874 
  0.9230741 116.1118 
  0.9642993 116.6924 
  0.9883964 116.6924 
  0.9918355 117.2759 
  0.9729539 117.2759 
  0.9447969 116.6924 
  0.9574469 115.5342 
  0.9675354 114.9594 
  0.9711365 115.5342 
  0.9887702 116.1118 
  0.9464396 116.6924 
  0.9529672 117.2759 
  0.9757873 117.8622 
  0.9755248 117.2759 
  0.9721206 116.6924 
  0.9778603 116.1118 
  0.9588015 114.9594 
  0.8803583 113.8184 
  0.8193704 112.128 
  0.5462552 109.9132 
  0.6848996 108.8223 
  0.9288552 108.2809 
  0.9012491 107.7421 
  0.861833 107.2061 
  0.4786791 106.6728 
  0.6655334 106.142 
  0.3140967 105.614 
  0.692705 108.2809 
  0.758558 107.7421 
  0.886924 107.2061 
  0.9488394 106.142 
  0.9367838 105.614 
  0.9497178 104.5657 
  0.9822675 104.0455 
  0.9862202 104.0455 
  0.9859806 104.0455 
  0.9734682 103.0128 
  0.9742839 103.0128 
  0.9876837 103.5278 
  0.9906749 103.0128 
  0.9920145 103.0128 
  0.9916897 103.0128 
  0.9749842 103.0128 
  0.9072197 104.5657 
  0.8495083 106.6728 
  0.8681563 108.8223 
  0.9021595 110.4628 
  0.8895083 111.5702 
  0.8490247 111.5702 
  0.6937094 111.5702 
  -0.3195934 111.5702 
  -0.005035772 111.5702 
  -0.06053049 111.5702 
  -0.1175577 112.128 
  -0.1229911 112.6886 
  -0.1000003 113.2521 
  0.06663516 113.8184 
  0.02890356 114.3874 
  0.5824668 114.9594 
  0.3646125 115.5342 
  0.2363596 115.5342 
  0.5145817 116.1118 
  0.8471633 117.2759 
  0.8774176 116.1118 
  0.8027096 113.2521 
  0.8460128 110.4628 
  0.919026 108.8223 
  0.9011824 108.2809 
  0.9027935 107.7421 
  0.9197635 108.2809 
  0.9259831 107.7421 
  0.8065259 107.2061 
  0.6444237 107.2061 
  0.1827106 108.2809 
  0.1109737 109.3664 
  0.2537598 111.0151 
  -0.01025424 112.128 
  0.09635414 113.2521 
  -0.08531 114.3874 
  -0.2355128 116.1118 
  0.01581404 117.8622 
  0.02863666 119.639 
  -0.04124067 121.4426 
  0.003216465 123.2734 
  -0.1462513 125.1317 
  0.2935568 127.0181 
  0.5320668 128.9329 
  0.8005401 128.2915 
  0.9738203 128.2915 
  0.9762897 127.6532 
  0.8699667 127.0181 
  0.7483324 124.5092 
  0.523404 124.5092 
  0.6654783 125.1317 
  0.1336194 125.7574 
  0.7583302 126.3862 
  0.9090257 125.7574 
  0.9651992 125.1317 
  0.9907994 124.5092 
  0.9906449 123.8897 
  0.990788 123.2734 
  0.9782524 124.5092 
  0.9719085 125.7574 
  0.9675344 126.3862 
  0.8244311 127.6532 
  0.6226922 128.9329 
  0.1842726 122.0498 
  0.1224009 117.8622 
  0.2082013 116.6924 
  0.5532784 114.3874 
  0.7476408 115.5342 
  0.8518866 114.9594 
  0.7165429 112.6886 
  0.8439924 109.9132 
  0.9399762 108.8223 
  0.9425628 109.3664 
  0.9399568 109.3664 
  0.9723042 109.9132 
  0.9723441 110.4628 
  0.9783952 111.0151 
  0.944118 111.5702 
  0.9341667 112.6886 
  0.9723756 113.2521 
  0.961229 113.2521 
  0.9299949 113.2521 
  0.8664024 112.6886 
  0.7949501 112.6886 
  0.7676272 111.5702 
  0.5947472 111.0151 
  0.2500911 111.5702 
  0.1178055 112.128 
  0.5635648 112.6886 
  0.4590401 113.2521 
  0.1610225 113.8184 
  0.05288851 114.9594 
  0.05234323 115.5342 
  0.04573002 116.1118 
  -0.1635267 116.6924 
  -0.2556903 117.2759 
  -0.07216064 117.8622 
  0.3254564 117.8622 
  0.6928352 114.3874 
  0.8176257 112.6886 
  0.9672202 111.5702 
  0.9853846 111.0151 
  0.9382419 110.4628 
  0.94108 108.8223 
  0.9800799 107.7421 
  0.9805511 107.2061 
  0.9821566 106.6728 
  0.9856115 105.614 
  0.9929912 105.614 
  0.9874738 105.614 
  0.9878463 106.6728 
  0.9885247 106.6728 
  0.9903518 107.2061 
  0.9847416 107.2061 
  0.9821925 107.2061 
  0.9806681 107.2061 
  0.9859304 107.7421 
  0.9683428 107.2061 
  0.9364709 106.6728 
  0.8937327 105.0885 
  0.8171512 101.9903 
  0.7193685 99.97575 
  0.4918049 99.47836 
  0.2259244 99.47836 
  0.3690001 99.97575 
  0.1766928 99.97575 
  0.03066586 100.4756 
  0.2598873 100.978 
  0.2448352 100.978 
  -0.007939963 100.978 
  0.1954937 101.4829 
  0.1721656 101.9903 
  0.1099655 102.5003 
  -0.01556753 102.5003 
  -0.0200335 103.0128 
  -0.1147721 103.0128 
  -0.0359762 103.5278 
  0.1242537 104.0455 
  0.3941792 104.5657 
  0.09405809 105.0885 
  -0.02739915 105.614 
  -0.1605031 106.142 
  -0.1538462 106.6728 
  0.3210815 107.2061 
  0.2766638 107.7421 
  0.5974931 108.2809 
  0.6985497 107.7421 
  0.8055978 106.142 
  0.7978465 105.614 
  0.7097003 105.614 
  0.9536284 106.142 
  0.9586741 106.6728 
  0.9619256 107.2061 
  0.9275451 108.2809 
  0.6455742 109.9132 
  0.8312836 111.0151 
  0.9247037 111.0151 
  0.9522336 110.4628 
  0.9267093 108.8223 
  0.8597097 107.7421 
  0.717231 106.6728 
  -0.342855 106.142 
  0.1531555 105.614 
  0.3783641 105.0885 
  0.1990828 104.5657 
  0.0868564 104.0455 
  -0.0990462 103.5278 
  0.184456 103.5278 
  0.1077446 103.5278 
  0.05407302 104.5657 
  -0.03331934 105.614 
  0.128668 106.6728 
  0.2664435 107.7421 
  0.5962201 108.8223 
  0.6834177 108.8223 
  0.8182384 108.8223 
  0.8857484 109.3664 
  0.9782746 110.4628 
  0.9846247 110.4628 
  0.9935645 111.0151 
  0.993157 110.4628 
  0.9993841 110.4628 
  0.9957616 110.4628 
  0.979323 111.0151 
  0.9683728 111.5702 
  0.9581127 111.5702 
  0.8182935 111.5702 
  0.7176326 111.5702 
  -0.0227762 111.5702 
  -0.2515247 111.5702 
  -0.02458701 111.5702 
  -0.2217279 111.5702 
  0.04078699 111.0151 
  -0.0522999 111.0151 
  -0.09259222 110.4628 
  -0.2842448 109.9132 
  -0.06902284 109.3664 
  0.3013099 108.8223 
  0.2702807 108.2809 
  -0.08620617 107.7421 
  0.6499804 107.7421 
  0.8260686 107.7421 
  0.9761608 107.7421 
  0.9729457 107.2061 
  0.9775227 106.6728 
  0.9730948 106.142 
  0.9661661 106.142 
  0.9363119 106.142 
  0.95788 107.2061 
  0.9373114 107.7421 
  0.8818931 106.6728 
  0.6631609 105.0885 
  0.4267631 103.0128 
  -0.1858863 103.5278 
  -0.05519833 104.0455 
  -0.4839299 104.5657 
  0.1993257 105.0885 
  0.4336186 105.614 
  0.1882043 106.142 
  0.1277272 106.6728 
  0.1015489 106.6728 
  0.06797816 106.6728 
  0.01467545 106.6728 
  0.1694578 106.6728 
  0.3394942 106.6728 
  0.4214987 106.6728 
  0.7405894 108.8223 
  0.9577631 108.8223 
  0.9836692 108.2809 
  0.9807168 107.7421 
  0.988309 107.2061 
  0.9891783 106.142 
  0.9933681 105.614 
  0.994151 105.614 
  0.9913297 105.0885 
  0.9880409 104.5657 
  0.9910455 104.0455 
  0.9730368 103.5278 
  0.9834329 102.5003 
  0.9888786 101.4829 
  0.9724008 100.978 
  0.8914721 99.97575 
  0.7999436 98.98344 
  0.3611304 98.00098 
  -0.3126744 96.54556 
  0.1452138 95.5873 
  0.08913676 94.63854 
  0.2451078 93.6992 
  0.3112625 93.23304 
  0.4005164 93.23304 
  0.4161406 93.23304 
  0.2281353 93.23304 
  0.09984773 93.23304 
  -0.1942843 93.23304 
  -0.08086987 93.23304 
  -0.1328368 93.23304 
  -0.1897995 93.23304 
  0.02864049 93.23304 
  0.1145937 93.23304 
  0.1508083 93.23304 
  -0.2375944 93.23304 
  -0.1448676 93.23304 
  -0.09729351 93.23304 
  -0.1203651 93.23304 ]
