 [
  -0.2708502 148.9977 
  0.0386976 148.9977 
  -0.07314122 148.9977 
  0.1237104 148.9977 
  0.008896397 148.9977 
  -0.2501772 148.9977 
  -0.3476363 148.9977 
  -0.2013566 148.9977 
  0.139382 148.9977 
  -0.1028491 148.9977 
  -0.1343131 148.9977 
  -0.1494067 148.9977 
  -0.1951889 148.9977 
  -0.1773144 148.9977 
  0.3613014 148.9977 
  0.5365033 140.3417 
  0.5470861 134.8523 
  0.7806604 131.531 
  0.9148338 128.9329 
  0.9637495 127.0181 
  0.9636745 125.7574 
  0.9293714 124.5092 
  0.9526192 123.2734 
  0.9478183 122.6601 
  0.9367868 123.2734 
  0.9066588 123.2734 
  0.7471017 123.8897 
  0.8200786 125.1317 
  0.9281449 126.3862 
  0.9437101 127.6532 
  0.9925802 128.9329 
  0.9684088 129.5776 
  0.8334085 130.8766 
  0.6217785 133.5138 
  0.7512196 136.2042 
  0.8716702 138.2575 
  0.9107329 141.7487 
  0.9563631 144.605 
  0.9884676 146.7849 
  0.9878506 147.5188 
  0.9940829 148.9977 
  0.9990522 149.7427 
  0.9984426 149.7427 
  0.9988977 150.4914 
  0.995301 150.4914 
  0.9756608 149.7427 
  0.924271 146.7849 
  0.8516188 144.605 
  0.8030674 141.7487 
  0.669797 141.0434 
  0.6491112 143.1697 
  0.813906 146.7849 
  0.8682579 151.2439 
  0.8777506 156.6175 
  0.9197493 160.5723 
  0.9737658 162.182 
  0.9349738 160.5723 
  0.8390922 156.6175 
  0.8807059 152.0001 
  0.9669309 149.7427 
  0.962105 148.2564 
  0.969695 146.7849 
  0.9577194 145.328 
  0.9626538 144.605 
  0.950038 143.8855 
  0.8731765 142.4574 
  0.8546481 140.3417 
  0.9436208 138.9488 
  0.9639993 137.5696 
  0.8984457 135.5266 
  0.9063842 134.1814 
  0.9756747 132.8496 
  0.9814171 132.1886 
  0.984633 132.1886 
  0.9317762 130.8766 
  0.9419465 130.2255 
  0.9645135 129.5776 
  0.9417179 130.2255 
  0.9490329 130.8766 
  0.9008967 132.1886 
  0.8768574 133.5138 
  0.9318901 134.8523 
  0.8422012 134.8523 
  0.8287835 134.1814 
  0.6669422 134.1814 
  0.9852942 133.5138 
  0.9847887 132.8496 
  0.992704 131.531 
  0.9949872 130.8766 
  0.8689995 130.2255 
  0.7625816 129.5776 
  0.6828247 127.6532 
  0.7934631 126.3862 
  0.9121159 125.1317 
  0.8981136 123.2734 
  0.9466177 122.0498 
  0.9545589 120.8384 
  0.9554144 119.639 
  0.8843926 118.4515 
  0.4963583 116.1118 
  0.1445323 112.6886 
  0.1829149 105.0885 
  0.6434736 101.9903 
  0.4323969 100.4756 
  0.4380693 104.0455 
  0.4341021 108.8223 
  0.2787647 117.8622 
  0.7246506 125.7574 
  0.9649808 128.2915 
  0.9876412 128.9329 
  0.940715 130.2255 
  0.9280905 130.2255 
  0.8541733 128.9329 
  0.8981383 127.6532 
  0.784696 125.1317 
  0.7855726 122.6601 
  0.931954 121.4426 
  0.9220869 120.2372 
  0.9370361 119.639 
  0.9761494 119.0438 
  0.9713917 118.4515 
  0.9756497 117.8622 
  0.9729677 117.2759 
  0.9662385 117.2759 
  0.9659709 117.2759 
  0.9706334 117.2759 
  0.9264888 117.2759 
  0.8755162 117.2759 
  0.8861087 116.6924 
  0.7848632 116.6924 
  0.02477693 117.2759 
  -0.1725036 117.8622 
  -0.007873822 118.4515 
  0.413765 119.0438 
  0.01190249 119.639 
  -0.01075697 120.2372 
  -0.06574228 120.8384 
  0.3696749 122.0498 
  0.7350236 125.7574 
  0.6764506 123.8897 
  0.3215939 119.0438 
  0.7358014 116.6924 
  0.9804121 116.1118 
  0.9652756 115.5342 
  0.9783914 115.5342 
  0.9741144 115.5342 
  0.978335 116.1118 
  0.9820055 116.6924 
  0.9632453 117.2759 
  0.9377093 118.4515 
  0.9436625 119.639 
  0.9210454 120.8384 
  0.9342421 122.6601 
  0.9092076 124.5092 
  0.9682089 125.7574 
  0.9840114 126.3862 
  0.9219873 127.0181 
  0.9199666 128.9329 
  0.9229494 130.2255 
  0.9107348 131.531 
  0.7997553 130.8766 
  0.7074111 127.6532 
  0.2067872 127.6532 
  0.6600491 127.6532 
  0.7820477 127.6532 
  0.6787056 128.2915 
  0.3475724 128.9329 
  -0.1825732 129.5776 
  0.2085043 130.2255 
  0.7541627 130.8766 
  0.9083808 130.8766 
  0.9347432 130.8766 
  0.9292786 130.2255 
  0.7688085 128.2915 
  0.6276631 123.2734 
  0.8964013 120.2372 
  0.9360678 118.4515 
  0.9698211 117.8622 
  0.9824797 116.6924 
  0.9860634 116.1118 
  0.9767804 114.9594 
  0.9717532 114.3874 
  0.9297704 112.6886 
  0.8701053 111.0151 
  0.9112526 108.8223 
  0.9639956 107.2061 
  0.9351422 106.142 
  0.9545373 104.5657 
  0.9607676 104.0455 
  0.9287677 104.5657 
  0.9514611 105.0885 
  0.9257753 105.614 
  0.8590469 105.614 
  0.7099484 105.614 
  0.5041158 106.6728 
  0.08130528 108.2809 
  -0.05836548 109.9132 
  0.06688021 111.5702 
  0.1174103 113.2521 
  -0.01081671 114.9594 
  -0.04092586 116.6924 
  0.06134675 118.4515 
  0.01984804 120.2372 
  0.03956726 122.0498 
  0.1009459 124.5092 
  -0.06474648 127.0181 
  0.5214775 129.5776 
  0.5400403 120.8384 
  0.4534742 116.1118 
  0.542772 112.128 
  0.7410022 109.3664 
  0.9443535 108.2809 
  0.9787867 107.7421 
  0.9885069 107.2061 
  0.9714044 106.6728 
  0.9801137 106.6728 
  0.9847477 106.6728 
  0.980758 106.6728 
  0.9699417 107.2061 
  0.9600221 107.7421 
  0.9587653 108.2809 
  0.9388269 108.8223 
  0.9129374 108.8223 
  0.9138102 108.8223 
  0.9459658 108.8223 
  0.9735217 108.2809 
  0.9820634 108.8223 
  0.9683608 108.8223 
  0.9761129 109.3664 
  0.9781117 109.3664 
  0.9732093 109.3664 
  0.9669096 108.8223 
  0.9031588 109.3664 
  0.9646205 111.0151 
  0.9769446 111.5702 
  0.9574207 111.0151 
  0.9643584 111.0151 
  0.9413438 111.0151 
  0.9673365 112.128 
  0.9819046 112.6886 
  0.983393 112.6886 
  0.9875211 112.6886 
  0.9371842 112.128 
  0.9356561 111.0151 
  0.9397065 110.4628 
  0.9876388 110.4628 
  0.9858371 110.4628 
  0.9730682 110.4628 
  0.9604054 110.4628 
  0.940311 111.0151 
  0.8958834 112.6886 
  0.9168095 114.3874 
  0.9089114 116.1118 
  0.9466171 116.6924 
  0.8970163 117.8622 
  0.671777 117.2759 
  0.5016034 116.6924 
  -0.0939882 117.2759 
  0.1197222 118.4515 
  -0.04947551 119.639 
  -0.1121793 120.8384 
  -0.1933616 122.0498 
  0.1320034 123.2734 
  0.06059856 124.5092 
  0.1078475 125.7574 
  0.01567454 127.0181 
  0.05095482 127.6532 
  -0.01324225 128.2915 
  -0.1599449 128.9329 
  -0.4239282 129.5776 
  0.678773 130.8766 
  0.3773584 125.7574 
  0.2389254 118.4515 
  0.7208809 114.9594 
  0.8188186 112.6886 
  0.6912503 109.3664 
  0.8828923 106.142 
  0.9669355 105.614 
  0.9933749 105.0885 
  0.9807794 104.5657 
  0.9655714 104.0455 
  0.9838361 103.5278 
  0.972694 103.0128 
  0.9660209 102.5003 
  0.982677 101.9903 
  0.9859112 101.4829 
  0.9505481 100.978 
  0.9288188 99.97575 
  0.9789969 98.491 
  0.9937075 98.00098 
  0.9836932 98.00098 
  0.9051306 97.51342 
  0.7862882 97.02828 
  0.662639 96.06523 
  0.3053464 95.5873 
  -0.03601329 95.5873 
  -0.2728038 95.5873 
  -0.03636701 95.5873 
  -0.01490581 95.5873 
  0.04300292 95.5873 
  0.1232589 95.5873 
  0.5666687 95.5873 
  0.6141013 95.5873 
  0.3586578 95.5873 
  -0.06645433 95.5873 
  0.03656448 95.5873 
  0.1123974 95.5873 
  -0.003723205 95.5873 
  -0.08595397 95.5873 
  0.0880534 95.5873 
  0.06990084 95.5873 
  0.08027149 95.5873 
  -0.1541239 95.5873 
  -0.3976583 95.5873 
  -0.3637861 95.5873 
  -0.3342438 95.5873 
  -0.1023084 95.5873 
  -0.09320151 95.5873 
  -0.1967831 95.5873 
  -0.2017198 95.5873 
  -0.1984966 95.5873 
  -0.2107896 95.5873 
  -0.1561658 95.5873 
  -0.1335082 95.5873 ]
