 [
  0.02782864 108.8223 
  -0.36719 108.8223 
  -0.6449688 108.8223 
  -0.6500164 108.8223 
  -0.3901097 108.8223 
  -0.205654 108.8223 
  -0.1954325 108.8223 
  -0.1409522 108.8223 
  -0.2229802 108.8223 
  0.1290403 108.8223 
  -0.009963445 108.8223 
  -0.0625252 108.8223 
  0.1328387 108.8223 
  -0.06603768 108.8223 
  0.08619921 108.8223 
  0.1234572 108.8223 
  0.1904984 108.8223 
  0.2438074 108.8223 
  0.4937127 108.8223 
  -0.07177866 108.8223 
  0.45896 108.8223 
  0.1842929 108.8223 
  -0.08705559 108.8223 
  -0.09037437 108.8223 
  0.1146213 108.8223 
  0.06396583 109.3664 
  -0.1195756 109.9132 
  0.1008779 109.9132 
  -0.03197816 110.4628 
  0.4125982 111.0151 
  0.594131 119.0438 
  0.7712936 119.0438 
  0.985799 119.0438 
  0.989608 119.0438 
  0.9859709 119.0438 
  0.9821705 119.0438 
  0.9152165 120.2372 
  0.7799208 120.8384 
  0.5099844 123.2734 
  0.3316004 123.2734 
  0.3655576 123.2734 
  -0.008328591 123.2734 
  -0.07513496 123.2734 
  -0.1514347 123.2734 
  -0.07324681 123.2734 
  0.1293768 123.2734 
  0.06027097 123.2734 
  0.1004441 123.2734 
  0.5140188 123.2734 
  0.7623782 124.5092 
  0.6439461 123.8897 
  0.2698509 121.4426 
  0.766035 116.6924 
  0.6752945 112.6886 
  0.7337744 108.8223 
  0.9805467 106.6728 
  0.9714362 105.0885 
  0.9730349 103.5278 
  0.9851105 102.5003 
  0.9765338 102.5003 
  0.9118053 102.5003 
  0.7756014 103.0128 
  0.2104563 103.5278 
  -0.04712803 104.5657 
  -0.04038354 105.614 
  -0.04062857 106.6728 
  0.06289126 107.7421 
  0.03965195 108.2809 
  0.07753924 108.8223 
  0.1308654 109.3664 
  0.1117917 111.0151 
  0.1759897 111.5702 
  0.3370216 111.0151 
  0.2016403 110.4628 
  0.01611779 110.4628 
  -0.01666947 109.9132 
  -0.05017655 109.3664 
  0.1633326 108.8223 
  0.1395202 108.8223 
  0.3251145 109.9132 
  0.5145152 119.639 
  0.6480479 118.4515 
  0.8574289 117.8622 
  0.9193627 116.6924 
  0.8448768 114.9594 
  0.9073758 113.8184 
  0.9557922 113.8184 
  0.9749789 114.9594 
  0.9813523 114.9594 
  0.9828852 115.5342 
  0.9853824 115.5342 
  0.9903126 115.5342 
  0.9891884 115.5342 
  0.9619769 114.9594 
  0.7905443 113.8184 
  0.631465 112.6886 
  0.4038102 108.2809 
  0.770716 110.4628 
  0.9297065 112.128 
  0.9531561 112.6886 
  0.9016665 112.128 
  0.8393579 109.9132 
  0.9095542 107.7421 
  0.8852592 106.142 
  0.9345325 105.0885 
  0.8935965 104.0455 
  0.8624617 103.5278 
  0.8121914 104.0455 
  0.7201489 104.0455 
  0.4666819 101.9903 
  0.883458 101.4829 
  0.6533034 101.4829 
  0.3760114 101.9903 
  0.1374166 102.5003 
  0.01680144 103.0128 
  0.03215502 103.5278 
  -0.007843652 104.0455 
  0.1938628 104.5657 
  0.2040112 105.0885 
  0.1490159 106.142 
  0.1160368 107.2061 
  0.2025596 107.7421 
  0.1623187 107.7421 
  0.102467 108.2809 
  -0.06920861 108.8223 
  0.2694384 109.3664 
  0.5526351 118.4515 
  0.4175957 115.5342 
  0.6461354 109.3664 
  0.7266864 107.2061 
  0.8175342 105.0885 
  0.8108853 103.5278 
  0.9143355 102.5003 
  0.9101521 101.9903 
  0.8497306 102.5003 
  0.7556316 102.5003 
  0.4349301 103.5278 
  0.9784603 104.0455 
  0.9918139 104.0455 
  0.9917037 104.0455 
  0.9870417 104.0455 
  0.9724544 104.5657 
  0.5474189 105.0885 
  0.8087452 106.6728 
  0.7962708 107.2061 
  0.8581104 107.2061 
  0.8931021 107.2061 
  0.9181756 107.2061 
  0.901547 107.7421 
  0.9014962 107.2061 
  0.9034698 107.2061 
  0.9196831 108.2809 
  0.9210418 108.2809 
  0.907877 108.8223 
  0.9191365 109.3664 
  0.9579226 110.4628 
  0.9552916 111.0151 
  0.9669048 112.128 
  0.9666445 112.6886 
  0.9265989 112.128 
  0.7728356 111.5702 
  0.6425389 108.8223 
  0.6861628 105.614 
  0.5109405 105.0885 
  0.3314963 101.9903 
  0.00397615 101.9903 
  0.1164282 102.5003 
  -0.4069304 103.0128 
  -0.03859965 103.0128 
  0.4742031 103.0128 
  0.2815433 104.0455 
  0.4768488 104.5657 
  0.3877318 101.9903 
  0.3035256 106.142 
  0.5105211 105.614 
  0.8896186 106.142 
  0.9722892 105.614 
  0.8365457 104.0455 
  0.9344186 102.5003 
  0.9629152 101.9903 
  0.9574314 100.978 
  0.9497859 99.97575 
  0.8768044 98.98344 
  0.7439951 98.491 
  0.8160774 98.491 
  0.987413 98.98344 
  0.9522624 99.47836 
  0.7872249 99.97575 
  0.8348641 99.97575 
  0.9289804 100.4756 
  0.9673018 101.4829 
  0.9646031 102.5003 
  0.9745809 103.5278 
  0.9720017 104.0455 
  0.9432329 105.614 
  0.9475256 107.2061 
  0.9429159 108.8223 
  0.9666063 109.3664 
  0.9709696 108.8223 
  0.9696477 108.2809 
  0.933256 107.2061 
  0.8850606 105.614 
  0.7948505 104.0455 
  0.7591038 102.5003 
  0.6164132 100.4756 
  0.0347375 100.978 
  0.3488619 101.9903 
  0.4179194 101.4829 
  0.3188937 100.4756 
  0.567733 99.47836 
  0.5205226 99.97575 
  0.6163135 101.4829 
  0.601979 103.5278 
  0.4403854 106.6728 
  0.6430956 112.6886 
  0.9054853 114.9594 
  0.9663915 115.5342 
  0.9624465 116.6924 
  0.9818994 116.6924 
  0.988934 116.1118 
  0.9711413 116.1118 
  0.9717463 115.5342 
  0.9925555 114.9594 
  0.9845322 114.3874 
  0.9611108 113.2521 
  0.9061544 111.5702 
  0.8476485 110.4628 
  0.7295821 109.3664 
  0.7199454 106.142 
  0.1294707 106.6728 
  0.5846425 104.0455 
  0.4423466 101.4829 
  0.4539637 99.97575 
  0.6829597 98.491 
  0.8646389 96.54556 
  0.9378257 95.5873 
  0.9200521 95.11173 
  0.9242561 94.63854 
  0.8805555 94.63854 
  0.7410802 94.63854 
  0.775941 96.06523 
  0.9839108 97.02828 
  0.9931827 97.51342 
  0.99665 98.00098 
  0.995717 98.00098 
  0.990279 98.00098 
  0.9862123 98.00098 
  0.9810899 98.491 
  0.9842969 98.491 
  0.9738366 98.00098 
  0.8295715 97.51342 
  0.7644006 97.02828 
  0.8631935 96.54556 
  0.9284683 96.54556 
  0.8059522 96.54556 
  0.765188 96.54556 
  0.797893 97.02828 
  0.8584101 97.02828 
  0.8319702 96.54556 
  0.4355029 97.51342 
  0.3945468 95.11173 
  0.2207534 99.97575 
  0.4865588 96.06523 
  0.6522924 97.51342 
  0.8037233 96.54556 
  0.8676555 97.02828 
  0.8467124 97.02828 
  0.7176029 96.06523 
  0.1666917 95.11173 
  0.05859039 96.06523 
  0.05648996 97.02828 
  0.007519986 98.00098 
  -0.05393391 98.98344 
  -0.01117442 99.97575 
  -0.177837 100.4756 
  -0.01269047 101.4829 
  0.06717034 102.5003 
  0.0409274 103.0128 
  0.1168473 103.5278 
  0.1497419 103.5278 
  0.1513459 103.5278 
  0.09925671 104.0455 
  0.08849189 103.5278 
  0.6347386 104.5657 
  0.8340983 105.0885 
  0.9356257 104.5657 
  0.8091573 103.0128 
  0.6932704 99.47836 
  0.9362134 97.02828 
  0.9350441 96.06523 
  0.8663737 94.63854 
  0.9390244 93.6992 
  0.9556969 93.6992 
  0.947549 94.1677 
  0.9557797 94.63854 
  0.9450887 94.63854 
  0.8117689 94.63854 
  0.7142335 93.6992 
  0.5635689 90.93677 
  0.725813 88.69706 
  0.7941979 88.69706 
  0.360782 89.14054 
  0.3347158 90.48434 
  0.4922857 91.84841 
  0.5019811 94.63854 
  0.8708926 95.5873 
  0.8958305 97.02828 
  0.8229991 98.98344 
  0.447658 104.5657 
  0.6884748 105.0885 
  0.777604 104.5657 
  0.9387434 104.0455 
  0.9339817 104.0455 
  0.9393637 105.0885 
  0.9323176 106.142 
  0.9727865 106.6728 
  0.9930233 107.2061 
  0.9836053 106.6728 
  0.9585475 106.142 
  0.8822471 104.5657 
  0.748042 101.9903 
  0.4144619 98.98344 
  0.141473 100.978 
  -0.03014908 103.5278 
  0.03113235 106.6728 
  0.2133908 109.3664 
  0.1362581 112.128 
  0.1230156 114.9594 
  0.003293789 117.2759 
  -0.009895686 119.639 
  0.2206166 121.4426 
  0.207423 122.6601 
  0.2907678 122.6601 
  0.1094477 123.2734 
  0.4615083 123.2734 
  0.5239716 114.3874 
  0.6094752 110.4628 
  0.9051403 108.8223 
  0.96811 107.7421 
  0.9572506 106.6728 
  0.9488403 105.0885 
  0.9803298 104.0455 
  0.9743023 103.5278 
  0.9732538 103.5278 
  0.9868003 104.0455 
  0.9311635 104.5657 
  0.9201115 105.614 
  0.831186 106.6728 
  0.7198877 106.142 
  -0.1711623 106.6728 
  0.09588328 107.7421 
  0.4130796 109.3664 
  0.6485081 111.0151 
  0.8725502 112.128 
  0.9255015 113.2521 
  0.9849451 113.8184 
  0.9903905 114.9594 
  0.9916947 116.1118 
  0.9886401 116.6924 
  0.9828808 117.2759 
  0.9687483 117.2759 
  0.9344513 117.2759 
  0.8836172 117.2759 
  0.7936223 117.2759 
  0.821856 117.2759 
  0.4069534 117.2759 
  0.1391003 117.2759 
  -0.2378853 117.2759 
  -0.1490099 117.2759 
  0.129597 117.2759 
  0.193958 117.2759 
  -0.007597785 117.2759 
  -0.04679856 117.2759 
  -0.1225754 117.2759 
  -0.1199627 117.2759 
  0.05807317 117.2759 
  -0.1822526 117.2759 
  -0.09208689 117.2759 
  0.07733133 117.2759 
  0.09833238 117.2759 
  -0.09601028 117.2759 
  -0.2528242 117.2759 
  -0.3592511 117.2759 
  -0.1439508 117.2759 
  -0.3696393 117.2759 
  -0.3732518 117.2759 
  -0.1286156 117.2759 
  0.02141016 117.2759 
  0.2067111 117.2759 
  0.1393368 117.2759 
  0.2262491 117.2759 
  0.09386244 117.2759 
  0.05911574 117.2759 
  -0.2153785 117.2759 
  -0.2106666 117.2759 
  -0.214616 117.2759 
  0.007731327 117.2759 
  0.05773325 117.2759 
  0.1607985 117.2759 
  0.08103015 117.2759 
  -0.1328573 117.2759 
  -0.05813852 117.2759 
  -0.1269392 117.2759 
  -0.130986 117.2759 
  -0.07483516 117.2759 
  0.1319509 117.2759 
  -0.1316101 117.2759 
  -0.3349406 117.2759 
  -0.1866411 117.2759 
  -0.0582999 117.2759 
  -0.007674614 117.2759 
  -0.1058526 117.2759 
  -0.22032 117.2759 
  -0.1435616 117.2759 
  -0.1290895 117.2759 
  0.04585731 117.2759 
  0.1047294 117.2759 
  0.09466705 117.2759 
  0.02342886 117.2759 
  0.04008859 117.2759 
  -0.01029127 117.2759 
  0.02570561 117.2759 
  -0.03469816 117.2759 
  -0.1132145 117.2759 
  -0.2869379 117.2759 
  -0.07560246 117.2759 
  -0.03355646 117.2759 
  -0.05146976 117.2759 
  0.1316081 117.2759 
  0.03307517 117.2759 
  -0.2328335 117.2759 
  -0.2042392 117.2759 
  -0.163027 117.2759 
  0.1200147 117.2759 
  0.0635456 117.2759 
  0.2155875 117.2759 
  0.1552953 117.2759 
  0.1484678 117.2759 
  -0.1840084 117.2759 
  -0.2496434 117.2759 
  -0.09355762 117.2759 
  0.2070738 117.2759 
  0.218897 117.2759 
  0.361968 117.2759 
  0.3664103 117.2759 
  0.1781034 117.2759 
  -0.1110885 117.2759 
  -0.2093776 117.2759 
  -0.1960973 117.2759 
  0.01230053 117.2759 
  0.1564448 117.2759 
  0.03582522 117.2759 
  0.002932751 117.2759 
  -0.008564958 117.2759 
  0.04677656 117.2759 
  -0.1159855 117.2759 
  -0.1276784 117.2759 
  -0.1616161 117.2759 
  0.009958796 117.2759 
  0.1404714 117.2759 
  0.238384 117.2759 
  0.1237826 117.2759 
  -0.0821175 117.2759 
  -0.06491033 117.2759 
  -0.04097779 117.2759 
  -0.3200287 117.2759 
  -0.2226918 117.2759 
  -0.07210136 117.2759 
  0.1177536 117.2759 
  -0.006285477 117.2759 
  -0.02187485 117.2759 
  -0.1344072 117.2759 
  0.02842348 117.2759 
  0.03353792 117.2759 
  -0.007137585 117.2759 
  0.06832194 117.2759 
  0.2137221 117.2759 
  0.01789837 117.2759 
  0.1071904 117.2759 
  0.2506996 117.2759 
  0.209165 117.2759 
  -0.1242609 117.2759 
  0.01940516 117.2759 
  0.1785674 117.2759 
  0.0259397 117.2759 
  0.02998829 117.2759 
  0.06473537 117.2759 
  0.09774169 117.2759 
  0.1514687 117.2759 
  -0.06664053 117.2759 
  -0.09590595 117.2759 
  -0.1777709 117.2759 
  -0.1640869 117.2759 
  -0.01734988 117.2759 
  -0.02700017 117.2759 
  -0.1402543 117.2759 
  -0.1111823 117.2759 
  -0.2990817 117.2759 
  -0.03222546 117.2759 
  -0.159751 117.2759 
  -0.1920274 117.2759 
  -0.1313287 117.2759 
  0.09510824 117.2759 
  0.1521819 117.2759 
  0.1836964 117.2759 
  0.04390403 117.2759 
  -0.07732452 117.2759 
  0.008297794 117.2759 
  -0.002056266 117.2759 
  -0.03526408 117.2759 
  -0.005961508 117.2759 
  0.09105866 117.2759 
  -0.09357522 117.2759 
  -0.09808555 117.2759 
  -0.01301736 117.2759 
  0.1900824 117.2759 
  0.1972169 117.2759 
  0.1752978 117.2759 
  0.1726047 117.2759 
  -0.04323663 117.2759 
  -0.1230288 117.2759 
  0.3366792 117.2759 
  0.3305233 117.2759 
  -0.05541698 117.2759 
  -0.1823342 117.2759 
  -0.1861444 117.2759 
  -0.03325402 117.2759 
  0.08412197 117.2759 
  0.1826185 117.2759 
  0.06495494 117.2759 
  0.1127012 117.2759 
  0.1367963 117.2759 
  0.2500034 117.2759 
  0.1192688 117.2759 
  0.1291981 117.2759 
  0.1459651 117.2759 
  0.07086746 117.2759 
  0.1092568 117.2759 
  -0.05677611 117.2759 
  -0.3101456 117.2759 
  -0.1925846 117.2759 
  -0.08952609 117.2759 
  -0.08949968 117.2759 
  -0.05588698 117.2759 
  0.1114846 117.2759 
  0.1824637 117.2759 
  0.009930402 117.2759 
  -0.271153 117.2759 
  -0.1966149 117.2759 
  -0.1274639 117.2759 
  0.01678767 117.2759 
  -0.1395649 117.2759 
  -0.1399657 117.2759 
  -0.09466657 117.2759 
  0.0448749 117.2759 
  -0.1268838 117.2759 
  -0.06294841 117.2759 
  0.147295 117.2759 
  0.2096269 117.2759 
  -0.008619558 117.2759 
  -0.03903167 117.2759 
  0.06552506 117.2759 
  0.0497596 117.2759 
  -0.01072848 117.2759 
  -0.04315257 117.2759 
  0.003331211 117.2759 
  0.05615012 117.2759 
  -0.04791404 117.2759 
  -0.09475128 117.2759 
  -0.01320141 117.2759 
  -0.0384978 117.2759 
  -0.02252786 117.2759 
  0.02407411 117.2759 
  0.07739327 117.2759 
  0.1492282 117.2759 
  0.2005117 117.2759 
  0.1348622 117.2759 
  -0.005704875 117.2759 
  0.1662138 117.2759 
  0.2168206 117.2759 
  0.2511691 117.2759 
  -0.108217 117.2759 
  -0.138396 117.2759 
  0.1600951 117.2759 
  0.2725056 117.2759 
  -0.16803 117.2759 
  0.02686212 117.2759 
  0.05295906 117.2759 
  0.07218635 117.2759 
  0.2047082 117.2759 
  -0.1929466 117.2759 
  0.03872789 117.2759 
  0.07627948 117.2759 
  0.003444641 117.2759 
  0.2343545 117.2759 
  -0.07004933 117.2759 
  -0.130013 117.2759 
  -0.01231791 117.2759 
  -0.03635502 117.2759 
  -0.1601696 117.2759 
  -0.1908132 117.2759 
  -0.3491292 117.2759 
  -0.2803901 117.2759 ]
