 [
  -0.1199585 213.3714 
  -0.104931 213.3714 
  -0.218382 213.3714 
  -0.1989326 213.3714 
  -0.03256578 213.3714 
  0.01155954 213.3714 
  -0.1076869 213.3714 
  -0.02433868 213.3714 
  -0.06410651 213.3714 
  -0.2439026 213.3714 
  -0.1700692 213.3714 
  0.129802 213.3714 
  0.09496117 213.3714 
  0.1459544 213.3714 
  0.4185763 216.5879 
  0.7677256 227.6642 
  0.9375641 231.0963 
  0.9867136 234.5801 
  0.9959719 236.9318 
  0.9975117 238.1164 
  0.992747 240.5036 
  0.9986675 241.7061 
  1.000455 242.9146 
  0.9993578 242.9146 
  0.9983863 244.1292 
  0.9969006 244.1292 
  0.9961808 242.9146 
  0.999108 242.9146 
  0.995963 242.9146 
  0.9950559 241.7061 
  0.9987514 240.5036 
  0.9979216 239.307 
  0.9299583 239.307 
  0.9654409 236.9318 
  0.9755101 236.9318 
  0.9916449 234.5801 
  0.9980401 231.0963 
  1.000125 229.9466 
  1.000426 229.9466 
  0.9606677 228.8026 
  0.9156205 227.6642 
  0.7631668 218.7592 
  0.9255093 213.3714 
  0.8517321 209.1568 
  0.361746 206.0505 
  0.3234747 204.0054 
  0.7626716 202.9904 
  0.7530792 195.0505 
  0.9154384 192.1537 
  0.9683053 191.1978 
  0.9575879 193.1145 
  0.8797778 194.0801 
  0.7206725 196.0257 
  0.2500425 197.0059 
  0.02650563 197.9909 
  -0.01974214 198.9809 
  -0.08695078 200.9756 
  0.1487437 201.9805 
  0.1751807 202.9904 
  -0.04431378 205.0254 
  -0.06466185 206.0505 
  0.4035431 208.1162 
  0.4889255 204.0054 
  0.6689396 201.9805 
  0.8588921 198.9809 
  0.9309753 195.0505 
  0.9663045 193.1145 
  0.9864982 191.1978 
  0.9841926 189.3 
  0.9856731 187.4211 
  0.9714876 186.4887 
  0.9809912 184.6377 
  0.9893077 183.7191 
  0.9864951 183.7191 
  0.9766837 184.6377 
  0.96936 185.5609 
  0.9566495 186.4887 
  0.9172156 185.5609 
  0.6575318 184.6377 
  0.6126564 184.6377 
  -0.1297638 184.6377 
  0.08138423 184.6377 
  0.1772166 184.6377 
  0.09829773 184.6377 
  -0.05183986 184.6377 
  -0.01881913 184.6377 
  -0.05226012 184.6377 
  0.3015474 182.8051 
  0.588262 180.0902 
  0.8864723 177.4156 
  0.6573199 175.6547 
  0.395795 176.533 
  0.3015719 180.9906 
  0.1686423 196.0257 
  0.2695984 198.9809 
  0.3177639 191.1978 
  0.3817202 185.5609 
  0.3208361 187.4211 
  0.0449552 198.9809 
  0.311422 201.9805 
  0.3953645 201.9805 
  0.223405 201.9805 
  -0.06494544 202.9904 
  0.00681024 204.0054 
  -0.04271155 205.0254 
  -0.04422292 205.0254 
  -0.0842552 205.0254 
  -0.03732983 205.0254 
  0.2753619 205.0254 
  0.1926179 205.0254 
  0.09661131 209.1568 
  0.03083687 216.5879 
  0.1956234 223.1673 
  0.2408186 227.6642 
  0.2974604 231.0963 
  0.3748698 232.2518 
  0.4045795 232.2518 
  0.3680431 232.2518 
  0.1390863 232.2518 
  0.2273942 232.2518 
  0.1815003 232.2518 
  -0.1925454 232.2518 
  -0.208441 232.2518 
  -0.05230999 232.2518 
  -0.06223213 232.2518 
  -0.02100002 232.2518 
  0.09576043 232.2518 
  -0.03440157 232.2518 
  -0.1328927 232.2518 
  0.09972367 232.2518 
  0.05899992 232.2518 
  0.0139768 232.2518 
  0.01273833 232.2518 
  -0.04168841 232.2518 
  0.01197331 232.2518 
  -0.02230453 232.2518 
  0.01347457 232.2518 
  -0.1112587 232.2518 
  -0.1137472 232.2518 
  -0.2576351 232.2518 
  -0.38124 232.2518 
  -0.1801551 232.2518 
  -0.1667509 232.2518 
  0.07424875 232.2518 
  0.1613165 232.2518 
  0.061211 232.2518 
  0.1008582 232.2518 
  0.1402935 232.2518 ]
