 [
  -0.06631243 123.8897 
  0.169213 123.8897 
  0.06792552 123.8897 
  0.04497473 123.8897 
  -0.2823628 123.8897 
  0.04067013 123.8897 
  -0.1742448 123.8897 
  -0.005336686 123.8897 
  0.2984306 123.8897 
  -0.1032204 123.8897 
  -0.07767132 123.8897 
  0.0770999 123.8897 
  0.03982854 123.8897 
  0.6836497 123.2734 
  0.3185037 119.639 
  0.3451241 125.1317 
  0.4710171 134.1814 
  0.9138604 133.5138 
  0.9875091 133.5138 
  0.9932933 134.1814 
  0.9962785 134.8523 
  0.9882031 134.8523 
  0.8966574 133.5138 
  0.8286052 130.2255 
  0.6625034 125.1317 
  -0.0702892 125.1317 
  -0.03089882 125.7574 
  -0.0530769 126.3862 
  0.08105647 127.0181 
  -0.05541854 127.6532 
  -0.05917823 128.2915 
  -0.08519156 128.9329 
  -0.1575372 129.5776 
  -0.06381124 130.8766 
  0.07621983 132.8496 
  0.1520773 134.8523 
  0.4092673 136.8852 
  0.7779531 144.605 
  0.8307787 143.1697 
  0.873421 141.0434 
  0.9636188 139.6435 
  0.9548423 138.9488 
  0.9691396 137.5696 
  0.9499603 136.8852 
  0.9508302 135.5266 
  0.9653916 134.8523 
  0.983942 134.1814 
  0.9923407 133.5138 
  0.9897382 132.8496 
  0.9424123 132.1886 
  0.8965 131.531 
  0.8553159 130.2255 
  0.9954513 130.2255 
  0.9962934 129.5776 
  0.9779115 128.2915 
  0.9597695 127.0181 
  0.9331227 126.3862 
  0.8304872 127.0181 
  0.6287072 128.9329 
  0.4991244 131.531 
  0.4658547 134.1814 
  0.112062 136.8852 
  0.256485 140.3417 
  0.3888235 145.328 
  0.7957579 144.605 
  0.920356 144.605 
  0.9918687 144.605 
  0.9952829 145.328 
  0.9943078 146.0546 
  0.994058 147.5188 
  0.9954842 148.9977 
  0.9922541 149.7427 
  0.9845835 152.0001 
  0.9714742 155.063 
  0.923161 156.6175 
  0.8088881 157.4006 
  -0.01525076 156.6175 
  0.12143 156.6175 
  -0.4861359 156.6175 
  -0.1933849 156.6175 
  0.2650025 156.6175 
  0.0553828 156.6175 
  0.06600536 156.6175 
  -0.04873564 156.6175 
  -0.353026 156.6175 
  -0.1490441 156.6175 
  0.1198948 156.6175 
  0.05456547 156.6175 
  0.1451005 156.6175 
  0.1930568 156.6175 
  0.31797 156.6175 
  0.1268772 155.8383 
  0.1352881 155.063 
  0.2169631 154.2915 
  0.2916335 155.8383 
  0.3644464 157.4006 
  0.6772894 153.5239 
  0.8518 151.2439 
  0.9350061 148.9977 
  0.9515076 147.5188 
  0.9770399 146.0546 
  0.9744998 144.605 
  0.8806847 142.4574 
  0.8088956 141.0434 
  0.8391763 135.5266 
  0.705915 133.5138 
  0.1764399 136.2042 
  0.02327345 138.9488 
  -0.1221118 141.7487 
  -0.1201189 144.605 
  -0.234784 146.7849 
  -0.182676 149.7427 
  -0.09911903 152.7601 
  -0.158856 155.8383 
  -0.1435303 158.9785 
  0.04658334 162.182 
  0.6828049 165.4501 
  0.07694447 148.2564 
  0.1904645 141.7487 
  0.7476244 141.7487 
  0.9494733 138.2575 
  0.9682521 136.2042 
  0.9880493 134.1814 
  0.9980476 132.8496 
  0.9975832 132.1886 
  0.7869627 132.8496 
  0.8550933 130.2255 
  0.9120395 128.2915 
  0.9874262 127.6532 
  0.9926384 127.6532 
  0.9919823 127.0181 
  0.9722228 125.7574 
  0.9503868 124.5092 
  0.9101993 122.6601 
  0.9069182 120.8384 
  0.9222481 117.8622 
  0.9372794 115.5342 
  0.9483792 114.9594 
  0.9004447 116.1118 
  0.9287655 118.4515 
  0.973766 119.639 
  0.9525912 120.2372 
  0.9258486 119.639 
  0.8138458 117.8622 
  0.8515506 116.1118 
  0.9490598 114.3874 
  0.8858934 114.3874 
  0.7955403 113.8184 
  0.9848898 114.3874 
  0.9938453 114.3874 
  0.993804 114.3874 
  0.9795185 114.3874 
  0.9553105 114.9594 
  0.8904422 116.1118 
  0.8532487 116.6924 
  0.7452409 116.1118 
  0.564612 119.0438 
  0.6478774 118.4515 
  0.8559713 119.639 
  0.9686279 119.639 
  0.993191 120.8384 
  0.9922197 121.4426 
  0.9938976 121.4426 
  0.9740745 121.4426 
  0.9470721 120.8384 
  0.8976069 120.8384 
  0.9856631 120.8384 
  0.998147 120.8384 
  0.9973682 120.2372 
  0.9980305 119.639 
  0.9991852 119.0438 
  0.9987671 118.4515 
  0.9939315 117.8622 
  0.9377801 117.2759 
  0.6819634 115.5342 
  0.7409484 113.2521 
  0.8454468 112.128 
  0.861379 112.6886 
  0.6775501 112.128 
  0.4561158 111.0151 
  0.7440948 108.8223 
  0.1920652 113.2521 
  0.1069993 116.6924 
  0.03869782 119.639 
  0.2917565 122.0498 
  0.2068842 123.2734 
  0.228747 122.6601 
  0.005616968 122.0498 
  0.06072185 121.4426 
  0.3246591 120.8384 
  0.1522357 120.2372 
  -0.1177688 119.639 
  -0.1020846 119.0438 
  0.153772 118.4515 
  0.3233306 117.8622 
  0.5132791 117.2759 
  0.4402852 116.6924 
  0.5171077 116.1118 
  0.4948713 115.5342 
  0.3786719 115.5342 
  0.305266 115.5342 
  0.2691588 116.1118 
  0.05044851 116.6924 
  -0.05554642 116.6924 
  -0.1097384 116.6924 
  0.06111175 116.6924 
  0.1389253 116.6924 
  0.2176637 116.6924 
  -0.2101547 116.6924 
  -0.1490078 116.6924 
  0.08549869 116.6924 
  0.237765 116.6924 
  -0.1274751 116.6924 
  -0.08125337 116.6924 ]
