 [
  -0.10375 195.0505 
  0.04546386 195.0505 
  0.05419722 195.0505 
  0.4550375 195.0505 
  0.7762991 195.0505 
  0.6702286 195.0505 
  0.5853966 195.0505 
  0.6645349 194.0801 
  0.8789117 193.1145 
  0.9800959 192.1537 
  0.9901528 191.1978 
  0.9843466 190.2465 
  0.9516492 189.3 
  0.6412535 188.3582 
  -0.2858588 187.4211 
  0.7227244 184.6377 
  0.9030682 183.7191 
  0.9360071 181.8956 
  0.9438834 180.9906 
  0.9782032 178.3027 
  0.9696538 175.6547 
  0.970651 173.046 
  0.9744654 171.3284 
  0.9782012 170.476 
  0.9723574 169.6279 
  0.9373082 170.476 
  0.8747535 170.476 
  0.5686096 171.3284 
  0.6857154 173.9112 
  -0.172758 175.6547 
  0.5375512 177.4156 
  0.5057057 179.1942 
  -0.09458593 180.9906 
  0.02202741 182.8051 
  0.2621968 185.5609 
  0.2050694 188.3582 
  -0.1389658 190.2465 
  0.2524879 192.1537 
  0.2715316 194.0801 
  -0.0338803 197.0059 
  -0.08019626 199.9758 
  -0.2140794 202.9904 
  -0.1629426 206.0505 
  -0.0914038 209.1568 
  0.09134927 212.3098 
  0.5288521 215.5104 
  0.8448616 223.1673 
  0.9309224 223.1673 
  0.9598647 226.5316 
  0.9660181 229.9466 
  0.975456 233.4131 
  0.9770291 236.9318 
  0.993386 238.1164 
  0.9926955 240.5036 
  0.994188 241.7061 
  0.9953452 242.9146 
  0.9975638 244.1292 
  0.9970325 245.3498 
  0.996926 246.5766 
  0.9980162 245.3498 
  0.9989389 244.1292 
  0.9935569 242.9146 
  0.9858711 240.5036 
  0.980567 235.753 
  0.9740602 231.0963 
  0.960749 225.4046 
  0.9591863 218.7592 
  0.9516236 213.3714 
  0.9783893 208.1162 
  0.9881147 205.0254 
  0.9873857 201.9805 
  0.9889675 198.9809 
  0.9913177 197.0059 
  0.9981581 195.0505 
  0.9929949 195.0505 
  0.9917198 195.0505 
  0.9829699 196.0257 
  0.9708691 197.0059 
  0.9880557 198.9809 
  0.9932372 200.9756 
  0.9824759 202.9904 
  0.9677168 206.0505 
  0.9624 209.1568 
  0.9611797 214.4382 
  0.9759629 219.853 
  0.967544 225.4046 
  0.8968959 231.0963 
  0.9343252 233.4131 
  0.9711686 231.0963 
  0.9852796 227.6642 
  0.9716512 224.2832 
  0.9392963 220.9523 
  0.9295737 217.6709 
  0.908407 214.4382 
  0.7246729 209.1568 
  0.5271013 201.9805 
  0.2059479 194.0801 
  -0.1509858 185.5609 
  -0.3085067 175.6547 
  -0.1646968 166.2773 
  0.1643316 157.4006 
  -0.3508846 148.9977 
  0.3202428 141.0434 
  0.3585078 133.5138 
  -0.05631849 126.3862 
  0.1410522 119.639 
  0.08646242 113.2521 
  0.198553 107.2061 
  -0.5008464 101.4829 
  0.1628428 96.06523 
  0.6394137 92.30766 
  0.8360536 90.48434 
  0.942414 90.48434 
  0.3458553 90.93677 
  0.6238872 88.25578 
  0.7734867 87.3798 
  0.9348094 87.3798 
  0.9211333 86.94508 
  0.9403024 86.51251 
  0.9478599 86.51251 
  0.9230124 86.51251 
  0.8809192 87.3798 
  0.927399 88.25578 
  0.9402806 88.69706 
  0.9274674 89.14054 
  0.9113181 89.58624 
  0.9516208 90.03418 
  0.8914151 90.03418 
  0.8273281 90.48434 
  -0.05267325 96.06523 
  -0.05998272 104.0455 
  -0.1008178 112.6886 
  -0.3032622 122.0498 
  -0.4872698 132.1886 
  -0.0419044 143.1697 
  0.2088876 155.063 
  0.6158943 167.1087 
  0.8314274 175.6547 
  0.9751641 178.3027 
  0.9971606 179.1942 
  0.9976156 179.1942 
  0.9916325 180.0902 
  0.9913601 181.8956 
  0.9938328 181.8956 
  0.9906075 180.9906 
  0.9911991 179.1942 
  0.949887 178.3027 
  0.9301156 175.6547 
  0.7728781 172.185 
  0.7253141 168.784 
  0.5616865 165.4501 
  0.3726764 162.182 
  0.2731854 158.9785 
  -0.06177294 155.063 
  -0.3415942 151.2439 
  -0.7111933 147.5188 
  0.578828 142.4574 
  0.5279403 146.0546 
  0.343177 152.7601 
  0.7245242 155.8383 
  0.7997968 155.8383 
  0.9570013 157.4006 
  0.9512308 157.4006 
  0.8725184 158.1876 
  0.6414099 161.3751 
  0.5019732 163.8079 
  0.5017227 165.4501 
  0.1438793 167.1087 
  0.1111597 168.784 
  0.05711777 170.476 
  0.003293872 171.3284 
  0.06914058 172.185 
  -0.04766377 173.046 
  -0.02791266 173.9112 
  -0.07597923 174.7808 
  0.06551644 175.6547 
  0.3631706 176.533 
  0.1754363 177.4156 
  0.06648643 178.3027 
  0.2970473 179.1942 
  0.1288073 179.1942 
  0.3395424 183.7191 
  0.5524225 187.4211 
  0.9672921 191.1978 
  0.9823395 192.1537 
  0.9860794 193.1145 
  0.977432 195.0505 
  0.9817641 197.0059 
  0.9742712 198.9809 
  0.9657148 201.9805 
  0.9832309 204.0054 
  0.9780752 205.0254 
  0.9825157 207.0808 
  0.9874661 208.1162 
  0.9859906 209.1568 
  0.9866755 209.1568 
  0.9733302 210.2025 
  0.9050134 212.3098 
  0.8873283 216.5879 
  0.984441 219.853 
  0.9904397 220.9523 
  0.9944764 220.9523 
  0.9932787 219.853 
  0.9925005 217.6709 
  0.9889352 214.4382 
  0.81133 211.2535 
  0.6616622 204.0054 
  0.3809593 202.9904 
  0.6235725 202.9904 
  0.8619237 201.9805 
  0.921077 198.9809 
  0.9388853 195.0505 
  0.9445338 191.1978 
  0.9451807 188.3582 
  0.9521357 185.5609 
  0.9643316 182.8051 
  0.9652808 180.0902 
  0.9797128 178.3027 
  0.9661903 176.533 
  0.9730628 176.533 
  0.9875209 176.533 
  0.9767015 178.3027 
  0.5809939 181.8956 
  0.2953801 200.9756 
  0.8900303 215.5104 
  0.8960946 213.3714 
  0.3353305 210.2025 
  -0.01423346 207.0808 
  -0.1627832 202.9904 
  -0.0270856 198.9809 
  -0.03582035 195.0505 
  0.04735602 191.1978 
  0.08389974 188.3582 
  -0.1138886 185.5609 
  -0.1699804 181.8956 
  -0.1813423 178.3027 
  0.4621247 177.4156 
  0.4400282 182.8051 
  0.7953088 187.4211 
  0.9834641 187.4211 
  0.9872727 185.5609 
  0.9855678 183.7191 
  0.9869362 182.8051 
  0.9802945 181.8956 
  0.9457195 180.9906 
  0.8560247 181.8956 
  0.9786205 182.8051 
  0.9543757 184.6377 
  0.804158 186.4887 
  0.3034368 190.2465 
  0.2140114 194.0801 
  0.1666596 196.0257 
  0.1675332 198.9809 
  0.01069428 197.9909 
  -0.1241509 193.1145 
  0.002837325 189.3 
  0.1760651 185.5609 
  0.02696732 181.8956 
  0.03631141 178.3027 
  -0.03903812 174.7808 
  0.1850156 170.476 
  0.09219263 167.9442 
  0.1494816 167.9442 
  0.2338853 174.7808 
  0.1179147 157.4006 
  0.1403622 161.3751 
  0.3275339 171.3284 
  0.2134741 163.8079 
  0.5340055 158.9785 
  0.7913285 158.1876 
  0.9821955 159.7734 
  0.9807642 158.9785 
  0.9860314 158.9785 
  0.9793066 159.7734 
  0.9858535 160.5723 
  0.9560711 161.3751 
  0.9268156 161.3751 
  0.8150072 156.6175 
  -0.07404143 149.7427 
  -0.1505104 143.1697 
  -0.4458419 136.2042 
  -0.08953135 129.5776 
  -0.006888987 123.8897 
  0.009689956 117.8622 
  -0.02120139 112.128 
  0.7731338 106.6728 
  0.7630432 107.2061 
  0.619158 105.614 
  0.5656218 101.9903 
  0.3435593 88.25578 
  0.600016 77.13642 
  0.7522902 75.99085 
  0.7205406 75.61279 
  0.8221214 75.61279 
  0.9237766 75.99085 
  0.9487447 75.61279 
  0.9632664 75.61279 
  0.9318812 75.99085 
  0.9118738 76.75266 
  0.7562881 77.90971 
  0.4220736 79.87703 
  0.5683137 83.96195 
  0.1948084 87.8167 
  -0.07512712 91.84841 
  0.02990316 96.06523 
  -0.02737307 100.4756 
  -0.02846938 105.0885 
  -0.1569463 110.4628 
  -0.004173374 116.1118 
  0.2249563 121.4426 
  0.1471044 127.0181 
  -0.07067492 132.8496 
  -0.2657437 139.6435 
  -0.05457702 146.7849 
  -0.2220836 154.2915 
  -0.03897393 162.182 
  0.0401236 170.476 
  -0.2316325 179.1942 
  -0.2187765 188.3582 
  0.3270238 197.9909 
  0.6461993 201.9805 
  0.8612722 199.9758 
  0.951532 197.9909 
  0.9373805 196.0257 
  0.9502653 194.0801 
  0.9826874 191.1978 
  0.9821464 189.3 
  0.9805198 187.4211 
  0.9757168 186.4887 
  0.9782687 184.6377 
  0.9696486 182.8051 
  0.9720755 180.9906 
  0.9756801 180.9906 
  0.9799906 180.9906 
  0.9904602 180.9906 
  0.9826345 179.1942 
  0.9598382 176.533 
  0.864681 170.476 
  -0.1848656 162.9929 
  -0.5556687 155.8383 
  -0.8935254 148.2564 
  -0.04777166 141.0434 
  0.226109 134.8523 
  -0.1072345 128.9329 
  0.05283687 123.2734 
  0.0112051 117.8622 
  -0.003991265 112.6886 
  0.1610054 107.7421 
  0.1762245 103.0128 
  -0.0848759 98.491 
  0.0169763 94.1677 
  -0.1031495 90.03418 
  0.1200302 85.65383 
  -0.04224672 81.4866 
  0.4268473 77.90971 
  0.6221982 79.08421 
  0.8418348 79.08421 
  0.8505583 78.69076 
  0.7801511 78.29926 
  0.7724657 77.90971 
  0.8664495 77.5221 
  0.9366221 77.5221 
  0.9113225 77.5221 
  0.951043 77.13642 
  0.8718238 77.5221 
  0.5523628 78.69076 
  0.6897392 81.89403 
  0.5227872 84.80367 
  0.7014166 88.25578 
  0.7480583 92.30766 
  0.1878232 97.02828 
  -0.376517 102.5003 
  -0.6514233 108.8223 
  -0.296753 115.5342 
  0.04323025 122.6601 
  -0.02218394 130.2255 
  -0.1021516 138.2575 
  -0.2557007 146.7849 
  -0.1305795 155.8383 
  -0.01534348 165.4501 
  0.5385175 175.6547 
  0.7404612 179.1942 
  0.9215428 179.1942 
  0.918983 175.6547 
  0.9512226 172.185 
  0.9898242 169.6279 
  0.9693467 167.9442 
  0.9532166 164.6269 
  0.9272411 160.5723 
  0.9579459 157.4006 
  0.9874112 155.8383 
  0.9585505 155.8383 
  0.9330572 157.4006 
  0.882749 159.7734 
  0.2692965 161.3751 
  0.3246254 162.9929 
  0.2328081 164.6269 
  0.01575034 166.2773 
  -0.01251077 167.9442 
  0.04568467 169.6279 
  0.03965917 171.3284 
  0.01437762 172.185 
  -0.08088741 173.046 
  -0.009517048 173.9112 
  0.2216632 174.7808 
  0.1082918 175.6547 
  -0.1025176 176.533 
  0.05412013 177.4156 
  0.4138948 178.3027 
  0.2511916 179.1942 
  0.220939 180.0902 
  0.007610019 180.9906 
  0.4296431 181.8956 
  0.441108 183.7191 
  0.1704983 186.4887 
  0.4254833 189.3 
  0.3223763 189.3 
  0.597928 189.3 
  0.5950286 182.8051 
  0.8507237 183.7191 
  0.6100552 179.1942 
  0.6430181 177.4156 
  0.7803964 179.1942 
  0.6895336 181.8956 
  0.9398079 185.5609 
  0.9425279 188.3582 
  0.9136873 191.1978 
  0.9887574 193.1145 
  0.9785997 192.1537 
  0.9331612 190.2465 
  0.8977986 187.4211 
  0.8737724 182.8051 
  0.7565597 177.4156 
  0.5264634 176.533 
  0.6111026 174.7808 
  0.6892529 173.046 
  -0.07622904 171.3284 
  0.7258515 168.784 
  0.8414722 167.1087 
  0.9322094 166.2773 
  0.9386526 165.4501 
  0.9479164 165.4501 
  0.955969 165.4501 
  0.6931497 166.2773 
  0.3681334 162.9929 
  0.06551246 154.2915 
  0.04590509 148.2564 
  -0.1304778 142.4574 
  -0.01257125 136.8852 
  0.002730077 130.8766 
  0.1702838 125.7574 
  -0.01759744 120.8384 
  -0.07465883 116.1118 
  0.04305648 111.5702 
  -0.1220633 107.2061 
  -0.01025344 102.5003 
  0.1761213 98.491 
  -0.1583469 94.63854 
  0.0970434 90.48434 
  0.06891628 86.94508 
  0.3400644 83.54424 
  0.7016603 83.54424 
  0.7680394 73.01849 
  0.8669074 72.6552 
  0.8618568 72.29374 
  0.7767867 71.22009 
  0.7755559 69.46598 
  0.7742067 68.43433 
  0.3141692 76.75266 
  0.1921094 75.61279 
  0.3418502 80.6778 
  0.6163814 81.08118 
  0.5665037 81.08118 
  0.4970935 80.6778 
  0.01717323 82.71502 
  0.5000218 86.51251 
  0.2710255 90.48434 
  -0.05659764 94.1677 
  0.1551528 98.00098 
  0.140189 101.9903 
  0.1592833 106.142 
  -0.1189047 110.4628 
  0.02231353 114.9594 
  -0.1891014 119.639 
  0.01232843 124.5092 
  0.06486504 129.5776 
  -0.1535494 134.8523 
  -0.01261401 140.3417 
  -0.02373567 146.7849 
  -0.3360717 153.5239 
  0.5690702 159.7734 
  0.7098783 161.3751 
  0.8801537 161.3751 
  0.9556285 161.3751 
  0.8864002 163.8079 
  0.7756216 168.784 
  0.5311335 173.9112 
  0.225179 178.3027 
  0.04878936 180.9906 
  0.09330966 180.9906 
  0.1756786 179.1942 
  0.7901636 177.4156 
  0.9619777 175.6547 
  0.8827997 173.9112 
  0.6015201 172.185 
  0.5064474 169.6279 
  0.3275963 161.3751 
  0.7332178 162.9929 
  0.9076341 161.3751 
  0.9696895 162.182 
  0.9872161 162.9929 
  0.9788014 163.8079 
  0.9904761 164.6269 
  0.9741778 163.8079 
  0.9229316 162.9929 
  0.9228615 159.7734 
  0.9534643 157.4006 
  0.9709844 155.8383 
  0.9564182 154.2915 
  0.9250678 152.7601 
  0.7991793 150.4914 
  0.359274 147.5188 
  0.3343617 140.3417 
  0.3115977 114.3874 
  0.1911678 89.58624 
  0.6602268 81.89403 
  0.7874666 82.71502 
  0.5873507 82.71502 
  0.6354715 68.09386 
  0.4867619 67.75508 
  0.1717782 67.08258 
  0.2546671 67.08258 
  0.3662988 67.41799 
  0.5347984 67.41799 
  0.1634148 67.75508 
  0.1049427 67.08258 
  -0.131988 67.08258 
  -0.03969743 67.08258 
  0.148595 67.41799 
  0.1893942 67.41799 
  0.2074461 67.41799 
  0.191746 67.41799 
  0.2066661 67.41799 
  0.2725325 67.41799 
  0.2289715 67.41799 
  0.223021 67.41799 
  0.06326415 67.41799 
  -0.1067988 67.41799 
  -0.1873609 67.41799 
  -0.1215576 67.41799 
  -0.1888395 67.41799 
  -0.09007673 67.41799 
  -0.1578965 67.41799 
  0.006593562 67.41799 
  0.2366099 67.41799 
  0.1922411 67.41799 
  0.06577581 67.41799 
  -0.04950148 67.41799 
  0.06555367 67.41799 
  0.08576413 67.41799 
  0.1610879 67.41799 
  -0.05162846 67.41799 
  -0.1490226 67.41799 
  -0.06907448 67.41799 
  0.09173514 67.41799 
  -0.08985623 67.41799 
  0.03977618 67.41799 
  0.07246398 67.41799 
  -0.347032 67.41799 
  0.1653733 67.41799 
  0.1482841 67.41799 
  0.08707337 67.41799 
  0.001195143 67.41799 ]
