 [
  -0.1001948 119.0438 
  -0.1917957 119.0438 
  -0.03695033 119.0438 
  0.06096028 119.0438 
  -0.02180849 119.0438 
  -0.05727328 119.0438 
  -0.1289859 119.0438 
  0.02804921 119.0438 
  0.1524908 119.0438 
  0.02055074 119.0438 
  -0.1794237 119.0438 
  0.4428108 119.0438 
  0.1448085 119.0438 
  0.4327772 118.4515 
  0.6543073 118.4515 
  0.8911318 118.4515 
  0.9588675 118.4515 
  0.9720386 118.4515 
  0.9604431 118.4515 
  0.8288287 117.8622 
  0.7076033 117.8622 
  0.3702351 114.9594 
  0.2059227 113.8184 
  0.4888558 113.2521 
  -0.1790612 112.128 
  -0.01030298 111.5702 
  -0.0659479 111.0151 
  0.09588195 110.4628 
  0.04740274 109.9132 
  0.2501382 113.2521 
  0.5482314 115.5342 
  0.8113089 116.1118 
  0.7753504 114.3874 
  0.6455768 112.128 
  -0.1402426 116.6924 
  0.1604102 122.0498 
  0.120029 127.6532 
  0.1588093 133.5138 
  -0.04418379 139.6435 
  0.01815598 146.0546 
  0.7617242 152.0001 
  0.4387931 138.2575 
  0.7194764 138.2575 
  0.9790998 139.6435 
  0.9596711 140.3417 
  0.8845538 142.4574 
  0.8418252 148.2564 
  0.937654 152.0001 
  0.9801816 154.2915 
  0.9878883 155.063 
  0.9915215 155.8383 
  0.9947305 156.6175 
  0.9936588 156.6175 
  0.9785018 155.063 
  0.9432536 152.0001 
  0.8646613 148.9977 
  0.8396495 144.605 
  0.633986 141.0434 
  -0.07804597 136.8852 
  -0.1534962 132.8496 
  -0.01040823 128.9329 
  -0.1154629 125.1317 
  0.0154301 121.4426 
  -0.2191079 117.8622 
  0.1448708 114.3874 
  0.3360905 111.0151 
  0.4793872 108.2809 
  0.5408565 113.2521 
  0.8119432 113.2521 
  0.8628173 112.128 
  0.8511562 110.4628 
  0.7862563 108.8223 
  0.6308972 108.2809 
  0.4811692 111.0151 
  0.2904865 114.3874 
  0.313385 117.8622 
  0.685321 116.1118 
  0.8575414 116.1118 
  0.9599712 114.9594 
  0.97137 113.8184 
  0.9897311 113.2521 
  0.9913602 112.6886 
  0.957407 113.2521 
  0.9007506 115.5342 
  0.8920856 117.8622 
  0.8693509 121.4426 
  0.8908255 124.5092 
  0.8879641 127.6532 
  0.9242347 129.5776 
  0.9602053 130.8766 
  0.9572495 132.1886 
  0.9372945 133.5138 
  0.945096 135.5266 
  0.9547474 136.8852 
  0.9599368 138.2575 
  0.9562896 138.9488 
  0.794785 138.2575 
  0.6636232 136.8852 
  0.7679564 129.5776 
  0.1412566 127.0181 
  0.1517912 124.5092 
  -0.007636612 122.0498 
  0.1194046 119.639 
  0.4638424 117.2759 
  0.01854433 114.3874 
  0.04002903 111.5702 
  0.4440396 109.3664 
  0.5686787 111.5702 
  0.8298402 111.5702 
  0.9574435 109.9132 
  0.9671668 109.3664 
  0.9717428 110.4628 
  0.9459962 110.4628 
  0.8508011 109.9132 
  0.7602243 109.9132 
  0.2138052 113.2521 
  0.4137722 117.8622 
  0.1988473 122.6601 
  0.2555788 128.2915 
  0.6145603 135.5266 
  0.8323511 136.8852 
  0.8700964 140.3417 
  0.9110357 143.1697 
  0.9507725 144.605 
  0.962406 146.7849 
  0.9716472 148.2564 
  0.9795675 148.9977 
  0.9639942 148.9977 
  0.944219 147.5188 
  0.9573393 143.8855 
  0.9621221 141.7487 
  0.9441127 139.6435 
  0.8820564 138.2575 
  0.5727792 136.8852 
  0.2568863 134.1814 
  -0.172423 132.1886 
  -0.1303097 129.5776 
  -0.1148343 127.0181 
  -0.00781739 124.5092 
  0.02395447 122.0498 
  0.04976241 119.639 
  0.1349611 117.2759 
  0.1390474 115.5342 
  0.02789877 113.2521 
  0.1048153 111.0151 
  0.5829756 105.614 
  0.3519105 108.8223 
  0.622867 110.4628 
  0.590865 109.3664 
  0.7585584 107.7421 
  0.9527246 107.2061 
  0.9675596 106.6728 
  0.9772 106.142 
  0.9330899 105.614 
  0.860128 105.0885 
  0.5926669 105.614 
  0.4287948 107.2061 
  0.2980304 107.2061 
  0.2361681 106.6728 
  0.3697889 97.51342 
  0.8333603 99.97575 
  0.8702933 99.97575 
  0.9095682 100.978 
  0.8734527 100.978 
  0.8538293 101.9903 
  0.7627152 102.5003 
  0.6236223 103.0128 
  0.2818474 103.0128 
  0.3851203 103.5278 
  0.1279116 104.0455 
  -0.04479156 104.0455 
  -0.04660074 104.0455 
  -0.1692922 104.0455 
  0.0769994 104.0455 
  0.2260157 104.0455 
  -0.1210023 104.0455 
  0.2110873 104.0455 
  -0.3455174 104.0455 
  0.2510299 104.0455 
  0.05099276 104.0455 
  0.01176562 104.0455 
  -0.05749907 104.0455 
  -0.1069894 104.0455 
  0.1928344 104.0455 
  0.2349429 104.0455 
  0.07261401 104.0455 
  0.1081681 104.5657 
  0.2641237 105.0885 
  0.3173662 105.614 
  0.1860311 105.614 
  0.02287283 106.142 
  0.09105907 106.6728 
  0.08067945 106.6728 
  0.1779192 106.6728 
  0.02935981 106.6728 
  -0.05628372 106.6728 
  -0.1960134 106.6728 
  -0.04943645 106.6728 
  0.04241558 106.6728 
  0.1981323 106.6728 
  0.2018675 106.6728 
  0.2375296 106.6728 
  0.03405656 106.6728 
  0.09195237 106.6728 
  -0.01920403 106.6728 
  0.2898965 106.6728 
  -0.2896636 107.2061 
  0.1682055 107.7421 
  -0.1022428 107.7421 
  0.1262183 107.7421 
  0.1487143 108.2809 
  -0.1218088 108.2809 
  0.04593641 108.2809 
  0.1367808 108.2809 
  -0.07871165 108.2809 
  -0.1428386 108.2809 
  -0.08875539 108.8223 
  0.08263187 109.3664 
  0.4147156 109.9132 
  0.7713242 112.128 
  0.9291201 113.2521 
  0.9821797 113.8184 
  0.9767881 114.3874 
  0.9766608 114.9594 
  0.9771603 115.5342 
  0.9905545 114.9594 
  0.9902847 114.9594 
  0.9912529 114.9594 
  0.9748031 114.9594 
  0.9441608 114.3874 
  0.8115727 113.2521 
  0.7821881 112.6886 
  0.8406653 114.9594 
  0.935772 117.2759 
  0.9096377 120.2372 
  0.8489001 123.2734 
  0.8322172 127.0181 
  0.9141307 127.6532 
  0.968392 128.9329 
  0.9715851 130.2255 
  0.9730027 130.8766 
  0.9954786 131.531 
  0.9921132 131.531 
  0.9785406 131.531 
  0.9042085 130.8766 
  0.7846668 130.2255 
  0.2613078 124.5092 
  0.0290089 123.8897 
  0.1782572 123.2734 
  0.09525216 123.2734 
  -0.0865869 122.6601 
  -0.1376305 122.0498 
  -0.03484053 121.4426 
  0.1007034 120.8384 
  0.0696585 120.2372 
  0.02200073 119.639 
  0.1635411 119.0438 
  -0.2258015 118.4515 
  -0.3239724 117.8622 
  -0.0983486 117.2759 
  0.003617631 116.6924 
  -0.07431121 116.1118 
  0.1379911 116.1118 
  0.3154459 118.4515 
  0.5881106 116.6924 
  0.7899199 117.2759 
  0.9847959 119.0438 
  0.9910417 118.4515 
  0.9798315 118.4515 
  0.9490789 116.6924 
  0.9397382 115.5342 
  0.9377115 114.3874 
  0.9587346 113.2521 
  0.9494411 112.6886 
  0.868864 112.6886 
  0.6876903 112.128 
  0.4320556 111.0151 
  0.2313127 112.128 
  0.3763871 114.3874 
  0.3988841 115.5342 
  0.1033489 117.8622 
  0.3724212 124.5092 
  0.7236833 126.3862 
  0.8602768 127.0181 
  0.9446506 128.2915 
  0.9640712 129.5776 
  0.9808329 130.2255 
  0.9746472 131.531 
  0.9722406 132.1886 
  0.9736109 132.8496 
  0.9464898 132.8496 
  0.823741 131.531 
  0.8118202 128.2915 
  0.7642735 124.5092 
  0.1117861 122.0498 
  -0.1979383 119.0438 
  0.08087899 116.6924 
  0.08185716 113.8184 
  0.00712588 111.5702 
  -0.1145076 108.8223 
  -0.2072796 106.142 
  0.06192987 103.5278 
  -0.06569859 100.978 
  0.1834029 98.98344 
  0.4280813 96.54556 
  0.6887403 98.00098 
  0.6506627 100.978 
  0.8185552 103.5278 
  0.9116271 102.5003 
  0.8430595 101.4829 
  0.594489 100.4756 
  0.3518862 100.4756 
  0.4475991 100.4756 
  0.1277039 100.4756 
  -0.1130787 100.4756 
  -0.2920767 100.4756 
  -0.09595102 100.4756 
  -0.001151472 100.4756 
  0.2014938 100.4756 
  0.5340301 97.51342 
  0.2451613 100.978 
  0.9045017 105.0885 
  0.9793931 105.0885 
  0.9817067 105.0885 
  0.96573 105.0885 
  0.9736035 104.5657 
  0.9664311 104.5657 
  0.8697095 104.5657 
  0.5182747 105.614 
  -0.2489898 107.7421 
  -0.1463313 109.9132 
  0.05119872 112.128 
  -0.07863107 114.3874 
  0.05478992 116.6924 
  0.09819491 117.8622 
  0.2724942 119.639 
  0.2078721 121.4426 
  0.01583 123.2734 
  0.04329824 125.1317 
  0.170356 126.3862 
  -0.05374498 126.3862 
  0.4576532 125.7574 
  0.5172371 117.8622 
  0.6693124 116.6924 
  0.9388917 116.1118 
  0.9782766 116.1118 
  0.9736144 116.6924 
  0.9766931 116.6924 
  0.9885627 117.2759 
  0.986205 117.2759 
  0.9890425 117.2759 
  0.9845957 117.2759 
  0.9783896 116.6924 
  0.9759483 116.6924 
  0.9581583 116.1118 
  0.9361047 116.1118 
  0.85071 114.3874 
  0.7086486 113.2521 
  0.973722 113.2521 
  0.9654669 112.128 
  0.9538835 110.4628 
  0.9532608 108.8223 
  0.885211 107.7421 
  0.6710033 107.7421 
  0.08080987 108.8223 
  0.07905222 110.4628 
  0.5242117 113.2521 
  0.5239382 107.2061 
  0.7371212 105.0885 
  0.7109256 102.5003 
  0.8304717 99.97575 
  0.8129282 98.491 
  0.8549227 98.00098 
  0.8833647 98.491 
  0.4598715 98.98344 
  0.5717235 104.5657 
  0.7903911 106.142 
  0.655196 106.142 
  0.8791011 106.6728 
  0.7460396 107.2061 
  0.2777753 108.8223 
  -0.04516782 111.0151 
  0.0528689 113.2521 
  -0.09472904 115.5342 
  -0.1200279 117.8622 
  -0.1618104 119.639 
  -0.05256581 121.4426 
  0.05423939 123.2734 
  -0.1123069 125.1317 
  -0.02143106 127.0181 
  0.008133717 128.9329 
  0.1929373 130.8766 
  -0.1587812 132.8496 
  0.2857634 134.8523 
  0.5299178 136.8852 
  0.7422569 134.8523 
  0.7560511 132.8496 
  0.4682619 127.6532 
  0.3813863 125.7574 
  0.3082283 120.8384 
  0.4712319 121.4426 
  0.5472506 120.8384 
  0.6787194 119.639 
  0.5754033 119.0438 
  0.231299 119.0438 
  -0.1673345 119.0438 
  -0.0002126931 119.0438 
  0.2211969 119.0438 
  0.1472021 119.0438 
  0.006693273 119.0438 
  0.06114277 119.0438 
  0.1320597 119.0438 
  0.09224267 119.0438 
  0.05985609 119.0438 
  -0.1483316 119.0438 ]
