 [
  -0.07979602 152.0001 
  0.2910601 152.0001 
  0.226323 152.0001 
  -0.112811 152.0001 
  -0.2011141 152.0001 
  -0.2216155 152.0001 
  0.2762243 152.0001 
  0.5185373 152.0001 
  0.3460295 152.0001 
  0.3066117 152.0001 
  0.2173513 152.0001 
  0.06096742 152.0001 
  0.2687587 152.0001 
  0.2060666 152.0001 
  0.1520133 150.4914 
  0.2954998 148.2564 
  0.4649166 146.0546 
  0.6385734 139.6435 
  0.7425513 134.8523 
  0.8944247 131.531 
  0.8983071 128.2915 
  0.8354328 125.7574 
  0.5946376 125.1317 
  0.4552042 125.7574 
  0.2393806 130.8766 
  0.6483802 135.5266 
  0.8108544 139.6435 
  0.834426 143.8855 
  0.8508634 148.2564 
  0.8694348 150.4914 
  0.9178334 155.063 
  0.9440007 157.4006 
  0.9520316 159.7734 
  0.9788057 162.182 
  0.9806595 162.9929 
  0.9691792 164.6269 
  0.9515817 165.4501 
  0.8777519 164.6269 
  0.873581 160.5723 
  0.814631 155.8383 
  0.8308485 152.0001 
  0.8922876 148.2564 
  0.9243495 144.605 
  0.9693262 141.7487 
  0.9650755 139.6435 
  0.9697614 137.5696 
  0.9830408 136.2042 
  0.9893862 134.8523 
  0.9852158 132.8496 
  0.9800729 132.1886 
  0.9046835 131.531 
  0.8254839 127.0181 
  0.949271 125.7574 
  0.9793098 124.5092 
  0.974197 123.8897 
  0.9369805 122.6601 
  0.8760384 120.8384 
  0.8751807 118.4515 
  0.9661903 117.8622 
  0.9058983 116.6924 
  0.8889982 114.3874 
  0.9345213 112.128 
  0.9347767 111.0151 
  0.8755339 109.9132 
  0.7732026 109.9132 
  0.6247686 111.0151 
  0.2976357 112.6886 
  0.5218375 113.8184 
  -0.04772721 114.9594 
  -0.006329736 116.1118 
  -0.01324748 118.4515 
  -0.01722908 120.2372 
  0.1111917 122.0498 
  0.05845208 123.8897 
  0.0556791 127.0181 
  0.02983305 130.2255 
  0.6970507 134.8523 
  0.7470976 131.531 
  0.9175251 130.8766 
  0.9768689 130.2255 
  0.9442705 128.9329 
  0.9245345 127.6532 
  0.9891737 126.3862 
  0.980751 126.3862 
  0.9716418 127.0181 
  0.8630042 127.0181 
  0.7848596 125.7574 
  0.6693571 124.5092 
  0.9565873 126.3862 
  0.9211717 125.1317 
  0.8388282 123.8897 
  0.7402973 122.6601 
  0.5222299 121.4426 
  0.02290704 120.2372 
  -0.02459246 119.639 
  0.1194647 118.4515 
  0.4909725 117.2759 
  0.4855405 123.8897 
  0.7197164 125.1317 
  0.849093 125.7574 
  0.5959373 123.2734 
  0.6107272 119.0438 
  0.7523849 116.1118 
  0.813647 113.8184 
  0.8728798 112.128 
  0.7550234 110.4628 
  0.6879026 108.8223 
  0.8136646 105.614 
  0.6515986 106.142 
  0.03465518 106.6728 
  0.01698728 107.7421 
  0.2016082 108.8223 
  -0.1072663 110.4628 
  0.1357206 112.128 
  -0.1237712 113.8184 
  0.3067569 115.5342 
  0.07366892 117.2759 
  0.5119945 118.4515 
  0.7753727 119.0438 
  0.977872 119.0438 
  0.9915513 119.0438 
  0.9919899 119.0438 
  0.7577738 121.4426 
  0.7873417 122.6601 
  0.8352757 124.5092 
  0.9015917 125.1317 
  0.9648307 127.0181 
  0.9681759 127.6532 
  0.9628804 127.0181 
  0.9503475 125.7574 
  0.9060526 123.2734 
  0.9435697 121.4426 
  0.930206 120.2372 
  0.8689957 118.4515 
  0.875443 116.6924 
  0.9311199 113.8184 
  0.9563612 112.6886 
  0.9757127 112.128 
  0.9659566 111.5702 
  0.9026216 111.0151 
  0.8256273 109.9132 
  0.7463534 108.2809 
  0.2954644 108.2809 
  0.4004905 109.3664 
  -0.03042108 110.4628 
  0.07429914 111.5702 
  0.1848668 112.128 
  0.2820014 112.6886 
  0.2282364 113.2521 
  0.04901929 114.3874 
  -0.03760382 115.5342 
  0.3006883 116.6924 
  0.6899552 117.2759 
  0.6345187 114.3874 
  0.802191 111.5702 
  0.7175069 108.2809 
  0.6469185 105.614 
  0.2629366 106.142 
  0.2800349 107.7421 
  -0.05001227 108.8223 
  0.08524293 110.4628 
  0.09795762 111.5702 
  -0.03560845 112.6886 
  0.07707588 113.8184 
  -0.04200051 115.5342 
  -0.02768822 116.6924 
  0.01308862 118.4515 
  0.1428847 119.639 
  0.1620265 120.2372 
  0.008956302 121.4426 
  0.2442134 124.5092 
  0.638855 127.0181 
  0.8139333 125.7574 
  0.9841635 125.1317 
  0.9430294 124.5092 
  0.8318696 122.0498 
  0.9434084 119.639 
  0.9439012 119.639 
  0.9271953 119.0438 
  0.9303722 117.8622 
  0.9081159 115.5342 
  0.8364133 114.9594 
  0.372421 116.1118 
  0.1147212 117.2759 
  0.2709956 119.0438 
  0.2636133 120.8384 
  0.05226278 122.6601 
  0.1221246 123.8897 
  0.09954323 125.1317 
  0.1418568 126.3862 
  0.1896482 127.6532 
  0.1798727 128.9329 
  0.08350708 130.2255 
  0.05488748 131.531 
  0.6064146 134.1814 
  0.7607998 132.8496 
  0.9360037 130.8766 
  0.9435119 128.9329 
  0.9264092 127.0181 
  0.9513586 124.5092 
  0.9457676 122.6601 
  0.9376311 120.8384 
  0.9146115 119.0438 
  0.871791 116.1118 
  0.796314 113.2521 
  0.764316 109.9132 
  -0.009498834 108.8223 
  0.1680592 107.7421 
  0.5552894 107.2061 
  0.7131782 105.614 
  0.7432896 103.5278 
  0.8147045 100.978 
  0.8781254 98.491 
  0.9421008 96.54556 
  0.9633602 95.5873 
  0.9516811 94.63854 
  0.9300429 94.1677 
  0.8536824 93.6992 
  0.7297063 93.6992 
  0.571652 93.6992 
  0.4712064 93.6992 
  0.3364646 93.6992 
  0.6051697 93.6992 
  0.235846 93.6992 
  0.07289196 93.6992 
  0.1309538 93.6992 
  -0.02353977 93.6992 
  0.005848507 93.6992 
  0.03515406 93.6992 
  0.1470233 93.6992 ]
