 [
  -0.2398345 152.0001 
  -0.4770588 152.0001 
  -0.1454614 152.0001 
  -0.08450064 152.0001 
  -0.08974522 152.0001 
  -0.1426162 152.0001 
  0.1318773 152.0001 
  0.1296546 152.0001 
  -0.03463224 152.0001 
  -0.2422024 152.0001 
  -0.1191954 152.0001 
  0.1640118 152.0001 
  0.1419186 152.0001 
  0.1472819 152.0001 
  0.2853315 152.0001 
  0.2556456 151.2439 
  -0.3529206 150.4914 
  0.2309448 151.2439 
  0.4478702 158.1876 
  0.8645355 158.9785 
  0.9025131 158.9785 
  0.8733074 158.1876 
  0.734433 157.4006 
  0.9846249 158.1876 
  0.9903114 158.9785 
  0.9943399 159.7734 
  0.9411616 160.5723 
  0.8127583 162.182 
  0.8793502 162.9929 
  0.9039369 162.9929 
  0.8859307 161.3751 
  0.8397402 160.5723 
  0.8263535 158.9785 
  0.9082717 158.1876 
  0.9359561 158.1876 
  0.9474028 157.4006 
  0.9802879 156.6175 
  0.9866232 155.8383 
  0.9787666 155.8383 
  0.989085 155.8383 
  0.9741909 155.063 
  0.9367061 154.2915 
  0.9298687 152.7601 
  0.8994524 152.0001 
  0.8276539 148.9977 
  0.7304097 146.0546 
  0.21251 146.0546 
  0.2129735 146.0546 
  0.01765343 146.0546 
  0.02752947 146.7849 
  0.1482086 147.5188 
  0.3148243 147.5188 
  0.5739552 147.5188 
  0.1517684 147.5188 
  0.4889996 147.5188 
  0.8128831 148.9977 
  0.9087235 151.2439 
  0.9179369 150.4914 
  0.9394877 149.7427 
  0.9498205 148.9977 
  0.9857817 147.5188 
  0.9822248 147.5188 
  0.9709682 147.5188 
  0.9483199 146.7849 
  0.9487766 146.0546 
  0.8799849 144.605 
  0.8364915 141.7487 
  0.7525638 139.6435 
  0.2959987 140.3417 
  0.3620111 141.0434 
  0.3021001 141.7487 
  -0.01054865 143.1697 
  -0.2327846 144.605 
  0.01234763 145.328 
  0.05106091 146.0546 
  0.0762142 146.7849 
  0.5992986 148.2564 
  0.7820585 146.7849 
  0.8973342 145.328 
  0.9149236 141.7487 
  0.8855805 136.8852 
  0.8402045 132.1886 
  0.8608649 127.0181 
  0.8905127 122.6601 
  0.8804015 119.0438 
  0.9473755 115.5342 
  0.987376 113.8184 
  0.9868175 113.2521 
  0.9860638 112.128 
  0.9858964 112.128 
  0.9749453 112.6886 
  0.9457328 114.3874 
  0.9394569 114.9594 
  0.8891505 115.5342 
  0.6675155 114.9594 
  -0.03204041 114.3874 
  -0.09247164 113.8184 
  -0.08298302 113.2521 
  -0.006633002 112.6886 
  0.1830762 112.128 
  0.1975514 111.5702 
  0.1249747 111.0151 
  0.1536704 110.4628 
  0.1234688 110.4628 
  -0.04216703 110.4628 
  0.01708611 110.4628 
  0.2565858 110.4628 
  0.1770294 110.4628 
  0.08043315 110.4628 
  0.02975064 110.4628 
  0.02182743 110.4628 
  0.08260505 110.4628 
  -0.1559372 110.4628 
  -0.1187924 110.4628 
  0.1013491 109.9132 
  -0.1077303 109.3664 
  -0.1534144 109.3664 
  0.02066774 109.3664 
  0.05420714 109.3664 
  0.2973501 109.3664 
  0.2236686 109.3664 
  -0.2390935 109.3664 
  -0.03907305 108.8223 
  0.1511931 108.2809 
  0.2872201 107.7421 
  0.1791934 107.7421 
  0.02200217 107.7421 
  0.05183313 107.7421 
  -0.1901485 107.7421 
  0.2670112 107.2061 
  -0.07484543 106.6728 
  -0.1907949 106.142 
  -0.1595089 105.614 
  -0.1591246 105.0885 
  -0.06000661 105.0885 
  0.2531492 104.5657 
  0.4637669 107.7421 
  0.8551988 110.4628 
  0.9483161 111.5702 
  0.9661574 112.6886 
  0.8999671 112.6886 
  0.8224173 112.6886 
  0.6761414 112.6886 
  0.9840964 113.8184 
  0.8678327 114.3874 
  0.5644479 115.5342 
  0.2184566 116.6924 
  -0.0541085 118.4515 
  -0.02506849 120.2372 
  -0.1168897 122.0498 
  -0.1940732 123.8897 
  -0.325239 125.7574 
  -0.2585837 127.6532 
  0.0389848 128.9329 
  0.07637087 130.2255 
  0.07094733 132.1886 
  0.4714417 134.1814 
  0.6940795 133.5138 
  0.8067935 134.8523 
  0.9376159 134.1814 
  0.877061 133.5138 
  0.9592021 132.1886 
  0.9830391 131.531 
  0.9769528 131.531 
  0.9610053 132.1886 
  0.9029588 133.5138 
  0.8703633 135.5266 
  0.8842081 136.8852 
  0.8088557 136.8852 
  0.3143983 132.8496 
  0.8460872 133.5138 
  0.9367998 134.1814 
  0.9679206 134.8523 
  0.9934648 135.5266 
  0.7015966 135.5266 
  0.7981782 134.1814 
  0.7869207 131.531 
  0.7229706 128.9329 
  0.8367118 126.3862 
  0.8327959 124.5092 
  0.7256025 122.0498 
  0.9346803 120.2372 
  0.9667481 119.639 
  0.9419744 120.2372 
  0.9586453 120.2372 
  0.9514961 120.8384 
  0.9023428 122.0498 
  0.9743445 123.2734 
  0.9288346 123.2734 
  0.8457005 122.6601 
  0.7736647 121.4426 
  -0.1174454 121.4426 
  -0.008356291 121.4426 
  -0.0978037 121.4426 
  -0.02306653 121.4426 
  -0.1033744 121.4426 
  0.1102208 121.4426 
  0.2128423 121.4426 
  0.1710678 121.4426 
  0.09659746 121.4426 
  0.1438604 121.4426 
  0.01922943 122.0498 
  0.04174814 122.6601 
  0.1579668 123.2734 
  0.5230747 129.5776 
  0.5056722 126.3862 
  0.6670628 122.6601 
  0.5517564 119.639 
  0.728713 116.6924 
  0.8715224 113.8184 
  0.8563038 112.128 
  0.9796738 111.0151 
  0.9664009 111.0151 
  0.9538248 111.0151 
  0.9004349 111.0151 
  0.7884168 110.4628 
  0.06888308 108.2809 
  0.1218483 108.8223 
  -0.05972131 109.3664 
  -0.05420586 109.9132 
  -0.0593832 110.4628 
  -0.2015941 111.0151 
  -0.1543157 112.128 
  -0.01209918 113.2521 
  0.2265406 113.8184 
  0.313612 114.3874 
  0.23629 114.9594 
  0.3860683 115.5342 
  0.7497544 120.2372 
  0.8423872 120.2372 
  0.6476579 118.4515 
  0.4161393 113.8184 
  0.3897953 109.9132 
  0.2290978 106.142 
  0.5705589 98.98344 
  0.6940007 97.02828 
  0.4062184 94.1677 
  0.1922033 91.39146 
  0.4705471 86.51251 
  0.7290606 85.65383 
  0.8606654 84.38177 
  0.9393686 83.12859 
  0.7447215 83.12859 
  0.2868623 86.0821 
  0.1644048 86.94508 
  0.3276407 87.8167 
  0.1500637 88.25578 
  0.1234099 88.69706 
  0.1510254 89.14054 
  0.1512687 89.58624 
  0.1760678 90.03418 
  0.1705351 90.48434 
  0.1606729 90.93677 
  0.1995248 91.39146 
  0.09580363 91.84841 
  -0.3323195 92.30766 
  0.3286095 92.7692 
  -0.04409591 93.23304 
  0.01595055 93.6992 
  0.06859808 94.1677 
  -0.1082225 94.63854 
  -0.02346085 95.11173 
  -0.2954497 95.5873 
  -0.153834 96.06523 
  0.1256382 96.54556 
  0.003764141 97.02828 
  0.02258393 97.51342 
  0.001545744 98.00098 
  -0.04020916 98.491 
  -0.1606244 98.98344 
  -0.2039737 99.47836 
  -0.002273414 99.97575 
  0.03652033 100.4756 
  0.1023838 100.978 
  0.0460218 101.4829 
  0.199412 101.9903 
  -0.03199188 102.5003 
  0.06837444 103.0128 
  0.07887091 103.5278 
  -0.02324613 104.0455 
  -0.08960594 104.5657 
  0.03447219 105.0885 
  0.1373137 105.614 
  0.04252549 106.142 
  -0.1122411 106.6728 
  -0.00245142 107.2061 
  0.05606443 107.7421 
  -0.4294973 108.2809 
  -0.06056676 108.8223 
  -0.2200381 109.3664 
  0.1059047 109.9132 
  0.01065073 110.4628 
  0.1013279 111.0151 
  -0.1424127 112.128 
  0.2030424 113.2521 
  0.52766 116.1118 
  0.2570018 121.4426 
  0.7183218 123.2734 
  0.9484843 123.8897 
  0.9474988 123.8897 
  0.9695954 124.5092 
  0.941929 124.5092 
  0.9015515 123.8897 
  0.7678509 122.6601 
  0.1363488 122.0498 
  0.06824358 121.4426 
  -0.09659158 120.8384 
  -0.04051072 120.8384 
  0.005200936 120.8384 
  0.01534788 120.8384 
  -0.05534175 120.8384 
  -0.0767014 120.8384 
  0.02219786 120.8384 
  -0.1031756 120.8384 
  0.6909232 120.2372 
  0.8130007 119.639 
  0.9180006 119.0438 
  0.5186477 116.1118 
  0.5359366 109.3664 
  0.7192541 105.0885 
  0.8229433 102.5003 
  0.946471 100.978 
  0.9732096 100.978 
  0.9763693 100.978 
  0.9417603 100.978 
  0.8863328 100.978 
  0.8251134 100.4756 
  -0.02385931 98.98344 
  0.0798255 98.491 
  -0.06925105 97.51342 
  -0.09262456 96.54556 
  0.001920904 96.06523 
  0.140787 95.5873 
  -0.0310363 95.11173 
  0.09604319 94.63854 
  0.2981494 94.63854 
  0.42322 97.51342 
  0.6556397 97.51342 
  0.6679746 97.02828 
  0.3820219 95.11173 
  0.258876 91.39146 
  0.7809041 88.25578 
  0.9318172 86.94508 
  0.5204313 85.2277 
  0.9137412 83.54424 
  0.8953188 83.54424 
  0.4836782 84.38177 
  0.07579861 85.2277 
  -0.1728968 85.65383 
  -0.2387789 85.65383 
  -0.2715313 85.65383 
  -0.2746039 85.65383 
  0.02260077 85.65383 
  0.1711216 85.65383 
  -0.1879618 85.65383 
  -0.1133817 85.65383 
  -0.04762348 85.65383 
  0.12064 85.65383 
  0.1298804 85.65383 
  0.1422203 85.65383 
  -0.1066338 85.65383 
  -0.2296746 85.65383 
  -0.1864153 85.65383 ]
