 [
  0.2172245 214.4382 
  0.1812243 214.4382 
  -0.04002618 214.4382 
  -0.1517704 214.4382 
  -0.0545307 214.4382 
  -0.05442347 214.4382 
  0.2343062 214.4382 
  0.5202763 214.4382 
  0.7860905 214.4382 
  0.9359353 214.4382 
  0.8666263 214.4382 
  0.8966933 214.4382 
  0.9517343 214.4382 
  0.9595482 215.5104 
  0.9690195 216.5879 
  0.9741299 218.7592 
  0.9711261 218.7592 
  0.971606 219.853 
  0.9800525 220.9523 
  0.9874915 223.1673 
  0.9823949 224.2832 
  0.9879441 225.4046 
  0.9852582 227.6642 
  0.9732101 228.8026 
  0.9360559 229.9466 
  0.8536879 232.2518 
  0.9944057 238.1164 
  0.9992194 240.5036 
  0.9568934 245.3498 
  0.9414645 245.3498 
  0.9640623 245.3498 
  0.9876345 242.9146 
  0.9974997 242.9146 
  0.9992752 244.1292 
  0.9871172 245.3498 
  0.9655466 245.3498 
  0.8988845 246.5766 
  0.942238 245.3498 
  0.9587761 244.1292 
  0.9569603 241.7061 
  0.9561382 238.1164 
  0.9775586 236.9318 
  0.9940627 236.9318 
  0.9962776 236.9318 
  0.9937201 236.9318 
  0.9801836 236.9318 
  0.9537549 235.753 
  0.8922678 234.5801 
  0.9958552 238.1164 
  0.999855 238.1164 
  0.9995702 238.1164 
  0.998073 236.9318 
  0.9955295 235.753 
  0.7732873 234.5801 
  0.8513518 235.753 
  0.9440273 236.9318 
  0.9896786 239.307 
  0.9972889 241.7061 
  1.00083 242.9146 
  0.9997623 242.9146 
  0.9981602 244.1292 
  0.9957349 245.3498 
  0.991271 244.1292 
  0.9790959 240.5036 
  0.9529608 236.9318 
  0.8830425 234.5801 
  0.7943196 234.5801 
  0.7484142 235.753 
  0.473079 236.9318 
  0.06639253 239.307 
  -0.07911289 241.7061 
  0.05741043 242.9146 
  0.1094709 244.1292 
  0.5108225 245.3498 
  0.8853691 246.5766 
  0.9469088 241.7061 
  0.9731466 240.5036 
  0.9778246 236.9318 
  0.9648198 233.4131 
  0.9445053 227.6642 
  0.7609472 225.4046 
  0.8407019 224.2832 
  0.8647013 224.2832 
  0.8500453 224.2832 
  0.8572693 224.2832 
  0.7522106 224.2832 
  0.6967174 224.2832 
  0.1317763 224.2832 
  0.1462592 224.2832 
  0.6886498 220.9523 
  0.6787915 214.4382 
  0.7797865 211.2535 
  0.961336 208.1162 
  0.9712399 205.0254 
  0.9725276 202.9904 
  0.9841495 201.9805 
  0.9871657 199.9758 
  0.9834027 198.9809 
  0.9906063 197.0059 
  0.992411 196.0257 
  0.9904086 195.0505 
  0.9906577 194.0801 
  0.9946897 193.1145 
  0.9922608 192.1537 
  0.9947963 192.1537 
  0.9858191 192.1537 
  0.9807525 192.1537 
  0.9925683 192.1537 
  0.9881118 191.1978 
  0.9607058 191.1978 
  0.9080454 191.1978 
  0.8700702 187.4211 
  0.7475998 187.4211 
  0.3969001 188.3582 
  0.4519477 189.3 
  0.6816751 190.2465 
  0.04501828 191.1978 
  0.07117085 192.1537 
  0.07204092 192.1537 
  -0.1328217 192.1537 
  -0.4301375 192.1537 
  0.4855028 191.1978 
  -0.0106799 190.2465 
  0.00727226 189.3 
  0.09867577 188.3582 
  0.5093307 188.3582 
  0.5282037 192.1537 
  0.5878397 196.0257 
  0.869285 201.9805 
  0.7309193 201.9805 
  0.6326569 200.9756 
  0.04839457 199.9758 
  -0.2373527 199.9758 
  0.02671081 198.9809 
  -0.1630382 197.9909 
  0.006969522 197.0059 
  -0.03496652 196.0257 
  -0.08486355 195.0505 
  -0.03598236 194.0801 
  0.1707353 193.1145 
  -0.03235753 192.1537 
  0.1281147 191.1978 
  0.2655136 191.1978 
  0.2638847 190.2465 
  0.09051925 191.1978 
  0.2892068 198.9809 
  0.6109812 204.0054 
  0.9722942 205.0254 
  0.9728876 205.0254 
  0.9894638 207.0808 
  0.9812904 208.1162 
  0.9692934 209.1568 
  0.9221809 210.2025 
  0.846683 210.2025 
  0.2058185 211.2535 
  -0.3343599 211.2535 
  -0.1252266 211.2535 
  -0.2476002 211.2535 
  -0.185126 211.2535 
  -0.5062162 211.2535 
  -0.01829792 211.2535 
  -0.1578324 212.3098 
  0.09978862 213.3714 
  0.06193119 213.3714 
  0.101173 213.3714 
  0.3686892 213.3714 
  0.1761222 213.3714 
  0.3428707 210.2025 
  0.7899034 206.0505 
  0.7728002 206.0505 
  0.9114197 206.0505 
  0.8124958 207.0808 
  0.7308936 208.1162 
  0.7009385 209.1568 
  0.6469054 210.2025 
  0.7902625 211.2535 
  0.9363232 212.3098 
  0.9642894 213.3714 
  0.9916399 212.3098 
  0.993016 211.2535 
  0.9942718 210.2025 
  0.9881063 211.2535 
  0.9845553 214.4382 
  0.9931201 216.5879 
  0.9663438 216.5879 
  0.9434536 218.7592 
  0.9958116 222.057 
  0.9986126 223.1673 
  0.9963892 223.1673 
  0.9978585 225.4046 
  1.000392 226.5316 
  0.9983479 227.6642 
  0.9956868 226.5316 
  0.9964147 226.5316 
  0.9977921 225.4046 
  0.997466 225.4046 
  0.9709311 224.2832 
  0.9456072 225.4046 
  0.8391035 226.5316 
  0.8032768 227.6642 
  0.8020571 229.9466 
  0.2009528 232.2518 
  0.0269057 233.4131 
  0.03749571 234.5801 
  0.03469247 235.753 
  -0.02419673 236.9318 
  0.0253405 238.1164 
  0.03416187 239.307 
  0.03755238 240.5036 
  -0.08632901 241.7061 
  0.6227326 242.9146 
  0.8366346 235.753 
  0.9204418 232.2518 
  0.9995105 229.9466 
  0.9968593 228.8026 
  0.988785 227.6642 
  0.9819919 226.5316 
  0.9886844 223.1673 
  0.9962218 220.9523 
  0.9990902 218.7592 
  0.9981449 217.6709 
  0.994421 216.5879 
  0.9843915 216.5879 
  0.9509091 216.5879 
  0.9397345 217.6709 
  0.9315976 217.6709 
  0.9385795 217.6709 
  0.917352 217.6709 
  0.6765498 217.6709 
  0.2517585 217.6709 
  -0.03349256 217.6709 
  -0.008123975 217.6709 
  -0.3100311 217.6709 
  -0.1071377 217.6709 
  0.1073673 217.6709 
  0.226579 217.6709 
  0.4451228 217.6709 
  0.3575744 217.6709 
  0.07954145 217.6709 
  0.08507697 217.6709 
  0.1266386 217.6709 
  0.1845431 217.6709 
  0.0751029 217.6709 
  0.338766 218.7592 
  0.7317845 219.853 
  0.7217484 218.7592 
  0.8854202 216.5879 
  0.4026626 216.5879 
  0.3738258 217.6709 
  0.4225932 218.7592 
  0.1153177 219.853 
  -0.04853779 220.9523 
  -0.2633879 222.057 
  -0.1458045 223.1673 
  -0.1087309 224.2832 
  -0.09457266 225.4046 
  0.1152194 226.5316 
  0.1047006 226.5316 
  0.1696106 226.5316 
  0.8890777 226.5316 
  0.9368934 224.2832 
  0.9588556 220.9523 
  0.9839356 216.5879 
  0.9920345 213.3714 
  0.9848065 210.2025 
  0.9871174 205.0254 
  0.9381846 198.9809 
  0.7202303 189.3 
  0.5306953 177.4156 
  0.4917955 166.2773 
  -0.05380969 155.063 
  0.3758568 144.605 
  0.2547859 134.8523 
  -0.03299006 125.7574 
  0.2345662 117.2759 
  0.2581303 109.9132 
  -0.02909387 103.0128 
  0.1155981 96.06523 
  0.2630656 90.03418 
  0.6379685 81.4866 
  0.7168806 80.27641 
  0.6171661 78.69076 
  0.5924959 77.90971 
  0.4726734 78.29926 
  0.566067 78.69076 
  0.8462656 90.03418 
  0.3999923 89.58624 
  0.4272787 84.80367 
  0.1568539 84.38177 
  0.08052491 85.2277 
  0.221443 86.94508 
  0.1065617 87.3798 
  0.2902276 88.25578 
  0.295269 88.69706 
  0.5868259 89.14054 
  0.4541658 89.14054 
  0.4459212 89.14054 
  0.08021137 89.14054 
  -0.3242594 89.14054 
  0.01462675 89.14054 
  0.03715724 89.14054 
  0.06495248 89.14054 
  -0.1223166 89.14054 
  -0.1302757 89.14054 ]
