 [
  -0.05250793 101.9903 
  0.2211451 101.9903 
  -0.2466534 101.9903 
  -0.0255922 101.9903 
  0.216487 101.9903 
  0.1354742 101.9903 
  -0.2639596 101.9903 
  0.02256229 101.9903 
  0.08052903 101.9903 
  -0.1310972 101.9903 
  -0.2581466 101.9903 
  -0.1672412 101.9903 
  -0.09256937 101.9903 
  -0.1715083 101.9903 
  -0.1834839 101.9903 
  0.1874557 101.9903 
  0.009749837 101.9903 
  -0.01642783 101.9903 
  0.06380801 101.9903 
  0.04952349 101.9903 
  0.6608654 101.9903 
  0.7057866 103.5278 
  0.8559632 104.5657 
  0.9497903 105.614 
  0.905503 105.0885 
  0.8748237 103.5278 
  0.7399366 103.5278 
  0.3063052 105.0885 
  -0.1026223 107.2061 
  -0.06720639 109.3664 
  -0.07667018 112.128 
  -0.1621868 114.9594 
  -0.1121524 117.8622 
  0.3600832 120.2372 
  0.5208948 121.4426 
  0.6163013 115.5342 
  0.7317125 110.4628 
  0.8629081 108.8223 
  0.9263231 107.7421 
  0.9377435 107.7421 
  0.8831939 109.3664 
  0.8431887 112.128 
  0.9169311 114.9594 
  0.9157386 117.2759 
  0.8966625 119.0438 
  0.8127632 122.6601 
  0.8889279 127.6532 
  0.9601034 130.8766 
  0.9700368 132.8496 
  0.9621645 134.8523 
  0.9739383 136.2042 
  0.9754085 136.8852 
  0.9706609 136.8852 
  0.9383187 136.8852 
  0.8476434 135.5266 
  0.5862893 134.8523 
  -0.07114231 136.8852 
  0.05581944 138.9488 
  0.02338032 141.0434 
  -0.1777325 143.1697 
  -0.1360719 145.328 
  0.04076336 147.5188 
  -0.1781134 149.7427 
  0.1826388 152.0001 
  0.7487429 154.2915 
  0.723514 148.2564 
  0.768258 143.8855 
  0.9502659 141.0434 
  0.9748839 138.2575 
  0.9699426 136.8852 
  0.9850506 134.8523 
  0.9863547 133.5138 
  0.9731523 134.1814 
  0.9562798 134.8523 
  0.9638075 134.8523 
  0.9760494 134.8523 
  0.9858196 134.8523 
  0.9903634 134.8523 
  0.9860693 134.1814 
  0.9844127 133.5138 
  0.9781933 133.5138 
  0.9642217 133.5138 
  0.9134945 134.8523 
  0.8977671 134.8523 
  0.8888983 133.5138 
  0.8300838 130.8766 
  0.6299971 129.5776 
  0.2333599 127.6532 
  0.07414383 125.1317 
  -0.03899289 120.2372 
  -0.1289315 116.1118 
  0.1089804 112.6886 
  0.2221988 108.8223 
  0.3511444 106.142 
  0.2566511 104.0455 
  0.08565666 102.5003 
  0.5861071 104.5657 
  0.2184681 103.5278 
  0.1065716 104.5657 
  0.6113986 96.06523 
  0.7924385 92.7692 
  0.8646085 90.93677 
  0.8419403 89.58624 
  0.9324676 88.69706 
  0.9568461 87.3798 
  0.9495085 86.0821 
  0.8131819 84.80367 
  0.7581944 83.54424 
  0.7580249 81.89403 
  0.7091552 82.3035 
  0.7717336 81.89403 
  0.7156821 81.08118 
  0.5430815 79.87703 
  0.4903429 78.29926 
  0.6290342 77.5221 
  0.6409756 76.3708 
  0.4416264 77.13642 
  0.07649751 78.69076 
  0.290091 79.47963 
  0.2771866 80.27641 
  0.123855 81.4866 
  0.219173 82.3035 
  0.211391 83.12859 
  0.2201345 83.96195 
  0.1924254 84.38177 
  0.2086014 85.2277 
  0.006303857 85.2277 
  0.6021756 84.38177 
  0.7229869 83.12859 
  0.6664248 80.6778 
  0.6888404 79.08421 
  0.8591268 78.29926 
  0.6738963 78.69076 
  0.2659967 79.47963 
  0.501924 80.27641 
  0.3668694 81.4866 
  0.555025 82.71502 
  0.6634089 83.96195 
  0.7452613 85.2277 
  0.6518467 87.8167 
  0.6886881 90.48434 
  0.7490504 93.23304 
  0.8736757 95.5873 
  0.9631252 96.54556 
  0.970746 97.51342 
  0.9729221 98.491 
  0.9521656 99.47836 
  0.9717016 100.978 
  0.9821726 101.9903 
  0.9782755 103.0128 
  0.970283 103.5278 
  0.9148039 103.5278 
  0.8912492 103.0128 
  0.8824825 101.4829 
  0.7434459 100.4756 
  0.6752571 98.00098 
  0.1009754 105.0885 
  0.1622871 112.128 
  -0.2784338 120.2372 
  -0.1821078 128.9329 
  0.5797188 137.5696 
  0.06467641 146.7849 
  -0.004298726 156.6175 
  0.08337026 167.1087 
  0.04595588 177.4156 
  -0.1123962 190.2465 
  -0.01612895 204.0054 
  0.1849964 216.5879 
  0.00463137 232.2518 
  -0.04224102 246.5766 
  0.4415774 261.7849 
  0.2382603 263.0938 
  0.2611256 273.8036 
  0.2659741 276.5485 
  0.3471358 277.9312 
  0.3850126 272.4414 
  0.4199205 260.4825 
  0.372151 254.067 
  0.3420811 246.5766 
  0.6331444 238.1164 
  0.6009302 231.0963 
  0.6613781 224.2832 
  0.6346084 220.9523 
  0.6000837 218.7592 
  0.1474643 218.7592 
  -0.04941149 218.7592 
  0.1831814 219.853 
  0.6910393 220.9523 
  0.5000922 222.057 
  0.06119361 223.1673 
  0.01719976 224.2832 
  0.00179746 225.4046 
  -0.01175778 226.5316 
  -0.1586192 227.6642 
  -0.09602498 228.8026 
  0.05800754 229.9466 
  -0.03915231 231.0963 
  -0.02262946 232.2518 
  0.06351857 233.4131 
  0.119582 234.5801 
  0.06238011 235.753 
  -0.1118938 236.9318 
  -0.03782434 238.1164 
  0.4495984 239.307 
  0.5853014 240.5036 
  -0.1149778 241.7061 
  0.2062804 242.9146 
  0.08756715 242.9146 
  -0.002630479 242.9146 
  0.02590684 242.9146 
  0.1130836 242.9146 
  0.05423176 242.9146 
  0.03457606 242.9146 
  0.06374235 242.9146 
  0.2334912 242.9146 
  0.2477336 242.9146 
  0.0350285 242.9146 
  0.2980875 242.9146 
  0.3642776 242.9146 
  0.2051063 242.9146 
  0.05699811 242.9146 
  -0.02696968 242.9146 
  -0.03079408 242.9146 
  0.06338532 242.9146 
  0.00523331 242.9146 
  0.2340071 242.9146 
  0.2317802 242.9146 
  0.3772169 242.9146 
  0.2695637 242.9146 
  0.1329264 242.9146 ]
