 [
  0.1663109 116.6924 
  -0.0251116 116.6924 
  -0.1389339 116.6924 
  -0.1334931 116.6924 
  0.1931097 116.6924 
  0.1339348 116.6924 
  -0.07004803 116.6924 
  -0.08179105 116.6924 
  0.1795801 116.6924 
  0.171798 116.6924 
  0.2771485 116.6924 
  0.3774974 116.6924 
  0.3200603 116.6924 
  0.2743424 116.6924 
  0.7209716 117.2759 
  0.8774493 116.6924 
  0.9384125 118.4515 
  0.9548699 119.0438 
  0.9660755 118.4515 
  0.9053407 116.6924 
  0.9362902 113.8184 
  0.973403 112.6886 
  0.9848021 111.5702 
  0.9829333 111.5702 
  0.9859492 111.5702 
  0.9902345 111.5702 
  0.9869368 111.5702 
  0.9878582 110.4628 
  0.9872602 109.3664 
  0.971618 108.2809 
  0.975342 107.2061 
  0.991792 106.6728 
  0.9699379 106.6728 
  0.9182695 105.614 
  0.9511897 104.5657 
  0.939913 104.5657 
  0.9888219 104.5657 
  0.9808059 104.0455 
  0.9472461 103.5278 
  0.7827679 101.9903 
  0.5922399 99.97575 
  0.7469708 96.54556 
  0.7500336 95.5873 
  0.660648 96.54556 
  0.5241879 98.491 
  0.4756039 101.9903 
  0.3916619 106.142 
  0.5724205 112.6886 
  0.6017852 119.639 
  0.6962425 126.3862 
  0.8720199 130.2255 
  0.8926226 132.8496 
  0.9506667 134.1814 
  0.9776757 135.5266 
  0.9920547 136.2042 
  0.9823239 137.5696 
  0.9666493 138.2575 
  0.9759319 139.6435 
  0.9701332 141.0434 
  0.966837 142.4574 
  0.9596664 144.605 
  0.9361644 146.0546 
  0.9680183 148.9977 
  0.9421074 148.9977 
  0.8761538 147.5188 
  0.8239821 145.328 
  0.604529 145.328 
  0.02473574 146.0546 
  0.3010761 146.7849 
  0.1441317 147.5188 
  -0.06217841 148.2564 
  -0.1556187 148.9977 
  -0.1370805 149.7427 
  0.3253409 150.4914 
  0.5787759 155.8383 
  0.8369324 155.8383 
  0.8658374 155.8383 
  0.8549576 153.5239 
  0.8627981 149.7427 
  0.8171614 143.8855 
  0.1511995 137.5696 
  -0.5123035 131.531 
  -0.1211236 126.3862 
  0.438194 122.0498 
  0.7022184 117.8622 
  0.917362 115.5342 
  0.8433232 112.6886 
  0.7303637 109.9132 
  0.7549632 107.2061 
  0.543976 106.142 
  -0.2060601 108.2809 
  -0.2105349 110.4628 
  -0.1986689 112.6886 
  -0.09645279 114.9594 
  0.08843181 117.2759 
  0.1566041 119.639 
  0.1945648 121.4426 
  0.07785493 123.2734 
  -0.005964169 125.7574 
  -0.1526835 128.2915 
  0.1292261 130.8766 
  0.2573642 132.8496 
  0.2791297 134.8523 
  0.3242007 136.8852 
  0.7806252 138.9488 
  0.8521564 135.5266 
  0.9728699 134.1814 
  0.9938143 134.1814 
  0.9838204 134.8523 
  0.9769 136.2042 
  0.9737883 138.2575 
  0.9789661 138.9488 
  0.9688715 138.9488 
  0.9397927 138.2575 
  0.7424546 138.2575 
  0.1752105 138.9488 
  0.04468209 139.6435 
  -0.006967673 140.3417 
  -0.01464339 141.0434 
  -0.02417243 141.7487 
  0.07368144 142.4574 
  0.07361069 143.1697 
  0.06002485 144.605 
  -0.04407093 146.0546 
  0.01775118 147.5188 
  -0.07947776 148.2564 
  0.6088543 149.7427 
  0.7240623 146.0546 
  0.64369 142.4574 
  0.6926507 136.8852 
  0.6153536 132.1886 
  -0.3640333 120.8384 
  0.3572841 112.128 
  0.273216 108.8223 
  0.1735863 106.6728 
  -0.005443489 105.614 
  0.03543049 104.5657 
  0.1238293 103.0128 
  0.485465 101.9903 
  0.7582688 102.5003 
  0.9160411 104.5657 
  0.8290663 108.2809 
  0.4224517 113.8184 
  0.724115 116.6924 
  0.8594428 119.0438 
  0.900465 119.639 
  0.9831449 120.8384 
  0.9898182 121.4426 
  0.9903719 121.4426 
  0.9949579 122.0498 
  0.9964461 122.0498 
  0.9927613 122.0498 
  0.9923183 121.4426 
  0.9919494 121.4426 
  0.9903696 121.4426 
  0.9868154 120.8384 
  0.9897543 120.2372 
  0.9872788 120.2372 
  0.9902511 119.639 
  0.992775 119.639 
  0.9900746 119.639 
  0.9752641 120.2372 
  0.9782861 121.4426 
  0.986118 122.0498 
  0.9807009 122.0498 
  0.9487556 122.6601 
  0.9372323 123.2734 
  0.9094388 123.8897 
  0.8801277 122.6601 
  0.8624566 120.8384 
  0.2575621 120.2372 
  0.02725151 119.639 
  0.02037099 119.0438 
  0.03796242 118.4515 
  0.05894247 117.8622 
  0.05025281 117.2759 
  0.1877186 116.1118 
  0.1037479 114.9594 
  -0.08486605 113.8184 
  -0.07838761 112.6886 
  0.08279894 111.5702 
  0.2112135 111.0151 
  0.3668056 110.4628 
  0.2460518 109.9132 
  0.1636909 109.3664 
  -0.08951853 108.8223 
  0.6495773 111.0151 
  0.6634083 108.2809 
  0.8012082 105.0885 
  0.9402075 103.0128 
  0.9590473 101.9903 
  0.9659154 101.9903 
  0.9764181 102.5003 
  0.9695268 103.0128 
  0.9607506 103.5278 
  0.8997726 103.5278 
  0.5785179 104.5657 
  0.5716559 111.0151 
  0.8663099 114.9594 
  0.9309672 117.2759 
  0.8980781 119.0438 
  0.8909761 122.0498 
  0.9491528 124.5092 
  0.984924 125.7574 
  0.9808964 125.1317 
  0.9150542 123.2734 
  0.8086336 119.639 
  0.6993648 115.5342 
  0.7066791 109.9132 
  0.7757394 105.614 
  0.8650551 103.5278 
  0.8756055 101.4829 
  0.7300341 99.47836 
  0.6680128 97.02828 
  0.711408 94.1677 
  0.688435 91.84841 
  0.7461812 89.58624 
  0.8625691 88.25578 
  0.7048399 89.58624 
  0.7988752 89.14054 
  0.9192168 89.14054 
  0.9152215 90.03418 
  0.946153 90.48434 
  0.9296852 90.48434 
  0.9258437 90.48434 
  0.9025147 90.48434 
  0.9253937 90.03418 
  0.9200448 90.48434 
  0.9622181 91.39146 
  0.9639063 91.84841 
  0.9572259 91.84841 
  0.8028458 91.39146 
  0.6328474 90.48434 
  0.01835299 91.39146 
  -0.5118937 93.23304 
  -0.4815404 95.11173 
  -0.538597 97.51342 
  -0.1635567 99.97575 
  0.08448618 102.5003 
  -0.01568964 105.0885 
  0.01699719 107.7421 
  0.02430596 108.2809 
  0.7339557 109.9132 
  0.2472579 100.4756 
  0.5763284 99.97575 
  0.9686049 99.97575 
  0.9485029 100.4756 
  0.9429126 101.4829 
  0.9642352 102.5003 
  0.9334526 103.5278 
  0.8407841 105.614 
  0.85728 107.7421 
  0.9447433 109.9132 
  0.9551176 111.0151 
  0.9117788 112.128 
  0.9045275 113.2521 
  0.9056731 114.3874 
  0.8834973 113.8184 
  0.7869554 113.2521 
  0.3223512 113.8184 
  0.01545776 114.3874 
  0.3745543 115.5342 
  0.4038818 116.6924 
  0.4034014 117.8622 
  0.02387114 119.0438 
  0.1918522 120.2372 
  0.3436452 119.639 
  0.1982411 120.2372 
  0.07999542 123.2734 
  0.3848734 127.6532 
  0.3094931 130.8766 
  0.1859206 138.9488 
  0.6257322 147.5188 
  0.6301646 127.0181 
  0.7539153 125.7574 
  0.8453702 123.2734 
  0.8915337 120.8384 
  0.9418447 118.4515 
  0.9825248 117.2759 
  0.9917687 116.6924 
  0.9923223 116.6924 
  0.9915757 117.2759 
  0.9902317 117.2759 
  0.9918328 117.8622 
  0.9926635 117.8622 
  0.992641 117.8622 
  0.9922367 117.8622 
  0.9901279 117.8622 
  0.9910563 118.4515 
  0.9841712 119.0438 
  0.9721581 120.2372 
  0.9750903 121.4426 
  0.9794617 122.6601 
  0.9362983 122.6601 
  0.8738509 122.0498 
  0.742521 119.0438 
  0.7069428 116.1118 
  0.7322724 112.6886 
  0.4544504 108.8223 
  0.2526501 105.0885 
  -0.01835945 101.4829 
  -0.01439225 98.00098 
  -0.03841322 94.63854 
  0.0889354 91.39146 
  0.09360196 88.25578 
  0.2041012 85.2277 
  -0.1005164 82.3035 
  0.0897308 79.08421 
  0.6470932 76.3708 
  0.5482037 74.48985 
  0.524819 74.48985 
  0.2727339 79.08421 
  0.5755841 82.71502 
  0.5774433 85.65383 
  0.6633067 87.3798 
  0.8542394 88.69706 
  0.8705961 89.58624 
  0.7375535 89.14054 
  0.7978836 89.14054 
  0.6491427 90.03418 
  0.5641959 89.14054 
  0.8049297 87.3798 
  0.9421516 86.0821 
  0.9343868 85.65383 
  0.8625054 85.2277 
  0.6405439 85.65383 
  0.02175054 87.3798 
  0.151393 90.03418 
  -0.0961751 92.30766 
  -0.4357108 94.63854 
  -0.01648888 97.02828 
  0.3162273 99.47836 
  0.09420232 99.97575 
  0.008023745 99.47836 
  0.4582054 97.51342 
  0.7112986 97.51342 
  0.8599814 97.51342 
  0.8933656 97.02828 
  0.9460329 97.51342 
  0.9647775 97.51342 
  0.9557348 97.51342 
  0.960579 97.51342 
  0.9246135 96.54556 
  0.9769138 95.11173 
  0.9692206 94.63854 
  0.9376543 95.11173 
  0.8495906 96.54556 
  0.7346029 99.47836 
  0.816117 102.5003 
  0.9269084 104.0455 
  0.9472673 105.0885 
  0.9366128 105.614 
  0.9249108 106.142 
  0.9238105 106.6728 
  0.8922971 106.142 
  0.7940489 105.0885 
  0.6422156 104.0455 
  0.3123772 103.5278 
  0.0450073 103.5278 
  0.0455805 103.5278 
  0.1782307 103.5278 
  -0.03860543 103.5278 
  -0.04682493 103.5278 
  0.0435616 104.0455 
  0.08982177 104.5657 
  0.191434 104.5657 
  0.2733967 104.5657 
  0.1820713 104.5657 
  0.04813575 104.5657 
  0.06039218 104.0455 
  0.108218 103.0128 
  -0.1051428 101.9903 
  0.5313952 104.5657 
  0.6732934 104.0455 
  0.9072707 103.5278 
  0.9911155 102.5003 
  0.9907017 101.9903 
  0.9654765 101.9903 
  0.9528277 100.978 
  0.9630077 99.97575 
  0.944768 98.491 
  0.9422705 97.51342 
  0.8990841 96.06523 
  0.852654 94.63854 
  0.9022369 92.7692 
  0.8545625 90.93677 
  0.8885745 88.69706 
  0.9670712 87.8167 
  0.9244233 86.94508 
  0.919793 85.65383 
  0.8652772 84.38177 
  0.8971214 83.96195 
  0.9898859 83.12859 
  0.9863954 83.12859 
  0.9819003 82.71502 
  0.9400983 82.3035 
  0.8540837 81.08118 
  0.8039949 81.08118 
  0.7067387 81.89403 
  0.3543642 84.38177 
  0.6513906 87.3798 
  0.5724303 87.8167 
  0.5849023 87.8167 
  0.4574924 87.8167 
  0.5562726 87.8167 
  0.4206149 87.3798 
  0.573231 87.3798 
  0.4286482 87.3798 
  0.5224153 87.8167 
  0.3202851 87.3798 
  -0.1390844 86.51251 
  -0.0553436 86.0821 
  -0.01641527 85.65383 
  0.1086007 85.65383 
  0.1183472 85.65383 
  -0.05244525 85.2277 
  0.07575827 84.80367 
  0.1182077 84.38177 
  0.01731649 84.38177 
  0.1769917 84.38177 
  0.09585487 84.38177 
  0.1056158 84.38177 
  0.2738512 84.38177 
  0.3151684 84.38177 
  0.3050723 84.38177 
  0.3467954 84.38177 
  -0.09357452 84.38177 
  -0.2523627 84.38177 
  -0.206819 84.38177 
  -0.09748539 84.38177 
  -0.05269701 84.38177 
  0.09291374 84.38177 
  0.1091783 84.38177 
  -0.03211486 84.38177 
  -0.1641357 84.38177 
  -0.2974786 84.38177 
  -0.2054021 84.38177 
  -0.3068933 84.38177 
  -0.1224487 84.38177 
  -0.06230971 84.38177 
  -0.2371637 84.38177 
  -0.02104075 84.38177 
  -0.2348306 84.38177 
  -0.2305771 84.38177 
  -0.2949337 84.38177 
  -0.4449397 84.38177 
  -0.1263746 84.38177 
  0.02225345 84.38177 
  -0.2093723 84.38177 
  -0.07968701 84.38177 
  -0.3688567 84.38177 
  -0.3202969 84.38177 
  -0.2055268 84.38177 
  -0.3058296 84.38177 
  -0.2597133 84.38177 
  -0.426902 84.38177 
  -0.279782 84.38177 
  -0.1809623 84.38177 
  -0.2259533 84.38177 
  -0.1365207 84.38177 
  -0.2847326 84.38177 
  -0.1792032 84.38177 
  -0.4275214 84.38177 
  -0.4434975 84.38177 
  -0.2970526 84.38177 
  -0.4208666 84.38177 
  -0.3203425 84.38177 
  -0.1647644 84.38177 
  -0.0622404 84.38177 
  -0.1961589 84.38177 ]
