 [
  0.1772717 293.6054 
  -0.1453848 293.6054 
  0.07024135 293.6054 
  -0.2474709 293.6054 
  0.0187863 293.6054 
  -0.2795204 293.6054 
  -0.3525988 293.6054 
  -0.1163436 293.6054 
  -0.1770047 293.6054 
  -0.004332863 293.6054 
  0.1904164 293.6054 
  0.0290411 293.6054 
  -0.1495531 293.6054 
  -0.1472664 293.6054 
  -0.01212776 293.6054 
  0.08142769 293.6054 
  0.8479533 293.6054 
  0.919499 287.806 
  0.9527156 283.5317 
  0.9862467 280.7175 
  0.9848552 277.9312 
  0.9935928 273.8036 
  0.9899582 272.4414 
  0.9813354 272.4414 
  0.9773968 276.5485 
  0.9897373 279.3209 
  0.9895185 280.7175 
  0.9850587 280.7175 
  0.9860808 279.3209 
  0.9814456 276.5485 
  0.9331352 272.4414 
  0.8979923 265.7313 
  0.9504762 259.1866 
  0.9707929 257.8971 
  0.9481526 260.4825 
  0.9344929 263.0938 
  0.9079662 265.7313 
  0.8399476 267.06 
  0.4914781 267.06 
  0.04461653 267.06 
  0.1571736 267.06 
  0.172361 267.06 
  -0.1750584 267.06 
  0.1549399 267.06 
  -0.0288184 267.06 
  0.02399868 267.06 
  -0.1253645 267.06 
  -0.1639883 267.06 
  0.009071631 265.7313 
  0.04331464 265.7313 
  0.2460771 265.7313 
  -0.03090402 265.7313 
  0.02046968 265.7313 
  0.1553371 265.7313 
  0.140448 265.7313 
  0.4433427 265.7313 
  0.8500891 265.7313 
  0.9490244 267.06 
  0.9778816 269.7372 
  0.9725597 275.1726 
  0.9604431 282.1211 
  0.9348197 290.6912 
  0.9279723 299.5217 
  0.9492595 311.7143 
  0.9560429 324.4033 
  0.966747 332.5949 
  0.9746257 335.9292 
  0.9601064 334.2579 
  0.9475978 334.2579 
  0.6526097 332.5949 
  0.02938727 330.9402 
  -0.01107498 329.2938 
  0.2312652 329.2938 
  0.2388279 327.6555 
  -0.06734933 326.0254 
  0.003999104 326.0254 
  0.6818992 324.4033 
  0.8447632 324.4033 
  0.8874382 317.9955 
  0.9020467 307.085 
  0.9535615 296.5488 
  0.977279 287.806 
  0.9807937 282.1211 
  0.9848899 276.5485 
  0.9640679 272.4414 
  0.8830188 268.3953 
  0.5058818 264.4093 
  0.2352092 260.4825 
  0.1764671 256.614 
  0.1675228 252.8029 
  0.3141108 249.0485 
  0.3275691 245.3498 
  0.6521608 241.7061 
  0.6715214 238.1164 
  0.6356598 234.5801 
  0.9255798 231.0963 
  0.9901907 229.9466 
  0.984266 233.4131 
  0.9828476 234.5801 
  0.9548582 233.4131 
  0.9514816 231.0963 
  0.9606766 231.0963 
  0.9897342 229.9466 
  0.97641 227.6642 
  0.9647433 225.4046 
  0.9682639 222.057 
  0.9743228 218.7592 
  0.9257364 216.5879 
  0.7820089 215.5104 
  0.4140075 217.6709 
  0.5426642 219.853 
  -0.005807516 222.057 
  -0.003698116 224.2832 
  -0.001985922 226.5316 
  0.4232692 227.6642 
  0.07599359 228.8026 
  0.4628209 229.9466 
  -0.1045214 231.0963 
  -0.08138599 233.4131 
  -0.1596252 235.753 
  -0.08841135 238.1164 
  -0.1696202 240.5036 
  0.5144464 242.9146 
  0.8815603 242.9146 
  0.9830896 241.7061 
  0.9937167 240.5036 
  0.9932281 238.1164 
  0.9922479 235.753 
  0.9865132 232.2518 
  0.9877903 229.9466 
  0.9889654 229.9466 
  0.988796 231.0963 
  0.9892691 233.4131 
  0.9898142 235.753 
  0.9792043 235.753 
  0.9587603 235.753 
  0.9142759 235.753 
  0.773286 235.753 
  0.5286081 235.753 
  0.423953 235.753 
  0.1771605 235.753 
  0.2566299 235.753 
  0.578919 234.5801 
  0.576049 233.4131 
  0.5881204 231.0963 
  0.605474 227.6642 
  0.7935294 225.4046 
  0.9411621 224.2832 
  0.9722282 223.1673 
  0.9820399 223.1673 
  0.9912231 224.2832 
  0.9734922 223.1673 
  0.88298 222.057 
  0.8645798 223.1673 
  0.9296289 226.5316 
  0.9511634 226.5316 
  0.9472983 225.4046 
  0.9562336 223.1673 
  0.9751636 222.057 
  0.9619817 223.1673 
  0.9668436 223.1673 
  0.9660079 224.2832 
  0.9546318 225.4046 
  0.9447219 227.6642 
  0.9089012 228.8026 
  0.8581843 228.8026 
  0.7558174 225.4046 
  0.9759026 228.8026 
  0.834641 232.2518 
  0.6589944 235.753 
  0.802285 234.5801 
  0.9230556 232.2518 
  0.9923689 229.9466 
  0.9874703 228.8026 
  0.9837878 225.4046 
  0.9933824 223.1673 
  0.9905658 220.9523 
  0.9801009 219.853 
  0.9678846 218.7592 
  0.9641334 218.7592 
  0.9717021 218.7592 
  0.9598059 218.7592 
  0.9243095 217.6709 
  0.9107264 217.6709 
  0.9237078 216.5879 
  0.9283333 215.5104 
  0.9292936 215.5104 
  0.883624 216.5879 
  0.906376 217.6709 
  0.9216725 218.7592 
  0.9700424 218.7592 
  0.958041 217.6709 
  0.9520292 216.5879 
  0.9208343 218.7592 
  0.8844152 222.057 
  0.9323049 225.4046 
  0.5397242 228.8026 
  0.1115185 232.2518 
  -0.044388 235.753 
  0.6181905 238.1164 
  0.8891414 239.307 
  0.9503671 239.307 
  0.9865918 239.307 
  0.984111 238.1164 
  0.9697596 236.9318 
  0.9425088 234.5801 
  0.8601784 232.2518 
  0.997826 229.9466 
  0.9973148 228.8026 
  0.9957631 226.5316 
  0.9941716 224.2832 
  0.9825052 222.057 
  0.854297 218.7592 
  0.9164947 216.5879 
  0.9775468 215.5104 
  0.9749779 214.4382 
  0.944506 213.3714 
  0.9494549 211.2535 
  0.9419873 209.1568 
  0.9430094 209.1568 
  0.8098933 210.2025 
  0.7279121 211.2535 
  0.8274311 214.4382 
  0.953968 218.7592 
  0.9628124 224.2832 
  0.9390385 231.0963 
  0.9413322 238.1164 
  0.9634596 242.9146 
  0.9654222 246.5766 
  0.9359035 249.0485 
  0.8529217 250.2938 
  0.7171039 251.5452 
  0.5828437 252.8029 
  0.6407394 254.067 
  0.8384205 255.3373 
  0.9365762 256.614 
  0.94597 257.8971 
  0.9604217 255.3373 
  0.9917882 252.8029 
  0.9895488 250.2938 
  0.9925616 249.0485 
  0.995977 246.5766 
  0.9926506 244.1292 
  0.9913971 241.7061 
  0.9964423 239.307 
  0.9950622 238.1164 
  0.9889598 238.1164 
  0.9772195 239.307 
  0.9708683 239.307 
  0.9643123 239.307 
  0.9526229 239.307 
  0.9208561 239.307 
  0.9331321 238.1164 
  0.9274029 239.307 
  0.8742692 235.753 
  0.9269105 232.2518 
  0.9480894 231.0963 
  0.9311304 231.0963 
  0.8938237 232.2518 
  0.9066358 233.4131 
  0.9814876 235.753 
  0.9665004 234.5801 
  0.9584297 234.5801 
  0.9299844 233.4131 
  0.9191718 232.2518 
  0.9410605 231.0963 
  0.97395 229.9466 
  0.9797735 227.6642 
  0.966724 226.5316 
  0.9454363 225.4046 
  0.8958281 223.1673 
  0.6113665 214.4382 
  -0.2149584 180.9906 
  -0.5183862 149.7427 
  0.5564285 125.7574 
  0.597091 113.8184 
  0.8320062 113.2521 
  0.8791528 112.128 
  0.8969941 110.4628 
  0.9247037 108.8223 
  0.9606857 108.2809 
  0.6411973 107.2061 
  0.1159723 108.2809 
  0.5107464 120.8384 
  0.6590005 123.8897 
  0.9735955 124.5092 
  0.9925097 123.8897 
  0.9750063 123.8897 
  0.3783361 124.5092 
  0.7626497 114.3874 
  0.9731236 114.9594 
  0.9791505 115.5342 
  0.5555382 117.2759 
  0.6645231 120.8384 
  0.9825274 122.0498 
  0.9904028 122.0498 
  0.982646 121.4426 
  0.986938 121.4426 
  0.9822769 121.4426 
  0.9321036 122.0498 
  0.9449878 122.6601 
  0.899403 122.6601 
  0.9114186 121.4426 
  0.8209524 121.4426 
  0.8312628 123.8897 
  0.6294361 127.6532 
  0.5474648 132.1886 
  0.2466849 138.2575 
  -0.1475483 145.328 
  -0.7665564 152.7601 
  -0.9609483 161.3751 
  -0.8439149 170.476 
  -0.3478567 180.0902 
  0.05252952 190.2465 
  0.1134247 200.9756 
  0.1083094 212.3098 
  -0.2486554 224.2832 
  0.4490917 236.9318 
  0.7794641 244.1292 
  0.9172027 241.7061 
  0.936655 238.1164 
  0.9832649 232.2518 
  0.9826025 231.0963 
  0.968168 233.4131 
  0.9616938 235.753 
  0.9088592 236.9318 
  0.9589217 238.1164 
  0.9776635 239.307 
  0.9653184 240.5036 
  0.9094317 241.7061 
  0.9705844 242.9146 
  0.9883735 242.9146 
  0.9976987 242.9146 
  0.9988106 241.7061 
  0.9987994 240.5036 
  0.9990347 239.307 
  0.9438601 239.307 
  0.9385877 238.1164 
  0.9524709 236.9318 
  0.9926407 235.753 
  0.9841221 234.5801 
  0.9751529 234.5801 
  0.9356484 235.753 
  0.9305978 235.753 
  0.7657409 235.753 
  0.8398553 234.5801 
  0.8824887 233.4131 
  0.770329 232.2518 
  0.1712162 231.0963 
  0.09833431 229.9466 
  0.0665542 228.8026 
  -0.1059802 226.5316 
  -0.1756151 224.2832 
  0.09583785 219.853 
  0.2298953 213.3714 
  0.3916759 210.2025 
  0.3452955 208.1162 
  0.1189537 208.1162 
  0.07237186 209.1568 
  -0.1803244 210.2025 
  -0.1760341 211.2535 
  -0.3775251 211.2535 
  -0.4083473 211.2535 
  -0.04098088 211.2535 
  0.0121507 211.2535 
  0.07001492 211.2535 
  0.007571707 211.2535 
  -0.09238711 211.2535 
  -0.04985565 211.2535 
  -0.2199704 211.2535 
  -0.3190114 211.2535 
  -0.4200925 211.2535 
  -0.2602466 211.2535 
  -0.3510821 211.2535 
  -0.03745698 211.2535 
  -0.1079016 211.2535 
  -0.1556974 211.2535 
  -0.1009229 211.2535 
  -0.06158942 211.2535 
  -0.2109225 211.2535 
  -0.261647 211.2535 
  -0.4268717 211.2535 
  -0.1156156 211.2535 ]
