 [
  -0.1838685 179.1942 
  0.05323028 179.1942 
  -0.07414743 179.1942 
  -0.08375889 179.1942 
  0.2961685 179.1942 
  0.1516856 179.1942 
  -0.01698797 179.1942 
  -0.1161679 179.1942 
  -0.2373416 179.1942 
  -0.03607858 179.1942 
  -0.05992745 179.1942 
  -0.02927867 179.1942 
  0.344834 179.1942 
  0.5172965 184.6377 
  0.7146777 182.8051 
  0.8844486 183.7191 
  0.8947172 186.4887 
  0.9774351 189.3 
  0.9867046 189.3 
  0.9881309 190.2465 
  0.9913896 190.2465 
  0.9925886 190.2465 
  0.9947137 190.2465 
  0.993078 189.3 
  0.9472255 187.4211 
  0.9194124 186.4887 
  0.9528378 188.3582 
  0.9974347 189.3 
  0.9969109 190.2465 
  0.9992486 190.2465 
  0.9989269 190.2465 
  0.9986035 191.1978 
  0.9989168 192.1537 
  0.9710901 194.0801 
  0.9631721 196.0257 
  0.9727443 198.9809 
  0.9868613 200.9756 
  0.9879569 202.9904 
  0.9821699 207.0808 
  0.9826642 211.2535 
  0.9877453 214.4382 
  0.9858584 217.6709 
  0.9769521 222.057 
  0.985457 227.6642 
  0.9875475 231.0963 
  0.9864414 235.753 
  0.9903522 240.5036 
  0.9842668 244.1292 
  0.9827217 249.0485 
  0.9711437 250.2938 
  0.9241992 246.5766 
  0.4226497 234.5801 
  0.5311182 227.6642 
  0.5192867 225.4046 
  0.712843 227.6642 
  0.5338293 228.8026 
  0.3062032 229.9466 
  0.3940071 232.2518 
  0.348461 235.753 
  0.4306838 231.0963 
  0.1840561 210.2025 
  0.7923853 200.9756 
  0.9214903 202.9904 
  0.9429882 206.0505 
  0.9749671 209.1568 
  0.9938789 211.2535 
  0.9940036 211.2535 
  0.9921568 211.2535 
  0.993363 210.2025 
  0.9905596 210.2025 
  0.9858818 209.1568 
  0.9912652 208.1162 
  0.9890317 208.1162 
  0.9900377 208.1162 
  0.9869076 208.1162 
  0.9861735 209.1568 
  0.9831874 209.1568 
  0.9826128 209.1568 
  0.9700832 208.1162 
  0.9482821 207.0808 
  0.9061124 205.0254 
  0.8918297 202.9904 
  0.8443362 201.9805 
  0.9175254 202.9904 
  0.9503939 206.0505 
  0.9718375 207.0808 
  0.9871315 207.0808 
  0.988764 206.0505 
  0.992707 207.0808 
  0.9973109 208.1162 
  0.995424 208.1162 
  0.9959318 208.1162 
  0.9960177 208.1162 
  0.9945443 207.0808 
  0.99396 207.0808 
  0.9911761 206.0505 
  0.9931065 205.0254 
  0.9864302 204.0054 
  0.9747148 200.9756 
  0.6145505 194.0801 
  0.3390681 186.4887 
  0.2788511 174.7808 
  0.2566378 168.784 
  0.3278645 168.784 
  0.9717866 168.784 
  0.9037511 164.6269 
  0.6697825 160.5723 
  -0.05278606 156.6175 
  -0.008435028 152.7601 
  -0.3659585 148.9977 
  0.5380621 145.328 
  0.3733663 161.3751 
  0.6613681 166.2773 
  0.9394472 167.9442 
  0.9559177 167.1087 
  0.9783192 166.2773 
  0.9926024 166.2773 
  0.9896219 166.2773 
  0.9815404 165.4501 
  0.9617873 163.8079 
  0.9475483 162.182 
  0.9013404 162.9929 
  0.5757999 164.6269 
  -0.04864176 167.1087 
  0.0002518687 168.784 
  0.04124361 170.476 
  0.001963838 172.185 
  -0.1143437 173.9112 
  -0.1741823 175.6547 
  -0.05390682 177.4156 
  0.01340055 179.1942 
  0.1783075 180.9906 
  0.05077098 182.8051 
  -0.08974813 184.6377 
  -0.05859492 186.4887 
  -0.1286992 188.3582 
  -0.2020242 190.2465 
  0.07212702 191.1978 
  0.2481883 193.1145 
  0.1790762 194.0801 
  -0.04989369 195.0505 
  0.1649988 196.0257 
  0.6933095 197.0059 
  0.8398126 195.0505 
  0.9832683 193.1145 
  0.9892915 192.1537 
  0.9861428 191.1978 
  0.988286 190.2465 
  0.9794544 190.2465 
  0.9762895 189.3 
  0.9773594 190.2465 
  0.987201 191.1978 
  0.9802068 192.1537 
  0.9185125 195.0505 
  0.9357767 198.9809 
  0.9623423 202.9904 
  0.9445236 206.0505 
  0.939515 209.1568 
  0.9169498 212.3098 
  0.8699551 215.5104 
  0.666207 217.6709 
  -0.013884 219.853 
  0.07033913 222.057 
  -0.04145916 224.2832 
  -0.04787712 226.5316 
  -0.04194557 228.8026 
  0.01122204 231.0963 
  -0.05895612 233.4131 
  0.03448237 235.753 
  0.04815474 238.1164 
  0.4187481 239.307 
  0.3147702 240.5036 
  -0.0105899 241.7061 
  0.2870774 244.1292 
  0.2199515 244.1292 
  0.7047176 242.9146 
  0.8582591 231.0963 
  0.9270382 228.8026 
  0.9658574 226.5316 
  0.9562532 223.1673 
  0.9881034 218.7592 
  0.9872078 215.5104 
  0.9817784 213.3714 
  0.9852324 212.3098 
  0.9985634 212.3098 
  0.9995651 212.3098 
  0.9982729 212.3098 
  0.963816 212.3098 
  0.9586801 211.2535 
  0.9747864 210.2025 
  0.9798635 210.2025 
  0.934292 207.0808 
  0.5505457 205.0254 
  0.2649957 200.9756 
  0.09636269 213.3714 
  -0.3554642 217.6709 
  -0.14397 216.5879 
  -0.1194872 215.5104 
  -0.4236518 213.3714 
  0.1258567 211.2535 
  0.2028292 209.1568 
  0.3925985 207.0808 
  0.1523535 206.0505 
  0.1678684 205.0254 
  0.1489287 204.0054 
  0.1112224 202.9904 
  -0.09839737 200.9756 
  -0.09153596 199.9758 
  0.0113931 198.9809 
  -0.0258956 197.9909 
  -0.0450402 197.0059 
  -0.2207715 195.0505 
  -0.3487428 193.1145 
  0.777658 191.1978 
  0.8625527 188.3582 
  0.9391127 190.2465 
  0.9472383 188.3582 
  0.9318618 184.6377 
  0.961791 181.8956 
  0.982859 180.0902 
  0.9896421 179.1942 
  0.9909815 178.3027 
  0.98725 178.3027 
  0.9931473 177.4156 
  0.9989184 177.4156 
  0.9921646 177.4156 
  0.9910223 177.4156 
  0.9880636 177.4156 
  0.992687 177.4156 
  0.9903088 177.4156 
  0.9805347 178.3027 
  0.9759595 179.1942 
  0.9733138 179.1942 
  0.9411032 179.1942 
  0.803674 178.3027 
  0.5195583 177.4156 
  0.08701418 176.533 
  0.01888949 175.6547 
  0.2251146 174.7808 
  0.2172552 173.9112 
  0.1645257 173.046 
  -0.05923236 172.185 
  -0.05797246 171.3284 
  -0.1145438 170.476 
  0.05611464 169.6279 
  0.1429861 167.9442 
  0.1774955 166.2773 
  0.224014 165.4501 
  0.1147962 164.6269 
  0.05951984 163.8079 
  0.066542 162.9929 
  0.02925421 162.182 
  0.4842061 161.3751 
  0.0006321558 160.5723 
  -0.1205018 159.7734 
  -0.1388365 158.9785 
  -0.1515255 158.1876 
  0.1473739 157.4006 
  0.154208 156.6175 
  0.2742864 155.8383 
  -0.02609974 155.063 
  0.6323071 152.0001 
  0.6626676 157.4006 
  0.7287573 162.9929 
  0.9638759 167.9442 
  0.9948336 168.784 
  0.9923717 167.9442 
  0.9588145 167.1087 
  0.9447588 166.2773 
  0.9160899 165.4501 
  0.9994966 167.9442 
  0.9996955 167.9442 
  0.9947245 167.9442 
  0.9681002 167.9442 
  0.9087758 167.9442 
  0.5948054 168.784 
  0.8077798 170.476 
  0.07002861 172.185 
  0.3064807 173.9112 
  0.1228743 175.6547 
  0.1249183 177.4156 
  0.1232884 179.1942 
  0.05877705 180.9906 
  -0.01440695 182.8051 
  0.1241019 183.7191 
  0.0603853 182.8051 
  0.0770539 181.8956 
  0.5245014 180.9906 
  0.8219157 179.1942 
  0.9316885 177.4156 
  0.994205 175.6547 
  0.9835853 173.9112 
  0.960512 172.185 
  0.9264808 169.6279 
  0.8236119 167.9442 
  0.9714662 167.1087 
  0.9945421 166.2773 
  0.9919038 166.2773 
  0.9903871 166.2773 
  0.9912264 166.2773 
  0.9923999 166.2773 
  0.7318265 166.2773 
  0.7455813 166.2773 
  0.8725768 164.6269 
  0.9380481 162.9929 
  0.991159 161.3751 
  0.9938682 159.7734 
  0.9943891 158.9785 
  0.996591 158.1876 
  0.9986427 157.4006 
  0.9964206 156.6175 
  0.988161 155.063 
  0.996268 153.5239 
  0.9977179 152.7601 
  0.9965062 153.5239 
  0.9944339 153.5239 
  0.9887313 152.0001 
  0.9876916 150.4914 
  0.9979119 149.7427 
  0.99863 148.9977 
  0.9962655 147.5188 
  0.9791263 146.0546 
  0.9715368 143.1697 
  0.9932528 141.0434 
  0.992308 138.9488 
  0.9888127 138.2575 
  0.9943254 136.8852 
  0.997338 136.2042 
  0.9876361 134.8523 
  0.99563 133.5138 
  0.9948622 132.1886 
  0.9675831 130.2255 
  0.9859381 128.2915 
  0.9917136 127.0181 
  0.9886737 126.3862 
  0.9833809 125.1317 
  0.9831481 124.5092 
  0.9814706 124.5092 
  0.9446371 123.8897 
  0.8531445 123.8897 
  0.8134927 123.2734 
  0.8501336 123.2734 
  0.9554827 124.5092 
  0.9059749 125.7574 
  0.8544721 127.6532 
  0.8940105 129.5776 
  0.8892289 131.531 
  0.7953269 133.5138 
  0.6661814 135.5266 
  0.5773922 136.8852 
  0.6560223 138.2575 
  0.6954088 139.6435 
  0.6541454 141.0434 
  0.5904345 141.7487 
  0.6035556 142.4574 
  0.4904737 143.1697 
  0.5115449 143.1697 
  0.320448 143.1697 
  0.05238705 143.1697 
  0.1258324 143.1697 
  0.04822218 143.1697 
  -0.04045548 143.1697 
  -0.02378196 143.1697 
  0.1385492 143.1697 
  0.1546864 143.1697 
  0.1904301 143.1697 
  0.236751 143.1697 
  0.1151962 143.1697 ]
