 [
  -0.2027111 178.3027 
  -0.1062168 178.3027 
  -0.156695 178.3027 
  -0.1078843 178.3027 
  -0.2256291 178.3027 
  -0.05197039 178.3027 
  -0.126325 178.3027 
  -0.1039367 178.3027 
  -0.06298923 178.3027 
  -0.04176891 178.3027 
  0.0286382 178.3027 
  -0.09110989 178.3027 
  -0.002578538 178.3027 
  -0.02630861 179.1942 
  0.00871692 180.0902 
  0.4450834 180.9906 
  0.5231797 197.9909 
  0.7223802 199.9758 
  0.9917363 199.9758 
  0.9818216 198.9809 
  0.9844546 197.9909 
  0.9955844 197.9909 
  0.9932276 197.9909 
  0.9883117 198.9809 
  0.9644502 200.9756 
  0.9145766 204.0054 
  0.9403272 209.1568 
  0.9333218 212.3098 
  0.9220737 217.6709 
  0.9377021 222.057 
  0.9340339 226.5316 
  0.9603717 231.0963 
  0.9450336 234.5801 
  0.9593392 239.307 
  0.9631063 244.1292 
  0.9813451 247.8095 
  0.9803877 251.5452 
  0.9881017 254.067 
  0.9927018 255.3373 
  0.9824859 255.3373 
  0.9839465 254.067 
  0.9968526 252.8029 
  0.9984508 251.5452 
  0.995699 249.0485 
  0.9968374 246.5766 
  0.9954978 242.9146 
  0.9938538 240.5036 
  0.9923791 238.1164 
  0.9779664 236.9318 
  0.5356132 238.1164 
  0.3676373 226.5316 
  0.5877402 224.2832 
  0.9444879 222.057 
  0.956166 219.853 
  0.982888 217.6709 
  0.9889905 216.5879 
  0.987534 216.5879 
  0.9807876 215.5104 
  0.9774575 214.4382 
  0.9412883 212.3098 
  0.5745131 211.2535 
  0.2906494 204.0054 
  0.1181623 197.0059 
  0.54598 198.9809 
  0.04727976 197.9909 
  -0.2818471 197.9909 
  -0.325094 197.9909 
  -0.4612128 197.9909 
  0.2799417 197.0059 
  0.1452729 196.0257 
  0.1394914 195.0505 
  0.06414793 194.0801 
  0.1786962 193.1145 
  -0.03376954 193.1145 
  0.03345015 193.1145 
  0.06252301 194.0801 
  0.3516121 195.0505 
  0.6527691 196.0257 
  0.6268873 197.0059 
  0.8176557 197.9909 
  0.9079556 198.9809 
  0.9419344 201.9805 
  0.9728677 201.9805 
  0.9400625 199.9758 
  0.9392685 197.0059 
  0.9673675 193.1145 
  0.9677576 191.1978 
  0.9840761 188.3582 
  0.982809 187.4211 
  0.9842094 187.4211 
  0.9907975 186.4887 
  0.9898506 187.4211 
  0.9897656 188.3582 
  0.9843107 189.3 
  0.9805653 189.3 
  0.9818183 189.3 
  0.9849345 188.3582 
  0.9907055 188.3582 
  0.9912568 187.4211 
  0.9880494 187.4211 
  0.9932646 186.4887 
  0.9934381 186.4887 
  0.9863663 186.4887 
  0.9874643 185.5609 
  0.9854465 185.5609 
  0.9948086 185.5609 
  0.9890293 186.4887 
  0.9780655 188.3582 
  0.9823633 190.2465 
  0.9829317 191.1978 
  0.9763767 192.1537 
  0.9332764 191.1978 
  0.7826295 189.3 
  0.3464239 187.4211 
  -0.02598363 184.6377 
  -0.08256371 181.8956 
  -0.1097077 179.1942 
  -0.06411935 176.533 
  -0.06291939 173.9112 
  -0.07545395 171.3284 
  -0.04096872 168.784 
  0.2606138 166.2773 
  0.09202594 165.4501 
  0.1079271 164.6269 
  -0.4530867 162.9929 
  0.2218283 161.3751 
  -0.1164234 159.7734 
  0.007166256 158.9785 
  0.3450066 158.9785 
  0.06783132 174.7808 
  0.480264 180.0902 
  0.8868492 178.3027 
  0.9588879 177.4156 
  0.9749757 175.6547 
  0.9926155 174.7808 
  0.9938704 173.9112 
  0.9923301 174.7808 
  0.9917676 174.7808 
  0.9937535 173.9112 
  0.9952611 173.9112 
  0.9938803 173.9112 
  0.9921995 173.046 
  0.9886945 173.9112 
  0.9930416 173.9112 
  0.9927865 174.7808 
  0.9873597 175.6547 
  0.9676853 178.3027 
  0.9700773 180.9906 
  0.9767869 183.7191 
  0.9826936 185.5609 
  0.9879219 186.4887 
  0.9876581 187.4211 
  0.9901748 188.3582 
  0.9851952 191.1978 
  0.9726125 194.0801 
  0.981958 196.0257 
  0.9604265 196.0257 
  0.903767 195.0505 
  0.5482749 194.0801 
  0.4971427 193.1145 
  0.1023344 192.1537 
  0.7031471 191.1978 
  -0.005579907 190.2465 
  0.003103626 189.3 
  -0.008484399 189.3 
  0.01956447 189.3 
  0.12079 189.3 
  0.07788604 189.3 
  0.0877036 188.3582 
  0.1132105 188.3582 
  0.01461761 188.3582 
  0.6168703 188.3582 
  0.8016586 187.4211 
  0.9458562 186.4887 
  0.9877194 185.5609 
  0.9852995 184.6377 
  0.9517182 183.7191 
  0.9439549 182.8051 
  0.9795547 182.8051 
  0.9968598 182.8051 
  0.9923556 182.8051 
  0.9804276 183.7191 
  0.9311761 184.6377 
  0.8583933 185.5609 
  0.7040417 187.4211 
  0.3326123 189.3 
  -0.2759427 192.1537 
  -0.2939818 195.0505 
  -0.2307391 197.0059 
  0.08396463 199.9758 
  0.03560646 201.9805 
  -0.05262217 202.9904 
  0.1277581 202.9904 
  0.1804535 201.9805 
  -0.002196625 200.9756 
  0.6947151 196.0257 
  0.7840489 189.3 
  0.8913023 185.5609 
  0.948629 181.8956 
  0.9880693 180.9906 
  0.9923998 180.9906 
  0.9930318 180.9906 
  0.9929184 180.9906 
  0.9915888 180.0902 
  0.9869634 180.0902 
  0.9830899 179.1942 
  0.978907 178.3027 
  0.9556827 177.4156 
  0.8675698 177.4156 
  0.05833953 177.4156 
  -0.06604488 177.4156 
  -0.2245426 177.4156 
  -0.04361773 177.4156 
  0.1368416 177.4156 
  0.01659451 177.4156 
  0.1208656 177.4156 
  0.03636597 177.4156 
  -0.005923955 177.4156 
  -0.3030963 177.4156 
  -0.2556481 177.4156 
  -0.06515473 176.533 
  0.3067524 175.6547 
  0.7094287 174.7808 
  0.930443 173.9112 
  0.9744526 172.185 
  0.9755055 171.3284 
  0.9878165 169.6279 
  0.9869529 167.9442 
  0.9871992 167.1087 
  0.9899794 166.2773 
  0.9882742 166.2773 
  0.9661293 166.2773 
  0.9425457 166.2773 
  0.9406025 166.2773 
  0.9497793 166.2773 
  0.970651 166.2773 
  0.9863305 167.1087 
  0.9866602 167.9442 
  0.9882796 167.9442 
  0.986339 167.9442 
  0.9830461 167.9442 
  0.9811987 167.9442 
  0.9704591 167.9442 
  0.9270862 167.9442 
  0.8596902 167.9442 
  0.8194975 167.9442 
  0.8103934 167.9442 
  0.7806156 167.9442 
  0.7145765 167.9442 
  0.4751851 167.9442 
  0.288087 167.9442 
  0.08487301 167.9442 
  -0.008898735 167.9442 
  0.1922794 167.9442 
  0.2917084 167.9442 
  0.1723538 167.9442 
  0.0579394 167.9442 
  0.08632765 167.9442 
  0.0581343 167.9442 
  0.06870723 167.9442 
  0.02786342 167.9442 
  0.04789164 167.9442 
  0.1720273 167.9442 
  0.2097033 167.9442 
  0.1280514 167.9442 
  -0.003094015 167.9442 
  -0.1894624 167.9442 
  0.03596826 167.9442 ]
