 [
  0.1155366 232.2518 
  0.2999239 232.2518 
  0.4939877 232.2518 
  -0.1559843 232.2518 
  -0.04788599 232.2518 
  -0.03125031 232.2518 
  0.0838102 232.2518 
  0.3363003 232.2518 
  0.2363581 232.2518 
  0.3173192 232.2518 
  0.06258219 232.2518 
  0.6371108 232.2518 
  0.6265038 232.2518 
  0.6963472 226.5316 
  0.7117923 222.057 
  0.8019564 218.7592 
  0.5897062 219.853 
  -0.0302125 223.1673 
  0.1257592 226.5316 
  0.0796509 229.9466 
  0.1137484 232.2518 
  -0.03989511 234.5801 
  -0.06652912 236.9318 
  -0.2550784 239.307 
  -0.1687127 241.7061 
  0.1090994 244.1292 
  0.3507427 246.5766 
  0.8336586 247.8095 
  0.9276646 247.8095 
  0.9841957 245.3498 
  0.9605078 242.9146 
  0.9354105 239.307 
  0.7785378 239.307 
  0.2414284 242.9146 
  0.004526578 246.5766 
  -0.1755377 249.0485 
  -0.1456383 251.5452 
  0.1031114 252.8029 
  0.04960644 255.3373 
  0.0557781 257.8971 
  0.1021369 260.4825 
  0.2925574 263.0938 
  0.2883295 265.7313 
  0.5233645 269.7372 
  0.4822796 273.8036 
  0.9156113 277.9312 
  0.9153541 282.1211 
  0.9514881 279.3209 
  0.9888161 276.5485 
  0.9904593 273.8036 
  0.9892263 269.7372 
  0.9849288 264.4093 
  0.9906315 259.1866 
  0.9960722 255.3373 
  0.9952824 250.2938 
  0.9945315 246.5766 
  0.9942045 241.7061 
  0.9953284 238.1164 
  0.9949477 234.5801 
  0.9953216 231.0963 
  0.9980878 227.6642 
  0.9514723 225.4046 
  0.9594055 226.5316 
  0.9790301 226.5316 
  0.9925158 227.6642 
  0.9934831 226.5316 
  0.9916922 227.6642 
  0.9892128 228.8026 
  0.9964899 229.9466 
  0.9949257 229.9466 
  0.9924282 229.9466 
  0.9809783 227.6642 
  0.9469817 223.1673 
  0.8992858 218.7592 
  0.7781615 213.3714 
  0.3892724 209.1568 
  0.3495686 208.1162 
  0.3353989 206.0505 
  0.218768 204.0054 
  0.1853447 201.9805 
  0.14685 200.9756 
  0.1649783 199.9758 
  0.032443 198.9809 
  0.02461177 197.0059 
  0.0863104 195.0505 
  0.07679991 193.1145 
  0.2131994 191.1978 
  0.1695934 189.3 
  -0.07247587 187.4211 
  0.2764445 185.5609 
  0.08689378 184.6377 
  0.0882886 185.5609 
  0.2335432 188.3582 
  0.2186005 194.0801 
  0.02875505 199.9758 
  0.8474495 207.0808 
  0.7760718 205.0254 
  0.8670194 201.9805 
  0.9263971 200.9756 
  0.9816491 204.0054 
  0.991843 206.0505 
  0.9895146 206.0505 
  0.9909815 205.0254 
  0.9888246 202.9904 
  0.9782602 200.9756 
  0.9731957 197.9909 
  0.9714942 195.0505 
  0.9648494 195.0505 
  0.9817411 196.0257 
  0.9776115 197.0059 
  0.9857457 198.9809 
  0.9864174 199.9758 
  0.9686229 200.9756 
  0.9678597 200.9756 
  0.9735842 200.9756 
  0.999167 201.9805 
  0.9994328 201.9805 
  0.9997848 201.9805 
  0.9711711 202.9904 
  0.962843 202.9904 
  0.9710481 201.9805 
  0.9965825 200.9756 
  0.9974373 200.9756 
  0.9936731 198.9809 
  0.9906121 197.0059 
  0.9882697 196.0257 
  0.9906813 195.0505 
  0.9968672 195.0505 
  0.9966689 194.0801 
  0.9818986 193.1145 
  0.9513429 193.1145 
  0.8475749 195.0505 
  0.2794055 197.9909 
  -0.6724041 200.9756 
  -0.5579737 204.0054 
  -0.3284193 206.0505 
  -0.197574 208.1162 
  -0.007364803 210.2025 
  0.08116388 212.3098 
  -0.09436574 214.4382 
  0.009163813 216.5879 
  0.009187919 217.6709 
  0.1967339 218.7592 
  0.490754 217.6709 
  0.7813884 219.853 
  0.9669104 219.853 
  0.9943875 220.9523 
  0.9948719 220.9523 
  0.9977691 222.057 
  0.9957224 223.1673 
  0.9782929 223.1673 
  0.9446462 222.057 
  0.8395644 219.853 
  0.4674044 222.057 
  0.1441203 224.2832 
  0.4171197 226.5316 
  0.3713138 228.8026 
  0.4069803 231.0963 
  0.1167533 233.4131 
  0.1372795 235.753 
  0.1411924 236.9318 
  0.2801528 236.9318 
  0.2293456 238.1164 
  0.3911972 239.307 
  0.8686979 240.5036 
  0.9037066 238.1164 
  0.9366785 233.4131 
  0.9819747 231.0963 
  0.9891213 231.0963 
  0.9877151 229.9466 
  0.9898672 227.6642 
  0.9939564 226.5316 
  0.9938825 224.2832 
  0.9936285 223.1673 
  0.9942629 222.057 
  0.9861557 219.853 
  0.9720125 217.6709 
  0.9689574 216.5879 
  0.9844885 215.5104 
  0.9985172 214.4382 
  0.9987659 212.3098 
  0.9993849 211.2535 
  0.9994611 210.2025 
  0.9993814 209.1568 
  0.9979584 209.1568 
  0.9621784 209.1568 
  0.912492 210.2025 
  0.9380847 210.2025 
  0.9745602 209.1568 
  0.9936773 208.1162 
  0.9931498 207.0808 
  0.9924361 207.0808 
  0.991343 206.0505 
  0.9871264 206.0505 
  0.967719 206.0505 
  0.9271549 206.0505 
  0.8686365 207.0808 
  0.2662032 208.1162 
  0.08557982 210.2025 
  0.2073378 212.3098 
  0.3104268 214.4382 
  -0.1784272 215.5104 
  -0.08732282 217.6709 
  -0.08977093 219.853 
  0.1275639 222.057 
  0.5773736 224.2832 
  0.6182629 206.0505 
  0.7006272 200.9756 
  0.9424856 196.0257 
  0.9836849 192.1537 
  0.9978415 190.2465 
  0.9966422 189.3 
  0.9949151 187.4211 
  0.94526 186.4887 
  0.9407953 185.5609 
  0.950372 185.5609 
  0.990008 183.7191 
  0.9929226 182.8051 
  0.9958199 181.8956 
  0.9974439 180.9906 
  0.996272 180.0902 
  0.9955668 179.1942 
  0.992074 179.1942 
  0.9857061 178.3027 
  0.9815708 177.4156 
  0.9624826 176.533 
  0.9162587 175.6547 
  0.8803998 174.7808 
  0.4024029 173.046 
  -0.008536585 171.3284 
  0.07352955 169.6279 
  0.1042796 168.784 
  0.0769878 167.9442 
  -0.1947266 167.1087 
  0.151061 165.4501 
  0.1480649 165.4501 
  0.2929334 167.9442 
  0.4895946 173.046 
  0.7039198 178.3027 
  0.9516137 179.1942 
  0.9929453 180.0902 
  0.996529 180.0902 
  0.9960142 180.9906 
  0.9952046 180.9906 
  0.9924655 181.8956 
  0.9858893 182.8051 
  0.9534072 183.7191 
  0.9341756 184.6377 
  0.9218578 184.6377 
  0.7572258 184.6377 
  0.01766772 184.6377 ]
