 [
  -0.1949991 204.0054 
  -0.08827241 204.0054 
  0.143059 204.0054 
  0.64292 204.0054 
  0.5506825 204.0054 
  0.4091688 204.0054 
  0.2483564 204.0054 
  0.1366406 204.0054 
  -0.0966142 204.0054 
  -0.2657222 204.0054 
  0.01857082 204.0054 
  -0.1209752 204.0054 
  0.03362357 204.0054 
  0.1355196 204.0054 
  -0.02956623 204.0054 
  0.1521459 204.0054 
  0.6047076 202.9904 
  0.8430047 202.9904 
  0.9871531 201.9805 
  0.9925785 200.9756 
  0.9846534 197.9909 
  0.9788774 195.0505 
  0.9920967 191.1978 
  0.9958305 188.3582 
  0.9866269 185.5609 
  0.9824836 182.8051 
  0.9896878 180.0902 
  0.9918417 179.1942 
  0.9921403 178.3027 
  0.9937944 178.3027 
  0.9898275 177.4156 
  0.9933413 176.533 
  0.9902849 174.7808 
  0.988346 172.185 
  0.9856616 169.6279 
  0.97304 167.1087 
  0.956592 163.8079 
  0.9190006 158.9785 
  0.6093755 155.063 
  0.4423032 152.0001 
  0.3285077 152.0001 
  0.3216867 154.2915 
  0.223394 156.6175 
  0.5226737 157.4006 
  0.2178379 156.6175 
  0.06265846 162.9929 
  0.284187 174.7808 
  0.3882739 175.6547 
  0.1536601 173.046 
  0.5564003 162.182 
  0.8690444 162.9929 
  0.9039032 164.6269 
  0.9361884 167.1087 
  0.9477198 169.6279 
  0.9497455 173.046 
  0.9437811 175.6547 
  0.9421695 178.3027 
  0.9419441 180.9906 
  0.9629939 184.6377 
  0.9690876 186.4887 
  0.969748 188.3582 
  0.9526067 191.1978 
  0.8945012 197.0059 
  0.9054734 206.0505 
  0.9377928 213.3714 
  0.939474 219.853 
  0.9502137 223.1673 
  0.9540048 225.4046 
  0.9756018 227.6642 
  0.981883 229.9466 
  0.9841504 233.4131 
  0.9751073 238.1164 
  0.9696938 242.9146 
  0.9703282 247.8095 
  0.987671 252.8029 
  0.9908904 254.067 
  0.9698946 251.5452 
  0.9612144 246.5766 
  0.9126055 240.5036 
  0.765221 234.5801 
  0.04086271 228.8026 
  -0.06604027 223.1673 
  -0.1549958 217.6709 
  -0.02914173 212.3098 
  0.06688026 207.0808 
  0.1819316 201.9805 
  0.4206811 197.0059 
  0.4479543 189.3 
  0.6181203 182.8051 
  0.9700671 176.533 
  0.9752306 172.185 
  0.9839545 169.6279 
  0.9813619 168.784 
  0.8632835 169.6279 
  0.8446127 167.1087 
  0.8694778 165.4501 
  0.8936585 162.182 
  0.9569736 161.3751 
  0.9825211 161.3751 
  0.9678152 161.3751 
  0.9632477 160.5723 
  0.9684095 159.7734 
  0.9540962 160.5723 
  0.9379676 162.182 
  0.9354043 162.9929 
  0.9167287 163.8079 
  0.8801251 162.9929 
  0.8583077 160.5723 
  0.6132607 162.9929 
  0.1540917 167.9442 
  0.3923104 173.046 
  0.7796319 178.3027 
  0.9438448 183.7191 
  0.9409276 187.4211 
  0.95985 188.3582 
  0.9508162 189.3 
  0.8920004 193.1145 
  0.5855436 199.9758 
  0.6931384 207.0808 
  0.6411036 214.4382 
  0.4832759 222.057 
  0.06240085 229.9466 
  0.1321548 238.1164 
  0.5596469 246.5766 
  0.6678804 228.8026 
  0.7931781 220.9523 
  0.9961048 217.6709 
  0.9893891 219.853 
  0.9829788 222.057 
  0.9783665 227.6642 
  0.9850484 232.2518 
  0.9970906 234.5801 
  0.9918724 233.4131 
  0.9072921 232.2518 
  0.7617814 233.4131 
  0.5249716 239.307 
  0.6711589 238.1164 
  0.7198308 236.9318 
  0.03965355 229.9466 
  0.3650191 223.1673 
  0.1413145 216.5879 
  0.1782607 213.3714 
  0.154657 225.4046 
  0.450587 247.8095 
  0.8509585 251.5452 
  0.9691219 254.067 
  0.9875495 256.614 
  0.9915254 259.1866 
  0.9912602 260.4825 
  0.9899861 263.0938 
  0.9798886 265.7313 
  0.9828418 268.3953 
  0.9615535 269.7372 
  0.9348459 271.0859 
  0.4354568 275.1726 
  0.5081079 279.3209 
  0.1635152 283.5317 
  0.197706 287.806 
  0.549849 292.1447 
  0.2428982 296.5488 
  0.1575375 301.0193 
  0.07331261 305.5572 
  0.1270448 310.1635 
  0.4592221 314.8393 
  0.3883887 319.5855 
  0.5907857 316.4135 
  0.789019 314.8393 
  0.9137297 317.9955 
  0.9565725 326.0254 
  0.9344547 339.2969 
  0.9375551 353.1087 
  0.9676138 365.6544 
  0.978078 376.7621 
  0.9814665 388.2072 
  0.9900587 398.0099 
  0.9953725 400 
  0.9866341 400 
  0.9687079 398.0099 
  0.6269163 398.0099 
  0.1010982 398.0099 
  0.07349795 398.0099 
  0.09236949 398.0099 
  0.1338975 398.0099 
  0.09072654 398.0099 
  -0.07719889 398.0099 
  -0.07282167 398.0099 
  -0.06225757 398.0099 
  -0.0009250382 398.0099 
  0.08129392 398.0099 
  0.2519275 398.0099 
  -0.1027073 398.0099 
  -0.1206439 398.0099 
  0.02664898 398.0099 
  -0.007291539 398.0099 
  0.0641215 398.0099 
  0.1003275 398.0099 
  0.03154426 398.0099 
  -0.1949486 398.0099 
  0.04013336 398.0099 
  0.1510145 398.0099 
  0.1967902 398.0099 
  0.1777627 398.0099 
  0.4196078 398.0099 
  0.3276864 398.0099 
  0.1515861 398.0099 
  0.3761486 398.0099 
  0.09437227 398.0099 
  0.06945157 398.0099 
  0.1915992 398.0099 ]
