 [
  -0.2642531 82.71502 
  -0.6112961 82.71502 
  -0.2019102 82.71502 
  -0.4232985 82.71502 
  -0.03080465 82.71502 
  -0.205581 82.71502 
  -0.3071713 82.71502 
  -0.2148375 82.71502 
  0.07918985 82.71502 
  0.2066048 82.71502 
  0.2628313 82.71502 
  -0.05459206 82.71502 
  -0.01842521 82.71502 
  -0.006381918 82.71502 
  0.07052908 81.89403 
  0.3412655 80.27641 
  0.6314235 79.87703 
  0.5971062 81.89403 
  0.7354531 81.89403 
  0.7636597 82.71502 
  0.8165917 83.12859 
  0.849639 83.12859 
  0.9948986 166.2773 
  0.9951116 166.2773 
  0.993554 165.4501 
  0.9899185 164.6269 
  0.9817113 163.8079 
  0.9523279 162.9929 
  0.9005556 161.3751 
  0.8560719 159.7734 
  0.4562297 158.1876 
  0.9771039 156.6175 
  0.9911155 155.063 
  0.9906635 152.0001 
  0.9823461 149.7427 
  0.7783045 148.2564 
  0.6194109 141.0434 
  0.7439621 141.7487 
  0.9096241 140.3417 
  0.9265183 138.9488 
  0.9508874 137.5696 
  0.955324 136.8852 
  0.95514 136.2042 
  0.9749436 135.5266 
  0.9790103 135.5266 
  0.9825445 136.2042 
  0.9638627 136.8852 
  0.967352 137.5696 
  0.9668998 137.5696 
  0.9697723 138.2575 
  0.9784208 138.2575 
  0.97701 137.5696 
  0.9750064 136.8852 
  0.9829233 136.2042 
  0.9644346 135.5266 
  0.9826502 134.1814 
  0.917036 133.5138 
  0.8393154 132.1886 
  0.1420568 130.2255 
  -0.2063917 130.8766 
  -0.22906 131.531 
  -0.1952283 132.1886 
  -0.02752067 132.8496 
  -0.2706025 133.5138 
  0.09210301 134.1814 
  0.08502828 134.1814 
  0.1129932 133.5138 
  0.002649805 131.531 
  0.1150628 129.5776 
  0.7620459 127.0181 
  0.5528139 120.2372 
  0.799252 119.0438 
  0.6580511 119.639 
  0.323934 118.4515 
  0.09621014 112.128 
  0.6265916 107.7421 
  0.6949035 103.5278 
  0.1090023 99.97575 
  -0.1740737 96.54556 
  -0.04173929 92.7692 
  0.2010117 90.03418 
  0.3576912 88.69706 
  -0.06673829 86.51251 
  0.2271074 83.12859 
  0.3683473 81.08118 
  0.2357822 75.61279 
  0.4971142 71.57619 
  0.3601647 66.74884 
  0.6947014 67.08258 
  0.9443821 67.41799 
  0.916289 67.08258 
  0.9118732 66.74884 
  0.6731277 66.41676 
  0.4397204 64.45866 
  0.4988192 62.5583 
  0.00605235 61.93738 
  0.0699719 60.71396 
  -0.02204707 60.11135 
  0.05129117 59.81229 
  0.05969288 59.51471 
  0.1073016 59.51471 
  0.120589 59.81229 
  0.1475579 59.81229 
  0.3233784 59.81229 
  0.4195042 59.81229 
  0.355404 60.4119 
  0.3698215 61.62923 
  0.2871098 62.24707 
  0.2201648 64.13797 
  0.346141 61.01753 
  0.6805418 60.71396 
  0.5460234 60.4119 
  0.4169907 59.21862 
  0.2396092 60.11135 
  0.09752253 61.62923 
  0.2679672 63.50137 
  0.2221573 64.13797 
  0.1155209 65.10486 
  0.33934 66.41676 
  0.1959628 67.75508 
  -0.01339552 69.12038 
  0.04058154 70.16238 
  0.150696 70.86576 
  0.08602733 71.57619 
  -0.09395705 72.29374 
  0.06872624 73.01849 
  0.1210615 73.7505 
  0.1741149 74.11925 
  0.4253271 74.48985 
  0.6214748 70.86576 
  0.8003992 70.16238 
  0.9285042 70.16238 
  0.8084162 69.46598 
  0.6276815 68.43433 
  0.5484045 68.09386 
  0.2361829 75.99085 
  -0.3153986 84.38177 
  -0.2920288 91.84841 
  -0.1553358 99.97575 
  0.4341235 108.2809 
  0.4178661 116.6924 
  0.5069618 125.1317 
  0.7926643 131.531 
  0.9236584 133.5138 
  0.8580042 131.531 
  0.859618 128.2915 
  0.81396 126.3862 
  0.5936148 125.7574 
  0.2057565 127.6532 
  0.1119549 129.5776 
  0.02169594 132.1886 
  0.1136633 134.1814 
  0.2237669 136.2042 
  -0.02104735 138.2575 
  -0.2178514 141.0434 
  -0.08324319 143.1697 
  0.1919122 145.328 
  0.4470377 146.7849 
  0.5269437 140.3417 
  0.7234381 136.8852 
  0.8716931 132.8496 
  0.9668283 128.9329 
  0.9403343 127.0181 
  0.8444853 123.8897 
  0.8176755 118.4515 
  0.7813596 114.3874 
  0.6904747 111.5702 
  0.4484395 109.9132 
  -0.0192593 108.2809 
  -0.2127889 106.6728 
  0.06253141 105.0885 
  0.1811544 104.0455 
  0.225767 103.0128 
  0.01394203 101.9903 
  0.4702387 100.978 
  0.377933 99.97575 
  0.1362031 99.47836 
  0.04290421 103.0128 
  0.5499284 106.142 
  0.5071512 106.6728 
  0.5622056 106.142 
  -0.2191911 103.0128 
  0.02548675 99.47836 
  0.0393139 96.54556 
  0.02598434 93.6992 
  0.1840304 91.39146 
  0.1578984 89.58624 
  -0.03205531 87.3798 
  -0.006677955 86.0821 
  0.1565542 85.2277 
  0.144394 84.80367 
  -0.07454051 83.54424 
  0.1366226 82.3035 
  0.134545 81.4866 
  0.1778141 80.27641 
  -0.02707943 78.29926 
  -0.01803618 76.3708 
  -0.1587032 74.48985 
  -0.002688542 72.6552 
  0.03755999 71.22009 
  0.3823344 69.46598 
  0.5329015 64.78096 
  0.6933757 65.75754 
  0.9107822 65.43038 
  0.954076 64.78096 
  0.9722527 64.45866 
  0.9539793 63.81888 
  0.9422044 63.50137 
  0.9151909 62.87109 
  0.8713996 62.24707 
  0.7920667 61.93738 
  0.7419494 61.93738 
  0.5857737 61.93738 
  0.6185203 61.93738 
  0.337768 61.62923 
  0.4957802 58.0489 
  0.8791561 58.33915 
  0.8338296 58.0489 
  0.7954113 57.7601 
  0.6508905 57.7601 
  0.3494231 57.7601 
  0.4469225 59.21862 
  0.03284097 60.4119 
  0.05648283 63.50137 
  0.1362866 65.75754 
  -0.05415346 68.43433 
  0.01444525 71.93407 
  0.1712405 76.3708 
  -0.04302805 79.87703 
  -1.444202e-05 84.38177 
  -0.07673822 89.14054 
  -0.02426299 94.1677 
  0.001132187 98.98344 
  0.0530659 104.0455 
  -0.06492985 109.3664 
  0.01331183 114.9594 
  0.03899758 120.2372 
  0.1499432 125.1317 
  0.6444051 133.5138 
  0.8753743 132.8496 
  0.9415813 133.5138 
  0.9851536 130.8766 
  0.9862062 129.5776 
  0.9932258 128.9329 
  0.9959788 128.2915 
  0.9731168 127.6532 
  0.9284619 125.7574 
  0.9066406 122.6601 
  0.8336756 120.2372 
  0.3658845 119.0438 
  0.1955643 117.8622 
  -0.01416333 117.2759 
  -0.01046556 116.6924 
  -0.06343891 116.1118 
  0.1195513 115.5342 
  0.05057354 114.9594 
  0.07197854 114.3874 
  -0.1494462 114.3874 
  0.3639638 114.3874 
  0.0880013 114.3874 
  -0.4605151 114.3874 
  -0.1028683 114.3874 
  -0.1201647 114.3874 
  -0.07915988 114.3874 
  0.07701209 114.9594 
  0.1885795 114.9594 
  0.4937724 114.9594 
  0.5794464 114.3874 
  0.6104981 113.2521 
  0.6040937 109.9132 
  0.4250551 110.4628 
  0.2158769 112.128 
  0.2260603 113.8184 
  0.08768141 114.9594 
  0.03250866 116.6924 
  0.06005341 117.8622 
  0.2302619 118.4515 
  0.09949595 119.0438 
  0.1180814 119.639 
  0.104962 120.2372 
  0.01248527 120.2372 
  0.009740627 120.8384 
  -0.1873511 120.8384 
  0.6087044 122.6601 
  0.7953477 123.2734 
  0.9477554 122.6601 
  0.9722871 121.4426 
  0.9739855 121.4426 
  0.9807487 120.8384 
  0.9806186 120.8384 
  0.9494789 119.639 
  0.9833784 118.4515 
  0.9811604 118.4515 
  0.9593525 117.2759 
  0.9418281 116.1118 
  0.9459817 114.9594 
  0.9080401 113.2521 
  0.9312238 111.5702 
  0.9630072 110.4628 
  0.9535373 112.128 
  0.9579577 113.8184 
  0.9458363 115.5342 
  0.962925 116.1118 
  0.9692329 116.6924 
  0.965342 116.1118 
  0.99038 114.9594 
  0.996286 114.3874 
  0.9943151 114.3874 
  0.9851484 114.3874 
  0.9659208 113.2521 
  0.9283832 111.5702 
  0.9200835 110.4628 
  0.889851 108.8223 
  0.8092933 107.7421 
  0.8361145 107.7421 
  0.7689785 106.6728 
  0.7957599 107.2061 
  0.8865505 106.142 
  0.9200001 106.6728 
  0.8970811 106.6728 
  0.8312699 105.614 
  0.162312 104.5657 
  -0.06642085 106.142 
  -0.03627776 107.2061 
  0.1559119 108.2809 
  0.2150619 109.3664 
  0.07781674 110.4628 
  -0.04143806 111.5702 
  -0.1135686 113.2521 
  0.01865013 114.9594 
  0.2114626 116.1118 
  0.5260798 116.6924 
  0.4045253 117.2759 
  0.191759 117.8622 
  0.1845747 117.8622 
  0.7111877 122.0498 
  0.8887004 120.2372 
  0.944717 118.4515 
  0.7948483 115.5342 
  0.839011 114.3874 
  0.8110064 113.8184 
  0.6873076 113.8184 
  0.7622836 111.5702 
  0.5730678 110.4628 
  0.6998168 111.5702 
  0.97074 113.2521 
  0.9881985 113.8184 
  0.972917 113.2521 
  0.9615183 112.128 
  0.9548195 109.9132 
  0.9291798 107.7421 
  0.9424229 106.142 
  0.9397263 106.142 
  0.9671058 106.142 
  0.9139848 105.0885 
  0.9083756 104.0455 
  0.9799253 102.5003 
  0.9733772 103.0128 
  0.8051673 104.0455 
  0.8191806 105.0885 
  0.8915412 106.6728 
  0.949466 106.6728 
  0.9717339 106.6728 
  0.9774826 106.6728 
  0.9072205 105.614 
  0.9144427 104.5657 
  0.9362433 104.5657 
  0.7733278 104.0455 
  0.4751888 101.4829 
  0.4333172 98.98344 
  0.5099424 96.06523 
  0.03141465 93.6992 
  -0.1714987 91.39146 
  -0.1331087 89.14054 
  -0.1534043 86.94508 
  -0.08577427 84.80367 
  0.1078832 82.71502 
  -0.02373641 80.6778 
  0.004292347 78.69076 
  0.1651627 76.75266 
  0.1453406 75.61279 
  0.03743214 74.86229 
  -0.09810603 73.38358 
  0.1781127 70.86576 
  0.400532 69.81332 
  0.6211511 67.41799 
  0.8577938 66.74884 
  0.6962767 66.41676 
  0.7468728 65.75754 
  0.7605932 66.41676 
  0.6073229 66.74884 
  0.5101627 62.24707 
  0.9003456 62.5583 
  0.3367488 78.69076 
  0.1166934 91.84841 
  0.8171138 110.4628 
  0.6288116 108.8223 
  0.8681228 104.5657 
  0.9300062 103.0128 
  0.8409243 102.5003 
  0.691164 101.4829 
  0.2270728 101.9903 
  0.1910477 103.0128 
  0.04565268 104.0455 
  0.2065139 105.0885 
  0.09221637 106.142 
  0.0599686 106.6728 
  0.01221257 107.2061 
  0.3824139 107.2061 
  0.6618897 107.2061 
  0.8068434 107.7421 
  0.7935429 107.7421 
  0.7884631 107.2061 
  0.7085715 106.6728 
  0.5410192 106.142 
  0.3876904 106.6728 
  0.2502075 107.2061 
  0.4225081 107.7421 
  0.2486695 108.2809 
  0.1802619 107.7421 
  0.3529465 107.2061 
  0.2225478 107.2061 
  0.07064464 107.2061 
  -0.08479252 106.6728 
  -0.04632753 106.142 
  0.270225 105.614 
  0.06887574 105.614 
  0.174386 105.614 
  0.2034378 105.614 ]
