 [
  0.08566225 101.9903 
  -0.02166564 101.9903 
  -0.0009900557 101.9903 
  0.115619 101.9903 
  0.05307254 101.9903 
  -0.1757382 101.9903 
  -0.03470955 101.4829 
  0.178242 100.978 
  0.4781282 101.4829 
  0.1415995 103.0128 
  0.4248381 105.0885 
  0.00440941 107.7421 
  0.6560044 110.4628 
  0.6691471 111.0151 
  0.5891274 108.8223 
  0.8520193 106.6728 
  0.9740981 105.614 
  0.9845705 105.614 
  0.9879148 105.614 
  0.9931043 106.142 
  0.982399 106.6728 
  0.9577445 107.7421 
  0.954827 108.2809 
  0.9164982 107.7421 
  0.9116777 108.2809 
  0.9003356 109.9132 
  0.9540336 111.0151 
  0.9408991 112.128 
  0.8551307 113.2521 
  0.8966779 114.3874 
  0.9026905 115.5342 
  0.7365984 117.2759 
  0.8944532 124.5092 
  0.9826676 127.0181 
  0.9900715 128.2915 
  0.9961897 128.9329 
  0.9656606 128.9329 
  0.6956108 128.9329 
  0.7901384 130.8766 
  0.9167911 130.2255 
  0.9739264 128.9329 
  0.9630582 127.6532 
  0.9242043 125.7574 
  0.8321931 122.0498 
  0.7870352 118.4515 
  0.7982788 113.8184 
  0.7788935 111.0151 
  0.3253006 109.9132 
  0.05295472 111.5702 
  0.1647161 113.2521 
  0.01577934 115.5342 
  -0.1599498 117.8622 
  0.03128141 120.2372 
  0.281162 122.6601 
  0.1259929 124.5092 
  0.1821017 126.3862 
  0.0199643 128.2915 
  -0.01621236 130.2255 
  -0.07545258 132.1886 
  0.3854985 133.5138 
  0.8201487 139.6435 
  0.9561075 139.6435 
  0.9887972 138.9488 
  0.996604 138.9488 
  0.9975723 138.9488 
  0.99752 138.9488 
  0.9802058 138.9488 
  0.9737234 137.5696 
  0.9266254 136.2042 
  0.8624249 134.8523 
  0.7758063 130.8766 
  0.4148666 127.6532 
  0.9382448 125.7574 
  0.9405648 123.8897 
  0.8009531 122.6601 
  0.8507444 122.0498 
  0.9323806 122.6601 
  0.9575992 122.0498 
  0.9192837 119.639 
  0.9227911 116.6924 
  0.9640756 113.8184 
  0.9835712 111.5702 
  0.985554 109.9132 
  0.9841543 108.8223 
  0.9560718 107.7421 
  0.832931 107.7421 
  0.4116371 109.9132 
  -0.02039967 113.2521 
  0.04591305 116.6924 
  -0.06388567 120.2372 
  -0.100167 123.8897 
  -0.2054006 127.6532 
  0.03405407 131.531 
  0.0795771 134.8523 
  0.3843665 137.5696 
  0.3393224 141.0434 
  0.6994996 145.328 
  0.8595718 143.8855 
  0.958446 143.8855 
  0.9930774 142.4574 
  0.9967065 141.7487 
  0.9975725 141.7487 
  0.9995148 141.0434 
  0.9993832 141.0434 
  0.9997821 140.3417 
  0.9966967 139.6435 
  0.9921761 138.9488 
  0.9835739 136.8852 
  0.9648226 134.8523 
  0.9418336 131.531 
  0.9484568 128.2915 
  0.9172465 125.7574 
  0.8421332 122.6601 
  0.6542404 120.2372 
  0.4710968 120.8384 
  0.518971 121.4426 
  0.2170012 122.0498 
  0.02207734 122.6601 
  -0.06661481 123.2734 
  0.1328188 123.8897 
  0.003270332 123.8897 
  0.6510411 123.8897 
  0.7763659 122.0498 
  0.8953413 120.2372 
  0.9392912 117.8622 
  0.8876903 116.1118 
  0.8478163 114.3874 
  0.9456207 112.6886 
  0.9765166 111.0151 
  0.9539653 109.9132 
  0.9802228 108.2809 
  0.9855591 107.2061 
  0.9859405 106.6728 
  0.9845366 106.142 
  0.9785818 105.614 
  0.9905489 105.0885 
  0.9740565 104.5657 
  0.8883612 104.0455 
  0.7325162 103.0128 
  -0.09039284 105.0885 
  -0.06940376 108.2809 
  0.2878334 111.5702 
  0.05620459 114.9594 
  -0.02447814 118.4515 
  -0.005574772 122.0498 
  0.05478834 125.7574 
  0.1447518 128.9329 
  0.7900498 130.2255 
  0.5986483 125.1317 
  0.6024186 121.4426 
  0.953528 118.4515 
  0.991196 118.4515 
  0.8914535 119.0438 
  0.3971699 119.639 
  0.154186 123.8897 
  0.001397091 116.6924 
  0.5164625 119.639 
  0.07132541 119.0438 
  0.01641038 118.4515 
  0.07046123 117.8622 
  -0.3263666 117.2759 
  0.008733138 116.6924 
  -0.1770661 116.1118 
  0.5294471 115.5342 
  0.1895244 114.9594 
  0.158449 114.9594 
  0.2497073 115.5342 
  0.3578981 118.4515 
  0.6400856 119.639 
  0.6358666 119.0438 
  0.5906736 118.4515 
  0.21062 119.0438 
  0.1555317 120.2372 
  0.02936692 119.0438 
  -0.1018646 117.8622 
  0.01111253 116.6924 
  0.06215182 115.5342 
  0.05314542 114.3874 
  0.6995352 120.2372 
  0.6407679 117.2759 
  0.7915114 116.6924 
  0.9732996 116.1118 
  0.9791358 115.5342 
  0.9681034 115.5342 
  0.9819901 114.9594 
  0.9916756 114.9594 
  0.9343355 113.8184 
  0.9291646 113.8184 
  0.9853216 113.2521 
  0.9773273 112.6886 
  0.7612272 111.5702 
  0.6242542 111.5702 
  0.4787491 108.2809 
  0.2108085 110.4628 
  0.7979317 106.142 
  0.3414879 108.8223 
  0.702438 107.7421 
  0.7511797 105.614 
  0.7864814 105.614 
  0.7750556 105.614 
  0.3879528 104.5657 
  -0.01532772 107.2061 
  0.3661994 105.614 
  0.09525234 105.0885 
  0.3456744 104.5657 
  0.02613166 104.5657 
  0.1671676 104.0455 
  0.2878473 103.5278 
  0.2242784 103.0128 
  0.04912308 102.5003 
  0.2836783 101.9903 
  0.360084 101.4829 
  0.1920608 100.978 
  -0.1793274 100.4756 
  0.07296243 99.97575 
  0.07827341 99.47836 
  0.2177778 98.98344 
  0.2720918 98.491 
  0.2751229 98.00098 
  0.1687254 97.51342 
  0.2279867 97.51342 
  0.2421335 97.51342 
  0.2864801 97.51342 
  0.06842239 97.51342 
  0.1771618 98.00098 
  0.2676798 98.491 
  0.1378307 98.98344 
  0.164092 98.98344 
  0.2406559 98.98344 
  0.1865861 98.98344 
  0.04433977 98.98344 
  -0.1105922 98.98344 
  -0.06740227 98.98344 
  0.2105527 98.98344 
  0.4470637 98.98344 
  0.2047127 98.98344 
  0.01689157 98.98344 ]
