 [
  -0.2476434 134.1814 
  -0.3615518 134.1814 
  -0.1955725 134.1814 
  -0.1616997 134.1814 
  -0.09407024 134.1814 
  0.01099217 134.1814 
  -0.03869308 134.1814 
  0.2158338 134.1814 
  0.07332714 134.1814 
  0.07831566 134.1814 
  0.3366595 134.1814 
  0.2728643 134.1814 
  0.1073147 134.1814 
  0.3412265 134.1814 
  0.2291448 132.8496 
  0.6394262 136.2042 
  0.7705293 133.5138 
  0.9118445 130.8766 
  0.9270984 130.8766 
  0.9220454 129.5776 
  0.8659645 127.6532 
  0.8135082 123.8897 
  0.6412072 121.4426 
  0.1119185 123.2734 
  -0.2014184 125.1317 
  -0.2827157 127.0181 
  -0.01919759 129.5776 
  -0.003902838 131.531 
  -0.08394203 133.5138 
  -0.06541929 135.5266 
  0.2614834 137.5696 
  0.5755556 137.5696 
  0.7805518 136.2042 
  0.9654168 135.5266 
  0.9935558 134.1814 
  0.9963331 132.8496 
  0.9890506 132.1886 
  0.9898491 130.8766 
  0.983077 130.2255 
  0.9836267 128.9329 
  0.9877359 128.9329 
  0.9659644 128.9329 
  0.9397592 128.2915 
  0.9581032 127.0181 
  0.9523972 126.3862 
  0.9427888 125.1317 
  0.8798195 124.5092 
  0.7641346 123.8897 
  0.1372826 124.5092 
  0.435136 125.7574 
  0.3455541 127.0181 
  0.6958782 128.2915 
  0.7741052 129.5776 
  0.1464045 130.8766 
  0.7123602 129.5776 
  0.8358225 127.6532 
  0.8933482 128.2915 
  0.9313126 128.2915 
  0.9267043 128.9329 
  0.9330384 130.8766 
  0.9812275 132.1886 
  0.9617728 132.8496 
  0.8758256 135.5266 
  0.9299015 138.2575 
  0.9028736 141.7487 
  0.9326479 143.1697 
  0.9515713 145.328 
  0.9508152 146.7849 
  0.9674225 148.2564 
  0.964873 149.7427 
  0.9330045 151.2439 
  0.9722388 152.7601 
  0.9834893 152.7601 
  0.9635598 152.7601 
  0.9149581 154.2915 
  0.9760323 155.8383 
  0.9086555 155.063 
  0.7771309 155.063 
  0.5683688 155.8383 
  0.2664131 156.6175 
  0.1048418 157.4006 
  0.4227189 158.1876 
  0.33804 158.1876 
  0.1116146 157.4006 
  -0.07232577 156.6175 
  0.5976572 155.8383 
  0.5909313 159.7734 
  0.5797759 157.4006 
  0.8957814 152.7601 
  0.6691161 149.7427 
  0.9131124 148.2564 
  0.8419474 147.5188 
  0.7906674 147.5188 
  0.6014993 147.5188 
  0.3038175 147.5188 
  -0.18189 147.5188 
  0.5819144 142.4574 
  0.7806221 140.3417 
  0.9647634 138.9488 
  0.9808422 136.8852 
  0.9980085 135.5266 
  0.9985616 135.5266 
  0.9997605 134.8523 
  0.9953839 134.1814 
  0.9933562 133.5138 
  0.9936449 132.1886 
  0.9939146 130.8766 
  0.9955097 130.2255 
  0.9928613 129.5776 
  0.9910101 128.2915 
  0.9968568 127.0181 
  0.9870931 126.3862 
  0.9894599 125.1317 
  0.996372 124.5092 
  0.9942161 124.5092 
  0.9948882 123.8897 
  0.9973781 123.2734 
  0.9966445 123.2734 
  0.9970865 123.2734 
  0.9962116 123.8897 
  0.9906783 123.8897 
  0.9889432 124.5092 
  0.9718704 125.1317 
  0.9431875 125.1317 
  0.9091076 125.1317 
  0.8532711 126.3862 
  0.5909307 127.0181 
  0.2412702 127.6532 
  0.145431 128.2915 
  0.03400062 128.9329 
  0.0803111 129.5776 
  0.03377056 130.2255 
  0.3196258 130.8766 
  0.519235 131.531 
  0.7196293 131.531 
  0.8133655 130.8766 
  0.9433099 130.2255 
  0.9694819 130.2255 
  0.8875566 129.5776 
  0.7758369 128.9329 
  0.1867572 128.9329 
  0.8677378 128.9329 
  0.3505444 128.9329 
  0.07887224 128.9329 
  -0.1587786 128.9329 
  -0.06184662 128.9329 
  0.555761 129.5776 
  0.6301816 130.2255 
  0.5953781 127.6532 
  0.784403 124.5092 
  0.7672521 123.8897 
  0.4666335 124.5092 
  0.2246304 125.7574 
  0.3430894 127.0181 
  0.2831054 128.2915 
  0.04340947 129.5776 
  0.1583853 130.8766 
  0.03174521 132.8496 
  -0.1641981 135.5266 
  0.1886493 138.2575 
  0.6488266 141.7487 
  0.7334815 136.2042 
  0.9669846 134.1814 
  0.992429 134.1814 
  0.9772937 132.1886 
  0.9928482 131.531 
  0.99391 131.531 
  0.9938179 130.8766 
  0.9963422 130.2255 
  0.9952934 129.5776 
  0.9954566 128.9329 
  0.9962095 128.9329 
  0.9927564 128.9329 
  0.8775398 127.6532 
  0.8146691 127.6532 
  0.8877611 127.0181 
  0.9939376 127.6532 
  0.9831177 127.0181 
  0.9593558 125.7574 
  0.9286586 124.5092 
  0.8398253 123.8897 
  0.2270576 123.8897 
  -0.01013074 123.8897 
  0.04530011 124.5092 
  0.6518093 125.1317 
  0.7256255 122.6601 
  0.9177196 121.4426 
  0.8615451 122.6601 
  0.7417378 125.1317 
  0.6341739 127.6532 
  0.3331835 128.9329 
  0.4534404 128.2915 
  0.5419254 128.9329 
  0.5586575 132.1886 
  0.2967762 136.8852 
  0.1575037 136.2042 
  0.2632593 134.8523 
  0.2639008 132.1886 
  0.3843777 134.8523 
  0.5129272 129.5776 
  0.6809458 128.9329 
  0.8825971 128.2915 
  0.8800724 128.2915 
  0.8390329 127.0181 
  0.5331401 127.0181 
  0.2514194 129.5776 
  -0.1468336 132.1886 
  -0.146356 134.8523 
  0.003755493 137.5696 
  0.09620459 139.6435 
  0.01838386 142.4574 
  0.01807985 145.328 
  0.3866019 148.2564 
  0.3925006 152.0001 
  0.5376894 135.5266 
  0.8692541 133.5138 
  0.9549076 133.5138 
  0.9758317 132.8496 
  0.9718413 132.8496 
  0.9522117 132.8496 
  0.9267311 132.1886 
  0.8912088 132.1886 
  0.9237233 132.8496 
  0.8804643 132.1886 
  0.8499838 130.2255 
  0.8676536 128.2915 
  0.7727239 127.6532 
  0.5528346 127.6532 
  0.7327109 128.9329 
  0.6207233 130.2255 
  0.7325187 132.1886 
  0.665957 134.8523 
  0.6844937 133.5138 
  0.821443 135.5266 
  0.8484284 134.1814 
  0.7691073 132.8496 
  0.6915584 130.2255 
  0.1525729 130.2255 
  -0.08068503 130.8766 
  -0.007121157 131.531 
  0.04202005 132.1886 
  0.04865756 132.8496 
  -0.04249944 133.5138 
  0.04665029 134.1814 
  -0.01052457 134.8523 
  0.09711811 135.5266 
  0.03991097 136.2042 
  0.2304177 136.2042 
  0.6438706 136.8852 
  0.2292738 128.9329 
  0.446134 126.3862 
  0.9412956 125.7574 
  0.9250592 125.7574 
  0.9076124 125.1317 
  0.9046592 124.5092 
  0.7653641 123.2734 
  0.6018627 122.0498 
  0.5682569 123.2734 
  0.6449837 120.8384 
  0.7394309 122.0498 
  0.9241979 121.4426 
  0.9144718 121.4426 
  0.8840082 120.8384 
  0.8319875 119.639 
  0.6899118 121.4426 
  0.3688186 123.2734 
  0.384182 125.7574 
  0.2729869 128.9329 
  0.1442129 130.8766 
  0.06032878 131.531 
  0.1052928 130.8766 
  0.1498933 128.9329 
  0.1894865 129.5776 
  0.2367932 130.8766 
  0.3359877 131.531 
  0.5280008 132.1886 
  0.4238357 132.1886 
  0.3451276 132.8496 
  0.1825323 133.5138 
  -0.06501272 133.5138 
  -0.1218224 133.5138 
  0.04791896 133.5138 
  0.08168311 133.5138 
  -0.0178562 133.5138 
  -0.2497265 133.5138 
  -0.1774489 133.5138 
  -0.1848489 133.5138 ]
