 [
  0.07305796 138.9488 
  0.0851979 138.9488 
  0.003137537 138.9488 
  -0.1562215 138.9488 
  -0.1100709 138.9488 
  -0.1442039 138.9488 
  -0.1390312 138.9488 
  -0.1094072 138.9488 
  0.3339106 138.9488 
  -0.112511 138.9488 
  -0.06708603 138.9488 
  0.01293631 138.9488 
  0.3048218 138.9488 
  0.2154015 139.6435 
  0.4682102 141.0434 
  0.2460859 141.0434 
  0.2215229 138.9488 
  0.0717252 132.8496 
  0.1301045 128.2915 
  0.2142617 123.8897 
  0.04189013 120.2372 
  0.2168915 116.1118 
  0.2145983 114.9594 
  0.4815736 114.9594 
  0.0105715 114.9594 
  -0.08724274 114.3874 
  0.7282234 117.2759 
  0.8538647 118.4515 
  0.9492872 119.0438 
  0.799414 120.8384 
  0.3841467 125.1317 
  0.5448439 135.5266 
  0.7451694 142.4574 
  0.8605589 147.5188 
  0.9253861 152.0001 
  0.9664317 154.2915 
  0.9309853 155.063 
  0.8892661 154.2915 
  0.8453682 152.7601 
  0.4437292 152.7601 
  -0.02017986 155.063 
  0.02864547 157.4006 
  0.03552289 158.9785 
  -0.02932594 160.5723 
  -0.0309542 161.3751 
  -0.06890032 162.182 
  -0.001113363 162.182 
  -0.1909676 161.3751 
  -0.1387669 161.3751 
  0.2813263 162.182 
  0.5816886 162.9929 
  0.6809964 159.7734 
  0.8147389 156.6175 
  0.7517043 152.7601 
  0.7788705 149.7427 
  0.9440984 148.9977 
  0.9280946 151.2439 
  0.9437602 155.063 
  0.9866198 157.4006 
  0.9935832 156.6175 
  0.9909262 155.063 
  0.9807599 152.7601 
  0.9545363 148.9977 
  0.9065071 144.605 
  0.8979254 138.2575 
  0.4676065 131.531 
  0.3166357 124.5092 
  0.1243626 123.8897 
  0.008288817 128.9329 
  0.03969829 134.1814 
  0.1261599 135.5266 
  0.4713733 131.531 
  0.5830488 128.9329 
  0.7845663 130.2255 
  0.8856276 129.5776 
  0.9789571 130.2255 
  0.9100794 129.5776 
  0.8294217 129.5776 
  0.8269713 127.0181 
  0.4405648 126.3862 
  0.3763669 125.7574 
  0.2388709 125.1317 
  0.4835877 124.5092 
  0.3889045 123.8897 
  -0.07914308 123.2734 
  -0.1791691 122.6601 
  0.1993468 123.2734 
  0.5649948 124.5092 
  0.6950241 123.2734 
  0.683284 122.0498 
  0.652936 118.4515 
  0.697655 112.6886 
  0.5728145 109.3664 
  0.02135322 111.0151 
  -0.004308032 112.6886 
  -0.1946248 114.3874 
  -0.269585 116.1118 
  -0.1710621 117.8622 
  -0.1355439 119.639 
  0.2419708 120.8384 
  0.2745615 122.0498 
  0.1188016 123.2734 
  0.1479142 125.1317 
  0.07591271 127.0181 
  0.0018982 128.9329 
  0.1122832 130.8766 
  0.802689 127.0181 
  0.6513335 122.6601 
  0.5924201 117.8622 
  0.7602037 114.3874 
  0.852415 112.6886 
  0.8861133 110.4628 
  0.8720266 109.3664 
  0.8604178 107.7421 
  0.7878184 107.2061 
  0.5061805 106.6728 
  0.03177969 107.2061 
  0.1780197 107.7421 
  -0.02794605 108.2809 
  0.04680391 108.8223 
  0.04687826 109.3664 
  0.02516155 109.9132 
  -0.09525306 110.4628 
  0.2276183 111.0151 
  0.2496758 111.5702 
  0.2159005 112.128 
  0.0574109 113.2521 
  -0.2523478 114.3874 
  -0.306115 115.5342 
  0.02134796 116.6924 
  0.2541752 117.8622 
  0.6775157 115.5342 
  0.8230885 113.2521 
  0.9332258 111.5702 
  0.956879 110.4628 
  0.939719 109.3664 
  0.9206172 108.8223 
  0.8224411 108.2809 
  0.390016 108.8223 
  0.8909093 109.9132 
  0.9458228 110.4628 
  0.9684745 110.4628 
  0.9596521 109.9132 
  0.92418 109.3664 
  0.8401664 108.8223 
  0.6817136 108.2809 
  0.5107463 107.7421 
  0.5410591 107.2061 
  0.5149067 106.6728 
  0.5741045 106.142 
  0.6149445 105.614 
  0.6660328 105.0885 
  0.6352816 104.5657 
  0.6127106 104.0455 
  0.6602066 103.5278 
  0.283126 103.0128 
  0.3864877 102.5003 
  0.6622796 101.4829 
  0.8675334 100.4756 
  0.9664457 99.47836 
  0.9731367 98.98344 
  0.9448294 98.491 
  0.8840627 98.00098 
  0.922603 98.00098 
  0.8471068 99.47836 
  0.7913805 100.4756 
  0.7668424 99.97575 
  0.7723653 98.00098 
  0.730112 97.02828 
  0.8431449 95.5873 
  0.6292233 93.23304 
  0.8451051 90.48434 
  0.2642713 88.69706 
  0.7885775 85.65383 
  0.4472937 86.0821 
  0.2283628 83.12859 
  0.9523201 81.89403 
  0.8829464 81.89403 
  -0.01331538 82.71502 
  -0.05753825 84.38177 
  0.2180329 85.65383 
  0.4847854 86.51251 
  0.1809115 86.94508 
  0.1376081 86.94508 
  0.09655964 86.94508 
  0.1952616 86.94508 
  0.1834431 86.51251 
  0.1715059 86.0821 
  0.1426772 86.0821 
  0.1843125 86.0821 
  0.1996576 86.0821 
  -0.01164587 86.51251 
  0.002746149 86.94508 
  0.05929034 87.3798 
  0.07987775 87.8167 
  0.06883403 88.25578 
  0.1310079 88.69706 
  0.2512492 89.14054 
  0.02111609 89.58624 
  0.02024955 90.03418 
  -0.07107182 90.93677 
  0.02145918 91.84841 
  -0.1128907 92.30766 
  -0.1964295 92.7692 
  0.01924882 93.23304 
  -0.07641852 93.6992 
  -0.01343169 94.1677 
  0.06169956 95.11173 
  0.05783307 96.06523 
  0.03656787 97.02828 
  0.02771146 98.00098 
  -0.01314038 98.98344 
  0.01554517 99.97575 
  0.04056457 100.978 
  0.1571031 101.9903 
  -0.05705798 102.5003 
  -0.1020693 103.0128 
  0.05961819 103.5278 
  0.03410153 104.5657 
  0.01083999 105.614 
  0.4116557 107.2061 
  0.4002433 107.7421 
  0.5567645 108.2809 
  -0.09859122 109.3664 
  0.07689883 109.9132 
  0.1774334 109.9132 
  0.04903769 109.9132 
  0.2091452 110.4628 
  0.111756 111.0151 
  0.1582987 112.128 
  0.6861724 112.6886 
  0.8451816 111.5702 
  0.9835551 111.0151 
  0.9940057 111.5702 
  0.9898577 112.128 
  0.9893453 112.128 
  0.9907687 112.6886 
  0.9854721 112.6886 
  0.9768133 112.6886 
  0.8840377 112.6886 
  0.8193731 110.4628 
  0.8291756 106.6728 
  0.4790623 105.614 
  -0.001701082 106.142 
  -0.1857142 107.2061 
  -0.2806409 108.2809 
  -0.09023365 109.3664 
  0.1783794 110.4628 
  0.2649701 111.5702 
  0.04671268 113.2521 
  -0.004466101 114.9594 
  0.1104455 116.1118 
  0.1276914 117.2759 
  0.1278064 118.4515 
  0.6684165 119.639 
  0.9139876 120.8384 
  0.9687659 121.4426 
  0.9768514 122.0498 
  0.9885855 122.6601 
  0.9892845 122.0498 
  0.9714833 120.2372 
  0.9658756 118.4515 
  0.9597486 117.2759 
  0.9232863 116.1118 
  0.8225051 113.8184 
  0.8513704 111.5702 
  0.7320646 108.8223 
  0.7514127 106.142 
  0.8739513 103.5278 
  0.8325607 102.5003 
  0.7807077 100.978 
  0.8435591 98.98344 
  0.7565544 97.02828 
  0.8149083 94.63854 
  0.6282045 94.63854 
  0.4418562 95.5873 
  0.1549213 96.54556 
  0.2522542 97.51342 
  0.2103721 98.491 
  0.373897 99.47836 
  0.2941679 100.978 
  0.06723952 102.5003 
  0.1339974 104.0455 
  0.1581979 105.0885 
  0.09708986 105.614 
  0.0296371 106.6728 
  -0.1270676 107.7421 
  -0.0197058 108.8223 
  -0.1330265 109.3664 
  0.1980249 109.3664 
  0.5010118 109.9132 
  0.7478224 109.3664 
  0.9522448 109.9132 
  0.949592 109.9132 
  0.9624637 109.3664 
  0.9747811 108.8223 
  0.9642782 108.2809 
  0.9478329 107.7421 
  0.9776903 107.2061 
  0.9828521 106.6728 
  0.9855112 107.2061 
  0.9647129 107.7421 
  0.9870388 107.7421 
  0.982174 108.2809 
  0.9781678 108.2809 
  0.933254 108.2809 
  0.8750694 108.8223 
  0.799257 108.2809 
  0.01737849 107.7421 
  -0.00580998 107.2061 
  -0.01919509 106.6728 
  0.09621104 106.142 
  -0.01781731 105.614 
  -0.05384092 105.0885 
  -0.007365384 104.5657 
  0.04757824 104.0455 
  -0.01083934 103.5278 
  0.03055339 103.0128 
  0.01417163 102.5003 
  -0.0236088 102.5003 
  -0.4270664 102.5003 
  -0.252506 102.5003 
  -0.1301593 101.9903 
  -0.1925881 101.4829 
  -0.181437 100.978 
  0.1736715 100.4756 
  0.1589392 99.97575 
  -0.01718721 99.47836 
  -0.2230591 98.98344 
  -0.3209643 98.491 
  0.1289742 98.00098 
  0.1462054 97.51342 
  0.05867821 97.02828 
  -0.1261582 96.54556 
  -0.08256208 96.06523 
  -0.1197712 95.5873 
  -0.5715204 95.11173 
  -0.5160811 94.63854 
  0.3897223 94.1677 
  0.3296311 94.1677 
  0.604198 94.63854 
  0.7033373 95.5873 
  0.8473778 95.5873 
  0.7859837 94.1677 
  0.8958718 93.23304 
  0.8765159 92.30766 
  0.6755767 89.58624 
  0.785374 87.8167 
  0.8390895 87.3798 
  0.7932069 86.51251 
  0.8564931 86.0821 
  0.8976915 85.65383 
  0.9088035 85.65383 
  0.7552618 83.96195 
  0.9189919 83.12859 
  0.9070662 83.12859 
  0.8618558 83.12859 
  0.8756655 82.71502 
  0.2723771 83.54424 
  0.1489348 84.38177 
  0.1614342 85.65383 
  0.1865119 86.51251 
  0.4283558 86.94508 
  0.2765979 86.94508 
  0.400007 86.94508 
  0.1894951 86.94508 
  -0.05688878 87.3798 
  -0.01109299 87.8167 
  0.1608235 88.25578 
  0.1684688 88.69706 
  0.1904932 88.69706 
  0.1184194 89.14054 
  0.2248596 89.58624 
  0.06119836 90.03418 
  -0.03051679 90.48434 
  0.04940799 90.93677 
  -0.05875243 91.39146 
  0.1201405 91.39146 
  0.2029872 91.39146 
  0.02718167 91.39146 
  0.1118099 91.39146 
  0.2733273 91.39146 
  0.231158 91.39146 
  -0.01880493 91.39146 
  -0.1601589 91.39146 
  -0.04363139 91.39146 
  0.08809903 91.39146 
  -0.03540425 91.39146 
  -0.1907049 91.39146 
  0.1837832 91.39146 
  0.09871005 91.39146 
  0.02314295 91.39146 
  -0.1010781 91.39146 
  -0.05409563 91.39146 
  -0.2337972 91.39146 ]
