 [
  0.08971822 124.5092 
  -0.05356922 124.5092 
  0.1047459 124.5092 
  0.01382151 124.5092 
  -0.1476306 124.5092 
  -0.1170822 124.5092 
  -0.181411 124.5092 
  -0.09084577 124.5092 
  -0.1688171 124.5092 
  -0.07126276 124.5092 
  0.08069693 124.5092 
  0.3334966 124.5092 
  0.06729859 124.5092 
  -0.01492271 124.5092 
  0.1078163 124.5092 
  0.03199625 124.5092 
  0.6092718 123.8897 
  0.8357588 124.5092 
  0.9884758 124.5092 
  0.9858536 125.1317 
  0.9701886 126.3862 
  0.9928415 127.6532 
  0.9989356 128.2915 
  0.9977462 127.6532 
  0.9972895 127.6532 
  0.9901971 127.6532 
  0.9857116 126.3862 
  0.9791219 124.5092 
  0.9871212 122.6601 
  0.9936067 122.0498 
  0.9922228 122.0498 
  0.9885038 122.6601 
  0.9755518 122.6601 
  0.9566268 122.0498 
  0.9388748 120.2372 
  0.909187 117.8622 
  0.8608453 114.9594 
  0.8884085 111.0151 
  0.79858 107.7421 
  0.7901899 103.0128 
  0.7362436 98.98344 
  0.3752685 97.51342 
  -0.04452333 98.491 
  0.08880175 99.97575 
  0.4803708 101.4829 
  0.7026048 103.0128 
  0.6807104 104.5657 
  0.3264765 106.6728 
  0.03333806 108.8223 
  -0.04907134 110.4628 
  -0.2100703 112.128 
  -0.05507246 113.8184 
  -0.1442724 115.5342 
  -0.06637926 117.2759 
  -0.2815828 119.0438 
  0.1524555 120.8384 
  0.6654675 127.0181 
  0.8567744 127.0181 
  0.9323019 127.6532 
  0.9862443 128.9329 
  0.9714155 130.2255 
  0.9868459 131.531 
  0.9834771 131.531 
  0.9931216 130.2255 
  0.9954792 129.5776 
  0.9775516 128.9329 
  0.97644 127.6532 
  0.8820853 125.7574 
  0.8278191 121.4426 
  0.7608573 117.2759 
  0.8002186 111.5702 
  0.8045916 107.7421 
  0.7904914 106.6728 
  0.8032548 107.2061 
  0.9353142 108.2809 
  0.8963089 109.9132 
  0.9473972 110.4628 
  0.913623 110.4628 
  0.8370621 107.7421 
  0.9112425 105.0885 
  0.9572992 103.0128 
  0.9541359 101.4829 
  0.9531007 99.47836 
  0.9453593 98.00098 
  0.9511656 97.51342 
  0.9374467 98.491 
  0.9042441 100.4756 
  0.8841786 103.0128 
  0.9754372 104.5657 
  0.9649901 104.0455 
  0.9321393 102.5003 
  0.9394761 100.4756 
  0.9562345 98.491 
  0.9583197 97.02828 
  0.9659064 95.11173 
  0.9416213 93.23304 
  0.9458387 91.84841 
  0.8606161 90.03418 
  0.6614152 89.58624 
  0.4304656 90.48434 
  0.3923102 91.84841 
  0.1195197 93.23304 
  0.1791613 94.63854 
  0.2764012 95.5873 
  -0.01678837 96.54556 
  0.0904872 97.51342 
  0.02788274 98.491 
  0.1386888 99.97575 
  0.1698969 101.4829 
  0.1233309 103.0128 
  0.04068885 104.5657 
  -0.1563988 106.142 
  0.3783825 107.7421 
  0.7806966 111.0151 
  0.4414443 105.0885 
  0.7962128 101.4829 
  0.9079819 99.97575 
  0.8828688 98.491 
  0.8422621 96.06523 
  0.9021521 93.6992 
  0.9453408 93.6992 
  0.8896661 93.23304 
  0.9303103 92.7692 
  0.9683543 92.7692 
  0.9638003 92.7692 
  0.9352571 93.23304 
  0.9797913 94.1677 
  0.9927742 94.1677 
  0.9555302 94.63854 
  0.8997993 95.5873 
  0.9012907 97.02828 
  0.954792 98.00098 
  0.9199211 98.00098 
  0.7865089 97.51342 
  0.6709288 97.51342 
  0.148258 97.51342 
  0.9319326 97.51342 
  0.9671342 97.51342 
  0.9649035 98.00098 
  0.9340209 98.00098 
  0.8362231 98.00098 
  0.4266008 98.00098 
  -0.0265025 97.51342 
  -0.1841203 96.54556 
  -0.02898333 95.5873 
  -0.1553165 94.63854 
  -0.1101938 93.6992 
  -0.02966141 92.7692 
  -0.02488723 91.84841 
  -0.1038109 90.93677 
  -0.1595135 90.03418 
  -0.0190054 88.69706 
  0.1296889 87.8167 
  0.07354127 88.69706 
  0.4086992 90.03418 
  0.3349764 91.84841 
  0.3798982 94.63854 
  0.7225835 96.54556 
  0.9319452 97.02828 
  0.8727057 96.54556 
  0.8303592 96.54556 
  0.6573955 98.491 
  0.7436135 101.4829 
  0.7673446 104.5657 
  0.6132605 107.2061 
  0.6769346 109.9132 
  0.5050503 113.2521 
  0.7316542 114.9594 
  0.8739232 114.3874 
  0.840164 117.2759 
  0.8046342 120.2372 
  0.8510399 123.2734 
  0.9430555 123.2734 
  0.6747897 120.8384 
  0.640429 114.9594 
  0.9223744 112.128 
  0.980926 111.0151 
  0.9852059 111.0151 
  0.979105 111.0151 
  0.9646326 111.0151 
  0.87205 110.4628 
  0.7102825 108.2809 
  0.758314 101.9903 
  0.9052088 100.4756 
  0.9538597 100.4756 
  0.9432702 100.978 
  0.9510198 101.9903 
  0.9453626 101.9903 
  0.8731399 100.4756 
  0.9191976 98.00098 
  0.8438612 95.5873 
  0.9535189 93.6992 
  0.9607891 93.23304 
  0.9577242 92.7692 
  0.8800011 92.7692 
  0.6567266 93.23304 
  0.2671714 95.11173 
  -0.07550582 97.51342 
  0.03938458 99.97575 
  0.01484666 102.5003 
  0.008105543 105.0885 
  0.1759709 107.7421 
  0.110409 110.4628 
  -0.1303473 113.2521 
  -0.13208 116.1118 
  0.05005812 119.0438 
  -0.06948114 122.0498 
  0.03803892 125.1317 
  -0.0483743 128.2915 
  0.8059303 130.8766 
  0.390509 121.4426 
  0.6402206 120.2372 
  0.9662353 119.639 
  0.9752249 119.0438 
  0.9838 118.4515 
  0.9899498 117.8622 
  0.9887802 117.8622 
  0.9662114 118.4515 
  0.9123237 118.4515 
  0.9024115 117.2759 
  0.8657404 116.6924 
  0.8671813 117.2759 
  0.9420232 116.6924 
  0.9753155 114.9594 
  0.9694333 113.2521 
  0.933843 111.0151 
  0.839841 108.2809 
  0.7093083 105.0885 
  0.8062825 103.5278 
  0.8797585 103.0128 
  0.8993163 102.5003 
  0.905664 101.9903 
  0.8587754 100.978 
  0.8474946 99.97575 
  0.8587895 98.98344 
  0.8732628 98.00098 
  0.9295611 97.51342 
  0.9361762 97.02828 
  0.8576308 97.02828 
  0.7453651 97.02828 
  0.5941179 95.5873 
  0.8738457 94.63854 
  0.9004897 93.6992 
  0.7676753 92.30766 
  0.4160229 91.39146 
  0.6162305 90.93677 
  0.1776938 90.93677 
  -0.2343863 90.93677 
  -0.1375031 90.93677 
  -0.03577304 90.93677 
  0.1557212 90.48434 
  0.1690389 90.03418 
  0.102071 89.58624 
  0.1411862 89.14054 
  0.07736386 88.69706 
  -0.2602758 88.25578 
  0.1979988 87.8167 
  0.4395553 87.3798 
  0.4460499 91.39146 
  0.5839778 92.7692 
  0.94679 93.6992 
  0.8620584 93.6992 
  0.8011163 92.30766 
  0.7161675 91.84841 
  0.6921927 93.23304 
  0.7512586 95.11173 
  0.8850564 97.02828 
  0.9893022 98.491 
  0.9896948 99.97575 
  0.9927984 100.978 
  0.9823661 102.5003 
  0.972594 104.5657 
  0.9691622 106.6728 
  0.6105651 109.3664 
  0.7725605 111.0151 
  0.9464744 111.0151 
  0.9836157 111.0151 
  0.9934409 110.4628 
  0.9922233 110.4628 
  0.9868015 109.9132 
  0.9137757 108.8223 
  0.5715393 132.8496 
  0.3682902 173.9112 
  0.4450805 259.1866 
  0.5210714 268.3953 
  0.6605917 265.7313 
  0.7839174 265.7313 
  0.7089925 257.8971 
  0.9325392 252.8029 
  0.6859978 242.9146 
  0.617823 234.5801 
  0.1220599 225.4046 
  0.2537543 216.5879 
  0.3231525 208.1162 
  -0.1331264 199.9758 
  -0.1540897 192.1537 
  -0.138764 184.6377 
  -0.0003018389 177.4156 
  -0.2405255 170.476 
  -0.07583479 164.6269 
  -0.07619836 158.9785 
  0.2316514 153.5239 
  0.01097238 148.2564 
  -0.0948751 143.1697 
  -0.0304678 138.2575 
  0.1524254 133.5138 
  -0.08298843 128.9329 
  -0.06624108 123.8897 
  0.03161442 119.639 
  0.2209681 115.5342 
  0.7142835 112.128 
  0.7183471 107.2061 
  0.6063675 103.0128 
  0.6646489 98.491 
  0.8175218 95.11173 
  0.817715 93.23304 
  0.8407658 91.84841 
  0.917865 91.39146 
  0.9563448 91.39146 
  0.9471666 91.84841 
  0.9353969 91.84841 
  0.9458524 91.84841 
  0.9286726 91.84841 
  0.9155666 92.7692 
  0.9154949 93.6992 
  0.8320584 94.63854 
  0.7312109 95.5873 
  0.570071 95.5873 
  0.8459925 97.51342 
  0.9844404 98.491 
  0.9913632 98.491 
  0.9962842 98.98344 
  0.9862708 99.47836 
  0.9942699 99.97575 
  0.9784631 100.978 
  0.9510397 103.0128 
  0.9513849 105.0885 
  0.5347705 107.2061 
  0.7392017 111.0151 
  0.9080611 111.5702 
  0.9652274 112.128 
  0.9768717 112.128 
  0.954332 112.6886 
  0.9684792 113.2521 
  0.9545799 113.8184 
  0.9371327 113.2521 
  0.9337199 112.6886 
  0.8853245 111.5702 
  0.7940685 110.4628 
  0.5457618 107.2061 
  -0.2362434 105.614 
  0.008822418 104.0455 
  -0.2058628 102.5003 
  -0.1663 101.4829 
  -0.02555848 100.4756 
  0.167931 98.98344 
  0.1766764 98.00098 
  -0.3281139 96.54556 
  0.6381786 96.06523 
  0.268898 89.14054 
  0.1116071 82.71502 
  0.4807181 80.6778 
  0.6618834 80.27641 
  0.7562916 83.54424 
  0.7864659 85.65383 
  0.6907143 86.0821 
  0.2781897 89.14054 
  0.1764779 92.7692 
  0.2166716 97.02828 
  0.3331461 101.9903 
  0.1654555 107.2061 
  0.138116 112.128 
  0.6022153 114.3874 
  0.727021 113.8184 
  0.4745845 116.1118 
  0.5162321 97.51342 
  0.9024153 97.51342 
  0.9200617 96.54556 
  0.7624685 97.02828 
  0.4978172 97.02828 
  0.6270219 96.06523 
  0.8648329 95.11173 
  0.7839957 94.1677 
  0.906371 92.7692 
  0.9585621 92.30766 
  0.9649298 91.84841 
  0.9330447 91.39146 
  0.9472384 91.39146 
  0.9569075 90.93677 
  0.9332387 90.48434 
  0.9420665 89.58624 
  0.9699489 89.14054 
  0.8600746 88.69706 
  0.7785789 87.3798 
  0.8889153 86.51251 
  0.731908 86.94508 
  0.5080649 86.51251 
  0.7497841 86.51251 
  0.9287757 86.51251 
  0.860063 86.94508 
  0.3592604 88.25578 
  0.1490404 91.39146 
  0.292824 94.63854 
  0.4995905 90.48434 
  0.6711573 90.03418 
  0.871476 90.03418 
  0.9307536 89.58624 
  0.9203538 90.03418 
  0.9188358 90.48434 
  0.9738247 90.48434 
  0.8331193 89.58624 
  0.915219 88.69706 
  0.956311 88.69706 
  0.9207034 88.69706 
  0.4886738 89.14054 
  0.4005641 90.48434 
  0.7697079 91.84841 
  0.7198013 90.93677 
  -0.02795232 87.8167 
  0.161912 84.80367 
  -0.616136 81.89403 
  0.1625226 79.47963 
  0.0499185 77.13642 
  0.04603907 74.86229 
  -0.112406 72.6552 
  -0.1970687 70.51319 
  0.2582401 68.09386 
  0.4233354 67.41799 
  0.5933731 68.09386 
  0.6583807 78.69076 
  0.9624658 79.08421 
  0.9039854 79.08421 
  0.7007139 80.27641 
  0.8477713 81.4866 
  0.7638205 82.71502 
  0.8654598 83.96195 
  0.8806616 84.80367 
  0.9108564 85.2277 
  0.6188792 86.94508 
  0.8706746 87.8167 
  0.9355928 87.3798 
  0.9273688 86.94508 
  0.9129006 86.94508 
  0.8715978 86.0821 
  0.7761544 85.2277 
  0.7316309 83.54424 
  0.7353334 80.6778 
  0.6852782 79.08421 
  0.5211907 79.08421 
  0.3035325 78.29926 
  0.1131953 77.13642 
  0.06492601 75.99085 
  0.04788521 74.48985 
  -0.1684683 73.38358 
  -0.033212 72.29374 
  0.02627951 70.86576 
  0.04426763 69.81332 
  0.1245932 68.43433 
  0.137678 67.41799 
  0.03306506 66.41676 
  0.5804381 65.75754 
  0.7049367 66.08632 
  0.2547496 67.41799 
  0.6942643 70.51319 
  0.5718044 72.6552 
  0.4857244 74.48985 
  0.7150378 77.5221 
  0.644859 79.87703 
  0.6687303 81.08118 
  0.7126244 81.4866 
  0.7290633 81.4866 
  0.4134151 81.4866 
  0.614163 81.4866 
  0.6281985 81.4866 
  0.6294125 81.4866 
  0.444989 81.4866 
  0.2818888 81.4866 
  -0.1522194 81.4866 
  -0.2861431 81.4866 
  -0.2171457 81.4866 
  -0.2226964 81.4866 ]
