 [
  0.3106247 132.1886 
  -0.09705308 132.1886 
  -0.07904124 132.1886 
  -0.1982638 132.1886 
  -0.2380818 132.1886 
  -0.1933834 132.1886 
  -0.1566272 132.1886 
  -0.09395465 132.1886 
  -0.05295783 132.1886 
  -0.04697979 132.1886 
  -0.06120371 132.1886 
  -0.02973333 132.1886 
  0.5408202 132.1886 
  0.8198702 131.531 
  0.8040737 127.6532 
  0.7779996 125.1317 
  0.7558609 121.4426 
  0.6608838 117.2759 
  0.4770555 115.5342 
  0.9047266 116.6924 
  0.710678 118.4515 
  0.4634166 120.8384 
  0.3096638 123.8897 
  0.09300964 127.0181 
  -0.02879138 130.2255 
  -0.08090284 133.5138 
  0.04721187 137.5696 
  0.6266693 141.7487 
  0.6335176 145.328 
  0.8427704 146.7849 
  0.9414623 148.2564 
  0.9537903 151.2439 
  0.8948604 156.6175 
  0.9188252 163.8079 
  0.9643161 169.6279 
  0.975982 175.6547 
  0.9937604 179.1942 
  0.9949251 179.1942 
  0.9819117 177.4156 
  0.9708089 173.9112 
  0.709934 170.476 
  0.2598916 169.6279 
  -0.1008384 166.2773 
  -0.5378398 154.2915 
  -0.3626624 143.1697 
  0.289193 134.1814 
  0.4740078 127.0181 
  0.852877 122.6601 
  0.9744451 119.0438 
  0.9491683 116.1118 
  0.9585071 112.6886 
  0.8149054 111.0151 
  0.8669932 109.3664 
  0.913579 108.8223 
  0.9800762 108.8223 
  0.9923491 108.8223 
  0.9849555 108.8223 
  0.9653631 108.8223 
  0.912273 108.8223 
  0.7761753 108.2809 
  0.3634951 105.0885 
  0.1561543 105.0885 
  -0.1485519 105.0885 
  -0.1273025 105.0885 
  0.06412339 105.614 
  0.02780817 106.142 
  0.1389382 106.6728 
  0.3903447 106.6728 
  0.1652213 106.6728 
  -0.1433714 107.2061 
  -0.3077324 107.7421 
  -0.1987367 108.2809 
  0.007439197 108.8223 
  0.1743492 109.3664 
  0.07812817 109.9132 
  0.063289 110.4628 
  0.07912664 111.5702 
  0.2137181 112.128 
  -0.2617899 113.2521 
  -0.3952739 114.3874 
  0.04166359 115.5342 
  -0.02697892 116.6924 
  0.5231832 117.2759 
  0.2996707 118.4515 
  0.1974828 119.0438 
  0.3627524 120.2372 
  0.3136873 120.8384 
  0.218759 120.8384 
  0.1881627 121.4426 
  0.1972392 122.0498 
  0.09245467 124.5092 
  -0.09323987 130.2255 
  0.7824168 137.5696 
  0.5921373 131.531 
  0.6834315 128.2915 
  0.9152465 125.7574 
  0.9630317 123.8897 
  0.9560452 122.6601 
  0.9602131 120.8384 
  0.9822912 119.639 
  0.989402 119.0438 
  0.9855363 118.4515 
  0.9870014 118.4515 
  0.9891027 117.8622 
  0.9828094 117.2759 
  0.9483786 115.5342 
  0.8644034 113.8184 
  0.8950286 110.4628 
  0.9786147 108.2809 
  0.9780558 107.7421 
  0.9760337 106.6728 
  0.96901 105.614 
  0.8733859 103.5278 
  0.8181025 100.978 
  0.5647929 101.4829 
  0.4384883 103.5278 
  0.05524679 106.142 
  0.149664 108.8223 
  0.145544 111.5702 
  -0.3844678 114.3874 
  -0.2809731 117.2759 
  -0.1283023 120.2372 
  0.1915538 123.2734 
  0.3967845 125.7574 
  0.03954157 128.9329 
  0.03780918 132.1886 
  -0.1060868 135.5266 
  0.2734754 138.9488 
  0.1594763 148.9977 
  0.5381404 128.2915 
  0.981092 128.2915 
  0.9767355 127.6532 
  0.9545524 127.0181 
  0.9187409 126.3862 
  0.850948 127.0181 
  0.689678 125.7574 
  0.1794528 123.2734 
  0.2792791 123.2734 
  0.05879966 123.2734 
  0.03308475 122.6601 
  0.002345621 122.0498 
  -0.09359591 121.4426 
  -0.05273061 120.8384 
  -0.03030947 120.2372 
  0.0467162 120.2372 
  -0.02140994 120.2372 
  0.01387759 120.2372 
  -0.1009586 120.2372 
  0.04023238 120.2372 
  0.3918947 119.639 
  0.636499 120.2372 
  0.6320365 117.2759 
  0.7640756 113.2521 
  0.8618867 110.4628 
  0.9090091 108.8223 
  0.822589 107.2061 
  0.7542604 103.0128 
  0.6059091 103.0128 
  -0.3244052 104.0455 
  0.0316057 105.0885 
  0.1655226 106.142 
  0.06669234 107.2061 
  0.03410815 108.2809 
  0.1230018 109.3664 
  0.08580793 111.0151 
  0.0003479645 112.6886 
  0.07761217 114.3874 
  0.07950602 116.1118 
  0.02864432 117.8622 
  -0.2539609 119.639 
  -0.1484126 121.4426 
  -0.05854909 123.2734 
  -0.07945154 125.1317 
  -0.0590373 127.0181 
  0.1322092 128.9329 
  -0.2208517 130.8766 
  -0.07539609 132.8496 
  -0.177531 134.8523 
  -0.2869503 136.8852 
  -0.09947157 138.9488 
  -0.1282869 141.0434 
  0.0024802 143.1697 
  0.6889403 145.328 
  0.5667189 125.1317 
  0.9051847 124.5092 
  0.9745311 123.2734 
  0.983593 122.6601 
  0.9863942 122.6601 
  0.9848006 123.2734 
  0.9798543 122.6601 
  0.9838017 122.6601 
  0.9719312 121.4426 
  0.970921 120.2372 
  0.9744581 119.0438 
  0.9720875 117.8622 
  0.9502012 116.1118 
  0.9338585 113.8184 
  0.9829915 111.0151 
  0.9712423 109.3664 
  0.9863504 108.2809 
  0.9644691 107.2061 
  0.9476701 106.142 
  0.9695617 104.5657 
  0.9559387 103.5278 
  0.9488013 102.5003 
  0.8924611 100.978 
  0.8109943 99.97575 
  0.5574247 99.47836 
  -0.2953215 99.47836 
  -0.4725298 99.47836 
  -0.3682329 99.47836 
  -0.02587906 99.47836 
  -0.09075999 99.47836 
  -0.02560792 99.47836 
  -0.1936502 99.47836 
  -0.121137 99.97575 
  -0.03383196 100.4756 
  0.1776727 100.4756 
  0.08821656 100.4756 
  0.5026445 100.978 
  0.9097849 101.4829 
  0.941074 101.9903 
  0.9294417 102.5003 
  0.9528778 103.5278 
  0.9439834 105.614 
  0.865082 107.7421 
  0.8872952 108.8223 
  0.8299899 109.3664 
  0.8612244 109.9132 
  0.9120017 110.4628 
  0.9518014 111.0151 
  0.9567346 110.4628 
  0.9265977 109.9132 
  0.7423062 109.3664 
  0.07433122 109.3664 
  -0.1068965 109.3664 
  -0.185686 109.3664 
  -0.052474 109.3664 
  -0.08679294 109.3664 
  0.02621914 109.3664 
  -0.04888902 109.3664 
  0.04842541 109.3664 
  -0.02841023 109.3664 
  -0.07652898 109.3664 
  -0.05160972 109.3664 
  0.06007794 109.3664 
  -0.04823373 109.3664 
  -0.002997275 109.3664 
  0.1117189 109.3664 
  -0.1131534 109.3664 
  0.7155923 109.3664 
  0.2263243 104.5657 
  0.5956673 103.5278 
  0.7088534 101.9903 
  0.6546109 101.9903 
  0.7875602 100.4756 
  0.936594 101.4829 
  0.9129191 100.4756 
  0.8727198 99.47836 
  0.8283007 98.98344 
  0.7053196 98.00098 
  0.218646 100.4756 
  0.2943156 104.0455 
  0.313922 108.2809 
  0.1289266 112.128 
  0.09804215 116.1118 
  0.2894754 120.2372 
  0.7725747 124.5092 
  0.9035422 123.8897 
  0.9706939 124.5092 
  0.9867409 124.5092 
  0.9886544 125.1317 
  0.9767262 125.7574 
  0.9841083 126.3862 
  0.997751 127.0181 
  0.9911703 127.0181 
  0.9913175 127.6532 
  0.9938825 127.6532 
  0.986124 127.6532 
  0.9694132 126.3862 
  0.9521186 124.5092 
  0.9391546 123.2734 
  0.9122079 121.4426 
  0.8101298 117.2759 
  0.8274817 114.3874 
  0.7928091 111.0151 
  0.7043039 111.0151 
  0.910742 111.5702 
  0.8983389 112.128 
  0.8025835 113.2521 
  0.7801586 114.3874 
  0.7896352 115.5342 
  0.6094393 116.6924 
  0.7707542 117.8622 
  0.8694911 117.2759 
  0.9539215 117.2759 
  0.9666312 116.6924 
  0.966918 116.6924 
  0.9787022 115.5342 
  0.9889413 114.9594 
  0.991474 114.3874 
  0.9889176 113.8184 
  0.9859428 112.6886 
  0.9857783 111.5702 
  0.9643506 110.4628 
  0.9690849 107.7421 
  0.9741129 105.614 
  0.9718179 104.0455 
  0.9794101 101.9903 
  0.9769073 100.4756 
  0.979196 98.98344 
  0.9894641 98.00098 
  0.9915712 97.51342 
  0.9881259 97.02828 
  0.9913986 96.54556 
  0.978028 96.06523 
  0.8527823 95.11173 
  0.7705292 94.63854 
  0.7317405 94.63854 
  0.3169167 95.11173 
  0.1408391 95.5873 
  -0.3040972 96.54556 
  -0.6142229 97.51342 
  -0.4315792 98.491 
  -0.03418252 99.47836 
  0.0433375 100.4756 
  0.05991358 100.978 
  0.1805136 101.4829 
  0.1921812 101.4829 
  0.09109151 101.4829 
  -0.001792477 101.4829 
  0.5772827 101.4829 
  0.3895524 99.47836 
  0.4323436 98.00098 
  0.7861344 94.63854 
  0.7187385 94.1677 
  -0.3197985 96.54556 
  -0.1635177 98.98344 
  -0.5068582 101.4829 
  0.1123031 104.0455 
  -0.01169432 106.6728 
  -0.002997535 108.8223 
  0.03103109 111.0151 
  0.7274047 114.3874 
  0.4240461 104.0455 
  0.8944076 102.5003 
  0.9838494 101.4829 
  0.9317799 100.4756 
  0.8441828 98.491 
  0.6405331 96.54556 
  0.5686719 95.5873 
  0.01622546 95.11173 
  0.001488869 94.63854 
  -0.1195505 94.1677 
  -0.1299163 93.6992 
  -0.066876 93.23304 
  -0.04730996 92.7692 
  -0.01339531 92.30766 
  0.03666177 91.84841 
  0.2036094 90.93677 
  -0.5856315 90.03418 
  -0.05521005 89.14054 
  -0.1163357 88.25578 
  0.1093435 87.8167 
  0.2305993 86.94508 
  0.07842971 86.51251 
  0.07281387 86.0821 
  0.1002409 85.65383 
  -0.06646139 85.2277 
  0.02700431 84.80367 
  0.5146647 83.12859 
  0.2910246 82.71502 
  0.183139 83.12859 
  0.5068974 91.39146 
  -0.009345165 90.03418 
  0.0695283 89.14054 
  0.1708496 88.25578 
  0.2476463 86.94508 
  0.3530585 86.0821 
  0.5283298 85.65383 
  0.508773 86.0821 
  0.3516136 86.0821 
  -0.08872443 86.0821 
  -0.144991 86.0821 
  0.02658399 86.0821 
  -0.3755203 86.0821 
  -0.05004271 86.0821 
  -0.04059524 86.0821 
  -0.1643019 86.0821 
  -0.1239223 86.0821 
  -0.1751009 86.0821 
  -0.05952043 86.0821 
  0.08044133 86.0821 
  -0.02745925 86.0821 
  -0.02606077 86.0821 
  -0.1288421 86.0821 
  -0.2456259 86.0821 
  -0.3020045 86.0821 
  -0.205018 86.0821 
  -0.0318951 86.0821 
  -0.06085517 86.0821 
  0.1644274 86.0821 
  0.1660222 86.0821 
  0.1568957 86.0821 
  -0.0102158 86.0821 
  0.01468757 86.0821 
  0.02927031 86.0821 
  0.03991509 86.0821 
  -0.004343828 86.0821 
  -0.01243934 86.0821 
  -0.0119049 86.0821 
  -0.1141235 86.0821 
  -0.207498 86.0821 
  -0.246686 86.0821 
  -0.2940596 86.0821 
  -0.1973086 86.0821 
  -0.1720456 86.0821 
  -0.06236666 86.0821 
  -0.3526313 86.0821 
  -0.3351642 86.0821 
  -0.007861947 86.0821 
  0.1791546 86.0821 
  0.2733673 86.0821 ]
