 [
  0.08208197 50.48289 
  0.1082187 50.48289 
  0.1281144 50.48289 
  0.1650578 50.48289 
  0.1050244 50.48289 
  0.01348621 50.48289 
  0.2404107 50.48289 
  0.03325668 50.48289 
  -0.1068794 50.48289 
  -0.05874623 50.48289 
  0.1577709 50.48289 
  0.07321317 50.48289 
  0.6987602 50.48289 
  0.5460365 50.48289 
  0.6223465 51.24393 
  0.7375923 51.75765 
  0.6920432 51.24393 
  0.7113445 51.50015 
  0.8980156 103.5278 
  0.951264 104.0455 
  0.9210163 105.0885 
  0.8776187 105.614 
  0.7236655 105.614 
  0.7534351 103.0128 
  0.04529661 104.5657 
  0.07915549 105.0885 
  0.04216901 105.614 
  -0.02221545 106.142 
  -0.1074777 106.6728 
  0.01342098 107.2061 
  0.06342929 108.2809 
  0.1516959 109.3664 
  0.007990745 110.4628 
  -0.02835896 111.5702 
  -0.1343378 112.6886 
  0.3072871 113.8184 
  0.3980093 112.128 
  0.3142306 107.2061 
  0.6574618 103.0128 
  0.9245074 101.4829 
  0.9399401 99.97575 
  0.9679379 98.98344 
  0.9850817 98.98344 
  0.9772581 98.491 
  0.9687988 98.491 
  0.9793261 98.00098 
  0.9507316 97.51342 
  0.8657634 97.02828 
  0.7423336 96.06523 
  0.5777664 92.7692 
  -0.2123105 92.7692 
  -0.1513915 92.7692 
  0.04725141 92.7692 
  -0.1422811 92.7692 
  0.04132893 92.7692 
  0.1328011 92.30766 
  -0.00581207 91.84841 
  -0.08357437 91.84841 
  -0.2086309 91.39146 
  0.2193455 91.39146 
  0.3308145 92.30766 
  0.7895176 93.6992 
  0.7255268 91.39146 
  -0.06299648 90.93677 
  0.2390271 91.39146 
  -0.3158549 91.84841 
  0.1109313 92.30766 
  0.07924554 92.7692 
  0.07150652 93.23304 
  -0.1660268 93.6992 
  -0.01626222 94.1677 
  0.04366341 94.63854 
  -0.05086356 95.11173 
  -0.08445147 95.5873 
  -0.3037076 96.06523 
  -0.1828136 96.54556 
  -0.1686392 97.02828 
  -0.08937658 97.51342 
  0.02035211 98.00098 
  -0.01840835 98.491 
  -0.176597 98.98344 
  -0.1259321 98.98344 
  -0.1754309 98.98344 
  -0.0342053 99.47836 
  0.02017906 99.97575 
  -0.1187724 100.4756 
  0.03680296 100.978 
  0.1380405 101.4829 
  0.07814869 101.9903 
  -0.1377922 102.5003 
  0.5690024 103.5278 
  0.760587 105.0885 
  0.811387 103.5278 
  0.8449204 101.4829 
  0.8513278 99.97575 
  0.8721501 98.00098 
  0.9190934 96.06523 
  0.8632865 95.5873 
  0.7795768 97.51342 
  0.796999 99.97575 
  0.956987 101.9903 
  0.9680396 102.5003 
  0.8919631 102.5003 
  0.8033823 101.4829 
  0.8631112 100.4756 
  0.9017531 99.97575 
  0.9416737 98.98344 
  0.9774188 98.491 
  0.9784853 98.98344 
  0.9801692 99.47836 
  0.9825096 99.97575 
  0.9873269 100.4756 
  0.9960728 100.4756 
  0.9956116 100.4756 
  0.9926397 99.97575 
  0.9481373 98.98344 
  0.9585398 98.00098 
  0.9771872 97.51342 
  0.987394 97.02828 
  0.9910606 96.54556 
  0.9318043 96.06523 
  0.4614208 95.11173 
  0.6029543 91.84841 
  0.9068096 91.39146 
  0.9455758 91.39146 
  0.9747981 90.93677 
  0.983393 90.93677 
  0.9874013 90.48434 
  0.9759306 90.48434 
  0.8640944 90.48434 
  0.6741027 90.48434 
  0.02608635 89.14054 
  -0.3161581 90.03418 
  -0.3543322 90.93677 
  -0.4214314 91.84841 
  0.03403092 92.7692 
  0.1337589 93.6992 
  0.3463494 94.63854 
  0.8032666 94.63854 
  0.7157657 91.84841 
  0.8891078 90.03418 
  0.9475018 89.58624 
  0.9496688 89.14054 
  0.9749904 88.69706 
  0.9757224 88.25578 
  0.9095371 88.25578 
  0.7833836 87.8167 
  0.7986195 84.80367 
  0.164028 83.54424 
  0.2162719 83.12859 
  0.07183536 82.71502 
  0.1716375 82.71502 
  0.04032244 82.3035 
  0.008921375 82.3035 
  -0.01245261 82.3035 
  -0.0001766104 82.3035 
  -0.0194515 82.3035 
  -0.1580592 82.3035 
  -0.1251332 82.3035 
  -0.07355552 81.89403 
  -0.1414755 81.4866 
  -0.02175602 81.4866 
  0.4605932 81.4866 
  0.4508564 83.12859 
  0.6883321 85.2277 
  0.8605654 86.0821 
  0.8248904 86.0821 
  0.9845532 87.3798 
  0.9697384 87.8167 
  0.9272339 87.8167 
  0.904551 86.51251 
  0.9498523 85.65383 
  0.9838399 85.2277 
  0.9896806 85.2277 
  0.9885396 84.80367 
  0.9884449 84.80367 
  0.989252 84.80367 
  0.9831762 84.38177 
  0.8763799 82.71502 
  0.8282874 81.89403 
  0.9777679 80.6778 
  0.7577425 80.6778 
  0.0697315 81.89403 
  0.07423713 82.3035 
  0.1126914 82.71502 
  0.6382874 82.71502 
  0.8472862 82.3035 
  0.1755253 81.89403 
  0.06883758 81.4866 
  0.4681749 81.08118 
  -0.1329121 80.27641 
  0.5518734 79.87703 
  0.6413397 79.87703 
  0.4243701 81.89403 
  0.8454653 84.80367 
  0.9111713 83.54424 
  0.9416229 82.3035 
  0.9398795 81.89403 
  0.9374054 81.4866 
  0.8681167 82.3035 
  0.8706391 84.38177 
  0.7815209 87.8167 
  0.8865254 89.14054 
  0.7445488 87.8167 
  0.7132001 87.3798 
  0.8756801 86.0821 
  0.981842 84.80367 
  0.989709 84.38177 
  0.9918612 83.96195 
  0.9933375 83.96195 
  0.9821678 83.96195 
  0.9618142 83.54424 
  0.9747055 83.12859 
  0.892249 82.3035 
  0.6422794 80.6778 
  0.5873345 77.5221 
  0.549224 76.3708 
  0.5847889 73.01849 
  0.1376851 71.22009 
  0.5032064 71.93407 
  0.5814475 72.29374 
  0.4710361 72.6552 
  0.369275 75.99085 
  0.169628 76.75266 
  0.1852464 81.4866 
  0.4401759 82.3035 
  0.7574819 79.47963 
  0.5509895 79.87703 
  0.57856 79.87703 
  0.6287919 79.87703 
  0.4226911 79.87703 
  0.2050178 79.87703 
  0.276487 79.87703 
  0.1850855 79.87703 
  0.04089419 79.87703 
  -0.09421787 79.87703 
  -0.0890156 79.87703 
  -0.2287816 79.87703 
  -0.1982036 79.87703 ]
