 [
  0.03193966 195.0505 
  0.1879881 195.0505 
  0.1115542 195.0505 
  0.09132812 195.0505 
  0.009179322 195.0505 
  -0.05126053 195.0505 
  -0.06473835 195.0505 
  -0.2676093 195.0505 
  -0.2116318 195.0505 
  0.02208478 195.0505 
  0.06657222 195.0505 
  0.1704896 195.0505 
  0.3065198 195.0505 
  0.400567 195.0505 
  0.2519019 195.0505 
  0.1105485 195.0505 
  0.07550642 195.0505 
  -0.03849658 195.0505 
  -0.04046654 195.0505 
  0.4180888 195.0505 
  0.3633938 195.0505 
  0.4765942 195.0505 
  0.2303718 195.0505 
  0.573687 195.0505 
  0.5742791 175.6547 
  0.8146314 172.185 
  0.9816055 171.3284 
  0.9784721 173.046 
  0.9700879 172.185 
  0.9747496 171.3284 
  0.9718524 170.476 
  0.9708767 170.476 
  0.9955117 170.476 
  0.9721888 171.3284 
  0.9506765 173.9112 
  0.9239309 177.4156 
  0.8984874 179.1942 
  0.8290662 182.8051 
  0.9585815 185.5609 
  0.9780128 188.3582 
  0.9894161 190.2465 
  0.9905691 192.1537 
  0.9869429 193.1145 
  0.995154 194.0801 
  0.9938709 196.0257 
  0.9885066 197.9909 
  0.9962483 198.9809 
  0.9949237 200.9756 
  0.9938825 201.9805 
  0.9314396 204.0054 
  0.9616423 204.0054 
  0.9855546 202.9904 
  0.9842309 201.9805 
  0.9492386 199.9758 
  0.6621599 199.9758 
  0.224921 207.0808 
  0.2505845 247.8095 
  0.3173892 247.8095 
  0.331977 245.3498 
  0.3097843 242.9146 
  0.8215815 239.307 
  0.8116021 235.753 
  0.6411476 232.2518 
  0.4088647 227.6642 
  0.1214575 223.1673 
  -0.03744738 218.7592 
  -0.2004512 214.4382 
  -0.1268499 210.2025 
  -0.08257334 207.0808 
  -0.0438512 204.0054 
  0.3827737 200.9756 
  0.6525854 189.3 
  0.8529373 184.6377 
  0.9670075 184.6377 
  0.9756969 183.7191 
  0.9720813 181.8956 
  0.9795864 180.0902 
  0.9700645 179.1942 
  0.949872 180.9906 
  0.9636323 180.9906 
  0.9631906 180.0902 
  0.9764783 180.0902 
  0.9889902 180.0902 
  0.9952917 180.0902 
  0.9950225 180.0902 
  0.9916643 180.0902 
  0.9918218 179.1942 
  0.9918839 180.0902 
  0.9925347 180.0902 
  0.990276 180.0902 
  0.9917157 180.9906 
  0.9970132 180.9906 
  0.9965199 180.9906 
  0.9980134 180.9906 
  0.9937197 180.9906 
  0.9141108 180.9906 
  0.8634747 179.1942 
  0.516463 174.7808 
  0.9898415 173.9112 
  0.6792936 173.9112 
  0.8911911 171.3284 
  0.9209434 170.476 
  0.9730209 169.6279 
  0.9352655 167.9442 
  0.959726 165.4501 
  0.9822505 162.9929 
  0.9701316 162.182 
  0.9899718 161.3751 
  0.9375923 159.7734 
  0.9064943 158.9785 
  0.8581409 156.6175 
  0.969317 155.8383 
  0.9971736 155.063 
  0.9959846 154.2915 
  0.9970095 154.2915 
  0.9295938 154.2915 
  0.7203113 152.7601 
  0.8763849 152.0001 
  0.9134189 152.0001 
  0.9756795 152.7601 
  0.9654065 153.5239 
  0.9204276 153.5239 
  0.8038613 153.5239 
  0.5669187 155.063 
  -0.2143688 156.6175 
  -0.1999752 158.1876 
  -0.1387071 159.7734 
  0.02571865 162.182 
  0.1905519 164.6269 
  0.1469457 167.1087 
  0.288269 169.6279 
  0.1865512 172.185 
  0.2545827 174.7808 
  0.2231972 177.4156 
  0.09107077 180.9906 
  0.04932275 184.6377 
  0.01254453 187.4211 
  -0.0332602 190.2465 
  0.02052094 192.1537 
  0.03670328 194.0801 
  0.2747722 196.0257 
  0.7036591 196.0257 
  0.8593807 194.0801 
  0.9861969 191.1978 
  0.9984101 189.3 
  0.9993807 189.3 
  0.9983356 190.2465 
  0.9984105 190.2465 
  0.9950914 192.1537 
  0.9964437 195.0505 
  0.9977279 197.0059 
  0.996099 198.9809 
  0.9922961 200.9756 
  0.9903544 204.0054 
  0.9918433 207.0808 
  0.9946359 209.1568 
  0.9954171 209.1568 
  0.9957826 208.1162 
  0.9984541 206.0505 
  0.9946797 205.0254 
  0.9753236 202.9904 
  0.9604798 198.9809 
  0.9659376 194.0801 
  0.9281045 190.2465 
  0.8100461 188.3582 
  0.7240826 186.4887 
  0.6543413 184.6377 
  0.5302195 182.8051 
  0.5996447 180.9906 
  0.7992755 179.1942 
  0.8878422 177.4156 
  0.9658216 174.7808 
  0.9662051 173.046 
  0.9636505 170.476 
  0.9546981 167.9442 
  0.9473659 167.1087 
  0.7500986 168.784 
  0.8975463 172.185 
  0.952087 173.046 
  0.9919544 173.046 
  0.9797518 172.185 
  0.974736 168.784 
  0.985981 166.2773 
  0.9946758 163.8079 
  0.9872633 162.182 
  0.9750497 159.7734 
  0.9819968 156.6175 
  0.9905615 154.2915 
  0.9797336 152.0001 
  0.980397 149.7427 
  0.9976469 148.2564 
  0.995648 146.7849 
  0.9972442 146.7849 
  0.9952207 146.0546 
  0.9958686 145.328 
  0.9947655 145.328 
  0.9967157 144.605 
  0.9946342 143.8855 
  0.9913455 143.1697 
  0.9770833 142.4574 
  0.9699209 140.3417 
  0.9579391 138.2575 
  0.9495419 135.5266 
  0.9534705 133.5138 
  0.8922198 131.531 
  0.7384561 128.9329 
  0.5140507 125.7574 
  0.4558197 122.6601 
  0.4559517 119.639 
  -0.04757041 116.6924 
  -0.02634605 113.2521 
  -0.01110783 109.9132 
  0.09119935 107.2061 
  -0.02018983 104.0455 
  0.1713629 101.4829 
  -0.05895808 98.98344 
  -0.2103074 96.06523 
  0.04675232 93.6992 
  0.143537 91.84841 
  0.4033591 90.03418 
  -0.3725092 87.8167 
  0.4440337 85.65383 
  -0.05083826 83.54424 
  0.1137892 81.89403 
  0.2206009 81.08118 
  0.5804384 79.87703 
  0.8697954 79.47963 
  0.8912949 78.29926 
  0.9114933 77.5221 
  0.9519807 76.75266 
  0.9607804 76.3708 
  0.9613047 75.99085 
  0.8609568 75.99085 
  0.2521817 78.69076 
  -0.07288431 84.80367 
  -0.336729 91.39146 
  -0.565102 98.491 
  -0.5457534 106.142 
  -0.1519701 114.3874 
  0.5185256 123.2734 
  0.4084331 132.1886 
  -0.1709376 142.4574 
  0.2923612 152.7601 
  0.6419916 163.8079 
  0.8302012 162.182 
  0.891497 161.3751 
  0.9649595 159.7734 
  0.9928565 158.9785 
  0.9920115 159.7734 
  0.9899218 161.3751 
  0.9875015 162.182 
  0.980871 164.6269 
  0.9778812 166.2773 
  0.9722472 167.9442 
  0.9329237 171.3284 
  0.9362279 174.7808 
  0.980499 179.1942 
  0.9493469 180.9906 
  0.9137163 182.8051 
  0.5122966 185.5609 
  0.4996893 188.3582 
  -0.09687408 191.1978 
  0.5297438 194.0801 
  -0.06187156 197.0059 
  -0.07603049 199.9758 
  -0.02769382 204.0054 
  -0.1036114 208.1162 
  0.3988871 211.2535 
  0.7289765 213.3714 
  0.8334358 211.2535 
  0.8930398 208.1162 
  0.8824364 206.0505 
  0.9887273 199.9758 
  0.9946003 197.9909 
  0.993403 197.0059 
  0.9945954 196.0257 
  0.9983454 196.0257 
  0.9959284 195.0505 
  0.9951465 194.0801 
  0.9921018 192.1537 
  0.9892106 190.2465 
  0.979314 187.4211 
  0.9545742 183.7191 
  0.7761772 179.1942 
  0.832231 174.7808 
  0.9526426 172.185 
  0.9917819 170.476 
  0.9803803 168.784 
  0.9766332 167.1087 
  0.9817809 167.1087 
  0.979654 167.1087 
  0.9596766 167.9442 
  0.9720567 168.784 
  0.9811757 167.1087 
  0.9916137 166.2773 
  0.9946119 166.2773 
  0.99502 166.2773 
  0.9943762 166.2773 
  0.9960997 166.2773 
  0.9942586 167.1087 
  0.995002 167.1087 
  0.9956131 167.9442 
  0.9970174 167.1087 
  0.9947681 167.9442 
  0.997427 167.9442 
  0.9958153 168.784 
  0.9940459 169.6279 
  0.9944562 170.476 
  0.9965213 170.476 
  0.9981662 171.3284 
  0.9992903 170.476 
  1.000191 170.476 
  0.9995984 170.476 
  0.9927902 169.6279 
  0.9575492 168.784 
  0.9144399 167.9442 
  0.7799258 167.9442 
  0.4165171 168.784 
  0.2432989 169.6279 
  0.0579577 170.476 
  -0.1835296 171.3284 
  -0.1557 172.185 
  -0.176069 173.046 
  0.2333048 173.9112 
  0.1359308 174.7808 
  0.1822124 171.3284 
  0.318619 170.476 
  0.6790925 171.3284 
  0.6544845 170.476 
  0.6075523 170.476 
  0.6087294 171.3284 
  0.7371497 172.185 
  0.6048829 173.046 
  0.2146168 173.9112 
  -0.05657643 174.7808 
  -0.1710597 175.6547 
  0.1343247 176.533 
  0.07577772 177.4156 
  -0.1348484 178.3027 
  -0.1658057 179.1942 
  -0.1396525 180.0902 
  -0.2081944 180.9906 
  -0.2143934 181.8956 
  -0.1831199 181.8956 
  -0.1015555 181.8956 
  0.2125209 181.8956 
  0.7723309 181.8956 
  0.3432291 178.3027 
  0.5037699 163.8079 
  0.6251809 166.2773 
  0.810917 165.4501 
  0.9480221 164.6269 
  0.9820415 162.9929 
  0.9907969 162.9929 
  0.9818163 160.5723 
  0.9813006 158.9785 
  0.9737483 158.1876 
  0.9784641 157.4006 
  0.9583989 156.6175 
  0.9373451 155.8383 
  0.9161198 155.8383 
  0.9406796 155.063 
  0.9835869 154.2915 
  0.9833342 153.5239 
  0.9865543 152.7601 
  0.9698209 152.0001 
  0.9667093 150.4914 
  0.9724021 149.7427 
  0.9721978 147.5188 
  0.9740853 146.7849 
  0.9747579 146.0546 
  0.9733747 145.328 
  0.9670862 144.605 
  0.9786551 143.8855 
  0.9666513 144.605 
  0.9646615 144.605 
  0.9835677 145.328 
  0.9814773 145.328 
  0.9674649 145.328 
  0.9177892 143.8855 
  0.8803533 142.4574 
  0.9381773 141.0434 
  0.9587935 139.6435 
  0.9386988 138.9488 
  0.9518677 138.2575 
  0.9469813 138.2575 
  0.9577108 138.9488 
  0.8931658 139.6435 
  0.8029093 140.3417 
  0.8075179 141.0434 
  0.8117685 141.0434 
  0.7914013 141.0434 
  0.75732 141.0434 
  0.7030336 141.0434 
  0.5016022 141.0434 
  0.158894 141.0434 
  0.06511793 141.0434 
  0.007819805 141.0434 
  0.03754971 141.0434 
  0.07848573 141.0434 
  0.001634036 141.0434 
  -0.01951557 141.0434 ]
