 [
  -0.09384423 102.5003 
  -0.5280387 102.5003 
  0.2024234 102.5003 
  -0.3863426 102.5003 
  -0.2501226 102.5003 
  -0.0057871 102.5003 
  0.03436186 102.5003 
  0.123944 102.5003 
  0.04977312 102.5003 
  -0.2210637 102.5003 
  0.01650185 102.5003 
  0.1124271 102.5003 
  0.1368331 101.9903 
  0.09475503 103.5278 
  0.2541332 106.142 
  0.3841416 105.0885 
  0.4484162 104.5657 
  0.7596964 104.0455 
  0.8923972 104.5657 
  0.9383621 104.0455 
  0.9425407 104.0455 
  0.9478015 104.0455 
  0.9518912 104.0455 
  0.9752207 104.0455 
  0.9719394 104.5657 
  0.9724585 105.0885 
  0.9413149 106.142 
  0.9195084 107.7421 
  0.8766564 110.4628 
  0.869095 112.6886 
  0.8909315 114.9594 
  0.9463629 116.6924 
  0.9763921 118.4515 
  0.9715972 119.639 
  0.9689174 120.8384 
  0.9809688 122.6601 
  0.9833046 124.5092 
  0.9801866 125.7574 
  0.9636235 127.6532 
  0.8421319 130.8766 
  0.8046449 134.1814 
  0.8327727 137.5696 
  0.8006753 141.0434 
  0.9444921 143.1697 
  0.9741511 144.605 
  0.9737528 146.0546 
  0.9823583 147.5188 
  0.9216003 146.0546 
  0.9453034 143.8855 
  0.9630719 141.7487 
  0.8913774 139.6435 
  0.8034371 137.5696 
  0.7309867 134.1814 
  0.1370849 136.8852 
  -0.2263263 141.0434 
  -0.1682357 145.328 
  0.03847712 149.7427 
  -0.05540485 154.2915 
  -0.1975653 158.9785 
  -0.1014204 163.8079 
  0.1309676 168.784 
  0.1582407 173.9112 
  0.003817088 179.1942 
  0.02007397 184.6377 
  0.01604586 190.2465 
  -0.08110017 196.0257 
  0.02952245 201.9805 
  -0.08900189 209.1568 
  -0.2112801 216.5879 
  0.1380357 224.2832 
  0.08390883 232.2518 
  0.244265 239.307 
  0.3449126 250.2938 
  0.7803798 265.7313 
  0.9021736 269.7372 
  0.978901 271.0859 
  0.9853836 271.0859 
  0.9901011 271.0859 
  0.9970887 269.7372 
  0.9977862 269.7372 
  0.9973348 269.7372 
  0.9977112 271.0859 
  0.9981751 272.4414 
  0.9990565 273.8036 
  0.9774927 273.8036 
  0.8984465 272.4414 
  0.6503298 269.7372 
  0.4073741 268.3953 
  0.5815322 268.3953 
  0.731457 268.3953 
  -0.1838125 268.3953 
  -0.3122776 268.3953 
  0.2241695 267.06 
  -0.08819503 267.06 
  -0.04885145 267.06 
  -0.04628754 267.06 
  -0.1437683 265.7313 
  -0.2582279 264.4093 
  0.5880279 264.4093 
  0.6851454 249.0485 
  0.8101021 249.0485 
  0.9486131 249.0485 
  0.9729226 249.0485 
  0.993679 247.8095 
  0.9979308 247.8095 
  0.9939207 249.0485 
  0.9966472 249.0485 
  0.9887612 250.2938 
  0.9701323 249.0485 
  0.9337821 249.0485 
  0.9515038 252.8029 
  0.9956181 256.614 
  0.9856272 260.4825 
  0.7995711 268.3953 
  0.9097136 271.0859 
  0.9830902 271.0859 
  0.992429 272.4414 
  0.9890381 272.4414 
  0.9888739 269.7372 
  0.9647249 267.06 
  0.9243826 263.0938 
  0.8552599 252.8029 
  0.886696 244.1292 
  0.8487582 240.5036 
  0.7887161 236.9318 
  0.6729771 235.753 
  0.5884441 234.5801 
  0.5223529 233.4131 
  0.6175681 233.4131 
  0.7771711 233.4131 
  0.8977025 235.753 
  0.8693223 238.1164 
  0.9275693 234.5801 
  0.9312646 231.0963 
  0.9887474 228.8026 
  0.9935419 227.6642 
  0.9129434 227.6642 
  0.8645403 224.2832 
  0.89334 223.1673 
  0.9908769 220.9523 
  0.9892003 219.853 
  0.9817559 217.6709 
  0.9876741 215.5104 
  0.995616 214.4382 
  0.99543 213.3714 
  0.9872002 212.3098 
  0.9841834 211.2535 
  0.9861388 211.2535 
  0.9943209 211.2535 
  0.9951481 212.3098 
  0.9925267 212.3098 
  0.9893899 213.3714 
  0.9953068 214.4382 
  0.997488 214.4382 
  0.9967576 214.4382 
  0.9959792 214.4382 
  0.996619 214.4382 
  0.9927798 215.5104 
  0.9878028 215.5104 
  0.9741701 215.5104 
  0.9604708 215.5104 
  0.9479055 216.5879 
  0.8112718 215.5104 
  0.884619 216.5879 
  0.9532151 217.6709 
  0.9667478 218.7592 
  0.9664169 219.853 
  0.9649088 220.9523 
  0.9516703 223.1673 
  0.4108161 224.2832 
  0.198891 225.4046 
  0.155233 226.5316 
  0.1599018 227.6642 
  -0.05395903 228.8026 
  0.002138178 229.9466 
  -0.05377642 231.0963 
  -0.02364199 232.2518 
  -0.009404597 233.4131 
  0.24815 234.5801 
  0.1991627 235.753 
  0.1545044 236.9318 
  0.0949292 238.1164 
  0.06053283 239.307 
  0.04630552 240.5036 
  -0.09241535 241.7061 
  -0.1708807 242.9146 
  0.2025107 244.1292 
  0.4005863 245.3498 
  0.3648558 246.5766 
  0.401473 247.8095 
  0.3490691 249.0485 
  0.5333554 250.2938 
  0.7168211 251.5452 
  0.7422807 252.8029 
  0.8802665 254.067 
  0.8677323 249.0485 
  0.8563225 240.5036 
  0.9495329 231.0963 
  0.9211368 222.057 
  0.9408999 214.4382 
  0.9718815 209.1568 
  0.9924664 207.0808 
  0.9966213 207.0808 
  0.9942502 206.0505 
  0.9794673 205.0254 
  0.9652487 202.9904 
  0.9296805 201.9805 
  0.7339675 202.9904 
  0.1711571 205.0254 
  0.2666989 207.0808 
  0.1457202 209.1568 
  -0.1193961 211.2535 
  -0.07198301 212.3098 
  0.03392424 213.3714 
  0.110968 214.4382 
  0.01706713 215.5104 
  0.1033067 216.5879 
  0.02780802 218.7592 
  -0.01960639 220.9523 
  0.01587969 223.1673 
  -0.06895972 225.4046 
  -0.06859081 227.6642 
  -0.03225117 229.9466 
  0.06065383 232.2518 
  -0.1578572 234.5801 
  0.1438339 236.9318 
  0.05712068 239.307 
  0.06396297 241.7061 
  0.0350982 244.1292 
  0.4592611 246.5766 
  0.5698725 249.0485 
  0.7738617 231.0963 
  0.9097853 227.6642 
  0.9987128 227.6642 
  1.001033 228.8026 
  1.001624 228.8026 
  1.000016 229.9466 
  1.000224 229.9466 
  0.9998202 231.0963 
  0.9799832 231.0963 
  0.9529643 229.9466 
  0.7593098 154.2915 
  0.990763 116.6924 
  0.9883641 116.6924 
  0.974797 116.6924 
  0.9375575 117.8622 
  0.9142262 117.8622 
  0.9284132 118.4515 
  0.9582159 117.8622 
  0.9583578 117.8622 
  0.9799758 118.4515 
  0.9860848 118.4515 
  0.989168 118.4515 
  0.9701166 119.0438 
  0.9066761 120.2372 
  0.8655458 122.0498 
  0.8275332 123.8897 
  0.9298542 125.7574 
  0.9074148 126.3862 
  0.904535 128.2915 
  0.9126539 129.5776 
  0.8600863 131.531 
  0.6197583 132.1886 
  0.303802 134.1814 
  0.1772897 133.5138 
  0.1448028 136.8852 
  -0.1124503 144.605 
  -0.08993665 150.4914 
  0.2795808 156.6175 
  -0.4781632 162.9929 
  -0.09465274 169.6279 
  -0.1054033 176.533 
  -0.04268875 183.7191 
  -0.09450874 191.1978 
  0.1828118 198.9809 
  -0.08895076 207.0808 
  0.6606338 213.3714 
  0.8282435 212.3098 
  0.9655418 208.1162 
  0.985224 205.0254 
  0.9922794 204.0054 
  0.9835345 201.9805 
  0.9686088 199.9758 
  0.9746164 197.9909 
  0.9725611 197.9909 
  0.9985989 199.9758 
  0.9968777 199.9758 
  0.9671165 199.9758 
  0.9264565 199.9758 
  0.7142856 200.9756 
  0.3418762 201.9805 
  0.0274383 202.9904 
  0.1026698 204.0054 
  -0.1307954 205.0254 
  0.05306195 206.0505 
  -0.0208244 207.0808 
  0.02930232 209.1568 
  0.06185268 210.2025 
  0.2219784 211.2535 
  0.01521552 212.3098 
  -0.009262117 213.3714 
  0.007404637 214.4382 
  0.05733091 215.5104 
  0.04241084 216.5879 
  0.01419404 218.7592 
  -0.07406384 222.057 
  0.7256445 225.4046 
  0.8656626 228.8026 
  0.9612824 229.9466 
  0.9962093 231.0963 
  0.997912 231.0963 
  0.995981 232.2518 
  0.9948411 232.2518 
  0.9809076 231.0963 
  0.958738 229.9466 
  0.7867208 228.8026 
  0.09674987 227.6642 
  -0.221094 226.5316 
  0.4250944 225.4046 
  0.7007632 224.2832 
  -0.0668013 223.1673 
  -0.05202867 222.057 
  0.1563533 220.9523 
  -0.1428606 219.853 
  0.09891039 218.7592 
  0.03652851 217.6709 
  -0.02740819 216.5879 
  -0.02857461 215.5104 
  -0.2058064 214.4382 
  0.8119206 212.3098 
  0.9120079 213.3714 
  0.9861695 214.4382 
  0.9591369 215.5104 
  0.938006 219.853 
  0.8177412 223.1673 
  0.88745 222.057 
  0.6620178 220.9523 
  0.6632227 219.853 
  0.7532359 219.853 
  0.8342035 219.853 
  0.8984979 219.853 
  0.5380538 219.853 
  0.842294 219.853 
  0.8248166 218.7592 
  0.9218775 217.6709 
  0.9612081 216.5879 
  0.9770458 216.5879 
  0.9845148 216.5879 
  0.9830967 215.5104 
  0.9895805 213.3714 
  0.983712 210.2025 
  0.9900388 207.0808 
  0.9761443 204.0054 
  0.8886546 198.9809 
  0.8291428 193.1145 
  0.9473943 188.3582 
  0.8880187 188.3582 
  0.7651336 184.6377 
  0.8433532 184.6377 
  0.8197275 184.6377 
  0.9272996 187.4211 
  0.8049985 187.4211 
  0.6740963 187.4211 
  0.3505136 187.4211 
  0.3807085 187.4211 
  0.4610117 186.4887 
  0.4529725 187.4211 
  0.2973154 188.3582 
  0.2137502 188.3582 
  0.2260825 190.2465 
  0.2755572 191.1978 
  0.5318369 192.1537 
  0.8771001 193.1145 
  0.9819809 193.1145 
  0.9305679 194.0801 
  0.8433294 195.0505 
  0.739969 195.0505 
  0.8320869 195.0505 
  0.8571217 195.0505 
  0.7083796 195.0505 
  0.4363322 195.0505 
  0.0681216 195.0505 
  0.09209133 195.0505 
  0.03621291 195.0505 
  0.1183012 195.0505 
  0.1452443 195.0505 
  -0.2205185 195.0505 
  -0.3565436 195.0505 
  -0.0379183 195.0505 
  -0.04012299 195.0505 
  -0.2707611 195.0505 
  -0.2057066 195.0505 
  -0.31312 195.0505 
  -0.3511479 195.0505 
  -0.2411554 195.0505 
  0.02116681 195.0505 
  0.03472435 195.0505 
  0.04629664 195.0505 
  -0.1438458 195.0505 
  -0.2289792 195.0505 
  -0.0753405 195.0505 
  -0.2713673 195.0505 
  -0.2320564 195.0505 
  -0.2534911 195.0505 
  -0.2726832 195.0505 
  -0.295485 195.0505 
  -0.1165365 195.0505 
  -0.08684221 195.0505 
  0.0316042 195.0505 
  0.04009253 195.0505 
  -0.04217729 195.0505 
  0.04805361 195.0505 
  0.1903556 195.0505 
  -0.07756028 195.0505 
  -0.02028217 195.0505 
  0.05170305 195.0505 
  -0.0009232396 195.0505 
  0.07102326 195.0505 
  -0.1540978 195.0505 
  -0.2089926 195.0505 
  -0.1662558 195.0505 
  -0.05840336 195.0505 
  -0.1282449 195.0505 
  0.04064785 195.0505 
  0.0902587 195.0505 
  0.1336358 195.0505 
  -0.1485841 195.0505 
  -0.1820419 195.0505 
  -0.222286 195.0505 
  -0.1757324 195.0505 
  -0.1941214 195.0505 
  -0.1118259 195.0505 
  -0.001168395 195.0505 
  0.04202858 195.0505 
  0.09400099 195.0505 
  0.1217211 195.0505 
  -0.1583124 195.0505 
  -0.1618884 195.0505 
  -0.3051494 195.0505 
  -0.13238 195.0505 
  -0.1317661 195.0505 
  -0.1380468 195.0505 
  0.05053091 195.0505 
  -0.06751915 195.0505 
  -0.3456746 195.0505 
  -0.3196641 195.0505 
  -0.2576103 195.0505 
  -0.1151326 195.0505 
  -0.0436049 195.0505 
  -0.2062419 195.0505 
  -0.1011407 195.0505 
  -0.02718329 195.0505 ]
