 [
  -0.3038873 279.3209 
  -0.1037849 279.3209 
  0.173588 279.3209 
  0.009121826 279.3209 
  0.1596203 279.3209 
  0.06064858 279.3209 
  0.06693514 279.3209 
  0.181916 279.3209 
  -0.006027211 279.3209 
  0.04779793 279.3209 
  0.3087305 279.3209 
  0.05776503 279.3209 
  0.2067381 279.3209 
  0.4048027 279.3209 
  0.06926829 279.3209 
  0.2108986 279.3209 
  0.7296207 279.3209 
  0.8911646 265.7313 
  0.9397663 264.4093 
  0.9861752 263.0938 
  0.9595621 259.1866 
  0.9406534 249.0485 
  0.9405967 241.7061 
  0.9207718 239.307 
  0.8506874 239.307 
  0.6958902 241.7061 
  0.3762147 246.5766 
  0.6123279 251.5452 
  0.8685716 256.614 
  0.9602888 261.7849 
  0.9867368 265.7313 
  0.9929106 269.7372 
  0.99778 272.4414 
  0.990801 276.5485 
  0.914084 280.7175 
  0.9511465 283.5317 
  0.9907862 284.9493 
  0.9899757 289.245 
  0.9903607 292.1447 
  0.9947881 296.5488 
  0.995689 299.5217 
  0.9947801 302.5244 
  0.9938227 305.5572 
  0.9929396 310.1635 
  0.9951173 314.8393 
  0.9959546 319.5855 
  0.9968202 324.4033 
  0.9971713 327.6555 
  0.9969177 329.2938 
  0.9961367 329.2938 
  0.9975352 329.2938 
  0.9987134 329.2938 
  0.9924908 327.6555 
  0.9783278 327.6555 
  0.9147227 329.2938 
  0.5712239 332.5949 
  0.8724987 337.6089 
  0.8990597 329.2938 
  0.9406955 322.7894 
  0.9941072 314.8393 
  0.9781266 310.1635 
  0.9612192 308.6204 
  0.8866418 307.085 
  0.8124888 307.085 
  0.0327946 307.085 
  -0.2385826 307.085 
  -0.1681671 302.5244 
  -0.1034159 295.0734 
  0.1185283 289.245 
  0.03376776 286.3741 
  0.1275509 284.9493 
  0.8365943 283.5317 
  0.929332 279.3209 
  0.9574654 273.8036 
  0.9841852 269.7372 
  0.9964764 267.06 
  0.9996657 265.7313 
  0.9981844 267.06 
  0.9989605 267.06 
  0.9976034 268.3953 
  0.9965357 269.7372 
  0.9957773 272.4414 
  0.9963043 273.8036 
  0.9972358 275.1726 
  0.9975561 276.5485 
  0.9740375 275.1726 
  0.9407517 273.8036 
  0.7961606 272.4414 
  0.1574656 272.4414 
  0.1977646 272.4414 
  0.1715265 272.4414 
  -0.08827195 272.4414 
  0.005789708 272.4414 
  0.3284082 272.4414 
  0.1614496 271.0859 
  0.1871666 269.7372 
  0.1395628 267.06 
  0.8053853 264.4093 
  0.9142309 260.4825 
  0.9474657 256.614 
  0.9879819 252.8029 
  0.9948652 249.0485 
  0.9949618 246.5766 
  0.9876807 245.3498 
  0.8700823 244.1292 
  0.9068077 240.5036 
  0.9569479 238.1164 
  0.9729186 234.5801 
  0.9647397 231.0963 
  0.9615899 226.5316 
  0.9589628 223.1673 
  0.9610844 220.9523 
  0.9863459 217.6709 
  0.9942814 216.5879 
  0.9884189 215.5104 
  0.9881606 214.4382 
  0.9713826 212.3098 
  0.9300952 211.2535 
  0.890083 209.1568 
  0.9721205 206.0505 
  0.9970529 204.0054 
  0.9974737 202.9904 
  0.8778163 201.9805 
  0.9148412 199.9758 
  0.9264612 200.9756 
  0.9703112 200.9756 
  0.9651615 199.9758 
  0.9576193 197.9909 
  0.9980137 197.0059 
  0.999284 197.0059 
  0.9974548 197.0059 
  0.9967287 197.0059 
  0.9531921 198.9809 
  0.9697444 200.9756 
  0.9783986 201.9805 
  0.9909294 204.0054 
  0.982783 206.0505 
  0.9644498 210.2025 
  0.9683062 214.4382 
  0.9428247 219.853 
  0.9400266 224.2832 
  0.9385824 227.6642 
  0.8466654 229.9466 
  0.43942 229.9466 
  -0.03723124 229.9466 
  -0.06535081 229.9466 
  0.152122 229.9466 
  -0.002638604 229.9466 
  -0.1046259 229.9466 
  -0.1074672 229.9466 
  -0.1972296 229.9466 
  -0.2031033 228.8026 
  -0.09977153 227.6642 
  0.1904107 226.5316 
  0.09181432 226.5316 
  0.1240038 226.5316 
  0.1256525 225.4046 
  -0.05981182 224.2832 
  0.1878787 223.1673 
  0.7027516 222.057 
  0.8464545 216.5879 
  0.9277415 212.3098 
  0.9760013 209.1568 
  0.9897923 207.0808 
  0.9963109 205.0254 
  0.968263 204.0054 
  0.9371436 204.0054 
  0.7778203 206.0505 
  0.5272073 211.2535 
  0.242021 216.5879 
  0.1113931 222.057 
  0.08934822 227.6642 
  0.2202244 233.4131 
  0.09665067 239.307 
  -0.01008962 245.3498 
  0.3881339 252.8029 
  -0.02539009 260.4825 
  0.145612 268.3953 
  0.02739614 276.5485 
  0.1336283 284.9493 
  0.5781856 292.1447 
  0.3230554 299.5217 
  0.3316257 299.5217 
  0.3106215 295.0734 
  0.4910598 292.1447 
  0.2498271 289.245 
  0.03023754 283.5317 
  0.6199016 273.8036 
  0.625349 244.1292 
  0.783955 236.9318 
  0.9969142 234.5801 
  0.9960815 235.753 
  0.9921134 238.1164 
  0.9853436 240.5036 
  0.9812173 245.3498 
  0.9744771 249.0485 
  0.9711404 254.067 
  0.9487797 256.614 
  0.907436 257.8971 
  0.667277 257.8971 
  0.896922 254.067 
  0.9529891 250.2938 
  0.9695214 246.5766 
  0.9520813 244.1292 
  0.9218119 241.7061 
  0.892338 239.307 
  0.9129711 236.9318 
  0.8112424 234.5801 
  0.8240148 233.4131 
  0.8552526 232.2518 
  0.9271577 229.9466 
  0.9765042 227.6642 
  0.9966822 226.5316 
  0.9943819 225.4046 
  0.8191007 226.5316 
  0.8568269 226.5316 
  0.9277006 226.5316 
  0.993554 226.5316 
  0.9952357 226.5316 
  0.9950591 225.4046 
  0.9951062 225.4046 
  0.9850394 224.2832 
  0.9534602 224.2832 
  0.8628543 223.1673 
  0.7798544 223.1673 
  0.9666525 229.9466 
  0.9734077 234.5801 
  0.993418 236.9318 
  0.998976 239.307 
  0.9995116 239.307 
  0.9947699 239.307 
  0.9495714 239.307 
  0.8994974 239.307 
  0.148982 239.307 
  0.1213122 239.307 
  -0.06033288 239.307 
  -0.06946222 239.307 
  -0.1060464 239.307 
  0.1994011 239.307 
  0.1626258 239.307 
  -0.3347965 239.307 
  0.1590136 238.1164 
  0.1239383 239.307 
  0.1034522 240.5036 
  0.06694472 241.7061 
  0.1015875 242.9146 
  0.1539063 244.1292 
  0.1335787 246.5766 
  0.08231031 249.0485 
  0.1124521 249.0485 
  0.006200039 247.8095 
  0.3731335 246.5766 
  0.7923297 246.5766 
  0.8240921 238.1164 
  0.9376899 232.2518 
  0.9854096 226.5316 
  0.9922416 223.1673 
  0.9924198 220.9523 
  0.9844445 217.6709 
  0.982884 215.5104 
  0.9858634 213.3714 
  0.9759938 210.2025 
  0.9519456 207.0808 
  0.973201 204.0054 
  0.9841804 201.9805 
  0.9828564 201.9805 
  0.9858361 202.9904 
  0.9795048 201.9805 
  0.940767 199.9758 
  0.748426 193.1145 
  0.2610731 183.7191 
  -0.06980974 174.7808 
  0.2196319 165.4501 
  0.002039681 157.4006 
  0.180102 149.7427 
  0.207941 143.1697 
  0.1288236 136.8852 
  -0.1922501 130.8766 
  0.05591295 125.1317 
  0.326211 119.639 
  0.3285659 114.3874 
  -0.1356982 108.8223 
  0.5053416 102.5003 
  0.7469543 100.978 
  0.9031888 100.978 
  0.8957742 101.4829 
  0.9359364 101.9903 
  0.9817947 100.4756 
  0.9826956 100.4756 
  0.9611024 100.978 
  0.9127698 101.9903 
  0.8267026 103.5278 
  0.7273281 104.0455 
  0.7342734 103.5278 
  0.477598 103.0128 
  -0.1309643 103.0128 
  -0.09181213 103.0128 
  -0.2908255 103.0128 
  0.1105262 103.0128 
  0.3298484 103.0128 
  0.1660026 103.0128 
  -0.2398351 103.0128 
  -0.2972861 103.0128 
  -0.009792826 103.0128 
  0.05399245 103.0128 
  -0.05275124 103.0128 
  -0.1634052 103.0128 
  -0.05738002 103.0128 ]
