 [
  0.006529342 138.2575 
  0.1025469 138.2575 
  0.1268529 138.2575 
  -0.04846491 138.2575 
  -0.1430662 138.2575 
  -0.3008669 138.2575 
  -0.4174353 138.2575 
  -0.4181659 138.2575 
  -0.2406491 138.2575 
  0.0403426 138.2575 
  0.2577316 138.2575 
  0.02066872 138.2575 
  0.8098434 136.8852 
  0.8248179 139.6435 
  0.9206086 139.6435 
  0.9488591 139.6435 
  0.9529772 140.3417 
  0.9694998 140.3417 
  0.9710078 141.0434 
  0.9636633 141.7487 
  0.9525861 143.1697 
  0.9547041 144.605 
  0.957574 146.0546 
  0.9701796 147.5188 
  0.9744813 148.9977 
  0.9705707 148.9977 
  0.9028483 148.2564 
  0.8472167 146.7849 
  0.7028359 146.0546 
  0.5771649 146.0546 
  0.08666436 145.328 
  0.1889443 145.328 
  0.02109804 145.328 
  0.08657584 145.328 
  0.08910578 144.605 
  0.1658333 144.605 
  0.1051977 144.605 
  0.07563102 144.605 
  -0.189503 144.605 
  0.3195459 139.6435 
  0.5303556 136.8852 
  0.8974398 136.2042 
  0.8205129 132.1886 
  0.4977283 129.5776 
  0.9142528 128.9329 
  0.8336562 128.9329 
  0.7119034 128.9329 
  0.572419 129.5776 
  0.3157721 130.8766 
  0.3615319 132.8496 
  0.8824261 134.8523 
  0.9408615 136.8852 
  0.9655772 138.2575 
  0.9902754 138.9488 
  0.9974445 138.9488 
  0.998058 138.2575 
  0.995478 138.9488 
  0.9883834 138.2575 
  0.9383414 136.8852 
  0.8797672 134.1814 
  0.676136 132.1886 
  0.6163301 131.531 
  -0.1067611 130.8766 
  -0.02900157 130.2255 
  -0.01097737 129.5776 
  0.06955989 128.9329 
  -0.03870769 128.2915 
  -0.2153088 127.6532 
  0.1509184 127.0181 
  0.4942333 126.3862 
  0.7286282 125.7574 
  0.9008768 125.1317 
  0.6874986 124.5092 
  0.7258991 123.2734 
  0.8191858 121.4426 
  0.9662766 119.639 
  0.9748197 118.4515 
  0.967644 116.1118 
  0.9551491 113.2521 
  0.9301559 111.0151 
  0.8813949 109.3664 
  0.625523 109.9132 
  0.1565637 111.5702 
  -0.1569413 113.2521 
  0.02592687 114.9594 
  0.2964304 116.1118 
  0.2862651 117.2759 
  0.1603258 118.4515 
  -0.1464398 120.2372 
  -0.01882187 122.0498 
  -0.0110058 123.2734 
  0.08469396 124.5092 
  0.7436254 126.3862 
  0.701844 122.0498 
  0.6917939 118.4515 
  0.7958494 116.1118 
  0.8818734 112.6886 
  0.9535864 110.4628 
  0.9727941 109.3664 
  0.9667052 108.8223 
  0.9685389 108.8223 
  0.9698257 109.9132 
  0.9463798 110.4628 
  0.9384836 112.128 
  0.8559366 114.3874 
  0.6610641 117.8622 
  0.6583804 123.8897 
  0.7797883 128.9329 
  0.6912689 133.5138 
  0.622379 138.9488 
  0.7127308 146.0546 
  0.7912254 149.7427 
  0.5935264 150.4914 
  0.4895111 150.4914 
  0.2711709 150.4914 
  0.2827024 150.4914 
  0.3116583 150.4914 
  -0.08221637 150.4914 
  -0.0758442 150.4914 
  -0.07453699 150.4914 
  -0.3129974 150.4914 
  -0.4865173 150.4914 
  -0.6143554 150.4914 
  -0.4647328 150.4914 
  -0.4353103 150.4914 ]
