 [
  -0.03352628 147.5188 
  0.1076941 147.5188 
  0.0762176 147.5188 
  -0.04950155 147.5188 
  -0.1283975 147.5188 
  -0.03445064 147.5188 
  -0.04375027 147.5188 
  -0.1562167 147.5188 
  -0.05538753 147.5188 
  -0.04156525 147.5188 
  0.3464079 147.5188 
  0.5114872 147.5188 
  0.5730405 146.7849 
  0.6087745 149.7427 
  0.8718102 148.2564 
  0.8927895 146.7849 
  0.9489697 147.5188 
  0.9827185 148.2564 
  0.9741994 149.7427 
  0.9749533 151.2439 
  0.9708389 153.5239 
  0.9847158 155.063 
  0.9929116 155.8383 
  0.991931 155.8383 
  0.9686725 155.8383 
  0.9442071 154.2915 
  0.9378018 153.5239 
  0.7723954 154.2915 
  0.8452122 154.2915 
  0.9214106 155.063 
  0.8459231 155.8383 
  0.636622 156.6175 
  0.8648349 157.4006 
  0.6542199 158.1876 
  0.7602066 155.063 
  0.9190837 152.7601 
  0.9894749 151.2439 
  0.9540014 152.0001 
  0.9040467 152.0001 
  0.7644747 152.7601 
  0.5402076 151.2439 
  0.7182819 149.7427 
  -0.01549658 148.2564 
  -0.01960037 146.7849 
  -0.05921704 145.328 
  -0.01919017 146.0546 
  0.1736858 146.7849 
  0.2926111 141.0434 
  0.3490867 139.6435 
  0.4268183 141.7487 
  0.5262762 152.7601 
  0.7166952 145.328 
  0.8261328 143.1697 
  0.975055 142.4574 
  0.9834734 142.4574 
  0.9826635 141.7487 
  0.9680222 141.7487 
  0.9767858 140.3417 
  0.9866382 139.6435 
  0.9730353 139.6435 
  0.9739354 138.9488 
  0.9722862 138.9488 
  0.983453 139.6435 
  0.9868202 138.9488 
  0.9881421 138.9488 
  0.9796543 138.9488 
  0.9702612 138.2575 
  0.9706008 137.5696 
  0.9543151 136.2042 
  0.8948351 134.8523 
  0.889735 132.8496 
  0.81275 132.8496 
  0.5960093 130.2255 
  0.6743337 130.8766 
  0.5566057 131.531 
  -0.3590701 132.1886 
  -0.117371 132.8496 
  0.3113241 133.5138 
  -0.07426748 134.1814 
  -0.03198462 134.8523 
  -0.02577035 135.5266 
  -0.1432685 136.2042 
  -0.1932849 136.8852 
  -0.277969 137.5696 
  0.02347584 138.2575 
  0.178888 138.9488 
  0.7586226 139.6435 
  0.6401467 139.6435 
  0.7464619 139.6435 
  0.7677791 138.9488 
  0.8454806 139.6435 
  0.9757936 139.6435 
  0.9935173 139.6435 
  0.9341209 139.6435 
  0.8666379 138.9488 
  0.7677505 137.5696 
  0.90865 137.5696 
  0.8821234 137.5696 
  0.2017283 137.5696 
  0.008828127 137.5696 
  0.1794422 138.2575 
  0.5175689 139.6435 
  0.5255683 139.6435 
  0.6494955 138.9488 
  0.9125287 137.5696 
  0.9412907 136.2042 
  0.9684367 135.5266 
  0.9774178 135.5266 
  0.9895927 136.2042 
  0.9898016 136.2042 
  0.9890827 136.2042 
  0.9885433 136.2042 
  0.9868658 136.8852 
  0.9848707 138.2575 
  0.9835136 139.6435 
  0.9802779 139.6435 
  0.9792199 140.3417 
  0.9832717 139.6435 
  0.9957563 140.3417 
  0.9952796 139.6435 
  0.9931624 138.9488 
  0.9907028 138.2575 
  0.979739 137.5696 
  0.96796 136.8852 
  0.9549009 136.8852 
  0.9328508 136.2042 
  0.9417357 136.2042 
  0.9245639 137.5696 
  0.9354771 137.5696 
  0.9697297 138.2575 
  0.9809681 138.2575 
  0.9719937 138.2575 
  0.9355071 136.2042 
  0.8964847 135.5266 
  0.8876351 134.8523 
  0.8602001 132.1886 
  0.8612173 132.8496 
  0.9244403 130.8766 
  0.9722369 129.5776 
  0.970481 128.2915 
  0.9827331 126.3862 
  0.9940477 124.5092 
  0.987343 123.2734 
  0.9840247 122.0498 
  0.9878714 120.2372 
  0.9854274 119.0438 
  0.9731811 118.4515 
  0.935279 118.4515 
  0.9113266 119.639 
  0.8513455 120.8384 
  0.9350508 122.6601 
  0.6186763 123.8897 
  0.1229061 125.7574 
  -0.107173 127.6532 
  -0.1805837 128.9329 
  0.935217 129.5776 
  0.2033498 130.2255 
  -0.2416772 130.8766 
  -0.2518765 131.531 
  -0.4770004 132.1886 
  -0.2142124 132.8496 
  0.01294649 132.8496 
  0.2223903 132.1886 
  0.5516254 131.531 
  0.4622964 130.8766 
  0.6076102 130.8766 
  0.6650653 130.2255 
  0.694181 129.5776 
  0.7584392 129.5776 
  0.5138752 129.5776 
  0.1231999 129.5776 
  0.07998485 129.5776 
  0.01325814 129.5776 
  -0.2421339 128.9329 
  -0.1163154 128.9329 
  -0.02496605 128.9329 
  0.008865862 128.9329 
  -0.05297396 128.9329 
  0.04280571 128.9329 
  0.02755715 128.9329 
  0.2224983 128.9329 
  0.1755188 128.9329 
  0.2618751 129.5776 
  0.423587 127.6532 
  0.2652799 130.8766 
  0.2999675 130.2255 
  0.3977961 128.9329 
  0.4556157 132.1886 
  0.6358851 130.2255 
  0.7709317 129.5776 
  0.6006026 126.3862 
  0.7529251 125.1317 
  0.9652217 126.3862 
  0.9847578 127.0181 
  0.9903558 127.0181 
  0.9916506 127.6532 
  0.9930987 127.0181 
  0.9904066 127.0181 
  0.9904714 126.3862 
  0.9711893 127.0181 
  0.9304591 126.3862 
  0.8686032 125.7574 
  0.7516621 124.5092 
  0.7304093 123.2734 
  0.2135012 122.0498 
  -0.0397889 120.8384 
  0.2816078 119.639 
  0.06280974 118.4515 
  0.05914295 117.8622 
  0.08220056 117.2759 
  -0.1006162 117.2759 
  -0.0381908 116.6924 
  0.1960812 114.9594 
  0.3244747 115.5342 
  0.4576652 115.5342 
  0.1569754 117.2759 
  0.4940148 119.639 
  0.8664476 121.4426 
  0.3454472 123.2734 
  0.06866997 124.5092 
  0.1777548 125.1317 
  0.7760096 125.1317 
  0.9194019 125.1317 
  0.9170305 124.5092 
  0.9043435 123.8897 
  0.9039964 124.5092 
  0.9011193 125.7574 
  0.899589 126.3862 
  0.9147342 126.3862 
  0.9558032 125.7574 
  0.9729338 125.1317 
  0.9892741 123.8897 
  0.9948887 123.8897 
  0.9899874 123.2734 
  0.9909955 123.2734 
  0.9912879 122.6601 
  0.9818748 122.0498 
  0.9747952 122.0498 
  0.9632512 122.6601 
  0.9453655 122.6601 
  0.9056173 120.8384 
  0.8743122 117.8622 
  0.7324207 112.128 
  -0.3003905 105.0885 
  0.02811546 98.491 
  0.01338972 92.30766 
  0.1122464 86.94508 
  -0.4495402 81.4866 
  0.2442619 76.3708 
  -0.08071937 71.57619 
  0.3105176 67.41799 
  0.6290788 61.62923 
  0.6287326 61.01753 
  0.6725801 56.33751 
  0.7979399 56.33751 
  0.7779725 56.33751 
  0.9418098 56.05722 
  0.8721501 56.05722 
  0.7633287 56.33751 
  0.6833163 56.61919 
  0.3125701 55.77833 
  0.5566728 53.0646 
  0.174875 52.53791 
  -0.1536389 52.80059 
  0.1269793 53.0646 
  0.04792968 53.32993 
  0.09051012 53.32993 
  0.1819173 53.32993 
  0.07335123 53.32993 
  -0.07350899 53.32993 
  -0.1057011 53.59657 
  -0.03154746 53.86455 
  0.07773049 54.13387 
  0.1528349 54.13387 
  0.05024801 54.13387 
  -0.08724802 54.13387 
  -0.326463 54.13387 
  -0.5516547 54.13387 ]
