 [
  -0.3259457 138.9488 
  -0.4726775 138.9488 
  -0.2508754 138.9488 
  0.04478789 138.9488 
  -0.01808041 138.9488 
  -0.0897233 138.9488 
  0.1004023 138.9488 
  0.471291 138.9488 
  0.5357587 138.9488 
  0.6528838 138.9488 
  0.1848281 138.9488 
  0.2758016 138.9488 
  0.09168971 138.9488 
  0.1356575 138.9488 
  0.2266557 138.9488 
  0.6425235 139.6435 
  0.5841907 143.8855 
  0.7975127 149.7427 
  0.9471622 153.5239 
  0.9592949 156.6175 
  0.9766542 159.7734 
  0.9856247 162.182 
  0.9411409 162.9929 
  0.8498222 162.182 
  0.6655684 158.9785 
  0.9519135 162.182 
  0.9685895 165.4501 
  0.9711101 168.784 
  0.9885076 170.476 
  0.9965059 172.185 
  0.9978228 173.046 
  0.9982072 173.9112 
  0.9946041 173.046 
  0.976302 171.3284 
  0.9584228 169.6279 
  0.9261004 167.9442 
  0.8978658 165.4501 
  0.8701062 162.9929 
  0.7691316 159.7734 
  0.4811945 156.6175 
  -0.003961577 153.5239 
  0.2975972 151.2439 
  0.01768863 148.9977 
  0.1421685 146.7849 
  0.6336033 144.605 
  0.9000883 141.7487 
  0.956874 139.6435 
  0.9566768 137.5696 
  0.9627561 136.2042 
  0.9705386 134.1814 
  0.9799754 133.5138 
  0.9180936 132.8496 
  0.7615595 132.8496 
  0.4038775 138.2575 
  0.2492034 136.8852 
  0.3081499 164.6269 
  0.5178207 173.046 
  0.3641798 180.0902 
  0.5976881 183.7191 
  0.6792006 188.3582 
  0.2564203 188.3582 
  0.5609146 138.9488 
  0.44835 144.605 
  0.5302483 152.0001 
  0.707217 157.4006 
  0.7421523 160.5723 
  0.8377983 166.2773 
  0.8375138 169.6279 
  0.8428108 173.9112 
  0.9341353 177.4156 
  0.920243 177.4156 
  0.9042159 177.4156 
  0.8566073 177.4156 
  0.7846596 174.7808 
  0.9353489 173.046 
  0.9380705 172.185 
  0.8888409 171.3284 
  0.7355682 171.3284 
  0.584587 171.3284 
  0.4863788 171.3284 
  0.4806906 171.3284 
  0.5123774 171.3284 
  0.6048981 172.185 
  0.4525795 173.046 
  0.7476812 173.9112 
  0.8444601 176.533 
  0.9174291 177.4156 
  0.9671494 177.4156 
  0.992714 178.3027 
  0.9956021 178.3027 
  0.9960703 179.1942 
  0.9939991 180.0902 
  0.9953735 180.9906 
  0.9959334 180.9906 
  0.9901613 180.0902 
  0.9758979 180.9906 
  0.9691005 180.9906 
  0.9377958 181.8956 
  0.8805785 180.0902 
  0.7965688 178.3027 
  0.5562357 177.4156 
  0.1774954 177.4156 
  -0.2281536 177.4156 
  -0.1487056 177.4156 
  -0.2722313 177.4156 
  -0.214693 177.4156 
  0.03255028 177.4156 
  0.3626995 177.4156 
  0.5850388 176.533 
  0.751374 169.6279 
  0.8585703 167.1087 
  0.8921323 162.182 
  0.8508724 158.1876 
  0.8291827 153.5239 
  0.7418389 152.0001 
  0.6412983 152.7601 
  0.4809321 154.2915 
  0.508742 155.8383 
  0.5412413 157.4006 
  0.07441102 158.9785 
  -0.01618943 160.5723 
  -0.03427744 162.9929 
  0.0343311 164.6269 
  0.01144289 166.2773 
  0.0684022 167.9442 
  -0.04203862 169.6279 
  -0.1295556 171.3284 
  -0.02177669 173.046 
  -0.04808715 174.7808 
  -0.05084399 176.533 
  0.732421 177.4156 
  0.8391801 174.7808 
  0.9426399 173.046 
  0.9925069 169.6279 
  0.9691122 167.9442 
  0.9034085 164.6269 
  0.8991081 160.5723 
  0.9430542 157.4006 
  0.9793435 155.8383 
  0.9731773 155.8383 
  0.9812527 157.4006 
  0.9865753 157.4006 
  0.9902619 157.4006 
  0.9962238 156.6175 
  0.9987249 155.8383 
  0.9972596 155.8383 
  0.9972482 155.063 
  0.9911909 155.063 
  0.9751334 156.6175 
  0.9694813 158.1876 
  0.9697866 159.7734 
  0.9346865 159.7734 
  0.9295093 158.9785 
  0.9228948 157.4006 
  0.943363 158.9785 
  0.9590168 159.7734 
  0.9620388 158.9785 
  0.9772893 158.9785 
  0.9888642 158.9785 
  0.9906581 158.9785 
  0.9931968 158.9785 
  0.9926534 158.9785 
  0.9831477 158.1876 
  0.9467431 158.1876 
  0.8586477 156.6175 
  0.8677025 154.2915 
  0.9121404 155.063 
  0.9662963 156.6175 
  0.9791498 157.4006 
  0.9766492 157.4006 
  0.975982 156.6175 
  0.9871058 155.8383 
  0.9848285 155.063 
  0.9453689 155.063 
  0.8653238 154.2915 
  0.7233384 152.7601 
  0.5410354 153.5239 
  0.8684888 154.2915 
  0.04174772 155.063 
  0.2719383 155.8383 
  0.3919592 156.6175 
  -0.1804693 157.4006 
  -0.03523113 158.1876 
  -0.01706218 158.9785 
  0.07065617 159.7734 
  0.009917323 160.5723 
  0.01258637 161.3751 
  -0.04565701 162.182 
  0.1008642 162.9929 
  0.7681628 163.8079 
  0.9168573 164.6269 
  0.9665674 162.9929 
  0.9705422 159.7734 
  0.9891277 156.6175 
  0.9960184 155.063 
  0.9987375 153.5239 
  0.9997783 152.7601 
  0.9998976 152.7601 
  0.9992226 152.7601 
  0.997882 152.7601 
  0.9822665 153.5239 
  0.9594698 154.2915 
  0.9340312 154.2915 
  0.8693618 152.7601 
  0.4500061 151.2439 
  0.01266277 149.7427 
  0.1587225 148.2564 
  -0.04012723 147.5188 
  -0.1690287 146.7849 
  -0.1153423 146.0546 
  0.01496417 145.328 
  0.02144926 144.605 
  0.03150097 143.8855 
  0.003394626 143.1697 
  0.07322759 142.4574 
  -0.0809705 141.7487 
  0.2913534 141.0434 
  0.3722335 154.2915 
  0.6062319 155.063 
  0.7714171 151.2439 
  0.8148248 149.7427 
  0.9505041 148.2564 
  0.9741734 148.9977 
  0.9483498 149.7427 
  0.948601 150.4914 
  0.9504711 152.0001 
  0.9322082 152.7601 
  0.913502 153.5239 
  0.9112128 154.2915 
  0.98672 156.6175 
  0.9949518 157.4006 
  0.9948881 157.4006 
  0.9940277 157.4006 
  0.9933217 156.6175 
  0.9949992 155.8383 
  0.9924543 155.8383 
  0.9853537 155.8383 
  0.9506927 155.063 
  0.8971436 154.2915 
  0.7299579 154.2915 
  0.9479451 155.063 
  0.9982721 155.8383 
  0.9998536 156.6175 
  0.9395981 157.4006 
  0.8596107 156.6175 
  0.9180206 155.8383 
  0.9741669 155.063 
  0.9946098 154.2915 
  0.9984251 154.2915 
  0.9979694 154.2915 
  0.9865268 154.2915 
  0.9658792 154.2915 
  0.8873487 154.2915 
  0.7959734 154.2915 
  0.5804192 152.0001 
  0.5542262 150.4914 
  0.1847405 148.9977 
  0.1010529 147.5188 
  0.1770481 146.0546 
  0.1244925 144.605 
  0.009119813 143.1697 
  -0.003176353 141.0434 
  0.6598493 139.6435 
  0.8077228 136.8852 
  0.8631033 133.5138 
  0.9446065 130.2255 
  0.9601024 127.6532 
  0.9261318 125.7574 
  0.8860337 125.1317 
  0.9108849 125.7574 
  0.9864894 127.0181 
  0.9833081 128.9329 
  0.9813554 130.8766 
  0.9705605 133.5138 
  0.9158782 136.2042 
  0.4465123 138.9488 
  0.7744006 142.4574 
  0.9339528 143.1697 
  0.9654825 144.605 
  0.9800525 146.0546 
  0.9853662 147.5188 
  0.991004 148.2564 
  0.9917616 147.5188 
  0.971405 147.5188 
  0.9478133 146.7849 
  0.8929267 146.7849 
  0.7846061 147.5188 
  0.6297656 146.7849 
  0.531919 146.7849 
  -0.0007117889 147.5188 
  0.02242171 148.2564 
  0.09478182 148.2564 
  0.1428234 148.2564 
  -0.08548014 148.9977 
  -0.1091741 148.9977 
  -0.2174957 148.9977 
  -0.0845741 148.9977 
  -0.03636108 148.9977 
  0.08046404 148.9977 
  0.4513045 148.9977 
  0.6638176 148.9977 
  0.9086785 148.2564 
  0.9689546 148.2564 
  0.9803698 148.2564 
  0.9452467 148.9977 
  0.9374136 148.9977 
  0.9535591 149.7427 
  0.9475455 148.9977 
  0.9634714 148.2564 
  0.9918605 146.7849 
  0.9966266 146.7849 
  0.9935607 146.7849 
  0.9892038 146.0546 
  0.9262171 145.328 
  0.8655865 144.605 
  0.6139762 143.8855 
  0.381257 146.0546 
  -0.02931374 147.5188 
  0.425844 148.9977 
  0.4008663 150.4914 
  -0.4303261 152.0001 
  0.7222811 152.0001 
  0.6956682 148.9977 
  0.8523362 146.0546 
  0.9557861 144.605 
  0.9908716 143.8855 
  0.9950177 143.8855 
  0.9911584 143.8855 
  0.991505 144.605 
  0.9882041 144.605 
  0.9801395 144.605 
  0.8850123 143.8855 
  0.8252731 143.1697 
  0.6036436 144.605 
  0.9637074 146.0546 
  0.9656843 145.328 
  0.9705343 143.8855 
  0.9340626 141.7487 
  0.8079552 138.9488 
  0.7874947 136.2042 
  0.6254928 134.8523 
  0.4421941 135.5266 
  -0.02872072 136.2042 
  -0.2552539 137.5696 
  -0.019211 138.9488 
  0.07468331 139.6435 
  -0.08610061 141.0434 
  0.04205968 141.7487 
  0.03618845 142.4574 
  -0.06194052 143.1697 
  0.3613011 143.8855 
  -0.01104765 144.605 
  -0.07001691 145.328 
  0.4722989 146.0546 
  0.7893559 147.5188 
  0.8834823 146.7849 
  0.9742649 144.605 
  0.9878247 143.1697 
  0.995517 141.0434 
  0.9948903 139.6435 
  0.9958082 138.2575 
  0.9918177 136.8852 
  0.987685 134.8523 
  0.974025 132.1886 
  0.9398673 128.9329 
  0.9403038 125.7574 
  0.9178078 122.6601 
  0.9474144 119.0438 
  0.9387752 116.1118 
  0.9124965 113.8184 
  0.8995376 111.5702 
  0.9310299 109.9132 
  0.9334447 108.2809 
  0.9477955 107.2061 
  0.972223 106.6728 
  0.9872726 106.142 
  0.9801371 105.614 
  0.9784812 105.0885 
  0.9721299 104.0455 
  0.9676954 102.5003 
  0.9575746 100.978 
  0.9605222 99.47836 
  0.9338187 98.00098 
  0.8988352 97.02828 
  0.8886268 96.06523 
  0.7134049 94.63854 
  0.7616819 93.23304 
  0.9271794 91.84841 
  0.9326583 91.39146 
  0.9178208 90.93677 
  0.5880942 90.48434 
  0.532795 90.03418 
  0.6361072 90.03418 
  0.6072744 90.48434 
  0.4976146 90.48434 
  0.4425909 90.48434 
  0.4382562 90.48434 
  0.2123944 90.48434 
  0.1755866 90.48434 
  0.008615974 90.48434 
  -0.1310789 90.48434 
  -0.1584364 90.48434 
  0.09308402 90.48434 
  -0.07020815 90.48434 
  -0.04753126 90.48434 
  -0.04053445 90.48434 
  -0.3253641 90.48434 
  -0.3859793 90.48434 
  -0.3223171 90.48434 
  -0.1328756 90.48434 
  -0.2811032 90.48434 
  -0.4040491 90.48434 
  -0.2546126 90.48434 ]
