 [
  0.2831757 119.639 
  0.5570256 119.639 
  0.505133 119.639 
  0.470731 119.639 
  0.461793 119.639 
  0.3394674 119.639 
  0.1759184 119.639 
  0.3433225 119.639 
  0.3874645 119.639 
  0.3217571 119.639 
  -0.1002196 119.639 
  -0.0242426 119.639 
  0.04990635 119.639 
  -0.191563 119.639 
  0.04535571 119.639 
  -0.03731171 119.639 
  -0.002256421 119.639 
  0.00466881 119.639 
  0.1004649 119.639 
  0.09048663 119.639 
  0.1317605 119.639 
  0.1604765 119.639 
  0.1350662 119.639 
  0.1159687 119.639 
  0.03636915 119.639 
  0.1129546 119.639 
  0.2299141 119.0438 
  0.1867439 118.4515 
  0.06340758 117.8622 
  0.1619562 116.6924 
  0.0505255 115.5342 
  -0.09309881 114.9594 
  0.05902394 114.3874 
  -0.05362348 113.8184 
  -0.08112441 113.2521 
  0.1048723 112.6886 
  0.2586257 112.6886 
  0.2879026 112.6886 
  0.06930181 112.6886 
  -0.00129726 112.6886 
  -0.1168923 112.6886 
  -0.1222868 112.6886 
  -0.06297188 112.6886 
  0.1222518 112.6886 
  0.1170314 112.6886 
  0.2322911 112.6886 
  0.2192777 112.6886 
  0.08398876 112.6886 
  0.09116226 112.128 
  0.2178482 111.5702 
  -0.1369931 111.0151 
  -0.1771035 110.4628 
  -0.1135601 109.9132 
  -0.1289286 109.3664 
  -0.06971047 108.8223 
  -0.06742951 108.2809 
  -0.0750224 107.7421 
  -0.2211139 107.2061 
  0.4469261 106.6728 
  -0.1366302 106.142 
  -0.2245501 105.614 
  -0.2144183 105.0885 
  0.06985299 104.5657 
  -0.04086827 104.0455 
  -0.1098863 103.5278 
  -0.1690519 103.0128 
  0.09550415 102.5003 
  0.8245431 100.978 
  0.7725273 98.491 
  0.8628492 97.51342 
  0.5219125 98.491 
  0.555622 99.97575 
  0.8265883 101.4829 
  0.7441087 100.978 
  0.6439553 99.97575 
  0.7004358 98.00098 
  0.132688 102.5003 
  0.07519718 109.3664 
  0.7057279 115.5342 
  0.6801292 113.2521 
  0.7944445 112.128 
  0.8847269 109.9132 
  0.8569599 107.7421 
  0.8906724 105.614 
  0.9173027 103.0128 
  0.9544013 101.4829 
  0.9669356 100.4756 
  0.9213488 99.97575 
  0.8439441 99.47836 
  0.829676 98.98344 
  0.8623565 98.491 
  0.9011707 98.00098 
  0.933458 98.491 
  0.8923303 98.00098 
  0.9129093 97.51342 
  0.9603941 97.02828 
  0.952757 96.54556 
  0.9541432 96.06523 
  0.9552354 96.06523 
  0.9518707 96.54556 
  0.9451726 96.54556 
  0.9309141 97.02828 
  0.87395 97.02828 
  0.8575415 96.06523 
  0.7788282 95.11173 
  0.7010186 94.1677 
  0.5006095 91.84841 
  -0.147447 92.7692 
  0.1890318 93.23304 
  0.1657751 93.6992 
  0.1062836 94.1677 
  0.1269647 95.11173 
  0.2451535 96.06523 
  0.06553332 97.02828 
  -0.08212458 98.00098 
  0.04816325 98.98344 
  0.1426561 99.97575 
  0.07742491 100.978 
  0.08705317 101.9903 
  0.02868758 102.5003 
  0.5363708 103.0128 
  0.7769372 100.4756 
  0.8842175 98.491 
  0.7682914 95.5873 
  0.832284 92.7692 
  0.8294966 91.39146 
  0.8048583 90.03418 
  0.8396659 90.03418 
  0.7229092 89.14054 
  0.7831709 88.69706 
  0.9087459 88.25578 
  0.9519629 88.69706 
  0.735612 90.03418 
  0.7702132 91.84841 
  0.8725527 92.30766 
  0.5317192 90.93677 
  0.568238 88.69706 
  0.4723393 101.4829 
  0.2235103 99.47836 
  -0.145017 98.00098 
  -0.09704233 96.06523 
  0.08550525 93.6992 
  0.1515284 91.84841 
  0.02658393 90.48434 
  0.4806921 89.58624 
  0.5182099 91.84841 
  0.2898303 94.1677 
  0.6976022 93.23304 
  0.8220246 93.23304 
  0.9479613 93.23304 
  0.9035231 93.23304 
  0.8471086 94.1677 
  0.8849648 95.11173 
  0.797132 95.11173 
  0.7743279 93.6992 
  0.04395306 93.6992 
  0.06742262 93.6992 
  0.06188267 93.6992 
  0.1686626 93.23304 
  -0.156738 92.7692 
  0.03115014 92.30766 
  -0.07452258 91.84841 
  0.09781399 91.84841 
  0.1030165 91.84841 
  0.1753608 92.30766 
  0.07684862 93.23304 
  0.2702295 92.30766 
  0.2298828 95.11173 
  0.3511475 96.06523 
  0.5380829 95.5873 
  0.8303196 91.84841 
  0.7140287 90.48434 
  0.2638194 90.03418 
  0.1406032 90.03418 
  -0.1331814 90.03418 
  -0.3355041 90.03418 
  -0.04083051 90.03418 
  0.05965216 90.03418 
  0.2049736 90.03418 
  0.4251623 90.03418 
  0.5262734 90.03418 
  -0.03054578 90.03418 
  0.4626895 90.03418 
  0.717751 91.84841 
  0.60189 89.14054 
  0.7169138 86.51251 
  0.7515035 84.80367 
  0.6698188 83.96195 
  -0.1090444 83.12859 
  0.1295701 82.71502 
  0.02609074 82.3035 
  0.3813564 82.3035 
  0.4850903 80.6778 
  0.5758166 83.12859 
  0.5421451 84.80367 
  0.774166 84.80367 
  0.825587 84.80367 
  0.9430629 85.2277 
  0.9532551 85.2277 
  0.8966979 85.2277 
  0.8547561 85.65383 
  0.9879206 86.94508 
  0.9725944 86.51251 
  0.9412324 86.0821 
  0.911759 85.2277 
  0.9131251 84.38177 
  0.8497871 83.96195 
  0.82227 83.12859 
  0.7497014 81.4866 
  0.2929748 83.54424 
  0.3140402 83.54424 
  0.02423269 83.54424 
  -0.1131792 83.54424 
  -0.06902486 83.54424 
  -0.1103301 83.54424 
  0.1634335 83.96195 
  0.1473531 84.38177 
  0.08089069 84.80367 
  -0.04077948 85.65383 
  0.3384929 86.51251 
  0.658789 88.69706 
  0.8828768 88.69706 
  0.704545 88.25578 
  0.6743542 86.51251 
  0.9217244 85.2277 
  0.8023658 84.38177 
  0.6551867 82.71502 
  0.8668066 81.89403 
  0.9835168 81.4866 
  0.9822257 81.08118 
  0.9831009 80.6778 
  0.961358 80.27641 
  0.9436516 80.27641 
  0.8657469 80.6778 
  0.7091665 81.4866 
  0.3899255 82.71502 
  0.3327832 83.96195 
  -0.002631987 85.2277 
  0.03558976 86.51251 
  0.08529586 88.25578 
  0.5769444 89.58624 
  0.6958178 87.3798 
  0.759591 84.38177 
  0.9326245 83.12859 
  0.9819801 82.71502 
  0.9670247 82.71502 
  0.9722955 81.4866 
  0.992313 80.6778 
  0.9922017 80.6778 
  0.9905536 80.27641 
  0.9945149 79.87703 
  0.9954334 79.47963 
  0.9754994 79.08421 
  0.8420833 77.5221 
  0.8621134 76.75266 
  0.9452093 75.99085 
  0.9314222 75.99085 
  0.9454942 75.2366 
  0.9794843 75.2366 
  0.9783594 74.86229 
  0.7719612 74.86229 
  0.4529301 74.48985 
  0.001522807 74.48985 
  0.6288619 74.48985 
  0.4419921 74.86229 
  0.4184278 75.2366 
  0.5691907 75.61279 
  0.4073222 75.99085 
  0.5206878 75.99085 
  0.5148991 76.3708 
  0.4206476 77.13642 
  0.2986601 78.29926 
  0.3323464 77.5221 
  0.3732385 77.13642 
  -0.007473477 77.13642 
  0.07901244 77.13642 
  -0.0483846 77.13642 
  -0.2272367 77.13642 
  -0.007126539 77.13642 
  -0.05573063 77.13642 
  -0.04210485 77.13642 
  0.0072991 77.13642 
  -0.1402851 77.13642 
  0.09787837 77.13642 
  0.2182194 77.13642 
  0.06401617 77.13642 
  -0.00706888 77.13642 
  -0.1826162 77.13642 
  0.04552821 77.13642 ]
