 [
  0.222798 107.7421 
  0.204907 107.7421 
  0.08706472 107.7421 
  -0.03889279 107.7421 
  -0.1609737 107.7421 
  0.05764673 107.7421 
  -0.2169547 107.7421 
  -0.12233 107.7421 
  0.1031403 107.7421 
  0.3992429 107.7421 
  0.3570585 107.7421 
  0.2246824 107.7421 
  0.07780233 107.7421 
  -0.1557765 107.2061 
  -0.1305688 107.2061 
  0.1412012 107.2061 
  0.03073569 107.2061 
  0.03538994 107.2061 
  -0.1327253 107.2061 
  0.08623149 106.6728 
  -0.01445799 106.6728 
  0.02363936 106.142 
  0.6390814 105.614 
  0.76283 101.9903 
  0.814935 105.0885 
  0.6199804 110.4628 
  0.5695307 116.6924 
  0.7594185 119.0438 
  0.8172899 120.2372 
  0.8140814 122.0498 
  0.5999904 122.6601 
  0.5975342 117.2759 
  0.2983304 123.2734 
  0.1791657 118.4515 
  0.08469675 113.8184 
  0.6776244 111.5702 
  0.8737577 112.128 
  0.8283156 113.2521 
  0.8787065 113.8184 
  0.9195156 112.6886 
  0.9875708 111.0151 
  0.9436451 109.9132 
  0.8161139 108.2809 
  0.7127088 105.614 
  0.4882885 103.0128 
  -0.2098959 103.5278 
  -0.001338157 104.0455 
  -0.03543228 104.5657 
  0.1986964 105.614 
  0.2330749 107.2061 
  0.1916419 108.2809 
  0.2934732 109.3664 
  0.3929805 111.5702 
  0.4371358 112.6886 
  0.2585271 115.5342 
  0.3825197 116.1118 
  0.5763395 116.1118 
  0.43007 116.6924 
  0.2948239 123.2734 
  0.728494 133.5138 
  0.4016183 120.8384 
  0.7640752 120.8384 
  0.920141 120.2372 
  0.9477367 118.4515 
  0.9799817 117.2759 
  0.9785948 116.6924 
  0.9583646 115.5342 
  0.868426 114.3874 
  0.7763171 111.5702 
  0.7611604 108.2809 
  0.552775 106.6728 
  -0.04719214 106.142 
  0.02875749 111.0151 
  0.09232623 113.8184 
  0.1858463 115.5342 
  0.04760992 117.8622 
  0.2094599 118.4515 
  -0.00665579 118.4515 
  -0.08085635 119.0438 
  0.6192398 120.2372 
  0.4895567 109.3664 
  0.6073117 106.142 
  0.6499796 104.0455 
  0.7584 99.47836 
  0.8639706 98.00098 
  0.9788831 96.54556 
  0.9795549 95.5873 
  0.9754682 95.11173 
  0.7837105 96.06523 
  0.8460126 95.5873 
  0.8919853 96.06523 
  0.9437881 97.02828 
  0.9825958 97.51342 
  0.9899469 98.00098 
  0.9880832 97.51342 
  0.9580993 98.00098 
  0.8208798 98.00098 
  0.7117546 98.491 
  -0.4638471 100.4756 
  -0.02865138 102.5003 
  0.002674949 104.5657 
  -0.1258065 106.6728 
  0.02262721 108.8223 
  0.06553291 110.4628 
  0.7460794 111.5702 
  0.2627153 111.5702 
  0.1901332 109.9132 
  0.5398472 99.47836 
  0.8451806 95.5873 
  0.886129 93.6992 
  0.9407063 91.84841 
  0.9349472 90.48434 
  0.9130057 89.58624 
  0.896784 88.69706 
  0.9454018 88.25578 
  0.9509689 87.8167 
  0.8043153 87.8167 
  0.4315353 88.25578 
  0.6279472 86.51251 
  0.7950106 86.94508 
  0.9316323 86.94508 
  0.9594731 86.94508 
  0.9488177 86.94508 
  0.9392534 86.51251 
  0.9375378 86.94508 
  0.88349 86.0821 
  0.7623112 85.2277 
  0.8700918 84.38177 
  0.680148 82.71502 
  0.7424932 80.6778 
  0.2112315 82.71502 
  0.3235608 83.12859 
  0.3176143 83.12859 
  0.2038291 83.12859 
  0.1035255 83.12859 
  -0.01992721 83.54424 
  -0.02737993 83.96195 
  -0.2077637 84.38177 
  0.0415816 84.80367 
  -0.01853047 85.2277 
  0.001739012 85.65383 
  0.0564819 86.0821 
  0.05389605 86.51251 
  0.01825356 86.94508 
  -0.05572724 86.94508 
  -0.02692142 87.3798 
  0.2651359 87.3798 
  0.7575912 88.69706 
  0.8619795 88.25578 
  0.8675939 88.69706 
  0.8034353 88.69706 
  0.7557876 88.69706 
  0.739856 85.65383 
  0.9574461 83.54424 
  0.9454123 82.71502 
  0.9045824 81.89403 
  0.91973 81.08118 
  0.9489465 80.27641 
  0.9133132 80.27641 
  0.9013676 80.27641 
  0.8777233 79.47963 
  0.902819 79.08421 
  0.8841672 77.90971 
  0.9424388 76.3708 
  0.8934591 75.2366 
  0.9506051 74.48985 
  0.9457548 74.48985 
  0.8409403 75.99085 
  0.382893 77.5221 
  0.07572146 75.2366 
  0.2013082 74.11925 
  0.7091799 74.86229 
  -0.06920909 75.2366 
  -0.2457632 75.99085 
  -0.03701087 76.75266 
  0.1969265 77.5221 
  0.5367226 78.29926 
  0.6178372 79.08421 
  0.4388083 79.87703 
  -0.01739481 80.6778 
  0.0558807 81.4866 
  0.1088553 82.3035 
  0.1066244 83.12859 
  0.05918285 83.96195 
  -0.1049463 84.80367 
  0.02565175 85.65383 
  -0.086559 86.51251 
  -0.166971 87.3798 
  -0.08096562 88.25578 
  0.08520666 89.14054 
  0.02672094 90.03418 
  0.06924795 90.93677 
  -0.01255771 91.84841 
  -0.0414645 92.7692 
  -0.1718923 93.6992 
  -0.03674595 94.63854 
  0.2230175 95.5873 
  0.4168279 96.54556 
  0.06449148 97.51342 
  -0.05565065 98.491 
  -0.07867374 99.47836 
  0.05369284 100.4756 
  0.06170475 101.4829 
  0.382011 101.4829 
  0.663406 97.51342 
  0.7085382 95.5873 
  0.6853859 94.1677 
  0.5966654 92.30766 
  0.5904441 88.69706 
  0.6216486 85.65383 
  0.660122 78.69076 
  0.5551921 79.08421 
  0.4597687 80.27641 
  0.552399 82.71502 
  0.6176512 85.65383 
  0.6051114 90.03418 
  0.7509714 93.23304 
  0.8429554 93.23304 
  0.8117384 92.30766 
  0.7034711 90.93677 
  0.7531436 86.94508 
  0.6390853 83.54424 
  0.01138103 83.54424 
  -0.1146899 83.54424 
  0.2346832 83.54424 
  0.02536978 83.54424 
  0.015747 83.12859 
  0.2849655 83.12859 
  0.4243196 83.12859 
  0.2527599 90.03418 
  0.3767883 90.48434 
  0.726449 90.48434 
  0.4846864 87.3798 
  0.9496165 86.94508 
  0.9916578 86.94508 
  0.9806793 87.3798 
  0.5730581 88.69706 
  0.6592574 90.93677 
  0.2913539 88.25578 
  0.4862071 88.69706 
  0.7481664 89.58624 
  0.9505073 90.93677 
  0.9297819 91.84841 
  0.8513893 93.23304 
  0.9003444 94.63854 
  0.8722169 96.06523 
  0.9379019 97.02828 
  0.9589865 97.02828 
  0.866644 97.02828 
  0.8020785 96.54556 
  0.926824 95.11173 
  0.9658916 94.63854 
  0.9894401 95.11173 
  0.8896113 95.5873 
  0.7449195 98.00098 
  0.8946542 99.47836 
  0.9417341 99.97575 
  0.9653475 99.97575 
  0.8382494 99.47836 
  0.7516077 98.00098 
  0.7206851 96.06523 
  0.7437286 92.7692 
  0.2450645 92.30766 
  -0.01605478 91.84841 
  -0.1842903 91.39146 
  -0.0681299 90.48434 
  0.1734501 89.58624 
  -0.1164557 88.69706 
  -0.05522016 87.8167 
  0.0110342 86.94508 
  0.1324409 86.0821 
  0.1861378 85.2277 
  0.09418592 84.38177 
  -0.2325523 83.12859 
  0.204831 83.12859 
  0.3766027 83.54424 
  0.8968521 83.96195 
  0.7640226 83.96195 
  0.2900556 83.54424 
  0.2208818 83.12859 
  0.02347952 83.12859 
  0.0007168709 83.12859 
  0.03733842 83.12859 
  0.06701662 83.12859 
  0.1176962 83.54424 
  0.02593466 83.96195 
  0.1093166 84.38177 
  -0.07342096 84.80367 
  0.003238956 85.2277 
  -0.227012 85.65383 
  0.4811621 85.65383 
  0.6579306 85.2277 
  0.6888562 83.54424 
  0.8658075 81.4866 
  0.7502722 80.27641 
  0.6887823 79.47963 
  0.3367501 79.47963 
  -0.1449228 80.6778 
  0.2764824 81.89403 
  0.6230935 83.54424 
  0.6505928 84.80367 
  0.718734 86.0821 
  0.6311612 85.65383 
  0.836482 84.38177 
  0.877295 83.96195 
  0.9540485 83.54424 
  0.9484191 82.71502 
  0.908906 82.3035 
  0.630098 82.3035 
  0.2041552 83.12859 
  -0.2233763 83.96195 
  0.04397173 84.80367 
  0.06261802 85.65383 
  -0.1603441 86.51251 
  -0.09718673 87.3798 
  0.02858664 88.25578 
  0.01359627 89.14054 
  0.1230292 90.03418 
  0.0186423 90.03418 
  -3.664382e-05 90.03418 
  -0.01968 90.03418 
  -0.04938997 90.03418 
  0.05135352 90.03418 
  0.4720243 91.39146 
  0.6416016 95.5873 
  0.7358518 95.5873 
  0.6676679 95.11173 
  0.5393118 92.30766 
  0.7294382 89.14054 
  0.5957707 85.65383 
  0.7325349 83.54424 
  0.2184896 85.2277 
  0.235392 89.14054 
  0.365859 89.58624 
  0.4681975 89.58624 
  0.04913264 88.25578 
  -0.06118426 86.94508 
  0.2848577 85.65383 
  0.3421801 84.38177 
  0.597019 83.54424 
  0.8288676 83.12859 
  0.8542791 82.71502 
  0.8616129 82.3035 
  0.5985116 82.3035 
  0.06354093 82.71502 
  -0.09652451 83.12859 
  -0.2493442 83.54424 
  -0.0521064 83.96195 
  -0.03501693 84.38177 
  -0.1356121 84.80367 
  0.00613127 85.2277 
  -0.01073493 85.65383 
  -0.04228185 86.0821 
  0.1240442 86.0821 
  -0.03921889 86.0821 
  -0.2750622 86.0821 
  0.2288195 86.0821 
  0.3026406 86.0821 
  0.6360397 84.80367 
  0.859675 83.12859 
  0.4628052 81.4866 
  0.2922367 77.13642 
  0.3869351 77.13642 
  0.8222539 76.75266 
  0.8294881 76.75266 
  0.8310314 78.29926 
  0.8382469 78.29926 
  0.9801908 79.47963 
  0.9658368 79.47963 
  0.9158076 79.08421 
  0.7618309 78.29926 
  0.6862701 77.90971 
  0.4909273 76.3708 
  0.03468854 76.75266 
  0.03164325 76.75266 
  -0.2208205 76.75266 
  -0.006173849 77.13642 
  -0.005351252 77.5221 
  -0.1710891 77.90971 
  -0.1055099 78.29926 
  0.06663039 78.69076 
  0.2042337 79.08421 
  -0.1631027 79.47963 
  5.227615e-05 79.87703 
  -0.06052969 80.27641 
  0.04701973 80.6778 
  0.4162433 81.08118 
  0.6614766 82.3035 
  0.9208096 82.3035 
  0.9430605 81.89403 
  0.9797732 81.08118 
  0.9885453 80.27641 
  0.973887 79.47963 
  0.9763902 78.69076 
  0.9860635 78.29926 
  0.988566 78.29926 
  0.9923724 78.29926 
  0.9873368 77.90971 
  0.9831165 77.5221 
  0.911372 77.13642 
  0.8395662 76.75266 
  0.8789915 75.99085 
  0.9050602 75.61279 
  0.9548296 74.86229 
  0.9538529 74.48985 
  0.8933147 74.11925 
  0.8169332 73.7505 
  0.7570077 73.38358 
  0.5555533 73.01849 
  0.323727 73.01849 
  0.1737173 73.01849 
  0.2758302 73.01849 
  0.3207183 73.01849 
  0.07594939 73.01849 
  -0.007387553 73.01849 
  -0.2376249 73.01849 
  -0.3149846 73.01849 
  -0.1772031 73.01849 
  -0.2665234 73.01849 
  -0.1329244 73.01849 
  -0.1385531 73.01849 
  -0.2615918 73.01849 
  -0.1432938 73.01849 
  0.01428112 73.01849 
  0.0961734 73.01849 
  0.1760888 73.01849 
  -0.1086325 73.01849 
  -0.261138 73.01849 
  -0.2626579 73.01849 
  -0.04604633 73.01849 
  0.1442684 73.01849 
  0.1854494 73.01849 
  0.08986687 73.01849 
  -0.1794745 73.01849 
  -0.2903581 73.01849 
  -0.2645066 73.01849 
  -0.1113863 73.01849 
  -0.2580633 73.01849 
  0.2140593 73.01849 
  -0.1161606 73.01849 
  0.03376109 73.01849 
  0.1172268 73.01849 
  0.1878238 73.01849 
  -0.002294095 73.01849 
  -0.1087957 73.01849 
  0.09142346 73.01849 
  -0.03336604 73.01849 
  -0.1367439 73.01849 
  -0.05476994 73.01849 
  -0.03496305 73.01849 
  -0.2006638 73.01849 
  0.01292098 73.01849 
  0.1222528 73.01849 
  -0.01596881 73.01849 
  0.1143932 73.01849 
  0.08220352 73.01849 
  -0.02133478 73.01849 
  -0.1340113 73.01849 
  0.01412577 73.01849 
  0.07329743 73.01849 ]
