 [
  0.1694089 103.0128 
  0.05213689 103.0128 
  0.1551832 103.0128 
  0.131802 103.0128 
  -0.1501031 103.0128 
  -0.117454 103.0128 
  0.0736458 103.0128 
  -0.06247889 103.0128 
  -0.1022643 103.0128 
  0.1071639 103.0128 
  0.09554442 103.0128 
  0.07403374 103.0128 
  0.146991 103.0128 
  0.1605814 103.0128 
  0.2048623 103.0128 
  0.05690137 103.0128 
  -0.09213966 103.0128 
  -0.1029006 103.0128 
  -0.3729176 103.0128 
  0.003460685 103.0128 
  -0.06374517 103.0128 
  -0.04754895 103.0128 
  -0.0527922 103.5278 
  -0.02043948 104.0455 
  -0.1160209 104.5657 
  0.4719439 105.0885 
  0.6483562 106.6728 
  0.900256 109.3664 
  0.6735529 114.3874 
  0.8271053 117.8622 
  0.7538349 114.9594 
  0.8516142 113.8184 
  0.3354768 115.5342 
  0.2075281 102.5003 
  0.6072797 106.142 
  0.9723259 107.2061 
  0.9579394 106.142 
  0.9805064 105.614 
  0.9865346 105.614 
  0.9714117 106.142 
  0.9644783 107.2061 
  0.9681638 107.7421 
  0.9626085 107.7421 
  0.9533948 107.2061 
  0.9260813 106.142 
  0.9260858 105.614 
  0.9216005 104.5657 
  0.9435834 103.5278 
  0.933522 102.5003 
  0.9484013 101.9903 
  0.9761245 101.4829 
  0.9873464 100.978 
  0.9974772 100.978 
  0.9854431 100.978 
  0.9152299 102.5003 
  0.9231656 104.5657 
  0.9434125 105.614 
  0.9384596 106.142 
  0.9168596 107.7421 
  0.9299679 109.3664 
  0.8915831 111.0151 
  0.8567094 113.2521 
  0.86607 116.1118 
  0.7540345 119.0438 
  0.5422216 123.2734 
  0.7083699 130.2255 
  0.6517991 135.5266 
  0.7230734 141.7487 
  0.7458737 148.2564 
  0.8065628 154.2915 
  0.7820315 159.7734 
  0.8235556 168.784 
  0.8058383 174.7808 
  0.4530811 175.6547 
  -0.1231539 173.9112 
  -0.2208916 171.3284 
  -0.1865317 169.6279 
  -0.3566186 167.1087 
  -0.03032432 164.6269 
  0.08764222 162.182 
  0.07980575 159.7734 
  -0.1390375 157.4006 
  0.3151619 155.063 
  0.30349 153.5239 
  0.6294749 152.7601 
  0.08840875 152.7601 
  -0.00071913 152.0001 
  0.04586855 151.2439 
  -0.07190789 150.4914 
  -0.1146399 150.4914 
  0.2128852 150.4914 
  0.6339088 150.4914 
  0.5660256 150.4914 
  0.306107 149.7427 
  0.1637368 148.9977 
  0.1688324 148.2564 
  0.4378742 147.5188 
  0.1198672 146.7849 
  0.208306 146.0546 
  0.2681726 145.328 
  0.2507424 144.605 
  0.4519871 143.8855 
  0.3615488 143.1697 
  0.284818 142.4574 
  0.5689831 141.0434 
  0.5525162 140.3417 
  0.5844038 138.9488 
  0.5855611 137.5696 
  0.5174506 135.5266 
  0.4756035 128.9329 
  0.3640351 120.2372 
  0.7918619 112.6886 
  0.9811451 109.3664 
  0.892258 108.2809 
  0.7287782 111.5702 
  0.6972075 108.8223 
  0.7183458 106.142 
  0.9601365 105.0885 
  0.9887565 104.0455 
  0.9746892 104.0455 
  0.9791338 103.5278 
  0.9742571 102.5003 
  0.965633 101.9903 
  0.9537138 101.4829 
  0.9468288 101.9903 
  0.9668446 102.5003 
  0.9612437 103.0128 
  0.9468248 103.5278 
  0.9594639 104.5657 
  0.951596 105.614 
  0.8546138 107.2061 
  0.7699082 108.2809 
  0.7726393 107.2061 
  0.9550039 107.2061 
  0.9726027 107.2061 
  0.9738374 108.2809 
  0.9390771 109.3664 
  0.9698505 110.4628 
  0.9761465 111.0151 
  0.9762502 112.128 
  0.8832074 113.8184 
  0.8671758 117.8622 
  0.9014734 121.4426 
  0.9142669 125.1317 
  0.9006265 128.2915 
  0.8666596 132.8496 
  0.888514 135.5266 
  0.7609788 136.2042 
  0.8296348 136.8852 
  0.7099824 137.5696 
  0.5868657 137.5696 
  0.2724676 137.5696 
  -0.1338549 137.5696 
  -0.02209337 138.2575 
  -0.009003617 138.2575 
  0.008695344 138.9488 
  -0.1300431 139.6435 
  -0.03163804 140.3417 
  0.3149392 141.0434 
  0.2660691 141.0434 
  0.04816112 141.0434 
  -0.3065566 141.0434 
  -0.2590682 141.0434 
  -0.2545804 141.0434 
  -0.1563319 141.0434 
  -0.07922672 141.0434 
  0.1211253 141.0434 
  0.8684574 141.0434 
  0.05046744 141.0434 
  0.4700514 132.8496 
  0.2842412 129.5776 
  0.3254601 122.0498 
  0.9376815 123.8897 
  0.9965856 124.5092 
  0.9995497 123.8897 
  0.9990786 123.2734 
  0.999865 123.2734 
  0.9964073 123.2734 
  0.8033531 123.2734 
  0.669598 122.6601 
  0.7719259 122.0498 
  0.9379724 122.6601 
  0.9732714 122.6601 
  0.868631 122.6601 
  0.7793771 121.4426 
  0.5259453 121.4426 
  0.9520912 125.1317 
  0.9956999 126.3862 
  0.9935578 127.6532 
  0.990931 128.9329 
  0.9971224 129.5776 
  0.9877798 129.5776 
  0.9107543 128.9329 
  0.8315756 127.6532 
  0.6889122 127.0181 
  0.06554207 125.7574 
  -0.2218854 125.1317 
  0.1774288 123.8897 
  0.07723051 123.2734 
  0.1707536 123.2734 
  -0.1787307 123.8897 
  -0.04507216 124.5092 
  0.153375 124.5092 
  0.2418249 124.5092 
  0.3810039 124.5092 
  0.697382 124.5092 
  0.8778788 123.8897 
  0.9658644 122.6601 
  0.9138319 123.8897 
  0.8458583 126.3862 
  0.9055548 128.9329 
  0.8491106 130.2255 
  0.8791041 133.5138 
  0.8676126 135.5266 
  0.8718924 136.8852 
  0.9821931 138.2575 
  0.9407619 138.9488 
  0.9160395 138.2575 
  0.9266559 138.2575 
  0.8994273 136.2042 
  0.8703654 134.8523 
  0.8727658 133.5138 
  0.8609443 132.1886 
  0.7758875 130.8766 
  0.7968972 127.0181 
  0.8784347 123.8897 
  0.6754375 120.2372 
  0.2975255 112.128 
  0.6686043 106.142 
  0.6483743 104.0455 
  0.2799527 127.0181 
  0.2560207 157.4006 
  0.2068664 189.3 
  -0.09023705 226.5316 
  -0.1715915 272.4414 
  -0.2697913 326.0254 
  0.6033673 386.2758 
  0.7384605 400 
  0.7756094 400 
  0.7499453 400 
  0.7748472 400 
  0.7006269 392.099 
  0.4828413 376.7621 
  0.450936 360.224 
  0.5546892 346.1339 
  0.4736449 334.2579 
  0.3585269 322.7894 
  0.3059263 310.1635 
  0.1609015 302.5244 
  0.1794761 295.0734 
  0.3357846 290.6912 
  0.2677037 283.5317 
  0.3936257 276.5485 
  0.3449686 268.3953 
  0.1429824 256.614 
  -0.1180787 241.7061 
  -0.5079641 227.6642 
  -0.2898512 213.3714 
  -0.2028196 199.9758 
  0.1255933 187.4211 
  0.06628051 175.6547 
  0.1429503 166.2773 
  0.2576811 157.4006 
  -0.03550501 148.9977 
  -0.1862486 141.0434 
  0.3081573 133.5138 
  0.7161684 126.3862 
  0.2492215 120.2372 
  0.4518845 113.8184 
  0.5296132 114.3874 
  0.5428598 113.8184 
  0.3665704 115.5342 
  0.6733252 109.3664 
  0.8822994 106.6728 
  0.6059803 107.7421 
  0.6268591 112.128 
  0.8906544 113.8184 
  0.8904972 114.3874 
  0.8812042 114.9594 
  0.8172898 116.1118 
  0.8878864 117.8622 
  0.7997476 119.639 
  0.878327 120.8384 
  0.3453894 110.4628 
  0.3354234 116.6924 
  0.5047425 117.2759 
  0.9804143 119.639 
  0.9103718 119.639 
  0.75117 117.8622 
  0.6197795 113.8184 
  0.3904555 108.2809 
  -0.08601758 102.5003 
  -0.08290184 97.02828 
  -0.08264293 92.30766 
  -0.06813254 87.8167 
  -0.01207724 83.12859 
  0.1258615 78.69076 
  0.06729166 74.86229 
  -0.1011487 71.22009 
  -0.03069055 67.75508 
  0.255141 64.45866 
  0.2587799 60.11135 
  0.4716291 64.45866 
  0.5416993 64.45866 
  0.4907454 63.18545 
  0.7862799 62.24707 
  0.5177242 61.93738 
  0.396269 61.93738 
  0.4822539 66.41676 
  0.7020519 66.41676 
  0.8084097 67.41799 
  0.7421022 67.75508 
  0.1865601 70.16238 
  0.1644874 72.29374 
  -0.05360085 74.86229 
  -0.1811121 77.5221 
  0.0619656 80.27641 
  -0.07862806 83.12859 
  0.07085668 85.65383 
  0.06973995 88.25578 
  0.0424979 91.39146 
  0.04408729 95.11173 
  0.1288853 99.97575 
  0.4913273 106.6728 
  0.4782806 112.128 
  0.4578235 107.7421 
  0.7980683 106.6728 
  0.7491605 106.142 
  0.6011769 105.614 
  0.2027948 113.8184 
  0.1285538 123.2734 
  0.09016856 132.8496 
  0.1770443 143.1697 
  0.1551091 154.2915 
  0.0723559 166.2773 
  0.03850634 180.0902 
  0.07717215 195.0505 
  -0.1672433 211.2535 
  -0.2615693 229.9466 
  0.1099426 249.0485 
  -0.3715138 269.7372 
  0.2618743 292.1447 
  0.2169166 293.6054 
  0.3603327 295.0734 
  0.5381318 292.1447 
  0.4773912 293.6054 
  0.4716449 296.5488 
  0.7037699 301.0193 
  0.3872043 330.9402 
  0.3925747 339.2969 
  0.449357 346.1339 
  0.5963352 354.8742 
  0.4912236 358.4318 
  0.8143748 367.4827 
  0.5399314 373.0226 
  0.5645963 373.0226 
  0.968579 371.1667 
  0.3624033 369.3201 
  0.4383959 365.6544 
  0.4360954 363.8352 
  -0.03811193 358.4318 
  0.006981852 351.3519 
  0.08966208 344.4118 
  -0.1979821 337.6089 
  -0.2404534 330.9402 
  -0.2643305 324.4033 
  -0.1399468 317.9955 
  -0.1164289 311.7143 
  -0.173355 305.5572 
  0.05109476 299.5217 
  -0.04202094 293.6054 
  0.07309173 287.806 
  0.1059919 282.1211 
  0.2885205 276.5485 
  0.08234759 271.0859 
  0.6070818 265.7313 
  0.5101117 260.4825 
  0.04914462 255.3373 
  0.09043246 250.2938 
  0.004885667 245.3498 
  -0.04294759 240.5036 
  -0.002970249 235.753 
  0.007338706 231.0963 
  -0.1588578 226.5316 
  -0.0844055 222.057 
  -0.003698889 217.6709 
  0.04607331 213.3714 
  0.0441934 209.1568 
  0.1787941 205.0254 
  0.2241492 201.9805 
  0.1362736 198.9809 
  0.06498328 196.0257 
  -0.20253 193.1145 
  -0.1039771 190.2465 
  -0.02052174 187.4211 
  0.001587812 184.6377 
  -0.02735583 180.9906 
  -0.002580991 178.3027 
  0.03310817 174.7808 
  0.04828481 171.3284 
  0.02335981 167.9442 
  -0.07304434 164.6269 
  -0.07593226 161.3751 
  0.0001584785 158.1876 
  -0.1000484 155.063 
  -0.1749763 152.0001 
  0.01675267 148.9977 
  -0.0362129 146.0546 
  -0.2066256 143.1697 
  -0.1962548 140.3417 
  -0.2818349 137.5696 
  -0.04128645 134.8523 
  -0.01089267 132.1886 
  -0.06147196 129.5776 
  0.0971989 127.0181 
  0.1218863 124.5092 
  -0.04341207 122.0498 
  -0.03818851 119.639 
  0.2343919 117.2759 
  0.290818 114.9594 
  0.08315458 112.6886 
  -0.3285786 110.4628 
  -0.4139259 108.2809 
  -0.01238217 106.142 
  0.01805689 104.5657 
  0.2665084 103.0128 
  -0.004613766 101.4829 
  0.592853 99.47836 
  0.48122 99.97575 
  0.5106933 93.6992 
  0.6082332 96.54556 
  0.8500583 96.06523 
  0.8477165 94.1677 
  0.4107341 89.58624 
  0.6464279 89.58624 
  0.7492286 90.48434 
  0.5073435 91.39146 
  0.09739465 84.80367 
  0.3329942 84.38177 
  0.2160712 84.38177 
  0.2626818 83.54424 
  0.5379373 83.12859 
  -0.09956807 84.38177 
  -0.4459189 85.65383 
  0.1103835 86.94508 
  0.1404639 88.25578 
  0.2758752 90.03418 
  0.3177585 89.14054 
  0.5671288 91.39146 
  0.3216339 98.491 
  0.7458357 98.00098 
  0.8475014 98.00098 
  0.9306933 98.491 
  0.8869367 98.98344 
  0.7652197 100.4756 
  0.4277242 98.00098 
  0.3401668 101.4829 
  0.1819866 102.5003 
  0.3528901 106.142 
  0.6342715 113.2521 
  0.5548705 118.4515 
  0.4635857 127.0181 
  0.7679113 129.5776 
  0.539581 129.5776 
  0.3247961 129.5776 
  0.06230594 129.5776 
  0.01949812 129.5776 
  0.04605363 129.5776 
  0.04938184 128.9329 
  -0.01145381 128.9329 
  0.04464685 128.9329 
  0.2115282 128.9329 
  0.1405055 128.9329 
  0.1606958 128.9329 
  0.06539482 128.9329 
  -0.120344 128.9329 
  -0.02092725 128.9329 
  0.1383771 128.2915 
  0.2321177 127.6532 
  0.1728289 127.0181 
  0.3060354 126.3862 
  0.1886382 126.3862 
  0.005056218 126.3862 
  -0.1560231 126.3862 
  -0.06089916 126.3862 
  -0.3512163 126.3862 
  -0.6323322 126.3862 
  -0.4546298 126.3862 
  -0.4185209 126.3862 
  -0.04908589 127.0181 
  0.03369731 127.6532 
  0.1805913 128.2915 
  -0.08177822 128.9329 
  -0.2130966 129.5776 
  -0.40377 130.2255 
  -0.4456905 130.8766 
  -0.215675 131.531 
  -0.06757892 132.1886 
  -0.2089808 132.8496 
  0.6741016 132.8496 
  0.4947037 136.8852 
  0.627753 140.3417 
  0.7269102 138.2575 
  0.7714404 137.5696 
  0.8816681 136.8852 
  0.8835421 138.2575 
  0.7654355 138.9488 
  0.8888387 137.5696 
  0.991943 136.8852 
  0.9862648 134.8523 
  0.9595184 132.1886 
  0.897849 128.2915 
  0.664014 121.4426 
  0.2585714 113.2521 
  0.5789289 105.0885 
  0.4410446 100.4756 
  0.2920759 92.7692 
  0.7486242 91.84841 
  0.649972 91.39146 
  0.7161998 91.39146 
  0.6237682 90.48434 
  0.376637 94.1677 
  0.4551208 99.47836 
  0.7091386 103.0128 
  0.9540269 104.5657 
  0.9643847 104.5657 
  0.9833803 104.5657 
  0.9261826 105.614 
  0.9286579 107.2061 
  0.9319556 109.3664 
  0.8978287 111.5702 
  0.9089019 113.8184 
  0.8295943 116.1118 
  0.7867231 119.639 
  0.6781828 123.2734 
  0.6093297 123.8897 
  0.26059 125.1317 
  0.228402 126.3862 
  0.03302183 127.6532 
  -0.013792 128.9329 
  -0.07784215 130.2255 
  0.09451157 131.531 
  0.0570948 132.8496 
  -0.06363998 134.1814 
  -0.03472646 135.5266 
  -0.01526883 136.8852 
  0.3568737 138.2575 
  0.1855383 139.6435 
  -0.02270134 141.0434 
  0.1512281 142.4574 
  0.03152094 143.8855 
  0.7704567 146.0546 
  0.3862998 146.7849 
  0.1940639 147.5188 
  0.5263797 136.8852 
  0.8095084 137.5696 
  0.937074 138.9488 
  0.9313306 138.9488 
  0.9122794 138.9488 
  0.915965 138.9488 
  0.9437783 140.3417 
  0.8814582 140.3417 
  0.8776019 141.0434 
  0.924849 141.7487 
  0.8882575 141.7487 
  0.8122356 143.1697 
  0.8175757 146.0546 
  0.6604041 148.9977 
  0.2441268 152.7601 
  0.1611842 156.6175 
  0.1644972 159.7734 
  0.1429533 162.9929 
  0.3191701 167.1087 
  0.3974574 170.476 
  0.1666052 173.9112 
  0.05733297 177.4156 
  0.08380661 180.9906 
  0.06263442 184.6377 
  0.1260429 189.3 
  0.1080285 195.0505 
  0.1230076 197.9909 
  0.2171532 198.9809 
  0.2307222 198.9809 
  0.2719636 198.9809 
  0.2826647 198.9809 
  0.3364333 198.9809 
  0.2524619 199.9758 
  0.2946125 200.9756 
  0.08991247 201.9805 
  0.2345387 206.0505 
  0.2489448 209.1568 
  0.2567892 219.853 
  0.4009612 234.5801 
  0.377951 239.307 
  0.3082004 238.1164 
  0.4060747 232.2518 
  0.4561863 228.8026 
  0.4401445 227.6642 
  0.282655 227.6642 
  0.1466282 227.6642 
  -0.4002544 227.6642 
  -0.2648616 227.6642 
  -0.2979421 227.6642 
  -0.08054048 227.6642 
  -0.158806 227.6642 
  0.1241172 227.6642 
  0.07415836 227.6642 ]
