 [
  -0.1378966 111.5702 
  -0.02701453 111.5702 
  0.01642326 111.5702 
  0.1273523 111.5702 
  0.07876894 111.5702 
  -0.06311698 111.5702 
  0.3600363 111.5702 
  -0.2273566 111.5702 
  -0.332462 111.5702 
  0.4315371 111.5702 
  0.7823216 112.128 
  0.9649825 112.6886 
  0.9763831 113.2521 
  0.9349591 114.3874 
  0.894623 116.1118 
  0.9263211 116.6924 
  0.9574988 117.2759 
  0.9648642 117.2759 
  0.8989722 118.4515 
  0.96021 120.2372 
  0.9731991 121.4426 
  0.9713688 122.6601 
  0.9600147 122.6601 
  0.941839 122.6601 
  0.9365886 122.6601 
  0.9771067 123.2734 
  0.9669892 123.8897 
  0.9706303 124.5092 
  0.9690766 125.7574 
  0.9326946 127.6532 
  0.9622304 128.2915 
  0.9863956 128.9329 
  0.9868811 129.5776 
  0.9733317 130.2255 
  0.9278987 132.8496 
  0.9393631 136.2042 
  0.9738638 137.5696 
  0.9776226 138.9488 
  0.9868673 140.3417 
  0.9742604 139.6435 
  0.929315 137.5696 
  0.928741 134.1814 
  0.8927393 130.8766 
  0.8823984 126.3862 
  0.9670606 123.8897 
  0.9294272 125.7574 
  0.8921385 129.5776 
  0.9388707 132.8496 
  0.9703265 133.5138 
  0.9580849 132.8496 
  0.9695666 131.531 
  0.9862064 130.8766 
  0.9911183 130.2255 
  0.980995 129.5776 
  0.9114312 128.2915 
  0.8066501 127.0181 
  0.5827473 127.0181 
  0.8803592 129.5776 
  0.9426338 130.2255 
  0.9713917 130.2255 
  0.9898335 130.8766 
  0.9821486 130.2255 
  0.9350825 128.9329 
  0.8333434 127.0181 
  0.5819765 122.6601 
  0.2989576 116.6924 
  0.06982841 125.7574 
  0.3637535 123.2734 
  0.08775066 119.639 
  0.5415705 116.6924 
  0.9680684 116.6924 
  0.9702887 117.2759 
  0.8398799 119.639 
  0.9299157 121.4426 
  0.9569238 121.4426 
  0.9478087 120.8384 
  0.9589856 119.639 
  0.9763041 119.0438 
  0.926116 117.8622 
  0.9313996 116.6924 
  0.9690667 116.1118 
  0.9835564 116.6924 
  0.9734668 116.6924 
  0.953638 116.1118 
  0.9703375 115.5342 
  0.9497313 116.1118 
  0.9609268 117.2759 
  0.9680259 117.8622 
  0.9590534 118.4515 
  0.9456884 118.4515 
  0.8695135 117.8622 
  0.7842215 115.5342 
  0.8154644 111.5702 
  0.9016684 110.4628 
  0.7507496 111.0151 
  0.7619359 112.128 
  0.8285999 113.2521 
  0.8275405 113.8184 
  0.8131782 112.128 
  0.7881271 109.3664 
  0.835976 107.2061 
  0.9017116 105.0885 
  0.9465886 103.5278 
  0.94574 102.5003 
  0.9132324 101.4829 
  0.877984 100.978 
  0.846933 100.978 
  0.7761315 101.9903 
  0.7929175 104.0455 
  0.7741554 106.142 
  0.8976357 108.2809 
  0.9143484 109.3664 
  0.9187673 109.3664 
  0.9200258 108.2809 
  0.9742427 107.7421 
  0.9861165 108.2809 
  0.9681963 108.8223 
  0.9512298 110.4628 
  0.8939918 112.128 
  0.8774223 114.3874 
  0.927782 116.6924 
  0.9810183 117.8622 
  0.9708055 118.4515 
  0.9631079 118.4515 
  0.980617 117.8622 
  0.9719056 118.4515 
  0.9664139 118.4515 
  0.9517198 120.2372 
  0.9787443 120.8384 
  0.9922106 120.8384 
  0.9809241 120.8384 
  0.9726626 120.8384 
  0.9545628 121.4426 
  0.9544415 122.6601 
  0.9102239 122.6601 
  0.8462889 120.2372 
  0.6323419 119.0438 
  0.3947249 118.4515 
  0.1812983 117.8622 
  0.0591848 117.8622 
  0.01130334 117.8622 
  -0.001003034 117.8622 
  0.2141279 118.4515 
  0.02745402 119.0438 
  -0.04932059 119.0438 
  0.01455423 119.0438 
  -0.01110341 119.0438 
  0.05548962 119.639 
  -0.1649703 119.639 
  0.6778691 120.2372 
  0.7818072 119.639 
  0.8458675 117.8622 
  0.8654897 116.1118 
  0.9115261 113.8184 
  0.9099808 112.128 
  0.8433222 110.4628 
  0.9236931 108.8223 
  0.9869582 108.2809 
  0.9681869 107.7421 
  0.8995623 106.6728 
  0.9029697 105.614 
  0.9399462 104.5657 
  0.9587869 104.0455 
  0.972584 103.5278 
  0.9651145 104.0455 
  0.9005853 105.0885 
  0.9096702 106.6728 
  0.9198658 107.7421 
  0.9070244 108.8223 
  0.9422779 108.8223 
  0.8916714 108.2809 
  0.8694565 107.2061 
  0.7460057 106.142 
  0.250063 105.0885 
  0.0463284 103.5278 
  -0.01397881 101.9903 
  0.1310853 100.4756 
  0.167617 99.47836 
  0.1595274 98.491 
  0.1166326 97.51342 
  -0.2186527 96.54556 
  -0.1875731 95.5873 
  -0.1502518 94.63854 
  0.002462046 93.6992 
  0.1656881 92.7692 
  0.6182939 91.84841 
  0.6748809 93.23304 
  0.8184429 94.1677 
  0.965939 95.5873 
  0.8530107 96.54556 
  0.6347043 99.97575 
  0.8604895 102.5003 
  0.9311608 104.0455 
  0.9568617 104.5657 
  0.8933238 103.5278 
  0.922267 102.5003 
  0.9358435 100.978 
  0.978683 100.4756 
  0.9802626 99.97575 
  0.9631864 100.4756 
  0.8926511 101.4829 
  0.8842367 103.5278 
  0.9519875 105.0885 
  0.9226364 106.142 
  0.9178998 107.7421 
  0.955452 108.2809 
  0.9626676 108.2809 
  0.9546319 108.2809 
  0.9604689 108.2809 
  0.9465315 109.3664 
  0.9709008 110.4628 
  0.9668403 110.4628 
  0.89215 110.4628 
  0.8635457 109.3664 
  0.8019919 108.8223 
  0.2870881 111.0151 
  0.7386991 111.5702 
  0.7859534 112.6886 
  0.9390383 112.6886 
  0.9651926 111.5702 
  0.9803016 111.5702 
  0.9595812 111.5702 
  0.9239073 111.5702 
  0.8098716 111.0151 
  0.8741771 108.8223 
  0.7843434 107.7421 
  0.3369178 108.2809 
  0.1236797 109.3664 
  -0.1843402 110.4628 
  0.0375366 111.5702 
  0.09840685 112.6886 
  0.04343419 113.8184 
  0.2391084 114.9594 
  0.1438127 116.1118 
  0.2996919 117.2759 
  0.2610604 118.4515 
  0.1544911 120.2372 
  0.1387443 121.4426 
  -0.06979945 122.6601 
  0.08941418 124.5092 
  0.06334624 126.3862 
  0.05938751 128.9329 
  0.7008024 131.531 
  0.3903942 120.8384 
  0.7646295 118.4515 
  0.9372048 117.2759 
  0.949164 116.1118 
  0.9676597 114.3874 
  0.9416466 112.6886 
  0.9791552 111.5702 
  0.9817797 111.5702 
  0.9841402 112.128 
  0.9849548 112.128 
  0.9269169 112.128 
  0.8192366 111.5702 
  0.7754319 109.3664 
  -0.05068698 110.4628 
  0.06324229 112.128 
  0.7912584 112.128 
  0.8131573 111.5702 
  0.7540507 109.9132 
  0.7071164 107.2061 
  0.9142051 104.5657 
  0.789624 103.0128 
  0.7011527 100.4756 
  -0.2714492 98.98344 
  0.0007811049 98.491 
  0.550947 98.491 
  0.6848896 98.00098 
  0.8264713 99.47836 
  0.9090391 98.98344 
  0.9329727 98.491 
  0.9626406 97.51342 
  0.9314795 97.02828 
  0.8411908 96.06523 
  0.7705075 95.5873 
  0.2389891 96.06523 
  0.5406051 98.00098 
  0.659358 99.97575 
  0.633608 101.9903 
  0.1081121 104.0455 
  0.09030479 106.142 
  0.3043231 107.7421 
  0.01403603 107.2061 
  0.4042058 113.8184 
  0.7669264 113.8184 
  0.9335043 113.2521 
  0.9736264 114.3874 
  0.9931416 114.9594 
  0.99354 115.5342 
  0.9910812 115.5342 
  0.9164025 115.5342 
  0.8064302 115.5342 
  0.05041616 114.9594 
  -0.1181728 114.3874 
  -0.07508051 113.8184 
  0.140051 113.2521 
  -0.03830843 112.6886 
  0.03938894 112.128 
  0.09040834 111.5702 
  -0.3819814 111.0151 
  0.4808088 110.4628 
  0.7542207 112.128 
  0.9177998 111.5702 
  0.8955541 111.0151 
  0.9615127 109.9132 
  0.9631509 109.9132 
  0.9722186 109.3664 
  0.9622117 108.8223 
  0.8524566 107.7421 
  0.844032 106.142 
  0.8740336 105.614 
  0.9862665 106.142 
  0.9886467 106.142 
  0.9857138 106.142 
  0.9830779 106.142 
  0.9647802 105.614 
  0.6415635 105.614 
  0.6407728 107.2061 
  0.8195976 106.6728 
  0.9153684 106.142 
  0.9592636 106.6728 
  0.9578909 106.6728 
  0.9804078 106.142 
  0.9564136 105.614 
  0.9828911 105.0885 
  0.9823845 104.5657 
  0.9809191 104.0455 
  0.9394351 103.5278 
  0.9735866 103.0128 
  0.9529602 103.5278 
  0.994145 104.0455 
  0.9670654 103.5278 
  0.9680054 103.0128 
  0.9865748 102.5003 
  0.9794652 102.5003 
  0.9649104 103.0128 
  0.9546615 104.0455 
  0.9848042 104.5657 
  0.8467618 104.5657 
  0.7703576 104.0455 
  0.7988831 101.9903 
  0.9060203 102.5003 
  0.9640439 102.5003 
  0.9870223 102.5003 
  0.9820057 102.5003 
  0.7080305 102.5003 
  0.7108449 101.9903 
  0.8196095 100.4756 
  0.8780937 99.47836 
  0.8922844 98.491 
  0.9270937 98.00098 
  0.9136283 97.51342 
  0.8995591 97.02828 
  0.8919148 97.02828 
  0.894124 96.54556 
  0.9020692 97.02828 
  0.8801218 97.02828 
  0.8079946 96.54556 
  0.776843 95.5873 
  0.5896291 95.5873 
  0.3237792 96.54556 
  0.07245786 97.51342 
  -0.06480826 98.491 
  -0.07076214 99.47836 
  -0.1665166 100.4756 
  -0.0382015 101.4829 
  -0.1734856 102.5003 
  -0.04979723 103.0128 
  0.02611433 103.5278 
  0.06256029 103.5278 
  0.07056884 103.5278 
  0.02380573 103.5278 
  0.5359648 103.5278 
  0.2713186 104.0455 
  0.4119767 104.5657 
  0.1300921 105.0885 
  0.0467847 104.5657 
  0.01899762 104.0455 
  -0.00529643 103.5278 
  0.1995277 103.0128 
  0.1781714 103.0128 
  0.04607799 103.0128 
  0.01677062 103.0128 
  -0.1290572 103.0128 
  0.08010918 103.0128 
  0.1303089 103.0128 
  0.1434858 103.0128 
  0.1709264 103.0128 
  0.03433073 103.0128 
  -0.1381409 103.0128 
  -0.01792876 103.0128 ]
