 [
  0.1887393 134.1814 
  0.1030776 134.1814 
  0.02614718 134.1814 
  -0.2279535 134.1814 
  -0.2378528 134.1814 
  -0.2523256 134.1814 
  -0.1528995 134.1814 
  0.005958959 134.1814 
  -0.04240942 134.1814 
  -0.2015841 134.1814 
  -0.4308793 134.1814 
  -0.180209 134.1814 
  -0.01991269 134.1814 
  0.1039217 134.1814 
  0.01141123 134.1814 
  -0.2184201 134.1814 
  -0.1099645 134.1814 
  0.1412372 134.1814 
  0.2718949 134.1814 
  0.1605691 134.1814 
  -0.01707791 134.1814 
  0.07329754 134.1814 
  -0.161811 134.1814 
  -0.1012542 134.1814 
  -0.06670916 134.1814 
  -0.1350024 134.1814 
  -0.1091858 134.1814 
  0.06948388 134.1814 
  -0.09402186 134.1814 
  -0.2459318 134.1814 
  0.2934429 134.1814 
  0.7644751 134.8523 
  0.9278092 135.5266 
  0.9833935 136.8852 
  0.9959615 138.2575 
  0.9986593 139.6435 
  0.9991094 140.3417 
  1.000298 141.0434 
  0.9991025 141.0434 
  0.9959177 142.4574 
  0.9989296 143.1697 
  0.9996247 143.8855 
  0.9984387 144.605 
  0.9945307 146.0546 
  0.9979126 146.7849 
  0.997256 146.7849 
  0.9915249 146.0546 
  0.9458059 143.8855 
  0.9448528 141.0434 
  0.9296253 141.0434 
  0.9043245 142.4574 
  0.5754563 141.0434 
  0.3757632 123.8897 
  0.7892646 117.8622 
  0.7966958 118.4515 
  0.5115757 117.8622 
  0.2497099 125.7574 
  0.5386784 130.8766 
  0.6753294 131.531 
  0.9674941 133.5138 
  0.979453 134.1814 
  0.8946333 132.8496 
  0.9060987 130.2255 
  0.8791397 130.2255 
  0.9260961 128.9329 
  0.9024385 127.6532 
  0.8354191 128.2915 
  0.6437171 129.5776 
  -0.01300945 130.2255 
  -0.2324524 128.9329 
  -0.2280648 127.0181 
  -0.1417632 125.7574 
  0.1698177 127.6532 
  0.39259 130.2255 
  0.655818 130.8766 
  0.8874157 130.8766 
  0.8719562 128.9329 
  0.9500602 127.6532 
  0.9403537 127.0181 
  0.9463947 126.3862 
  0.5658544 129.5776 
  0.7102953 134.8523 
  0.8989419 137.5696 
  0.9680039 138.9488 
  0.9600999 140.3417 
  0.9468763 141.7487 
  0.9603073 143.8855 
  0.9560073 145.328 
  0.9569932 146.0546 
  0.9617897 148.2564 
  0.9704593 148.2564 
  0.8914449 148.2564 
  0.7963251 147.5188 
  0.7386585 146.0546 
  0.3451601 144.605 
  -0.1014428 143.8855 
  0.004110957 143.1697 
  -0.06816659 142.4574 
  -0.0101711 141.7487 
  0.2755049 141.0434 
  0.3333775 140.3417 
  0.04788601 139.6435 
  0.1946868 138.9488 
  0.551604 134.8523 
  0.3922402 140.3417 
  0.7135419 141.7487 
  0.9222836 143.8855 
  0.9680632 142.4574 
  0.8909944 139.6435 
  0.9308419 138.2575 
  0.9652279 136.8852 
  0.9577538 137.5696 
  0.9611968 137.5696 
  0.9827514 136.8852 
  0.9869525 137.5696 
  0.9805142 137.5696 
  0.8904536 136.2042 
  0.8644453 134.1814 
  0.934962 132.1886 
  0.9047463 132.1886 
  0.8647863 132.1886 
  0.9358281 130.8766 
  0.9569969 130.8766 
  0.8671626 130.2255 
  0.8199241 128.9329 
  0.8254679 127.0181 
  0.9721174 125.1317 
  0.9218538 123.2734 
  0.9182373 121.4426 
  0.8200596 119.0438 
  0.8543311 116.6924 
  0.9519529 115.5342 
  0.9783998 114.9594 
  0.9613033 114.3874 
  0.9178846 113.8184 
  0.7898209 113.2521 
  0.3766987 113.2521 
  -0.01826233 113.2521 
  -0.0001545763 113.2521 
  0.02249274 113.2521 
  -0.02109539 113.2521 
  0.06111627 113.2521 
  0.1940273 113.2521 
  0.2833776 113.2521 
  0.2309188 113.2521 
  0.03318319 112.6886 
  0.2816508 112.128 
  -0.1556057 111.5702 
  -0.02347211 111.5702 
  0.02362254 111.5702 
  0.2084024 111.0151 
  -0.01549594 111.0151 
  0.2143207 111.0151 
  0.3444327 114.9594 
  0.188686 119.639 
  0.5927055 123.2734 
  0.8799593 127.0181 
  0.8273808 127.6532 
  0.83832 127.6532 
  0.8912517 128.9329 
  0.8970895 130.2255 
  0.9352642 130.8766 
  0.9659728 131.531 
  0.9628659 132.1886 
  0.9533682 134.1814 
  0.9724293 134.8523 
  0.9639938 135.5266 
  0.9278433 136.2042 
  0.8608191 136.8852 
  0.7826617 138.2575 
  0.3654036 138.2575 
  0.7163063 138.9488 
  0.8038471 138.9488 
  0.972883 138.9488 
  0.9931467 139.6435 
  0.9926599 139.6435 
  0.9940529 139.6435 
  0.9954087 139.6435 
  0.9409754 138.9488 
  0.8686159 138.2575 
  0.8858069 137.5696 
  0.9655044 136.8852 
  0.9730237 136.2042 
  0.9819614 136.2042 
  0.9807585 135.5266 
  0.978268 134.8523 
  0.9651026 135.5266 
  0.9682447 136.8852 
  0.9727808 136.8852 
  0.9809623 136.2042 
  0.9806112 136.2042 
  0.9704306 135.5266 
  0.970645 135.5266 
  0.9743942 136.2042 
  0.977192 136.2042 
  0.9802595 136.2042 
  0.9727527 135.5266 
  0.9675926 134.8523 
  0.9569171 134.1814 
  0.9631504 134.1814 
  0.9453746 133.5138 
  0.9374875 133.5138 
  0.8807043 132.1886 
  0.7266304 131.531 
  0.4450487 130.8766 
  0.2670954 130.2255 
  -0.6388769 129.5776 
  -0.1021493 128.9329 
  0.1481156 128.2915 
  0.3975008 127.6532 
  -0.000643298 127.0181 
  0.07372133 126.3862 
  0.1463108 126.3862 
  0.04128278 127.0181 
  0.03078257 127.6532 
  0.08186492 127.6532 
  -0.06325643 126.3862 
  0.4820364 125.7574 
  0.6705737 126.3862 
  0.8298663 127.0181 
  0.9173024 128.9329 
  0.9450637 128.9329 
  0.976183 127.6532 
  0.9788213 128.2915 
  0.9752016 127.6532 
  0.9881947 127.0181 
  0.9854405 126.3862 
  0.9802709 126.3862 
  0.9685775 127.0181 
  0.9610931 127.0181 
  0.902859 127.6532 
  0.8435885 127.6532 
  0.7032222 126.3862 
  0.8737175 125.1317 
  0.759106 124.5092 
  0.4401833 123.8897 
  -0.1098355 123.2734 
  -0.01382974 123.2734 
  0.003661905 123.2734 
  -0.09609756 123.2734 
  -0.1029994 123.2734 
  -0.327582 123.2734 
  -0.2953787 123.2734 
  -0.1404769 123.2734 
  -0.1512615 123.2734 
  0.5512313 123.2734 
  0.4441345 122.6601 
  0.5957479 122.0498 
  0.03050514 120.8384 
  -0.5513553 120.2372 
  -0.3426529 120.2372 
  -0.1019749 120.2372 
  0.01757122 120.2372 
  -0.5175651 120.2372 
  0.02583086 120.2372 
  -0.03662379 120.2372 
  -0.1065309 120.2372 
  0.06805736 120.2372 
  0.1624774 120.2372 
  0.06387964 120.2372 
  0.009762861 120.2372 
  -0.04282575 120.2372 
  0.1786142 120.2372 
  0.06312994 120.2372 
  -0.06807192 120.2372 
  -0.03788494 120.2372 
  0.1422562 120.2372 
  0.1809943 120.2372 
  0.1267321 120.2372 
  0.01696062 120.2372 
  0.04907263 120.2372 
  -0.08009401 120.2372 
  0.09826383 120.2372 
  0.1598788 120.2372 
  0.1345801 120.2372 
  0.1242791 120.2372 
  -0.1713228 120.2372 
  0.1552622 120.2372 
  0.2397296 120.2372 
  0.05341098 120.2372 
  0.02963282 120.2372 
  0.2095819 120.2372 
  0.1408458 120.2372 
  -0.0450098 120.2372 
  -0.141953 120.2372 
  0.1499933 120.2372 
  0.1559427 120.2372 
  0.07716462 120.2372 
  0.1179071 120.2372 
  0.3567785 120.2372 
  0.2202253 120.2372 
  0.2259542 120.2372 
  0.3848554 120.2372 
  0.07277742 120.2372 
  0.08590186 120.2372 
  0.128028 120.2372 
  0.2755547 120.2372 
  0.04996929 120.2372 
  0.06879427 120.2372 
  -0.156978 120.2372 
  -0.1194543 120.2372 
  0.0008524116 120.2372 
  -0.02567431 120.2372 
  -0.07684844 120.2372 
  -0.06383196 120.2372 
  0.049792 120.2372 
  0.07174825 120.2372 
  0.1933448 120.2372 
  0.3049547 120.2372 
  0.205578 120.2372 
  -0.01208434 120.2372 
  0.1173344 120.2372 
  -0.153477 120.2372 
  0.04294596 120.2372 ]
