 [
  0.147433 233.4131 
  0.2433164 233.4131 
  0.07558151 233.4131 
  0.1191475 233.4131 
  0.09248064 233.4131 
  0.5606421 233.4131 
  0.2863388 233.4131 
  0.2371738 233.4131 
  -0.06229381 233.4131 
  0.4345053 233.4131 
  0.8416567 233.4131 
  0.6560967 233.4131 
  0.8360883 233.4131 
  0.9450402 229.9466 
  0.9667931 226.5316 
  0.990497 225.4046 
  0.990809 225.4046 
  0.9656217 224.2832 
  0.9046322 222.057 
  0.6866123 220.9523 
  0.1504292 224.2832 
  -0.1220653 228.8026 
  -0.203395 232.2518 
  0.05086433 235.753 
  0.122636 239.307 
  0.1898034 242.9146 
  0.0718244 246.5766 
  -0.06613789 250.2938 
  -0.1483959 254.067 
  -0.1303394 257.8971 
  -0.1200387 261.7849 
  -0.08532511 265.7313 
  0.2099708 269.7372 
  -0.03244568 273.8036 
  -0.06340906 279.3209 
  0.8523353 284.9493 
  0.9544883 289.245 
  0.989492 289.245 
  0.9928092 289.245 
  0.9972205 287.806 
  0.9941189 289.245 
  0.9918934 292.1447 
  0.9931499 295.0734 
  0.9878246 295.0734 
  0.9344167 289.245 
  0.7787161 282.1211 
  0.5908115 273.8036 
  0.3251804 254.067 
  0.2464183 235.753 
  0.2201933 241.7061 
  0.8996234 247.8095 
  0.9630482 252.8029 
  0.9830155 256.614 
  0.9970243 259.1866 
  0.996998 259.1866 
  0.9640787 257.8971 
  0.9514555 256.614 
  0.973556 255.3373 
  0.9899843 254.067 
  0.9954074 252.8029 
  0.9958587 251.5452 
  0.9973726 251.5452 
  0.9982961 250.2938 
  0.9955337 249.0485 
  0.9948391 247.8095 
  0.9916859 245.3498 
  0.9829312 244.1292 
  0.9742092 242.9146 
  0.9381871 240.5036 
  0.8999445 235.753 
  0.7493048 235.753 
  0.9296367 240.5036 
  0.9655528 247.8095 
  0.9844255 249.0485 
  0.9985573 249.0485 
  0.9992095 249.0485 
  0.9986262 250.2938 
  0.9995214 250.2938 
  0.9992365 250.2938 
  0.9989535 250.2938 
  0.9983788 251.5452 
  0.9966605 250.2938 
  0.9889789 249.0485 
  0.9176129 244.1292 
  0.5521139 234.5801 
  0.1581431 211.2535 
  0.3195798 188.3582 
  0.3195267 170.476 
  0.199848 168.784 
  0.2882838 174.7808 
  0.1983956 180.9906 
  0.3961414 186.4887 
  0.3989677 197.0059 
  0.5321791 206.0505 
  0.8597376 207.0808 
  0.9102693 207.0808 
  0.971208 209.1568 
  0.9629328 212.3098 
  0.9854148 214.4382 
  0.9904439 215.5104 
  0.9804089 216.5879 
  0.9727024 217.6709 
  0.9596786 219.853 
  0.9310089 224.2832 
  0.959473 227.6642 
  0.9971436 231.0963 
  0.9970202 234.5801 
  0.9967521 236.9318 
  0.8927962 240.5036 
  0.9287013 244.1292 
  0.9601532 245.3498 
  0.9906974 244.1292 
  0.9911718 242.9146 
  0.9944994 241.7061 
  0.9890401 240.5036 
  0.9812388 239.307 
  0.9703759 236.9318 
  0.9364216 234.5801 
  0.8172109 232.2518 
  0.2136308 231.0963 
  -0.1689232 229.9466 
  -0.05457615 228.8026 
  -0.1121758 227.6642 
  -0.2876945 225.4046 
  -0.1467224 223.1673 
  0.1526078 222.057 
  0.05541079 220.9523 
  0.08089751 219.853 
  0.1806714 218.7592 
  0.07826984 217.6709 
  0.3552043 216.5879 
  0.6879914 215.5104 
  0.8538611 212.3098 
  0.9927206 210.2025 
  0.9932768 210.2025 
  0.9909755 209.1568 
  0.9577167 209.1568 
  0.8789094 210.2025 
  0.3798109 212.3098 
  0.08077785 214.4382 
  0.2079891 216.5879 
  0.2819582 219.853 
  -0.1161105 223.1673 
  -0.07940299 225.4046 
  0.5381054 227.6642 
  0.7995517 225.4046 
  0.9511386 219.853 
  0.9451052 216.5879 
  0.9499866 213.3714 
  0.9878311 212.3098 
  0.9961126 212.3098 
  0.9922113 213.3714 
  0.9924049 214.4382 
  0.9898776 216.5879 
  0.9827108 217.6709 
  0.9870023 219.853 
  0.9906515 220.9523 
  0.9813963 220.9523 
  0.9028584 220.9523 
  0.7858688 222.057 
  0.7861548 229.9466 
  0.9562075 236.9318 
  0.9725528 238.1164 
  0.9969589 239.307 
  0.9979388 239.307 
  0.9935931 238.1164 
  0.97703 235.753 
  0.9529597 233.4131 
  0.8353724 232.2518 
  0.1822671 232.2518 
  0.6188233 233.4131 
  -0.1668329 234.5801 
  -0.08787077 235.753 
  -0.02564927 235.753 
  0.02283052 235.753 
  0.03797249 235.753 
  0.1152891 235.753 
  0.0792264 235.753 
  0.09510012 235.753 
  0.009643266 235.753 
  -0.1441633 235.753 
  -0.1266856 235.753 
  -0.1246688 235.753 
  -0.02818457 235.753 
  0.09798709 236.9318 
  0.6452528 236.9318 
  0.7595284 226.5316 
  0.9152916 220.9523 
  0.9572966 216.5879 
  0.9707311 213.3714 
  0.985182 211.2535 
  0.9586523 208.1162 
  0.927845 204.0054 
  0.9656883 199.9758 
  0.9627368 197.0059 
  0.9110135 195.0505 
  0.9058134 191.1978 
  0.3201907 192.1537 
  0.4111997 194.0801 
  0.2638085 196.0257 
  -0.1045057 197.9909 
  0.2264815 199.9758 
  0.04110422 201.9805 
  0.03917856 204.0054 
  -0.06445736 206.0505 
  -0.03862764 208.1162 
  -0.27542 210.2025 
  -0.06926948 212.3098 
  0.03290525 214.4382 
  -0.08945831 216.5879 
  -0.1339226 218.7592 
  -0.06579958 220.9523 
  -0.05525929 223.1673 
  0.5884298 226.5316 
  0.7895068 218.7592 
  0.8703732 215.5104 
  0.9929402 212.3098 
  0.9930753 210.2025 
  0.9878552 209.1568 
  0.97051 207.0808 
  0.9122881 207.0808 
  0.9372573 208.1162 
  0.9829459 208.1162 
  0.977236 207.0808 
  0.9472966 204.0054 
  0.9340525 199.9758 
  0.9097484 196.0257 
  0.8736771 193.1145 
  0.7998824 191.1978 
  0.6885314 191.1978 
  0.7046464 194.0801 
  0.8071061 198.9809 
  0.928078 205.0254 
  0.9606955 210.2025 
  0.97974 211.2535 
  0.9752995 210.2025 
  0.9835175 207.0808 
  0.9728272 205.0254 
  0.937702 202.9904 
  0.8662665 200.9756 
  0.7429029 200.9756 
  0.2775711 201.9805 
  -0.02676605 202.9904 
  0.1382855 204.0054 
  0.1970698 205.0254 
  -0.02664475 206.0505 
  -0.02113576 207.0808 
  0.3427836 208.1162 
  0.1774047 210.2025 
  -0.2004227 212.3098 
  -0.1417485 214.4382 
  -0.006555755 216.5879 
  0.5767423 218.7592 
  0.8288996 211.2535 
  0.9232461 209.1568 
  0.9882546 207.0808 
  0.9913104 205.0254 
  0.9967592 204.0054 
  0.9945999 202.9904 
  0.9913956 201.9805 
  0.9750003 200.9756 
  0.9646937 199.9758 
  0.9879981 199.9758 
  0.9893914 199.9758 
  0.9736092 199.9758 
  0.9264424 200.9756 
  0.7620809 201.9805 
  0.5992301 202.9904 
  -0.0924368 204.0054 
  -0.06475235 206.0505 
  -0.08654471 207.0808 
  -0.08853237 209.1568 
  -0.1040519 210.2025 
  0.220825 211.2535 
  0.2333594 212.3098 
  0.2676041 213.3714 
  0.1859507 214.4382 
  0.7860607 215.5104 
  0.9022787 213.3714 
  0.9769918 210.2025 
  0.9955771 208.1162 
  0.9956474 207.0808 
  0.9977515 205.0254 
  0.9862762 202.9904 
  0.9572853 200.9756 
  0.8767874 199.9758 
  0.5484403 201.9805 
  0.4801316 205.0254 
  0.1768606 208.1162 
  0.01334892 211.2535 
  0.1428418 214.4382 
  -0.1229769 217.6709 
  -0.1237962 220.9523 
  -0.1401977 224.2832 
  -0.08431603 227.6642 
  0.7972174 232.2518 
  0.8955725 227.6642 
  0.9640416 224.2832 
  0.9928998 222.057 
  0.9961964 222.057 
  0.9951245 223.1673 
  0.9951702 224.2832 
  0.9983006 225.4046 
  0.9943834 225.4046 
  0.9850858 225.4046 
  0.9416218 224.2832 
  0.8711308 226.5316 
  0.9923395 228.8026 
  0.9996873 231.0963 
  0.9354693 234.5801 
  0.9584751 234.5801 
  0.9855828 234.5801 
  0.9982286 233.4131 
  0.9980348 233.4131 
  0.9981095 233.4131 
  0.9980102 233.4131 
  0.9968265 233.4131 
  0.9559115 234.5801 
  0.9147203 232.2518 
  0.680669 228.8026 
  0.7396728 225.4046 
  -0.1209087 222.057 
  0.1006715 206.0505 
  0.5247136 206.0505 
  0.9491283 207.0808 
  0.9745153 206.0505 
  0.9660268 205.0254 
  0.9852761 208.1162 
  0.9928302 209.1568 
  0.9811668 208.1162 
  0.9607217 205.0254 
  0.9414926 200.9756 
  0.9369665 196.0257 
  0.931792 192.1537 
  0.8354692 190.2465 
  0.5773588 190.2465 
  0.30358 191.1978 
  0.2123425 192.1537 
  0.2316418 193.1145 
  0.0751749 193.1145 
  0.009877007 193.1145 
  0.1682996 194.0801 
  0.5252675 195.0505 
  0.8225833 194.0801 
  0.9635069 192.1537 
  0.9667675 189.3 
  0.9435517 187.4211 
  0.9181656 185.5609 
  0.5596753 186.4887 
  -0.2187431 188.3582 
  -0.1006366 190.2465 
  0.3606537 192.1537 
  0.02929514 194.0801 
  -0.001880061 196.0257 
  0.1162968 197.9909 
  0.121116 199.9758 
  0.06331842 201.9805 
  0.06583126 204.0054 
  -0.001028191 207.0808 
  0.04662128 211.2535 
  0.04103696 214.4382 
  0.04295249 217.6709 
  0.1647927 220.9523 
  0.05683219 223.1673 
  0.5284894 225.4046 
  0.8507226 224.2832 
  0.9263664 220.9523 
  0.9930307 218.7592 
  0.9937075 216.5879 
  0.999522 216.5879 
  0.9993651 216.5879 
  0.9979427 216.5879 
  0.9987886 216.5879 
  0.9980814 216.5879 
  0.995997 216.5879 
  0.9992647 217.6709 
  0.9972858 217.6709 
  0.9959071 217.6709 
  0.9992241 218.7592 
  0.998203 219.853 
  0.9975119 219.853 
  0.9976627 220.9523 
  0.996859 220.9523 
  0.9959232 222.057 
  0.9944855 223.1673 
  0.9978989 225.4046 
  0.9941778 224.2832 
  0.9396442 220.9523 
  0.6416893 213.3714 
  0.4665825 204.0054 
  0.3923525 195.0505 
  0.2841761 195.0505 
  0.4795063 193.1145 
  0.4802896 193.1145 
  -0.1029534 193.1145 
  0.2799355 193.1145 
  0.5049736 191.1978 
  0.7721972 191.1978 
  0.7280533 192.1537 
  0.763923 197.0059 
  0.8332883 197.9909 
  0.9647027 196.0257 
  0.9875985 195.0505 
  0.9910552 194.0801 
  0.9936229 193.1145 
  0.9977253 192.1537 
  0.9968043 192.1537 
  0.9939679 191.1978 
  0.9960362 190.2465 
  0.9902652 188.3582 
  0.9787477 186.4887 
  0.9567585 184.6377 
  0.9309156 182.8051 
  0.8156272 181.8956 
  0.3335092 181.8956 
  0.6833317 181.8956 
  0.03749683 181.8956 
  0.01739453 181.8956 
  0.0105997 181.8956 
  0.4423375 181.8956 
  0.6404393 175.6547 
  0.761659 172.185 
  0.8763315 167.9442 
  0.9350628 164.6269 
  0.9319528 160.5723 
  0.8627368 158.1876 
  0.3955652 158.9785 
  0.1065442 168.784 
  0.3396413 174.7808 
  0.06877971 176.533 
  0.04549709 178.3027 
  0.2032011 180.0902 
  0.0231338 180.0902 
  0.04847445 182.8051 
  0.1318454 186.4887 
  0.2706736 191.1978 
  0.4796972 194.0801 
  0.6432279 195.0505 
  0.577419 195.0505 
  0.4166142 195.0505 
  -0.04271099 195.0505 
  0.08386865 195.0505 
  0.1019898 195.0505 
  0.1180131 195.0505 
  0.2012702 195.0505 
  0.3631595 195.0505 
  0.4263884 195.0505 
  0.5436988 195.0505 
  0.08286796 195.0505 
  -0.02036825 195.0505 
  0.1617126 195.0505 
  0.3336448 195.0505 
  0.1582083 195.0505 
  0.1211725 195.0505 
  0.009786071 195.0505 
  -0.06077632 195.0505 
  -0.1127606 195.0505 
  0.03595027 195.0505 
  0.03208021 195.0505 
  -0.04516006 195.0505 
  -0.02119387 195.0505 
  -0.1322654 195.0505 
  0.01345944 195.0505 
  -0.04729662 195.0505 
  0.04173676 195.0505 
  -0.02487943 195.0505 
  0.1375739 195.0505 
  -0.1224077 195.0505 
  -0.2295024 195.0505 
  -0.004731188 195.0505 ]
