 [
  -0.2636184 184.6377 
  -0.02579815 184.6377 
  0.1372318 184.6377 
  -0.08321249 184.6377 
  0.2227035 184.6377 
  0.3596975 184.6377 
  0.01447804 184.6377 
  0.05325479 184.6377 
  -0.05104426 184.6377 
  0.05017145 184.6377 
  0.5317381 184.6377 
  0.8822749 184.6377 
  0.1654637 184.6377 
  0.6056736 182.8051 
  0.810637 187.4211 
  0.8589574 198.9809 
  0.9273478 207.0808 
  0.9799372 212.3098 
  0.9930186 214.4382 
  0.9716018 214.4382 
  0.9197609 213.3714 
  0.5232096 212.3098 
  -0.002548046 212.3098 
  -0.1764142 211.2535 
  -0.06252983 210.2025 
  0.05862104 209.1568 
  0.04849635 210.2025 
  -0.02249655 213.3714 
  -0.1648207 217.6709 
  0.02922745 223.1673 
  0.3128051 227.6642 
  0.2303844 232.2518 
  0.1318441 238.1164 
  0.08196256 245.3498 
  0.7983696 255.3373 
  0.8839933 242.9146 
  0.8770158 238.1164 
  0.9383815 232.2518 
  0.9758703 227.6642 
  0.9877632 224.2832 
  0.9798833 222.057 
  0.9731166 219.853 
  0.9651194 216.5879 
  0.981094 213.3714 
  0.9863704 211.2535 
  0.9923415 209.1568 
  0.9917129 208.1162 
  0.9906472 206.0505 
  0.989591 205.0254 
  0.9832145 202.9904 
  0.9794332 200.9756 
  0.9915773 198.9809 
  0.9954059 197.9909 
  0.9940456 197.0059 
  0.9894077 197.0059 
  0.981841 195.0505 
  0.9892142 193.1145 
  0.9591785 191.1978 
  0.9503962 189.3 
  0.9200349 188.3582 
  0.9917836 188.3582 
  0.9962304 187.4211 
  0.9977884 186.4887 
  0.9970908 186.4887 
  0.9492227 189.3 
  0.9666136 191.1978 
  0.9841052 193.1145 
  0.9877765 194.0801 
  0.982253 197.0059 
  0.9799547 199.9758 
  0.9809593 202.9904 
  0.9867358 206.0505 
  0.9722506 207.0808 
  0.9332694 208.1162 
  0.7511635 208.1162 
  0.8351033 209.1568 
  0.9349532 209.1568 
  0.9819922 210.2025 
  0.9930098 209.1568 
  0.9919602 207.0808 
  0.9875866 205.0254 
  0.986267 201.9805 
  0.9813112 198.9809 
  0.9565696 196.0257 
  0.9181854 195.0505 
  0.6486411 193.1145 
  0.5927816 192.1537 
  0.5447834 191.1978 
  0.0574439 190.2465 
  -0.0113674 189.3 
  -0.0297618 188.3582 
  0.01309059 187.4211 
  -0.001647036 186.4887 
  0.03272495 186.4887 
  -0.008292487 185.5609 
  0.06689729 184.6377 
  -0.03806946 183.7191 
  0.003774614 182.8051 
  0.4239899 182.8051 
  0.6382339 182.8051 
  0.4362061 174.7808 
  0.706197 167.9442 
  0.9404169 167.1087 
  0.9922013 166.2773 
  0.9629159 164.6269 
  0.9470998 162.182 
  0.9103066 160.5723 
  0.7249209 161.3751 
  0.6097952 163.8079 
  0.4359711 167.1087 
  0.3483422 170.476 
  0.1188266 173.046 
  -0.05425169 176.533 
  -0.0008271849 180.0902 
  0.04921564 183.7191 
  0.002619995 187.4211 
  0.04104535 191.1978 
  0.06875701 195.0505 
  0.172775 198.9809 
  0.5800139 202.9904 
  0.2208612 202.9904 
  0.1899655 201.9805 
  -0.1432372 199.9758 
  0.1252874 198.9809 
  0.1778598 197.9909 
  0.1301176 197.0059 
  -0.2486038 196.0257 
  0.3119348 194.0801 
  0.6974113 177.4156 
  0.840511 175.6547 
  0.9747332 174.7808 
  0.9715629 172.185 
  0.9842881 170.476 
  0.9955316 168.784 
  0.993607 167.9442 
  0.9900746 167.1087 
  0.9760916 166.2773 
  0.9671645 165.4501 
  0.9926863 163.8079 
  0.9836588 163.8079 
  0.9842933 162.182 
  0.9912979 162.182 
  0.9923112 161.3751 
  0.9875364 160.5723 
  0.9684145 159.7734 
  0.9336689 158.9785 
  0.8570327 158.1876 
  0.9929197 158.1876 
  0.9995846 158.1876 
  0.9992727 158.1876 
  0.9959891 158.9785 
  0.9934136 159.7734 
  0.9932245 160.5723 
  0.9814948 161.3751 
  0.958351 162.182 
  0.9183015 162.9929 
  0.9148843 163.8079 
  0.7544945 164.6269 
  0.5172264 165.4501 
  0.2987096 166.2773 
  0.2203171 167.1087 
  0.2151731 167.9442 
  0.121535 168.784 
  -0.08259454 169.6279 
  -0.08745424 170.476 
  -0.08918609 171.3284 
  0.2543059 172.185 
  0.1648776 173.046 
  0.1210456 173.9112 
  0.04133415 174.7808 
  -0.2561081 175.6547 
  -0.2787085 176.533 
  -0.1207828 177.4156 
  -0.3289587 178.3027 
  -0.0838614 179.1942 
  -0.1203808 180.0902 
  -0.101187 180.9906 
  -0.09655999 181.8956 
  -0.3314941 182.8051 
  0.00715478 183.7191 
  -0.05909828 184.6377 
  -0.02109049 185.5609 
  0.01608296 186.4887 
  0.02089097 187.4211 
  0.05020353 188.3582 
  -0.1279054 189.3 
  0.03034108 190.2465 
  0.06724752 191.1978 
  0.2218254 192.1537 
  0.5900084 193.1145 
  0.8892909 194.0801 
  0.9329081 194.0801 
  0.9581995 197.0059 
  0.9723876 201.9805 
  0.9768506 207.0808 
  0.9868164 211.2535 
  0.9964923 213.3714 
  0.9983132 214.4382 
  0.9947015 216.5879 
  0.9939168 218.7592 
  0.9943051 222.057 
  0.993974 224.2832 
  0.9911324 224.2832 
  0.9815257 224.2832 
  0.9678829 220.9523 
  0.9721588 214.4382 
  0.9854246 212.3098 
  0.9930155 212.3098 
  0.9909257 213.3714 
  0.99038 212.3098 
  0.9815682 210.2025 
  0.9863534 207.0808 
  0.999227 204.0054 
  1.000284 202.9904 
  0.9963469 201.9805 
  0.9831587 200.9756 
  0.9579325 199.9758 
  0.6288606 199.9758 
  -0.09941122 200.9756 
  -0.04915695 201.9805 
  0.2599149 201.9805 
  -0.06481502 201.9805 
  -0.08449893 201.9805 
  -0.1538416 201.9805 
  -0.09882313 201.9805 
  -0.04703015 201.9805 
  -0.0154448 201.9805 
  -0.05294223 202.9904 
  0.0484993 204.0054 
  0.1534457 205.0254 
  0.7468932 199.9758 
  0.8024699 196.0257 
  0.9183578 192.1537 
  0.911872 187.4211 
  0.9678707 181.8956 
  0.9851564 180.0902 
  0.9907159 179.1942 
  0.9919401 179.1942 
  0.9933998 179.1942 
  0.9909825 178.3027 
  0.9871627 177.4156 
  0.9924971 177.4156 
  0.9865844 176.533 
  0.9927824 174.7808 
  0.9914992 173.9112 
  0.9648311 173.9112 
  0.9408289 173.9112 
  0.8824107 173.9112 
  0.9952093 174.7808 
  0.9984826 175.6547 
  0.9838682 176.533 
  0.9423369 177.4156 
  0.7144977 179.1942 
  0.1039872 180.9906 
  -0.008519528 182.8051 
  -0.008136335 184.6377 
  0.03949258 185.5609 
  0.1820342 186.4887 
  -0.003821097 187.4211 
  0.1628623 188.3582 
  -0.1314214 190.2465 
  -0.2281982 192.1537 
  -0.137214 194.0801 
  -0.02799483 196.0257 
  -0.05991318 197.0059 
  -0.05934794 197.9909 
  0.05873626 198.9809 
  0.09604269 199.9758 
  0.1039885 201.9805 
  -0.03761512 202.9904 
  -0.1506216 204.0054 
  0.1029168 205.0254 
  0.6395398 199.9758 
  0.807478 197.9909 
  0.9925629 197.0059 
  0.9938457 196.0257 
  0.9933534 195.0505 
  0.9964402 193.1145 
  0.9878322 191.1978 
  0.9920725 190.2465 
  0.9874092 188.3582 
  0.9840198 186.4887 
  0.9846734 183.7191 
  0.9802893 181.8956 
  0.9914188 179.1942 
  0.9963677 178.3027 
  0.9944559 177.4156 
  0.993505 176.533 
  0.9954092 175.6547 
  0.9883786 174.7808 
  0.9669102 173.046 
  0.9255518 172.185 
  0.8127487 173.046 
  0.2030665 174.7808 
  0.4440871 176.533 
  0.7481343 178.3027 
  0.8662677 180.0902 
  0.08293226 181.8956 
  -0.103624 183.7191 
  0.4099255 184.6377 
  0.1760508 179.1942 
  0.5376285 175.6547 
  0.9247627 173.9112 
  0.9727749 173.9112 
  0.9891661 173.046 
  0.9887463 173.9112 
  0.9861465 175.6547 
  0.9815465 178.3027 
  0.9565163 182.8051 
  0.9342559 188.3582 
  0.9565866 194.0801 
  0.9854976 197.0059 
  0.9928883 198.9809 
  0.994496 198.9809 
  0.9939193 197.9909 
  0.9958833 197.0059 
  0.9968376 197.0059 
  0.9941649 197.0059 
  0.9883076 197.9909 
  0.9693348 197.0059 
  0.944809 195.0505 
  0.713072 194.0801 
  0.4533101 194.0801 
  0.1063231 193.1145 
  0.09334818 193.1145 
  0.06057734 193.1145 
  0.1609938 193.1145 
  0.1588202 193.1145 
  -0.1686698 192.1537 
  -0.226708 191.1978 
  -0.036544 191.1978 
  -0.02178367 190.2465 
  -0.003095282 189.3 
  0.2037135 187.4211 
  0.4991722 182.8051 
  0.8120024 178.3027 
  0.8451908 177.4156 
  0.5796199 173.9112 
  0.9791124 173.046 
  0.9960647 172.185 
  0.9927945 171.3284 
  0.9881471 170.476 
  0.8955677 170.476 
  0.8784343 170.476 
  0.9295967 169.6279 
  0.9882923 168.784 
  0.9921619 169.6279 
  0.9713735 169.6279 
  0.9309826 170.476 
  0.8975461 170.476 
  0.6054901 172.185 
  0.3501997 174.7808 
  0.03624559 177.4156 
  -0.1604017 180.0902 
  -0.1463684 182.8051 
  0.09556894 185.5609 
  0.1415363 188.3582 
  -0.132922 191.1978 
  0.7897322 194.0801 
  0.1584504 193.1145 
  0.155208 191.1978 
  0.1007161 186.4887 
  0.2833576 178.3027 
  0.5705859 185.5609 
  0.8293313 186.4887 
  0.9803523 187.4211 
  0.9790571 185.5609 
  0.98621 183.7191 
  0.9907526 181.8956 
  0.991205 180.9906 
  0.9873708 180.0902 
  0.986607 179.1942 
  0.9797914 177.4156 
  0.9726369 173.9112 
  0.9427536 170.476 
  0.8974038 167.1087 
  0.8164846 165.4501 
  0.3337455 167.9442 
  0.19634 170.476 
  0.165717 173.046 
  0.004499409 175.6547 
  -0.04350778 178.3027 
  0.1396618 180.9906 
  0.1878371 183.7191 
  0.4702718 185.5609 
  0.7716047 186.4887 
  0.8698456 187.4211 
  0.7603025 188.3582 
  0.8587523 188.3582 
  0.9813173 188.3582 
  0.989554 189.3 
  0.9875858 189.3 
  0.9852083 188.3582 
  0.9802338 187.4211 
  0.9761492 186.4887 
  0.9872677 185.5609 
  0.9842807 184.6377 
  0.9879707 183.7191 
  0.9863561 182.8051 
  0.9856151 180.9906 
  0.9870265 179.1942 
  0.9719221 177.4156 
  0.9671178 174.7808 
  0.9633446 172.185 
  0.9743263 169.6279 
  0.9777376 167.1087 
  0.9827468 165.4501 
  0.9860972 163.8079 
  0.9867051 162.182 
  0.9781679 161.3751 
  0.9392217 161.3751 
  0.9107398 161.3751 
  0.9920022 162.182 
  0.999324 162.9929 
  0.9990479 162.9929 
  0.9982817 162.9929 
  0.9914302 162.9929 
  0.9747901 162.9929 
  0.5059097 162.9929 
  0.1888498 162.9929 
  0.1252841 162.9929 
  -0.1102524 162.9929 
  0.07330057 162.9929 
  0.1253993 162.9929 
  0.1518905 162.9929 
  -0.1194974 162.9929 
  -0.2892898 162.9929 
  -0.1717324 162.9929 
  -0.05715228 162.9929 
  0.028507 162.9929 
  0.2069748 162.9929 
  -0.1512154 162.9929 
  -0.334159 162.9929 
  -0.6804947 162.9929 
  0.07383636 162.9929 
  0.3644667 162.9929 
  -0.07303503 162.9929 
  -0.2715696 162.9929 
  0.4350509 162.9929 
  0.3815162 162.9929 
  -0.08885684 162.9929 
  0.0768425 162.9929 
  0.07193875 162.9929 
  0.2338387 162.9929 
  -0.09373664 162.9929 ]
