 [
  -0.2260144 122.6601 
  -0.1078559 122.6601 
  0.02331808 122.6601 
  0.188158 122.6601 
  0.6565658 122.6601 
  0.479361 122.6601 
  0.7278332 122.6601 
  0.8200438 122.6601 
  0.8562915 122.6601 
  0.7063341 123.2734 
  0.6504317 124.5092 
  0.61666 126.3862 
  0.5937458 128.9329 
  0.7704526 131.531 
  0.8737904 134.1814 
  0.7778183 137.5696 
  0.7142965 142.4574 
  0.8147962 146.0546 
  0.7125528 150.4914 
  0.7761623 154.2915 
  0.9379656 155.8383 
  0.9769822 155.8383 
  0.9887647 156.6175 
  0.9769735 156.6175 
  0.9520833 155.8383 
  0.8660962 153.5239 
  0.7823642 151.2439 
  0.676609 146.0546 
  0.3865557 143.8855 
  0.2204316 142.4574 
  0.1538209 141.0434 
  0.1453004 139.6435 
  0.001624921 138.9488 
  -0.1780544 137.5696 
  0.1938721 136.8852 
  -0.2660465 135.5266 
  -0.1114257 134.1814 
  0.2215154 133.5138 
  -0.01966681 132.8496 
  -0.08861443 131.531 
  0.4984111 130.2255 
  0.4634516 130.2255 
  0.419807 127.0181 
  0.5959561 123.2734 
  0.8695237 123.2734 
  0.8036389 124.5092 
  0.3655657 126.3862 
  -0.2420162 128.2915 
  -0.2485699 130.2255 
  -0.1464749 131.531 
  -0.08871897 132.8496 
  -0.009878794 134.8523 
  0.07052885 136.8852 
  0.0554383 138.9488 
  0.03977719 141.0434 
  -0.060699 143.1697 
  -0.03060913 145.328 
  0.1748357 147.5188 
  0.6764233 149.7427 
  0.855443 150.4914 
  0.8880876 149.7427 
  0.8937004 148.9977 
  0.914394 151.2439 
  0.9533883 152.0001 
  0.9846063 152.7601 
  0.9954226 152.7601 
  0.9961986 152.7601 
  0.9760145 152.0001 
  0.9367738 150.4914 
  0.9083067 146.7849 
  0.8468764 142.4574 
  0.7527043 136.8852 
  0.7691487 131.531 
  0.714631 126.3862 
  0.831519 119.0438 
  0.870724 116.6924 
  0.785787 114.9594 
  0.7695023 113.2521 
  0.2245211 112.6886 
  0.4445897 112.6886 
  0.3536735 112.6886 
  0.5429544 112.6886 
  0.6141869 113.2521 
  0.5858946 113.2521 
  0.6125651 113.8184 
  0.6433924 113.2521 
  0.7601522 113.2521 
  0.8219618 114.9594 
  0.621309 112.128 
  0.782253 111.0151 
  0.9862283 109.9132 
  0.9811602 109.9132 
  0.9801016 109.3664 
  0.948686 108.8223 
  0.7307181 109.3664 
  0.4489242 109.3664 
  0.6020483 107.2061 
  0.532932 107.7421 
  0.2889349 110.4628 
  0.4257596 119.639 
  0.2377977 121.4426 
  0.01637995 126.3862 
  0.1766445 132.1886 
  0.4158965 130.2255 
  0.2796288 128.9329 
  0.6555922 123.8897 
  0.8697456 122.6601 
  0.9160319 123.2734 
  0.9429959 122.6601 
  0.9670502 123.2734 
  0.9488609 122.6601 
  0.9524775 122.6601 
  0.9614838 122.6601 
  0.9751935 123.8897 
  0.9771597 124.5092 
  0.9810902 125.1317 
  0.9434006 124.5092 
  0.9399265 123.2734 
  0.9251919 121.4426 
  0.9041032 120.2372 
  0.7821788 119.639 
  0.6795608 118.4515 
  0.08420685 118.4515 
  0.9253327 118.4515 
  0.8806205 119.0438 
  0.7810658 119.639 
  0.5339817 120.8384 
  0.2715581 122.6601 
  0.827536 122.6601 
  0.9003202 122.6601 
  0.933533 124.5092 
  0.9607372 127.0181 
  0.9580346 129.5776 
  0.9609873 132.1886 
  0.9798115 134.1814 
  0.9947523 135.5266 
  0.990116 135.5266 
  0.9897688 134.8523 
  0.9455299 132.1886 
  0.8644123 129.5776 
  0.752722 125.7574 
  0.7862659 120.2372 
  0.9573892 117.2759 
  0.9638035 115.5342 
  0.9329813 114.9594 
  0.8770962 113.2521 
  0.948672 110.4628 
  0.978021 109.3664 
  0.9821069 108.8223 
  0.9857984 108.2809 
  0.982978 108.8223 
  0.977402 108.2809 
  0.9626611 107.7421 
  0.9538779 107.7421 
  0.8909524 107.7421 
  0.6658764 108.2809 
  -0.08964224 109.3664 
  0.09521627 110.4628 
  0.07861878 111.5702 
  0.3924144 112.6886 
  0.1565713 113.8184 
  0.4247027 114.9594 
  0.5569131 114.3874 
  0.7604897 115.5342 
  0.5544467 116.1118 
  0.3349339 118.4515 
  0.1694953 122.6601 
  -0.05100374 125.7574 
  -0.0465926 132.8496 
  -0.04953407 136.2042 
  0.2333402 138.2575 
  0.1121559 138.9488 
  0.2784168 137.5696 
  0.4050092 134.1814 
  0.2209873 128.2915 
  0.7075025 122.0498 
  0.8930804 120.2372 
  0.9787283 120.2372 
  0.9855505 120.2372 
  0.9820042 120.2372 
  0.984735 119.639 
  0.9640824 120.2372 
  0.9257629 120.2372 
  0.8497476 119.639 
  0.8060558 117.8622 
  0.9766954 117.2759 
  0.9868175 116.6924 
  0.9783555 116.1118 
  0.9489878 115.5342 
  0.903163 114.9594 
  0.7175159 114.9594 
  0.3833149 115.5342 
  -0.02471563 116.1118 
  0.1420387 117.2759 
  0.7415714 119.639 
  0.4841672 117.8622 
  0.7280088 117.2759 
  0.8817694 117.8622 
  0.9164304 119.0438 
  0.9564215 120.8384 
  0.9495427 122.0498 
  0.9541883 122.6601 
  0.9666567 123.2734 
  0.8633068 124.5092 
  0.8165712 123.8897 
  0.8535085 122.0498 
  0.8497795 122.0498 
  0.9232765 120.8384 
  0.8949227 121.4426 
  0.8611472 120.2372 
  0.8458961 117.2759 
  0.8640826 114.9594 
  0.9279853 113.2521 
  0.9326628 112.128 
  0.9715875 111.0151 
  0.9803658 109.9132 
  0.9638287 108.8223 
  0.9595631 107.7421 
  0.9904341 106.6728 
  0.9422822 105.614 
  0.9038184 105.614 
  0.8924158 105.0885 
  0.9035288 105.0885 
  0.8638197 104.5657 
  0.7968897 104.0455 
  0.3814768 103.5278 
  0.508408 103.5278 
  0.7427048 103.5278 
  0.6471319 103.5278 
  0.4321481 103.5278 
  -0.0964548 103.5278 
  0.5004889 104.0455 
  0.4944175 106.6728 
  0.4577101 108.2809 
  0.1208793 110.4628 
  -0.1674767 112.128 
  0.08782995 112.6886 
  0.1244442 113.2521 
  0.09840451 113.2521 
  0.05901447 112.6886 
  0.5494686 112.128 
  0.2886219 112.128 
  0.3789226 112.128 
  0.3410973 112.128 
  0.3834391 112.128 
  0.3151596 112.128 
  0.1996046 112.128 
  0.2417045 112.128 
  0.3974928 112.128 
  0.3988053 112.128 
  0.3512096 112.128 ]
