 [
  0.114072 388.2072 
  0.06032709 388.2072 
  0.04040198 388.2072 
  -0.01187948 388.2072 
  -0.05650475 388.2072 
  -0.04240159 388.2072 
  -0.001670721 388.2072 
  -0.06242525 388.2072 
  -0.1811293 388.2072 
  -0.1483495 388.2072 
  -0.01675193 388.2072 
  0.09813402 388.2072 
  0.5576941 388.2072 
  0.5174761 388.2072 
  0.6299255 388.2072 
  0.7963054 392.099 
  0.770928 400 
  0.6992224 400 
  0.4915037 400 
  0.4718278 400 
  0.4487376 394.0595 
  0.4287974 374.8877 
  0.3343027 358.4318 
  0.3838279 342.6983 
  0.06851285 321.1834 
  0.3319035 302.5244 
  0.3279401 284.9493 
  0.1229914 267.06 
  -0.001392647 250.2938 
  -0.08006404 234.5801 
  -0.05030972 219.853 
  0.006782903 206.0505 
  0.06999952 193.1145 
  0.1529764 181.8956 
  -0.05264816 171.3284 
  0.01044885 160.5723 
  -0.04743478 150.4914 
  0.1084795 141.0434 
  0.6553017 132.1886 
  0.379391 125.1317 
  0.2727311 118.4515 
  0.4573608 114.3874 
  0.6978482 110.4628 
  0.8315337 106.6728 
  0.8331571 104.0455 
  0.8225456 101.9903 
  0.8147589 101.9903 
  0.9772574 102.5003 
  0.9929116 101.9903 
  0.9881608 101.4829 
  0.9266703 100.4756 
  0.6941891 99.97575 
  0.06364131 100.978 
  -0.02382293 101.9903 
  0.1100879 103.0128 
  0.06760067 103.5278 
  0.08314448 104.0455 
  0.1348743 104.5657 
  0.7325585 104.0455 
  0.6109961 101.4829 
  0.5894606 99.47836 
  0.7283629 97.51342 
  0.8058589 94.63854 
  0.8336943 93.23304 
  0.7750571 91.84841 
  0.6132063 91.39146 
  0.4549073 92.30766 
  0.03045847 93.23304 
  -0.2390344 94.63854 
  -0.305522 96.06523 
  -0.06000134 97.51342 
  0.08006458 98.98344 
  0.5688024 100.4756 
  0.09984149 101.9903 
  0.7342509 104.0455 
  0.8957894 105.0885 
  0.9378655 105.0885 
  0.903628 106.142 
  0.8713126 105.0885 
  0.8900774 104.0455 
  0.9385794 104.0455 
  0.9445555 104.5657 
  0.9743568 105.0885 
  0.9836746 105.614 
  0.9354115 106.142 
  0.95173 107.2061 
  0.9879119 108.2809 
  0.9864751 108.2809 
  0.9768778 108.2809 
  0.95131 107.2061 
  0.9414995 106.6728 
  0.9266546 106.6728 
  0.8752002 106.142 
  0.7168757 106.142 
  0.5570022 104.0455 
  0.07200363 101.9903 
  0.06250279 99.97575 
  -0.2451846 98.00098 
  0.2404554 96.06523 
  0.1348121 94.1677 
  0.1012897 92.30766 
  -0.1864213 90.48434 
  -0.005236939 88.69706 
  -0.15325 86.94508 
  0.1140038 85.2277 
  0.2513123 84.80367 
  0.07743127 84.80367 
  -0.07247007 85.2277 
  0.6396901 85.65383 
  0.9006672 86.51251 
  0.7460387 89.14054 
  0.5393254 92.7692 
  0.5838444 96.54556 
  0.8390228 98.98344 
  0.889246 100.978 
  0.7156475 103.0128 
  0.7922459 103.0128 
  0.8010272 101.9903 
  0.9135944 101.9903 
  0.9356403 102.5003 
  0.9285423 103.0128 
  0.8396429 104.0455 
  0.777097 105.614 
  0.6945413 107.7421 
  0.6954547 110.4628 
  0.7124953 112.6886 
  0.7575749 116.1118 
  0.8548649 118.4515 
  0.8809363 120.2372 
  0.9327216 121.4426 
  0.9842226 122.6601 
  0.980534 122.6601 
  0.9612297 122.0498 
  0.96044 120.8384 
  0.9381528 119.0438 
  0.9619117 117.2759 
  0.9544186 114.9594 
  0.9789108 114.3874 
  0.982818 113.8184 
  0.9720649 113.8184 
  0.9641116 113.8184 
  0.9560732 113.8184 
  0.9405971 113.2521 
  0.9593629 112.128 
  0.9547724 111.5702 
  0.9628043 111.0151 
  0.9674346 111.0151 
  0.9729528 110.4628 
  0.9588306 109.9132 
  0.9667125 108.8223 
  0.9789987 108.8223 
  0.9891044 108.2809 
  0.9880264 108.8223 
  0.9793434 108.8223 
  0.9914259 109.3664 
  0.9935488 109.9132 
  0.9960758 110.4628 
  0.9910849 109.9132 
  0.9708146 109.3664 
  0.9715965 108.2809 
  0.9858792 107.7421 
  0.9681562 107.7421 
  0.9699569 107.2061 
  0.8654976 106.142 
  0.5877023 105.614 
  -0.1288562 106.142 
  0.04396132 106.6728 
  -0.07415155 107.2061 
  -0.03981799 107.7421 
  0.007879736 107.7421 
  0.09458061 107.7421 
  0.01350087 107.7421 
  -0.03282668 107.7421 
  -0.2934212 107.7421 
  -0.1235569 107.7421 
  -0.1234697 107.2061 
  -0.06876673 106.6728 
  -0.1688986 106.142 
  0.05541158 105.614 
  0.3191454 105.0885 
  0.5561072 104.5657 
  0.7116221 105.614 
  0.7849284 103.5278 
  0.8947247 101.9903 
  0.9074681 101.4829 
  0.884476 99.47836 
  0.950856 98.491 
  0.9544819 97.51342 
  0.9494839 97.51342 
  0.9467056 98.491 
  0.9661932 98.98344 
  0.974547 98.98344 
  0.9767671 99.47836 
  0.9762948 99.47836 
  0.9823934 99.47836 
  0.9876704 98.98344 
  0.9852467 98.98344 
  0.9891555 98.98344 
  0.9925613 98.98344 
  0.9536157 99.47836 
  0.9510255 100.4756 
  0.9839421 101.4829 
  0.9892364 101.4829 
  0.9838086 101.4829 
  0.9449316 100.4756 
  0.8718301 98.98344 
  0.755973 98.00098 
  0.3667819 98.00098 
  0.01845218 98.00098 
  -0.06951617 98.00098 
  0.05110998 97.51342 
  0.2051607 97.02828 
  -0.07384047 96.54556 
  0.169603 96.06523 
  0.2373973 96.06523 
  0.06287743 96.06523 
  0.09427799 96.06523 
  0.1915306 96.06523 
  -0.001241943 96.54556 
  0.007052959 97.02828 
  -0.005706212 97.51342 
  0.1743126 98.00098 
  -0.009326028 98.491 
  -0.07002365 98.98344 
  0.1084159 99.47836 
  0.759178 99.47836 
  0.528523 95.5873 
  0.7703086 94.1677 
  0.8842826 93.23304 
  0.8852783 92.30766 
  0.9778212 91.84841 
  0.9543884 91.39146 
  0.9329259 91.39146 
  0.9254901 90.48434 
  0.9601116 89.58624 
  0.8949513 89.14054 
  0.6507348 86.94508 
  0.6344355 84.80367 
  0.2901306 85.2277 
  0.2691756 87.3798 
  -0.1595545 87.8167 
  0.1294105 88.25578 
  0.02541091 88.69706 
  -0.1225928 89.14054 
  -0.03419419 89.58624 
  -0.07037773 90.03418 
  -0.1070044 90.48434 
  0.1954342 90.93677 
  0.1699929 91.39146 
  0.1152109 91.39146 
  0.0001941074 91.39146 
  -0.1101737 91.84841 
  -0.053342 92.30766 
  0.001768488 92.30766 
  0.04691736 92.30766 
  0.0361705 92.30766 
  0.5123684 92.30766 
  0.661594 95.11173 
  0.8317303 94.63854 
  0.7247298 93.6992 
  0.7932142 91.84841 
  0.8397494 90.48434 
  0.8894892 89.14054 
  0.9750142 88.69706 
  0.9231157 87.8167 
  0.8810306 86.94508 
  0.5394177 85.2277 
  0.5298106 82.3035 
  0.4548837 81.89403 
  0.2460557 75.2366 
  0.7419716 75.2366 
  0.8489326 74.48985 
  0.8818275 74.11925 
  0.8398985 74.11925 
  0.6594599 74.11925 
  0.4320777 76.3708 
  0.8021608 78.29926 
  0.9138129 78.69076 
  0.7445683 78.29926 
  0.04806746 79.08421 
  0.06883829 79.87703 
  -0.1053111 80.27641 
  0.0590415 80.6778 
  0.2056359 80.6778 
  0.1787751 80.6778 
  0.05576495 79.87703 
  0.277802 79.47963 
  0.1965204 79.08421 
  0.01359359 78.69076 
  -0.08558456 78.69076 
  -0.08320518 79.08421 
  0.1020932 79.08421 
  0.2002271 79.08421 
  0.2069486 79.08421 
  0.2134089 79.08421 
  0.1297215 79.08421 
  0.1061824 79.08421 
  0.09305329 79.08421 
  -0.05051719 79.08421 
  0.2216766 79.08421 
  0.02513955 79.08421 
  -0.03880507 79.08421 
  -0.06271388 79.08421 
  -0.1816956 79.08421 
  -0.05767468 79.08421 ]
