 [
  -0.2709672 335.9292 
  -0.359283 335.9292 
  -0.06893513 335.9292 
  -0.1629578 335.9292 
  -0.1254115 335.9292 
  0.02604486 335.9292 
  0.02885425 335.9292 
  0.09799429 335.9292 
  -0.06416472 335.9292 
  0.1377913 335.9292 
  0.5406185 335.9292 
  0.214678 335.9292 
  -0.02562913 335.9292 
  -0.2140059 335.9292 
  0.4124685 335.9292 
  0.9510108 335.9292 
  0.9781929 339.2969 
  0.9926613 342.6983 
  0.9992177 346.1339 
  1.0002 346.1339 
  1.000565 346.1339 
  1.000679 346.1339 
  1.000105 346.1339 
  0.9981866 342.6983 
  0.9970505 339.2969 
  0.9976463 337.6089 
  0.9928426 340.9934 
  0.9905907 347.8645 
  0.9915807 353.1087 
  0.9935138 358.4318 
  0.996179 362.0251 
  0.9955391 365.6544 
  0.9873341 365.6544 
  0.9711223 360.224 
  0.9579014 351.3519 
  0.9459192 337.6089 
  0.8441864 330.9402 
  0.304342 329.2938 
  0.1224866 329.2938 
  0.1737102 329.2938 
  -0.1014541 329.2938 
  -0.1690951 329.2938 
  0.06264903 329.2938 
  -0.03935478 329.2938 
  -0.1127704 327.6555 
  -0.09221862 326.0254 
  0.6822352 324.4033 
  0.9086934 324.4033 
  0.9633316 322.7894 
  0.9785733 316.4135 
  0.9600105 310.1635 
  0.968845 304.037 
  0.9875275 298.0316 
  0.9962081 293.6054 
  0.995058 292.1447 
  1.000001 290.6912 
  0.9973598 289.245 
  0.9985538 289.245 
  0.990594 287.806 
  0.974804 286.3741 
  0.9356161 280.7175 
  0.8884761 267.06 
  0.9510468 261.7849 
  0.9688264 263.0938 
  0.9773544 269.7372 
  0.9904189 271.0859 
  0.9895235 271.0859 
  0.9857014 268.3953 
  0.9845841 264.4093 
  0.9844642 261.7849 
  0.9814905 257.8971 
  0.9727787 254.067 
  0.9470535 252.8029 
  0.8282016 247.8095 
  0.9565716 246.5766 
  0.9841265 247.8095 
  0.9882286 247.8095 
  0.9798532 245.3498 
  0.9756089 244.1292 
  0.9896345 240.5036 
  0.9874445 239.307 
  0.977522 239.307 
  0.9281705 239.307 
  0.8704402 241.7061 
  0.1251138 245.3498 
  0.1574839 249.0485 
  -0.02819201 252.8029 
  0.2376549 256.614 
  -0.008242658 260.4825 
  -0.04521535 264.4093 
  -0.1183422 268.3953 
  0.02870372 271.0859 
  -0.09550165 272.4414 
  -0.1986609 272.4414 
  0.4925933 271.0859 
  0.8716856 272.4414 
  0.9585977 273.8036 
  0.9763855 272.4414 
  0.9782269 269.7372 
  0.9944416 265.7313 
  0.9961035 265.7313 
  0.9977902 263.0938 
  0.9923354 261.7849 
  0.9789629 260.4825 
  0.9639027 257.8971 
  0.991768 255.3373 
  0.9807902 255.3373 
  0.9495772 256.614 
  0.7063773 257.8971 
  0.2158031 259.1866 
  0.0728646 260.4825 
  -0.01861665 261.7849 
  -0.1000375 263.0938 
  -0.1323775 264.4093 
  -0.06771038 265.7313 
  0.7946042 267.06 
  0.9204571 265.7313 
  0.9661306 264.4093 
  0.9938564 261.7849 
  0.9959256 257.8971 
  0.9914392 254.067 
  0.9845279 250.2938 
  0.9905988 246.5766 
  0.9955562 242.9146 
  0.9939727 239.307 
  0.9932878 235.753 
  0.9950988 233.4131 
  0.9984698 232.2518 
  0.9910534 234.5801 
  0.9871852 233.4131 
  0.9829854 231.0963 
  0.9986042 229.9466 
  0.9956245 229.9466 
  0.9892822 229.9466 
  0.9709916 228.8026 
  0.9219568 227.6642 
  0.6710663 228.8026 
  0.4198018 231.0963 
  0.2572737 233.4131 
  -0.02891423 235.753 
  -0.2170834 238.1164 
  0.4963972 240.5036 
  0.8622423 242.9146 
  0.9453139 245.3498 
  0.9917175 246.5766 
  0.99708 245.3498 
  0.9990276 245.3498 
  0.9993407 245.3498 
  0.9997092 245.3498 
  0.996577 246.5766 
  0.9959593 247.8095 
  0.9909675 247.8095 
  0.9798668 245.3498 
  0.9620786 239.307 
  0.9757819 233.4131 
  0.9936417 229.9466 
  0.9986023 228.8026 
  0.996444 228.8026 
  0.9937068 228.8026 
  0.9863726 228.8026 
  0.9660362 227.6642 
  0.9514679 226.5316 
  0.9915988 226.5316 
  0.9989095 226.5316 
  0.999134 226.5316 
  0.997836 227.6642 
  0.9987345 228.8026 
  0.9967198 231.0963 
  0.9496318 234.5801 
  0.9559997 238.1164 
  0.9759761 239.307 
  0.9889007 239.307 
  0.9896854 238.1164 
  0.9934647 236.9318 
  0.993808 235.753 
  0.9970031 235.753 
  0.997126 234.5801 
  0.9950743 234.5801 
  0.9930136 234.5801 
  0.9928942 233.4131 
  0.9929847 233.4131 
  0.9876146 232.2518 
  0.9912654 232.2518 
  0.9917275 232.2518 
  0.997658 231.0963 
  0.9936239 229.9466 
  0.993162 229.9466 
  0.9752445 227.6642 
  0.9790133 225.4046 
  0.9576542 222.057 
  0.9233243 217.6709 
  0.9570785 213.3714 
  0.7972467 209.1568 
  0.5944562 205.0254 
  0.3625221 196.0257 
  0.2214789 180.0902 
  0.2541514 180.0902 
  0.2510773 180.9906 
  0.8069711 181.8956 
  -0.001567284 187.4211 
  0.0727677 193.1145 
  0.188828 198.9809 
  0.1447972 215.5104 
  0.5945488 223.1673 
  0.907969 223.1673 
  0.9866652 223.1673 
  0.9891745 223.1673 
  0.9915748 223.1673 
  0.9940649 222.057 
  0.9949685 220.9523 
  0.9960231 220.9523 
  0.9889805 219.853 
  0.9792142 218.7592 
  0.9605457 215.5104 
  0.9743441 213.3714 
  0.9715389 211.2535 
  0.939088 211.2535 
  0.9069181 211.2535 
  0.8426577 212.3098 
  0.8315245 217.6709 
  0.8774443 222.057 
  0.933346 227.6642 
  0.9763966 231.0963 
  0.9897014 232.2518 
  0.9865288 232.2518 
  0.9786202 229.9466 
  0.981856 227.6642 
  0.9948916 225.4046 
  0.9947772 223.1673 
  0.9856933 222.057 
  0.9734275 220.9523 
  0.9642617 219.853 
  0.9909714 218.7592 
  0.9972069 218.7592 
  0.9956156 218.7592 
  0.9589779 219.853 
  0.8233372 220.9523 
  0.8910385 220.9523 
  0.9420228 220.9523 
  0.9948219 220.9523 
  0.9972419 222.057 
  0.9944692 222.057 
  0.9903238 220.9523 
  0.9936585 219.853 
  0.9911997 217.6709 
  0.994956 217.6709 
  0.9923434 216.5879 
  0.9990189 216.5879 
  0.9782 218.7592 
  0.9746278 219.853 
  0.9827867 223.1673 
  0.9870436 224.2832 
  0.9535699 225.4046 
  0.9351108 224.2832 
  0.8800074 223.1673 
  0.8957706 222.057 
  0.429463 222.057 
  -0.04191368 222.057 
  -0.05401511 222.057 
  0.09235956 222.057 
  0.162659 222.057 
  0.6645249 222.057 
  0.8287936 222.057 
  0.8617206 220.9523 
  0.9658011 220.9523 
  0.9871423 220.9523 
  0.9982994 220.9523 
  0.9980036 219.853 
  0.9146903 219.853 
  0.9238856 218.7592 
  0.9618354 217.6709 
  0.9946115 216.5879 
  0.9960825 215.5104 
  0.9824016 214.4382 
  0.9451122 213.3714 
  0.8339066 213.3714 
  0.5943848 213.3714 
  0.2800088 214.4382 
  0.1045465 215.5104 
  0.009258926 216.5879 
  0.08580777 217.6709 
  0.07122853 217.6709 
  0.06669088 217.6709 
  0.08802038 217.6709 
  0.3351722 217.6709 
  -0.1337343 217.6709 
  0.03289474 217.6709 
  -0.06971096 217.6709 
  -0.08361595 217.6709 
  -0.1382013 217.6709 
  -0.1412016 217.6709 
  0.2756503 217.6709 
  0.8888385 217.6709 
  0.9466624 217.6709 
  0.970244 216.5879 
  0.9937432 215.5104 
  0.995809 213.3714 
  0.9976642 212.3098 
  0.9984857 211.2535 
  0.996214 210.2025 
  0.9947951 210.2025 
  0.9961814 210.2025 
  0.9973332 210.2025 
  0.9984851 210.2025 
  0.9992351 210.2025 
  0.9988585 210.2025 
  0.9981998 210.2025 
  0.9984743 210.2025 
  0.9939643 209.1568 
  0.9671071 208.1162 
  0.9558538 207.0808 
  0.9758493 206.0505 
  0.9854705 205.0254 
  0.9915686 205.0254 
  0.9948683 205.0254 
  0.9965433 204.0054 
  0.996001 202.9904 
  0.9896473 200.9756 
  0.9847036 198.9809 
  0.9925686 197.0059 
  0.9629903 195.0505 
  0.9285468 193.1145 
  0.9206557 190.2465 
  0.9733539 188.3582 
  0.982631 185.5609 
  0.9667939 183.7191 
  0.9674119 181.8956 
  0.9627804 180.0902 
  0.9042691 180.0902 
  0.7809612 180.9906 
  0.653962 181.8956 
  0.6869614 182.8051 
  0.8060817 183.7191 
  0.9050251 183.7191 
  0.9176398 183.7191 
  0.9284006 183.7191 
  0.9283991 183.7191 
  0.8581024 183.7191 
  0.8213915 183.7191 
  0.8401258 183.7191 
  0.7832581 183.7191 
  0.6022632 183.7191 
  0.4914649 183.7191 
  0.19894 183.7191 
  0.04875425 183.7191 
  0.03385525 183.7191 
  0.1052723 183.7191 
  -0.04381471 183.7191 
  -0.106597 183.7191 
  -0.3840769 183.7191 
  -0.4469334 183.7191 
  -0.03625295 183.7191 ]
