 [
  -0.2147543 148.9977 
  -0.1091223 148.9977 
  -0.1011615 148.9977 
  -0.04949919 148.9977 
  0.1440234 148.9977 
  0.05361231 148.9977 
  -0.09602719 148.9977 
  -0.2538266 148.9977 
  -0.3997427 148.9977 
  -0.1730422 148.9977 
  -0.1688855 148.9977 
  -0.2463632 148.9977 
  0.01764127 148.9977 
  0.2813624 148.9977 
  0.3778421 148.9977 
  0.3178414 148.9977 
  0.2083727 148.9977 
  0.09726742 149.7427 
  0.6478386 152.0001 
  0.795855 152.7601 
  0.9234802 153.5239 
  0.9772214 156.6175 
  0.9775045 160.5723 
  0.9862074 162.9929 
  0.9950327 164.6269 
  0.9964499 164.6269 
  0.992868 164.6269 
  0.9885617 164.6269 
  0.9853914 163.8079 
  0.9825374 162.9929 
  0.9703172 159.7734 
  0.924786 157.4006 
  0.8677513 155.063 
  0.7917112 150.4914 
  -0.06225666 148.2564 
  0.8618538 146.7849 
  0.7824678 145.328 
  0.3809768 143.8855 
  0.2920298 142.4574 
  0.1373137 141.7487 
  0.1126507 141.0434 
  0.1852339 141.0434 
  0.2044576 141.0434 
  0.8387062 141.0434 
  0.8229645 144.605 
  0.8519927 146.0546 
  0.9250089 146.0546 
  0.9553652 146.0546 
  0.9657771 145.328 
  0.9770868 144.605 
  0.9552362 143.1697 
  0.9591926 141.7487 
  0.926331 139.6435 
  0.905164 138.2575 
  0.9131492 135.5266 
  0.8787829 133.5138 
  0.8943998 130.8766 
  0.923732 128.9329 
  0.926998 127.6532 
  0.9404047 125.7574 
  0.971981 124.5092 
  0.9587326 124.5092 
  0.9500728 124.5092 
  0.9363304 124.5092 
  0.9313229 124.5092 
  0.9351751 125.1317 
  0.935396 124.5092 
  0.9055266 124.5092 
  0.9223827 127.0181 
  0.9780207 127.6532 
  0.9764141 127.6532 
  0.9409988 127.0181 
  0.9280475 125.1317 
  0.8952389 123.2734 
  0.7485262 122.0498 
  0.3082955 121.4426 
  0.4665713 121.4426 
  0.09051698 121.4426 
  -0.01648694 121.4426 
  0.4419813 120.8384 
  -0.04210762 120.2372 
  -0.06540784 119.639 
  -0.1009634 119.639 
  0.5126476 119.0438 
  0.6937551 119.0438 
  0.9450344 119.0438 
  0.8823481 117.8622 
  0.7165041 116.6924 
  0.8603888 116.1118 
  0.9488119 116.1118 
  0.9256761 116.6924 
  0.9264522 117.2759 
  0.8995185 118.4515 
  0.8805401 120.2372 
  0.8183467 122.6601 
  0.9226441 124.5092 
  0.9576849 125.7574 
  0.9847168 126.3862 
  0.9684494 127.6532 
  0.9765089 128.9329 
  0.9916894 130.2255 
  0.9879559 130.8766 
  0.9491742 130.2255 
  0.8423029 130.2255 
  0.7723111 129.5776 
  0.5842905 129.5776 
  0.9425919 130.2255 
  0.9680184 131.531 
  0.9830029 131.531 
  0.9818175 132.8496 
  0.9520047 132.1886 
  0.907024 130.8766 
  0.8105569 127.0181 
  0.7158344 122.0498 
  0.631737 118.4515 
  0.7186027 114.9594 
  0.4810964 112.6886 
  -0.2107343 114.3874 
  0.2199314 116.6924 
  0.376655 119.639 
  0.09071857 122.6601 
  0.1776104 125.7574 
  0.1196581 128.2915 
  -0.009446179 130.8766 
  0.1358943 132.8496 
  0.1324318 134.1814 
  0.4380913 130.2255 
  0.6325228 127.0181 
  0.7779787 125.7574 
  0.9405159 124.5092 
  0.9882174 123.8897 
  0.9800982 123.8897 
  0.9586512 123.8897 
  0.9058542 123.2734 
  0.7645812 121.4426 
  0.7604883 117.8622 
  0.5072805 115.5342 
  0.1949766 116.1118 
  -0.05436459 116.6924 
  -0.244233 117.8622 
  0.05229775 119.0438 
  -0.04692345 120.2372 
  0.04421449 121.4426 
  0.1903716 122.6601 
  -0.241111 123.8897 
  -0.06723445 125.1317 
  0.1745165 126.3862 
  0.3357356 127.6532 
  0.07915146 128.9329 
  0.2136463 130.2255 
  0.08399987 131.531 
  0.5402367 133.5138 
  0.323846 126.3862 
  0.5977553 122.6601 
  0.7452892 121.4426 
  0.1082024 121.4426 
  0.8807447 122.0498 
  0.9027425 122.0498 
  0.9085226 120.2372 
  0.9026914 119.0438 
  0.8943986 117.2759 
  0.9230064 115.5342 
  0.9539744 113.8184 
  0.9719706 112.128 
  0.9850215 111.0151 
  0.9889613 110.4628 
  0.9771682 109.9132 
  0.9537953 109.3664 
  0.943018 108.2809 
  0.9655327 107.2061 
  0.9724259 106.6728 
  0.9716147 106.6728 
  0.9529899 106.6728 
  0.9190126 106.6728 
  0.9389566 106.142 
  0.9562237 105.614 
  0.9386036 105.614 
  0.7938743 106.142 
  0.1926087 107.2061 
  0.0003616419 109.3664 
  0.182828 111.5702 
  0.07171943 113.2521 
  -0.2470917 114.9594 
  0.1031939 116.6924 
  0.3935529 118.4515 
  0.7786098 120.2372 
  0.8868709 119.0438 
  0.912649 117.8622 
  0.8910456 115.5342 
  0.9323812 113.8184 
  0.9812306 112.6886 
  0.9885529 112.128 
  0.9816023 112.128 
  0.9694068 112.6886 
  0.9604528 113.2521 
  0.9690003 113.8184 
  0.9081143 113.8184 
  0.8382577 112.6886 
  0.5906726 112.128 
  0.1984025 112.128 
  -0.02033935 112.128 
  0.1172498 112.128 
  -0.0261965 112.128 
  -0.2168334 112.128 
  -0.2938054 112.128 
  -0.1374367 112.128 
  0.04276113 112.128 
  0.004186785 112.128 
  -0.03386405 112.128 
  0.01297197 112.6886 
  0.2288971 113.2521 
  0.1122086 113.2521 
  0.1978989 113.2521 
  0.04078555 113.2521 
  0.03497685 113.2521 
  0.1395203 113.2521 
  0.2265005 113.2521 
  0.2701588 113.2521 
  0.6240305 113.2521 
  0.4754475 113.2521 
  0.2166278 113.2521 
  -0.0996236 113.2521 
  -0.05665382 113.2521 
  0.09249596 113.2521 
  0.3737519 113.2521 
  0.4335521 113.2521 
  0.1455026 113.2521 
  -0.04149842 113.2521 
  -0.1019191 113.2521 
  -0.277386 113.2521 
  0.0522273 113.2521 
  -0.1940644 113.2521 
  -0.252331 113.2521 
  -0.2418858 113.2521 
  -0.1349513 113.2521 
  0.1846103 113.2521 
  0.2767978 113.2521 
  0.2730204 113.2521 
  -0.1123239 113.2521 
  -0.07027129 113.2521 
  0.1145657 113.2521 
  -0.07907743 113.2521 
  -0.02255686 113.2521 
  -0.09742503 113.2521 
  0.1781563 113.2521 
  0.05530369 113.2521 
  -0.04876877 113.2521 
  -0.04073826 113.2521 
  -0.003944499 113.2521 
  -0.01553304 113.2521 
  -0.0952695 113.2521 
  0.3875722 113.2521 
  0.5415753 113.2521 
  0.3543279 113.2521 
  -0.08315898 113.2521 
  -0.1898878 113.2521 
  -0.1045055 113.2521 
  -0.3225858 113.2521 
  -0.3892994 113.2521 
  -0.01231892 113.2521 
  -0.1774802 113.2521 
  0.06596028 113.2521 
  -0.3442899 113.2521 
  -0.3869943 113.2521 
  -0.356391 113.2521 ]
