 [
  -0.01677132 265.7313 
  -0.01228225 265.7313 
  -0.0615963 265.7313 
  -0.07246662 265.7313 
  -0.1852056 265.7313 
  -0.01348312 265.7313 
  -0.02099795 265.7313 
  0.05367333 265.7313 
  0.1154977 265.7313 
  0.1899257 265.7313 
  -0.09558544 265.7313 
  -0.1083078 265.7313 
  0.1106258 265.7313 
  0.1911323 265.7313 
  0.2194215 265.7313 
  0.6928476 265.7313 
  0.5598182 265.7313 
  0.6843389 259.1866 
  0.8809836 252.8029 
  0.9947114 249.0485 
  0.9948893 249.0485 
  0.9930866 251.5452 
  0.991849 254.067 
  0.9849445 254.067 
  0.9701474 252.8029 
  0.9252161 252.8029 
  0.8081675 254.067 
  0.3357233 255.3373 
  0.03631543 256.614 
  -0.1288455 257.8971 
  -0.1774341 259.1866 
  0.06256032 260.4825 
  -0.01083578 261.7849 
  -0.06339751 263.0938 
  -0.1296866 264.4093 
  0.8102211 265.7313 
  0.9105981 263.0938 
  0.9415097 260.4825 
  0.9715416 257.8971 
  0.9722623 256.614 
  0.9675359 255.3373 
  0.9789883 254.067 
  0.9750788 254.067 
  0.9689355 254.067 
  0.9746778 254.067 
  0.9797261 255.3373 
  0.9719075 257.8971 
  0.9798411 259.1866 
  0.9820927 261.7849 
  0.9784443 265.7313 
  0.9498366 269.7372 
  0.9370688 275.1726 
  0.9665771 280.7175 
  0.9764525 287.806 
  0.9806151 292.1447 
  0.9897496 296.5488 
  0.9867818 298.0316 
  0.9857587 299.5217 
  0.9907507 301.0193 
  0.9995123 302.5244 
  0.9991978 302.5244 
  0.9973944 302.5244 
  0.9928077 302.5244 
  0.9846414 302.5244 
  0.9322829 302.5244 
  0.814638 302.5244 
  0.7857418 302.5244 
  0.1887352 301.0193 
  -0.05446718 301.0193 
  -0.03703918 299.5217 
  0.3352953 298.0316 
  0.782723 295.0734 
  0.9196315 290.6912 
  0.991146 286.3741 
  0.9951962 284.9493 
  0.9943647 282.1211 
  0.9874672 279.3209 
  0.9758633 273.8036 
  0.9522216 269.7372 
  0.9475054 264.4093 
  0.9007761 256.614 
  0.4144033 252.8029 
  0.03075373 250.2938 
  -0.02418926 247.8095 
  0.03371634 245.3498 
  0.3204195 242.9146 
  0.4285245 240.5036 
  0.231616 240.5036 
  0.0776154 239.307 
  0.5488294 234.5801 
  0.9472494 234.5801 
  0.9839162 236.9318 
  0.9898342 239.307 
  0.9952904 239.307 
  0.9960676 239.307 
  0.9849687 238.1164 
  0.9348164 236.9318 
  0.8803308 232.2518 
  0.8046951 228.8026 
  0.8165712 227.6642 
  0.456534 228.8026 
  0.209739 231.0963 
  0.03033158 231.0963 
  -0.00757822 226.5316 
  0.07184045 218.7592 
  0.1620398 216.5879 
  0.2456774 223.1673 
  0.1322657 223.1673 
  0.4711379 227.6642 
  0.7773719 229.9466 
  0.9804191 231.0963 
  0.9719524 233.4131 
  0.9492062 235.753 
  0.9448025 240.5036 
  0.9705392 244.1292 
  0.9849484 246.5766 
  0.9363141 247.8095 
  0.8965239 247.8095 
  0.4437377 257.8971 
  0.9631778 269.7372 
  0.9822834 273.8036 
  0.9894801 276.5485 
  0.992362 279.3209 
  0.9947468 282.1211 
  0.9983317 283.5317 
  0.9990923 284.9493 
  0.9987241 286.3741 
  0.9985979 286.3741 
  0.9987681 286.3741 
  0.998352 286.3741 
  0.9941758 286.3741 
  0.9889091 283.5317 
  0.9826341 280.7175 
  0.9805192 277.9312 
  0.9918745 276.5485 
  1.000445 275.1726 
  0.9987652 272.4414 
  0.9971997 269.7372 
  0.9958699 267.06 
  0.9927101 263.0938 
  0.9900116 259.1866 
  0.8827383 254.067 
  0.9389367 249.0485 
  0.9457281 245.3498 
  0.9691837 241.7061 
  0.9859474 239.307 
  0.9965528 236.9318 
  0.9954137 236.9318 
  0.995026 236.9318 
  0.992539 238.1164 
  0.9901477 239.307 
  0.9610894 242.9146 
  0.9640061 246.5766 
  0.9832354 250.2938 
  0.9718937 250.2938 
  0.9371597 249.0485 
  0.8696229 249.0485 
  0.3704917 249.0485 
  -0.06488577 249.0485 
  -0.2230768 249.0485 
  -0.175004 249.0485 
  0.2002036 249.0485 
  0.4573822 249.0485 
  0.7602717 247.8095 
  0.8982439 244.1292 
  0.9792706 240.5036 
  0.9946526 238.1164 
  0.9901223 234.5801 
  0.990306 232.2518 
  0.9930464 229.9466 
  0.9934011 228.8026 
  0.9946578 227.6642 
  0.9965689 226.5316 
  0.9970902 225.4046 
  0.9979932 225.4046 
  0.9996639 224.2832 
  1.000078 224.2832 
  0.9996271 224.2832 
  0.9994082 223.1673 
  0.9946697 222.057 
  0.9871562 220.9523 
  0.9924476 218.7592 
  0.8093765 214.4382 
  0.3985656 204.0054 
  0.4449311 198.9809 
  0.7259454 196.0257 
  0.1925906 188.3582 
  0.6011288 186.4887 
  0.46224 188.3582 
  0.4546109 194.0801 
  0.2295735 204.0054 
  0.4869141 215.5104 
  0.9329107 218.7592 
  0.9892297 218.7592 
  0.950928 218.7592 
  0.9062674 219.853 
  0.7567553 220.9523 
  0.9924647 223.1673 
  0.9869696 224.2832 
  0.9114698 226.5316 
  0.7052233 229.9466 
  0.432922 233.4131 
  0.3616918 236.9318 
  0.785273 241.7061 
  0.5746714 226.5316 
  0.8404763 222.057 
  0.9837106 222.057 
  0.9795245 222.057 
  0.980943 220.9523 
  0.9842185 220.9523 
  0.9402552 224.2832 
  0.8740978 229.9466 
  0.8751593 234.5801 
  0.8542438 236.9318 
  0.8924735 236.9318 
  0.3746454 234.5801 
  0.1356799 233.4131 
  -0.1076814 233.4131 
  -0.007012421 233.4131 
  0.1205559 233.4131 
  0.06701206 233.4131 
  0.1257451 233.4131 
  0.008334849 233.4131 
  -0.02182453 233.4131 
  0.1833067 233.4131 
  0.07872429 233.4131 
  0.05907198 233.4131 
  0.6325981 233.4131 
  0.7514964 228.8026 
  0.9403275 224.2832 
  0.9864688 219.853 
  0.993793 217.6709 
  0.9957737 216.5879 
  0.9969755 216.5879 
  0.9976432 216.5879 
  0.9798499 216.5879 
  0.9605528 218.7592 
  0.9447692 216.5879 
  0.9698179 214.4382 
  0.9867435 212.3098 
  0.9957673 211.2535 
  0.9971769 211.2535 
  0.9961346 211.2535 
  0.9938279 211.2535 
  0.9927766 211.2535 
  0.9924664 212.3098 
  0.9834149 213.3714 
  0.9633367 217.6709 
  0.9593543 223.1673 
  0.9807411 226.5316 
  0.9704598 226.5316 
  0.9553573 223.1673 
  0.8507589 219.853 
  0.2140067 216.5879 
  -0.2867645 213.3714 
  -0.2512423 210.2025 
  -0.03259034 207.0808 
  0.07330172 204.0054 
  0.1360492 200.9756 
  0.1672998 197.9909 
  0.09692881 195.0505 
  0.1115559 192.1537 
  -0.02003594 189.3 
  0.2767638 186.4887 
  0.6199514 186.4887 
  0.8348348 184.6377 
  0.7490941 179.1942 
  0.6932282 173.046 
  0.9077513 167.1087 
  0.9603771 163.8079 
  0.9778702 162.9929 
  0.9530708 162.9929 
  0.8998563 164.6269 
  0.9248083 166.2773 
  0.963482 168.784 
  0.9491434 170.476 
  0.8814652 172.185 
  0.8175591 173.9112 
  0.7373151 174.7808 
  0.6739844 174.7808 
  0.6117733 174.7808 
  0.4778131 174.7808 
  0.2766321 174.7808 
  0.236108 174.7808 
  0.1635341 174.7808 
  0.004244997 174.7808 
  0.06063482 174.7808 
  0.05826201 174.7808 
  -0.08584227 174.7808 ]
