 [
  0.07969169 255.3373 
  -0.2096549 255.3373 
  -0.01983649 255.3373 
  -0.1317219 255.3373 
  -0.1450421 255.3373 
  0.09935407 255.3373 
  0.2039542 255.3373 
  -0.1833054 255.3373 
  -0.02631801 255.3373 
  -0.1122539 255.3373 
  0.09042646 255.3373 
  0.1801147 255.3373 
  0.3983664 255.3373 
  0.2803484 255.3373 
  0.5653059 255.3373 
  0.5172083 255.3373 
  0.7748387 249.0485 
  0.9188448 247.8095 
  0.9892442 247.8095 
  0.9960994 249.0485 
  0.9969602 249.0485 
  0.9951788 250.2938 
  0.9920605 251.5452 
  0.987783 254.067 
  0.9930898 255.3373 
  0.9755495 255.3373 
  0.8168472 251.5452 
  0.4777429 239.307 
  0.5860651 218.7592 
  0.005037897 207.0808 
  0.2599238 212.3098 
  0.4170515 215.5104 
  0.5596451 218.7592 
  0.6246161 222.057 
  0.7800465 225.4046 
  0.5261552 228.8026 
  -0.03151209 232.2518 
  -0.1901955 235.753 
  -0.09341891 238.1164 
  0.0640348 240.5036 
  0.1015025 242.9146 
  0.002156654 245.3498 
  -0.1241554 247.8095 
  -0.133122 250.2938 
  -0.01206959 252.8029 
  0.006518814 255.3373 
  0.7989349 257.8971 
  0.8790919 255.3373 
  0.9022983 250.2938 
  0.9741169 244.1292 
  0.9756165 240.5036 
  0.9766087 235.753 
  0.981645 233.4131 
  0.9725829 229.9466 
  0.9750144 227.6642 
  0.9600139 225.4046 
  0.9316414 222.057 
  0.8936808 215.5104 
  0.9525748 213.3714 
  0.8943272 213.3714 
  0.8901956 214.4382 
  0.9375019 215.5104 
  0.9442956 217.6709 
  0.9418229 219.853 
  0.9760867 219.853 
  0.9785736 220.9523 
  0.9923763 222.057 
  0.9994448 223.1673 
  0.9988112 223.1673 
  0.9981971 224.2832 
  0.9988842 225.4046 
  0.9945436 226.5316 
  0.9907076 227.6642 
  0.9893483 229.9466 
  0.9923711 231.0963 
  0.993838 233.4131 
  0.9967244 234.5801 
  0.9971493 235.753 
  0.9981954 236.9318 
  0.9970475 236.9318 
  0.9865807 235.753 
  0.9711455 233.4131 
  0.9494811 232.2518 
  0.8889595 232.2518 
  0.711567 232.2518 
  0.4113698 232.2518 
  0.5579066 232.2518 
  0.5643417 232.2518 
  0.9052975 231.0963 
  0.9489346 228.8026 
  0.9580088 225.4046 
  0.9674132 219.853 
  0.9752432 215.5104 
  0.97076 211.2535 
  0.9557732 209.1568 
  0.880538 209.1568 
  0.7188066 210.2025 
  0.08983301 211.2535 
  0.08694738 212.3098 
  -0.07224836 213.3714 
  0.1678567 214.4382 
  0.08617222 215.5104 
  0.03228354 216.5879 
  -0.09090988 218.7592 
  -0.1766556 219.853 
  -0.260471 222.057 
  -0.1000259 224.2832 
  -0.03128843 225.4046 
  0.2620749 226.5316 
  0.8163599 226.5316 
  0.811115 216.5879 
  0.9477913 214.4382 
  0.992239 213.3714 
  0.9918506 212.3098 
  0.992154 210.2025 
  0.994932 209.1568 
  0.9898969 209.1568 
  0.9923464 208.1162 
  0.9764701 207.0808 
  0.977157 205.0254 
  0.9726586 201.9805 
  0.9100749 198.9809 
  0.9285797 194.0801 
  0.8906421 192.1537 
  0.4085535 192.1537 
  0.0737306 192.1537 
  0.1019473 192.1537 
  0.03076308 192.1537 
  0.1394767 192.1537 
  0.08370915 192.1537 
  0.001436342 193.1145 
  0.005982243 194.0801 
  0.08764832 195.0505 
  0.1041411 196.0257 
  0.03781438 197.0059 
  -0.03586 197.9909 
  -0.1427341 198.9809 
  -0.2232596 199.9758 
  -0.04368649 200.9756 
  -0.02466961 201.9805 
  -0.1207784 201.9805 
  -0.2527893 201.9805 
  -0.06636856 201.9805 
  -0.06871089 201.9805 
  -0.2935615 201.9805 
  0.07006517 201.9805 
  0.01115553 201.9805 
  0.6097677 201.9805 
  0.4646452 201.9805 
  0.5414325 201.9805 
  0.6635866 201.9805 
  0.9460791 201.9805 
  0.9613371 201.9805 
  0.9385576 201.9805 
  0.8824816 202.9904 
  0.8946058 204.0054 
  0.9517941 201.9805 
  0.9752856 201.9805 
  0.998407 201.9805 
  0.9974176 200.9756 
  0.9967719 199.9758 
  0.9958853 197.9909 
  0.9927841 196.0257 
  0.9952016 194.0801 
  0.9919757 191.1978 
  0.9905139 188.3582 
  0.9858332 185.5609 
  0.9697379 180.9906 
  0.97685 177.4156 
  0.9923579 174.7808 
  0.9894657 172.185 
  0.9637614 169.6279 
  0.9192981 166.2773 
  0.9036812 163.8079 
  0.7438229 162.182 
  0.4198812 162.182 
  0.05850831 162.9929 
  0.1115538 163.8079 
  0.05533615 164.6269 
  0.04677505 165.4501 
  -0.04334278 166.2773 
  0.009423936 167.1087 
  0.4182524 168.784 
  0.7110643 169.6279 
  0.6983328 170.476 
  0.8179531 171.3284 
  0.8776142 172.185 
  0.8772572 172.185 
  0.5604507 172.185 
  0.2954175 172.185 
  0.108916 172.185 
  -0.2131162 172.185 
  0.2542844 172.185 
  0.2260479 172.185 
  0.2077217 172.185 
  -0.1859848 172.185 
  -0.0175257 172.185 
  -0.1448854 172.185 
  -0.1032594 172.185 
  0.005581415 172.185 
  -0.05755743 172.185 
  -0.1012077 172.185 
  -0.2145008 172.185 ]
