 [
  0.4140294 244.1292 
  0.4559123 244.1292 
  0.2839255 244.1292 
  0.3406072 244.1292 
  0.004198602 244.1292 
  0.04768917 244.1292 
  -0.2226429 244.1292 
  -0.3125214 244.1292 
  0.06117279 244.1292 
  0.1702776 244.1292 
  0.1658696 244.1292 
  0.1376924 244.1292 
  -0.006438768 244.1292 
  -0.08043929 244.1292 
  0.00273239 244.1292 
  0.04093163 244.1292 
  0.06748132 244.1292 
  0.06900712 242.9146 
  -0.06066365 241.7061 
  -0.03487147 240.5036 
  -0.1164795 239.307 
  0.04717005 239.307 
  0.386176 239.307 
  0.805864 239.307 
  0.8769103 233.4131 
  0.9644877 231.0963 
  0.9892246 227.6642 
  0.9919051 226.5316 
  0.9958972 225.4046 
  0.9970123 225.4046 
  0.9966818 224.2832 
  0.9960978 224.2832 
  0.996664 223.1673 
  0.9954514 223.1673 
  0.9862363 224.2832 
  0.9723774 227.6642 
  0.9650102 231.0963 
  0.9434335 231.0963 
  0.909633 233.4131 
  0.6099816 235.753 
  -0.01375072 238.1164 
  -0.07865567 240.5036 
  -0.2114524 242.9146 
  -0.2506551 245.3498 
  -0.1354254 247.8095 
  -0.1263316 250.2938 
  -0.1793071 252.8029 
  -0.04878793 255.3373 
  0.02686951 257.8971 
  0.3181587 260.4825 
  0.2179004 263.0938 
  -0.1038641 265.7313 
  -0.4097523 268.3953 
  -0.4292582 271.0859 
  -0.06719334 273.8036 
  0.7068464 276.5485 
  0.8475635 279.3209 
  0.9034814 272.4414 
  0.9505691 267.06 
  0.9795844 261.7849 
  0.9913282 256.614 
  0.9923486 254.067 
  0.9743069 250.2938 
  0.9796695 246.5766 
  0.9916179 245.3498 
  0.9963769 245.3498 
  0.9958797 246.5766 
  0.9817601 247.8095 
  0.9797311 250.2938 
  0.977094 252.8029 
  0.9733865 255.3373 
  0.9865401 257.8971 
  0.9877592 260.4825 
  0.9930296 263.0938 
  0.9908156 265.7313 
  0.99262 267.06 
  0.9953988 269.7372 
  0.991497 272.4414 
  0.9902545 273.8036 
  0.9918193 276.5485 
  0.9936631 277.9312 
  0.9945376 279.3209 
  0.9970976 280.7175 
  0.99409 282.1211 
  0.9761988 283.5317 
  0.9624988 286.3741 
  0.9437859 290.6912 
  0.849527 290.6912 
  0.4343522 287.806 
  0.3313122 284.9493 
  0.06937772 279.3209 
  -0.04318335 273.8036 
  0.1318878 267.06 
  -0.05605073 256.614 
  -0.03982696 241.7061 
  0.2808681 232.2518 
  0.7312397 232.2518 
  0.8972399 231.0963 
  0.9871987 229.9466 
  0.9906632 228.8026 
  0.995275 227.6642 
  0.9978332 228.8026 
  1.000817 228.8026 
  1.000775 228.8026 
  1.0001 227.6642 
  0.9899403 226.5316 
  0.8950822 227.6642 
  0.8828915 225.4046 
  0.9513801 220.9523 
  0.9780084 217.6709 
  0.9582039 213.3714 
  0.9634567 210.2025 
  0.9764483 206.0505 
  0.9820491 202.9904 
  0.9743662 200.9756 
  0.9691288 197.9909 
  0.9807643 195.0505 
  0.9891604 192.1537 
  0.9918503 190.2465 
  0.9912983 189.3 
  0.9775195 189.3 
  0.9568842 188.3582 
  0.9040468 188.3582 
  0.8374498 189.3 
  0.8550744 191.1978 
  0.8644587 193.1145 
  0.6850505 195.0505 
  0.1325263 197.0059 
  -0.01709064 198.9809 
  -0.1170769 200.9756 
  -0.04794864 202.9904 
  -0.05765396 205.0254 
  -0.1117307 207.0808 
  0.01047399 209.1568 
  0.120481 210.2025 
  0.08687089 211.2535 
  0.03365906 212.3098 
  0.03056324 214.4382 
  0.02912001 216.5879 
  0.01457099 218.7592 
  0.1485575 219.853 
  0.2327974 220.9523 
  0.8592096 222.057 
  0.3622286 223.1673 
  0.08390303 224.2832 
  0.02035299 220.9523 
  0.06954837 215.5104 
  0.314366 209.1568 
  0.6263111 205.0254 
  0.923399 202.9904 
  0.9853861 204.0054 
  0.9835044 206.0505 
  0.9903147 207.0808 
  0.9912617 208.1162 
  0.9902299 209.1568 
  0.9808867 210.2025 
  0.9878516 212.3098 
  0.9941782 212.3098 
  0.9956504 212.3098 
  0.9887714 212.3098 
  0.9670985 214.4382 
  0.9675247 217.6709 
  0.9729102 220.9523 
  0.9765513 223.1673 
  0.9828979 226.5316 
  0.967212 227.6642 
  0.9509032 229.9466 
  0.8847329 232.2518 
  0.9021464 234.5801 
  0.4534278 236.9318 
  -0.3167877 239.307 
  0.1322509 241.7061 
  -0.01756802 244.1292 
  0.2074439 246.5766 
  0.03554656 249.0485 
  0.158291 251.5452 
  0.2209673 254.067 
  0.009560728 255.3373 
  0.09354953 256.614 
  0.1061295 257.8971 
  0.005103302 259.1866 
  -0.1421834 260.4825 
  0.395662 261.7849 
  0.4961263 263.0938 
  0.6293817 255.3373 
  0.9177065 250.2938 
  0.9943518 249.0485 
  0.9958081 251.5452 
  0.9974838 252.8029 
  0.9929074 254.067 
  0.9790825 252.8029 
  0.9588054 252.8029 
  0.7151344 251.5452 
  0.1688533 250.2938 
  0.3085333 249.0485 
  0.3214661 247.8095 
  0.16852 246.5766 
  -0.02640397 244.1292 
  -0.02423571 241.7061 
  -0.006816848 239.307 
  0.2275322 238.1164 
  0.04988683 236.9318 
  -0.07606369 235.753 
  -0.1926131 234.5801 
  -0.06605232 233.4131 
  0.06535217 232.2518 
  0.1186 231.0963 
  0.5094403 229.9466 
  -0.21421 228.8026 
  -0.02761512 227.6642 
  0.4072112 226.5316 
  0.3780947 225.4046 
  0.03796291 224.2832 
  0.06127072 223.1673 
  0.1609129 222.057 
  0.6609204 220.9523 
  0.8153357 214.4382 
  0.9062924 208.1162 
  0.9539582 204.0054 
  0.9885545 200.9756 
  0.9901056 197.9909 
  0.9808882 195.0505 
  0.9828284 192.1537 
  0.9859673 189.3 
  0.9906168 186.4887 
  0.9926896 184.6377 
  0.9929202 183.7191 
  0.9956734 181.8956 
  0.997878 180.9906 
  0.9948944 180.9906 
  0.9841674 180.0902 
  0.9731981 180.0902 
  0.9617852 180.9906 
  0.9929349 183.7191 
  0.9968802 184.6377 
  0.9991822 185.5609 
  0.995045 186.4887 
  0.9840102 189.3 
  0.9904264 192.1537 
  0.9996315 193.1145 
  0.9982911 193.1145 
  0.9916261 193.1145 
  0.9823601 193.1145 
  0.9718862 194.0801 
  0.9255595 195.0505 
  0.8422982 197.0059 
  0.6177222 198.9809 
  0.410091 200.9756 
  0.06591902 202.9904 
  0.1083756 206.0505 
  0.03932427 208.1162 
  0.1967184 210.2025 
  0.002249162 212.3098 
  0.1446947 215.5104 
  0.03672604 217.6709 
  0.09564617 219.853 
  -0.09791785 222.057 
  -0.006330948 225.4046 
  0.2819032 228.8026 
  0.3719864 231.0963 
  0.476472 232.2518 
  0.3349582 232.2518 
  0.8266417 231.0963 
  0.7532499 227.6642 
  0.6814132 216.5879 
  0.8513154 208.1162 
  0.8723016 201.9805 
  0.7200283 197.9909 
  0.6905606 194.0801 
  0.2880334 191.1978 
  0.7581151 187.4211 
  0.8412877 186.4887 
  0.9423097 185.5609 
  0.9872974 186.4887 
  0.9876139 185.5609 
  0.9896401 185.5609 
  0.9858832 185.5609 
  0.9784166 186.4887 
  0.9809467 188.3582 
  0.9787292 191.1978 
  0.9688789 195.0505 
  0.9739413 197.0059 
  0.9812186 197.0059 
  0.9880945 197.9909 
  0.9906823 197.9909 
  0.9873009 199.9758 
  0.9842071 201.9805 
  0.9893423 204.0054 
  0.9907464 205.0254 
  0.9931762 205.0254 
  0.992337 205.0254 
  0.9918927 206.0505 
  0.9956375 207.0808 
  0.9921423 208.1162 
  0.9829791 209.1568 
  0.9869812 211.2535 
  0.9910764 213.3714 
  0.98952 213.3714 
  0.9660592 213.3714 
  0.9441161 212.3098 
  0.8781221 212.3098 
  0.7883904 211.2535 
  0.926313 211.2535 
  0.8984523 211.2535 
  0.9180447 211.2535 
  0.9504071 211.2535 
  0.9473379 212.3098 
  0.9513238 213.3714 
  0.3672754 214.4382 
  0.726055 215.5104 
  0.8581092 215.5104 
  0.9692333 214.4382 
  0.9938685 212.3098 
  0.9966773 210.2025 
  0.9985391 210.2025 
  0.998274 209.1568 
  0.9972245 208.1162 
  0.9973146 208.1162 
  0.9989707 207.0808 
  0.9984498 205.0254 
  0.9952546 202.9904 
  0.9928894 200.9756 
  0.9911882 198.9809 
  0.9834026 197.0059 
  0.9707968 195.0505 
  0.9617201 194.0801 
  0.9674081 193.1145 
  0.9783664 193.1145 
  0.9835318 194.0801 
  0.9914406 195.0505 
  0.9971802 196.0257 
  0.9965479 196.0257 
  0.9975079 195.0505 
  0.9998934 195.0505 
  0.9995385 195.0505 
  0.9977793 195.0505 
  0.9935675 194.0801 
  0.9859972 192.1537 
  0.9687062 191.1978 
  0.9330544 191.1978 
  0.924356 191.1978 
  0.9212245 191.1978 
  0.885781 191.1978 
  0.94072 191.1978 
  0.9579148 191.1978 
  0.968435 192.1537 
  0.9899619 194.0801 
  0.9976692 195.0505 
  0.9999706 196.0257 
  0.9989724 196.0257 
  0.998365 196.0257 
  1.00102 195.0505 
  1.000696 195.0505 
  1.000359 195.0505 
  1.000754 195.0505 
  1.000571 194.0801 
  0.9969272 193.1145 
  0.9932672 191.1978 
  0.9892164 189.3 
  0.9903803 186.4887 
  0.992913 184.6377 
  0.9909228 181.8956 
  0.9903114 180.0902 
  0.9863095 177.4156 
  0.966576 173.9112 
  0.960196 171.3284 
  0.9843663 168.784 
  0.9824013 165.4501 
  0.9818663 162.182 
  0.9694523 158.9785 
  0.9775469 155.8383 
  0.9643462 152.7601 
  0.9469302 152.0001 
  0.7256653 152.0001 
  0.09203603 156.6175 
  0.3370242 162.182 
  0.2642537 167.1087 
  0.1693466 171.3284 
  0.04539233 173.046 
  0.07618633 173.9112 
  0.3575378 173.9112 
  0.4755698 173.9112 
  0.4189524 174.7808 
  0.4539711 174.7808 
  0.6030716 173.9112 
  0.7374492 172.185 
  0.6246608 171.3284 
  0.345912 171.3284 
  0.02990153 171.3284 
  0.009662119 171.3284 
  0.07932581 171.3284 
  0.1839882 171.3284 
  -0.07417631 171.3284 
  0.01214516 171.3284 
  -0.1231343 171.3284 
  -0.1594468 171.3284 
  0.006267025 171.3284 ]
