 [
  0.168278 129.5776 
  -0.0265595 129.5776 
  0.1377364 129.5776 
  0.08156635 129.5776 
  -0.08183245 129.5776 
  -0.07761514 129.5776 
  -0.2378695 129.5776 
  0.1688104 129.5776 
  -0.2799086 129.5776 
  -0.5836914 129.5776 
  -0.2328858 129.5776 
  -0.3025271 129.5776 
  0.03586355 129.5776 
  0.2929643 129.5776 
  0.3152684 129.5776 
  0.2755842 129.5776 
  0.2920553 130.2255 
  0.2377481 129.5776 
  0.515689 128.9329 
  0.5774413 132.8496 
  0.7184233 133.5138 
  0.9319707 133.5138 
  0.9559692 132.1886 
  0.9705138 132.1886 
  0.9418542 132.8496 
  0.9750964 134.1814 
  0.9685697 134.1814 
  0.9595214 134.8523 
  0.9285333 136.2042 
  0.9242563 136.8852 
  0.9451306 137.5696 
  0.9352097 136.8852 
  0.9472176 137.5696 
  0.967234 137.5696 
  0.9837648 137.5696 
  0.9901902 138.2575 
  0.9924172 137.5696 
  0.9923614 137.5696 
  0.9801731 138.2575 
  0.963966 139.6435 
  0.9484189 138.9488 
  0.9436207 139.6435 
  0.94647 140.3417 
  0.9542051 140.3417 
  0.9503853 139.6435 
  0.9728121 138.2575 
  0.991752 138.2575 
  0.9902161 138.2575 
  0.9920879 137.5696 
  0.993221 136.8852 
  0.9832178 136.2042 
  0.9862799 136.2042 
  0.9860335 136.2042 
  0.9727339 135.5266 
  0.8946799 134.1814 
  0.8581036 132.8496 
  0.8140532 130.2255 
  0.7994423 126.3862 
  0.8104756 123.8897 
  0.8481442 123.2734 
  0.8698982 122.6601 
  0.4385785 122.6601 
  0.7047294 122.6601 
  0.864767 122.0498 
  0.9149946 120.8384 
  0.9626573 119.0438 
  0.9668146 116.1118 
  0.982137 114.3874 
  0.9783051 113.2521 
  0.9467207 111.5702 
  0.8684435 109.3664 
  0.7675685 107.7421 
  0.746189 106.142 
  0.3896732 106.6728 
  0.2898726 107.7421 
  0.06169495 108.8223 
  -0.04774629 110.4628 
  -0.08769565 112.6886 
  0.01671033 114.9594 
  -0.018088 117.2759 
  0.01169873 119.639 
  0.08447073 121.4426 
  -0.05654593 123.8897 
  0.04366174 125.7574 
  -0.126629 127.6532 
  0.3440489 129.5776 
  0.6015446 128.2915 
  0.6990095 128.9329 
  0.8816392 128.9329 
  0.7894709 127.6532 
  0.7705952 125.7574 
  0.8368438 125.1317 
  0.7426562 127.0181 
  0.8945501 128.9329 
  0.9227065 130.2255 
  0.8267158 130.8766 
  0.641793 130.8766 
  0.6429391 122.6601 
  0.4160848 121.4426 
  0.3165757 122.0498 
  0.3571308 122.6601 
  -0.0482401 123.2734 
  0.2039208 123.8897 
  -0.1184783 124.5092 
  -0.002831061 125.1317 
  0.01534951 125.1317 
  0.6594161 125.7574 
  0.7878872 125.1317 
  0.8607845 123.8897 
  0.8332934 121.4426 
  0.786246 119.0438 
  0.6692986 114.9594 
  0.1623035 113.2521 
  -0.1485046 113.2521 
  0.1191239 113.2521 
  0.07118751 113.2521 
  0.1555044 113.2521 
  0.09982254 113.2521 
  0.15138 113.2521 
  0.1649261 113.8184 
  0.0156996 114.3874 
  0.1967621 114.9594 
  0.1522951 114.9594 
  0.448306 115.5342 
  0.5694353 116.1118 
  0.8804359 116.1118 
  0.9770977 114.9594 
  0.9915433 113.8184 
  0.9931391 113.2521 
  0.9857118 112.6886 
  0.9233806 111.5702 
  0.9081231 110.4628 
  0.9230169 109.9132 
  0.9993043 110.4628 
  0.9983419 111.0151 
  0.9979232 111.5702 
  0.9971298 112.128 
  0.9961305 113.2521 
  0.9899781 114.3874 
  0.629887 116.6924 
  0.7670492 117.2759 
  0.7913788 116.6924 
  0.8991646 116.1118 
  0.9805076 114.9594 
  0.903155 116.1118 
  0.8969943 117.2759 
  0.966673 117.8622 
  0.9780999 116.6924 
  0.970753 116.1118 
  0.8961118 115.5342 
  0.795298 114.3874 
  0.6041678 112.6886 
  0.9841874 113.2521 
  0.9861143 113.2521 
  0.9749856 112.128 
  0.9804766 111.0151 
  0.9590454 109.3664 
  0.8999384 108.2809 
  0.7445214 107.2061 
  0.1841829 106.6728 
  -0.03969125 106.6728 
  0.5576298 105.0885 
  0.7822648 105.0885 
  0.9281409 104.0455 
  0.8860993 103.0128 
  0.9339958 101.4829 
  0.9026677 99.97575 
  0.8632343 98.491 
  0.9173586 97.02828 
  0.9511554 96.06523 
  0.8999231 96.06523 
  0.8522304 96.06523 
  0.8182331 96.06523 
  0.8900841 97.02828 
  0.9333036 97.51342 
  0.9402791 98.00098 
  0.8578591 98.98344 
  0.8291303 100.4756 
  0.7490143 101.9903 
  0.4690301 103.5278 
  0.2679482 105.0885 
  -0.039201 106.6728 
  0.04233024 108.2809 
  0.07815274 110.4628 
  -0.07172888 112.6886 
  -0.08735838 114.9594 
  0.1164347 117.2759 
  0.001492903 119.639 
  0.0523187 122.0498 
  -0.2183652 124.5092 
  -0.108304 127.0181 
  0.07439257 129.5776 
  0.6835001 132.8496 
  0.2006268 122.0498 
  0.394418 114.9594 
  0.6866035 112.6886 
  0.824414 111.0151 
  0.9155297 109.9132 
  0.9552866 109.3664 
  0.9225352 108.8223 
  0.8679391 108.2809 
  0.8190008 107.2061 
  0.9020892 105.614 
  0.8418412 103.5278 
  0.7253795 103.5278 
  0.7388465 104.5657 
  0.795909 106.142 
  0.7614198 108.2809 
  0.8249229 107.7421 
  0.8262457 106.142 
  0.9417353 104.5657 
  0.948967 103.5278 
  0.9247268 103.0128 
  0.9515037 101.9903 
  0.9505728 101.4829 
  0.9817924 100.4756 
  0.9925237 99.47836 
  0.9809755 98.98344 
  0.9901381 98.00098 
  0.9905479 97.51342 
  0.9391972 97.51342 
  0.7900075 98.00098 
  0.8749937 98.00098 
  0.9590839 97.51342 
  0.9778779 97.02828 
  0.9842222 96.54556 
  0.9407805 96.54556 
  0.7547705 95.5873 
  0.6557176 94.1677 
  0.9216572 94.1677 
  0.9247433 93.6992 
  0.8221605 92.30766 
  0.7615103 90.48434 
  0.6139668 87.8167 
  0.1664721 84.80367 
  -0.05832928 81.4866 
  -0.2356695 78.29926 
  0.04593522 75.2366 
  0.2374738 72.29374 
  -0.2788679 69.46598 
  0.2597266 66.74884 
  -0.2128873 64.13797 
  0.1659566 61.62923 
  -0.01402272 59.21862 
  0.09944481 56.90229 
  -0.08071972 54.67657 
  0.2273972 52.27652 
  0.4280953 52.01644 
  0.4609367 52.53791 
  0.5165012 52.53791 
  0.562937 52.80059 
  0.3716675 52.53791 
  0.5141304 50.98899 
  0.5094635 50.98899 
  0.5465676 50.73531 
  0.529027 50.98899 
  0.2160032 50.23174 
  0.250086 50.23174 
  0.2063939 50.73531 
  0.3550959 50.98899 
  0.4188061 50.73531 
  0.3836356 50.48289 
  0.4672378 50.73531 
  0.3879545 50.98899 
  0.2102354 51.50015 
  0.3362713 53.0646 
  0.4571735 53.59657 
  0.6512038 53.86455 
  0.6602186 53.86455 
  0.7743749 54.13387 
  0.5250216 54.40454 
  0.2954516 54.67657 
  0.1502729 54.67657 
  -0.04627173 54.94995 
  0.002740239 55.2247 
  0.04773846 55.2247 
  0.04010325 55.2247 
  0.2082239 55.2247 
  0.259265 55.2247 
  0.3615685 55.2247 
  0.06796716 54.94995 
  0.0156458 54.67657 
  0.213749 54.40454 
  0.4197235 54.40454 
  0.0920807 54.40454 
  0.01471406 54.40454 
  -0.1588158 54.40454 
  0.06514739 54.40454 
  -0.3969685 54.40454 
  -0.2725728 54.40454 
  -0.05707493 54.40454 
  0.1078245 54.40454 
  -0.003589515 54.40454 
  -0.1089808 54.40454 
  -0.2845185 54.40454 
  -0.3338916 54.40454 
  0.008030664 54.40454 
  0.3204472 54.40454 
  0.1223013 54.40454 
  -0.1137505 54.40454 ]
