 [
  -0.1361203 137.5696 
  -0.1183397 137.5696 
  0.1039189 137.5696 
  -0.292093 137.5696 
  -0.4753121 137.5696 
  -0.4224809 137.5696 
  -0.1862377 137.5696 
  -0.119367 137.5696 
  -0.1419151 137.5696 
  -0.1158735 137.5696 
  -0.1893885 137.5696 
  -0.2103091 137.5696 
  -0.1561634 137.5696 
  -0.1249977 137.5696 
  -0.1909251 137.5696 
  -0.6466132 137.5696 
  0.8166159 136.8852 
  0.8595698 135.5266 
  0.7060281 141.0434 
  0.4417169 151.2439 
  0.6656076 158.1876 
  0.8736687 162.9929 
  0.9675306 166.2773 
  0.9592818 168.784 
  0.9429339 171.3284 
  0.9526413 173.9112 
  0.9580482 174.7808 
  0.9356851 174.7808 
  0.6419082 169.6279 
  -0.272553 164.6269 
  -0.152648 159.7734 
  -0.06766967 155.063 
  -0.1408443 150.4914 
  -0.1289565 146.0546 
  -0.03832039 141.7487 
  -0.06140184 137.5696 
  -0.1016527 133.5138 
  0.1564702 129.5776 
  -0.1166242 125.7574 
  -0.04814238 122.0498 
  -0.01574273 118.4515 
  -0.01660035 114.9594 
  0.05340513 111.5702 
  0.145282 108.2809 
  0.02115624 105.0885 
  0.7950259 103.5278 
  0.9589527 103.0128 
  0.8390079 100.978 
  0.9119618 98.98344 
  0.9811735 98.00098 
  0.9812232 98.00098 
  0.9750008 98.00098 
  0.8595713 97.02828 
  0.9404156 96.54556 
  0.9269702 96.06523 
  0.9182457 95.5873 
  0.9341128 94.63854 
  0.9403348 94.1677 
  0.897309 93.6992 
  0.755485 92.7692 
  0.6683261 92.7692 
  0.1054039 90.93677 
  0.3610866 91.39146 
  0.2515199 92.30766 
  0.8821386 93.6992 
  0.9093312 92.7692 
  0.9562496 91.84841 
  0.9837421 90.93677 
  0.9906602 90.03418 
  0.9895071 89.58624 
  0.9909704 89.58624 
  0.9714271 89.14054 
  0.9072444 89.14054 
  0.9123909 89.14054 
  0.9149591 87.8167 
  0.7456602 86.51251 
  0.6759742 85.2277 
  0.3365707 84.80367 
  -0.3394418 86.51251 
  -0.387233 88.25578 
  -0.5952549 90.48434 
  -0.5104892 92.7692 
  -0.3007916 95.11173 
  -0.2736925 97.51342 
  -0.386433 99.97575 
  0.6028028 101.9903 
  0.8725564 104.5657 
  0.6265333 110.4628 
  0.5113667 116.1118 
  0.549635 119.639 
  0.6243591 123.8897 
  0.4946605 128.9329 
  0.6793866 136.2042 
  0.7659245 141.7487 
  0.7293425 146.0546 
  0.6631697 153.5239 
  0.787703 159.7734 
  0.9127777 166.2773 
  0.9133344 170.476 
  0.9643201 173.046 
  0.9260535 173.9112 
  0.8401397 170.476 
  0.5901915 160.5723 
  0.2132743 151.2439 
  0.003561527 143.1697 
  -0.1427518 135.5266 
  0.2785038 128.2915 
  -0.06514306 122.0498 
  -0.147458 115.5342 
  0.1619128 109.3664 
  0.7669129 104.0455 
  0.8771028 101.4829 
  0.9485302 99.47836 
  0.8344998 97.51342 
  0.857572 94.63854 
  0.6489278 92.7692 
  0.04791008 92.7692 
  0.1851634 92.7692 
  -0.05131631 92.7692 
  -0.04751834 92.7692 
  -0.08020723 92.7692 
  -0.1818772 92.7692 
  0.2461876 92.7692 
  0.5687482 92.7692 
  0.8186713 92.7692 
  0.9385881 92.7692 
  0.8104832 92.7692 
  0.6714935 91.39146 
  0.7869853 91.84841 
  0.870996 90.48434 
  0.9757698 89.58624 
  0.9381969 89.14054 
  0.9522815 88.25578 
  0.9371874 88.25578 
  0.952594 87.8167 
  0.927596 88.25578 
  0.9098769 88.69706 
  0.9466003 89.58624 
  0.9354047 89.58624 
  0.7674741 89.14054 
  0.04298213 90.48434 
  -0.02133459 91.39146 
  -0.270917 92.7692 
  0.3915898 94.1677 
  0.7492835 96.06523 
  0.4666668 91.84841 
  0.6247477 89.14054 
  0.1306274 89.14054 
  0.08024599 89.14054 
  -0.3415244 89.58624 
  -0.6529801 90.03418 
  -0.3800299 90.48434 
  0.2556202 90.93677 
  0.7674913 91.84841 
  0.3491767 91.84841 
  0.4319488 88.25578 
  0.8783777 86.0821 
  0.6803631 85.2277 
  0.1638674 83.96195 
  0.4395464 85.2277 
  0.3323802 87.8167 
  0.7059762 87.3798 
  0.5282497 88.69706 
  0.3920402 81.08118 
  0.2523361 75.99085 
  0.7764638 77.13642 
  0.6291428 77.13642 
  0.4781094 77.13642 
  0.6496905 83.54424 
  0.5641959 92.30766 
  0.5778511 110.4628 
  0.7196544 128.9329 
  0.8085938 132.8496 
  0.9073771 134.8523 
  0.8447646 136.2042 
  0.6957924 135.5266 
  0.4348325 133.5138 
  0.9783371 132.8496 
  0.9738727 132.1886 
  0.9456806 130.2255 
  0.408179 127.6532 
  0.7037005 122.6601 
  0.732672 120.2372 
  0.75022 117.8622 
  0.7917095 113.2521 
  0.8437434 110.4628 
  0.7939727 107.7421 
  0.8203349 105.0885 
  0.6776689 103.5278 
  0.2496357 103.0128 
  0.3241309 102.5003 
  0.323118 101.9903 
  -0.1915231 100.978 
  -0.1340764 100.4756 
  0.1361045 99.97575 
  0.04999514 99.47836 
  0.1045539 98.98344 
  -0.1469236 98.491 
  0.6445154 97.51342 
  0.7773857 98.491 
  0.9313407 98.98344 
  0.8285806 98.98344 
  0.6715957 97.51342 
  0.4884086 95.11173 
  0.9149962 95.5873 
  0.6954746 96.54556 
  0.03922716 98.98344 
  -0.429013 102.5003 
  -0.3857614 106.142 
  0.3302685 109.9132 
  0.04698256 113.8184 
  0.09252035 117.8622 
  0.1254166 122.0498 
  0.07778548 127.0181 
  0.1013862 131.531 
  0.4472267 135.5266 
  0.3696291 138.2575 
  0.2836416 140.3417 
  0.3370169 141.7487 
  0.5705444 143.1697 
  0.861461 148.9977 
  0.9046972 151.2439 
  0.8964509 152.7601 
  0.7425036 155.8383 
  0.6683214 160.5723 
  0.8545486 167.1087 
  0.8629196 170.476 
  0.9227282 173.046 
  0.9750821 175.6547 
  0.9771048 176.533 
  0.8613744 173.9112 
  0.7834082 168.784 
  0.6728881 161.3751 
  0.554468 155.8383 
  0.2693513 147.5188 
  0.1861628 136.8852 
  0.2524522 125.7574 
  0.06026908 115.5342 
  0.48282 99.97575 
  0.6990217 95.11173 
  0.5486915 91.84841 
  0.6982405 88.69706 
  0.7690284 88.25578 
  0.8682008 86.94508 
  0.9304662 85.65383 
  0.8898432 84.80367 
  0.8945124 83.54424 
  0.8426614 84.38177 
  0.6828747 82.71502 
  0.7498831 81.4866 
  0.9132698 80.6778 
  0.9509323 79.87703 
  0.9703051 79.47963 
  0.9772764 79.47963 
  0.9625865 79.08421 
  0.9421091 79.47963 
  0.8895228 79.47963 
  0.8718146 79.87703 
  0.7896734 79.08421 
  0.7855853 79.08421 
  0.8544279 77.5221 
  0.6391036 75.99085 
  0.5774482 75.2366 
  0.8519514 77.13642 
  0.9854543 77.13642 
  0.967068 77.90971 
  0.9658083 78.69076 
  0.8569264 79.87703 
  0.7894965 79.87703 
  0.8824812 80.27641 
  0.8746198 79.47963 
  0.9912691 78.69076 
  0.9906224 78.69076 
  0.9881789 78.69076 
  0.9882296 78.69076 
  0.964827 79.08421 
  0.9572842 79.47963 
  0.9300267 79.87703 
  0.9221079 80.27641 
  0.9161955 80.6778 
  0.8945938 81.08118 
  0.7332218 81.4866 
  0.8485053 83.12859 
  0.9392337 83.96195 
  0.7872947 84.80367 
  0.2300937 86.94508 
  -0.03096849 89.14054 
  -0.05027312 91.39146 
  0.04059909 93.6992 
  0.1859332 96.06523 
  -0.06910802 98.491 
  0.0652925 100.978 
  0.2093782 103.5278 
  -0.08268681 106.142 
  -0.1035046 108.8223 
  0.06871774 111.5702 
  -0.05835836 114.3874 
  -0.0008687722 117.2759 
  -0.07221993 120.2372 
  0.06305876 123.2734 
  0.2019271 127.0181 
  0.822848 136.8852 
  0.9371335 137.5696 
  0.9659352 137.5696 
  0.9499221 136.8852 
  0.9543 136.8852 
  0.9386181 136.8852 
  0.902257 138.2575 
  0.894347 140.3417 
  0.9201266 142.4574 
  0.7841777 140.3417 
  0.7510513 137.5696 
  0.3266987 134.8523 
  0.09317835 132.1886 
  0.07438591 129.5776 
  0.02423274 126.3862 
  0.08238234 123.2734 
  -0.1118258 119.639 
  0.006529885 116.1118 
  0.03106053 112.6886 
  -0.07932559 109.3664 
  -0.01603233 106.142 
  0.01650648 103.0128 
  -0.0224396 99.97575 
  0.04215428 97.51342 
  0.01822365 95.11173 
  0.006645684 92.7692 
  0.2864042 90.48434 
  0.4864606 87.8167 
  0.7680862 85.2277 
  0.4671471 81.89403 
  0.5479981 79.08421 
  0.5829072 79.08421 
  0.906767 77.5221 
  0.7962392 76.3708 
  0.8376372 75.2366 
  0.8210155 74.86229 
  0.9088381 74.48985 
  0.8787689 74.11925 
  0.974887 73.01849 
  0.9762585 73.01849 
  0.9925859 73.01849 
  0.9572802 73.38358 
  0.966695 74.11925 
  0.8448312 74.48985 
  0.7969085 74.86229 
  0.6196397 73.7505 
  0.8980941 73.01849 
  0.9368382 73.01849 
  0.9640637 73.01849 
  0.9841323 73.01849 
  0.9753128 73.01849 
  0.9708736 72.6552 
  0.9803803 72.6552 
  0.9701657 72.29374 
  0.9714294 72.29374 
  0.9059521 72.6552 
  0.8545793 72.6552 
  0.8686255 71.57619 
  0.887797 71.57619 
  0.9536698 70.86576 
  0.8927394 71.22009 
  0.8865411 71.22009 
  0.9081825 71.22009 
  0.9311241 70.86576 
  0.9030076 71.22009 
  0.9439738 71.57619 
  0.9684803 71.93407 
  0.9713283 71.93407 
  0.9653361 71.57619 
  0.920274 71.22009 
  0.8866755 70.51319 
  0.89223 70.16238 
  0.9643087 69.81332 
  0.9844872 69.81332 
  0.9931911 69.81332 
  0.9927621 69.81332 
  0.9307387 69.81332 
  0.6967748 69.81332 
  0.09627791 69.81332 
  -0.1164775 70.16238 
  0.01494289 70.16238 
  0.01986805 70.16238 
  0.04167942 70.16238 
  0.07704462 70.16238 
  -0.07376967 70.16238 
  -0.1607559 70.16238 
  -0.2031722 70.16238 
  -0.1187869 70.16238 
  -0.09561939 70.16238 
  -0.08179226 70.16238 
  -0.05701962 70.16238 
  0.0571503 70.16238 
  0.198601 70.16238 
  0.41638 70.16238 
  0.3619289 70.16238 
  -0.0202398 70.16238 
  0.1092845 70.16238 
  -0.06530029 70.16238 
  0.0373017 70.16238 
  -0.06228359 70.16238 
  -0.2503616 70.16238 
  -0.2238822 70.16238 
  -0.3437229 70.16238 
  -0.111851 70.16238 
  -0.1375892 70.16238 ]
