 [
  -0.01992904 173.046 
  -0.1340923 173.046 
  -0.02186515 173.046 
  -0.007401999 173.046 
  0.07107928 173.046 
  -0.1095488 173.046 
  -0.129736 173.046 
  -0.2082657 173.046 
  -0.355307 173.046 
  -0.2449691 173.046 
  -0.122359 173.046 
  -0.04978314 173.046 
  0.03587053 173.046 
  0.2154072 173.046 
  0.2958746 173.046 
  0.05379251 173.046 
  0.1414538 173.046 
  0.09305552 172.185 
  0.2632303 172.185 
  0.2399344 171.3284 
  0.2791462 169.6279 
  0.2279781 168.784 
  0.1898664 168.784 
  0.4494914 170.476 
  0.8197238 169.6279 
  0.8865508 167.1087 
  0.9549963 165.4501 
  0.9161981 160.5723 
  0.9329268 158.1876 
  0.96457 155.063 
  0.9917359 154.2915 
  0.9967649 153.5239 
  0.9940525 154.2915 
  0.9822952 154.2915 
  0.9484819 155.8383 
  0.9475737 158.1876 
  0.9081514 158.9785 
  0.8577365 158.1876 
  0.8221084 159.7734 
  0.7238581 159.7734 
  0.9423452 158.9785 
  0.7902025 158.1876 
  0.2936148 158.1876 
  0.2063859 157.4006 
  0.1077797 156.6175 
  0.1849164 155.8383 
  0.4938387 155.8383 
  0.910073 155.063 
  0.9541017 153.5239 
  0.9795159 152.7601 
  0.9831909 151.2439 
  0.9718055 148.9977 
  0.9312438 146.7849 
  0.9104148 143.8855 
  0.9179233 139.6435 
  0.9052058 138.2575 
  0.9724101 138.2575 
  0.9735049 137.5696 
  0.9778516 136.2042 
  0.9756441 134.1814 
  0.9859944 132.1886 
  0.9859013 130.2255 
  0.9900053 128.2915 
  0.9958597 127.0181 
  0.9974848 126.3862 
  0.9530389 125.7574 
  0.822882 125.7574 
  0.3405281 126.3862 
  -0.08820689 127.0181 
  0.805979 127.6532 
  -0.0686326 128.2915 
  0.05055706 128.9329 
  0.1768008 129.5776 
  0.2322357 130.2255 
  -0.02833032 130.8766 
  -0.1810265 132.1886 
  -0.153674 133.5138 
  0.05533176 134.8523 
  0.2535678 136.2042 
  0.2459881 136.8852 
  0.04970558 137.5696 
  -0.1263456 137.5696 
  0.7048032 137.5696 
  0.7952465 134.8523 
  0.9249214 133.5138 
  0.9884382 131.531 
  0.9856884 130.2255 
  0.9709174 128.9329 
  0.9546923 127.0181 
  0.956179 124.5092 
  0.9724765 122.6601 
  0.9617087 122.0498 
  0.9039936 122.6601 
  0.6040394 124.5092 
  0.01260094 127.0181 
  0.09131057 129.5776 
  0.1306853 132.1886 
  -0.03313596 134.8523 
  -0.003233018 137.5696 
  0.1103224 140.3417 
  0.3250794 143.1697 
  0.1836867 146.0546 
  0.6656825 148.9977 
  0.8491562 147.5188 
  0.9505104 148.9977 
  0.9430723 149.7427 
  0.9620508 151.2439 
  0.9903125 152.7601 
  0.9918597 154.2915 
  0.9956332 155.063 
  0.9982889 155.8383 
  0.9991469 156.6175 
  0.9959372 156.6175 
  0.9990125 157.4006 
  0.9964879 157.4006 
  0.9981114 158.1876 
  0.9993041 158.1876 
  0.9993553 158.1876 
  0.9995928 158.1876 
  1.002375 158.1876 
  0.9997636 158.1876 
  0.9999152 158.1876 
  0.9998096 158.1876 
  0.9989718 157.4006 
  0.9997506 157.4006 
  0.9981252 156.6175 
  0.9969054 156.6175 
  0.9882143 155.8383 
  0.9756874 155.8383 
  0.970697 155.8383 
  0.9983816 155.8383 
  0.9967923 155.8383 
  0.9975057 155.063 
  0.9994695 154.2915 
  0.9991862 153.5239 
  0.997556 152.7601 
  0.9961607 152.0001 
  0.9766094 150.4914 
  0.8920216 148.2564 
  0.8086058 145.328 
  0.8279286 143.1697 
  0.6388803 143.1697 
  0.2657603 143.1697 
  0.05659565 143.1697 
  0.2452615 143.8855 
  0.2249658 144.605 
  0.1680703 145.328 
  -0.05282878 146.0546 
  0.04139362 146.7849 
  -0.07547286 147.5188 
  -0.01318928 148.2564 
  0.1525195 148.9977 
  0.1150765 149.7427 
  -0.1747524 150.4914 
  0.06346817 151.2439 
  0.1169893 152.0001 
  0.1598568 152.7601 
  0.1579347 153.5239 
  0.1534253 154.2915 
  0.2045071 155.063 
  0.5943258 155.063 
  0.7705801 154.2915 
  0.7732425 150.4914 
  0.9350465 148.2564 
  0.9703532 146.0546 
  0.9335546 144.605 
  0.943749 142.4574 
  0.8598822 140.3417 
  0.7811387 138.2575 
  -0.08144972 136.8852 
  0.1286727 136.2042 
  -0.1139484 134.8523 
  0.4308383 133.5138 
  -0.0002147926 132.8496 
  0.02604201 132.1886 
  0.05602518 131.531 
  0.0222107 130.2255 
  -0.02069589 128.9329 
  -0.01613977 127.6532 
  -0.1306569 126.3862 
  -0.2125978 125.1317 
  -0.01288624 123.2734 
  0.1687035 121.4426 
  0.265969 127.0181 
  0.440788 129.5776 
  0.6646329 132.1886 
  -0.1718827 132.8496 
  0.2048743 133.5138 
  -0.1672615 134.1814 
  0.09287133 134.8523 
  -0.01694158 135.5266 
  -0.3495731 136.2042 
  -0.1173393 136.2042 
  -0.1200811 136.2042 
  0.01387935 136.2042 
  0.3998458 136.2042 
  0.7203537 136.2042 
  0.8637647 134.8523 
  0.9430247 132.8496 
  0.9240955 132.1886 
  0.9087974 131.531 
  0.975436 131.531 
  0.9487656 130.8766 
  0.8500586 130.8766 
  0.7224255 131.531 
  0.3414972 132.1886 
  0.06876175 133.5138 
  0.0402168 134.8523 
  0.03073356 136.2042 
  0.09630948 137.5696 
  0.1774945 138.9488 
  -0.004746015 140.3417 
  0.005034617 141.7487 
  0.3929668 143.1697 
  0.7217257 143.8855 
  0.658875 141.7487 
  0.693966 141.7487 
  0.8339944 138.9488 
  0.9081384 137.5696 
  0.9016905 136.8852 
  0.9195637 134.8523 
  0.9091986 133.5138 
  0.830124 133.5138 
  0.7392864 134.1814 
  0.6578969 134.8523 
  0.6626408 135.5266 
  0.846308 136.2042 
  0.949317 136.2042 
  0.9486099 135.5266 
  0.9700227 134.8523 
  0.9688635 133.5138 
  0.9704667 132.8496 
  0.9864609 131.531 
  0.9873475 130.8766 
  0.9870048 130.8766 
  0.9827164 130.8766 
  0.9824873 130.8766 
  0.9742587 130.2255 
  0.9802001 129.5776 
  0.9819646 128.9329 
  0.9795269 128.2915 
  0.987712 127.6532 
  0.9915177 127.0181 
  0.9893525 126.3862 
  0.9809856 125.7574 
  0.972303 125.7574 
  0.9639477 126.3862 
  0.9588363 127.0181 
  0.9181289 127.0181 
  0.8895497 126.3862 
  0.8234265 124.5092 
  0.6953971 123.8897 
  0.066418 124.5092 
  0.2965413 125.1317 
  0.3290023 126.3862 
  0.1845756 127.6532 
  0.1774995 128.9329 
  0.188021 130.2255 
  0.07318372 131.531 
  0.0375359 132.8496 
  0.05751453 134.1814 
  -0.05595495 135.5266 
  0.01842835 136.8852 
  0.6716889 138.2575 
  0.545095 138.9488 
  0.4884346 139.6435 
  0.05614171 138.9488 
  -0.2790761 138.2575 
  -0.1431849 137.5696 
  0.009572752 136.8852 
  -0.2208579 136.8852 
  -0.1145782 136.8852 
  -0.07543854 136.8852 
  0.2683069 136.8852 
  0.2359263 136.8852 
  0.2728918 136.8852 
  0.01669293 136.8852 
  -0.01029572 136.8852 
  0.05918078 136.8852 
  0.1334192 136.8852 
  0.2407459 136.8852 
  0.2183612 136.8852 
  -0.008476685 136.8852 ]
