 [
  0.03195542 117.8622 
  0.05325788 117.8622 
  0.1127511 117.8622 
  0.2170754 117.8622 
  -0.07737292 117.8622 
  -0.2487576 117.8622 
  -0.1154212 117.8622 
  -0.1035101 117.8622 
  -0.220535 117.8622 
  0.1138666 117.8622 
  -0.02531263 117.8622 
  -0.06982445 117.8622 
  0.1402679 118.4515 
  0.1733272 119.639 
  0.7759133 122.0498 
  0.6615396 116.1118 
  0.8630829 113.2521 
  0.9070287 113.2521 
  0.9245712 114.9594 
  0.9262319 116.1118 
  0.9486812 117.2759 
  0.9529378 119.0438 
  0.9910108 120.2372 
  0.9895326 119.639 
  0.9887293 119.639 
  0.9748883 119.639 
  0.9693889 119.639 
  0.9623828 119.0438 
  0.9724823 117.8622 
  0.9794698 117.2759 
  0.9909223 116.1118 
  0.9855831 115.5342 
  0.9859864 114.9594 
  0.9819427 113.8184 
  0.9652639 112.6886 
  0.9710625 111.5702 
  0.9883284 111.0151 
  0.9737675 112.128 
  0.9459013 113.2521 
  0.928699 115.5342 
  0.9436475 117.8622 
  0.9419104 119.639 
  0.9464415 120.8384 
  0.9646319 122.0498 
  0.9752904 122.0498 
  0.9928824 122.6601 
  0.9880735 123.2734 
  0.9819483 123.8897 
  0.9820262 124.5092 
  0.9824455 125.1317 
  0.9941732 125.7574 
  0.994902 125.7574 
  0.9922397 125.1317 
  0.9849763 124.5092 
  0.9625499 123.2734 
  0.8990653 121.4426 
  0.8699392 119.0438 
  0.8566952 116.1118 
  0.8006594 112.6886 
  0.8087211 107.7421 
  0.9317613 104.0455 
  0.9079802 101.9903 
  0.9106071 99.97575 
  0.9394693 98.491 
  0.890892 96.54556 
  0.9495314 95.11173 
  0.957073 94.1677 
  0.9761257 93.23304 
  0.9764545 92.7692 
  0.9852868 91.84841 
  0.9958684 91.39146 
  0.9924804 91.39146 
  0.9905694 91.39146 
  0.9785026 90.93677 
  0.9881118 90.93677 
  0.9833726 90.93677 
  0.9871155 91.39146 
  0.9876271 91.84841 
  0.9566064 91.84841 
  0.9197985 90.48434 
  0.8946282 89.14054 
  0.8502585 88.25578 
  0.8885767 88.25578 
  0.8672351 88.69706 
  0.7412353 89.58624 
  0.4843042 90.93677 
  0.4642791 92.30766 
  0.7450354 93.6992 
  0.3846163 94.1677 
  0.3982619 92.30766 
  0.8014401 91.84841 
  0.7607547 93.6992 
  0.1717092 96.54556 
  -0.4216605 99.47836 
  0.1080006 102.5003 
  -0.03775718 105.614 
  0.1794809 108.8223 
  0.2653292 111.5702 
  0.2542828 113.2521 
  0.04616078 115.5342 
  0.7874984 115.5342 
  0.325528 106.6728 
  0.6071538 105.614 
  0.9717482 105.0885 
  0.971046 104.0455 
  0.9724559 102.5003 
  0.8885369 101.4829 
  0.8706371 99.97575 
  0.9343052 99.47836 
  0.8568186 99.47836 
  0.7335253 98.491 
  0.3301224 98.491 
  -0.002687207 98.491 
  -0.1184452 98.98344 
  -0.04659987 99.47836 
  -0.171814 99.47836 
  -0.07473435 99.47836 
  -0.1053027 98.98344 
  0.1249958 98.491 
  0.03862133 98.491 
  -0.2586261 98.00098 
  0.5371024 98.00098 
  0.7681183 98.00098 
  0.9925097 98.00098 
  0.9888989 97.51342 
  0.9636022 97.02828 
  0.9194619 95.5873 
  0.8848996 94.1677 
  0.7618409 92.7692 
  0.3901778 93.6992 
  0.5179061 98.00098 
  0.7288296 101.4829 
  0.8421454 99.97575 
  0.9464473 98.491 
  0.9362181 98.00098 
  0.912814 96.54556 
  0.8455665 94.63854 
  0.7682482 92.7692 
  0.8204956 89.58624 
  0.717369 88.69706 
  0.6680983 90.03418 
  0.4729606 92.30766 
  0.8824525 93.6992 
  0.9102522 94.63854 
  0.9307989 94.1677 
  0.959554 94.63854 
  0.8537414 93.23304 
  0.8287544 92.30766 
  0.9571535 92.30766 
  0.9623946 91.84841 
  0.9076976 90.93677 
  0.6787733 91.39146 
  0.1966648 92.7692 
  -0.0900981 94.63854 
  0.03331599 96.54556 
  0.04992519 98.491 
  0.1857156 99.97575 
  0.7372885 105.614 
  0.4914497 99.47836 
  0.7898926 96.54556 
  0.9139038 95.5873 
  0.378215 100.4756 
  0.4604332 100.978 
  0.33228 99.47836 
  0.4136915 99.97575 
  0.5256705 101.4829 
  0.8086116 100.4756 
  0.8526714 100.4756 
  0.9734473 99.97575 
  0.9492232 99.47836 
  0.9058777 98.98344 
  0.8438249 98.491 
  0.7245231 97.02828 
  0.3556869 97.02828 
  0.1508344 97.51342 
  0.3735267 98.491 
  -0.2307397 98.98344 
  0.1313343 99.47836 
  0.1732699 100.4756 
  0.1547712 100.4756 
  0.05018308 99.47836 
  0.01755955 98.00098 
  0.2994603 96.54556 
  0.7713283 96.54556 
  0.8615786 96.06523 
  0.894926 95.11173 
  0.9021887 93.6992 
  0.8601619 92.30766 
  0.4626191 90.03418 
  0.6249543 86.0821 
  0.5823622 90.93677 
  0.3453537 92.30766 
  0.1582421 93.6992 
  0.1651767 95.5873 
  0.09166359 97.51342 
  0.03665886 99.47836 
  0.07608338 100.978 
  0.1069734 102.5003 
  0.1661381 104.0455 
  -0.05828904 105.614 
  -0.1194727 107.2061 
  0.02199226 108.8223 
  -0.02353509 110.4628 
  0.7364547 113.2521 
  0.3357664 103.0128 
  0.8619859 103.5278 
  0.9164987 103.5278 
  0.910548 101.4829 
  0.9729081 100.4756 
  0.9802908 100.4756 
  0.9783086 100.4756 
  0.9047208 100.978 
  0.9154473 101.4829 
  0.8489223 100.978 
  0.7284886 99.47836 
  0.8021556 97.02828 
  0.8299547 96.54556 
  0.7963604 97.02828 
  0.5782377 98.00098 
  0.8367849 99.47836 
  0.8684902 101.9903 
  0.4459289 99.47836 
  0.6782222 98.00098 
  0.4632785 99.47836 
  0.5146075 101.4829 
  0.6304593 103.0128 
  0.5408322 101.9903 
  0.2260144 104.0455 
  0.1953605 106.142 
  0.329411 107.2061 
  0.06118522 108.2809 
  -0.2073246 109.3664 
  -0.2153825 110.4628 
  -0.0297696 111.5702 
  0.1798747 112.6886 
  0.3175555 113.8184 
  0.1218358 114.9594 
  0.1003054 116.6924 
  0.1659798 118.4515 
  0.7442655 120.2372 
  0.241045 119.639 
  -0.02447186 113.2521 
  0.5500798 109.3664 
  0.7029071 107.7421 
  0.1315804 106.6728 
  0.4414435 105.614 
  -0.1013211 104.5657 
  -0.2319831 103.5278 
  -0.02927504 102.5003 
  -0.1558214 101.4829 
  -0.01308997 100.4756 
  0.05864897 99.47836 
  0.2179336 98.98344 
  0.5484474 98.00098 
  0.3606685 97.02828 
  0.7652186 98.491 
  0.9799634 98.491 
  0.9429537 97.51342 
  0.9417094 96.54556 
  0.9322343 95.11173 
  0.9349634 94.1677 
  0.9150958 93.23304 
  0.8679636 93.23304 
  0.6388587 93.23304 
  0.3917289 92.30766 
  0.3883488 90.93677 
  -0.01586329 90.03418 
  0.8036139 90.93677 
  0.4204267 91.84841 
  -0.2985131 92.7692 
  0.1389954 93.23304 
  -0.07797027 93.6992 
  -0.1003651 94.63854 
  0.1831492 95.5873 
  -0.1937627 96.54556 
  -0.3314191 97.02828 
  -0.1120347 97.51342 
  -0.1362256 98.00098 
  -0.1564133 98.491 
  0.03975884 98.98344 
  0.6900089 99.47836 
  0.5032704 99.97575 
  0.443678 94.63854 
  0.9693841 93.23304 
  0.9857948 92.7692 
  0.9760333 92.30766 
  0.9654667 91.84841 
  0.8670199 90.93677 
  0.8392553 90.03418 
  0.8431745 90.48434 
  0.880828 91.39146 
  0.922822 91.84841 
  0.9333742 92.30766 
  0.9378766 91.84841 
  0.94761 91.84841 
  0.9220226 90.48434 
  0.9593459 89.14054 
  0.9830449 88.69706 
  0.9860383 88.69706 
  0.9304204 89.58624 
  0.9233465 90.48434 
  0.9474725 90.93677 
  0.9434168 90.93677 
  0.9445843 90.93677 
  0.9612974 91.39146 
  0.9639246 91.84841 
  0.9911104 91.84841 
  0.9840927 91.39146 
  0.9871736 91.39146 
  0.9462724 92.30766 
  0.9311116 92.30766 
  0.9206028 92.30766 
  0.911691 91.84841 
  0.9061083 91.84841 
  0.9425344 90.93677 
  0.9548553 90.48434 
  0.9781561 90.48434 
  0.9879473 90.48434 
  0.9933899 90.93677 
  0.9960036 90.93677 
  0.9926198 90.93677 
  0.9754446 91.39146 
  0.9813568 91.84841 
  0.982522 91.84841 
  0.9858214 91.84841 
  0.9868535 91.84841 
  0.9790403 91.84841 
  0.9738861 92.30766 
  0.9862756 92.7692 
  0.9773371 91.84841 
  0.9771186 91.84841 
  0.8831894 91.39146 
  0.765058 91.84841 
  0.8267571 92.30766 
  0.9209815 92.30766 
  0.9180684 92.30766 
  0.9034319 92.7692 
  0.8458936 91.39146 
  0.8357493 89.14054 
  0.4970521 88.25578 
  0.1103107 87.8167 
  0.1775216 87.3798 
  0.2516057 87.3798 
  0.008055806 88.25578 
  0.1099678 88.69706 
  0.2518625 89.14054 
  0.1545109 89.58624 
  -0.1042017 90.03418 
  -0.2283023 90.48434 
  -0.06977316 90.93677 
  -0.005766364 91.39146 
  -0.1117676 92.30766 
  0.1293528 93.23304 
  0.3341637 94.1677 
  0.5361001 94.63854 
  0.277154 94.63854 
  0.4869105 94.63854 
  0.1817524 94.63854 
  0.2390115 94.63854 
  0.2237798 94.63854 
  0.6136726 94.63854 
  0.6359611 94.63854 
  0.6651728 94.63854 
  0.4817637 94.63854 
  0.4802434 94.63854 
  0.0948927 94.63854 
  -0.2213353 94.63854 
  0.1442867 94.63854 
  0.2066018 94.63854 
  0.08251217 94.63854 
  0.4632964 94.63854 
  0.2793989 94.63854 
  -0.2992611 94.63854 
  -0.2742442 94.63854 
  -0.3197894 94.63854 
  -0.3074293 94.63854 
  -0.1943293 94.63854 
  -0.3365712 94.63854 
  0.07064249 94.63854 
  -0.02576184 94.63854 
  -0.2101865 94.63854 
  -0.2181974 94.63854 
  -0.5538977 94.63854 
  -0.2533788 94.63854 
  -0.5716056 94.63854 
  -0.3582329 94.63854 
  -0.0743628 94.63854 
  -0.25632 94.63854 
  -0.1010094 94.63854 
  -0.139807 94.63854 
  -0.1968324 94.63854 
  -0.2589616 94.63854 
  -0.1920964 94.63854 
  -0.1646683 94.63854 
  -0.1120912 94.63854 
  0.003212583 94.63854 
  0.1042267 94.63854 
  -0.07048111 94.63854 
  -0.2730525 94.63854 
  -0.06768773 94.63854 
  0.02012227 94.63854 
  0.03443752 94.63854 
  0.1112397 94.63854 
  0.1673161 94.63854 
  0.1096496 94.63854 
  -0.01491809 94.63854 
  -0.01558321 94.63854 
  0.07007077 94.63854 
  0.16134 94.63854 
  0.09701392 94.63854 
  0.180833 94.63854 
  0.1747734 94.63854 
  0.2301566 94.63854 
  0.1476635 94.63854 
  -0.07647208 94.63854 
  -0.1207216 94.63854 
  0.03399524 94.63854 
  0.1729141 94.63854 
  0.3430682 94.63854 
  0.2650235 94.63854 
  0.1850682 94.63854 
  0.1770284 94.63854 
  0.05689949 94.63854 
  0.09210317 94.63854 
  0.126556 94.63854 
  0.1612179 94.63854 
  -0.09104252 94.63854 
  -0.07299929 94.63854 
  -0.1284273 94.63854 
  -0.1919375 94.63854 
  -0.1577305 94.63854 
  -0.07453876 94.63854 
  -0.08160732 94.63854 
  0.1002079 94.63854 
  0.2414635 94.63854 
  0.01344669 94.63854 
  0.1198464 94.63854 
  0.3672663 94.63854 
  0.1478246 94.63854 
  -0.1849565 94.63854 
  -0.226875 94.63854 
  -0.2283324 94.63854 
  -0.1626957 94.63854 
  0.01917562 94.63854 
  0.01085845 94.63854 
  0.02412827 94.63854 
  0.1175266 94.63854 
  -0.04631318 94.63854 
  -0.1838401 94.63854 
  -0.1859025 94.63854 
  -0.2207771 94.63854 
  -0.04407816 94.63854 
  -0.06445567 94.63854 
  -0.1869531 94.63854 
  -0.1618855 94.63854 
  0.06638277 94.63854 
  -0.05605982 94.63854 
  -0.09367524 94.63854 
  -0.2787527 94.63854 
  -0.1063463 94.63854 
  0.1118863 94.63854 
  0.2955234 94.63854 
  0.1571236 94.63854 
  0.001045294 94.63854 
  0.09295378 94.63854 
  0.1246527 94.63854 
  0.1813949 94.63854 
  -0.1951296 94.63854 
  -0.1027712 94.63854 
  -0.1699039 94.63854 
  -0.1567046 94.63854 
  -0.05626609 94.63854 
  -0.03055361 94.63854 
  0.06719793 94.63854 
  0.08862365 94.63854 
  0.1366304 94.63854 
  -0.1083364 94.63854 
  -0.1734938 94.63854 
  -0.1523907 94.63854 
  -0.1710609 94.63854 
  -0.1516932 94.63854 
  -0.05612619 94.63854 
  -0.1003116 94.63854 
  -0.2145636 94.63854 
  0.02423262 94.63854 
  0.02424518 94.63854 
  -0.2672189 94.63854 
  -0.2466493 94.63854 
  -0.03644686 94.63854 ]
