 [
  -0.2405609 142.4574 
  -0.01508025 142.4574 
  -0.02515765 142.4574 
  -0.01677626 142.4574 
  0.01381918 142.4574 
  -0.05782204 142.4574 
  -0.06171944 142.4574 
  -0.2254951 142.4574 
  -0.1490462 142.4574 
  0.4444699 142.4574 
  0.5996104 142.4574 
  0.4453749 142.4574 
  0.4710831 142.4574 
  0.5846548 142.4574 
  0.5795217 141.7487 
  0.4895027 141.7487 
  0.8192787 138.9488 
  0.9122462 137.5696 
  0.9845467 136.8852 
  0.9904914 137.5696 
  0.9716489 136.8852 
  0.9567865 136.2042 
  0.9614661 134.8523 
  0.9476148 134.8523 
  0.9341105 136.2042 
  0.96703 136.8852 
  0.9210839 135.5266 
  0.8576202 134.1814 
  0.7625948 130.2255 
  0.8241078 128.2915 
  0.9564887 127.0181 
  0.9157192 125.7574 
  0.9442226 125.1317 
  0.9575801 124.5092 
  0.988348 123.8897 
  0.9963623 122.6601 
  0.993875 121.4426 
  0.9926414 120.2372 
  0.9898664 119.639 
  0.9559507 119.0438 
  0.8739778 120.2372 
  0.604628 121.4426 
  0.2223144 122.6601 
  0.7718841 123.8897 
  0.5927337 125.1317 
  -0.009395191 126.3862 
  -0.08961261 127.6532 
  0.1072462 128.9329 
  0.4890366 130.2255 
  0.1850974 131.531 
  0.05434582 132.8496 
  0.07644341 134.8523 
  0.02298091 136.2042 
  0.1083064 136.8852 
  0.04255573 138.2575 
  -0.005164087 140.3417 
  -0.1241209 142.4574 
  -0.06818972 144.605 
  0.2217751 146.7849 
  0.8101869 148.9977 
  0.872332 149.7427 
  0.9462082 150.4914 
  0.9180073 150.4914 
  0.9141225 148.9977 
  0.8767528 148.2564 
  0.8496898 148.2564 
  0.9228301 146.7849 
  0.9354164 146.0546 
  0.964087 145.328 
  0.9803175 144.605 
  0.9909111 145.328 
  0.9883421 144.605 
  0.9669908 143.8855 
  0.9436743 143.8855 
  0.8820474 145.328 
  0.9742047 147.5188 
  0.9648311 148.2564 
  0.9701054 150.4914 
  0.9843049 152.7601 
  0.9839425 155.063 
  0.9878749 157.4006 
  0.991637 159.7734 
  0.9974153 161.3751 
  0.9974341 162.9929 
  0.9957401 163.8079 
  0.9924917 165.4501 
  0.9855391 167.1087 
  0.9888036 169.6279 
  0.9873881 171.3284 
  0.9873774 172.185 
  0.985708 172.185 
  0.9689364 171.3284 
  0.889733 170.476 
  0.642633 169.6279 
  0.2820458 168.784 
  0.07437596 167.1087 
  -0.07953402 166.2773 
  -0.119189 164.6269 
  -0.1004953 162.9929 
  0.008828084 161.3751 
  -0.1305109 159.7734 
  -0.3801807 158.1876 
  -0.483994 156.6175 
  -0.3060544 155.063 
  -0.1985468 153.5239 
  -0.1482409 152.0001 
  -0.1710018 150.4914 
  -0.1699357 149.7427 
  -0.3185552 148.9977 
  -0.2862823 148.2564 
  -0.1314567 147.5188 
  -0.1838623 146.7849 
  -0.01627412 146.0546 
  0.02921757 145.328 
  0.1626417 144.605 
  0.00223391 143.8855 
  0.008407441 143.1697 
  0.02389073 142.4574 
  -0.01728217 141.7487 
  0.08129989 141.0434 
  0.681266 139.6435 
  0.8447803 138.9488 
  0.8346573 135.5266 
  0.9237621 133.5138 
  0.9769593 132.8496 
  0.9705733 132.1886 
  0.9846249 131.531 
  0.9880675 131.531 
  0.9835767 131.531 
  0.9828627 131.531 
  0.9746378 131.531 
  0.9737226 132.1886 
  0.9538473 132.1886 
  0.8942121 133.5138 
  0.9345906 134.8523 
  0.926775 135.5266 
  0.840217 134.8523 
  0.8101275 135.5266 
  0.6484464 135.5266 
  -0.01957081 134.8523 
  0.505128 134.8523 
  0.5344155 138.9488 
  0.9189755 145.328 
  0.9837919 147.5188 
  0.9632187 150.4914 
  0.9819946 152.7601 
  0.9815068 155.063 
  0.9665921 155.8383 
  0.9585024 156.6175 
  0.9706103 157.4006 
  0.9763111 157.4006 
  0.9649501 157.4006 
  0.9653941 158.1876 
  0.9451431 158.9785 
  0.8884431 159.7734 
  0.5669469 160.5723 
  0.2949166 160.5723 
  -0.2883991 161.3751 
  -0.2179766 162.182 
  -0.1329108 162.9929 
  -0.06645306 163.8079 
  0.01124987 164.6269 
  -0.1987962 165.4501 
  -0.06092524 166.2773 
  -0.09346052 167.1087 
  -0.1058392 167.9442 
  -0.1792883 168.784 
  -0.2385026 169.6279 
  -0.136456 170.476 
  0.0006074663 171.3284 
  -0.08276325 172.185 
  0.0976801 173.046 
  -0.2694357 173.9112 
  0.02660215 174.7808 
  -0.01945436 175.6547 
  -0.0901506 175.6547 
  -0.1775465 175.6547 
  -0.0601152 175.6547 
  0.003761543 175.6547 
  0.07009843 175.6547 
  -0.02320557 175.6547 
  0.1829019 175.6547 
  0.1173805 175.6547 
  0.1095082 175.6547 
  0.1006459 175.6547 
  0.1184138 175.6547 
  0.08432812 175.6547 
  0.01092187 175.6547 
  0.09841937 175.6547 
  0.01242827 175.6547 
  -0.1357621 175.6547 
  -0.1053138 176.533 
  -0.001685485 176.533 
  0.05130046 176.533 
  -0.1806485 176.533 
  0.6122185 176.533 
  0.7364044 174.7808 
  0.8266937 172.185 
  0.9860541 169.6279 
  0.9943467 170.476 
  0.9939016 171.3284 
  0.9872766 170.476 
  0.9733571 169.6279 
  0.9380445 167.9442 
  0.9116381 165.4501 
  0.8565434 162.182 
  0.777885 163.8079 
  0.3225934 165.4501 
  0.03363746 167.1087 
  -0.009767093 168.784 
  0.01193918 169.6279 
  -0.0255551 170.476 
  0.00142121 171.3284 
  -0.4594951 172.185 
  -0.1753821 173.046 
  0.2368271 173.9112 
  0.09566143 174.7808 
  0.07461631 175.6547 
  0.06981448 176.533 
  0.5339741 177.4156 
  0.5372606 175.6547 
  0.4294351 171.3284 
  0.5541388 162.9929 
  0.1117754 155.8383 
  0.1542547 147.5188 
  -0.02688171 141.7487 
  0.4435568 139.6435 
  0.6882808 138.9488 
  0.8582367 138.9488 
  0.6385726 138.9488 
  0.5507174 138.9488 
  0.3572752 138.9488 
  0.3720011 138.9488 
  -0.006271913 138.9488 
  -0.1307481 138.9488 
  -0.282701 138.9488 
  -0.27874 138.9488 
  -0.1989826 138.9488 
  0.0627822 138.9488 
  0.1547494 138.9488 
  0.0835207 138.9488 
  -0.06201068 138.9488 
  0.0448884 138.9488 ]
