 [
  -0.149228 101.9903 
  -0.00885271 101.9903 
  -0.07811403 101.9903 
  -0.2474005 101.9903 
  -0.2001741 101.9903 
  -0.1573786 101.9903 
  -0.05906365 101.9903 
  0.42202 101.9903 
  -0.2616749 101.9903 
  0.5960191 101.9903 
  0.7286199 103.0128 
  0.1570634 108.2809 
  0.565038 107.7421 
  0.1954415 100.978 
  0.4949734 100.978 
  0.9554247 99.97575 
  0.9544511 100.4756 
  0.8106015 99.97575 
  0.6515178 98.98344 
  0.5842606 95.5873 
  -0.2313398 97.02828 
  -0.1476322 98.491 
  0.2130253 99.97575 
  0.6202726 101.9903 
  0.2153754 106.142 
  0.4760535 109.9132 
  0.742406 109.9132 
  0.7846575 107.7421 
  0.9347113 105.614 
  0.8576592 104.5657 
  0.7978339 103.0128 
  0.9100721 101.4829 
  0.9931602 101.4829 
  0.9759434 100.4756 
  0.9305348 98.98344 
  0.9114977 96.54556 
  0.9319591 94.1677 
  0.6749302 92.30766 
  0.5238545 91.84841 
  0.7451581 92.30766 
  0.7499436 93.23304 
  0.8344483 94.63854 
  0.9257396 96.54556 
  0.834646 95.11173 
  0.7377007 92.7692 
  0.07328714 93.23304 
  -0.06865638 94.63854 
  -0.178593 96.54556 
  -0.1490317 98.00098 
  0.05501043 99.47836 
  -0.03558755 100.978 
  -0.008884019 103.0128 
  -0.02503886 104.0455 
  0.05650018 104.5657 
  0.1586612 104.5657 
  0.5364538 108.2809 
  0.4243121 105.0885 
  0.653682 100.4756 
  0.8364891 97.51342 
  0.6815641 96.06523 
  0.6262974 94.63854 
  0.6272731 91.84841 
  0.8295476 91.84841 
  0.6108574 90.93677 
  0.541765 85.65383 
  0.6438148 79.87703 
  0.9037676 79.08421 
  0.477352 78.29926 
  0.5665295 71.22009 
  0.3551826 63.50137 
  0.6750651 64.45866 
  0.6014794 64.13797 
  0.478711 70.86576 
  0.5500895 81.89403 
  0.3420104 89.58624 
  0.6529849 90.48434 
  0.7771137 92.30766 
  0.8384649 93.6992 
  0.6793677 95.11173 
  0.6226285 97.02828 
  0.8773427 98.491 
  0.9385279 98.98344 
  0.8981909 98.98344 
  0.9015561 98.98344 
  0.9072535 99.47836 
  0.8411235 99.47836 
  0.6946456 98.98344 
  0.7086567 99.47836 
  0.9852064 100.4756 
  0.9929545 100.4756 
  0.9603788 100.4756 
  0.7735928 100.978 
  0.6649075 98.491 
  0.7443551 98.491 
  0.8869566 98.00098 
  0.8155437 98.98344 
  0.5638716 99.47836 
  0.5470366 103.5278 
  0.1893595 104.0455 
  0.09497732 104.0455 
  0.222854 103.0128 
  0.2147798 102.5003 
  0.2417547 102.5003 
  0.2203306 102.5003 
  0.1674982 102.5003 
  0.04362999 102.5003 
  0.01420194 102.5003 
  -0.02906674 102.5003 
  -0.19971 102.5003 
  -0.0009342558 102.5003 
  0.04198939 102.5003 
  0.1994777 101.9903 
  -0.001923478 101.4829 
  0.1871004 101.4829 
  0.1085482 99.97575 
  0.2898045 98.98344 
  0.03292002 97.51342 
  -0.09982306 94.1677 
  0.2050606 92.30766 
  0.6308298 91.39146 
  0.5231202 90.48434 
  0.2102048 88.25578 
  0.5706761 86.51251 
  0.7591318 85.65383 
  0.268156 85.2277 
  0.4474577 86.51251 
  0.6184392 87.3798 
  0.9114732 87.3798 
  0.8399249 86.0821 
  0.8568583 84.80367 
  0.675359 84.80367 
  0.6990904 85.65383 
  0.7412984 86.51251 
  0.664462 85.2277 
  0.003471613 84.80367 
  0.4219969 85.65383 
  0.7490509 86.94508 
  0.01730292 88.69706 
  0.5970755 90.93677 
  0.1998036 93.23304 
  0.4787081 92.30766 
  0.7238498 91.84841 
  0.5163766 93.23304 
  0.3191766 95.5873 
  0.4687684 97.51342 
  0.3400551 96.06523 
  0.2067039 95.11173 
  0.09059422 94.1677 
  -0.02147784 93.23304 
  0.03131594 91.84841 
  0.1248236 90.48434 
  -0.1187529 89.14054 
  0.09155829 87.8167 
  0.1266482 86.51251 
  0.06594829 85.2277 
  0.03070149 83.96195 
  -0.01637606 83.12859 
  0.03098171 81.89403 
  0.2283801 81.08118 
  0.6118404 80.27641 
  0.7160304 81.4866 
  0.9181432 81.89403 
  0.8114082 82.3035 
  0.7000096 72.6552 
  0.7153245 73.38358 
  0.186431 73.7505 
  0.2570159 69.81332 
  0.4334111 66.08632 
  0.5941703 65.10486 
  0.5181475 71.57619 
  0.5212195 70.51319 
  0.5424793 70.86576 
  0.2689418 69.12038 
  0.2599189 66.41676 
  0.2440685 65.10486 
  0.2820628 61.93738 
  0.6695575 60.71396 
  0.9008642 60.4119 
  0.4546102 60.4119 
  0.5046 57.1868 
  0.6011769 58.924 
  0.2790862 59.51471 
  -0.4713983 59.21862 
  -0.1095535 58.924 
  0.1959291 58.63084 
  0.4102218 58.33915 
  0.3779469 58.33915 
  -0.0634255 58.33915 
  -0.03896899 58.33915 
  0.02750753 58.33915 
  0.2791154 58.33915 
  0.1724491 58.33915 
  0.2402235 58.33915 ]
