 [
  0.1662049 132.1886 
  -0.1522254 132.1886 
  -0.3759115 132.1886 
  -0.1991959 132.1886 
  -0.2940933 132.1886 
  0.1455689 132.1886 
  0.2795223 132.1886 
  0.09739558 132.1886 
  0.18712 132.1886 
  0.2202882 132.1886 
  0.08901269 132.1886 
  0.03910255 132.1886 
  -0.0587392 132.1886 
  -0.02140866 132.1886 
  0.09281124 132.1886 
  0.2092117 132.1886 
  0.117853 132.1886 
  -0.02677147 132.1886 
  0.2713675 131.531 
  0.3835776 128.9329 
  0.7170312 124.5092 
  0.5589046 133.5138 
  0.8770043 136.2042 
  0.9395401 137.5696 
  0.9309832 141.0434 
  0.9394286 143.8855 
  0.9591739 146.0546 
  0.954257 146.7849 
  0.9431384 146.7849 
  0.7867642 147.5188 
  0.3543635 149.7427 
  0.7182906 153.5239 
  0.8889022 155.063 
  0.943092 157.4006 
  0.9557236 155.8383 
  0.8669229 152.7601 
  0.7877188 146.7849 
  0.6313159 139.6435 
  0.612918 128.2915 
  0.8344336 120.8384 
  0.8230457 116.6924 
  0.8819273 111.5702 
  0.9192404 107.2061 
  0.9651434 104.5657 
  0.9901934 103.5278 
  0.9856466 103.0128 
  0.971426 102.5003 
  0.939616 101.9903 
  0.9738235 100.4756 
  0.9824495 99.97575 
  0.9864638 99.97575 
  0.9443579 98.491 
  0.9200292 97.02828 
  0.9145314 95.5873 
  0.8829702 93.6992 
  0.7099423 92.30766 
  0.2099157 92.7692 
  0.1809954 92.7692 
  0.195245 92.7692 
  0.1867105 92.30766 
  0.1692573 91.84841 
  0.1265584 91.84841 
  0.2401407 92.30766 
  0.1356081 92.7692 
  0.125563 93.23304 
  0.2017284 94.1677 
  0.1408082 95.11173 
  0.1230325 96.54556 
  0.500823 97.02828 
  0.5888779 90.93677 
  0.869244 91.39146 
  0.976432 91.84841 
  0.9720615 91.39146 
  0.9498471 91.84841 
  0.94873 91.84841 
  0.9702291 91.84841 
  0.994041 91.39146 
  0.981975 90.93677 
  0.9623047 90.48434 
  0.957116 89.58624 
  0.7716503 88.69706 
  0.371326 87.3798 
  0.3228669 86.94508 
  -0.08045765 86.0821 
  0.1303284 85.65383 
  0.190065 85.2277 
  0.2364416 84.80367 
  0.2103091 85.2277 
  0.09184988 86.0821 
  0.1495108 87.3798 
  0.09638024 89.14054 
  0.2688576 90.48434 
  0.3058899 91.39146 
  0.5190839 91.39146 
  0.1395749 91.39146 
  -0.01095906 91.39146 
  0.5917636 90.93677 
  0.7103583 91.84841 
  0.8811318 92.7692 
  0.9633549 94.1677 
  0.9749836 94.63854 
  0.9714352 94.1677 
  0.9513917 94.1677 
  0.6350875 92.30766 
  0.4657723 88.25578 
  0.8456768 86.51251 
  0.9595584 85.2277 
  0.8508863 83.96195 
  -0.1308667 81.4866 
  0.370536 79.47963 
  0.301924 84.80367 
  0.4896354 86.94508 
  0.8697767 86.94508 
  0.9260642 85.65383 
  0.8423408 86.51251 
  0.7293406 88.25578 
  0.8302636 90.03418 
  0.9581975 90.93677 
  0.8981305 90.93677 
  0.8814421 89.58624 
  0.9135615 90.48434 
  0.9378844 90.48434 
  0.950416 89.58624 
  0.9627602 89.58624 
  0.9691177 90.03418 
  0.9867529 90.48434 
  0.9765841 91.39146 
  0.9616168 91.84841 
  0.9658222 92.7692 
  0.9791071 94.1677 
  0.9134732 95.5873 
  0.9265928 98.00098 
  0.9746037 99.97575 
  0.9848729 101.4829 
  0.9680284 103.0128 
  0.9294358 105.0885 
  0.9680749 107.2061 
  0.9902354 108.8223 
  0.9875255 109.9132 
  0.9742248 109.9132 
  0.9716574 109.3664 
  0.9660335 109.3664 
  0.9368628 108.8223 
  0.7358747 107.7421 
  0.5906364 106.6728 
  0.5153429 105.0885 
  0.4700537 103.5278 
  0.05969758 101.9903 
  0.2376302 100.4756 
  0.1535405 98.98344 
  -0.003741812 97.51342 
  -0.1517606 96.54556 
  -0.04397767 95.5873 
  -0.001419061 94.63854 
  0.5002257 93.6992 
  0.6391667 90.93677 
  0.7776439 89.58624 
  0.8873061 89.58624 
  0.8508879 89.14054 
  0.5308014 90.93677 
  0.6882929 94.63854 
  0.9332265 96.54556 
  0.9236607 97.51342 
  0.778896 97.51342 
  0.7021681 95.5873 
  0.6341211 95.5873 
  0.9242903 97.02828 
  0.9624385 98.491 
  0.8231277 100.4756 
  0.1285339 103.5278 
  0.2343274 107.2061 
  0.3675042 110.4628 
  0.5470094 102.5003 
  0.8807093 101.4829 
  0.6985269 99.97575 
  0.6088007 97.02828 
  0.3084279 93.23304 
  -0.08559506 96.54556 
  -0.03989115 100.4756 
  0.02944326 104.5657 
  0.4072339 108.8223 
  0.807144 111.5702 
  0.4921628 100.4756 
  0.7123609 99.97575 
  0.9090693 100.4756 
  0.9092134 100.4756 
  0.9583876 100.978 
  0.9518149 101.4829 
  0.9197147 101.9903 
  0.8474104 103.5278 
  0.7703623 105.0885 
  0.8534731 107.7421 
  0.9437989 109.3664 
  0.975333 109.3664 
  0.9815957 108.8223 
  0.9431666 107.7421 
  0.9389767 106.6728 
  0.8372579 105.614 
  0.7164661 104.0455 
  0.6676885 101.4829 
  -0.2920623 100.978 
  0.3407243 99.47836 
  -0.4226378 98.00098 
  -0.0376024 96.54556 
  -0.02420938 95.5873 
  0.1107323 94.63854 
  0.0593189 94.1677 
  0.3040927 90.93677 
  0.4699162 87.8167 
  0.8643011 86.94508 
  0.410863 89.14054 
  0.7389845 94.1677 
  0.948743 96.06523 
  0.9238774 96.06523 
  0.8309729 95.5873 
  0.7334443 94.63854 
  0.5011076 93.23304 
  0.1926034 92.30766 
  -0.06673566 91.39146 
  0.06541032 90.48434 
  0.04653429 90.48434 
  0.1412799 90.48434 
  0.2148339 90.48434 
  0.1844786 90.93677 
  -0.00866189 92.30766 
  0.1155398 94.63854 
  0.3809197 96.06523 
  0.5859888 106.6728 
  0.6695136 108.8223 
  0.9255357 111.0151 
  0.9519241 111.5702 
  0.9299682 111.0151 
  0.8453285 109.3664 
  0.7859542 107.2061 
  0.8070863 104.5657 
  0.7474245 102.5003 
  0.5595704 99.97575 
  0.3388955 96.06523 
  0.01230009 97.02828 
  0.1185179 99.97575 
  0.09862101 103.0128 
  0.2404284 106.142 
  0.6099394 108.8223 
  0.6952375 109.9132 
  0.5709077 113.2521 
  0.9169083 116.6924 
  0.963349 118.4515 
  0.9821349 119.0438 
  0.9955315 119.0438 
  0.9796107 118.4515 
  0.9226908 116.6924 
  0.9674523 115.5342 
  0.8997635 114.9594 
  0.7571812 113.2521 
  0.7125312 112.128 
  0.8364995 110.4628 
  0.7915263 109.9132 
  0.2987849 109.9132 
  -0.05863189 109.9132 
  -0.2577632 109.9132 
  -0.1970263 109.9132 
  0.2492369 109.9132 
  0.270289 109.9132 
  0.1496446 108.8223 
  0.1084913 106.6728 
  0.1948341 104.5657 
  -0.0644947 101.4829 
  0.03039454 98.00098 
  0.149118 95.11173 
  0.3535914 93.6992 
  0.7527278 94.1677 
  0.8394772 96.54556 
  0.817665 98.00098 
  0.8922625 98.98344 
  0.8959811 98.491 
  0.9257733 98.00098 
  0.8992544 98.98344 
  0.9256054 99.47836 
  0.9666529 99.47836 
  0.9537273 98.98344 
  0.9599346 98.491 
  0.9139636 98.98344 
  0.9436641 100.4756 
  0.9321455 100.978 
  0.8019774 101.4829 
  0.55938 101.9903 
  0.2951878 100.978 
  0.2848346 99.47836 
  0.3930459 98.00098 
  0.05845522 97.02828 
  0.03777957 95.5873 
  -0.01873315 94.1677 
  0.05987756 92.7692 
  -0.09236406 90.93677 
  -0.00977361 89.14054 
  0.1501963 87.3798 
  0.1195167 87.8167 
  0.4521496 89.14054 
  0.4028368 89.58624 
  0.9191155 97.02828 
  0.9396762 98.00098 
  0.9692495 98.98344 
  0.962013 98.98344 
  0.9341457 98.491 
  0.95061 97.51342 
  0.8788545 96.06523 
  0.9214059 95.5873 
  0.9381059 95.5873 
  0.9289674 94.63854 
  0.952316 94.63854 
  0.9575219 95.11173 
  0.9404982 96.06523 
  0.8339572 96.06523 
  0.6701373 96.06523 
  0.6200398 93.6992 
  0.2740722 92.30766 
  0.1216123 91.39146 
  0.1012683 90.48434 
  0.1248642 89.58624 
  0.1507268 88.69706 
  0.03398389 87.8167 
  0.6268241 87.3798 
  0.6404349 87.8167 
  0.8418646 88.25578 
  0.8690122 90.03418 
  0.6075801 90.48434 
  -0.036524 90.48434 
  -0.1704708 90.93677 
  -0.08612494 91.39146 
  -0.01311598 91.84841 
  0.08781678 92.30766 
  0.06253773 93.23304 
  0.2344295 93.6992 
  0.2750525 94.1677 
  0.2260227 94.63854 
  0.2601623 94.63854 
  0.2749615 95.5873 
  0.4864523 92.7692 
  0.2902727 92.30766 
  0.2768375 92.30766 
  0.6103409 102.5003 
  0.6974797 99.47836 
  0.8190211 101.9903 
  0.8839846 100.978 
  0.9375708 101.4829 
  0.9746598 100.978 
  0.8761979 100.4756 
  0.7369968 99.47836 
  0.1971778 97.51342 
  0.09284364 95.5873 
  0.2729229 93.6992 
  0.1871291 92.7692 
  0.03555968 91.84841 
  0.09852029 90.93677 
  0.1071145 90.48434 
  0.05725881 89.58624 
  0.02576803 88.25578 
  -0.000309942 86.94508 
  0.01663752 86.51251 
  0.6407217 86.51251 
  0.5643169 86.94508 
  0.5692039 87.3798 
  0.0886798 87.3798 
  0.2538224 83.96195 
  0.7826207 83.12859 
  0.807971 83.12859 
  0.8648835 83.12859 
  0.9048955 83.12859 
  0.8242556 83.12859 
  0.6874803 83.12859 
  0.4794739 83.54424 
  0.6459126 83.96195 
  0.7016467 83.96195 
  0.4458845 83.96195 
  0.08055291 83.96195 
  -0.03789192 83.96195 
  -0.08683924 83.96195 
  -0.05838028 83.96195 
  0.1649349 83.96195 
  0.2006834 83.96195 
  0.2558526 83.96195 
  0.1110742 83.96195 
  0.0523777 83.96195 
  -0.06242368 83.96195 
  0.1279394 83.96195 
  0.1861078 83.96195 
  0.2488096 83.96195 
  0.2146293 83.96195 
  0.102721 83.96195 
  -0.2593429 83.96195 
  0.1482832 83.96195 
  -0.05196898 83.96195 
  -0.01532141 83.96195 
  -0.004486118 83.96195 
  0.1559942 83.96195 
  0.02252343 83.96195 
  0.139765 83.96195 
  0.2034003 83.96195 
  -0.1075583 83.96195 ]
