 [
  0.07826212 109.9132 
  0.2237548 109.9132 
  0.185381 109.9132 
  -0.2978927 109.9132 
  0.2322094 109.9132 
  0.2053151 109.9132 
  0.1680683 109.9132 
  0.2616056 109.9132 
  0.3528652 109.9132 
  -0.01649468 109.9132 
  0.4451683 109.9132 
  0.7457512 109.9132 
  0.9202946 109.9132 
  0.8461946 109.3664 
  0.6770719 109.3664 
  0.3250901 109.9132 
  0.1022198 111.5702 
  0.1339348 113.2521 
  0.2914459 114.9594 
  -0.02603996 116.1118 
  -0.005458194 117.8622 
  -0.1544045 119.639 
  0.03369576 121.4426 
  0.01865563 123.2734 
  0.1124316 125.1317 
  0.1754775 127.0181 
  0.744151 125.1317 
  0.6962861 128.9329 
  0.6643169 131.531 
  0.7983714 136.2042 
  0.9471305 141.0434 
  0.933575 142.4574 
  0.9900697 143.8855 
  0.9887524 143.1697 
  0.9960626 142.4574 
  0.9939573 142.4574 
  0.9921402 141.7487 
  0.9884223 140.3417 
  0.985055 139.6435 
  0.9824793 138.2575 
  0.9594088 136.2042 
  0.9126369 132.8496 
  0.7843397 130.2255 
  0.6066181 128.9329 
  0.08751592 130.2255 
  0.1401215 131.531 
  0.1160391 133.5138 
  0.0632408 135.5266 
  -0.001241679 137.5696 
  0.2230462 139.6435 
  0.07572533 141.7487 
  -0.07376598 143.8855 
  0.0431655 146.0546 
  -0.312433 148.2564 
  0.6962508 148.2564 
  0.7372503 140.3417 
  0.8934634 140.3417 
  0.9323176 138.9488 
  0.9062684 137.5696 
  0.8554409 134.8523 
  0.9195854 132.1886 
  0.9671589 130.2255 
  0.9693226 129.5776 
  0.9660131 128.2915 
  0.9436748 127.6532 
  0.9451851 126.3862 
  0.9552332 125.1317 
  0.9785106 125.7574 
  0.9787184 124.5092 
  0.9728527 123.2734 
  0.9627243 122.0498 
  0.9003707 120.2372 
  0.9220935 118.4515 
  0.9675238 116.1118 
  0.9441744 114.9594 
  0.8966623 113.2521 
  0.8136725 111.5702 
  0.7810009 108.8223 
  -0.2827266 109.3664 
  -0.121194 110.4628 
  0.2161113 112.128 
  0.08755647 113.8184 
  0.129773 115.5342 
  0.0637105 116.6924 
  -0.1701012 117.8622 
  -0.236241 119.639 
  -0.1267031 121.4426 
  0.548212 123.8897 
  0.6344669 123.8897 
  0.7923372 123.8897 
  0.8381853 122.0498 
  0.2747457 120.2372 
  0.5466108 119.0438 
  0.4023561 117.8622 
  0.2656944 116.6924 
  0.2890868 116.1118 
  0.73242 115.5342 
  0.8657413 114.9594 
  0.8660717 112.6886 
  0.9208384 111.0151 
  0.9861135 109.3664 
  0.978905 108.8223 
  0.8993871 107.7421 
  0.7622751 107.2061 
  0.3065024 107.7421 
  0.4734845 108.8223 
  0.3272086 110.4628 
  0.1425902 112.128 
  0.06182105 113.8184 
  -0.06942853 115.5342 
  -0.08953293 117.2759 
  0.7238892 116.1118 
  0.8640936 116.6924 
  0.9156469 117.2759 
  0.9504372 117.8622 
  0.9573456 117.2759 
  0.9621803 117.2759 
  0.9613183 117.2759 
  0.9704156 117.2759 
  0.9821586 117.2759 
  0.9854719 117.2759 
  0.9842901 117.2759 
  0.9801934 117.2759 
  0.9726659 116.6924 
  0.9690438 116.1118 
  0.9691489 116.1118 
  0.968538 116.1118 
  0.9729022 114.9594 
  0.9718039 114.3874 
  0.9505695 114.3874 
  0.9274034 114.3874 
  0.9062078 113.8184 
  0.9902116 112.6886 
  0.9685584 112.6886 
  0.9311805 111.5702 
  0.8791908 110.4628 
  0.9335616 110.4628 
  0.8709731 110.4628 
  0.6797037 111.0151 
  0.4987561 112.128 
  0.1529919 113.2521 
  0.3354746 114.3874 
  0.2194994 116.1118 
  0.20347 117.8622 
  0.05351758 120.2372 
  0.02120683 122.6601 
  -0.1807408 124.5092 
  0.5536565 123.8897 
  0.707644 119.0438 
  0.91882 117.8622 
  0.9768789 117.2759 
  0.9728549 116.6924 
  0.9513351 115.5342 
  0.8386021 114.3874 
  0.7737564 111.5702 
  0.8979228 109.3664 
  0.9850477 108.8223 
  0.9652855 108.2809 
  0.8561558 107.2061 
  0.8814063 106.6728 
  0.9241883 106.142 
  0.9738055 105.614 
  0.8210156 105.614 
  0.7198625 104.5657 
  0.5861041 103.5278 
  0.9912038 104.0455 
  0.9940895 103.5278 
  0.9924743 103.0128 
  0.9881347 103.0128 
  0.9824476 103.0128 
  0.9354031 103.5278 
  0.8354393 104.5657 
  0.612604 106.142 
  0.131677 108.8223 
  -0.353287 111.5702 
  0.02912498 114.9594 
  0.6106858 119.0438 
  0.4396948 109.9132 
  0.5033396 105.0885 
  0.3419167 107.7421 
  0.8018288 110.4628 
  0.9452584 111.0151 
  0.9638209 111.5702 
  0.8810018 111.5702 
  0.875774 113.2521 
  0.982186 114.3874 
  0.9802651 114.3874 
  0.9801711 113.8184 
  0.9252266 113.2521 
  0.8463427 112.128 
  0.8268882 109.3664 
  0.3974798 108.2809 
  -0.178049 107.2061 
  0.168591 106.142 
  0.3837394 105.0885 
  0.4036379 104.5657 
  0.1742122 104.0455 
  0.02121135 103.5278 
  -0.1279996 103.0128 
  -0.1138492 102.5003 
  -0.1163687 101.9903 
  0.4287819 101.4829 
  0.5989788 100.978 
  0.7405809 99.97575 
  0.7198794 98.491 
  0.8649999 97.02828 
  0.8303497 96.06523 
  0.6560938 95.5873 
  0.6206606 96.54556 
  0.8777099 98.00098 
  0.9207134 98.00098 
  0.9547614 98.00098 
  0.9484663 98.00098 
  0.935916 98.00098 
  0.9351305 98.00098 
  0.953195 98.00098 
  0.9659649 98.00098 
  0.9699821 98.491 
  0.949762 98.00098 
  0.9155614 97.51342 
  0.7884718 97.02828 
  0.6496472 96.54556 
  0.8046361 96.54556 
  0.965847 96.54556 
  0.9526397 97.02828 
  0.9005373 97.51342 
  0.4372094 98.00098 
  0.002936466 98.491 
  -0.1109045 99.47836 
  0.6952182 101.4829 
  0.853055 103.0128 
  0.8792145 101.9903 
  0.8794097 101.4829 
  0.8665551 100.4756 
  0.9349042 99.47836 
  0.825878 99.97575 
  0.9175994 101.4829 
  0.9252875 102.5003 
  0.8771304 103.0128 
  0.7690287 106.6728 
  0.9375396 106.6728 
  0.9691204 106.6728 
  0.9822054 106.6728 
  0.9506671 106.6728 
  0.9497961 107.2061 
  0.973649 106.142 
  0.968931 106.142 
  0.9575835 105.614 
  0.9362764 105.0885 
  0.8800809 104.0455 
  0.7918596 103.5278 
  0.8084486 102.5003 
  0.4596682 102.5003 
  0.7476712 102.5003 
  0.6819379 102.5003 
  0.03922011 103.0128 
  0.1297175 103.5278 
  0.08040468 103.5278 
  0.05315007 104.5657 
  0.6476724 108.2809 
  0.8680419 109.3664 
  0.8274125 107.7421 
  0.8440868 107.2061 
  0.8527322 105.614 
  0.8627511 105.0885 
  0.9338961 105.614 
  0.9308658 105.0885 
  0.9163986 105.0885 
  0.8964286 105.614 
  0.9100564 105.614 
  0.940976 105.614 
  0.9713029 105.614 
  0.9756103 105.0885 
  0.9654632 105.0885 
  0.9620759 105.0885 
  0.9435646 105.614 
  0.9202876 105.0885 
  0.9142691 105.614 
  0.8948084 105.0885 
  0.8472733 105.0885 
  0.846539 104.5657 
  0.8159214 104.5657 
  0.9868398 104.5657 
  0.9871411 104.5657 
  0.9843808 104.0455 
  0.9626628 103.5278 
  0.8443174 103.0128 
  0.4484082 103.0128 
  0.4634761 103.0128 
  0.5955206 99.47836 
  0.8695577 98.491 
  0.8391821 97.02828 
  0.8601025 95.5873 
  0.9287208 95.11173 
  0.6997545 96.06523 
  0.5683355 97.02828 
  0.5206195 97.51342 
  0.1520828 97.02828 
  -0.01184906 98.98344 
  -0.005804858 101.4829 
  0.08635882 103.0128 
  0.3417573 104.5657 
  0.2635359 104.5657 
  0.08563367 103.5278 
  0.2445019 101.9903 
  0.1895849 101.9903 
  0.1430976 102.5003 
  0.2292684 103.0128 
  0.2285126 103.5278 
  -0.06160307 104.0455 
  -0.06761487 104.5657 
  0.02236708 105.0885 
  0.2610967 105.614 
  0.3839647 106.142 
  0.5990413 106.142 
  0.747137 106.142 
  0.6296915 106.142 
  0.4449055 106.142 
  -0.07431012 106.142 
  0.00166689 106.142 
  0.1606539 106.142 
  0.03089909 106.142 
  0.1620503 106.142 
  0.1381572 106.142 
  -0.0174654 106.142 ]
