 [
  -0.0699494 122.0498 
  0.135458 122.0498 
  0.1717545 122.0498 
  0.05286356 122.0498 
  2.898928e-05 122.0498 
  -0.1206339 122.0498 
  -0.04459079 122.0498 
  0.2357664 122.0498 
  0.08121682 122.0498 
  0.06897166 122.0498 
  0.1197984 122.0498 
  0.3057529 122.0498 
  0.08504441 122.0498 
  -0.005057678 122.0498 
  -0.05586797 122.0498 
  0.1320394 122.0498 
  0.4396159 122.0498 
  -0.2829553 122.0498 
  0.3472074 122.0498 
  0.8585196 122.0498 
  0.9511084 122.6601 
  0.3878198 123.8897 
  0.6739284 125.1317 
  0.7427939 124.5092 
  0.8024227 123.2734 
  0.9270795 123.2734 
  0.9921928 123.2734 
  0.9906084 123.2734 
  0.9837217 123.2734 
  0.9777972 123.2734 
  0.9798386 122.6601 
  0.9570431 123.8897 
  0.8290163 125.1317 
  0.810982 128.2915 
  0.9069448 130.8766 
  0.8894117 132.8496 
  0.8747067 136.2042 
  0.9410987 138.2575 
  0.9662462 140.3417 
  0.9554862 141.7487 
  0.9718163 143.8855 
  0.9898978 144.605 
  0.9944043 144.605 
  0.9865512 143.8855 
  0.9301975 143.1697 
  0.8769648 141.0434 
  0.9204761 135.5266 
  0.9600363 133.5138 
  0.895046 130.2255 
  0.8857881 129.5776 
  0.7847854 125.7574 
  0.730996 122.6601 
  0.8220048 118.4515 
  0.7906143 114.3874 
  0.7415007 111.0151 
  0.3576017 110.4628 
  0.2533736 111.0151 
  -0.03500162 112.128 
  -0.0824784 113.2521 
  -0.07907667 114.3874 
  -0.1618535 115.5342 
  0.02875544 116.6924 
  0.01738181 117.2759 
  -0.06126324 117.8622 
  -0.161004 118.4515 
  -0.2043946 119.0438 
  -0.4522772 119.639 
  -0.1048925 120.2372 
  -0.123658 120.8384 
  -0.211019 121.4426 
  0.04840961 122.6601 
  0.4685891 134.8523 
  0.7473883 134.8523 
  0.8160184 132.8496 
  0.7299237 128.2915 
  0.927504 124.5092 
  0.9956753 123.8897 
  0.9941937 123.2734 
  0.9952941 122.6601 
  0.9970328 122.6601 
  0.9923859 122.0498 
  0.9936458 122.0498 
  0.996116 122.0498 
  0.9954741 122.0498 
  0.9951473 121.4426 
  0.9918122 122.0498 
  0.917522 120.8384 
  0.7629886 119.0438 
  0.6888833 116.1118 
  0.108766 114.3874 
  -0.03578418 115.5342 
  0.04061983 116.6924 
  0.03081141 117.8622 
  0.4650487 119.0438 
  -0.06980455 120.2372 
  -0.00180317 121.4426 
  -0.2596912 122.6601 
  -0.1690549 123.8897 
  -0.1282613 125.1317 
  0.529345 126.3862 
  0.6565011 127.0181 
  0.766215 125.1317 
  0.9128753 122.6601 
  0.9195195 120.2372 
  0.8698089 117.8622 
  0.6270407 117.8622 
  0.2536356 119.639 
  0.1515929 120.8384 
  0.1634639 122.0498 
  0.2212922 123.2734 
  0.04008697 124.5092 
  -0.02742432 125.7574 
  -0.2032442 127.0181 
  -0.2614495 128.2915 
  -0.3144504 129.5776 
  -0.2272271 130.8766 
  -0.01825897 132.1886 
  0.6237726 132.8496 
  0.7286448 130.2255 
  0.8205544 128.2915 
  0.9052963 126.3862 
  0.9293247 124.5092 
  0.9767739 123.2734 
  0.9877334 122.6601 
  0.9869043 122.0498 
  0.990501 121.4426 
  0.9930348 120.8384 
  0.9897291 120.8384 
  0.9868253 120.2372 
  0.9883707 119.639 
  0.9891658 119.639 
  0.992278 119.639 
  0.9859847 119.0438 
  0.9787709 117.8622 
  0.9737715 117.2759 
  0.9480451 115.5342 
  0.9256957 113.8184 
  0.8196256 112.6886 
  0.7552094 111.0151 
  0.544826 110.4628 
  0.3253764 111.5702 
  0.5169004 113.2521 
  -0.02185984 114.9594 
  0.0008500256 116.6924 
  -0.06080872 118.4515 
  -0.2266149 120.2372 
  -0.2257843 122.0498 
  -0.1125324 123.8897 
  0.2030091 125.7574 
  0.09736887 127.6532 
  -0.07610566 129.5776 
  0.001055647 131.531 
  0.04197538 133.5138 
  0.138973 135.5266 
  0.5614135 137.5696 
  0.7696645 139.6435 
  0.8748115 138.2575 
  0.9599963 135.5266 
  0.9443469 133.5138 
  0.9060982 130.8766 
  0.8693094 128.2915 
  0.85443 122.0498 
  0.5915189 115.5342 
  0.3124118 108.2809 
  0.1212154 100.4756 
  -0.1319174 93.23304 
  0.05658225 86.51251 
  0.03578908 80.27641 
  0.2299335 74.48985 
  0.02318639 69.12038 
  0.06690412 64.45866 
  0.4840882 59.81229 
  0.7090738 59.51471 
  0.768832 58.924 
  0.4702296 58.63084 
  0.5561889 56.33751 
  0.9077141 55.77833 
  0.7904932 55.50082 
  0.7740201 55.50082 
  0.8251734 55.77833 
  0.9422145 55.2247 
  0.9241017 55.2247 
  0.8820691 55.50082 
  0.8985302 56.05722 
  0.9592328 56.61919 
  0.8211663 57.47274 
  0.7767507 57.7601 
  0.7947533 58.0489 
  0.8906152 58.0489 
  0.8789707 57.7601 
  0.7987912 57.1868 
  0.8927867 56.90229 
  0.8454794 56.90229 
  0.2299037 56.61919 
  0.5126838 59.81229 
  0.7784842 59.51471 
  0.5344039 59.51471 
  0.5963148 59.81229 
  0.7641577 60.4119 
  0.9182358 60.4119 
  0.9844609 60.4119 
  0.9516592 60.4119 
  0.9139342 60.11135 
  0.8929635 59.51471 
  0.9173328 59.21862 
  0.8769186 59.51471 
  0.7849512 59.51471 
  0.6954218 58.924 
  0.8848521 58.63084 
  0.8860328 59.21862 
  0.968632 59.21862 
  0.9664416 59.21862 
  0.9200137 59.21862 
  0.859037 59.51471 
  0.767822 59.81229 
  0.7703189 59.81229 
  0.7235978 60.11135 
  0.7925744 60.4119 
  0.6542706 60.71396 
  0.438567 61.01753 
  0.4144132 61.32262 
  0.5299725 61.62923 
  0.3442666 61.62923 
  0.1485863 61.62923 
  0.04478014 61.62923 
  -0.02140797 61.62923 
  -0.06024817 61.62923 
  -0.1254574 61.62923 
  0.05271211 61.62923 
  0.0671826 61.62923 
  0.2058028 61.62923 
  0.3017553 61.62923 
  0.09887457 61.62923 
  0.06212987 61.62923 
  -0.2119834 61.62923 
  -0.1402349 61.62923 
  0.02008474 61.62923 
  0.1958733 61.62923 
  0.2184044 61.62923 
  0.05855905 61.62923 
  0.05337552 61.62923 
  -0.1340921 61.62923 
  0.2142306 61.62923 
  0.190956 61.62923 
  0.06193897 61.62923 
  -0.07353769 61.62923 ]
