 [
  -0.05126638 202.9904 
  -0.2200525 202.9904 
  -0.1035172 202.9904 
  -0.01365277 202.9904 
  0.06851202 202.9904 
  0.2914592 202.9904 
  0.1341728 202.9904 
  0.4117544 202.9904 
  0.1095465 202.9904 
  0.2238876 202.9904 
  0.3881432 202.9904 
  0.8859172 202.9904 
  0.8044236 202.9904 
  0.7085823 197.9909 
  0.7717204 191.1978 
  0.9762791 186.4887 
  0.978273 184.6377 
  0.9823157 185.5609 
  0.974773 187.4211 
  0.9796399 190.2465 
  0.9890845 192.1537 
  0.9930153 192.1537 
  0.9835135 190.2465 
  0.9843032 188.3582 
  0.995249 186.4887 
  0.9954938 186.4887 
  0.9907994 187.4211 
  0.9800761 189.3 
  0.9622566 193.1145 
  0.9719833 197.9909 
  0.9857653 200.9756 
  0.9953237 202.9904 
  0.9969707 204.0054 
  0.99451 205.0254 
  0.992581 206.0505 
  0.9862529 208.1162 
  0.9786787 209.1568 
  0.9639121 210.2025 
  0.9132476 209.1568 
  0.7822114 210.2025 
  0.5619912 212.3098 
  0.3132682 214.4382 
  0.1317267 216.5879 
  -0.01442901 218.7592 
  0.2201763 220.9523 
  0.1646057 223.1673 
  0.2103436 224.2832 
  0.3836968 225.4046 
  0.8720733 226.5316 
  0.8955953 218.7592 
  0.9427472 216.5879 
  0.99569 214.4382 
  0.9935213 213.3714 
  0.988165 212.3098 
  0.9761836 211.2535 
  0.9693792 211.2535 
  0.9854811 210.2025 
  0.9978599 208.1162 
  0.9974828 206.0505 
  0.9982929 204.0054 
  0.9974243 202.9904 
  0.9965025 200.9756 
  0.9980829 198.9809 
  0.9980938 197.9909 
  0.9945889 197.9909 
  0.9077772 200.9756 
  0.8989164 197.0059 
  0.9165971 195.0505 
  0.990236 193.1145 
  0.9964564 192.1537 
  0.9960448 193.1145 
  0.9933431 193.1145 
  0.9923421 194.0801 
  0.985688 194.0801 
  0.9663908 193.1145 
  0.9387174 190.2465 
  0.8338788 191.1978 
  0.3400944 193.1145 
  0.1067826 194.0801 
  0.08968841 195.0505 
  0.2536596 197.0059 
  0.03837893 197.9909 
  -0.09945406 198.9809 
  -0.03496147 198.9809 
  -0.007459919 199.9758 
  -0.03331366 201.9805 
  -0.1001465 204.0054 
  0.6361689 206.0505 
  0.3490968 208.1162 
  -0.1968959 210.2025 
  0.08486436 212.3098 
  0.2842462 214.4382 
  0.7209071 205.0254 
  0.8287148 199.9758 
  0.9834083 195.0505 
  0.988865 191.1978 
  0.9793285 188.3582 
  0.9553155 185.5609 
  0.8851799 183.7191 
  -0.117755 182.8051 
  0.1955669 180.9906 
  0.1918734 180.0902 
  0.1176099 180.0902 
  0.04398962 181.8956 
  0.04773758 184.6377 
  -0.0164934 187.4211 
  0.2047506 189.3 
  0.8322601 192.1537 
  0.8637977 195.0505 
  0.8952056 192.1537 
  0.968307 189.3 
  0.9844858 188.3582 
  0.9917303 187.4211 
  0.9926575 186.4887 
  0.9945028 186.4887 
  0.9934795 186.4887 
  0.9742098 186.4887 
  0.9736354 186.4887 
  0.9867603 186.4887 
  0.9978896 186.4887 
  0.9979057 185.5609 
  0.9987525 184.6377 
  0.9978272 184.6377 
  0.9956496 183.7191 
  0.9850364 182.8051 
  0.9613611 181.8956 
  0.9177465 182.8051 
  0.827418 184.6377 
  0.2901956 186.4887 
  -0.07033921 188.3582 
  -0.1663521 190.2465 
  -0.1061714 192.1537 
  -0.08138809 194.0801 
  0.1388009 196.0257 
  0.2102811 197.0059 
  0.6544927 194.0801 
  0.8115069 194.0801 
  0.9498423 192.1537 
  0.9869559 191.1978 
  0.9395645 189.3 
  0.9090868 186.4887 
  0.9478921 184.6377 
  0.9640689 183.7191 
  0.9277285 183.7191 
  0.8170128 184.6377 
  0.150141 186.4887 
  0.01662738 188.3582 
  0.002052326 189.3 
  -0.04206752 190.2465 
  0.5936078 192.1537 
  0.6972133 193.1145 
  0.7919211 192.1537 
  0.9478298 189.3 
  0.9243278 188.3582 
  0.7200664 188.3582 
  0.5175765 188.3582 
  0.3075989 188.3582 
  -0.01476513 188.3582 
  -0.04268895 188.3582 
  -0.05655703 188.3582 
  0.1557697 187.4211 
  0.5197778 185.5609 
  0.7617478 182.8051 
  0.9730164 180.9906 
  0.9908614 180.9906 
  0.9934697 180.9906 
  0.9923791 179.1942 
  0.9957083 178.3027 
  0.9971104 177.4156 
  0.9974173 177.4156 
  0.9978665 177.4156 
  0.9982882 176.533 
  0.9973049 176.533 
  0.9941955 175.6547 
  0.9816575 174.7808 
  0.9683495 173.9112 
  0.9625384 173.9112 
  0.9836093 177.4156 
  0.9947096 178.3027 
  0.9977571 178.3027 
  0.9899629 177.4156 
  0.9822887 177.4156 
  0.9662926 176.533 
  0.9610991 174.7808 
  0.9333346 173.9112 
  0.8515832 173.9112 
  0.8480381 174.7808 
  0.929064 175.6547 
  0.8583831 176.533 
  0.8372486 173.046 
  0.8846229 169.6279 
  0.9854403 167.1087 
  0.9932218 165.4501 
  0.9934051 165.4501 
  0.9895949 166.2773 
  0.9948422 167.1087 
  0.9818356 166.2773 
  0.9707153 165.4501 
  0.9575399 162.9929 
  0.9394628 162.182 
  0.8616502 159.7734 
  0.5717914 158.9785 
  0.146909 158.1876 
  0.2056296 157.4006 
  0.3211972 153.5239 
  0.4100225 152.7601 
  -0.07038443 152.0001 
  -0.2589383 153.5239 
  -0.2453357 157.4006 
  0.1495385 160.5723 
  0.1042536 162.9929 
  0.07770169 164.6269 
  0.5704253 166.2773 
  0.3997216 167.9442 
  0.4631844 169.6279 
  0.7181492 170.476 
  0.9541165 170.476 
  0.9634299 169.6279 
  0.9515805 167.9442 
  0.9695693 167.1087 
  0.9886189 166.2773 
  0.9931409 165.4501 
  0.9839867 165.4501 
  0.9818187 165.4501 
  0.9930715 164.6269 
  0.9935112 164.6269 
  0.9961278 163.8079 
  0.9872246 163.8079 
  0.9832316 163.8079 
  0.9884085 163.8079 
  0.9913943 163.8079 
  0.9875224 163.8079 
  0.9539416 164.6269 
  0.897738 164.6269 
  0.7375063 162.9929 
  0.3639367 160.5723 
  -0.08682544 157.4006 
  0.1168126 155.063 
  0.03052078 153.5239 
  -0.1164492 152.7601 
  -0.1535314 152.0001 
  0.1294486 150.4914 
  0.2140427 148.9977 
  0.3172559 147.5188 
  0.3862553 146.0546 
  0.05094475 145.328 
  -0.1167597 144.605 
  -0.04593569 144.605 
  -0.1447315 144.605 
  -0.1006202 144.605 
  -0.1629049 144.605 
  0.1142394 144.605 
  0.1538657 144.605 
  0.1038647 144.605 
  -0.01164335 144.605 
  -0.1089306 144.605 
  -0.1680734 144.605 
  -0.2839423 144.605 
  -0.1711725 144.605 ]
