 [
  -0.08581623 102.5003 
  -0.2224406 102.5003 
  -0.1055397 102.5003 
  -0.1034728 102.5003 
  -0.3228464 102.5003 
  -0.3401709 102.5003 
  -0.2333381 102.5003 
  -0.3056719 102.5003 
  -0.06416287 102.5003 
  -0.1769256 102.5003 
  -0.1349713 102.5003 
  0.01671543 102.5003 
  -0.3430044 102.5003 
  0.5303262 103.5278 
  0.5006987 106.142 
  0.6942743 104.0455 
  0.760298 101.4829 
  0.858013 100.4756 
  0.8199083 98.98344 
  0.6948955 97.02828 
  0.1951752 98.00098 
  -0.08959658 99.97575 
  -0.0881612 101.9903 
  0.1545051 103.5278 
  0.05971455 105.614 
  -0.3248033 107.7421 
  -0.02150523 109.9132 
  0.1930341 111.5702 
  0.169848 113.2521 
  0.1741697 115.5342 
  0.02691044 117.8622 
  0.1967782 119.639 
  -0.1880628 121.4426 
  0.1980288 123.2734 
  0.7323465 125.1317 
  0.8486773 122.6601 
  0.831982 129.5776 
  0.9219632 132.8496 
  0.9743932 134.8523 
  0.9551197 137.5696 
  0.9701838 139.6435 
  0.954226 139.6435 
  0.9132497 138.9488 
  0.8475453 136.2042 
  0.3660977 133.5138 
  0.2976706 131.531 
  0.227066 129.5776 
  0.02366448 127.6532 
  0.287745 125.7574 
  0.2666394 123.8897 
  0.232043 122.0498 
  0.006983917 120.2372 
  0.7406614 117.2759 
  0.799323 116.1118 
  0.6676505 113.8184 
  0.6818332 110.4628 
  0.8026602 107.2061 
  0.4958243 106.142 
  0.3451435 106.6728 
  0.5565801 107.7421 
  0.06933543 109.9132 
  -0.3752267 112.128 
  -0.6871588 114.9594 
  -0.4960629 117.8622 
  0.04186931 120.8384 
  0.79326 123.8897 
  0.4595772 115.5342 
  0.5690126 112.6886 
  0.8990964 112.6886 
  0.8961912 113.8184 
  0.8833229 116.6924 
  0.9520752 119.0438 
  0.9621986 120.2372 
  0.9880076 121.4426 
  0.9938707 122.0498 
  0.9855714 121.4426 
  0.9563134 120.2372 
  0.8945661 117.8622 
  0.8477052 114.9594 
  0.8368781 112.128 
  0.797644 107.7421 
  0.7409909 103.0128 
  0.8353567 98.491 
  0.937098 96.06523 
  0.9465222 93.6992 
  0.9393842 91.84841 
  0.9772722 90.48434 
  0.9842765 90.48434 
  0.9434558 91.39146 
  0.9724938 92.30766 
  0.986336 92.30766 
  0.8555714 92.30766 
  0.7247649 92.30766 
  -0.07064421 93.23304 
  0.6880273 94.63854 
  0.7399569 96.06523 
  0.7276677 97.02828 
  0.6279552 98.491 
  0.6328387 99.97575 
  0.7799301 100.978 
  0.7474943 101.4829 
  0.6942214 101.9903 
  0.8579436 102.5003 
  0.9413279 103.0128 
  0.9337182 103.0128 
  0.8959843 103.0128 
  0.8770133 103.0128 
  0.911622 103.0128 
  0.913369 103.0128 
  0.9002461 103.0128 
  0.9027375 103.0128 
  0.9294521 102.5003 
  0.7968518 101.9903 
  0.6887014 101.4829 
  0.5638765 100.978 
  0.3560963 100.4756 
  0.148677 99.97575 
  0.1115529 99.47836 
  0.06890285 98.98344 
  0.2231498 98.491 
  0.1112705 98.00098 
  0.7027043 96.54556 
  0.855933 97.51342 
  0.8006184 99.47836 
  0.8906514 100.978 
  0.963711 100.978 
  0.9094566 99.47836 
  0.9379972 98.00098 
  0.9710043 98.00098 
  0.965113 98.98344 
  0.9871531 99.47836 
  0.9827999 99.47836 
  0.9789213 98.98344 
  0.9728428 98.491 
  0.9288133 98.00098 
  0.86382 96.54556 
  0.6468458 96.54556 
  0.2401273 98.00098 
  -0.3609896 99.97575 
  0.08604279 101.9903 
  0.215131 104.0455 
  0.03365225 106.6728 
  -0.04618574 109.3664 
  0.6445249 111.0151 
  0.837009 111.0151 
  0.9309192 111.0151 
  0.956395 111.0151 
  0.9582778 111.5702 
  0.9707226 112.128 
  0.9826634 112.128 
  0.9658082 112.128 
  0.9753186 113.2521 
  0.9803754 113.2521 
  0.9757386 113.2521 
  0.9540204 112.128 
  0.7317919 111.0151 
  0.6059591 108.8223 
  0.7223502 104.5657 
  0.2714839 104.5657 
  -0.0222989 103.5278 
  0.3039927 102.5003 
  -0.2056349 100.978 
  0.1533632 99.47836 
  -0.2504807 98.00098 
  -0.03756896 96.54556 
  0.6463277 96.54556 
  0.7748482 96.54556 
  0.8494226 96.06523 
  0.9018552 94.1677 
  0.7342046 94.1677 
  0.09090796 95.5873 
  0.2112861 97.02828 
  0.09833568 98.491 
  -0.1272815 99.97575 
  -0.1460081 101.4829 
  -0.0389745 103.0128 
  0.2721472 104.5657 
  0.151368 106.142 
  0.2278605 107.7421 
  -0.1663219 109.3664 
  -0.04624991 111.0151 
  0.001148736 112.6886 
  -0.04511435 114.3874 
  0.0156121 116.1118 
  -0.06952668 117.8622 
  0.01846803 119.639 
  -0.03569366 120.8384 
  -0.1233279 122.0498 
  -0.2250477 123.2734 
  0.1477902 124.5092 
  0.7299568 127.6532 
  0.7015685 123.8897 
  0.8671039 123.2734 
  0.9937573 122.6601 
  0.9898445 123.2734 
  0.9876404 123.2734 
  0.98229 123.2734 
  0.9763093 122.6601 
  0.9541216 121.4426 
  0.8916184 120.8384 
  0.8429114 120.2372 
  0.748052 119.639 
  0.937022 118.4515 
  0.9223711 116.1118 
  0.9380235 113.8184 
  0.9524454 112.128 
  0.9549035 110.4628 
  0.8354448 109.9132 
  0.406807 111.5702 
  0.5614151 106.142 
  0.7571082 105.614 
  0.9109671 104.5657 
  0.9459339 103.0128 
  0.9699463 101.4829 
  0.9919055 100.978 
  0.9799449 100.978 
  0.9588925 100.4756 
  0.9139902 100.4756 
  0.8802072 100.4756 
  0.8455662 99.47836 
  0.836109 98.491 
  0.8908163 98.00098 
  0.9461979 98.00098 
  0.9744507 97.51342 
  0.9914397 97.51342 
  0.9954651 97.51342 
  0.9952784 97.51342 
  0.9923625 97.51342 
  0.9906054 97.51342 
  0.9868217 97.51342 
  0.9742592 97.51342 
  0.9729177 97.51342 
  0.9631371 97.02828 
  0.9508371 97.02828 
  0.9270399 97.02828 
  0.9748532 98.00098 
  0.5905035 97.51342 
  0.4039253 95.5873 
  0.6319667 92.7692 
  0.06762844 94.1677 
  -0.005859237 97.51342 
  0.1824631 100.4756 
  0.437901 98.98344 
  0.6135035 97.02828 
  0.8616679 95.5873 
  0.940517 94.1677 
  0.9347117 92.7692 
  0.9673358 92.30766 
  0.9397398 91.84841 
  0.7433031 90.48434 
  0.5725728 89.14054 
  0.6790254 89.14054 
  0.9770737 89.14054 
  0.977483 89.14054 
  0.9943435 88.69706 
  0.9909746 88.69706 
  0.9892309 88.69706 
  0.9594144 88.69706 
  0.8794475 88.69706 
  0.6453345 89.14054 
  0.193856 89.58624 
  -0.05146214 90.48434 
  -0.06856144 91.39146 
  -0.06702153 92.30766 
  -0.0365044 93.23304 
  0.1964062 93.6992 
  -0.07151692 94.1677 
  -0.2096176 94.63854 
  0.1270005 95.11173 
  -0.01636571 95.5873 
  -0.08066937 96.06523 
  0.2109342 96.54556 
  -0.0122578 97.02828 
  0.1970342 98.00098 
  0.3332545 98.491 
  0.22473 99.47836 
  -0.02553847 101.4829 
  -0.06109785 104.5657 
  0.1517079 107.7421 
  -0.01715773 110.4628 
  0.7333972 112.128 
  0.8199528 109.3664 
  0.9399613 107.7421 
  0.9473323 105.614 
  0.9755132 104.0455 
  0.9769155 103.0128 
  0.9839237 101.9903 
  0.974369 101.9903 
  0.9761422 100.978 
  0.9422331 100.4756 
  0.9609942 98.98344 
  0.8952117 98.491 
  0.7796481 97.02828 
  0.8833103 94.63854 
  0.8217975 92.30766 
  0.9335991 90.48434 
  0.9045041 89.14054 
  0.9640402 88.25578 
  0.8580859 86.94508 
  0.8662069 85.65383 
  0.926129 85.65383 
  0.95613 85.2277 
  0.9741557 85.2277 
  0.9465805 85.2277 
  0.9475244 85.65383 
  0.8496485 85.2277 
  0.7497911 83.96195 
  0.7528762 83.12859 
  0.8781065 82.3035 
  0.2713806 81.89403 
  -0.08519284 81.89403 
  0.3205597 81.89403 
  0.01081587 81.89403 
  0.1353194 81.89403 
  0.143478 81.89403 
  0.09711235 81.89403 
  0.1157391 81.89403 
  0.03213638 81.89403 
  -0.09303173 81.89403 
  -0.007834965 81.89403 
  0.09608328 81.89403 
  0.01868278 81.89403 
  0.03355489 81.89403 
  -0.1163439 81.89403 
  -0.03799956 81.89403 
  0.01040182 81.89403 
  -0.01985832 81.89403 
  0.1207668 81.89403 
  0.03462544 81.89403 
  0.008406954 81.89403 
  -0.08824628 81.89403 
  0.01433443 81.89403 
  0.06256814 81.89403 
  -0.03728175 81.89403 
  0.1281355 81.89403 
  0.09544725 81.89403 
  0.09626913 81.89403 
  -0.03314052 81.89403 
  -0.03234464 81.89403 
  -0.1463232 81.89403 
  -0.1997515 81.89403 
  -0.3449155 81.89403 
  -0.03930881 81.89403 
  0.06302367 81.89403 
  -0.3629191 81.89403 
  -0.1857023 81.89403 
  -0.04160093 81.89403 
  0.1898291 81.89403 
  -0.4047553 81.89403 ]
