 [
  -0.3006893 108.8223 
  -0.2907699 108.8223 
  -0.215098 108.8223 
  -0.1106867 108.8223 
  0.08712892 108.8223 
  0.1519517 108.8223 
  0.09547996 108.8223 
  -0.01750447 108.8223 
  -0.1333822 108.8223 
  -0.07434557 108.8223 
  -0.05410062 108.8223 
  -0.1846509 108.8223 
  0.3162393 108.8223 
  0.08399162 108.2809 
  0.07732414 111.0151 
  0.6326607 113.2521 
  0.7518017 115.5342 
  0.8251139 114.9594 
  0.6822106 112.6886 
  0.5050358 109.3664 
  0.6165508 106.142 
  0.5033401 108.2809 
  0.1433293 109.9132 
  0.7137107 111.5702 
  0.8224449 112.6886 
  0.8560962 114.3874 
  0.8816258 116.1118 
  0.9492784 117.8622 
  0.9761348 118.4515 
  0.987446 117.8622 
  0.9737155 117.2759 
  0.6029103 117.8622 
  0.8053672 117.8622 
  0.9221439 116.6924 
  0.9809985 116.1118 
  0.9822409 116.1118 
  0.9678004 115.5342 
  0.9667815 115.5342 
  0.9120082 116.6924 
  0.9396981 118.4515 
  0.9825509 119.639 
  0.981263 119.639 
  0.9554728 119.639 
  0.7886276 119.639 
  0.4506498 116.6924 
  0.3687958 116.6924 
  0.8457717 116.6924 
  0.9070934 116.1118 
  0.9488579 115.5342 
  0.9828264 114.9594 
  0.9828488 113.8184 
  0.987595 113.2521 
  0.748279 114.3874 
  0.8235593 114.3874 
  0.8661079 113.8184 
  0.9328333 114.3874 
  0.9560865 115.5342 
  0.9658692 116.6924 
  0.9541538 117.8622 
  0.9159304 119.0438 
  0.9337334 120.8384 
  0.9408634 122.0498 
  0.8793977 123.8897 
  0.8429614 126.3862 
  0.7831765 128.2915 
  0.6670396 129.5776 
  -0.05938518 128.9329 
  0.899883 128.2915 
  0.9171942 127.6532 
  0.8036442 127.0181 
  0.6248555 126.3862 
  0.3686669 126.3862 
  0.76895 126.3862 
  0.8315956 122.6601 
  0.9183666 122.0498 
  0.9696197 121.4426 
  0.9766685 121.4426 
  0.9769259 121.4426 
  0.9762117 121.4426 
  0.9792445 121.4426 
  0.9783306 120.8384 
  0.9457345 119.639 
  0.8881412 119.0438 
  0.8434071 117.8622 
  0.7448488 116.1118 
  0.2777973 109.3664 
  0.0534616 109.3664 
  0.1323564 108.8223 
  0.08390588 108.2809 
  -0.03481875 107.7421 
  0.0134601 107.2061 
  0.02519085 107.2061 
  0.04721913 107.2061 
  -0.05736117 107.2061 
  0.05477124 107.2061 
  0.2061613 106.6728 
  0.5056025 114.3874 
  0.5931596 112.128 
  0.6689428 110.4628 
  0.8270646 107.7421 
  0.8890734 105.0885 
  0.9789417 104.0455 
  0.9949107 104.0455 
  0.9878153 104.0455 
  0.9596733 104.0455 
  0.8198411 103.5278 
  0.6234029 102.5003 
  0.8915073 104.0455 
  0.9055354 103.5278 
  0.7892393 102.5003 
  0.3247892 101.4829 
  0.04533191 100.978 
  -0.04065596 100.4756 
  0.03057409 99.97575 
  0.07002468 99.47836 
  0.02324491 98.98344 
  -0.1632382 98.491 
  -0.09820817 98.00098 
  -0.06253894 97.51342 
  -0.09525555 97.02828 
  -0.08530794 96.54556 
  0.1827609 96.06523 
  -0.02943899 95.5873 
  -0.1220307 95.11173 
  -0.07061574 94.63854 
  -0.01646472 94.1677 
  0.1750308 93.6992 
  0.1983812 93.23304 
  0.4986169 92.7692 
  0.2969231 95.5873 
  0.1691068 96.54556 
  0.2326452 97.02828 
  0.4383501 94.1677 
  0.03537506 96.06523 
  0.03804304 98.491 
  -0.0718767 100.978 
  0.103854 103.5278 
  0.203233 105.614 
  0.3735215 107.7421 
  0.3273183 109.3664 
  0.6617595 109.9132 
  0.2595978 111.5702 
  0.7054858 111.0151 
  0.893078 111.5702 
  0.9165337 111.5702 
  0.8916444 112.128 
  0.9199404 113.8184 
  0.9269207 114.9594 
  0.9655038 116.1118 
  0.9555095 116.1118 
  0.9080532 116.1118 
  0.886259 114.9594 
  0.8001106 113.8184 
  0.4236507 111.0151 
  -0.1734427 111.0151 
  -0.1197739 111.5702 
  -0.08828915 111.5702 
  0.3374766 111.5702 
  0.2425611 111.5702 
  -0.09212913 111.5702 
  -0.08380224 111.5702 
  0.0320095 111.5702 
  -0.1009939 111.5702 
  -0.02989721 111.5702 
  0.07322773 112.128 
  0.2012324 112.128 
  0.1023785 112.128 
  -0.03357566 113.2521 
  0.1634835 109.3664 
  0.5947968 109.3664 
  0.8377783 109.9132 
  0.8708142 112.6886 
  0.905791 112.6886 
  0.9066298 112.128 
  0.9348888 112.6886 
  0.9387803 112.128 
  0.9462837 111.5702 
  0.9177246 111.5702 
  0.8005807 110.4628 
  0.7848831 109.3664 
  0.8828914 108.2809 
  0.9599435 108.2809 
  0.9566877 106.6728 
  0.9735845 106.142 
  0.9701997 105.614 
  0.9549969 106.142 
  0.9678992 106.142 
  0.911466 105.614 
  0.6397731 105.0885 
  0.2959011 103.0128 
  -0.01671449 103.0128 
  0.3248683 103.5278 
  0.2181146 104.0455 
  0.2575587 105.0885 
  0.6654222 105.0885 
  0.6440721 101.4829 
  0.8344474 99.47836 
  0.9748715 99.47836 
  0.9694387 98.98344 
  0.9676974 98.491 
  0.8716049 98.491 
  0.8319245 97.51342 
  0.931896 97.51342 
  0.9902902 97.51342 
  0.9334423 97.02828 
  0.8265365 96.06523 
  0.6265164 96.06523 
  0.3820043 97.02828 
  0.1201859 98.00098 
  0.1160345 98.98344 
  -0.006666775 99.97575 
  0.0995513 100.978 
  0.1805145 101.9903 
  0.2075439 103.0128 
  0.1661994 104.0455 
  0.2015585 105.0885 
  0.1815064 106.142 
  -0.285208 107.2061 
  0.1779171 108.2809 
  -0.2095737 109.3664 
  -0.4543054 110.4628 
  -0.3683999 111.5702 
  -0.2073763 112.6886 
  -0.2316444 113.8184 
  -0.06988263 114.9594 
  0.03876979 116.1118 
  0.09371385 117.2759 
  0.04088226 119.0438 
  -0.0157391 121.4426 
  0.1430634 123.8897 
  0.5544068 127.0181 
  0.5636594 123.2734 
  0.6562599 119.0438 
  0.7987424 115.5342 
  0.7941406 113.8184 
  0.8152283 112.128 
  0.890481 111.0151 
  0.9092001 109.9132 
  0.9372612 109.9132 
  0.943491 109.3664 
  0.9742972 109.3664 
  0.9808393 108.8223 
  0.9248626 107.7421 
  0.8250054 106.6728 
  0.7020689 104.0455 
  0.005254353 104.5657 
  0.1321322 106.142 
  0.02680378 106.6728 
  0.2095202 107.2061 
  0.3624836 107.7421 
  0.2822663 108.2809 
  -0.01683661 108.8223 
  0.07596864 109.3664 
  0.1075866 109.9132 
  0.07490933 110.4628 
  -0.09243204 111.0151 
  -0.02369737 111.5702 
  -0.05758618 112.128 
  -0.03326463 112.6886 
  0.3726321 113.2521 
  -0.1627393 113.8184 
  0.1039965 114.3874 
  -0.04463693 114.3874 
  -0.0762306 114.9594 
  -0.07441807 116.1118 
  0.6183315 118.4515 
  0.3653476 109.9132 
  0.7470696 106.142 
  0.9246272 105.0885 
  0.85672 104.0455 
  0.7492715 101.4829 
  0.8898323 98.98344 
  0.955501 98.00098 
  0.9636641 97.02828 
  0.9719614 96.54556 
  0.9448097 96.06523 
  0.7194143 95.11173 
  0.4017893 93.6992 
  0.7244261 94.1677 
  0.2175614 94.1677 
  0.3038822 94.63854 
  0.5339258 96.54556 
  0.8254559 96.06523 
  0.8808621 97.02828 
  0.83205 98.491 
  0.8936721 99.47836 
  0.951587 99.97575 
  0.9230495 100.978 
  0.9669887 101.4829 
  0.9905009 101.9903 
  0.9896046 101.9903 
  0.9829671 102.5003 
  0.9745796 102.5003 
  0.9055197 102.5003 
  0.8410359 101.9903 
  0.6777413 100.978 
  0.1371819 99.47836 
  -0.01505567 101.4829 
  0.2998825 103.5278 
  0.4798422 105.614 
  0.1648911 108.2809 
  -0.01371841 111.0151 
  0.6258997 112.6886 
  0.8564486 111.0151 
  0.7880346 109.3664 
  0.7431719 107.7421 
  0.7577124 105.0885 
  -0.1838874 105.0885 
  0.03141924 105.614 
  -0.09623578 106.142 
  0.03771493 106.6728 
  0.01679522 106.6728 
  -0.01775279 107.2061 
  -0.1019194 107.7421 
  0.01752106 108.2809 
  -0.1109605 108.8223 
  0.06717608 109.3664 
  0.146871 109.9132 
  0.7909198 109.9132 
  0.6635663 107.7421 
  0.710503 106.142 
  0.775867 104.0455 
  0.4038053 104.5657 
  0.4824153 108.2809 
  -0.3446025 108.2809 
  0.7823704 108.8223 
  0.1551157 108.8223 
  -0.002879606 108.8223 
  0.006019766 108.8223 
  -0.00136505 108.8223 
  0.02308179 108.8223 
  -0.208757 108.8223 
  -0.07562069 108.8223 
  0.03200278 108.8223 
  0.1913356 109.3664 
  0.2674451 109.3664 
  0.07599524 109.3664 
  0.0002412202 109.3664 
  0.0143309 109.3664 
  0.6499559 109.9132 
  0.5494695 106.6728 
  0.7563543 103.5278 
  0.9231358 100.978 
  0.9303569 99.47836 
  0.7085546 98.98344 
  0.2293663 98.98344 
  -0.09947794 99.47836 
  0.09885433 99.97575 
  -0.2210738 100.4756 
  -0.02547134 100.978 
  -0.02268534 101.4829 
  0.1502711 101.9903 
  0.1062284 101.9903 
  0.04520802 101.4829 
  0.4421879 100.978 
  0.7820838 101.9903 
  0.9570572 101.9903 
  0.9893992 102.5003 
  0.97847 101.9903 
  0.964977 100.978 
  0.9846869 99.97575 
  0.9897248 98.98344 
  0.9860719 98.00098 
  0.9928337 97.51342 
  0.9927769 97.02828 
  0.9860064 97.02828 
  0.9830282 97.02828 
  0.9591594 96.06523 
  0.8978877 94.63854 
  0.8921856 92.30766 
  0.9459401 90.93677 
  0.9650757 90.48434 
  0.9453149 90.48434 
  0.9161829 90.48434 
  0.9173279 90.48434 
  0.9585555 90.03418 
  0.8943529 90.48434 
  0.8528693 90.93677 
  0.8928317 91.39146 
  0.9264981 91.39146 
  0.9590458 91.39146 
  0.9434104 90.93677 
  0.9318727 90.93677 
  0.9114175 90.93677 
  0.9274876 90.93677 
  0.8679727 90.93677 
  0.5346115 90.93677 
  0.2728553 90.93677 
  0.6144848 90.93677 
  0.6512384 90.93677 
  0.7286472 90.93677 
  0.5403756 90.93677 
  0.3806619 90.93677 
  0.1664285 90.93677 
  0.0264661 90.93677 
  0.01594065 90.93677 
  0.187421 90.93677 ]
