 [
  0.02955662 209.1568 
  -0.06062568 209.1568 
  -0.09278318 209.1568 
  -0.07437767 209.1568 
  -0.1618274 209.1568 
  -0.1785263 209.1568 
  0.1140102 209.1568 
  -0.1439516 209.1568 
  -0.1380615 209.1568 
  -0.03614361 209.1568 
  -0.0201203 209.1568 
  -0.1924745 209.1568 
  0.06320348 209.1568 
  0.2032589 209.1568 
  0.2556054 209.1568 
  0.2744752 209.1568 
  0.1959392 209.1568 
  0.7851006 208.1162 
  0.80289 204.0054 
  0.9139537 205.0254 
  0.9849575 206.0505 
  0.9778047 208.1162 
  0.988696 209.1568 
  0.9950151 210.2025 
  0.9936873 211.2535 
  0.9969385 211.2535 
  0.9893124 211.2535 
  0.9827184 210.2025 
  0.9440753 209.1568 
  0.8584284 208.1162 
  0.7712951 204.0054 
  0.4097996 202.9904 
  0.9820746 202.9904 
  0.9761841 202.9904 
  0.9752467 202.9904 
  0.9639162 202.9904 
  0.9275497 204.0054 
  0.8819864 205.0254 
  0.8985642 206.0505 
  0.9603534 208.1162 
  0.9789057 209.1568 
  0.9856146 211.2535 
  0.9859879 212.3098 
  0.9889291 213.3714 
  0.9950036 214.4382 
  0.9935887 215.5104 
  0.996314 216.5879 
  0.9971803 216.5879 
  0.9960855 217.6709 
  0.989938 219.853 
  0.9892235 222.057 
  0.9933956 224.2832 
  0.9793783 225.4046 
  0.946503 225.4046 
  0.8283652 224.2832 
  0.8101596 224.2832 
  0.2874878 224.2832 
  0.5014784 224.2832 
  0.03782875 224.2832 
  0.004887815 224.2832 
  0.007133747 224.2832 
  0.2307864 224.2832 
  0.2048369 224.2832 
  0.1489987 224.2832 
  -0.002531216 223.1673 
  -0.1612191 222.057 
  0.02167744 220.9523 
  0.02642203 219.853 
  0.1990253 218.7592 
  0.2298922 217.6709 
  0.4164562 215.5104 
  -0.02426168 212.3098 
  -0.566664 208.1162 
  -0.1247092 204.0054 
  -0.1659413 199.9758 
  0.08478715 197.0059 
  0.1055988 194.0801 
  0.3924977 191.1978 
  0.3937996 188.3582 
  0.3018502 192.1537 
  0.4006579 201.9805 
  0.6286448 204.0054 
  0.4272291 201.9805 
  0.2566566 172.185 
  0.8779019 169.6279 
  0.849193 168.784 
  0.7083533 163.8079 
  0.8919021 158.9785 
  0.7804531 160.5723 
  0.8529161 166.2773 
  0.9090896 171.3284 
  0.9773088 176.533 
  0.9419848 181.8956 
  0.9281163 187.4211 
  0.9587843 194.0801 
  0.9261413 199.9758 
  0.5453066 206.0505 
  0.8313645 210.2025 
  0.850787 205.0254 
  0.9717317 202.9904 
  0.9872471 202.9904 
  0.9946756 204.0054 
  0.9975563 205.0254 
  0.9975791 205.0254 
  0.9926152 205.0254 
  0.9934335 202.9904 
  0.9913893 201.9805 
  0.9940362 200.9756 
  0.9972954 199.9758 
  0.9980834 199.9758 
  0.9960525 199.9758 
  0.9937479 198.9809 
  0.9770013 199.9758 
  0.9832689 199.9758 
  0.9846963 199.9758 
  0.9889801 200.9756 
  0.9924973 200.9756 
  0.9893821 199.9758 
  0.9760274 197.9909 
  0.9570839 197.0059 
  0.9353755 196.0257 
  0.8805739 196.0257 
  0.9769568 196.0257 
  0.9008161 196.0257 
  0.7387331 197.0059 
  0.5792281 197.9909 
  0.4674172 198.9809 
  -0.07611857 199.9758 
  0.09656209 200.9756 
  0.07478674 201.9805 
  0.1107956 202.9904 
  0.369863 204.0054 
  0.3174191 205.0254 
  0.2351443 206.0505 
  0.1231052 207.0808 
  0.06235771 208.1162 
  0.03229027 209.1568 
  0.05181069 209.1568 
  -0.01869078 210.2025 
  -0.01691826 211.2535 
  0.04673454 212.3098 
  0.6516822 213.3714 
  0.4803528 197.0059 
  0.81213 195.0505 
  0.9321687 191.1978 
  0.9885429 190.2465 
  0.9805993 188.3582 
  0.9610337 187.4211 
  0.9801213 185.5609 
  0.9916678 184.6377 
  0.9938635 184.6377 
  0.9552624 185.5609 
  0.8300322 187.4211 
  0.7628088 193.1145 
  0.5628009 201.9805 
  0.4693038 206.0505 
  -0.01689981 210.2025 
  -0.07180554 214.4382 
  -0.1340457 218.7592 
  0.1624732 222.057 
  0.1757267 225.4046 
  -0.08820596 228.8026 
  -0.2161268 232.2518 
  -0.2201769 235.753 
  0.586555 239.307 
  0.5598581 242.9146 
  0.5565529 245.3498 
  0.3920017 247.8095 
  0.3293749 251.5452 
  0.3803445 255.3373 
  0.5135617 260.4825 
  0.5003363 265.7313 
  0.4433767 275.1726 
  0.3945178 283.5317 
  0.2264607 290.6912 
  0.3533594 298.0316 
  0.2903289 302.5244 
  0.4359295 302.5244 
  0.6217536 299.5217 
  0.3160147 293.6054 
  0.3355545 289.245 
  0.3619647 282.1211 
  0.3216963 273.8036 
  0.3922453 265.7313 
  0.4277078 260.4825 
  0.6399977 256.614 
  0.2606725 252.8029 
  0.2669912 249.0485 
  0.1710515 246.5766 
  0.4519959 246.5766 
  0.6401982 246.5766 
  0.6941129 246.5766 
  0.6391417 246.5766 
  0.5886697 246.5766 
  0.418941 246.5766 
  0.1374862 246.5766 
  0.05350438 246.5766 
  0.04983134 246.5766 
  -0.4209317 246.5766 
  -0.1092396 246.5766 
  0.1219784 246.5766 
  -0.08096676 246.5766 
  -0.2738567 246.5766 
  -0.02675428 246.5766 
  0.1199225 246.5766 
  0.1574093 247.8095 
  0.3754321 249.0485 
  0.2904744 250.2938 
  0.08153874 251.5452 
  -0.2255528 252.8029 
  -0.255157 254.067 
  -0.13215 255.3373 
  -0.04711946 256.614 
  0.1854295 257.8971 
  0.2599962 259.1866 
  0.03443251 260.4825 
  0.1517566 260.4825 
  0.1402957 260.4825 
  0.1162451 260.4825 
  0.1061882 260.4825 
  0.08685257 260.4825 
  0.04421288 260.4825 
  0.03922223 260.4825 
  -0.07370575 260.4825 
  -0.1097406 260.4825 
  -0.07686792 260.4825 
  -0.06768245 260.4825 
  -0.2523676 260.4825 
  -0.08037876 260.4825 
  -0.1153648 260.4825 
  -0.1329835 260.4825 
  -0.0186487 260.4825 
  0.116467 260.4825 
  0.04080108 260.4825 
  0.2357295 260.4825 ]
