 [
  0.01907354 98.491 
  0.06617267 98.491 
  0.002053643 98.491 
  0.1244525 98.491 
  0.01588309 98.491 
  -0.3602723 98.491 
  -0.06850322 98.491 
  -0.1656103 98.491 
  0.1336035 98.491 
  -0.04545747 98.491 
  0.09676364 98.491 
  0.1122619 98.491 
  -0.1395414 98.491 
  -0.1741723 98.491 
  0.07140744 98.491 
  0.245732 98.491 
  0.2683968 98.491 
  0.3410378 98.98344 
  0.1547186 99.47836 
  0.2426499 99.97575 
  0.5385532 102.5003 
  0.6510661 104.5657 
  0.6592374 103.5278 
  0.7418088 103.5278 
  0.8564689 100.4756 
  0.8106582 98.491 
  0.7023194 98.491 
  -0.3424554 99.97575 
  -0.1242193 102.5003 
  -0.01976615 105.0885 
  -0.2163441 107.7421 
  -0.05177808 110.4628 
  0.2304325 112.6886 
  0.4849532 114.9594 
  0.8581662 117.2759 
  0.8087577 120.8384 
  0.861383 124.5092 
  0.9057549 125.7574 
  0.9440017 126.3862 
  0.9618672 126.3862 
  0.9550245 127.0181 
  0.9509495 128.9329 
  0.9585731 130.8766 
  0.9565048 133.5138 
  0.9730345 136.2042 
  0.9918132 137.5696 
  0.9810842 136.8852 
  0.9760332 137.5696 
  0.9636433 137.5696 
  0.9554752 136.2042 
  0.9628525 135.5266 
  0.9386402 134.8523 
  0.8105329 134.1814 
  0.3795304 128.9329 
  0.753897 127.0181 
  0.6986802 125.7574 
  0.4058698 124.5092 
  0.1815778 123.8897 
  0.1573919 123.2734 
  0.1379078 122.6601 
  0.05445056 122.0498 
  0.05819715 121.4426 
  0.08894138 120.8384 
  0.0007517375 120.2372 
  -0.03446768 119.639 
  -0.003051582 119.0438 
  0.09789325 118.4515 
  0.1034034 117.8622 
  0.07025357 117.2759 
  0.2091642 116.6924 
  0.5335917 122.6601 
  0.7696936 123.2734 
  0.9441211 122.6601 
  0.9272385 120.8384 
  0.9584748 119.0438 
  0.9722325 117.8622 
  0.947194 116.6924 
  0.9278374 114.9594 
  0.9354405 112.6886 
  0.8545222 111.0151 
  0.7769539 108.8223 
  0.7372344 106.142 
  0.8631178 103.5278 
  0.818857 101.9903 
  0.03212911 102.5003 
  0.2547846 104.0455 
  0.3587287 105.614 
  0.4269294 106.6728 
  0.8061286 107.7421 
  0.9391941 107.7421 
  0.9578229 107.2061 
  0.9351066 106.6728 
  0.8065909 106.142 
  0.8833122 105.614 
  0.9632562 105.614 
  0.9807397 105.614 
  0.9641504 106.6728 
  0.9754586 107.2061 
  0.9466179 108.2809 
  0.9387527 109.3664 
  0.9621851 110.4628 
  0.9070303 112.128 
  0.8921003 113.8184 
  0.9411273 115.5342 
  0.9859624 116.1118 
  0.9816288 117.2759 
  0.9871393 117.8622 
  0.9867586 117.2759 
  0.9904912 117.2759 
  0.978775 117.2759 
  0.9753703 116.6924 
  0.9825152 116.1118 
  0.9879808 115.5342 
  0.9805843 115.5342 
  0.9559479 115.5342 
  0.9431335 114.9594 
  0.9433997 113.8184 
  0.9592268 112.128 
  0.9710661 109.9132 
  0.9821671 108.8223 
  0.9761131 108.8223 
  0.9270737 108.2809 
  0.8607296 107.2061 
  0.8497286 106.142 
  0.9162754 105.614 
  0.9529271 105.0885 
  0.9470702 104.0455 
  0.9610375 103.5278 
  0.9832379 103.0128 
  0.9789174 103.5278 
  0.9379805 104.0455 
  0.94864 104.0455 
  0.9021614 103.5278 
  0.9694321 102.5003 
  0.9676183 101.9903 
  0.9679633 101.4829 
  0.9541627 100.978 
  0.9322945 100.4756 
  0.9351618 99.97575 
  0.9139417 99.47836 
  0.9093549 98.98344 
  0.9342541 98.98344 
  0.9387902 98.98344 
  0.9306406 98.491 
  0.8940505 98.00098 
  0.8765434 98.00098 
  0.9464331 98.491 
  0.9728673 98.98344 
  0.9077564 98.491 
  0.758599 98.491 
  0.373906 99.97575 
  -0.2306157 101.9903 
  -0.04349395 104.0455 
  0.06231141 106.142 
  -0.02494864 108.2809 
  0.1460194 110.4628 
  0.1351983 112.6886 
  -0.134253 114.9594 
  -0.1262681 116.6924 
  0.04822481 118.4515 
  -0.01831965 120.2372 
  0.4584597 122.0498 
  0.7402779 125.1317 
  0.8654416 125.7574 
  0.9903157 126.3862 
  0.976447 126.3862 
  0.9642115 127.6532 
  0.9683098 128.2915 
  0.9717875 127.6532 
  0.9574825 128.2915 
  0.9423419 129.5776 
  0.9007061 130.8766 
  0.9002565 130.8766 
  0.8359377 130.2255 
  0.7627681 128.9329 
  0.8061855 126.3862 
  0.8715596 123.2734 
  0.7387176 120.2372 
  0.6307957 116.1118 
  0.2537318 111.5702 
  0.3230591 107.7421 
  0.274601 104.0455 
  -0.02938991 99.97575 
  0.06814259 96.54556 
  0.4283617 92.30766 
  0.6293616 95.11173 
  0.7757795 94.63854 
  0.8489535 94.1677 
  0.8364564 93.23304 
  0.8612745 92.30766 
  0.9668277 91.39146 
  0.93438 90.93677 
  0.9126515 90.03418 
  0.9499839 88.69706 
  0.9713675 88.25578 
  0.9705496 88.25578 
  0.989186 87.8167 
  0.9292631 88.69706 
  0.9334391 89.58624 
  0.9211733 90.03418 
  0.8788298 90.03418 
  0.8117146 90.03418 
  0.8820686 89.58624 
  0.9449785 90.03418 
  0.9762805 90.03418 
  0.9730511 89.58624 
  0.9600826 90.03418 
  0.9674577 90.48434 
  0.9621071 90.93677 
  0.952392 90.93677 
  0.924633 90.48434 
  0.9888484 90.03418 
  0.9675224 90.48434 
  0.9062789 91.39146 
  0.9781172 91.84841 
  0.9785516 91.84841 
  0.9339193 92.30766 
  0.9273301 92.7692 
  0.8764603 92.7692 
  0.8084795 93.23304 
  0.721571 93.23304 
  0.5627966 92.7692 
  0.6148635 90.03418 
  0.8555175 90.03418 
  0.664916 91.39146 
  0.6980057 93.6992 
  0.765308 97.02828 
  0.8276841 100.4756 
  0.8985103 100.4756 
  0.9468743 99.97575 
  0.9818105 99.47836 
  0.9924194 99.47836 
  0.9873977 99.47836 
  0.994181 99.97575 
  0.9811062 99.47836 
  0.9763218 98.491 
  0.9332449 97.51342 
  0.9419055 96.06523 
  0.9643435 95.5873 
  0.9732116 95.11173 
  0.8288491 93.6992 
  0.7613143 92.30766 
  0.7266709 90.93677 
  0.5677124 90.93677 
  -0.1091659 92.30766 
  0.06713988 93.6992 
  -0.1624835 95.11173 
  -0.1488765 96.54556 
  -0.04724535 98.00098 
  0.2259807 99.47836 
  0.157463 100.4756 
  0.2870263 101.4829 
  0.2744087 102.5003 
  0.2413721 104.0455 
  0.2748304 105.614 
  0.1951987 107.2061 
  0.1725579 108.8223 
  0.09973464 110.4628 
  0.2245909 111.5702 
  0.694688 114.3874 
  0.7479743 113.2521 
  0.9061182 112.128 
  0.9615248 111.0151 
  0.9575626 109.3664 
  0.9745924 108.8223 
  0.9670153 108.8223 
  0.9533464 108.8223 
  0.948543 108.2809 
  0.9482494 107.7421 
  0.9711361 107.2061 
  0.9869617 106.6728 
  0.9747044 107.2061 
  0.9747438 107.2061 
  0.9592167 107.2061 
  0.8653905 106.142 
  0.7268695 103.5278 
  0.682698 101.9903 
  0.4403784 100.978 
  0.417255 95.5873 
  0.471925 92.7692 
  0.4094591 93.6992 
  0.6722198 96.54556 
  0.1418065 104.5657 
  0.6042912 102.5003 
  0.8533198 99.97575 
  0.822238 98.00098 
  0.7737947 95.11173 
  0.8911005 92.7692 
  0.8913903 91.84841 
  0.7239609 91.84841 
  0.4541358 92.30766 
  0.1789996 93.23304 
  0.2450391 94.1677 
  0.3050945 95.5873 
  -0.01897113 97.02828 
  0.3496667 98.491 
  0.3413528 99.97575 
  0.07703464 101.4829 
  0.03189756 103.0128 
  -0.1160451 104.5657 
  -0.1514764 106.142 
  0.636557 107.2061 
  0.6756468 106.6728 
  0.6378497 104.5657 
  0.8905269 101.4829 
  0.9912846 100.4756 
  0.992299 100.4756 
  0.9923018 100.4756 
  0.998444 100.4756 
  0.9918134 99.97575 
  0.9697054 99.47836 
  0.9757265 98.98344 
  0.9933888 98.491 
  0.9917303 98.00098 
  0.9895636 98.00098 
  0.9871455 97.51342 
  0.9865772 97.02828 
  0.9904892 96.54556 
  0.9701208 96.06523 
  0.9339336 96.06523 
  0.807537 97.51342 
  0.8630145 98.98344 
  0.8778341 98.98344 
  0.9668519 98.491 
  0.9682915 98.98344 
  0.9000415 98.00098 
  0.8888457 96.54556 
  0.6298769 95.11173 
  0.4192275 93.23304 
  0.8548449 92.7692 
  0.7093018 92.7692 
  0.7836304 92.7692 
  0.8865563 93.23304 
  0.9359705 93.23304 
  0.9741772 93.23304 
  0.9769179 93.23304 
  0.9441801 93.6992 
  0.9552479 94.63854 
  0.9469921 94.63854 
  0.8375611 94.1677 
  0.7790231 92.30766 
  -0.3138289 91.39146 
  -0.05511156 90.48434 
  0.5445245 89.58624 
  0.277954 89.14054 
  0.5931464 90.48434 
  0.234568 98.491 
  0.4715245 96.06523 
  0.6999859 96.06523 
  0.7424784 95.11173 
  0.4688991 96.06523 
  0.4373847 97.51342 
  0.1788598 91.84841 
  0.350246 91.39146 
  0.8587018 91.39146 
  0.7069091 91.84841 
  -0.1313252 91.84841 
  0.08393385 92.30766 
  -0.05868348 92.7692 
  0.06778126 93.23304 
  0.2397377 94.1677 
  0.3547202 95.11173 
  -0.1174944 96.06523 
  0.2698745 97.02828 
  0.7826622 96.06523 
  0.585942 95.5873 
  0.2502797 91.39146 
  0.8861001 89.58624 
  0.9669231 89.14054 
  0.9676523 89.14054 
  0.9202803 89.14054 
  0.8420193 88.69706 
  0.5987666 86.94508 
  0.6504548 83.96195 
  0.3167029 83.54424 
  0.4951361 83.54424 
  0.3664013 83.54424 
  0.3432574 83.54424 
  0.1812262 83.54424 
  0.07878051 83.54424 
  -0.08942162 83.54424 
  -0.05698431 83.54424 
  -0.02603905 83.54424 
  -0.06045946 83.54424 
  0.04833144 83.54424 
  0.11622 83.54424 
  0.03621078 83.54424 
  0.07148884 83.54424 
  0.001016112 83.54424 
  -0.1516919 83.54424 
  -0.1944168 83.54424 
  -0.3074461 83.54424 ]
