 [
  -0.1417861 216.5879 
  0.1097654 216.5879 
  0.1224139 216.5879 
  0.263617 216.5879 
  0.01223076 216.5879 
  0.0265961 216.5879 
  0.4180498 216.5879 
  0.2713223 216.5879 
  0.7825797 216.5879 
  0.9503672 216.5879 
  0.8370729 216.5879 
  0.03891958 216.5879 
  0.1193895 216.5879 
  0.6129427 215.5104 
  0.5866126 202.9904 
  0.7959756 198.9809 
  0.9821125 196.0257 
  0.9460864 195.0505 
  0.9034718 193.1145 
  0.6404743 194.0801 
  0.2136211 198.9809 
  0.6604828 204.0054 
  0.371391 209.1568 
  -0.02808423 214.4382 
  -0.02478819 219.853 
  0.230248 225.4046 
  0.7256395 231.0963 
  0.7268252 208.1162 
  0.8793764 210.2025 
  0.966831 212.3098 
  0.9868587 213.3714 
  0.9781694 215.5104 
  0.9888118 217.6709 
  0.9927509 218.7592 
  0.9921703 218.7592 
  0.987568 219.853 
  0.9575754 222.057 
  0.9797024 226.5316 
  0.9935051 228.8026 
  0.9952028 229.9466 
  0.9091644 226.5316 
  0.5700333 218.7592 
  0.6769999 212.3098 
  0.5398093 210.2025 
  0.01437217 214.4382 
  0.1474811 210.2025 
  -0.007154433 206.0505 
  -0.08686558 201.9805 
  0.03811197 198.9809 
  0.5894408 197.0059 
  0.907455 196.0257 
  0.9760693 196.0257 
  0.8906574 196.0257 
  0.9273769 195.0505 
  0.9497396 194.0801 
  0.908803 191.1978 
  0.632032 187.4211 
  0.5597595 180.9906 
  0.6756595 173.9112 
  0.2706548 183.7191 
  0.1861038 188.3582 
  0.4434528 190.2465 
  0.3763245 191.1978 
  0.4270901 192.1537 
  0.6018801 192.1537 
  0.5877244 191.1978 
  0.5215745 194.0801 
  0.5418702 197.9909 
  0.3230281 196.0257 
  0.5420015 180.9906 
  0.9220955 180.9906 
  0.9814662 180.9906 
  0.9951923 180.9906 
  0.9851707 180.9906 
  0.9415011 180.0902 
  0.8468001 180.9906 
  0.1451354 182.8051 
  0.1388013 184.6377 
  -0.1093123 186.4887 
  0.05387884 188.3582 
  -0.007981194 190.2465 
  -0.04550599 193.1145 
  -0.07025921 196.0257 
  -0.2841125 198.9809 
  -0.07258341 200.9756 
  0.1454256 204.0054 
  0.0405487 207.0808 
  0.2458732 210.2025 
  0.4732119 212.3098 
  0.6716777 208.1162 
  0.7537446 200.9756 
  0.8836582 197.0059 
  0.9249707 193.1145 
  0.9585531 190.2465 
  0.9652202 187.4211 
  0.9763895 185.5609 
  0.9873985 183.7191 
  0.9874807 183.7191 
  0.9946954 182.8051 
  0.9919344 183.7191 
  0.9856571 183.7191 
  0.9828588 184.6377 
  0.9871261 184.6377 
  0.9867749 184.6377 
  0.9875115 184.6377 
  0.9867557 184.6377 
  0.9844852 183.7191 
  0.9638084 182.8051 
  0.9374928 180.0902 
  0.8738438 178.3027 
  0.4123609 176.533 
  -0.05290526 174.7808 
  -0.07836352 173.046 
  -0.213924 171.3284 
  0.01870003 170.476 
  0.1310786 169.6279 
  -0.03669836 168.784 
  0.1042546 167.9442 
  0.6126238 174.7808 
  0.8237037 173.9112 
  0.9751506 173.046 
  0.955467 170.476 
  0.9357894 168.784 
  0.9349746 168.784 
  0.9927126 171.3284 
  0.9966187 171.3284 
  0.9928206 173.046 
  0.9967146 173.046 
  0.9918747 174.7808 
  0.8184888 178.3027 
  0.9024896 179.1942 
  0.9306759 179.1942 
  0.9521516 180.0902 
  0.963006 181.8956 
  0.9867326 181.8956 
  0.9856694 182.8051 
  0.9813375 184.6377 
  0.9852197 185.5609 
  0.9909672 187.4211 
  0.9908295 188.3582 
  0.9910338 189.3 
  0.9954614 190.2465 
  0.9915797 191.1978 
  0.9886131 191.1978 
  0.9861023 191.1978 
  0.9828255 191.1978 
  0.9899346 192.1537 
  0.9918282 193.1145 
  0.9956263 194.0801 
  0.9841961 194.0801 
  0.9705414 194.0801 
  0.9452147 195.0505 
  0.8834134 196.0257 
  0.6757149 197.0059 
  0.4724381 197.9909 
  0.742364 198.9809 
  0.3083698 200.9756 
  -0.06028155 202.9904 
  -0.1531674 206.0505 
  -0.1754685 210.2025 
  0.08774904 213.3714 
  -0.0634223 215.5104 
  0.07034063 216.5879 
  0.1856472 216.5879 
  0.1930303 214.4382 
  0.6356825 208.1162 
  0.6504622 200.9756 
  0.8310139 195.0505 
  0.9385882 191.1978 
  0.9848046 188.3582 
  0.9757888 187.4211 
  0.9646708 185.5609 
  0.9402191 183.7191 
  0.91392 181.8956 
  0.9158237 179.1942 
  0.9203459 178.3027 
  0.9968374 177.4156 
  0.9911069 175.6547 
  0.986623 173.9112 
  0.9826406 171.3284 
  0.980831 167.9442 
  0.8259196 163.8079 
  0.8900076 162.9929 
  0.9494842 161.3751 
  0.9681171 161.3751 
  0.9769988 160.5723 
  0.9255902 160.5723 
  0.810371 162.182 
  0.5306129 165.4501 
  0.8711215 168.784 
  0.7693014 172.185 
  0.02990881 175.6547 
  0.05235881 179.1942 
  -0.1978384 182.8051 
  -0.05566192 186.4887 
  -0.04880561 191.1978 
  0.1387906 196.0257 
  0.3015263 199.9758 
  0.2929655 200.9756 
  0.1963543 200.9756 
  0.1813902 197.9909 
  0.1773726 197.9909 
  0.09126326 199.9758 
  0.7176949 198.9809 
  0.6597429 191.1978 
  0.8372331 186.4887 
  0.9566818 182.8051 
  0.9606839 180.0902 
  0.9389102 176.533 
  0.8941873 173.046 
  0.9105873 169.6279 
  0.8204159 164.6269 
  0.6312855 158.9785 
  0.5911402 152.0001 
  0.8036106 145.328 
  0.8427629 141.0434 
  0.7585598 136.8852 
  0.3392603 132.1886 
  0.2100666 125.7574 
  0.1462516 124.5092 
  0.1179763 125.7574 
  0.1158193 125.7574 
  0.09471259 125.1317 
  0.07554785 125.1317 
  0.07672331 125.1317 
  0.2624624 125.1317 
  -0.107937 125.1317 
  -0.1988618 125.1317 
  0.1324369 125.1317 
  -0.1262147 125.1317 
  -0.0408417 125.1317 
  0.3722792 125.1317 
  0.01435606 125.1317 
  -0.18613 125.1317 
  -0.1268622 125.1317 
  0.100972 125.1317 
  -0.01557151 125.1317 
  -0.03576279 125.1317 
  0.006429372 125.1317 
  0.0447611 125.1317 
  0.2559691 125.1317 
  0.2512614 125.1317 
  0.2054883 125.1317 
  0.0802367 125.1317 
  0.04202813 125.1317 
  -0.0146468 125.1317 
  -0.1184216 125.1317 
  -0.02913671 125.1317 
  0.01675766 125.1317 
  0.01052386 125.1317 
  0.03007252 125.1317 
  0.0173912 125.1317 
  0.08778572 125.1317 
  0.02834044 125.1317 
  0.1721923 125.1317 
  -0.0653435 125.1317 
  -0.0847667 125.1317 
  -0.117463 125.1317 ]
