 [
  -0.08575847 232.2518 
  0.04801574 232.2518 
  0.04651844 232.2518 
  0.2115507 232.2518 
  0.08479561 232.2518 
  -0.0293693 232.2518 
  0.04275155 232.2518 
  -0.09445583 232.2518 
  -0.03286781 232.2518 
  0.4470039 232.2518 
  0.8850973 232.2518 
  0.777416 232.2518 
  0.3422539 231.0963 
  0.5963132 228.8026 
  0.9337384 228.8026 
  0.971936 232.2518 
  0.978825 235.753 
  0.9792421 239.307 
  0.9824328 244.1292 
  0.9855275 247.8095 
  0.9869363 249.0485 
  0.9646363 247.8095 
  0.9034383 242.9146 
  0.8705438 240.5036 
  0.9739523 241.7061 
  0.9084994 247.8095 
  0.9162238 256.614 
  0.9504619 267.06 
  0.966015 272.4414 
  0.9935843 277.9312 
  0.9980549 279.3209 
  0.9976496 277.9312 
  0.9940387 275.1726 
  0.9943206 272.4414 
  0.9981561 271.0859 
  0.9979338 268.3953 
  0.9988089 265.7313 
  1.000003 264.4093 
  0.9901037 264.4093 
  0.9913318 265.7313 
  0.9927211 265.7313 
  0.9980032 265.7313 
  0.9935157 263.0938 
  0.9909689 260.4825 
  0.9801726 256.614 
  0.9472821 252.8029 
  0.933336 249.0485 
  0.9710068 244.1292 
  0.9948803 241.7061 
  0.9966816 239.307 
  0.9966862 236.9318 
  0.9771512 233.4131 
  0.9472705 229.9466 
  0.945825 227.6642 
  0.9930516 225.4046 
  0.9819208 226.5316 
  0.9631604 226.5316 
  0.9314179 226.5316 
  0.8383555 225.4046 
  0.3016496 226.5316 
  -0.00870764 227.6642 
  -0.02015802 228.8026 
  -0.08874581 229.9466 
  -0.05492317 231.0963 
  -0.0805532 232.2518 
  -0.08333886 233.4131 
  -0.03395227 234.5801 
  0.09842181 235.753 
  -0.000266387 236.9318 
  -0.1176746 238.1164 
  -0.2027472 239.307 
  -0.1175674 240.5036 
  -0.009146227 241.7061 
  0.6566491 242.9146 
  0.635226 228.8026 
  0.7400987 222.057 
  0.9656325 215.5104 
  0.982943 214.4382 
  0.9848182 214.4382 
  0.9752433 212.3098 
  0.9718517 210.2025 
  0.9838684 208.1162 
  0.9934922 206.0505 
  0.9959278 206.0505 
  0.9950356 206.0505 
  0.9942913 206.0505 
  0.9930274 206.0505 
  0.9791555 207.0808 
  0.9616286 208.1162 
  0.916124 209.1568 
  0.7856774 209.1568 
  0.5432775 208.1162 
  0.1054561 207.0808 
  0.4959612 206.0505 
  0.414013 205.0254 
  0.002259796 204.0054 
  -0.05877331 204.0054 
  -0.1010348 202.9904 
  0.1845729 202.9904 
  0.434884 197.9909 
  0.6872612 196.0257 
  0.9746987 194.0801 
  0.9931839 192.1537 
  0.9934508 191.1978 
  0.9952855 189.3 
  0.9942483 188.3582 
  0.9969585 187.4211 
  0.9977605 186.4887 
  0.9926659 186.4887 
  0.9809403 185.5609 
  0.9609616 184.6377 
  0.9335657 183.7191 
  0.8587936 183.7191 
  0.9054638 183.7191 
  0.8885055 183.7191 
  0.9096841 183.7191 
  0.9581847 184.6377 
  0.9656577 186.4887 
  0.9894307 188.3582 
  0.9967086 188.3582 
  0.9972466 188.3582 
  0.9951352 188.3582 
  0.9966692 187.4211 
  0.9957157 186.4887 
  0.9968549 185.5609 
  0.9943925 185.5609 
  0.9916833 184.6377 
  0.9804642 184.6377 
  0.9609342 184.6377 
  0.9385175 186.4887 
  0.9456246 189.3 
  0.9496358 194.0801 
  0.9567977 197.9909 
  0.9799669 200.9756 
  0.9909322 201.9805 
  0.9948568 202.9904 
  0.9953801 202.9904 
  0.991776 202.9904 
  0.9864427 204.0054 
  0.9864315 207.0808 
  0.9909155 209.1568 
  0.9929193 210.2025 
  0.9771762 211.2535 
  0.9627502 212.3098 
  0.9184011 213.3714 
  0.9633333 216.5879 
  0.9834731 219.853 
  0.9972877 222.057 
  0.9985713 223.1673 
  0.998819 224.2832 
  0.9977162 225.4046 
  1.000416 225.4046 
  0.9992607 225.4046 
  0.9969144 226.5316 
  0.9951648 227.6642 
  0.9864902 227.6642 
  0.9642124 225.4046 
  0.9701712 220.9523 
  0.9866078 218.7592 
  0.9852107 216.5879 
  0.9900542 215.5104 
  0.9939297 214.4382 
  0.9920869 214.4382 
  0.9882182 212.3098 
  0.9921016 213.3714 
  0.9867734 213.3714 
  0.982371 213.3714 
  0.9737834 212.3098 
  0.9789569 210.2025 
  0.9850048 209.1568 
  0.9849992 207.0808 
  0.9832307 206.0505 
  0.9857861 205.0254 
  0.9876572 204.0054 
  0.9879481 205.0254 
  0.9649847 204.0054 
  0.8871034 204.0054 
  0.4995762 201.9805 
  0.5459197 202.9904 
  0.04952215 204.0054 
  -0.1518289 205.0254 
  -0.08046278 206.0505 
  -0.09067003 207.0808 
  -0.1281201 209.1568 
  -0.04602626 211.2535 
  -0.04281169 212.3098 
  -0.05089936 213.3714 
  -0.004439848 214.4382 
  -0.0180017 215.5104 
  0.1816686 216.5879 
  -0.06076514 217.6709 
  -0.1075624 218.7592 
  0.04424962 219.853 
  -0.09668764 220.9523 
  0.05172483 222.057 
  0.7825515 223.1673 
  0.90476 223.1673 
  0.9282411 220.9523 
  0.9778392 216.5879 
  0.992125 213.3714 
  0.9946752 211.2535 
  0.9959552 209.1568 
  0.9954487 207.0808 
  0.9912944 205.0254 
  0.9937538 202.9904 
  0.992819 200.9756 
  0.9954975 199.9758 
  0.9990019 199.9758 
  0.9988843 199.9758 
  0.9983732 199.9758 
  0.9966277 199.9758 
  0.9981791 200.9756 
  0.9975538 200.9756 
  0.995291 199.9758 
  0.9911067 198.9809 
  0.9712679 197.0059 
  0.9485172 195.0505 
  0.8261667 191.1978 
  0.3867194 189.3 
  0.6038673 187.4211 
  0.816672 188.3582 
  0.9281121 188.3582 
  0.980408 188.3582 
  0.9966424 186.4887 
  0.9973698 185.5609 
  0.998791 184.6377 
  0.9988903 183.7191 
  0.9984661 183.7191 
  0.9982344 183.7191 
  0.9986647 184.6377 
  0.9712114 182.8051 
  0.4833845 179.1942 
  0.121776 173.9112 
  0.1551085 173.046 
  0.5051931 172.185 
  0.4956541 176.533 
  0.4719836 180.0902 
  0.7783794 187.4211 
  -0.1640183 187.4211 
  0.1676923 185.5609 
  0.2615526 189.3 
  0.5397782 181.8956 
  0.7318869 183.7191 
  0.9667214 183.7191 
  0.9862466 185.5609 
  0.9740238 185.5609 
  0.9312853 185.5609 
  0.7233309 184.6377 
  0.1814751 184.6377 
  0.06873144 184.6377 
  0.03144075 184.6377 
  0.01389268 184.6377 
  0.1086807 185.5609 
  0.07569537 186.4887 
  0.06194402 187.4211 
  -0.1129525 188.3582 
  -0.06810801 189.3 
  -0.03139035 190.2465 
  0.009485061 191.1978 
  0.2400873 192.1537 
  -0.01439167 193.1145 
  -0.1511646 194.0801 
  -0.06844672 195.0505 
  0.6067017 196.0257 
  0.8583918 202.9904 
  0.9171361 202.9904 
  0.9599891 201.9805 
  0.9786797 198.9809 
  0.9965393 197.9909 
  0.9915459 197.9909 
  0.9895146 198.9809 
  0.9948742 198.9809 
  0.9970563 198.9809 
  0.9977562 198.9809 
  0.9986705 198.9809 
  0.9999602 198.9809 
  0.9986905 198.9809 
  0.994653 198.9809 
  0.980765 198.9809 
  0.9618537 197.9909 
  0.9658594 196.0257 
  0.9867201 196.0257 
  0.9907106 195.0505 
  0.9898255 193.1145 
  0.9808887 191.1978 
  0.9004453 187.4211 
  0.8888221 184.6377 
  0.8971093 181.8956 
  0.9023688 179.1942 
  0.9560601 177.4156 
  0.9817424 175.6547 
  0.9839746 174.7808 
  0.9938033 173.9112 
  0.9757736 172.185 
  0.9689931 171.3284 
  0.9890833 170.476 
  0.9799957 169.6279 
  0.8921021 168.784 
  0.8785843 166.2773 
  0.7833084 163.8079 
  0.3836333 163.8079 
  0.3172387 172.185 
  -0.3192285 172.185 
  0.350289 172.185 
  0.2489197 173.046 
  -0.05330274 173.046 
  -0.0940995 173.046 
  -0.3555628 173.046 
  0.06785324 173.9112 
  -0.05605118 174.7808 
  -0.04149271 175.6547 
  -0.1086387 176.533 
  0.6569319 177.4156 
  0.7810881 178.3027 
  0.936558 179.1942 
  0.9036368 179.1942 
  0.79592 180.9906 
  -0.1639514 183.7191 
  0.3690828 186.4887 
  -0.1101277 188.3582 
  -0.1473908 190.2465 
  -0.1570024 193.1145 
  0.4069992 196.0257 
  0.2323495 198.9809 
  0.1849996 200.9756 
  0.3478982 202.9904 
  -0.0725213 205.0254 
  -0.03315158 206.0505 
  0.03974192 207.0808 
  0.2052208 208.1162 
  0.8033996 209.1568 
  0.8991571 207.0808 
  0.891279 202.9904 
  0.9438571 197.9909 
  0.9898731 195.0505 
  0.995517 194.0801 
  0.9953668 194.0801 
  0.9969687 195.0505 
  0.9968729 195.0505 
  0.9976665 196.0257 
  0.9969248 197.0059 
  0.9956416 197.0059 
  0.9945617 197.0059 
  0.9693134 195.0505 
  0.9424729 191.1978 
  0.8959098 186.4887 
  0.8321204 182.8051 
  0.8809431 180.0902 
  0.8954619 178.3027 
  0.9261339 176.533 
  0.9451646 175.6547 
  0.9419277 174.7808 
  0.8665662 174.7808 
  0.7470698 175.6547 
  0.6788846 177.4156 
  0.7333527 179.1942 
  0.819019 180.9906 
  0.9144014 183.7191 
  0.9280924 186.4887 
  0.9007386 188.3582 
  0.9472759 188.3582 
  0.9640145 189.3 
  0.9861561 189.3 
  0.9857525 190.2465 
  0.985825 190.2465 
  0.9831925 189.3 
  0.9925826 189.3 
  0.9928807 189.3 
  0.9830628 190.2465 
  0.9810799 191.1978 
  0.9921477 193.1145 
  0.9783989 193.1145 
  0.9542073 194.0801 
  0.9399269 195.0505 
  0.8035006 193.1145 
  0.3283492 193.1145 
  0.1724177 193.1145 
  0.6949107 193.1145 
  0.4666463 193.1145 
  -0.02110188 193.1145 
  -0.07303637 193.1145 
  0.2949447 193.1145 
  0.266872 192.1537 
  0.779961 191.1978 
  0.8472015 188.3582 
  0.8888304 184.6377 
  0.8966274 180.9906 
  0.8935356 175.6547 
  0.8809199 170.476 
  0.3110585 168.784 
  -0.0897207 169.6279 
  -0.271211 170.476 
  -0.1961997 171.3284 
  -0.1667053 171.3284 
  0.4706684 171.3284 
  0.7591574 171.3284 
  0.8922122 172.185 
  0.8801497 176.533 
  0.9312045 179.1942 
  0.9872384 179.1942 
  0.9883848 178.3027 
  0.9932312 177.4156 
  0.9930143 177.4156 
  0.9953676 177.4156 
  0.9985807 176.533 
  0.9987586 176.533 
  0.999429 175.6547 
  0.998116 174.7808 
  0.9946217 173.9112 
  0.9858566 172.185 
  0.9850932 170.476 
  0.990238 170.476 
  0.9727 170.476 
  0.9056016 168.784 
  0.8871168 164.6269 
  0.97396 162.9929 
  0.8691624 162.182 
  0.8005761 160.5723 
  0.9176835 157.4006 
  0.3882362 161.3751 
  0.0961456 167.9442 
  0.08774092 172.185 
  0.3737399 172.185 
  -0.07254192 172.185 
  -0.04392503 172.185 
  -0.06155806 172.185 
  -0.1892156 172.185 
  -0.2657588 173.046 
  -0.3036883 173.9112 
  -0.1572032 174.7808 
  -0.0367059 175.6547 
  -0.073057 176.533 
  -0.06016184 177.4156 
  0.2160116 178.3027 
  -0.07815069 179.1942 
  0.04868495 180.0902 
  -0.0996474 180.9906 
  -0.05955774 181.8956 
  0.1175275 182.8051 
  0.1757313 183.7191 
  0.3842729 179.1942 
  0.6637189 180.9906 
  0.9767383 180.9906 
  0.9778044 180.0902 
  0.9751036 178.3027 
  0.9905319 177.4156 
  0.9797288 175.6547 
  0.9815891 174.7808 
  0.9675418 172.185 
  0.9725395 170.476 
  0.9788054 167.9442 
  0.9775871 167.1087 
  0.9866299 165.4501 
  0.9846898 163.8079 
  0.9764054 162.9929 
  0.892598 161.3751 
  0.5050312 156.6175 
  0.3713016 152.7601 
  -0.1715977 152.0001 
  -0.1548514 151.2439 
  0.166493 150.4914 
  0.2417462 150.4914 
  0.2712551 150.4914 
  0.02877155 150.4914 
  0.07513531 150.4914 
  0.2932124 150.4914 
  0.1231237 150.4914 
  0.03100952 150.4914 
  0.0116299 150.4914 
  0.03591935 150.4914 
  0.03596806 150.4914 
  0.06340096 150.4914 
  0.133026 150.4914 
  0.04471507 150.4914 
  0.02885181 150.4914 
  0.08411384 150.4914 
  0.3032462 150.4914 
  0.2767322 150.4914 
  0.3194431 150.4914 
  0.05942351 150.4914 
  0.05993771 150.4914 
  -0.06669441 150.4914 
  -0.1752825 150.4914 
  -0.2509207 150.4914 
  0.02135382 150.4914 
  0.02073951 150.4914 
  0.1532752 150.4914 
  -0.05273002 150.4914 
  -0.07732834 150.4914 
  0.1003165 150.4914 
  0.2838078 150.4914 
  0.1718897 150.4914 
  0.1267141 150.4914 
  0.02513647 150.4914 
  0.03266732 150.4914 
  -0.1024732 150.4914 
  -0.29083 150.4914 
  -0.3130739 150.4914 
  -0.03979609 150.4914 
  -0.133573 150.4914 ]
