 [
  -0.04130365 123.2734 
  -0.04163448 123.2734 
  -0.1611626 123.2734 
  -0.1222061 123.2734 
  -0.1361954 123.2734 
  -0.07755192 123.2734 
  0.002631749 123.2734 
  -0.1037362 123.2734 
  -0.0642188 123.2734 
  0.0263333 123.2734 
  0.1251514 123.2734 
  -0.09110113 123.2734 
  0.1643404 123.2734 
  0.2041954 123.2734 
  0.137865 123.2734 
  -0.04842458 123.2734 
  -0.02875576 123.2734 
  0.1301917 123.2734 
  -0.0234166 123.2734 
  0.1336081 123.2734 
  0.2423497 123.2734 
  0.1761872 123.2734 
  0.1565121 123.2734 
  -0.01833398 123.2734 
  -0.09666794 123.2734 
  -0.0776308 123.2734 
  0.1600977 123.2734 
  0.2405546 122.6601 
  0.3484533 122.0498 
  -0.05836136 120.2372 
  0.7487625 120.2372 
  0.5937096 113.8184 
  0.788808 115.5342 
  0.798049 113.2521 
  0.819951 112.6886 
  0.7907768 111.0151 
  0.8659504 109.3664 
  0.9154711 108.2809 
  0.9441793 107.2061 
  0.8890457 106.6728 
  0.8390194 105.614 
  0.7419018 104.0455 
  0.01658626 104.5657 
  -0.05758565 106.142 
  0.05715553 107.7421 
  0.02463937 109.3664 
  0.254067 111.0151 
  0.04303372 112.6886 
  0.1906607 114.3874 
  0.1293769 116.1118 
  0.1496512 117.8622 
  0.2269837 119.639 
  0.6575801 121.4426 
  0.583223 119.639 
  0.5220433 117.2759 
  0.7755025 113.2521 
  0.7604245 109.3664 
  0.03205502 107.7421 
  0.04076631 107.2061 
  0.06812153 107.2061 
  -0.1421641 107.2061 
  0.05725212 107.2061 
  -0.2761155 107.2061 
  0.1780007 107.2061 
  0.1267338 107.2061 
  -0.08210231 107.7421 
  -0.03759715 108.2809 
  -0.260065 108.2809 
  0.6627048 107.7421 
  0.8327127 107.2061 
  0.9724572 107.2061 
  0.9759728 106.142 
  0.9694205 105.614 
  0.9251026 104.5657 
  0.8364263 103.0128 
  0.6083901 100.978 
  -0.5773207 101.4829 
  -0.002338593 102.5003 
  0.695369 103.5278 
  0.2831428 104.5657 
  0.07970413 105.614 
  -0.1892641 106.6728 
  -0.02849735 107.7421 
  -0.1408815 108.2809 
  0.7323779 106.142 
  0.8737751 104.5657 
  0.9492222 103.5278 
  0.978407 102.5003 
  0.9843829 101.4829 
  0.9731884 100.978 
  0.9878756 99.97575 
  0.9866749 98.98344 
  0.973619 98.00098 
  0.9549611 97.02828 
  0.9721593 96.06523 
  0.9624775 95.5873 
  0.9241425 95.11173 
  0.8906274 94.63854 
  0.8853058 94.1677 
  0.9238983 93.23304 
  0.9558315 93.23304 
  0.9701917 93.23304 
  0.9845943 93.23304 
  0.9406915 93.6992 
  0.9096474 93.6992 
  0.9833569 94.63854 
  0.9382355 95.5873 
  0.9633111 97.02828 
  0.8912173 98.00098 
  0.9048939 99.97575 
  0.8346822 101.4829 
  0.8924433 103.5278 
  0.795778 103.0128 
  0.6761878 101.4829 
  0.5510586 98.00098 
  0.5990843 98.491 
  0.7263693 99.47836 
  0.8411052 100.978 
  0.9276894 101.9903 
  0.9446357 103.0128 
  0.9645807 103.5278 
  0.9459262 102.5003 
  0.9003137 101.4829 
  0.7850152 99.47836 
  0.7072623 97.02828 
  0.450386 98.98344 
  0.3911992 99.47836 
  0.1048391 99.97575 
  -0.0006322955 99.97575 
  0.117804 99.97575 
  -0.07821953 99.47836 
  0.08044946 98.98344 
  0.04474337 98.491 
  0.07741419 98.00098 
  -0.02586298 97.51342 
  -0.09103224 97.02828 
  0.05294865 96.06523 
  0.2548752 95.11173 
  0.7212102 96.06523 
  0.8150219 96.54556 
  0.9683913 96.54556 
  0.9470476 96.06523 
  0.9869339 94.63854 
  0.9867947 94.1677 
  0.9977913 93.6992 
  0.9930981 93.23304 
  0.972172 92.30766 
  0.9210659 91.39146 
  0.7655292 90.03418 
  0.3974895 88.69706 
  -0.09452178 87.8167 
  0.1081657 87.3798 
  0.06188053 86.94508 
  0.1473753 86.51251 
  0.09516753 86.0821 
  -0.2006116 85.65383 
  0.04530886 85.2277 
  0.106314 84.80367 
  0.3202328 83.96195 
  0.3556124 82.71502 
  0.1326532 81.89403 
  -0.03738523 83.54424 
  0.5001509 89.14054 
  0.7550837 90.03418 
  0.9517708 90.03418 
  0.9613168 90.48434 
  0.8448395 89.58624 
  0.8549966 87.8167 
  0.8688413 87.8167 
  0.9428791 87.8167 
  0.7577641 87.8167 
  0.3764325 88.69706 
  -0.08490046 90.93677 
  -0.03891174 93.6992 
  0.01751167 96.54556 
  -0.2409859 99.47836 
  -0.01238946 101.9903 
  -0.08613858 105.0885 
  -0.06762896 107.7421 
  -9.722635e-05 109.9132 
  0.02007654 111.0151 
  0.04837239 112.128 
  0.2957443 113.2521 
  0.7483158 113.8184 
  0.4238852 107.7421 
  0.6588833 103.5278 
  0.9646857 101.9903 
  0.9838932 100.978 
  0.9895449 99.97575 
  0.9911851 99.47836 
  0.9962385 98.98344 
  0.9884705 99.47836 
  0.990476 99.47836 
  0.9141085 98.98344 
  0.7898918 98.00098 
  0.5188044 97.02828 
  -0.5103557 97.02828 
  -0.01218724 98.00098 
  0.5916664 98.98344 
  0.6962554 99.97575 
  0.378288 100.978 
  0.3874991 101.4829 
  0.792274 99.47836 
  0.8154084 100.978 
  0.9176358 101.4829 
  0.9911274 101.9903 
  0.9868576 101.4829 
  0.9890026 100.978 
  0.9719573 100.4756 
  0.9646586 99.97575 
  0.9515868 98.98344 
  0.8180062 98.491 
  0.6850586 96.54556 
  0.6325107 92.7692 
  0.2247564 92.7692 
  0.2260874 92.30766 
  0.09501432 91.84841 
  0.001705717 91.84841 
  0.01422345 91.84841 
  0.1028694 91.84841 
  -0.1003342 91.84841 
  0.0500772 91.84841 
  0.2353198 92.7692 
  0.6558182 95.5873 
  0.7725102 95.5873 
  0.7542261 95.5873 
  0.5800351 94.63854 
  0.8247593 86.0821 
  0.4163923 85.65383 
  0.7223862 86.51251 
  0.9035986 86.94508 
  0.686196 86.94508 
  0.8722192 86.51251 
  0.9087073 86.51251 
  0.9674153 86.51251 
  0.863208 86.51251 
  0.8450137 85.65383 
  0.7852817 85.2277 
  0.8848064 84.38177 
  0.8773005 84.38177 
  0.9048305 84.38177 
  0.7573638 84.38177 
  0.6820917 84.38177 
  0.7701134 84.80367 
  0.7571492 85.2277 
  0.3664536 86.0821 
  -0.06843277 86.51251 
  0.08939749 86.94508 
  0.667256 92.30766 
  0.7258934 92.30766 
  0.8811933 92.30766 
  0.6319118 93.23304 
  0.9151531 97.02828 
  0.6705633 96.06523 
  0.0861089 98.98344 
  0.4258338 90.93677 
  0.3640143 94.63854 
  0.8466293 98.98344 
  0.9872208 99.47836 
  0.9834744 99.47836 
  0.9587746 98.491 
  0.9387329 97.51342 
  0.9443823 96.54556 
  0.9743849 96.06523 
  0.965817 96.06523 
  0.9701158 97.02828 
  0.955021 98.00098 
  0.9805893 98.491 
  1.0007 98.491 
  0.9060577 98.00098 
  0.7722007 97.51342 
  0.738416 95.5873 
  0.7864205 90.93677 
  -0.07226476 91.39146 
  0.6299753 91.84841 
  0.6750949 92.30766 
  -0.07791989 92.7692 
  -0.1473369 93.23304 
  -0.1504462 94.1677 
  0.1138943 95.11173 
  0.05139789 95.5873 
  0.7351894 97.02828 
  0.9784405 97.51342 
  0.9675887 98.491 
  0.9901894 98.98344 
  0.9965249 98.491 
  0.9851475 98.491 
  0.9484223 98.00098 
  0.7104318 97.51342 
  0.5426216 93.23304 
  -0.1732045 92.7692 
  0.07149546 91.84841 
  0.6224229 90.93677 
  0.9652125 90.48434 
  0.9246554 90.03418 
  0.789034 89.58624 
  0.3763208 89.14054 
  -0.005562397 88.69706 
  0.2344567 88.25578 
  0.3693938 87.8167 
  0.5602022 93.23304 
  0.728605 94.63854 
  0.9670348 94.63854 
  0.975217 94.1677 
  0.9798532 93.23304 
  0.964398 92.30766 
  0.8959778 90.93677 
  0.8731301 90.03418 
  0.8464455 90.48434 
  0.4775591 92.30766 
  0.1667322 83.96195 
  0.2514181 81.89403 
  0.3333395 83.96195 
  0.1542301 82.71502 
  0.7580372 84.80367 
  0.07303479 85.65383 
  0.09747864 88.25578 
  0.4763407 90.93677 
  0.7387196 95.11173 
  0.5245071 90.48434 
  0.713567 90.48434 
  0.952727 90.03418 
  0.9568126 90.03418 
  0.9161436 90.03418 
  0.9728436 90.93677 
  0.6943076 90.48434 
  0.1671708 90.03418 
  0.06315359 87.3798 
  0.1114215 89.58624 
  0.09796329 89.58624 
  0.09999897 89.58624 
  -0.001964308 88.69706 
  0.008734107 88.25578 
  0.07318656 88.25578 
  0.1580617 88.69706 
  0.1103662 89.58624 
  0.3801944 89.58624 
  0.2764609 94.63854 
  0.6141175 98.00098 
  0.369013 92.30766 
  0.864121 91.84841 
  0.8599105 90.48434 
  0.7399065 89.58624 
  0.8167735 88.25578 
  0.9283254 86.94508 
  0.8286512 86.51251 
  0.7337989 86.0821 
  0.9133704 86.51251 
  0.9934282 86.51251 
  0.9624721 86.51251 
  0.5809543 87.8167 
  0.5874978 86.94508 
  0.6427128 86.94508 
  0.8678814 86.94508 
  0.7433538 87.8167 
  0.7352421 88.69706 
  0.6378355 89.58624 
  0.663977 90.03418 
  0.5955039 91.39146 
  0.5617221 89.58624 
  0.5652895 90.03418 
  0.6767958 90.03418 
  0.9224393 91.84841 
  0.9339724 91.84841 
  0.9659581 91.84841 
  0.9347413 91.39146 
  0.9462332 90.93677 
  0.9564056 91.84841 
  0.9359648 92.30766 
  0.9381177 92.30766 
  0.9255055 91.84841 
  0.8323165 91.39146 
  0.6972003 90.93677 
  0.3395914 88.69706 
  0.4359564 88.69706 
  0.6584498 88.25578 
  -0.06202418 89.58624 
  0.027826 91.39146 
  0.06278381 93.23304 
  -0.2194508 95.11173 
  -0.07817218 97.02828 
  -0.0411306 98.98344 
  -0.0049645 100.4756 
  -0.05085916 101.9903 
  0.07081659 103.5278 
  0.1005604 104.5657 
  0.1298035 105.614 
  0.340547 106.142 
  0.6806897 104.5657 
  0.1976178 104.0455 
  0.4001173 95.5873 
  0.7822083 95.11173 
  0.7508541 93.6992 
  0.7516595 91.39146 
  0.8281827 88.69706 
  0.1555231 89.58624 
  0.2486289 90.48434 
  0.2627952 91.39146 
  -0.0200113 91.84841 
  -0.05641587 92.7692 
  -0.02055668 93.6992 
  -0.02487246 94.1677 
  0.05860606 94.63854 
  0.07571442 95.11173 
  0.1113862 95.5873 
  0.1783359 96.54556 
  0.02170691 97.51342 
  0.396938 98.491 
  0.3307061 95.11173 
  0.4827427 91.39146 
  0.4632968 93.6992 
  0.1952417 88.69706 
  0.1059229 83.54424 
  0.2468144 84.38177 
  0.3182809 83.96195 
  0.1938857 83.96195 
  0.3207752 86.0821 
  0.6243001 88.25578 
  0.8603253 90.03418 
  0.9601692 90.03418 
  0.9040143 90.93677 
  0.9129767 90.93677 
  0.781206 90.48434 
  0.7976905 88.69706 
  0.7448063 86.51251 
  0.5682019 87.3798 
  0.1505758 88.25578 
  0.0791629 89.14054 
  0.07546055 90.03418 
  0.03888193 90.93677 
  -0.1404771 91.84841 
  0.02667757 92.7692 
  0.0518539 93.6992 
  -0.1673783 94.63854 
  -0.1679092 95.5873 
  -0.03188603 96.54556 
  0.00123868 97.51342 
  -0.1244404 98.491 
  0.620845 99.47836 
  0.4758913 98.00098 
  0.5682518 96.54556 
  0.8748008 94.63854 
  0.9113156 95.5873 
  0.9861877 96.54556 
  0.9707447 96.54556 
  0.8985283 97.02828 
  0.7782227 97.51342 
  0.5403334 97.51342 
  0.4666 97.51342 
  0.5065224 97.51342 
  0.2293312 97.51342 
  -0.3456081 97.51342 
  0.02644282 97.51342 
  0.004527046 97.51342 
  -0.2620237 97.51342 
  -0.1661479 97.51342 
  -0.03310063 97.51342 ]
