 [
  0.2355469 257.8971 
  0.4630708 257.8971 
  0.2946764 257.8971 
  0.02859965 257.8971 
  0.1396284 257.8971 
  -0.04358802 257.8971 
  0.0485776 257.8971 
  0.1283448 257.8971 
  0.3704659 257.8971 
  0.2642859 257.8971 
  0.2721698 257.8971 
  0.2646964 257.8971 
  0.4753691 257.8971 
  0.232191 257.8971 
  0.1761371 257.8971 
  0.2131715 257.8971 
  0.04348226 257.8971 
  0.09645844 257.8971 
  0.1019345 257.8971 
  0.02403326 257.8971 
  -0.003878839 257.8971 
  -0.05851651 257.8971 
  -0.07662214 257.8971 
  -0.2019292 257.8971 
  0.1416521 257.8971 
  0.6571289 257.8971 
  0.8240278 255.3373 
  0.9096974 250.2938 
  0.9536247 242.9146 
  0.9543023 235.753 
  0.8678631 229.9466 
  0.6092374 235.753 
  0.4607943 245.3498 
  0.3990521 254.067 
  0.2417618 269.7372 
  0.1988857 283.5317 
  0.07837906 272.4414 
  0.05767386 263.0938 
  0.3318072 233.4131 
  0.642931 238.1164 
  0.8778336 244.1292 
  0.8520066 250.2938 
  0.8999401 255.3373 
  0.944484 260.4825 
  0.9700248 265.7313 
  0.978658 268.3953 
  0.9773921 271.0859 
  0.9720834 273.8036 
  0.9771724 275.1726 
  0.979017 276.5485 
  0.9333609 276.5485 
  0.8443918 276.5485 
  0.9695652 282.1211 
  0.9789295 284.9493 
  0.986744 284.9493 
  0.994986 283.5317 
  0.9971392 282.1211 
  0.9953853 283.5317 
  0.9947996 284.9493 
  0.9910103 289.245 
  0.9897413 290.6912 
  0.9852481 293.6054 
  0.9853663 295.0734 
  0.962716 293.6054 
  0.9273073 289.245 
  0.8631021 287.806 
  0.8437517 289.245 
  0.9177079 293.6054 
  0.9618917 299.5217 
  0.9756169 308.6204 
  0.981108 317.9955 
  0.9921631 321.1834 
  0.9369897 313.2729 
  0.8643861 296.5488 
  0.9567227 282.1211 
  0.9907129 276.5485 
  0.9945217 272.4414 
  0.9894065 268.3953 
  0.9922874 264.4093 
  0.9944116 261.7849 
  0.9925839 257.8971 
  0.9749822 255.3373 
  0.9505651 252.8029 
  0.8893912 249.0485 
  0.9852991 247.8095 
  0.9954272 245.3498 
  0.9950575 244.1292 
  0.899861 242.9146 
  0.9614179 242.9146 
  0.9803271 241.7061 
  0.9987801 240.5036 
  0.9993617 239.307 
  0.9978337 238.1164 
  0.992184 236.9318 
  0.9800758 236.9318 
  0.9678913 236.9318 
  0.7920836 236.9318 
  0.2182724 236.9318 
  0.2522083 236.9318 
  -0.1024969 236.9318 
  -0.03310595 236.9318 
  -0.511974 236.9318 
  -0.05635186 236.9318 
  -0.05831304 236.9318 
  0.04422406 236.9318 
  0.03415918 236.9318 
  -0.03377316 236.9318 
  -0.04694096 236.9318 
  -0.06047516 238.1164 
  -0.2363297 238.1164 
  0.8145503 239.307 
  0.7616251 238.1164 
  0.72514 236.9318 
  0.2951854 233.4131 
  0.3708532 228.8026 
  0.5655729 231.0963 
  0.08645633 233.4131 
  0.01725062 238.1164 
  0.1391851 247.8095 
  0.3067922 246.5766 
  0.1487665 234.5801 
  0.6962848 229.9466 
  0.954199 231.0963 
  0.991771 233.4131 
  0.9930431 234.5801 
  0.9883971 235.753 
  0.993985 236.9318 
  0.9875693 236.9318 
  0.9951229 238.1164 
  0.9944311 238.1164 
  0.9945765 238.1164 
  0.9928157 238.1164 
  0.9882135 239.307 
  0.9193272 239.307 
  0.8553606 239.307 
  0.8395733 241.7061 
  0.9653003 244.1292 
  0.9726224 242.9146 
  0.9829024 241.7061 
  0.9934949 240.5036 
  0.997536 239.307 
  0.9968403 238.1164 
  0.9975373 236.9318 
  0.9912232 234.5801 
  0.9881896 232.2518 
  0.9868582 231.0963 
  0.9782822 228.8026 
  0.9710447 226.5316 
  0.9827896 224.2832 
  0.9934643 223.1673 
  0.9936972 222.057 
  0.9897089 220.9523 
  0.9964204 219.853 
  0.9937208 219.853 
  0.9941034 219.853 
  0.9871441 220.9523 
  0.9847811 220.9523 
  0.9839787 220.9523 
  0.9556251 223.1673 
  0.9385988 223.1673 
  0.8768553 226.5316 
  0.8995061 225.4046 
  0.6844744 227.6642 
  0.3033933 229.9466 
  -0.1734489 232.2518 
  0.03122199 233.4131 
  0.3482673 235.753 
  0.03646101 236.9318 
  0.0354485 238.1164 
  -0.1157949 240.5036 
  -0.03557923 242.9146 
  0.042331 245.3498 
  0.03510424 247.8095 
  0.2037818 250.2938 
  0.356671 252.8029 
  0.2697491 254.067 
  0.5956229 255.3373 
  0.8850117 254.067 
  0.8381968 245.3498 
  0.8759193 234.5801 
  0.9573034 228.8026 
  0.9595783 225.4046 
  0.9578511 222.057 
  0.9730958 217.6709 
  0.9820131 215.5104 
  0.9927444 213.3714 
  0.9908288 211.2535 
  0.9900982 210.2025 
  0.9908521 209.1568 
  0.9849319 207.0808 
  0.954616 204.0054 
  0.9625213 201.9805 
  0.9822482 198.9809 
  0.9792433 197.9909 
  0.9859223 197.9909 
  0.9834059 197.9909 
  0.9900848 197.9909 
  0.9910112 197.9909 
  0.9784716 197.0059 
  0.9675466 196.0257 
  0.9289288 196.0257 
  0.653986 196.0257 
  0.6058169 196.0257 
  -0.1188058 196.0257 
  -0.07824276 196.0257 
  0.04089343 196.0257 
  0.07202253 196.0257 
  -0.05239226 196.0257 
  -0.0668573 196.0257 
  0.02607726 196.0257 
  0.1853144 196.0257 
  0.06556313 196.0257 
  -0.05163289 196.0257 
  -0.05893426 196.0257 
  -0.0639399 196.0257 
  0.1569901 196.0257 
  0.1500629 196.0257 
  0.06073762 196.0257 
  0.04675888 196.0257 
  0.04847629 196.0257 
  0.1688483 196.0257 
  0.06794968 196.0257 
  -0.0175116 196.0257 
  -0.2942946 196.0257 
  0.1454064 196.0257 
  0.02485535 196.0257 
  -0.1870072 196.0257 
  -0.1291238 196.0257 
  -0.1344409 196.0257 
  -0.04117139 196.0257 
  0.04197876 196.0257 
  0.0538937 196.0257 
  0.09417377 196.0257 
  0.1406239 196.0257 ]
