 [
  0.01154291 178.3027 
  0.1059841 178.3027 
  0.1473873 178.3027 
  -0.06603748 178.3027 
  -0.1047571 178.3027 
  0.01726965 178.3027 
  0.2849537 178.3027 
  0.255852 178.3027 
  0.2618227 178.3027 
  -0.09207663 178.3027 
  0.2246608 178.3027 
  0.1828181 178.3027 
  -0.05709775 178.3027 
  0.48127 178.3027 
  0.7089099 178.3027 
  0.7055752 184.6377 
  0.8665208 183.7191 
  0.9466572 182.8051 
  0.9693509 180.9906 
  0.9405384 178.3027 
  0.8620082 173.9112 
  0.4184768 173.046 
  0.1583024 174.7808 
  0.0941489 176.533 
  0.2661602 178.3027 
  0.03451316 180.9906 
  0.06110746 183.7191 
  -0.04126754 186.4887 
  0.05744701 188.3582 
  -0.02420168 189.3 
  -0.1088885 190.2465 
  -0.162118 192.1537 
  0.0738164 193.1145 
  0.07250549 194.0801 
  -0.02895617 195.0505 
  -0.04329826 196.0257 
  0.1173967 197.0059 
  0.6056381 198.9809 
  0.7148733 192.1537 
  0.9542403 189.3 
  0.9784194 187.4211 
  0.99019 186.4887 
  0.9829965 186.4887 
  0.9530076 189.3 
  0.9047244 192.1537 
  0.8406501 197.9909 
  0.9402043 202.9904 
  0.9423217 206.0505 
  0.896467 206.0505 
  0.3461038 208.1162 
  0.1860603 212.3098 
  0.5399452 216.5879 
  -0.02552783 222.057 
  0.1898029 227.6642 
  -0.134381 233.4131 
  0.2382037 239.307 
  0.1398108 245.3498 
  -0.1663161 251.5452 
  -0.04023338 257.8971 
  0.7934789 261.7849 
  0.8671702 247.8095 
  0.8844144 241.7061 
  0.9510257 235.753 
  0.9762383 228.8026 
  0.9619476 224.2832 
  0.9686012 220.9523 
  0.9851721 219.853 
  0.9965244 218.7592 
  0.9960324 216.5879 
  0.99508 214.4382 
  0.9896802 212.3098 
  0.9084881 210.2025 
  0.8604112 210.2025 
  0.9054591 209.1568 
  0.9813775 206.0505 
  0.9882386 204.0054 
  0.9949063 202.9904 
  0.9921226 202.9904 
  0.9753674 204.0054 
  0.9761001 207.0808 
  0.9567703 208.1162 
  0.9100999 208.1162 
  0.3841109 209.1568 
  -0.01385679 211.2535 
  -0.06364451 213.3714 
  -0.2131765 215.5104 
  0.2076157 217.6709 
  0.2811973 218.7592 
  0.2357227 220.9523 
  0.08940204 222.057 
  -0.3030671 223.1673 
  0.05114748 224.2832 
  -0.02697787 225.4046 
  0.5530468 225.4046 
  0.6886363 215.5104 
  0.8675671 211.2535 
  0.9954093 208.1162 
  0.99449 209.1568 
  0.9859225 210.2025 
  0.9911311 211.2535 
  0.9743105 210.2025 
  0.9441516 207.0808 
  0.8849754 204.0054 
  0.3391921 201.9805 
  0.1287635 200.9756 
  0.3905229 199.9758 
  0.7898419 198.9809 
  0.8526765 198.9809 
  0.9225205 198.9809 
  0.9517122 199.9758 
  0.9727036 200.9756 
  0.9831594 200.9756 
  0.9897949 199.9758 
  0.9861988 197.9909 
  0.9612024 195.0505 
  0.9492703 190.2465 
  0.9460142 184.6377 
  0.96661 180.0902 
  0.9884217 177.4156 
  0.9907103 174.7808 
  0.9910184 173.9112 
  0.9942493 173.046 
  0.9940739 172.185 
  0.9943188 172.185 
  0.9971037 172.185 
  0.9942468 171.3284 
  0.9825591 169.6279 
  0.9819562 167.1087 
  0.9831721 166.2773 
  0.9855422 164.6269 
  0.988695 164.6269 
  0.9936216 165.4501 
  0.9970899 166.2773 
  0.9922647 167.1087 
  0.9852732 167.9442 
  0.9786448 169.6279 
  0.9737828 171.3284 
  0.9672625 173.046 
  0.9478915 173.9112 
  0.9437687 174.7808 
  0.9331836 174.7808 
  0.9002014 174.7808 
  0.8808269 174.7808 
  0.8500891 174.7808 
  0.5653524 174.7808 
  0.2569296 174.7808 
  0.2730595 174.7808 
  0.3054467 174.7808 
  0.3683523 174.7808 
  -0.06092668 174.7808 
  0.09334381 174.7808 
  -0.249956 174.7808 
  -0.3411343 174.7808 
  -0.3338776 174.7808 
  -0.2436094 174.7808 
  0.04521396 174.7808 
  -0.14956 174.7808 
  0.006811728 174.7808 
  0.2019322 174.7808 
  0.03861944 174.7808 
  0.577563 173.9112 
  0.8164988 173.9112 
  0.9291977 175.6547 
  0.9773378 177.4156 
  0.9688599 179.1942 
  0.9710685 180.9906 
  0.9852582 181.8956 
  0.9878235 182.8051 
  0.9790009 183.7191 
  0.9684327 183.7191 
  0.9556163 185.5609 
  0.9274145 185.5609 
  0.9107739 187.4211 
  0.8801757 190.2465 
  0.6993333 194.0801 
  0.1241641 198.9809 
  -0.005176187 204.0054 
  0.6390628 209.1568 
  0.8545223 208.1162 
  0.9748989 205.0254 
  0.9544755 202.9904 
  0.9196842 199.9758 
  0.9599872 196.0257 
  0.9873341 194.0801 
  0.9934385 193.1145 
  0.9930593 194.0801 
  0.9946884 194.0801 
  0.9908017 194.0801 
  0.9973644 194.0801 
  0.9891211 195.0505 
  0.9965584 195.0505 
  0.9923213 195.0505 
  0.9955781 195.0505 
  0.9862948 194.0801 
  0.989552 194.0801 
  0.9866772 194.0801 
  0.9935296 194.0801 
  0.9839166 195.0505 
  0.9808377 197.0059 
  0.9730294 198.9809 
  0.9671065 201.9805 
  0.9823182 205.0254 
  0.9423206 206.0505 
  0.8951424 206.0505 
  0.4008256 208.1162 
  0.5032315 211.2535 
  0.538377 214.4382 
  0.3315044 217.6709 
  0.4521942 220.9523 
  0.6975031 224.2832 
  0.898363 226.5316 
  0.9901488 226.5316 
  0.8997574 223.1673 
  0.4483909 217.6709 
  -0.03064152 210.2025 
  -0.02074176 202.9904 
  0.3000093 194.0801 
  0.6560095 185.5609 
  0.9124599 184.6377 
  0.9976226 185.5609 
  0.998194 185.5609 
  0.9960795 184.6377 
  0.9962138 184.6377 
  0.9957175 184.6377 
  0.9865258 184.6377 
  0.9571415 182.8051 
  0.9451635 181.8956 
  0.974099 182.8051 
  0.9984475 183.7191 
  0.9967487 184.6377 
  0.9840335 185.5609 
  0.8807521 187.4211 
  0.9378489 188.3582 
  0.9897861 188.3582 
  0.989523 187.4211 
  0.9542048 186.4887 
  0.9297033 183.7191 
  0.916298 182.8051 
  0.9978579 182.8051 
  0.9970047 181.8956 
  0.9952719 180.0902 
  0.9959955 179.1942 
  0.9975773 177.4156 
  0.9298892 176.533 
  0.8895467 173.046 
  0.93879 170.476 
  0.9972596 168.784 
  0.9982675 167.9442 
  0.9918112 167.1087 
  0.9942362 167.1087 
  0.9973485 166.2773 
  0.9955819 165.4501 
  0.9970121 164.6269 
  0.9920857 163.8079 
  0.99404 162.182 
  0.9946326 161.3751 
  0.9981668 160.5723 
  0.9991809 159.7734 
  0.9983856 159.7734 
  0.9969278 158.9785 
  0.9980989 158.1876 
  0.9977475 158.1876 
  0.9991149 158.1876 
  0.9983168 157.4006 
  0.9948549 156.6175 
  0.9963211 155.8383 
  0.9975863 155.063 
  0.9929155 155.063 
  0.9848548 155.8383 
  0.8476164 157.4006 
  0.6348008 159.7734 
  0.3835159 162.9929 
  0.506272 164.6269 
  0.1913745 166.2773 
  0.1015748 167.9442 
  0.2695725 169.6279 
  0.3118683 171.3284 
  0.2742568 173.046 
  0.2519149 174.7808 
  0.1975535 176.533 
  0.169768 178.3027 
  0.1585794 180.0902 
  -0.009677703 181.8956 
  -0.03751162 183.7191 
  -0.01486776 185.5609 
  0.1088374 186.4887 
  -0.03648438 187.4211 
  -0.0303488 188.3582 
  -0.4177631 189.3 
  0.274674 190.2465 
  -0.09395441 191.1978 
  -0.07109799 192.1537 
  0.02119456 193.1145 
  -0.007906116 194.0801 
  -0.1734022 195.0505 
  -0.1587542 196.0257 
  0.06926088 197.0059 
  0.0209798 197.9909 
  -0.09150402 198.9809 
  0.03901476 199.9758 
  -0.03240893 200.9756 
  0.5391449 201.9805 
  0.2064399 196.0257 
  0.2944441 180.9906 
  0.8387099 176.533 
  0.9837508 175.6547 
  0.9979779 175.6547 
  0.9977244 175.6547 
  0.9894164 174.7808 
  0.9817043 173.9112 
  0.9937107 172.185 
  0.9797519 169.6279 
  0.9631963 167.1087 
  0.9798279 164.6269 
  0.99033 162.9929 
  0.9860694 161.3751 
  0.9891474 160.5723 
  0.9949961 159.7734 
  0.9896212 158.9785 
  0.9944109 158.1876 
  0.9902673 156.6175 
  0.9699457 155.8383 
  0.6930698 154.2915 
  0.5300738 153.5239 
  0.6387843 152.7601 
  0.7912087 152.7601 
  0.8627765 149.7427 
  0.8559075 148.2564 
  0.9520512 146.0546 
  0.9851631 143.8855 
  0.9846019 142.4574 
  0.987043 141.7487 
  0.989376 141.0434 
  0.9898309 141.0434 
  0.9932683 141.0434 
  0.9458308 140.3417 
  0.8106031 139.6435 
  0.4633867 139.6435 
  -0.1622934 139.6435 
  0.10293 139.6435 
  0.06840106 140.3417 
  -0.03740527 140.3417 
  0.1404199 140.3417 
  0.09574857 140.3417 
  -0.1100633 140.3417 
  -0.247127 140.3417 
  -0.2313549 140.3417 
  -0.1349748 140.3417 
  0.07590389 140.3417 
  -0.02252027 140.3417 
  0.1897904 140.3417 
  0.06093749 140.3417 ]
