 [
  -0.02434649 276.5485 
  0.1106951 276.5485 
  -0.3693402 276.5485 
  -0.01086627 276.5485 
  -0.1332877 276.5485 
  -0.1456782 276.5485 
  0.02790448 276.5485 
  -0.04964114 276.5485 
  -0.1179789 276.5485 
  -0.04874692 276.5485 
  0.1107097 276.5485 
  0.237099 276.5485 
  -0.09288504 276.5485 
  0.05110244 276.5485 
  0.1484769 276.5485 
  0.4166248 276.5485 
  0.7935086 276.5485 
  0.7249535 265.7313 
  0.7404263 240.5036 
  0.940445 232.2518 
  0.9935724 231.0963 
  0.9947547 231.0963 
  0.9794034 232.2518 
  0.969787 232.2518 
  0.9714208 231.0963 
  0.9914994 228.8026 
  0.9952455 227.6642 
  0.9980536 226.5316 
  0.996877 226.5316 
  0.9907628 226.5316 
  0.9699149 224.2832 
  0.9407884 223.1673 
  0.9102665 220.9523 
  0.929876 214.4382 
  0.9580503 215.5104 
  0.9544067 219.853 
  0.9675056 225.4046 
  0.9774801 231.0963 
  0.9855814 234.5801 
  0.9812909 236.9318 
  0.9600595 239.307 
  0.9193795 240.5036 
  0.1998781 240.5036 
  0.782844 241.7061 
  0.2976967 242.9146 
  -0.5689757 244.1292 
  -0.1391089 245.3498 
  -0.1696848 246.5766 
  -0.2406166 247.8095 
  -0.1189971 249.0485 
  0.3903928 250.2938 
  0.8225811 251.5452 
  0.8748583 247.8095 
  0.946757 241.7061 
  0.9662854 236.9318 
  0.977139 232.2518 
  0.9814563 228.8026 
  0.9919276 226.5316 
  0.994182 225.4046 
  0.9928585 224.2832 
  0.9956433 223.1673 
  0.9946847 223.1673 
  0.992917 223.1673 
  0.9941922 222.057 
  0.9928355 220.9523 
  0.9932245 218.7592 
  0.9923379 216.5879 
  0.9961046 215.5104 
  0.9953967 213.3714 
  0.989407 211.2535 
  0.9867725 209.1568 
  0.9902395 206.0505 
  0.9900439 204.0054 
  0.9940168 202.9904 
  0.9874049 201.9805 
  0.9789287 199.9758 
  0.9886953 197.9909 
  0.9934269 197.0059 
  0.9920842 197.0059 
  0.989995 197.9909 
  0.9904903 198.9809 
  0.9859111 199.9758 
  0.98421 200.9756 
  0.9746804 202.9904 
  0.9605801 202.9904 
  0.8742305 204.0054 
  0.4857263 206.0505 
  0.2225204 207.0808 
  0.02652178 208.1162 
  -0.08955146 210.2025 
  -0.08956379 211.2535 
  -0.03102434 212.3098 
  0.121933 213.3714 
  -0.0189373 214.4382 
  -0.01941266 215.5104 
  -0.01995837 216.5879 
  -0.1723707 217.6709 
  0.6071265 213.3714 
  0.7792232 210.2025 
  0.9892323 208.1162 
  0.9930012 207.0808 
  0.9723989 206.0505 
  0.9242159 200.9756 
  0.8585301 191.1978 
  0.6538501 180.9906 
  0.2720411 171.3284 
  -0.1016535 161.3751 
  0.09300055 152.0001 
  -0.01284331 143.1697 
  -0.09237961 134.8523 
  -0.01438424 127.0181 
  0.09638448 119.639 
  -0.07384877 112.6886 
  -0.04832018 106.6728 
  0.05246994 100.4756 
  0.6078433 94.63854 
  0.4900039 93.23304 
  0.4466178 90.48434 
  0.5880358 87.3798 
  0.8560785 85.65383 
  0.8292973 86.0821 
  0.6609277 86.94508 
  0.6539992 87.8167 
  0.8273517 89.14054 
  0.5455834 89.58624 
  0.2999659 90.93677 
  -0.3499999 90.93677 
  -0.6188241 90.93677 
  -0.8077077 90.48434 
  -0.1541967 90.03418 
  -0.2253826 90.03418 
  0.4921135 90.03418 
  0.4940482 91.39146 
  0.5948194 91.39146 
  0.6179816 91.39146 
  0.5726469 90.93677 
  0.371819 91.39146 
  0.4826582 89.14054 
  0.2824795 88.25578 
  0.266985 86.94508 
  -0.05623044 86.51251 
  0.02728012 86.0821 
  -0.3279643 86.0821 
  0.06214969 85.65383 
  0.1705252 85.2277 
  -0.05441906 84.80367 
  0.003952648 84.38177 
  0.05057462 84.38177 
  0.08424611 84.38177 
  0.01424581 84.38177 
  0.1146561 84.38177 
  -0.06091682 84.38177 
  -0.2112619 84.38177 
  -0.05272897 84.38177 
  -0.02004099 84.38177 
  -0.04617362 84.38177 
  -0.04041522 84.38177 
  0.01889101 84.38177 
  0.00902936 84.38177 
  0.002527029 84.38177 
  -0.09133437 84.38177 
  0.05303725 84.38177 
  0.08949511 84.38177 
  0.04543591 84.38177 
  0.01507207 84.38177 
  -0.01164728 84.38177 
  -0.07472599 84.38177 
  0.1916876 84.38177 
  0.3459114 84.38177 
  0.07572117 84.38177 
  -0.1704594 84.38177 
  -0.1938787 84.38177 
  -0.05013892 84.38177 
  0.09235034 84.38177 
  0.06372495 84.38177 
  -0.09325539 84.38177 
  0.02493925 84.38177 
  -0.3940319 84.38177 
  -0.1911046 84.38177 
  0.003200542 84.38177 
  0.02969206 84.38177 
  -0.07120736 84.38177 
  -0.06501576 84.38177 
  0.0398444 84.38177 ]
