 [
  0.1127384 86.0821 
  -0.1068659 86.0821 
  -0.0625074 86.0821 
  -0.1209021 86.0821 
  0.1275441 86.0821 
  -0.058295 86.0821 
  -0.02259941 86.0821 
  0.2024062 86.0821 
  0.2533378 86.0821 
  0.07866067 86.0821 
  0.04488559 86.0821 
  0.3658408 86.0821 
  0.1089694 86.0821 
  0.5470802 86.51251 
  0.577974 86.94508 
  0.653333 86.94508 
  0.5053009 85.2277 
  0.522467 83.96195 
  0.6556851 84.80367 
  0.5782474 85.2277 
  0.6164627 85.2277 
  0.5375984 85.2277 
  0.3746848 85.2277 
  0.2627152 85.65383 
  0.1921963 86.94508 
  0.2858753 88.69706 
  0.1793833 91.39146 
  0.1546532 94.63854 
  -0.04066127 98.00098 
  0.2195412 104.0455 
  0.2768044 106.142 
  0.1491457 107.2061 
  0.114336 107.7421 
  0.1545275 108.8223 
  0.01087011 113.2521 
  0.7126222 118.4515 
  0.8095058 116.6924 
  0.8844296 114.9594 
  0.9780971 113.8184 
  0.9708915 113.2521 
  0.8787792 112.128 
  0.7661158 109.3664 
  0.662249 106.6728 
  0.1248021 107.2061 
  -0.05784308 108.2809 
  -0.1294521 109.3664 
  -0.001211396 110.4628 
  0.02616333 112.128 
  -0.129749 113.8184 
  0.03181911 115.5342 
  0.1123423 117.2759 
  0.02197869 119.0438 
  -0.05472597 120.8384 
  0.04487425 122.6601 
  -0.05487623 124.5092 
  0.4450706 126.3862 
  0.6730719 128.2915 
  0.7866225 126.3862 
  0.9467407 124.5092 
  0.9838918 122.6601 
  0.9868228 121.4426 
  0.991343 121.4426 
  0.987814 121.4426 
  0.9957393 122.0498 
  0.9735228 121.4426 
  0.9422208 119.639 
  0.8750634 117.8622 
  0.7621663 116.1118 
  -0.1227399 116.1118 
  0.046106 116.1118 
  -0.03480779 116.1118 
  -0.1805414 116.1118 
  -0.1898068 116.1118 
  -0.07950377 116.1118 
  -0.04357195 116.1118 
  -0.1428379 116.1118 
  0.09391595 116.1118 
  0.183709 115.5342 
  0.2229214 114.9594 
  0.05788051 114.9594 
  0.06000854 114.9594 
  -0.003827283 114.9594 
  0.07098313 115.5342 
  -0.2126219 115.5342 
  0.04295158 116.1118 
  -0.1520125 116.6924 
  -0.03967592 117.2759 
  -0.05208021 117.8622 
  -0.05288544 118.4515 
  0.0362826 118.4515 
  -0.3197441 118.4515 
  0.6324811 116.6924 
  0.7375779 116.1118 
  0.8602029 115.5342 
  0.8634513 113.8184 
  0.9073259 111.0151 
  0.9674131 110.4628 
  0.9632704 108.8223 
  0.9543128 109.9132 
  0.9554098 111.5702 
  0.9560599 112.6886 
  0.9685555 113.2521 
  0.9803426 113.8184 
  0.9583604 114.9594 
  0.9616119 115.5342 
  0.9854519 116.1118 
  0.9809831 116.1118 
  0.9917911 115.5342 
  0.9935489 114.9594 
  0.9794537 114.9594 
  0.924131 114.3874 
  0.9304639 113.2521 
  0.9285706 112.128 
  0.9309732 111.0151 
  0.8641366 110.4628 
  0.8457132 107.7421 
  0.8103133 105.0885 
  0.7175626 101.9903 
  0.6520956 98.98344 
  0.6369604 96.54556 
  0.627041 94.63854 
  0.6674205 93.23304 
  0.657043 91.39146 
  0.4134095 87.8167 
  0.6946417 88.25578 
  0.9098147 89.58624 
  0.8773069 91.39146 
  0.8509191 90.48434 
  0.9403355 90.03418 
  0.8551059 89.58624 
  0.8036788 88.69706 
  0.9695083 87.8167 
  0.9569227 87.3798 
  0.3705364 86.94508 
  0.3057308 81.08118 
  0.2271912 80.6778 
  0.6695566 82.3035 
  0.8354838 83.54424 
  0.8777628 84.38177 
  0.9171898 85.2277 
  0.8385962 85.2277 
  0.7201346 86.51251 
  0.5798007 87.8167 
  0.4726986 88.69706 
  0.1011953 89.14054 
  -0.04371653 89.58624 
  -0.135066 89.58624 
  -0.08137429 90.03418 
  -0.009910418 90.48434 
  0.1304515 90.93677 
  0.1079534 91.39146 
  -0.06902856 92.30766 
  -0.004643124 93.23304 
  0.06392371 94.1677 
  0.01083244 94.63854 
  0.07476313 95.11173 
  0.03888892 95.5873 
  0.230839 96.06523 
  0.2694784 96.06523 
  0.1604333 96.06523 
  -0.09559964 96.06523 
  0.1942498 96.06523 
  0.1303484 96.06523 
  0.2140303 96.06523 
  0.1736095 96.06523 
  0.09487873 96.06523 
  0.01540547 96.06523 
  -0.03610935 96.06523 
  -0.05347902 96.06523 
  -0.0284442 96.06523 
  0.09777737 96.06523 ]
