 [
  -0.07527524 163.8079 
  -0.1119402 163.8079 
  -0.1579305 163.8079 
  0.008785322 163.8079 
  0.1660583 163.8079 
  0.2125024 163.8079 
  0.3179407 163.8079 
  0.3098764 163.8079 
  0.1233582 163.8079 
  0.1679714 163.8079 
  0.05975815 163.8079 
  0.05555892 163.8079 
  0.255674 163.8079 
  0.2292216 163.8079 
  0.2841184 163.8079 
  0.2098055 163.8079 
  0.1467882 163.8079 
  0.0748737 163.8079 
  -0.04263537 163.8079 
  0.01975978 163.8079 
  -0.07959169 163.8079 
  -0.1223463 163.8079 
  -0.1696426 163.8079 
  -0.06007842 163.8079 
  0.06311312 163.8079 
  0.08601003 163.8079 
  0.1333984 163.8079 
  0.06936114 163.8079 
  -0.2555156 163.8079 
  -0.03200239 163.8079 
  -0.1186384 163.8079 
  -0.01147584 163.8079 
  -0.05527147 163.8079 
  -0.02302496 163.8079 
  0.009053913 163.8079 
  0.7746263 163.8079 
  0.3113075 164.6269 
  0.3627664 165.4501 
  0.2703009 166.2773 
  0.3357543 163.8079 
  0.1318308 155.8383 
  0.05950437 147.5188 
  0.6078149 139.6435 
  0.4332534 132.1886 
  0.148689 125.1317 
  0.6807905 119.639 
  0.8078375 127.0181 
  0.8215836 130.2255 
  0.8674064 132.8496 
  0.8539262 136.8852 
  0.8992587 139.6435 
  0.9338969 141.7487 
  0.91939 143.1697 
  0.8217181 143.8855 
  0.7420566 147.5188 
  0.9749445 151.2439 
  0.9868559 152.0001 
  0.9629307 152.0001 
  0.9097614 152.7601 
  0.9250078 152.0001 
  0.9400814 151.2439 
  0.8992791 149.7427 
  0.8128201 147.5188 
  0.8146961 141.0434 
  0.8215698 135.5266 
  0.9224251 129.5776 
  0.9730337 127.0181 
  0.9728015 127.0181 
  0.969615 128.9329 
  0.9624448 131.531 
  0.96975 131.531 
  0.9560241 130.8766 
  0.9276018 128.9329 
  0.9404588 127.0181 
  0.9680623 125.1317 
  0.7704794 125.1317 
  0.3797962 114.3874 
  0.05605582 113.8184 
  -0.01999639 114.3874 
  0.08254661 114.9594 
  0.01191264 115.5342 
  -0.1191523 116.1118 
  0.0190294 116.6924 
  0.05402842 117.2759 
  0.05044087 117.8622 
  0.004614548 118.4515 
  0.1104886 119.0438 
  0.01633512 120.2372 
  0.1435666 121.4426 
  0.08400863 122.6601 
  0.1165947 123.8897 
  -0.08840204 125.1317 
  0.5961037 126.3862 
  0.4949997 127.0181 
  0.7081542 127.6532 
  -0.2738302 127.6532 
  0.7302016 127.6532 
  -0.1407087 127.6532 
  -0.04288761 127.6532 
  0.07466458 127.6532 
  0.06812315 127.6532 
  -0.2403393 127.6532 
  -0.1050736 127.6532 
  -0.08337084 127.6532 
  -0.05181705 127.6532 
  -0.04723516 127.6532 
  0.0153386 127.6532 
  0.1685533 127.6532 
  0.1846748 128.2915 
  0.4582191 128.9329 
  0.783744 128.9329 
  0.8520625 130.2255 
  0.9344253 129.5776 
  0.9915115 127.6532 
  0.9899486 127.0181 
  0.9953545 126.3862 
  0.9969712 125.7574 
  0.9902107 124.5092 
  0.9851831 123.8897 
  0.9407023 122.0498 
  0.8510746 120.2372 
  0.8498924 115.5342 
  0.8536637 111.5702 
  0.6383333 109.9132 
  0.2940328 108.8223 
  0.181122 107.7421 
  0.003836891 106.142 
  0.6646335 105.0885 
  0.2001499 106.142 
  0.4600005 101.4829 
  0.9209909 99.97575 
  0.9366588 98.491 
  0.9694998 97.02828 
  0.9909891 96.54556 
  0.9941062 96.06523 
  0.9821582 95.5873 
  0.9514578 95.11173 
  0.9032536 94.63854 
  0.791005 94.1677 
  0.685696 95.5873 
  0.6657429 97.51342 
  0.389153 99.47836 
  0.3231597 101.9903 
  0.6825747 104.5657 
  0.9207926 106.142 
  0.9568923 106.6728 
  0.96043 106.142 
  0.9664059 106.142 
  0.949812 105.614 
  0.9535784 106.142 
  0.9093799 108.2809 
  0.8986691 108.8223 
  0.8920555 108.8223 
  0.9023883 109.3664 
  0.9084869 110.4628 
  0.9004617 112.128 
  0.8704626 113.8184 
  0.8448763 115.5342 
  0.881255 116.1118 
  0.8796192 114.9594 
  0.8005098 115.5342 
  0.9422641 112.6886 
  0.7284167 112.6886 
  0.4810495 113.8184 
  0.2886257 114.3874 
  0.130289 114.3874 
  -0.01661727 114.3874 
  -0.1493762 114.9594 
  -0.06377555 115.5342 
  0.007850159 116.1118 
  -0.1746467 116.6924 
  0.08543453 117.2759 
  -0.0331032 117.2759 
  0.06193846 116.6924 
  0.4078802 120.2372 
  0.5515912 121.4426 
  0.831054 122.0498 
  0.7461711 121.4426 
  0.3838708 116.6924 
  0.9170955 114.9594 
  0.9669888 114.3874 
  0.9525468 114.3874 
  0.9059271 114.9594 
  0.5493512 116.6924 
  0.8106278 117.2759 
  0.8171334 114.3874 
  0.9350247 113.2521 
  0.9816623 113.2521 
  0.9869688 113.8184 
  0.9869431 114.3874 
  0.9928055 114.3874 
  0.9666412 114.3874 
  0.8395064 113.2521 
  0.6568691 110.4628 
  0.4766695 112.128 
  0.9085233 114.3874 
  0.8283241 111.5702 
  0.8769747 111.0151 
  0.972365 109.3664 
  0.9209729 108.8223 
  0.8878393 107.2061 
  0.8749326 105.0885 
  0.7696169 104.5657 
  0.7993944 105.0885 
  0.9920735 105.614 
  0.9942079 106.142 
  0.9059464 106.6728 
  0.8976124 107.2061 
  0.9061624 107.7421 
  0.6450958 107.7421 
  0.5902681 104.0455 
  0.7643489 103.5278 
  0.8719046 103.0128 
  0.6583576 102.5003 
  0.7462457 99.97575 
  0.8639941 98.491 
  0.6405335 97.51342 
  0.8475455 96.06523 
  0.5949864 95.5873 
  0.5372875 91.84841 
  0.7479303 91.39146 
  0.5168037 90.03418 
  0.7580433 87.3798 
  0.9864776 86.0821 
  0.9806716 86.0821 
  0.9745156 86.51251 
  0.9838296 86.94508 
  0.9530826 86.94508 
  0.9490499 86.94508 
  0.9693217 86.0821 
  0.9439674 86.0821 
  0.8429962 85.2277 
  0.4918538 84.80367 
  0.03951088 84.80367 
  0.2345296 84.80367 
  -0.09308951 84.80367 
  -0.1973367 84.80367 
  -0.04296905 84.80367 
  0.07171066 84.80367 
  0.294147 84.80367 
  0.01713954 84.80367 
  -0.0311239 84.80367 
  0.0806729 85.2277 
  0.04094263 85.2277 
  0.1413288 85.65383 
  0.262978 85.65383 
  0.3361108 85.65383 
  0.002168095 85.2277 
  0.1762669 84.80367 
  0.3259316 84.80367 
  0.2598629 85.2277 
  0.1904196 85.2277 
  0.06278513 84.80367 
  0.1784442 84.38177 
  0.2294367 83.96195 
  0.2670825 83.54424 
  0.03017708 83.12859 
  -0.0265153 82.71502 
  -0.01906848 82.71502 
  0.09362005 82.3035 
  0.07889524 82.3035 
  -0.06657596 82.3035 
  -0.007253784 82.3035 
  0.08277164 82.3035 
  0.04301557 82.3035 
  0.05593416 82.3035 
  -0.006502224 82.3035 
  0.05186086 82.3035 
  0.07018674 82.3035 
  0.07795333 82.3035 
  0.2373472 82.3035 
  0.1402271 82.3035 
  -0.02073048 82.3035 
  -0.1260756 82.3035 
  0.0988051 82.3035 
  0.05637936 82.3035 
  0.1371299 82.3035 
  0.1802147 82.3035 
  0.2450947 82.3035 
  0.03516712 82.3035 
  0.04460613 82.3035 
  0.04168021 82.3035 
  0.02504221 82.3035 
  0.1749429 82.3035 
  0.1370752 82.3035 
  0.06351575 82.3035 
  0.06865485 82.3035 
  -0.01733238 82.3035 
  -0.1051075 82.3035 
  -0.02600524 82.3035 
  0.003156591 82.3035 
  -0.1261543 82.3035 
  -0.1479051 82.3035 
  0.07677954 82.3035 
  0.03748333 82.3035 
  -0.0168857 82.3035 
  0.05110525 82.3035 
  0.1166842 82.71502 
  0.3413031 83.12859 
  0.3228233 83.54424 
  0.2935679 83.54424 
  0.05145495 83.54424 
  -0.1074512 83.54424 
  -0.1019418 83.54424 
  0.2275787 83.54424 
  0.1470439 83.96195 
  0.3504479 84.38177 
  0.1108403 84.38177 
  0.09545082 84.38177 
  0.1451044 84.38177 
  -0.005517034 84.38177 
  -0.236124 84.38177 
  -0.3541819 84.38177 
  -0.2466375 84.38177 
  -0.1435305 84.38177 
  0.04190914 84.38177 
  0.1182549 84.38177 
  0.2350537 84.38177 
  0.1577143 84.38177 
  0.1417692 84.38177 
  0.1656272 84.38177 
  0.1587931 84.38177 
  -0.1576391 84.38177 
  -0.2059346 84.38177 
  -0.04475296 84.38177 
  0.07174993 84.38177 
  -0.06418827 84.38177 
  -0.252109 84.38177 
  -0.2213186 84.38177 
  -0.1327929 84.38177 
  -0.1463209 84.38177 
  -0.07577422 84.38177 
  -0.01113091 84.38177 
  0.0007465857 84.38177 
  -0.05219826 84.38177 
  -0.2022606 84.38177 
  -0.2848804 84.38177 ]
