 [
  0.1389179 155.8383 
  0.1308297 155.8383 
  0.03468332 155.8383 
  0.02024187 155.8383 
  0.07579847 155.8383 
  0.1602817 155.8383 
  -0.03941863 155.8383 
  0.3250216 155.8383 
  0.05882148 155.8383 
  0.08435514 155.8383 
  0.09150074 155.8383 
  0.217237 155.8383 
  0.1444645 155.8383 
  -0.006205783 155.8383 
  -0.07120578 155.8383 
  -0.03078194 155.8383 
  0.03159489 155.8383 
  -0.01583541 155.8383 
  0.04519211 155.8383 
  -0.0060145 155.8383 
  0.00712586 155.8383 
  0.0961435 155.8383 
  0.04473053 155.8383 
  0.3324551 155.8383 
  0.009435773 155.8383 
  0.05636396 155.8383 
  0.6315982 155.8383 
  0.3749571 147.5188 
  0.2631493 135.5266 
  0.3741415 122.6601 
  0.8950261 114.9594 
  0.9639968 113.8184 
  0.9635659 113.2521 
  0.9705991 113.2521 
  0.9828672 112.6886 
  0.9869865 112.6886 
  0.9588146 113.2521 
  0.9479174 114.3874 
  0.9519078 114.9594 
  0.9603742 114.9594 
  0.9721029 114.9594 
  0.9723163 116.1118 
  0.9818664 116.6924 
  0.9879329 117.8622 
  0.9934663 118.4515 
  0.9930824 118.4515 
  0.9777828 119.0438 
  0.877245 120.2372 
  0.794797 122.6601 
  0.7998098 127.0181 
  0.7958731 127.0181 
  0.2696218 125.7574 
  0.6768233 126.3862 
  0.5716121 127.6532 
  0.2533091 128.9329 
  0.5837221 130.2255 
  0.6198601 132.1886 
  -0.03369933 133.5138 
  -0.04637048 134.8523 
  0.3579506 135.5266 
  0.3586071 136.2042 
  0.1718562 137.5696 
  -0.07056203 140.3417 
  0.1522781 142.4574 
  0.680519 144.605 
  0.7618473 144.605 
  0.7540259 135.5266 
  0.9318714 133.5138 
  0.9299091 131.531 
  0.9409602 130.8766 
  0.9821519 130.2255 
  0.970689 129.5776 
  0.9595494 129.5776 
  0.9388214 129.5776 
  0.9764628 128.2915 
  0.9610428 127.6532 
  0.8243304 127.0181 
  0.6074487 125.1317 
  0.08358997 125.7574 
  0.6277054 126.3862 
  0.02767059 127.0181 
  0.5817994 127.6532 
  -0.05507438 128.2915 
  0.09883229 128.9329 
  0.1558515 129.5776 
  -0.01757456 130.8766 
  -0.01348196 132.1886 
  0.08527858 133.5138 
  0.03025598 134.8523 
  0.0910133 136.8852 
  0.2381866 138.9488 
  0.5555689 138.2575 
  0.3550577 135.5266 
  0.3961675 130.8766 
  0.5431685 126.3862 
  0.7082732 123.8897 
  0.8666237 121.4426 
  0.92826 119.639 
  0.9705715 118.4515 
  0.9785529 118.4515 
  0.9819362 118.4515 
  0.9852327 118.4515 
  0.9867881 118.4515 
  0.9699113 119.639 
  0.9599186 120.8384 
  0.9499862 122.0498 
  0.9348989 123.8897 
  0.9524345 125.7574 
  0.9836096 127.0181 
  0.9840225 127.0181 
  0.9607639 127.0181 
  0.8864496 127.0181 
  0.7433176 125.7574 
  0.9753299 127.0181 
  0.9807327 127.0181 
  0.9482365 125.7574 
  0.9492956 124.5092 
  0.981333 124.5092 
  0.9811136 123.8897 
  0.9390379 123.2734 
  0.8040817 121.4426 
  0.8870111 120.8384 
  0.9551309 120.8384 
  0.9791015 121.4426 
  0.9735225 122.6601 
  0.9828619 122.6601 
  0.9762146 122.6601 
  0.9714458 122.6601 
  0.9469982 122.0498 
  0.8866256 122.0498 
  0.8322125 120.2372 
  0.7747435 119.0438 
  0.1357217 121.4426 
  0.3243944 123.2734 
  -0.3424835 125.1317 
  -0.07212844 127.0181 
  0.009262637 128.2915 
  0.04230414 128.9329 
  0.1359562 128.9329 
  0.2850108 130.2255 
  0.3769117 132.1886 
  0.691125 128.2915 
  0.6816677 123.8897 
  0.765666 122.0498 
  0.959231 121.4426 
  0.9274442 120.2372 
  0.9531629 119.0438 
  0.9629304 118.4515 
  0.9723226 118.4515 
  0.975891 118.4515 
  0.938933 117.2759 
  0.9541752 116.6924 
  0.9598328 116.6924 
  0.9823884 115.5342 
  0.9064895 114.9594 
  0.8134924 113.8184 
  0.7047029 111.0151 
  0.2990666 107.2061 
  0.8083751 105.614 
  0.9205188 103.5278 
  0.6894937 101.9903 
  0.1090871 100.978 
  0.6374116 99.97575 
  0.2719181 99.47836 
  0.4038093 91.39146 
  0.8888496 90.48434 
  0.6806074 90.03418 
  0.08966867 87.8167 
  -0.2730032 87.8167 
  -0.2211545 87.8167 
  -0.06855758 87.8167 
  -0.1791299 87.8167 
  -0.1939291 87.8167 
  0.0315685 87.3798 
  0.0852319 86.94508 
  0.09459617 86.51251 
  0.001799315 86.0821 
  0.03817766 86.0821 
  0.1845638 86.0821 
  0.1853762 86.0821 
  0.1041196 86.0821 
  0.125253 86.0821 
  -0.007650936 86.0821 
  -0.04795086 86.0821 
  0.01775131 86.0821 
  0.1357534 86.0821 
  0.061455 86.0821 
  0.2726729 86.0821 
  0.2187362 86.0821 
  -1.535192e-05 86.0821 
  -0.0321004 86.0821 
  0.03676777 86.0821 
  -0.1128087 86.0821 
  0.231957 86.0821 
  0.4172977 86.0821 
  0.1948076 86.0821 
  -0.1548257 86.0821 
  -0.1851574 86.0821 ]
