 [
  -0.03377748 233.4131 
  0.2594739 233.4131 
  0.1315102 233.4131 
  0.2453111 233.4131 
  0.102038 233.4131 
  -0.09082128 233.4131 
  -0.1839945 233.4131 
  -0.09408273 233.4131 
  0.2555198 233.4131 
  0.2711567 233.4131 
  0.1542767 233.4131 
  0.2993205 233.4131 
  0.3189699 233.4131 
  0.2610571 233.4131 
  0.1793718 233.4131 
  0.1046584 233.4131 
  0.04186446 233.4131 
  -0.1333478 233.4131 
  -0.1434402 233.4131 
  0.04472775 233.4131 
  0.02788826 233.4131 
  0.008249142 233.4131 
  0.00141676 233.4131 
  0.1536559 233.4131 
  0.2432725 233.4131 
  -0.1773654 233.4131 
  -0.0607239 233.4131 
  0.02832444 233.4131 
  0.2735876 233.4131 
  0.4802623 236.9318 
  0.7563376 241.7061 
  0.8812726 245.3498 
  0.9766478 247.8095 
  0.997275 249.0485 
  0.9961799 250.2938 
  0.9966217 252.8029 
  0.9942181 252.8029 
  0.9759182 254.067 
  0.9380319 250.2938 
  0.9445994 247.8095 
  0.9624803 252.8029 
  0.9377581 261.7849 
  0.9625081 268.3953 
  0.9814529 271.0859 
  0.9917353 269.7372 
  0.9899225 267.06 
  0.990591 264.4093 
  0.984087 260.4825 
  0.9318236 259.1866 
  0.8589082 257.8971 
  0.7357124 256.614 
  0.5921434 256.614 
  0.4907236 256.614 
  0.4247353 256.614 
  0.05612639 256.614 
  0.06097567 256.614 
  0.2575976 256.614 
  0.211915 256.614 
  0.05544154 256.614 
  -0.02737326 256.614 
  0.2767783 256.614 
  0.2828096 256.614 
  0.6261744 256.614 
  -0.213227 256.614 
  -0.01659162 256.614 
  0.01745836 256.614 
  0.01379931 256.614 
  0.09244643 256.614 
  0.009929148 256.614 
  -0.01744728 256.614 
  0.1498914 257.8971 
  0.1854571 260.4825 
  0.7283229 264.4093 
  0.8363979 255.3373 
  0.8966746 250.2938 
  0.9778991 246.5766 
  0.989439 244.1292 
  0.9962347 244.1292 
  0.9959141 244.1292 
  0.996084 246.5766 
  0.9966465 246.5766 
  0.9981546 247.8095 
  0.9975877 247.8095 
  0.9950845 249.0485 
  0.9945552 249.0485 
  0.9725752 249.0485 
  0.949783 247.8095 
  0.8897192 241.7061 
  0.7126204 240.5036 
  0.09616821 239.307 
  0.3194318 238.1164 
  0.1164107 236.9318 
  0.03767723 236.9318 
  -0.081411 236.9318 
  0.1962329 235.753 
  0.478594 234.5801 
  0.7259981 229.9466 
  0.7023821 228.8026 
  0.8019021 224.2832 
  0.9039118 218.7592 
  0.9811086 215.5104 
  0.9896627 212.3098 
  0.9838759 209.1568 
  0.9786873 206.0505 
  0.9665371 204.0054 
  0.9402016 204.0054 
  0.9487708 205.0254 
  0.9552945 206.0505 
  0.8967863 207.0808 
  0.7466336 208.1162 
  0.915029 208.1162 
  0.9507433 209.1568 
  0.9796755 209.1568 
  0.9919716 208.1162 
  0.9838222 207.0808 
  0.9671762 206.0505 
  0.9551596 200.9756 
  0.7873411 187.4211 
  0.4044977 169.6279 
  -0.2860636 152.7601 
  -0.7830874 136.8852 
  -0.237666 122.6601 
  0.5386114 109.9132 
  0.6553482 102.5003 
  0.8409017 102.5003 
  0.9508326 103.0128 
  0.9545913 102.5003 
  0.9450255 102.5003 
  0.9378958 103.0128 
  0.9166232 103.5278 
  0.858741 104.0455 
  0.8630034 105.614 
  0.9397751 106.6728 
  0.9666652 107.2061 
  0.976617 107.7421 
  0.9624649 108.2809 
  0.9057172 108.2809 
  0.7541071 108.8223 
  0.2294869 115.5342 
  -0.6261818 127.6532 
  -0.966257 142.4574 
  -0.1791421 158.1876 
  -0.03953223 175.6547 
  0.08786836 194.0801 
  0.6967761 213.3714 
  0.9295205 220.9523 
  0.9876447 222.057 
  0.9981484 223.1673 
  0.9972053 224.2832 
  0.9955094 224.2832 
  0.9920186 224.2832 
  0.9924731 222.057 
  0.9943155 220.9523 
  0.989131 220.9523 
  0.9900292 218.7592 
  0.9931367 217.6709 
  0.9954744 215.5104 
  0.9940696 214.4382 
  0.9955049 213.3714 
  0.9911152 211.2535 
  0.9936718 210.2025 
  0.9930786 209.1568 
  0.9938344 208.1162 
  0.9956661 208.1162 
  0.9957727 209.1568 
  0.9959762 210.2025 
  0.9919251 211.2535 
  0.9857914 212.3098 
  0.9921138 214.4382 
  0.9934505 215.5104 
  0.9899935 216.5879 
  0.9515278 217.6709 
  0.9211192 216.5879 
  0.7469395 214.4382 
  0.9503745 214.4382 
  0.875355 214.4382 
  0.7808472 214.4382 
  0.7217773 214.4382 
  0.613917 214.4382 
  0.7142624 214.4382 
  0.8766326 215.5104 
  0.9132105 216.5879 
  0.9148136 216.5879 
  0.9163181 215.5104 
  0.919337 213.3714 
  0.6152959 211.2535 
  0.6143983 208.1162 
  0.1885225 205.0254 
  -0.0480133 201.9805 
  0.2966602 198.9809 
  0.3042988 197.0059 
  0.298393 198.9809 
  -0.1729299 206.0505 
  -0.1321594 214.4382 
  0.3292867 223.1673 
  0.824753 234.5801 
  0.8998717 232.2518 
  0.9618811 229.9466 
  0.994205 227.6642 
  0.995309 227.6642 
  0.9974418 226.5316 
  0.9982105 226.5316 
  0.9961861 225.4046 
  0.983923 224.2832 
  0.9674894 222.057 
  0.9144351 220.9523 
  0.6431639 222.057 
  -0.04815022 223.1673 
  0.2703723 223.1673 
  0.2028775 223.1673 
  0.221854 223.1673 
  0.1331722 223.1673 
  -0.05986612 223.1673 
  -0.184047 223.1673 
  -0.1323203 223.1673 
  -0.267869 223.1673 
  0.2758499 223.1673 
  0.9234253 223.1673 
  0.9316427 222.057 
  0.92483 218.7592 
  0.9424221 214.4382 
  0.9665233 210.2025 
  0.9781846 207.0808 
  0.9847862 204.0054 
  0.9866295 201.9805 
  0.976031 199.9758 
  0.9568722 197.9909 
  0.95574 195.0505 
  0.9474426 194.0801 
  0.9523144 194.0801 
  0.8649768 194.0801 
  0.1874 194.0801 
  0.5194151 194.0801 
  0.03843936 193.1145 
  0.2029729 193.1145 
  0.2163515 193.1145 
  0.4038991 193.1145 
  0.6564671 197.0059 
  0.9133604 197.0059 
  0.9880216 197.0059 
  0.9931995 196.0257 
  0.9950656 196.0257 
  0.9958584 196.0257 
  0.9948961 196.0257 
  0.9942679 196.0257 
  0.9920422 196.0257 
  0.9929669 196.0257 
  0.9935207 197.0059 
  0.9942464 197.0059 
  0.9933636 197.0059 
  0.9922277 197.0059 
  0.9923077 197.9909 
  0.9931731 198.9809 
  0.9949102 198.9809 
  0.9928393 199.9758 
  0.9885486 200.9756 
  0.9883648 200.9756 
  0.9868208 200.9756 
  0.9784285 200.9756 
  0.9691474 199.9758 
  0.9542523 199.9758 
  0.9147202 199.9758 
  0.7343298 199.9758 
  0.1311124 199.9758 
  -0.1527377 199.9758 
  -0.1159752 199.9758 
  -0.1880955 199.9758 
  0.3139322 199.9758 
  0.7609603 199.9758 
  0.7929371 199.9758 
  0.864557 199.9758 
  0.9697485 198.9809 
  0.9770951 198.9809 
  0.9909948 198.9809 
  0.993358 198.9809 
  0.9882562 198.9809 
  0.9836236 199.9758 
  0.9881851 201.9805 
  0.9987471 202.9904 
  0.9991128 205.0254 
  0.9341393 209.1568 
  0.9330132 211.2535 
  0.9558682 211.2535 
  0.9804684 212.3098 
  0.9892571 213.3714 
  0.992664 213.3714 
  0.9964496 214.4382 
  0.9947278 215.5104 
  0.9925877 215.5104 
  0.9942459 217.6709 
  0.9922572 218.7592 
  0.9861842 218.7592 
  0.9737438 218.7592 
  0.8567652 219.853 
  0.5583831 223.1673 
  0.3457886 234.5801 
  0.487959 232.2518 
  0.5042629 228.8026 
  0.3180125 225.4046 
  0.03845918 222.057 
  0.1950282 219.853 
  0.6404361 217.6709 
  0.8084443 216.5879 
  0.9117426 215.5104 
  0.966391 214.4382 
  0.9964833 213.3714 
  0.9932272 213.3714 
  0.9879309 214.4382 
  0.9873579 216.5879 
  0.9897432 217.6709 
  0.9894478 219.853 
  0.9918126 220.9523 
  0.9898376 220.9523 
  0.9579613 220.9523 
  0.929776 218.7592 
  0.6385545 216.5879 
  0.9634069 215.5104 
  0.9782092 215.5104 
  0.9634863 215.5104 
  0.4212739 215.5104 
  0.511845 215.5104 
  0.8297899 216.5879 
  0.8934941 213.3714 
  0.9064824 212.3098 
  0.9288411 210.2025 
  0.7474988 209.1568 
  0.8740838 209.1568 
  0.883411 209.1568 
  0.6262023 209.1568 
  0.646345 209.1568 
  0.03285515 209.1568 
  0.03637383 209.1568 
  0.05551417 209.1568 
  0.01527733 209.1568 
  -0.09991728 209.1568 
  -0.2296376 210.2025 
  -0.2814603 211.2535 
  0.5523992 212.3098 
  0.7683862 212.3098 
  0.8723992 211.2535 
  0.9905467 209.1568 
  0.9960852 209.1568 
  0.9940678 208.1162 
  0.9924768 207.0808 
  0.9951712 206.0505 
  0.9877529 206.0505 
  0.9911134 205.0254 
  0.9979691 204.0054 
  0.996751 204.0054 
  0.9944647 202.9904 
  0.9939179 202.9904 
  0.9962661 201.9805 
  0.9951947 201.9805 
  0.9956024 201.9805 
  0.9972292 201.9805 
  0.9797536 204.0054 
  0.9446937 206.0505 
  0.8481557 209.1568 
  0.5499683 217.6709 
  0.4656735 229.9466 
  0.5177703 235.753 
  0.4161268 233.4131 
  -0.003219463 212.3098 
  0.6180561 202.9904 
  0.9551851 201.9805 
  0.9939822 201.9805 
  0.9927302 200.9756 
  0.9868208 199.9758 
  0.985477 197.9909 
  0.9805388 196.0257 
  0.9815626 194.0801 
  0.9578944 194.0801 
  0.9559716 195.0505 
  0.9640771 197.9909 
  0.9746912 200.9756 
  0.9819753 205.0254 
  0.9870215 208.1162 
  0.9904576 210.2025 
  0.990738 211.2535 
  0.9909421 212.3098 
  0.9932664 213.3714 
  0.9960984 213.3714 
  0.9975892 214.4382 
  0.9977418 214.4382 
  0.9962626 215.5104 
  0.9837058 214.4382 
  0.9726653 214.4382 
  0.9839037 215.5104 
  0.999589 216.5879 
  0.9999679 216.5879 
  0.9993749 216.5879 
  0.9979313 216.5879 
  0.954632 216.5879 
  0.9024129 216.5879 
  0.8864447 215.5104 
  0.8115753 213.3714 
  0.07690483 211.2535 
  -0.2133449 209.1568 
  0.1162029 207.0808 
  0.1131801 206.0505 
  0.4652342 205.0254 
  0.6464894 200.9756 
  0.7637998 198.9809 
  0.9124267 197.9909 
  0.8261994 196.0257 
  0.6955244 196.0257 
  0.7814245 197.0059 
  0.4255134 197.0059 
  0.4245162 197.0059 
  0.3765832 197.0059 
  0.1552645 197.9909 
  0.1554858 197.0059 
  0.1751335 196.0257 
  -0.03015102 195.0505 
  0.04428121 196.0257 
  0.2357461 197.0059 
  0.4010946 197.9909 
  0.5174362 196.0257 
  0.3784899 191.1978 
  0.5038532 186.4887 
  0.6961646 186.4887 
  0.6779863 188.3582 
  0.7543829 190.2465 
  0.8834383 191.1978 
  0.8883826 191.1978 
  0.5520501 191.1978 
  0.07323281 191.1978 
  -0.06551804 191.1978 
  0.008640219 191.1978 
  0.2942303 191.1978 
  0.09404894 191.1978 
  0.638864 191.1978 
  0.06956195 191.1978 
  0.2957839 191.1978 ]
