 [
  -0.1301372 134.8523 
  0.02568106 134.8523 
  0.01113584 134.8523 
  -0.03192204 134.8523 
  0.08624069 134.8523 
  0.1447178 134.8523 
  -0.04944303 134.8523 
  0.0580805 134.8523 
  0.03092341 134.8523 
  0.1615183 134.8523 
  0.1310415 134.8523 
  0.07086314 134.8523 
  0.4173667 134.8523 
  0.2241135 133.5138 
  0.2990417 130.8766 
  0.6632268 127.0181 
  0.1379244 126.3862 
  0.248002 128.2915 
  0.2668732 125.7574 
  0.3284783 125.1317 
  0.4237311 111.0151 
  0.7688326 111.0151 
  0.8699515 112.128 
  0.9094494 111.0151 
  0.8492525 111.0151 
  0.8043809 109.3664 
  0.7618062 107.2061 
  0.5203156 108.2809 
  -0.2725899 110.4628 
  -0.01308133 112.6886 
  0.1954412 114.9594 
  -0.2316332 117.2759 
  0.1627308 119.639 
  0.5912588 122.0498 
  0.4316678 124.5092 
  0.2531549 127.0181 
  -0.07734973 129.5776 
  0.1600555 132.1886 
  0.008563973 134.8523 
  -0.1471827 137.5696 
  0.7087295 143.1697 
  0.8811926 145.328 
  0.9799592 146.0546 
  0.9849643 146.0546 
  0.9929141 146.7849 
  0.9915687 147.5188 
  0.9884371 148.9977 
  0.9877832 150.4914 
  0.9966068 151.2439 
  0.998231 151.2439 
  0.9934013 150.4914 
  0.9773548 148.9977 
  0.9379641 146.0546 
  0.8959445 142.4574 
  0.7689394 137.5696 
  0.7594258 130.2255 
  0.8354583 123.8897 
  0.8441937 119.639 
  0.9007655 114.9594 
  0.9489189 112.128 
  0.9834085 110.4628 
  0.9945621 109.3664 
  0.9936706 109.3664 
  0.9876198 109.9132 
  0.9941297 109.9132 
  0.9988959 110.4628 
  0.9951571 111.0151 
  0.9908648 111.0151 
  0.9770395 112.128 
  0.8620365 112.6886 
  0.7726989 113.2521 
  -0.09115677 112.6886 
  0.8608724 112.6886 
  0.5674766 112.6886 
  -0.1053236 112.6886 
  -0.6011651 113.2521 
  0.1411998 113.2521 
  0.06964261 114.9594 
  0.4120304 116.6924 
  0.4568666 118.4515 
  0.4812751 118.4515 
  -0.0127091 118.4515 
  0.4085889 117.2759 
  0.8035899 115.5342 
  0.986665 113.8184 
  0.9023217 112.128 
  0.9180884 109.3664 
  0.9636666 108.8223 
  0.9536937 108.2809 
  0.9203846 107.7421 
  0.9252365 105.614 
  0.891268 103.5278 
  0.8766841 101.4829 
  0.9095107 100.4756 
  0.8619509 100.4756 
  0.7923256 100.978 
  0.5098891 101.9903 
  0.4522787 103.0128 
  0.6560382 104.5657 
  0.5709494 105.614 
  0.4077434 107.2061 
  0.06243478 108.8223 
  0.7360947 110.4628 
  0.8745008 112.128 
  0.8528133 114.9594 
  0.8350598 117.8622 
  0.9001439 119.639 
  0.9318793 122.0498 
  0.7653434 125.1317 
  0.6931552 130.2255 
  0.8388821 132.1886 
  0.8597302 134.8523 
  0.7770594 137.5696 
  0.8768814 140.3417 
  0.9162661 142.4574 
  0.9570677 144.605 
  0.9780409 145.328 
  0.8447335 145.328 
  0.6380429 144.605 
  0.8031422 140.3417 
  0.7124066 134.1814 
  0.689304 128.2915 
  0.6929047 124.5092 
  0.6831267 119.639 
  0.8006593 115.5342 
  0.9175256 113.2521 
  0.9762038 111.5702 
  0.9872087 111.0151 
  0.993871 110.4628 
  0.9885113 109.9132 
  0.9942709 109.3664 
  0.9855999 108.8223 
  0.9751633 107.7421 
  0.973871 106.6728 
  0.9503561 106.142 
  0.8786871 105.0885 
  0.8381853 104.0455 
  0.7075171 101.9903 
  0.07197456 101.9903 
  0.03277983 103.0128 
  -0.02427421 104.5657 
  -0.03512289 106.142 
  0.02456547 107.7421 
  0.05472219 109.3664 
  -0.1522717 111.0151 
  0.190859 112.6886 
  -0.02570393 113.8184 
  -0.007338373 114.9594 
  0.1082853 116.1118 
  0.7513366 116.6924 
  0.5965592 111.5702 
  0.8919654 109.9132 
  0.9723536 109.9132 
  0.9299017 111.0151 
  0.9512069 112.128 
  0.9498451 113.2521 
  0.8859274 114.3874 
  0.9219882 116.1118 
  0.8971348 116.6924 
  0.5819376 116.1118 
  0.1758967 117.8622 
  0.1004073 119.0438 
  0.06665176 120.2372 
  -0.02476889 119.639 
  0.2105704 119.0438 
  -0.03468517 118.4515 
  -0.04923663 117.8622 
  -0.01466527 117.2759 
  -0.2255124 116.6924 
  -0.003390962 116.1118 
  0.2083024 116.6924 
  0.6342608 119.0438 
  0.9250903 119.0438 
  0.6304806 118.4515 
  0.2570773 117.2759 
  0.7359607 108.2809 
  0.9211181 108.8223 
  0.9785459 108.2809 
  0.9842752 108.2809 
  0.9783447 108.8223 
  0.9474496 109.3664 
  0.9293813 109.9132 
  0.8901398 109.9132 
  0.8115897 109.3664 
  0.6976348 107.7421 
  0.1106658 114.3874 
  0.152982 116.1118 
  0.06838439 118.4515 
  -0.06557703 120.8384 
  -0.2112958 123.2734 
  -0.1656793 125.7574 
  0.02710443 128.2915 
  0.02020052 130.8766 
  0.7523264 133.5138 
  0.340718 117.8622 
  0.6433862 116.6924 
  0.9471243 115.5342 
  0.962615 114.9594 
  0.9327199 114.9594 
  0.8258164 114.9594 
  0.7144394 113.8184 
  0.3235854 114.9594 
  -0.02022666 114.3874 
  -0.07380397 113.8184 
  -0.3155843 113.2521 
  -0.1196664 112.6886 
  0.168036 112.6886 
  0.4972814 112.6886 
  0.4618148 112.6886 
  -0.01266974 112.6886 
  0.146587 112.128 
  0.6324871 109.3664 
  0.3942648 101.9903 
  0.7623997 99.97575 
  0.888447 98.491 
  0.9474822 98.00098 
  0.8949867 97.02828 
  0.9379738 96.06523 
  0.952773 95.5873 
  0.9244636 94.63854 
  0.8839713 94.63854 
  0.9398922 95.5873 
  0.9641663 95.5873 
  0.9423568 95.5873 
  0.8569602 97.02828 
  0.8226967 98.491 
  0.8446273 100.4756 
  0.8038069 102.5003 
  0.7332155 105.0885 
  0.7973962 108.2809 
  0.864026 111.0151 
  0.7629617 114.9594 
  0.8012351 119.0438 
  0.8528244 122.0498 
  0.9043308 125.1317 
  0.9349931 127.0181 
  0.9346279 128.2915 
  0.8831114 129.5776 
  0.7975723 130.8766 
  0.6748443 128.9329 
  0.09736429 131.531 
  -0.288331 134.1814 
  -0.06215987 136.8852 
  -0.01026946 139.6435 
  -0.1209282 142.4574 
  -0.2370683 145.328 
  -0.1399987 148.2564 
  -0.1194481 151.2439 
  -0.04745603 153.5239 
  -0.01119364 155.8383 
  0.01939682 158.1876 
  -0.08622773 160.5723 
  -0.1195456 163.8079 
  -0.2127183 167.1087 
  -0.1762446 170.476 
  0.6727623 173.9112 
  0.1384457 177.4156 
  -0.07870494 180.9906 
  0.001150768 184.6377 
  0.002667073 188.3582 
  0.4959644 192.1537 
  0.2255463 196.0257 
  0.01258239 199.9758 
  0.2304162 204.0054 
  0.4034093 210.2025 
  0.5622235 214.4382 
  0.6131151 215.5104 
  0.3250837 213.3714 
  0.5347559 211.2535 
  0.5263646 210.2025 
  0.4640607 209.1568 
  0.3275152 208.1162 
  0.4346895 207.0808 
  0.4522183 205.0254 
  0.3194501 204.0054 
  0.4282662 202.9904 
  0.4909222 201.9805 
  0.09377594 201.9805 
  0.002750115 201.9805 
  0.1087868 201.9805 
  0.08842929 201.9805 
  -5.494477e-05 201.9805 
  -0.16609 201.9805 
  -0.1642082 201.9805 
  -0.09796377 201.9805 
  -0.114754 201.9805 
  -0.1105517 201.9805 
  0.04261659 201.9805 
  -0.03848214 201.9805 
  0.04184233 201.9805 
  0.03591682 201.9805 
  0.01612739 201.9805 
  0.2309286 201.9805 
  0.2868131 201.9805 
  0.2005467 201.9805 
  0.230176 201.9805 
  0.4134984 201.9805 
  0.2674515 201.9805 
  0.01393504 201.9805 
  -0.1312469 201.9805 
  0.009934973 201.9805 
  0.1816427 201.9805 
  0.1046128 201.9805 
  -0.1688408 201.9805 
  -0.1694626 201.9805 
  0.05671832 201.9805 
  0.01887009 201.9805 
  -0.06695026 201.9805 
  -0.03510233 201.9805 
  -0.1113503 201.9805 
  0.01531396 201.9805 
  0.001212256 201.9805 
  0.01639503 201.9805 
  -0.09231155 201.9805 
  -0.08913799 201.9805 ]
