 [
  -0.166775 118.4515 
  -0.2358218 118.4515 
  -0.1919748 118.4515 
  -0.02319604 118.4515 
  -0.2916492 118.4515 
  0.008658783 118.4515 
  -0.06707075 118.4515 
  0.03329708 118.4515 
  0.06244288 118.4515 
  -0.0700635 118.4515 
  -0.5559957 118.4515 
  -0.0746625 118.4515 
  0.07688373 118.4515 
  0.3618802 117.8622 
  0.3576326 117.2759 
  0.6875543 118.4515 
  0.1134602 119.639 
  0.4328842 125.1317 
  0.8430461 123.8897 
  0.8756817 122.6601 
  0.8540938 122.6601 
  0.8304346 123.8897 
  0.650501 123.8897 
  0.6446831 122.0498 
  0.3376256 125.7574 
  0.47579 128.9329 
  0.5589488 132.1886 
  0.676166 136.8852 
  0.8626832 140.3417 
  0.8834922 143.8855 
  0.9263858 146.0546 
  0.9813196 146.7849 
  0.9762358 146.7849 
  0.9828029 146.0546 
  0.9788799 145.328 
  0.9550578 146.0546 
  0.8198599 148.2564 
  0.932731 150.4914 
  0.8976003 153.5239 
  0.8730503 156.6175 
  0.8743693 158.9785 
  0.8455629 161.3751 
  0.8263802 162.9929 
  0.1536324 166.2773 
  0.5447189 167.1087 
  0.6766698 170.476 
  0.8410339 171.3284 
  0.8760579 168.784 
  0.9354854 163.8079 
  0.958176 161.3751 
  0.959404 160.5723 
  0.9828902 159.7734 
  0.9729697 161.3751 
  0.9394264 162.182 
  0.923593 162.182 
  0.9136885 161.3751 
  0.9300357 162.182 
  0.9497526 162.182 
  0.9762328 162.182 
  0.9850453 162.182 
  0.9819539 161.3751 
  0.9833154 161.3751 
  0.9930017 160.5723 
  0.9941139 160.5723 
  0.9771059 159.7734 
  0.9486804 157.4006 
  0.9635293 155.063 
  0.9561553 152.0001 
  0.9565049 149.7427 
  0.9152628 146.0546 
  0.8747706 143.8855 
  0.8801082 139.6435 
  0.8998811 137.5696 
  0.9515508 135.5266 
  0.9081102 134.1814 
  0.7370259 133.5138 
  0.976049 134.1814 
  0.9933631 134.8523 
  0.9816306 134.8523 
  0.9691899 134.8523 
  0.9501718 134.1814 
  0.9394726 132.8496 
  0.9496856 132.8496 
  0.9604928 133.5138 
  0.9566875 134.1814 
  0.9367598 134.8523 
  0.953034 135.5266 
  0.9642513 136.2042 
  0.9668475 136.8852 
  0.9702109 138.2575 
  0.9616518 139.6435 
  0.9374442 142.4574 
  0.9358056 144.605 
  0.9655478 146.0546 
  0.9852229 147.5188 
  0.9519565 147.5188 
  0.9154426 147.5188 
  0.3926481 147.5188 
  0.1793705 147.5188 
  0.03449523 147.5188 
  0.01546741 147.5188 
  0.06885555 147.5188 
  0.1894531 148.2564 
  0.1201843 148.9977 
  0.01386521 149.7427 
  0.03680233 150.4914 
  0.1015115 151.2439 
  0.5208431 151.2439 
  0.3472999 138.9488 
  0.4095122 134.1814 
  0.2703204 123.8897 
  0.690606 120.2372 
  0.8935757 118.4515 
  0.9137797 119.0438 
  0.9116003 118.4515 
  0.8362898 117.8622 
  0.8099337 117.8622 
  0.84048 117.2759 
  0.9047821 117.8622 
  0.9327672 116.6924 
  0.9122737 115.5342 
  0.9602492 115.5342 
  0.9133093 114.9594 
  0.871463 113.8184 
  0.977949 113.2521 
  0.9323872 113.8184 
  0.9531487 114.3874 
  0.8888356 114.3874 
  0.6986044 114.3874 
  0.5845873 115.5342 
  0.9358976 117.2759 
  0.9922003 117.8622 
  0.9781613 118.4515 
  0.9318053 119.639 
  0.9461134 120.8384 
  0.9648938 122.0498 
  0.940877 123.2734 
  0.9457876 124.5092 
  0.9316576 126.3862 
  0.9591399 127.0181 
  0.8362194 128.2915 
  0.8312081 130.2255 
  0.9610283 131.531 
  0.9328138 132.1886 
  0.9263506 134.1814 
  0.9369894 135.5266 
  0.9713624 136.8852 
  0.9699463 137.5696 
  0.9675725 138.2575 
  0.9802036 138.2575 
  0.9878447 138.2575 
  0.983089 138.2575 
  0.962864 138.2575 
  0.8845629 137.5696 
  0.7185044 138.2575 
  0.04189935 138.9488 
  0.7233465 139.6435 
  0.8110123 138.2575 
  0.9083214 137.5696 
  0.9850374 136.8852 
  0.9774937 136.2042 
  0.9837375 135.5266 
  0.9890845 135.5266 
  0.9450635 134.8523 
  0.8735399 134.1814 
  0.6939594 133.5138 
  0.1378703 132.8496 
  -0.06189823 132.1886 
  -0.05172129 131.531 
  -0.1722101 130.8766 
  -0.04759569 130.8766 
  0.09756339 130.2255 
  0.07004112 130.2255 
  0.08277957 129.5776 
  0.03120504 129.5776 
  0.1607504 129.5776 
  0.6986071 127.6532 
  0.6622608 129.5776 
  0.8397112 129.5776 
  0.9765725 128.9329 
  0.9460914 128.2915 
  0.9323432 127.0181 
  0.9640436 126.3862 
  0.9918093 125.7574 
  0.9647316 125.1317 
  0.9612047 124.5092 
  0.9662071 124.5092 
  0.9737449 124.5092 
  0.9588454 124.5092 
  0.9653283 124.5092 
  0.9841189 124.5092 
  0.9542544 125.1317 
  0.9434133 125.7574 
  0.9816839 125.7574 
  0.9676042 125.1317 
  0.9866568 124.5092 
  0.9633947 125.1317 
  0.9703488 125.7574 
  0.9613928 125.7574 
  0.9405347 125.7574 
  0.8719801 126.3862 
  0.6501344 124.5092 
  0.9514005 123.8897 
  0.9684001 122.6601 
  0.9484924 121.4426 
  0.9426519 120.2372 
  0.9477843 119.0438 
  0.9836673 117.8622 
  0.9674607 117.2759 
  0.9609933 116.6924 
  0.8796582 116.1118 
  0.7748608 115.5342 
  0.8504217 115.5342 
  0.9698036 115.5342 
  0.9777905 114.9594 
  0.9682426 114.9594 
  0.9811437 114.3874 
  0.9714442 113.8184 
  0.9754403 113.2521 
  0.9802092 113.2521 
  0.9831537 113.2521 
  0.9796309 113.2521 
  0.9659885 112.6886 
  0.9678264 112.128 
  0.9721617 111.5702 
  0.9721383 111.0151 
  0.8792937 109.9132 
  0.8582729 108.2809 
  0.867677 106.6728 
  0.9098128 105.0885 
  0.8978238 103.5278 
  0.9275208 102.5003 
  0.7204685 100.978 
  0.4607261 96.54556 
  0.5693236 93.6992 
  0.6002436 91.84841 
  0.3779057 88.69706 
  0.3204427 86.51251 
  0.6238018 86.0821 
  0.4267364 86.0821 
  0.5269022 85.2277 
  0.2144695 83.96195 
  0.4518282 84.38177 
  -0.1702397 84.38177 
  -0.315548 84.38177 
  0.09556562 84.38177 
  0.001610127 84.38177 
  0.03604988 84.38177 
  0.0996986 83.96195 
  0.1078828 83.54424 
  0.2326753 83.12859 
  -0.01446412 82.71502 
  -0.004359625 82.71502 
  -0.06895639 82.71502 
  0.1259135 82.71502 
  0.110537 82.71502 
  0.1377197 82.71502 
  -0.02513095 82.71502 
  0.09009402 82.71502 
  -0.1166266 82.71502 
  0.05884954 82.71502 
  0.0466932 82.71502 
  -0.01661679 82.71502 
  -0.246414 82.71502 
  -0.1312198 82.71502 
  -0.01699664 82.71502 
  -0.3884395 82.71502 
  -0.4206137 82.71502 
  -0.3751055 82.71502 
  -0.2000159 82.71502 
  -0.1769765 82.71502 ]
