 [
  -0.327282 148.9977 
  -0.2597452 148.9977 
  -0.1162899 148.9977 
  0.117551 148.9977 
  0.0994543 148.9977 
  0.1018737 148.9977 
  0.09993744 148.9977 
  0.09574582 148.9977 
  0.03887521 148.9977 
  0.03791121 148.9977 
  -0.1240659 148.9977 
  -0.1356493 148.9977 
  0.3063481 148.9977 
  0.3461231 148.2564 
  0.1062653 146.0546 
  0.1421438 143.1697 
  0.5090476 140.3417 
  0.6229626 143.1697 
  0.8451191 142.4574 
  0.9468157 142.4574 
  0.9646379 140.3417 
  0.9142114 138.2575 
  0.8469599 135.5266 
  0.850559 132.8496 
  0.9118179 128.9329 
  0.9047207 127.0181 
  0.873993 125.7574 
  0.8247797 122.0498 
  0.791574 120.8384 
  0.7546391 122.6601 
  0.7823057 124.5092 
  0.4189113 126.3862 
  0.1266084 128.2915 
  0.1254432 130.2255 
  0.2026526 132.1886 
  0.08614828 134.1814 
  0.2091385 136.2042 
  0.2961779 138.2575 
  0.1616245 141.0434 
  0.05805893 143.8855 
  0.1968506 146.7849 
  0.05646141 149.7427 
  -0.1836656 152.7601 
  -0.07098801 155.8383 
  -0.01365013 158.9785 
  0.04566305 161.3751 
  0.5346854 163.8079 
  0.8640838 161.3751 
  0.949594 160.5723 
  0.9904237 158.9785 
  0.9957897 158.9785 
  0.9810634 160.5723 
  0.9626458 163.8079 
  0.9851661 167.9442 
  0.9902441 171.3284 
  0.9948502 173.046 
  0.9973567 174.7808 
  0.9876052 176.533 
  0.9812484 178.3027 
  0.9872053 180.9906 
  0.9889963 181.8956 
  0.9885597 182.8051 
  0.9862168 181.8956 
  0.9656152 180.9906 
  0.9181489 180.0902 
  0.7983879 179.1942 
  0.3116263 178.3027 
  0.131722 177.4156 
  -0.05776377 176.533 
  -0.1516153 175.6547 
  -0.1066683 174.7808 
  0.03285164 173.046 
  0.06568091 172.185 
  0.09884475 170.476 
  0.2694273 169.6279 
  0.3342455 168.784 
  0.7179627 167.9442 
  0.8928792 166.2773 
  0.9669125 165.4501 
  0.9946526 166.2773 
  0.9961533 167.1087 
  0.7618551 167.9442 
  0.7944537 167.1087 
  0.9388614 164.6269 
  0.9935529 163.8079 
  0.9933921 163.8079 
  0.9884542 164.6269 
  0.9921229 164.6269 
  0.9634266 162.9929 
  0.9746941 161.3751 
  0.9871859 160.5723 
  0.9854119 159.7734 
  0.9679403 158.9785 
  0.8309138 155.8383 
  0.8593565 152.7601 
  0.9106152 148.9977 
  0.9305417 146.0546 
  0.9576193 143.8855 
  0.9342776 142.4574 
  0.9351439 141.7487 
  0.9099599 141.7487 
  0.9693427 140.3417 
  0.9572908 140.3417 
  0.9316477 140.3417 
  0.8302735 140.3417 
  0.748063 137.5696 
  0.2648492 134.8523 
  0.8332664 132.8496 
  0.939752 130.8766 
  0.6416711 128.9329 
  0.2139459 127.0181 
  0.4424109 125.1317 
  0.5315169 125.7574 
  0.6700225 129.5776 
  0.9810859 132.1886 
  0.9873037 132.1886 
  0.9952418 130.8766 
  0.9949285 130.8766 
  0.9975476 131.531 
  0.9952144 130.8766 
  0.9944836 129.5776 
  0.9991676 128.9329 
  0.9967064 128.9329 
  0.9931453 128.2915 
  0.981734 128.2915 
  0.947354 129.5776 
  0.8326418 131.531 
  0.6532491 133.5138 
  0.2948067 134.8523 
  0.09243852 135.5266 
  0.0966621 136.2042 
  0.2393831 136.8852 
  0.125647 138.2575 
  -0.04854949 139.6435 
  -0.1931946 141.0434 
  -0.01773763 142.4574 
  -0.04710383 143.8855 
  0.2540112 145.328 
  -0.05270082 146.0546 
  -0.04750298 147.5188 
  0.1875271 150.4914 
  0.480323 152.7601 
  0.3534846 152.7601 
  0.364128 147.5188 
  0.5694553 146.0546 
  0.6644754 138.9488 
  0.8945835 137.5696 
  0.9785141 137.5696 
  0.9767585 137.5696 
  0.9767559 136.8852 
  0.9690014 136.2042 
  0.9827334 135.5266 
  0.9592288 134.1814 
  0.9233821 132.8496 
  0.8741486 131.531 
  0.4107778 132.8496 
  0.628471 137.5696 
  0.712732 143.1697 
  0.7911564 149.7427 
  0.6231124 156.6175 
  0.7915452 153.5239 
  0.9305813 151.2439 
  0.9529987 150.4914 
  0.95316 148.9977 
  0.9457752 147.5188 
  0.9101192 147.5188 
  0.9230479 149.7427 
  0.9884189 151.2439 
  0.9848691 152.7601 
  0.9889522 154.2915 
  0.9972508 155.8383 
  0.9984772 155.8383 
  0.9694274 154.2915 
  0.8949672 153.5239 
  0.6961054 147.5188 
  0.6372919 144.605 
  0.8514672 141.7487 
  0.8841387 138.9488 
  0.9439608 136.8852 
  0.9069695 134.8523 
  0.8622488 132.8496 
  0.8116862 130.8766 
  0.7038535 128.2915 
  0.716451 123.8897 
  0.8030072 121.4426 
  0.6901955 119.639 
  0.4837744 116.6924 
  0.5107425 115.5342 
  0.2478067 116.6924 
  0.2881117 127.0181 
  0.4968755 141.0434 
  0.6721257 141.7487 
  -0.05304598 142.4574 
  0.2507509 143.1697 
  0.3701378 143.8855 
  0.3741691 144.605 
  -0.008995041 145.328 
  0.08311911 146.0546 
  -0.1516647 146.7849 
  0.2442322 147.5188 
  0.1491554 148.2564 
  0.2531284 148.9977 
  0.4011254 149.7427 
  0.5109107 150.4914 
  0.8481005 151.2439 
  0.1351729 152.0001 
  -0.1033208 152.7601 
  -0.1418445 153.5239 
  0.06942619 154.2915 
  0.03047267 155.063 
  0.1623004 155.8383 
  0.1646219 156.6175 
  0.2600135 157.4006 
  0.4506015 158.1876 
  -0.2463911 158.9785 
  -0.07522983 159.7734 
  -0.02601454 160.5723 
  -0.009600634 161.3751 
  -0.003067577 162.182 
  0.07569693 162.9929 
  0.0784763 163.8079 
  0.1439153 164.6269 
  0.2199598 165.4501 
  0.2305416 166.2773 
  0.1612266 167.9442 
  -0.001142882 169.6279 
  0.1843804 171.3284 
  0.04157358 173.046 
  0.07820161 173.9112 
  -0.05506762 174.7808 
  0.001869397 175.6547 
  0.0393925 176.533 
  -0.001566889 177.4156 
  0.06578325 178.3027 
  0.03620537 179.1942 
  -0.1167561 180.0902 
  -0.2191244 180.9906 
  -0.1525483 181.8956 
  0.01131114 182.8051 
  0.399001 183.7191 
  0.6728479 164.6269 
  0.6059036 156.6175 
  0.6820569 151.2439 
  0.8797287 146.7849 
  0.9634718 145.328 
  0.9124753 146.0546 
  0.9236873 148.2564 
  0.9191105 151.2439 
  0.9577436 152.7601 
  0.9414947 155.063 
  0.9528202 157.4006 
  0.9706427 160.5723 
  0.9572451 161.3751 
  0.9414185 161.3751 
  0.9695432 160.5723 
  0.994045 159.7734 
  0.9951665 158.9785 
  0.9910004 158.1876 
  0.9920949 157.4006 
  0.9894824 155.8383 
  0.9941955 154.2915 
  0.991661 152.7601 
  0.8560323 152.7601 
  0.6323562 145.328 
  0.7457253 143.8855 
  0.9563556 143.1697 
  0.9820359 142.4574 
  0.9677488 141.7487 
  0.9422064 140.3417 
  0.9735423 138.9488 
  0.931892 138.2575 
  0.8324532 138.2575 
  0.6116973 133.5138 
  0.4782111 134.8523 
  0.1715958 134.8523 
  0.04071566 134.8523 
  -0.009711272 135.5266 
  0.1071869 136.2042 
  0.1927353 136.8852 
  0.0430843 137.5696 
  -0.06862363 138.2575 
  0.006381158 138.9488 
  0.04264601 139.6435 
  -0.009794412 140.3417 
  -0.07397077 140.3417 
  -0.1714523 140.3417 
  -0.2452435 140.3417 
  -0.06240173 140.3417 
  0.1117061 140.3417 
  0.1853597 140.3417 
  0.1122394 141.0434 
  -0.1648125 141.7487 
  0.04389155 142.4574 
  0.1949615 143.1697 
  -0.002796368 143.8855 
  -0.2044764 144.605 
  -0.0180148 145.328 
  0.2367122 146.0546 
  0.2460127 146.7849 
  0.006459789 147.5188 
  0.055247 148.2564 
  0.008277046 148.9977 
  0.02529811 149.7427 
  0.06394812 150.4914 
  0.06682318 150.4914 
  0.6878533 148.9977 
  0.6743635 146.7849 
  0.8181849 146.0546 
  0.3275899 145.328 
  0.1793732 146.0546 
  0.03188658 146.7849 
  -0.08228932 147.5188 
  0.03937305 148.2564 
  0.01098812 148.9977 
  0.1835103 149.7427 
  0.0711174 150.4914 
  -0.04776056 151.2439 
  -0.04068805 152.0001 
  0.1599769 153.5239 
  0.0721648 155.063 
  0.1157196 155.8383 
  0.02537062 157.4006 
  0.07717133 158.1876 
  -0.04986414 159.7734 
  -0.1575009 160.5723 
  -0.06666044 161.3751 
  -0.150392 161.3751 
  -0.1489121 161.3751 
  0.570843 159.7734 
  0.7691952 155.063 
  0.9327224 150.4914 
  0.9817778 148.2564 
  0.9777704 146.0546 
  0.9677161 143.8855 
  0.963932 141.0434 
  0.9569654 138.2575 
  0.9155429 135.5266 
  0.8642379 131.531 
  0.7637184 126.3862 
  0.7581733 120.2372 
  0.7617308 116.1118 
  0.9391989 113.8184 
  0.4739919 113.8184 
  0.2559196 112.6886 
  0.1841157 104.0455 
  0.4219804 111.0151 
  0.2146535 112.128 
  0.09567486 113.2521 
  0.10787 114.9594 
  0.126274 114.3874 
  0.006598199 112.6886 
  0.01027203 110.4628 
  0.1946963 109.3664 
  0.3012385 108.2809 
  0.3713899 107.7421 
  0.08790819 107.2061 
  0.2039784 106.6728 
  -0.09941992 106.6728 
  0.009810979 106.6728 
  0.06683002 106.6728 
  -0.08235182 106.6728 
  -0.0309927 106.6728 
  -0.06636888 106.6728 
  0.05233306 106.6728 
  -0.07088925 106.6728 
  -0.09258009 106.6728 
  -0.176472 106.6728 
  0.1703593 106.6728 
  0.2068776 106.6728 
  0.04666946 106.6728 
  0.1233212 106.6728 
  0.05462444 106.6728 
  0.1538519 106.6728 
  0.2070005 106.6728 
  -0.1022201 106.6728 
  -0.4361511 106.6728 
  -0.3826056 106.6728 
  -0.4087316 106.6728 
  -0.4029085 106.6728 
  -0.4470425 106.6728 
  -0.1070566 106.6728 
  0.2014461 106.6728 
  0.0004952697 106.6728 
  0.06381856 106.6728 
  -0.3772019 106.6728 ]
