 [
  0.06623145 126.3862 
  0.07260474 126.3862 
  -0.0529312 126.3862 
  -0.1043704 126.3862 
  -0.02275427 126.3862 
  -0.2316205 126.3862 
  -0.1430355 126.3862 
  0.07871369 126.3862 
  0.1443764 126.3862 
  0.1165777 126.3862 
  -0.1284666 126.3862 
  0.09404498 126.3862 
  0.002683399 126.3862 
  0.006397013 126.3862 
  0.1275001 126.3862 
  0.2611492 126.3862 
  0.3060017 126.3862 
  0.6732748 126.3862 
  0.8048167 126.3862 
  0.5288671 126.3862 
  0.03490927 126.3862 
  0.6856682 123.2734 
  0.6281049 127.6532 
  0.8819563 128.2915 
  0.9858627 128.2915 
  0.9956597 128.2915 
  0.9898589 128.9329 
  0.9900655 129.5776 
  0.9961373 129.5776 
  0.9923207 130.2255 
  0.9914565 130.8766 
  0.9929889 130.8766 
  0.9923768 130.8766 
  0.9760289 129.5776 
  0.9670736 128.2915 
  0.960036 126.3862 
  0.9550228 125.1317 
  0.9692205 123.2734 
  0.9616531 122.0498 
  0.9652267 120.8384 
  0.9617199 119.639 
  0.9163249 117.2759 
  0.9142221 114.9594 
  0.9410838 113.2521 
  0.9278138 113.2521 
  0.7871547 113.8184 
  0.72332 114.9594 
  0.7012969 116.6924 
  0.6862534 118.4515 
  0.7005923 120.8384 
  0.8703378 122.0498 
  0.9516222 122.0498 
  0.9933505 122.0498 
  0.9971608 122.0498 
  0.9925837 122.6601 
  0.9651889 123.8897 
  0.8984929 125.7574 
  0.9239736 127.0181 
  0.9589507 128.9329 
  0.9820508 130.2255 
  0.98815 130.8766 
  0.9851292 131.531 
  0.9734457 133.5138 
  0.9742458 134.8523 
  0.9646064 135.5266 
  0.8692157 136.2042 
  0.6599051 134.8523 
  0.6656011 128.2915 
  0.8770573 132.1886 
  0.8830013 134.8523 
  0.945296 135.5266 
  0.9769831 136.2042 
  0.9715714 135.5266 
  0.9713503 134.1814 
  0.9864146 132.8496 
  0.9798207 132.1886 
  0.9674147 130.8766 
  0.9082434 129.5776 
  0.8784747 127.6532 
  0.8400807 126.3862 
  0.6479725 125.1317 
  0.8524016 125.1317 
  0.9275045 125.7574 
  0.85855 126.3862 
  0.686195 127.0181 
  0.4347376 128.2915 
  -0.007093317 129.5776 
  0.1130251 130.8766 
  -0.09972257 132.1886 
  0.6843054 138.2575 
  0.6899495 127.6532 
  0.9026932 127.6532 
  0.9254054 127.6532 
  0.9172689 127.0181 
  0.9685689 126.3862 
  0.9816168 127.0181 
  0.9835536 127.0181 
  0.9900199 126.3862 
  0.9818724 126.3862 
  0.9794589 127.0181 
  0.97918 127.0181 
  0.962357 126.3862 
  0.971631 125.7574 
  0.9660317 125.1317 
  0.9682337 123.8897 
  0.9639942 122.6601 
  0.9601646 121.4426 
  0.9692009 120.8384 
  0.9531009 119.639 
  0.9164854 119.0438 
  0.8770036 117.2759 
  0.8258048 114.3874 
  0.739499 112.6886 
  0.02288627 111.5702 
  0.08030144 111.0151 
  0.2074064 110.4628 
  0.339703 109.3664 
  -0.2403442 108.2809 
  -0.2739958 107.2061 
  -0.1266138 106.142 
  0.2046251 105.0885 
  -0.4763708 104.5657 
  0.397421 104.0455 
  0.6599464 108.2809 
  0.8150903 109.9132 
  0.96515 109.9132 
  0.9099655 109.3664 
  0.8629 107.2061 
  0.8290402 104.5657 
  0.4160057 104.0455 
  -0.08027875 104.5657 
  -0.5496954 104.5657 
  0.004547279 104.5657 
  0.04889411 104.5657 
  0.0991797 105.0885 
  0.03460716 105.614 
  -0.02475822 106.142 
  -0.07130667 106.6728 
  -0.0712449 106.6728 
  0.7164816 106.6728 
  -0.1426258 106.142 
  0.1948408 106.142 
  0.3050878 106.142 
  0.4523322 106.6728 
  -0.3212807 107.2061 
  -0.185229 107.7421 
  0.05504737 108.2809 
  0.05831516 108.8223 
  0.1904614 109.3664 
  0.1645209 109.9132 
  0.01615874 110.4628 
  -0.05673836 110.4628 
  0.1459172 110.4628 
  -0.03620162 110.4628 
  -0.04157854 111.0151 
  0.05965902 111.5702 
  0.1514081 112.128 
  0.2578604 112.6886 
  0.1675433 113.2521 
  0.4005128 113.8184 
  0.1416825 113.8184 
  0.08188352 113.8184 
  0.2505968 113.2521 
  0.588944 114.9594 
  0.7487195 119.639 
  0.9676028 121.4426 
  0.9879524 120.8384 
  0.9906319 120.8384 
  0.9916484 120.8384 
  0.9939566 121.4426 
  0.9941422 121.4426 
  0.9941924 120.8384 
  0.9927227 120.2372 
  0.9622555 119.639 
  0.8218821 117.8622 
  0.6261155 116.1118 
  0.6066595 116.6924 
  0.951452 117.2759 
  0.9609947 116.6924 
  0.9847119 115.5342 
  0.9858061 114.3874 
  0.9810265 113.2521 
  0.9822086 112.6886 
  0.9708622 111.5702 
  0.918367 110.4628 
  0.8568263 109.3664 
  0.7193395 108.8223 
  0.6140421 108.8223 
  0.1486266 108.8223 
  0.4818609 108.8223 
  0.2187131 108.8223 
  0.06190802 108.8223 
  0.0336984 108.8223 
  0.02383179 108.8223 
  0.3508421 108.8223 
  0.3261405 108.8223 
  0.03153651 108.8223 
  0.06299775 108.8223 
  0.3261585 108.8223 
  0.3821575 108.8223 
  0.06493619 108.8223 
  -0.03032736 108.8223 
  0.5796879 108.2809 
  0.7433742 111.0151 
  0.8252697 113.2521 
  0.9739797 114.3874 
  0.9729013 114.3874 
  0.9858901 113.8184 
  0.9927758 113.2521 
  0.9921426 113.2521 
  0.9741798 112.6886 
  0.9207727 111.5702 
  0.9329245 110.4628 
  0.9483746 109.3664 
  0.9251399 108.8223 
  0.9767985 108.2809 
  0.9837822 108.2809 
  0.9690644 107.7421 
  0.9584338 107.7421 
  0.8294271 107.2061 
  0.6814258 106.6728 
  0.4375901 109.3664 
  0.2883009 116.1118 
  0.5578053 123.2734 
  0.0752112 130.8766 
  0.1276348 138.9488 
  -0.06851834 147.5188 
  -0.2062804 156.6175 
  -0.1711362 167.1087 
  0.1957925 177.4156 
  0.03243558 188.3582 
  0.1122435 199.9758 
  -0.0407519 213.3714 
  0.5744139 227.6642 
  0.5829409 228.8026 
  0.4603047 232.2518 
  0.4669611 240.5036 
  0.6709605 246.5766 
  0.7731744 245.3498 
  0.6750891 244.1292 
  0.6188327 241.7061 
  0.7096058 244.1292 
  0.5799028 242.9146 
  0.3180468 235.753 
  0.09911738 224.2832 
  -0.1326457 211.2535 
  -0.03644027 198.9809 
  0.001131628 187.4211 
  0.08312004 176.533 
  -0.2119349 166.2773 
  0.04123832 156.6175 
  0.0784911 148.2564 
  -0.1509198 139.6435 
  0.06108498 131.531 
  0.09187948 124.5092 
  -0.1036777 117.8622 
  -0.2140502 111.5702 
  0.6484394 105.614 
  0.7874374 104.5657 
  0.7747083 103.5278 
  0.7631292 101.4829 
  0.9753564 100.4756 
  0.9865546 99.97575 
  0.9757287 99.97575 
  0.9875293 99.47836 
  0.959326 99.97575 
  0.950752 100.4756 
  0.9778676 101.4829 
  0.9860272 101.9903 
  0.985287 101.9903 
  0.9852589 101.4829 
  0.9622232 101.4829 
  0.9125366 100.978 
  0.7755225 100.978 
  0.3671834 101.9903 
  0.02607913 104.0455 
  0.02382234 106.142 
  0.2740239 108.2809 
  0.5887434 110.4628 
  0.6592265 112.6886 
  0.6795507 105.0885 
  0.8750193 104.0455 
  0.9011179 103.0128 
  0.9316026 101.9903 
  0.9740503 100.978 
  0.9768931 100.978 
  0.9161167 101.4829 
  0.8601043 103.0128 
  0.8343962 104.5657 
  0.8987346 106.142 
  0.888495 105.614 
  0.8213453 105.614 
  0.7492869 106.142 
  0.2241572 106.6728 
  0.1650458 107.2061 
  -0.1130577 108.2809 
  0.02041514 109.3664 
  0.03117522 110.4628 
  -0.02398235 111.5702 
  0.1309065 112.6886 
  -0.01711242 113.8184 
  0.07569543 114.9594 
  0.1618597 116.6924 
  0.2840294 118.4515 
  0.2839638 120.2372 
  0.514868 124.5092 
  0.5683371 120.2372 
  0.5510638 115.5342 
  0.779741 111.5702 
  0.9601796 109.9132 
  0.8922905 108.2809 
  0.9352138 106.6728 
  0.9247678 106.6728 
  0.9164597 107.2061 
  0.9497721 107.7421 
  0.9500877 108.2809 
  0.9628466 108.8223 
  0.9601874 108.8223 
  0.9576777 108.8223 
  0.9100845 109.3664 
  0.7893184 108.2809 
  0.234881 106.142 
  -0.05898948 104.5657 
  -0.1789248 103.0128 
  -0.008739075 101.9903 
  0.05010361 100.978 
  0.1312752 99.97575 
  0.0208845 98.98344 
  0.01482173 98.00098 
  0.1236571 97.02828 
  -0.0252776 96.06523 
  0.08510422 95.11173 
  -0.05931763 94.1677 
  0.3101009 93.6992 
  0.05834934 94.63854 
  0.5888464 97.02828 
  0.7247909 97.02828 
  0.7376016 98.491 
  0.7767582 99.47836 
  0.807525 100.4756 
  0.8760108 101.9903 
  0.8692599 103.5278 
  0.7921338 103.0128 
  0.7828292 102.5003 
  0.8334159 102.5003 
  0.8820714 102.5003 
  0.928582 101.9903 
  0.9727065 101.9903 
  0.904985 100.978 
  0.9530314 100.4756 
  0.9232036 100.4756 
  0.8444788 100.4756 
  0.7658295 100.978 
  0.6462027 101.9903 
  0.717997 100.978 
  0.6063694 101.4829 
  0.2715733 101.9903 
  -0.1678673 102.5003 
  0.03979292 103.5278 
  0.2187624 104.0455 
  0.2636359 104.5657 
  0.06975792 105.0885 
  -0.008323972 105.614 
  -0.1299609 106.6728 
  0.1703277 107.2061 
  0.1879468 107.7421 
  0.1812172 108.8223 
  -0.1160714 109.9132 
  0.1558853 111.0151 
  -0.04435649 112.128 
  -0.00765266 113.2521 
  -0.08899789 114.3874 
  -0.04507739 115.5342 
  -0.07889818 116.6924 
  0.00740776 117.8622 
  -0.03051453 118.4515 
  -0.06883929 119.0438 
  0.278839 119.639 
  0.7727897 120.2372 
  0.5991492 115.5342 
  0.6659813 109.9132 
  0.9332482 107.7421 
  0.9707654 107.2061 
  0.9872555 106.6728 
  0.991375 106.142 
  0.978811 106.142 
  0.973749 105.614 
  0.9661242 105.614 
  0.9684684 106.142 
  0.963448 105.0885 
  0.9769707 104.0455 
  0.9742457 104.0455 
  0.9593363 104.5657 
  0.9493824 104.5657 
  0.9000913 104.5657 
  0.7558493 104.0455 
  0.03591487 103.5278 
  0.07902463 103.0128 
  0.1205898 103.0128 
  -0.04271507 102.5003 
  -0.203489 102.5003 
  -0.1540506 101.9903 
  0.08003374 101.4829 
  0.02327734 100.978 
  -0.1061485 100.4756 
  0.07288469 99.97575 
  0.08589353 99.47836 
  0.7181216 98.98344 
  0.5516882 98.98344 
  0.4426817 99.47836 
  0.4447832 99.97575 
  0.5473797 100.4756 
  0.0394057 101.4829 
  -0.09294201 101.9903 
  -0.09934387 101.9903 
  0.2174429 101.9903 
  0.3447439 101.9903 
  0.3064436 101.9903 
  0.6989726 101.9903 
  0.7638322 101.9903 
  0.7670719 101.9903 
  0.6611967 101.9903 
  0.6067188 101.9903 
  0.5380359 101.9903 
  0.3196133 101.9903 
  -0.032388 101.9903 
  -0.05493517 101.9903 ]
