 [
  -0.1032478 127.6532 
  0.08417286 127.6532 
  0.1346936 127.6532 
  0.09981028 127.6532 
  -0.04811338 127.6532 
  -0.00461953 127.6532 
  -0.007931358 127.6532 
  0.01458381 127.6532 
  0.005528441 127.6532 
  0.1112801 127.6532 
  -0.009425331 127.6532 
  0.3226244 127.6532 
  0.4931971 127.6532 
  0.5782872 128.9329 
  0.7797377 130.8766 
  0.9403466 132.1886 
  0.948261 130.8766 
  0.9531682 130.2255 
  0.960237 130.2255 
  0.9609288 130.2255 
  0.9676543 129.5776 
  0.985267 128.9329 
  0.9788612 128.2915 
  0.9064221 128.2915 
  0.6992801 128.9329 
  0.2934191 130.2255 
  -0.2591742 131.531 
  0.2171278 132.8496 
  0.0488645 134.8523 
  -0.001146139 136.8852 
  0.007129068 138.9488 
  -0.1757819 141.0434 
  0.2501877 143.1697 
  0.1103821 145.328 
  0.7059522 148.2564 
  0.8749378 148.9977 
  0.9897956 149.7427 
  0.992541 149.7427 
  0.8464117 151.2439 
  0.9106184 152.0001 
  0.93835 152.7601 
  0.9851942 152.7601 
  0.9855655 152.7601 
  0.9937968 154.2915 
  0.9947789 154.2915 
  0.9892692 155.063 
  0.9774687 155.063 
  0.9497325 155.8383 
  0.9005693 155.063 
  0.8440905 155.8383 
  0.7254589 157.4006 
  0.947586 161.3751 
  0.9923316 162.182 
  0.7685641 160.5723 
  0.7238536 156.6175 
  0.8450798 154.2915 
  0.8662438 153.5239 
  0.8442712 152.0001 
  0.3972517 152.7601 
  0.03135773 153.5239 
  0.6964324 154.2915 
  0.4951934 155.063 
  0.3380234 155.8383 
  0.2308418 156.6175 
  -0.07848108 157.4006 
  0.1253876 158.1876 
  0.1564002 158.9785 
  0.1943795 158.9785 
  0.04011142 158.1876 
  0.5929688 157.4006 
  0.8757239 154.2915 
  0.9403363 154.2915 
  0.9821465 154.2915 
  0.9773576 153.5239 
  0.9825382 152.0001 
  0.990714 151.2439 
  0.9950685 150.4914 
  0.994489 150.4914 
  0.990388 149.7427 
  0.9914484 149.7427 
  0.9900647 149.7427 
  0.9871242 150.4914 
  0.9823401 149.7427 
  0.9832875 149.7427 
  0.9818851 148.9977 
  0.9793601 148.2564 
  0.9860246 147.5188 
  0.9867487 146.7849 
  0.9782084 146.0546 
  0.9804649 145.328 
  0.9790323 144.605 
  0.9844304 143.8855 
  0.9840243 143.1697 
  0.9928597 142.4574 
  0.9951736 141.7487 
  0.9959217 141.7487 
  0.9828815 141.0434 
  0.9737785 140.3417 
  0.9654191 138.2575 
  0.9431617 136.8852 
  0.8557033 136.2042 
  0.4038832 137.5696 
  -0.1517454 138.9488 
  -0.004860628 140.3417 
  0.1939087 141.7487 
  0.1156151 143.1697 
  0.1086473 144.605 
  0.1565128 146.0546 
  0.1382602 147.5188 
  0.00711253 148.9977 
  0.04312871 150.4914 
  0.03974799 152.0001 
  -0.06463641 153.5239 
  0.116985 155.063 
  0.2145229 156.6175 
  0.1948677 158.1876 
  0.6641245 160.5723 
  0.8650854 159.7734 
  0.9230644 156.6175 
  0.9648077 155.8383 
  0.9719192 154.2915 
  0.9834618 153.5239 
  0.9820586 152.0001 
  0.9830554 151.2439 
  0.9920286 150.4914 
  0.9944082 149.7427 
  0.9934325 148.9977 
  0.991314 148.2564 
  0.9845558 146.7849 
  0.9894705 146.0546 
  0.9850762 144.605 
  0.9698721 143.8855 
  0.9403684 141.7487 
  0.8948609 138.9488 
  0.8943362 136.2042 
  0.9298938 132.8496 
  0.9292293 130.8766 
  0.9255021 128.2915 
  0.9435248 126.3862 
  0.9590045 125.1317 
  0.9792722 123.2734 
  0.9936621 122.6601 
  0.9966344 122.6601 
  0.995611 122.6601 
  0.9889451 123.2734 
  0.9864488 123.2734 
  0.9855838 123.8897 
  0.9762498 123.8897 
  0.9584962 123.2734 
  0.936437 122.6601 
  0.9493958 122.0498 
  0.9563745 120.8384 
  0.8651851 120.2372 
  0.5310261 120.2372 
  0.4164307 120.2372 
  0.1155034 120.2372 
  0.05440581 120.2372 
  0.04323626 120.2372 
  -0.2122718 120.8384 
  -0.0229851 121.4426 
  0.05818481 121.4426 
  -0.01424203 121.4426 
  -0.02307204 121.4426 
  0.08705058 121.4426 
  0.1198832 122.0498 
  0.03100321 122.6601 
  0.6535019 123.2734 
  0.8173487 122.6601 
  0.8346015 122.0498 
  0.8035949 119.639 
  0.8904822 117.2759 
  0.9563236 116.1118 
  0.9682932 115.5342 
  0.9813341 115.5342 
  0.9496615 114.9594 
  0.887662 113.8184 
  0.7844073 113.2521 
  0.2820215 114.3874 
  0.1617142 116.6924 
  -0.06132469 119.0438 
  -0.05698254 121.4426 
  0.01299783 123.8897 
  -0.05101852 126.3862 
  -0.1700332 128.9329 
  -0.1033663 131.531 
  0.07733678 134.1814 
  -0.018363 136.8852 
  0.4501867 139.6435 
  -0.05651336 142.4574 
  -0.1256614 145.328 
  -0.05188963 148.2564 
  0.07416867 151.2439 
  0.3241725 153.5239 
  0.7300032 155.8383 
  0.7606956 152.7601 
  0.8589078 148.9977 
  0.9331961 146.7849 
  0.9630161 145.328 
  0.9603553 143.8855 
  0.9837258 143.1697 
  0.9914893 142.4574 
  0.9926825 142.4574 
  0.9889188 143.1697 
  0.9796762 143.8855 
  0.975004 143.8855 
  0.9667367 144.605 
  0.9530241 145.328 
  0.9510946 145.328 
  0.9020884 143.8855 
  0.9334391 141.7487 
  0.9252921 139.6435 
  0.8618979 137.5696 
  0.3671044 136.2042 
  0.2389694 134.8523 
  0.2376352 133.5138 
  0.4248272 132.8496 
  0.7762108 132.1886 
  0.9194444 130.8766 
  0.9564182 129.5776 
  0.929472 127.0181 
  0.9208579 124.5092 
  0.9213645 122.0498 
  0.9424609 119.0438 
  0.944919 116.6924 
  0.896174 115.5342 
  0.8689086 114.9594 
  0.7857153 115.5342 
  0.8320111 116.6924 
  0.9434324 117.2759 
  0.9857198 117.2759 
  0.9907763 117.2759 
  0.9637041 116.6924 
  0.937796 116.6924 
  0.9500966 117.2759 
  0.9540377 118.4515 
  0.9238162 119.0438 
  0.9547617 118.4515 
  0.9657786 119.0438 
  0.9471021 119.639 
  0.9681466 120.2372 
  0.9897944 120.2372 
  0.981824 120.8384 
  0.9674166 121.4426 
  0.9723886 122.6601 
  0.9692445 123.8897 
  0.9809767 124.5092 
  0.9961875 125.1317 
  0.993113 125.1317 
  0.9937791 125.7574 
  0.9801049 126.3862 
  0.9853874 127.0181 
  0.9920914 127.6532 
  0.9855573 128.2915 
  0.9866159 128.2915 
  0.9918045 128.9329 
  0.9840466 128.2915 
  0.9866716 128.2915 
  0.9871343 127.6532 
  0.9806469 127.6532 
  0.9595609 127.0181 
  0.9681306 125.7574 
  0.9750572 124.5092 
  0.9280677 123.2734 
  0.8465085 122.6601 
  0.7423791 121.4426 
  0.1439438 120.2372 
  0.4197597 119.639 
  0.6013254 119.0438 
  0.7578458 118.4515 
  0.5957127 117.8622 
  -0.007685748 117.2759 
  -0.04266709 116.6924 
  -0.07782636 116.1118 
  -0.1196258 115.5342 
  0.1417139 114.9594 
  -0.03715003 114.3874 
  0.1205588 113.8184 
  0.092144 113.2521 
  -0.1623664 112.6886 
  -0.1136315 112.128 
  -0.0227919 111.5702 
  -0.07640418 111.0151 
  0.5455335 110.4628 
  0.5505944 108.2809 
  0.546051 104.5657 
  0.3701018 100.978 
  0.49473 98.491 
  0.3088223 97.51342 
  0.2740197 97.02828 
  -0.0117177 96.54556 
  -0.4327096 96.54556 
  -0.4277232 96.54556 
  -0.0582163 96.54556 
  0.02511327 96.54556 
  0.1044716 96.54556 
  0.1267404 96.54556 
  0.6870837 96.54556 
  0.2059901 96.54556 
  -0.03637407 96.54556 
  -0.07786373 96.54556 
  -0.2548539 96.54556 
  0.02551542 96.54556 
  -0.01225264 96.54556 
  0.0657111 96.54556 
  0.1086991 96.54556 
  0.2330119 96.54556 
  0.05033899 96.54556 
  0.166957 96.54556 
  0.04842273 96.54556 
  -0.1235911 96.54556 
  -0.03492602 96.54556 
  0.01050334 96.54556 
  0.1006476 96.54556 
  -0.2664052 96.54556 
  -0.3452376 96.54556 ]
