 [
  -0.2358124 107.7421 
  -0.1955877 107.7421 
  -0.1008701 107.7421 
  -0.02956131 107.7421 
  -0.1493109 107.7421 
  -0.04368391 107.7421 
  -0.07884778 107.7421 
  -0.0932807 107.7421 
  -0.1576857 107.7421 
  -0.2189123 107.7421 
  -0.1331933 107.7421 
  0.1661132 107.7421 
  0.7228602 107.7421 
  0.3768625 107.7421 
  0.5271031 100.978 
  0.9655165 99.47836 
  0.9715463 99.47836 
  0.9427165 100.4756 
  0.9359194 99.97575 
  0.9203801 98.98344 
  0.8797174 99.47836 
  0.9724963 100.978 
  0.9840801 101.4829 
  0.9507991 102.5003 
  0.8869758 105.0885 
  0.9531824 106.6728 
  0.9810404 106.6728 
  0.9923642 106.6728 
  0.9881461 106.6728 
  0.9736778 106.6728 
  0.9473548 107.7421 
  0.9248711 108.2809 
  0.8429973 108.8223 
  0.7137954 107.7421 
  0.0151947 107.7421 
  0.8539475 108.8223 
  0.5739201 110.4628 
  0.7642695 112.128 
  0.914439 114.3874 
  0.9613527 116.6924 
  0.9777274 116.6924 
  0.9542197 115.5342 
  0.9262298 113.8184 
  0.9098884 112.128 
  0.8260596 109.3664 
  0.7546823 106.6728 
  0.9490587 106.142 
  0.9568243 105.614 
  0.9259655 104.5657 
  0.7318357 104.0455 
  0.2295295 105.0885 
  -0.155162 106.142 
  0.03149116 107.2061 
  0.1874425 108.2809 
  0.3223389 109.3664 
  0.2941958 110.4628 
  0.1235436 111.5702 
  0.02408081 112.6886 
  -0.05782811 113.8184 
  -0.001365474 114.9594 
  0.4468466 116.1118 
  0.6498044 110.4628 
  0.5657219 107.7421 
  0.7181197 105.0885 
  0.9312112 103.5278 
  0.9630405 102.5003 
  0.9853188 101.9903 
  0.9973904 101.9903 
  0.9872049 101.9903 
  0.9898059 101.4829 
  0.9832356 101.9903 
  0.9751855 101.9903 
  0.9464417 101.4829 
  0.8922396 100.978 
  0.8028648 99.47836 
  0.6991713 97.51342 
  0.631861 95.11173 
  0.03531042 95.11173 
  0.02896124 97.02828 
  -0.09264053 98.98344 
  0.1523438 100.978 
  0.1269193 102.5003 
  -0.03149137 104.0455 
  -0.06700971 105.614 
  0.5830944 108.2809 
  0.3530517 103.5278 
  0.4915088 98.98344 
  0.8431032 96.06523 
  0.8687441 93.6992 
  0.854655 91.84841 
  0.8502923 89.58624 
  0.9194 88.25578 
  0.9619254 87.3798 
  0.9467101 87.8167 
  0.9165369 87.8167 
  0.8261755 87.8167 
  0.5864453 88.25578 
  0.4170235 89.14054 
  0.2960743 90.03418 
  0.4483311 90.93677 
  0.4551766 91.39146 
  0.3196379 92.30766 
  0.2802869 94.1677 
  0.1298363 95.5873 
  -0.02689324 97.02828 
  -0.06805623 98.491 
  0.03567816 99.97575 
  -0.1961422 101.9903 
  0.721628 103.5278 
  0.9582691 103.5278 
  0.9763458 103.5278 
  0.9740057 104.5657 
  0.9681529 105.0885 
  0.9833131 106.6728 
  0.9871336 107.7421 
  0.9927333 108.2809 
  0.9716329 108.2809 
  0.8759707 107.7421 
  0.8024766 107.2061 
  0.4704292 106.142 
  -0.1627372 105.614 
  0.3884314 105.0885 
  -0.2033117 104.5657 
  -0.08892606 104.0455 
  0.3201602 103.5278 
  -0.01714975 103.0128 
  -0.01616134 103.0128 
  0.05874532 103.0128 
  0.12786 103.0128 
  0.2230223 103.0128 
  0.6725467 103.5278 
  0.8699636 103.5278 
  0.7513086 102.5003 
  0.4937378 101.9903 
  0.634985 99.47836 
  0.9376705 98.00098 
  0.9594295 97.02828 
  0.9796748 97.02828 
  0.9690101 97.51342 
  0.9308635 98.00098 
  0.960248 98.98344 
  0.9851732 98.491 
  0.9489146 98.00098 
  0.9718054 97.02828 
  0.9399845 97.51342 
  0.9503292 98.00098 
  0.9432455 98.00098 
  0.9400952 97.51342 
  0.9206451 97.51342 
  0.8587035 96.54556 
  0.721647 95.5873 
  0.3599001 93.23304 
  0.05710772 94.1677 
  -0.02644485 95.11173 
  -0.04063681 96.06523 
  -0.09865626 97.02828 
  -0.1885318 98.00098 
  0.3897722 98.98344 
  0.4237524 99.47836 
  0.459023 98.98344 
  0.3212268 98.00098 
  0.5403287 98.00098 
  0.2778784 95.5873 
  0.3427313 93.23304 
  0.6035776 91.39146 
  0.5537975 89.58624 
  0.7975711 88.25578 
  0.9385148 87.3798 
  0.9468802 87.3798 
  0.9822388 87.8167 
  0.9860306 87.8167 
  0.9620078 87.3798 
  0.9057912 87.3798 
  0.7770374 87.3798 
  0.6131001 87.3798 
  0.1127386 88.25578 
  -0.1426253 90.48434 
  0.143424 92.7692 
  0.7359657 95.5873 
  0.862662 98.00098 
  0.8259838 98.00098 
  0.8635431 97.51342 
  0.9430001 96.54556 
  0.9699579 95.5873 
  0.9763534 95.5873 
  0.9810271 96.06523 
  0.9631513 97.02828 
  0.9652209 98.491 
  0.9898663 98.98344 
  0.988307 98.98344 
  0.9922744 98.491 
  0.9857672 98.491 
  0.9766463 98.98344 
  0.9727183 98.491 
  0.9782214 97.51342 
  0.9841121 97.51342 
  0.985008 97.51342 
  0.9893546 97.51342 
  0.9927384 97.51342 
  0.9890549 97.02828 
  0.9912653 96.54556 
  0.98833 96.06523 
  0.9873067 96.54556 
  0.9879255 96.06523 
  0.9099416 95.5873 
  0.6711251 94.1677 
  0.5710372 91.84841 
  0.7370104 88.69706 
  0.4084317 86.94508 
  0.3348491 87.3798 
  0.2912443 87.8167 
  0.2462697 88.69706 
  0.03530703 89.14054 
  0.1743942 89.58624 
  0.09726261 90.03418 
  0.1221023 90.93677 
  0.2099161 92.30766 
  -0.03434978 93.6992 
  0.1764342 95.5873 
  0.3564003 97.51342 
  0.6663839 99.97575 
  0.8112183 98.98344 
  0.8934142 98.00098 
  0.9271329 97.02828 
  0.9216787 96.54556 
  0.9242564 96.54556 
  0.9103544 96.06523 
  0.9009792 95.11173 
  0.9061478 94.1677 
  0.923536 93.23304 
  0.9700752 92.30766 
  0.9778377 91.84841 
  0.9765169 91.84841 
  0.9591758 91.84841 
  0.9819976 90.93677 
  0.9041991 89.58624 
  0.9371086 87.8167 
  0.9244721 86.51251 
  0.9611251 85.2277 
  0.9851182 84.80367 
  0.9737263 84.38177 
  0.938593 83.54424 
  0.9862986 82.3035 
  0.950591 81.89403 
  0.9711692 81.4866 
  0.9804837 81.08118 
  0.9740435 81.08118 
  0.9500338 80.6778 
  0.8302406 79.47963 
  0.6920021 77.90971 
  0.5769615 76.3708 
  0.7322049 75.61279 
  0.4390193 75.2366 
  0.1273246 74.86229 
  -0.0757777 74.48985 
  -0.286289 73.7505 
  -0.15544 73.01849 
  0.1519135 72.29374 
  0.07285641 71.57619 
  0.06802104 70.86576 
  -0.03446306 70.51319 
  0.04011001 69.81332 
  0.04394649 69.46598 
  0.2673746 69.46598 
  0.03762504 69.46598 
  -0.2510554 69.46598 
  -0.1001791 69.46598 
  -0.04236365 69.46598 
  -0.02718855 69.46598 
  -0.03387769 69.46598 
  0.123435 69.46598 
  0.006680979 69.46598 
  -0.009812814 69.46598 
  -0.1691476 69.46598 
  0.06536781 69.46598 
  0.1221741 69.46598 
  0.03786792 69.46598 ]
