 [
  0.1991221 116.1118 
  0.07655914 116.1118 
  0.092402 116.1118 
  0.1837854 116.1118 
  0.0664309 116.1118 
  -0.08847254 116.1118 
  -0.06835003 116.1118 
  -0.008688064 116.1118 
  -0.02115311 116.1118 
  0.08619395 116.1118 
  0.08599298 116.1118 
  0.2130406 116.1118 
  0.06790799 116.1118 
  -0.006874332 116.6924 
  0.5196425 114.9594 
  0.7771146 116.1118 
  0.9024526 117.2759 
  0.997687 119.0438 
  0.9532201 120.8384 
  0.9304789 123.8897 
  0.9710364 125.7574 
  0.9844631 126.3862 
  0.9200119 128.9329 
  0.9347179 133.5138 
  0.9824408 135.5266 
  0.9804521 138.2575 
  0.9894015 141.0434 
  0.988911 141.7487 
  0.9917165 143.8855 
  0.9982105 144.605 
  0.99496 146.0546 
  0.9947406 146.7849 
  0.9935494 146.7849 
  0.9781605 148.2564 
  0.9922552 148.9977 
  0.9983002 149.7427 
  0.9864188 149.7427 
  0.900412 149.7427 
  0.6623191 149.7427 
  0.4403958 148.9977 
  0.05868394 147.5188 
  0.01673202 146.0546 
  0.0133615 144.605 
  -0.01811293 143.1697 
  0.1293785 141.7487 
  -0.09911945 139.6435 
  0.2838575 138.2575 
  -0.05000126 136.8852 
  0.3450105 135.5266 
  0.1161382 134.1814 
  0.1196405 132.8496 
  0.1502173 131.531 
  0.03451326 130.2255 
  -0.02154116 128.2915 
  0.3175149 126.3862 
  0.5336609 126.3862 
  0.7084141 125.7574 
  0.8865304 121.4426 
  0.9166777 120.2372 
  0.9927429 120.8384 
  0.9866011 120.2372 
  0.9608061 120.2372 
  0.858992 120.2372 
  0.5960401 121.4426 
  0.2746826 122.6601 
  0.1945642 124.5092 
  0.01577951 126.3862 
  0.0485165 128.2915 
  0.09708206 130.2255 
  -0.04345153 131.531 
  0.04931707 132.8496 
  0.1151503 134.1814 
  0.1046669 135.5266 
  0.1889801 136.8852 
  0.05604459 138.9488 
  0.006703002 141.0434 
  -0.05030543 143.1697 
  0.8036419 145.328 
  0.7447707 135.5266 
  0.956989 134.1814 
  0.9588212 134.1814 
  0.9530014 134.1814 
  0.9109876 134.1814 
  0.8881987 133.5138 
  0.9403139 131.531 
  0.9319078 130.8766 
  0.9478578 130.2255 
  0.9725305 130.2255 
  0.9910216 130.2255 
  0.9860651 130.2255 
  0.9438714 130.2255 
  0.8760376 129.5776 
  0.6964588 130.2255 
  0.9793106 132.1886 
  0.9946696 132.8496 
  0.9944947 132.1886 
  0.9893985 131.531 
  0.8390836 130.2255 
  0.8407657 127.0181 
  0.8446 124.5092 
  0.8557541 122.6601 
  0.8606439 118.4515 
  0.92531 114.3874 
  0.9127929 111.5702 
  0.9188101 108.8223 
  0.8219033 105.614 
  0.8335422 101.9903 
  0.9138347 100.4756 
  0.9439942 99.97575 
  0.8414487 99.47836 
  0.7415779 98.00098 
  0.4494163 96.06523 
  0.5984367 95.5873 
  0.552513 95.5873 
  0.6188806 97.02828 
  -0.05420647 98.98344 
  0.08882496 101.4829 
  0.1065765 104.0455 
  -0.04831735 106.6728 
  -0.3288479 109.3664 
  -0.1179886 112.128 
  -0.1152807 114.9594 
  -0.2346092 117.8622 
  -0.1403646 120.8384 
  -0.2760844 124.5092 
  -0.1789372 128.2915 
  -0.367541 132.1886 
  -0.3910529 136.2042 
  0.06096592 140.3417 
  0.6287787 145.328 
  0.3187371 128.2915 
  0.5321572 127.0181 
  0.8329848 127.6532 
  0.8536509 128.9329 
  0.8117124 129.5776 
  0.6249959 128.2915 
  0.679026 123.2734 
  0.6244917 123.8897 
  0.3830239 130.8766 
  0.5851668 132.1886 
  0.2377683 132.8496 
  -0.4749499 133.5138 
  -0.008589497 134.1814 
  -0.1587758 134.8523 
  0.02482081 135.5266 
  0.1801443 136.2042 
  0.525695 136.8852 
  0.9496898 136.2042 
  0.9533184 134.8523 
  0.9463063 133.5138 
  0.9271811 132.1886 
  0.88694 130.2255 
  0.890183 128.9329 
  0.8882482 127.6532 
  0.4983116 126.3862 
  0.3058246 125.1317 
  0.1421977 123.8897 
  0.04285396 122.6601 
  0.05655219 121.4426 
  0.0409929 120.2372 
  0.01538692 119.0438 
  -0.03313462 117.8622 
  -0.1176749 116.6924 
  0.6335756 112.6886 
  0.6568761 116.6924 
  0.828913 116.6924 
  0.943959 116.6924 
  0.9620992 116.6924 
  0.9038186 115.5342 
  0.8658438 116.6924 
  0.9508244 118.4515 
  0.9745617 119.0438 
  0.9830385 120.2372 
  0.9911419 120.2372 
  0.9922752 120.8384 
  0.994321 120.8384 
  0.9939468 120.2372 
  0.9941882 120.2372 
  0.9967901 119.639 
  0.9946212 119.0438 
  0.9875099 118.4515 
  0.9513056 117.2759 
  0.918189 116.1118 
  0.9139413 114.9594 
  0.652607 114.3874 
  0.006862339 113.8184 
  0.3346919 113.2521 
  0.2096407 112.6886 
  -0.1007338 112.128 
  -0.166835 111.5702 
  0.01237269 111.0151 
  0.04035056 110.4628 
  0.1516296 110.4628 
  -0.06722594 110.4628 
  -0.004230955 110.4628 
  0.01938171 110.4628 
  -0.1408745 110.4628 
  0.2650111 110.4628 
  -0.166058 110.4628 
  0.3576601 110.4628 
  0.3335306 110.4628 
  0.2818386 110.4628 
  0.07525386 110.4628 
  -0.05441445 110.4628 
  0.6949598 110.4628 
  0.8251569 109.3664 
  0.7978259 107.7421 
  0.1975014 107.2061 
  -0.113972 107.2061 
  -0.1085051 107.2061 
  0.1381849 107.2061 
  0.04555433 107.2061 
  -0.1111443 107.2061 
  0.0990554 107.2061 
  -0.08129231 106.6728 
  -0.01714259 105.0885 
  0.154339 104.0455 
  0.387732 102.5003 
  0.3837743 101.4829 
  0.3464427 101.4829 
  0.1088023 101.9903 
  -0.05293634 103.0128 
  0.1383156 105.0885 
  0.3299952 109.9132 
  0.4073592 106.142 
  0.731318 105.614 
  0.6048408 103.5278 
  0.4708018 103.0128 
  0.3414469 103.0128 
  0.4295521 102.5003 
  0.5908002 103.5278 
  0.7234865 102.5003 
  0.7169741 103.5278 
  0.830295 101.4829 
  0.9064411 100.978 
  0.9785584 99.97575 
  0.9546773 98.491 
  0.901078 97.02828 
  0.6537992 96.54556 
  0.808356 96.54556 
  0.9350105 96.06523 
  0.7616184 95.11173 
  0.500283 93.6992 
  -0.05332393 95.5873 
  -0.0916569 97.51342 
  -0.3579732 99.47836 
  -0.2865847 101.4829 
  -0.05843145 104.0455 
  -0.00760672 106.6728 
  -0.09767198 109.3664 
  0.03759759 112.128 
  -0.08510239 114.9594 
  -0.0850383 117.2759 
  -0.2463323 119.639 
  -0.03454535 121.4426 
  0.8105248 119.639 
  0.4586415 104.0455 
  0.63718 104.5657 
  0.9048944 105.614 
  0.7437655 107.2061 
  0.6263631 111.0151 
  0.8925654 114.3874 
  0.9492878 114.3874 
  0.9376648 114.3874 
  0.9377577 113.8184 
  0.9613091 114.9594 
  0.9400297 115.5342 
  0.9107543 116.1118 
  0.889079 116.6924 
  0.868069 117.2759 
  0.8887216 117.8622 
  0.927597 117.8622 
  0.9415331 117.8622 
  0.9325001 117.2759 
  0.8913972 116.6924 
  0.7743421 116.6924 
  0.5671886 117.2759 
  0.7462519 118.4515 
  0.7423268 119.639 
  0.9137396 119.639 
  0.9658487 119.639 
  0.9844863 120.8384 
  0.9948787 120.8384 
  0.9949743 121.4426 
  0.995405 121.4426 
  0.9862771 121.4426 
  0.9574169 120.8384 
  0.8778625 120.2372 
  0.3080678 119.639 
  -0.2027397 117.2759 
  0.1018955 114.3874 
  0.6831545 111.5702 
  -0.1681054 108.8223 
  -0.09712606 106.142 
  -0.1691286 103.5278 
  -0.01264109 100.978 
  -0.173479 98.491 
  0.6998246 94.63854 
  0.3757901 94.63854 
  0.6008612 96.54556 
  0.6107596 98.00098 
  0.7635111 98.98344 
  0.8774921 100.4756 
  0.770579 100.4756 
  0.9712777 99.97575 
  0.9778405 99.47836 
  0.9814443 99.47836 
  0.9639273 100.4756 
  0.9684656 101.4829 
  0.5754811 102.5003 
  0.5016339 100.4756 
  0.4249501 99.47836 
  0.7201667 98.98344 
  0.1004759 99.97575 
  0.1406864 100.978 
  0.06948584 101.9903 
  -0.02258625 103.0128 
  -0.03747464 104.5657 
  -0.1588648 106.142 
  0.2189436 107.7421 
  -0.3299462 109.3664 
  0.1975602 111.0151 
  0.4495484 112.6886 
  0.4906552 104.5657 
  0.725286 105.614 
  0.9228194 106.142 
  0.8930192 105.614 
  0.7500343 104.5657 
  0.866558 103.0128 
  0.8186601 100.978 
  0.8618047 99.97575 
  0.5869172 115.5342 
  0.3868377 116.1118 
  0.587858 108.8223 
  0.3577172 112.6886 
  -0.05794163 112.128 
  0.2876424 111.5702 
  0.3667004 111.5702 
  -0.007621584 111.5702 
  0.06532908 111.0151 
  0.08472583 111.0151 
  -0.02384312 111.0151 
  0.4379633 111.0151 
  0.2772726 111.0151 
  0.05641279 111.5702 
  0.5936646 113.8184 
  0.608101 113.8184 
  0.03562722 113.2521 
  -0.0870965 108.8223 
  0.04138981 104.5657 
  -0.1597822 100.4756 
  -0.1454549 96.54556 
  0.08818804 92.7692 
  -0.104146 89.14054 
  -0.02772146 85.2277 
  0.06585301 81.89403 
  0.1374295 78.69076 
  0.6173046 75.2366 
  0.7555251 75.2366 
  0.655478 74.86229 
  0.3409054 73.7505 
  0.1748417 73.38358 
  0.04814147 73.7505 
  -0.1342416 74.11925 
  -0.1217465 74.48985 
  -0.3123484 74.48985 
  -0.2026352 74.48985 
  0.2494625 74.48985 
  -0.2690849 74.48985 
  -0.2229669 74.48985 
  -0.07243448 74.48985 
  0.1029175 74.48985 
  0.1254091 74.48985 
  0.02020692 74.48985 
  -0.1096759 74.48985 
  0.08269142 74.48985 
  0.04596703 74.48985 
  0.1193347 74.48985 
  -0.05799524 74.48985 ]
