 [
  -0.1572417 123.2734 
  -0.1828468 123.2734 
  -0.1636588 123.2734 
  -0.06580923 123.2734 
  0.01282314 123.2734 
  0.07829164 123.2734 
  0.09888937 123.2734 
  0.1700875 123.2734 
  0.05162292 123.2734 
  0.1483194 123.2734 
  0.08202455 123.2734 
  0.1781013 123.2734 
  0.1368098 123.2734 
  0.2039692 123.2734 
  0.08620553 123.2734 
  0.1924938 123.2734 
  -0.08230263 123.2734 
  0.09782415 123.2734 
  0.2090886 123.2734 
  0.2154222 123.2734 
  0.6791726 123.2734 
  0.6398206 127.0181 
  0.8730471 127.6532 
  0.9777628 128.9329 
  0.9891752 129.5776 
  0.9868441 129.5776 
  0.9822886 130.8766 
  0.9830737 132.1886 
  0.9666778 134.8523 
  0.9614187 138.2575 
  0.946343 142.4574 
  0.9519539 146.7849 
  0.9839869 150.4914 
  0.9635019 153.5239 
  0.9785061 156.6175 
  0.980252 158.9785 
  0.9830402 162.182 
  0.9820643 163.8079 
  0.9889697 165.4501 
  0.9831991 165.4501 
  0.9638833 163.8079 
  0.9592358 161.3751 
  0.9472622 157.4006 
  0.9487095 155.063 
  0.9428707 151.2439 
  0.9089642 149.7427 
  0.8857113 146.7849 
  0.8945082 143.8855 
  0.8927941 139.6435 
  0.9037794 136.8852 
  0.8648112 136.2042 
  0.7242767 136.2042 
  0.9078247 136.2042 
  0.9226562 134.8523 
  0.9586322 134.8523 
  0.9805327 134.1814 
  0.9883727 133.5138 
  0.9917805 133.5138 
  0.9849203 134.1814 
  0.9754483 135.5266 
  0.9703047 136.2042 
  0.9063782 136.2042 
  0.784813 135.5266 
  0.7523537 129.5776 
  0.5857733 129.5776 
  0.3205653 130.8766 
  0.1233912 131.531 
  -0.1030604 132.1886 
  0.1157984 132.1886 
  -0.04192734 132.1886 
  -0.02226403 132.1886 
  -0.08860089 132.8496 
  0.1212525 133.5138 
  0.1050406 133.5138 
  0.1207452 134.1814 
  0.04449618 134.8523 
  -0.1088284 136.2042 
  0.3643652 136.2042 
  0.6183903 132.8496 
  0.8947534 132.8496 
  0.8760046 136.2042 
  0.9594229 138.9488 
  0.9937636 140.3417 
  0.9891492 140.3417 
  0.9715152 139.6435 
  0.9280542 137.5696 
  0.9229057 134.8523 
  0.9573773 131.531 
  0.9514789 130.2255 
  0.8111218 130.2255 
  0.8815615 130.8766 
  0.8901482 130.8766 
  0.7677134 127.0181 
  0.7959024 123.2734 
  0.827424 120.2372 
  0.8196315 117.2759 
  0.8869957 113.8184 
  0.9637799 112.128 
  0.9712135 111.5702 
  0.9384126 110.4628 
  0.8855174 109.9132 
  0.7654048 109.9132 
  0.7433899 113.8184 
  0.06972376 114.3874 
  0.2247993 115.5342 
  -0.1125814 116.6924 
  0.002179005 117.8622 
  -0.06436662 119.0438 
  -0.0637705 119.639 
  -0.06830499 120.8384 
  0.1253876 121.4426 
  0.1641703 122.0498 
  0.0941481 122.6601 
  -0.08077329 123.2734 
  0.1533937 123.8897 
  0.6001582 133.5138 
  0.8731526 133.5138 
  0.9647067 132.8496 
  0.9715723 132.1886 
  0.9815267 131.531 
  0.9838995 130.8766 
  0.9806073 130.2255 
  0.9691249 130.2255 
  0.9187182 131.531 
  0.8259125 134.1814 
  0.8407334 140.3417 
  0.9129016 143.1697 
  0.9443945 145.328 
  0.8380481 145.328 
  0.6070043 142.4574 
  0.251804 139.6435 
  0.08957629 136.8852 
  -0.08281414 134.1814 
  -0.2361966 131.531 
  -0.01595431 128.9329 
  0.2179824 126.3862 
  0.08723839 124.5092 
  -0.02872762 121.4426 
  0.5686891 117.8622 
  0.3870489 116.1118 
  0.1751765 114.3874 
  0.2096716 111.5702 
  0.4644098 112.128 
  0.7260886 114.3874 
  0.887934 115.5342 
  0.8804343 116.6924 
  0.6878827 119.0438 
  0.322671 122.0498 
  0.5631502 125.1317 
  0.3048394 128.2915 
  0.1070698 131.531 
  0.1274982 134.8523 
  0.0457943 138.2575 
  -0.2650907 143.1697 
  0.1177759 148.9977 
  0.8142474 154.2915 
  0.4853949 138.2575 
  0.6450269 134.1814 
  0.7847513 132.1886 
  0.8649772 130.2255 
  0.9398763 128.2915 
  0.9658561 127.0181 
  0.9814713 127.0181 
  0.9527544 126.3862 
  0.9077004 125.7574 
  0.8068202 124.5092 
  0.6378031 125.1317 
  0.9739339 126.3862 
  0.9938251 127.6532 
  0.997268 127.6532 
  0.9960886 128.2915 
  0.8938152 128.9329 
  0.7550958 128.2915 
  0.7340977 127.0181 
  0.9472339 125.7574 
  0.9839377 124.5092 
  0.9596763 123.8897 
  0.8943647 122.6601 
  0.92927 120.8384 
  0.9853992 120.2372 
  0.8727345 119.639 
  0.4694756 120.2372 
  0.05158466 130.2255 
  0.5354106 136.8852 
  0.543498 138.9488 
  0.3574921 136.8852 
  0.1575448 134.1814 
  0.1397718 130.8766 
  0.1890481 127.0181 
  0.4674127 125.7574 
  0.5046954 125.1317 
  0.5221567 124.5092 
  0.5276435 123.8897 
  0.5812444 124.5092 
  0.5643255 126.3862 
  0.5731118 130.2255 
  0.8226659 130.8766 
  0.7522742 128.2915 
  0.6491013 123.2734 
  0.8498324 120.8384 
  0.9067364 119.0438 
  0.8980552 117.8622 
  0.9184508 116.6924 
  0.8354484 115.5342 
  0.941171 113.8184 
  0.9856178 113.2521 
  0.9689756 112.6886 
  0.9770957 112.128 
  0.9721076 111.5702 
  0.9678276 111.5702 
  0.9578825 111.0151 
  0.94459 110.4628 
  0.9544353 109.3664 
  0.9171579 108.8223 
  0.882683 108.8223 
  0.927245 109.3664 
  0.9051695 109.9132 
  0.8776012 110.4628 
  0.8167995 110.4628 
  0.688938 110.4628 
  0.3749119 110.4628 
  0.2706468 110.4628 
  0.2552513 110.4628 
  -0.1173805 110.4628 
  -0.3269657 110.4628 
  -0.4610582 110.4628 
  -0.1719164 110.4628 
  -0.1619368 110.4628 
  -0.07397436 110.4628 
  -0.1537933 110.4628 ]
