 [
  0.1010998 249.0485 
  -0.1613947 249.0485 
  -0.2138688 249.0485 
  -0.5191013 249.0485 
  -0.4455019 249.0485 
  0.1100845 249.0485 
  0.07302888 249.0485 
  0.4250833 249.0485 
  0.341427 249.0485 
  0.2581858 249.0485 
  0.3170423 249.0485 
  0.05758428 249.0485 
  0.1838488 249.0485 
  0.4799329 249.0485 
  0.7942679 247.8095 
  0.8665505 239.307 
  0.9728457 234.5801 
  0.9961716 232.2518 
  0.9598052 231.0963 
  0.9348949 228.8026 
  0.9735493 226.5316 
  0.9957513 224.2832 
  0.9951954 223.1673 
  0.971556 223.1673 
  0.9746475 223.1673 
  0.982935 223.1673 
  0.9935213 222.057 
  0.9935555 219.853 
  0.994184 218.7592 
  0.9957519 217.6709 
  0.9929217 215.5104 
  0.9918621 213.3714 
  0.995725 211.2535 
  0.9972514 211.2535 
  0.9925717 213.3714 
  0.9859948 214.4382 
  0.9877794 215.5104 
  0.9882758 215.5104 
  0.9904323 215.5104 
  0.9939947 216.5879 
  0.9960491 217.6709 
  0.9940632 219.853 
  0.9948115 222.057 
  0.9937881 224.2832 
  0.9954589 226.5316 
  0.9977934 227.6642 
  0.9990089 228.8026 
  1.00053 229.9466 
  0.998682 231.0963 
  0.9958333 232.2518 
  0.9933271 235.753 
  0.9910067 239.307 
  0.993548 241.7061 
  0.993494 245.3498 
  0.9904058 246.5766 
  0.9769766 249.0485 
  0.9390634 252.8029 
  0.8690856 249.0485 
  0.8356158 247.8095 
  0.8515034 246.5766 
  0.01697917 246.5766 
  -0.03302971 246.5766 
  0.04046392 245.3498 
  0.1338924 244.1292 
  0.06097107 242.9146 
  -0.01170552 241.7061 
  0.004094508 240.5036 
  -0.001165612 239.307 
  -0.06004764 238.1164 
  0.04783658 238.1164 
  0.09611501 238.1164 
  0.04360108 238.1164 
  0.2172963 238.1164 
  0.9086394 238.1164 
  0.9268415 236.9318 
  0.9495444 234.5801 
  0.9935812 231.0963 
  0.9642624 228.8026 
  0.9624881 225.4046 
  0.9710762 222.057 
  0.9822359 219.853 
  0.9586368 217.6709 
  0.9251212 216.5879 
  0.9351109 216.5879 
  0.9334645 216.5879 
  0.7656912 218.7592 
  0.5138843 220.9523 
  0.08725829 224.2832 
  0.07133774 227.6642 
  0.2444323 229.9466 
  0.5431765 231.0963 
  0.6321886 215.5104 
  0.867533 210.2025 
  0.9965399 208.1162 
  0.9990276 207.0808 
  0.9995387 207.0808 
  0.9981932 208.1162 
  0.9956129 209.1568 
  0.9926329 211.2535 
  0.9873998 213.3714 
  0.981115 215.5104 
  0.9435014 216.5879 
  0.8182687 215.5104 
  0.5808589 215.5104 
  0.01335883 216.5879 
  0.03297162 216.5879 
  -0.07201019 216.5879 
  -0.06442859 216.5879 
  0.03911603 216.5879 
  0.1410986 217.6709 
  0.03485585 218.7592 
  0.1380573 220.9523 
  -0.142403 223.1673 
  -0.1754939 225.4046 
  -0.432896 227.6642 
  0.2941296 228.8026 
  0.736755 229.9466 
  0.8815713 227.6642 
  0.9525749 224.2832 
  0.9916898 219.853 
  0.9935845 217.6709 
  0.9923365 214.4382 
  0.9911764 212.3098 
  0.9888963 209.1568 
  0.9917191 206.0505 
  0.9973282 204.0054 
  0.9970798 204.0054 
  0.9977189 202.9904 
  0.998499 201.9805 
  0.9975325 202.9904 
  0.9945254 204.0054 
  0.9964243 205.0254 
  0.9972271 207.0808 
  0.9945328 208.1162 
  0.9946741 209.1568 
  0.9980253 211.2535 
  0.9920225 213.3714 
  0.9643903 215.5104 
  0.929154 216.5879 
  0.7806833 214.4382 
  0.675549 212.3098 
  0.07424755 211.2535 
  -0.02321626 210.2025 
  -0.1890567 209.1568 
  0.006102722 208.1162 
  0.09988052 207.0808 
  0.09847307 207.0808 
  -0.02707375 207.0808 
  -0.05693019 207.0808 
  -0.1031791 207.0808 
  0.06591756 207.0808 
  0.5301415 207.0808 
  0.5725068 205.0254 
  0.6246114 197.9909 
  0.8344572 191.1978 
  0.9149322 183.7191 
  0.9772485 178.3027 
  0.9785219 175.6547 
  0.9724723 174.7808 
  0.9612366 174.7808 
  0.9894521 175.6547 
  0.983487 176.533 
  0.9840039 177.4156 
  0.9954911 179.1942 
  0.9869277 180.9906 
  0.9845697 182.8051 
  0.9867367 184.6377 
  0.8678007 186.4887 
  0.8078612 189.3 
  0.8289052 191.1978 
  0.9062964 192.1537 
  0.779049 193.1145 
  0.1305354 194.0801 
  0.138788 195.0505 
  0.02619121 196.0257 
  -0.08888473 197.0059 
  -0.0008966764 197.9909 
  -0.1319531 198.9809 
  0.09680525 199.9758 
  0.2123922 201.9805 
  0.1243591 204.0054 
  0.05921814 206.0505 
  -0.00891686 208.1162 
  -0.1910312 210.2025 
  0.03958672 212.3098 
  0.1313993 214.4382 
  -0.0567606 216.5879 
  0.4331429 218.7592 
  0.3659309 220.9523 
  0.6426599 218.7592 
  0.8642272 215.5104 
  0.9945866 214.4382 
  0.9986579 212.3098 
  0.9981946 212.3098 
  0.997281 211.2535 
  0.9978908 209.1568 
  0.9983259 210.2025 
  0.9979779 211.2535 
  0.9981218 212.3098 
  0.9962387 213.3714 
  0.9942561 215.5104 
  0.9951282 218.7592 
  0.9471558 220.9523 
  0.8894781 223.1673 
  0.766795 228.8026 
  0.9952737 231.0963 
  0.998594 233.4131 
  0.981351 235.753 
  0.9334767 240.5036 
  0.6804012 245.3498 
  0.2823201 251.5452 
  0.6966482 257.8971 
  0.852016 251.5452 
  0.9292025 251.5452 
  0.9834487 251.5452 
  0.9649761 251.5452 
  0.8770164 242.9146 
  0.7197624 233.4131 
  0.09950337 228.8026 
  -0.01453517 226.5316 
  0.0959151 224.2832 
  0.0768958 223.1673 
  0.03005653 222.057 
  0.0388776 222.057 
  0.05248376 223.1673 
  0.2011263 224.2832 
  -0.1708661 225.4046 
  0.00189553 226.5316 
  0.04545391 227.6642 
  0.1846365 228.8026 
  0.1272289 231.0963 
  0.1997988 233.4131 
  0.5864807 235.753 
  0.7327177 238.1164 
  0.8633725 232.2518 
  0.9343921 225.4046 
  0.9805138 220.9523 
  0.9941684 217.6709 
  0.9962956 215.5104 
  0.9949139 214.4382 
  0.9722548 211.2535 
  0.9364147 208.1162 
  0.8486233 206.0505 
  0.7994806 205.0254 
  0.7666726 205.0254 
  0.8113827 205.0254 
  0.8262103 206.0505 
  0.7185331 207.0808 
  0.8342808 208.1162 
  0.8188956 200.9756 
  0.9107448 200.9756 
  0.9631045 200.9756 
  0.9726114 199.9758 
  0.991999 198.9809 
  0.9951242 197.9909 
  0.9949018 197.9909 
  0.9948763 197.0059 
  0.9960306 197.0059 
  0.9769049 197.9909 
  0.9819476 199.9758 
  0.9953294 199.9758 
  0.9971237 199.9758 
  0.9888237 200.9756 
  0.9828751 201.9805 
  0.9876903 204.0054 
  0.9793066 206.0505 
  0.9774421 208.1162 
  0.9845616 211.2535 
  0.9669547 212.3098 
  0.9366544 213.3714 
  0.7787439 214.4382 
  0.7257078 216.5879 
  0.5320938 218.7592 
  0.1643084 220.9523 
  0.002572326 223.1673 
  0.5684417 223.1673 
  0.7872894 218.7592 
  0.8775897 215.5104 
  0.9907936 212.3098 
  0.991727 210.2025 
  0.9877094 208.1162 
  0.9893026 207.0808 
  0.9904592 207.0808 
  0.9977437 208.1162 
  0.9982746 209.1568 
  0.9979764 210.2025 
  0.9982259 211.2535 
  0.9982233 211.2535 
  0.9980281 211.2535 
  0.9922699 210.2025 
  0.9607127 208.1162 
  0.9242252 204.0054 
  0.5013714 198.9809 
  0.07570451 193.1145 
  -0.1143394 187.4211 
  -0.1859795 181.8956 
  -0.001633085 176.533 
  0.2114607 172.185 
  0.1649308 167.9442 
  0.1929351 162.9929 
  0.4153252 159.7734 
  0.3108491 162.182 
  0.3643219 164.6269 
  0.7694584 173.046 
  0.3422267 178.3027 
  -0.001097174 183.7191 
  0.4996538 188.3582 
  0.6636578 195.0505 
  0.7551682 197.9909 
  0.9346984 204.0054 
  0.925046 201.9805 
  0.9255797 196.0257 
  0.8576992 193.1145 
  0.5512205 194.0801 
  0.5976263 197.0059 
  0.0380165 200.9756 
  -0.1919954 205.0254 
  0.08754469 208.1162 
  0.3127233 211.2535 
  0.4141168 215.5104 
  0.6545377 202.9904 
  0.7847664 197.9909 
  0.993194 194.0801 
  0.9965324 192.1537 
  0.9959147 191.1978 
  0.9955388 191.1978 
  0.9951276 190.2465 
  0.9937743 189.3 
  0.9947719 188.3582 
  0.9957803 188.3582 
  0.9955653 189.3 
  0.9761429 192.1537 
  0.9861335 196.0257 
  0.989437 198.9809 
  0.9911936 200.9756 
  0.9953835 202.9904 
  0.9970833 205.0254 
  0.9963876 208.1162 
  0.9966332 210.2025 
  0.9975372 212.3098 
  0.9989891 213.3714 
  0.998282 214.4382 
  0.9990129 216.5879 
  0.9990975 216.5879 
  0.9997497 217.6709 
  0.9710336 217.6709 
  0.9206924 216.5879 
  0.8685949 214.4382 
  0.9473329 211.2535 
  0.9503742 207.0808 
  0.9511253 201.9805 
  0.9677938 198.9809 
  0.9670523 195.0505 
  0.9137236 190.2465 
  0.8756933 187.4211 
  0.6647171 185.5609 
  0.3968304 190.2465 
  0.1003454 191.1978 
  -0.2242233 192.1537 
  -0.2293584 193.1145 
  -0.07091282 194.0801 
  -0.09373714 195.0505 
  -0.1090361 196.0257 
  -0.1491039 197.0059 
  -0.1173623 197.9909 
  -0.1414874 198.9809 
  0.5699415 198.9809 
  0.3766945 198.9809 
  0.568327 198.9809 
  0.7372651 198.9809 
  0.6676461 197.0059 
  0.8246166 193.1145 
  0.9639579 189.3 
  0.9896155 188.3582 
  0.953925 186.4887 
  0.9169478 183.7191 
  0.8583248 179.1942 
  0.5721055 178.3027 
  0.8078008 179.1942 
  0.9279001 180.9906 
  0.8542516 184.6377 
  0.8741099 189.3 
  0.8858211 194.0801 
  0.797971 194.0801 
  0.4295198 193.1145 
  -0.05832879 194.0801 
  -0.06654792 196.0257 
  0.02627401 198.9809 
  0.1012166 201.9805 
  0.1406442 204.0054 
  0.2367754 206.0505 
  0.1516063 208.1162 
  0.05235332 210.2025 
  -0.2224145 212.3098 
  -0.3186989 214.4382 
  -0.2035611 216.5879 
  -0.01036058 218.7592 
  0.07295266 220.9523 
  0.6934652 223.1673 
  0.7700115 217.6709 
  0.8326067 212.3098 
  0.975693 207.0808 
  0.9895889 202.9904 
  0.9950157 200.9756 
  0.9843887 198.9809 
  0.9762251 197.9909 
  0.9701899 197.0059 
  0.9976743 196.0257 
  0.9964705 195.0505 
  0.9955454 194.0801 
  0.988879 192.1537 
  0.8760938 189.3 
  0.5339876 186.4887 
  0.6498661 186.4887 
  0.8859222 187.4211 
  0.979152 187.4211 
  0.9889236 188.3582 
  0.9873935 189.3 
  0.9955493 189.3 
  0.9963728 189.3 
  0.996026 190.2465 
  0.9967717 190.2465 
  0.9963679 191.1978 
  0.9961015 191.1978 
  0.9968212 191.1978 
  0.9963705 191.1978 
  0.996838 192.1537 
  0.9975085 192.1537 
  0.9982003 191.1978 
  0.9959686 190.2465 
  0.9971766 188.3582 
  0.9979442 187.4211 
  0.998304 187.4211 
  0.9985552 187.4211 
  0.9979193 187.4211 
  0.9975742 187.4211 
  0.9975265 187.4211 
  0.9960649 188.3582 
  0.9973676 188.3582 
  0.9970109 188.3582 
  0.9985752 188.3582 
  0.9989557 188.3582 
  0.9975711 188.3582 
  0.9941643 187.4211 
  0.9567853 186.4887 
  0.9283387 185.5609 
  0.9699383 184.6377 
  0.9969896 182.8051 
  0.9933807 181.8956 
  0.9884503 180.0902 
  0.989712 178.3027 
  0.9961785 176.533 
  0.9965627 174.7808 
  0.9949153 173.9112 
  0.9929422 172.185 
  0.9939032 171.3284 
  0.9872836 171.3284 
  0.977188 170.476 
  0.9796649 169.6279 
  0.9947398 168.784 
  0.9636216 168.784 
  0.9435787 168.784 
  0.8869761 168.784 
  0.9899347 169.6279 
  0.9976939 170.476 
  0.9960338 170.476 
  0.9953258 170.476 
  0.9634742 171.3284 
  0.8957149 171.3284 
  0.8082802 171.3284 
  0.775575 171.3284 
  0.8150625 171.3284 
  0.9293181 171.3284 
  0.9283279 171.3284 
  0.6750488 171.3284 
  0.01267175 171.3284 
  -0.16451 171.3284 
  -0.04877955 171.3284 
  0.156102 171.3284 
  0.09255649 171.3284 
  0.01054786 171.3284 
  0.02789107 171.3284 
  -0.06817614 171.3284 
  -0.170376 171.3284 
  -0.3527637 171.3284 
  -0.2939977 171.3284 
  -0.01045219 171.3284 
  0.0450333 171.3284 
  0.3284118 171.3284 
  -0.08207645 171.3284 
  0.3159352 171.3284 
  -0.05831586 171.3284 
  0.1142891 171.3284 
  -0.1075226 171.3284 
  0.4222708 171.3284 
  -0.04834357 171.3284 
  0.3602986 171.3284 
  -0.03763425 171.3284 
  -0.09384595 171.3284 
  -0.04707623 171.3284 
  -0.003890185 171.3284 
  0.1170541 171.3284 
  0.1551623 171.3284 
  -0.05653762 171.3284 
  -0.1985186 171.3284 
  0.04237742 171.3284 
  -0.07415727 171.3284 
  -0.105232 171.3284 
  0.08256496 171.3284 
  -0.07168321 171.3284 
  -0.1992185 171.3284 
  -0.1751644 171.3284 
  0.1101701 171.3284 
  0.01722761 171.3284 
  -0.03396255 171.3284 
  -0.1698533 171.3284 
  -0.03140053 171.3284 
  0.15888 171.3284 
  -0.01536855 171.3284 
  -0.02658821 171.3284 
  0.01750019 171.3284 
  0.06301931 171.3284 
  -0.01132418 171.3284 
  -0.02969816 171.3284 
  -0.1432084 171.3284 
  -0.01281623 171.3284 
  -0.138495 171.3284 
  -0.2949362 171.3284 
  0.009044347 171.3284 
  0.2025902 171.3284 
  0.184225 171.3284 
  -0.03633638 171.3284 
  -0.206612 171.3284 
  -0.0988768 171.3284 
  -0.1548779 171.3284 
  0.01813348 171.3284 
  0.1071512 171.3284 
  0.007837863 171.3284 
  0.1099418 171.3284 
  -0.1970928 171.3284 
  -0.152264 171.3284 
  -0.01939476 171.3284 
  -0.04490519 171.3284 
  0.05830308 171.3284 
  -0.07666463 171.3284 
  0.03712704 171.3284 
  -0.01353932 171.3284 
  0.04576872 171.3284 
  0.01090983 171.3284 
  -0.04110868 171.3284 ]
