 [
  -0.2625969 102.5003 
  -0.01783474 102.5003 
  0.2312765 102.5003 
  0.2318249 102.5003 
  0.2764239 102.5003 
  -0.004640537 102.5003 
  0.06625094 102.5003 
  0.432662 102.5003 
  0.3551033 102.5003 
  0.4633265 102.5003 
  0.8178451 102.5003 
  0.2573878 102.5003 
  0.6252105 102.5003 
  0.7724643 101.9903 
  0.9264942 101.9903 
  0.7947536 104.0455 
  0.8862638 105.0885 
  0.937619 105.614 
  0.9017175 107.2061 
  0.9328725 108.8223 
  0.9492599 109.9132 
  0.9344132 110.4628 
  0.8340462 111.5702 
  0.9446194 114.3874 
  0.9674152 115.5342 
  0.9778979 116.6924 
  0.9842135 117.8622 
  0.9794989 117.8622 
  0.9721528 117.2759 
  0.9454944 116.1118 
  0.8126674 114.3874 
  0.8208622 109.9132 
  0.6657109 109.3664 
  0.3192808 109.9132 
  0.1295459 110.4628 
  0.1746031 111.0151 
  0.2421683 112.128 
  0.335204 112.6886 
  0.1029046 113.2521 
  0.06027308 113.8184 
  0.3052383 114.3874 
  0.2413656 114.3874 
  0.1727082 114.3874 
  -0.2353299 114.9594 
  0.07115111 115.5342 
  0.177889 116.1118 
  0.2760063 116.6924 
  0.1691169 117.2759 
  0.2832086 117.8622 
  0.2536268 117.8622 
  -0.1218232 117.2759 
  0.7180216 111.0151 
  0.8806263 110.4628 
  0.9336961 110.4628 
  0.9330741 110.4628 
  0.9467411 109.9132 
  0.9584269 109.3664 
  0.9527828 109.3664 
  0.9385961 109.3664 
  0.9393185 108.8223 
  0.9298202 108.2809 
  0.9200689 107.7421 
  0.9807296 106.6728 
  0.9632226 106.142 
  0.9716302 105.614 
  0.9875614 105.0885 
  0.9564322 104.5657 
  0.874092 103.0128 
  0.8549601 101.4829 
  0.8116915 99.97575 
  0.8827068 98.491 
  0.929988 97.51342 
  0.8887743 96.54556 
  0.8847626 95.11173 
  0.7672783 93.6992 
  0.8206533 91.39146 
  0.9365176 89.58624 
  0.885424 88.25578 
  0.7958084 86.51251 
  0.8114756 84.80367 
  0.9361548 83.96195 
  0.9610215 83.54424 
  0.9740308 83.54424 
  0.9728506 83.54424 
  0.8639702 83.54424 
  0.7543848 83.54424 
  0.5908591 83.96195 
  0.44892 84.80367 
  0.5167421 86.0821 
  -0.02208028 87.3798 
  0.06777243 88.69706 
  0.148773 89.58624 
  0.1025083 90.48434 
  0.7779608 91.39146 
  0.8425292 90.03418 
  0.9044257 89.58624 
  0.6964084 88.25578 
  0.7360195 87.3798 
  0.9163793 87.3798 
  0.9224689 88.25578 
  0.9668711 89.14054 
  0.9159496 88.69706 
  0.9526044 88.69706 
  0.97499 88.25578 
  0.9665002 88.25578 
  0.9844705 88.25578 
  0.971419 88.25578 
  0.9761772 88.25578 
  0.9701522 88.25578 
  0.9522782 88.25578 
  0.9279686 88.25578 
  0.8458527 87.8167 
  0.7696207 87.3798 
  0.7960055 86.0821 
  0.876742 86.0821 
  0.9269875 86.0821 
  0.927766 84.80367 
  0.9765353 84.38177 
  0.9858624 84.38177 
  0.9636644 84.38177 
  0.9341826 84.80367 
  0.9162544 85.65383 
  0.9709219 86.51251 
  0.910096 86.0821 
  0.7657201 84.80367 
  0.6082138 84.38177 
  0.2343798 84.38177 
  0.7527701 84.80367 
  0.5570089 85.2277 
  0.2356912 85.65383 
  0.08655502 86.0821 
  0.102272 86.51251 
  -0.0002543386 87.3798 
  0.1206188 88.25578 
  0.08705378 89.14054 
  0.1146873 89.58624 
  -0.03464179 90.03418 
  -0.01891049 90.48434 
  0.6072816 91.39146 
  0.7532849 92.7692 
  0.8837363 93.23304 
  0.9444722 93.6992 
  0.9044222 92.7692 
  0.9354936 92.30766 
  0.9771193 92.30766 
  0.9631367 93.23304 
  0.9929855 93.23304 
  0.9856476 93.23304 
  0.9799899 93.6992 
  0.9682782 93.6992 
  0.9508852 94.1677 
  0.9099246 93.6992 
  0.9368278 93.6992 
  0.9506297 93.6992 
  0.9544242 94.1677 
  0.9737833 94.1677 
  0.9860122 94.1677 
  0.9589512 93.6992 
  0.9482985 93.23304 
  0.9814688 92.7692 
  0.9837699 92.7692 
  0.9797386 92.30766 
  0.9799401 91.84841 
  0.9715759 91.39146 
  0.9665737 90.93677 
  0.9696902 90.48434 
  0.9827156 90.03418 
  0.9775023 90.03418 
  0.965089 90.03418 
  0.9750702 89.58624 
  0.8973537 90.03418 
  0.7496601 90.03418 
  0.05070607 91.84841 
  0.1529772 92.7692 
  0.3275897 93.23304 
  0.2583295 93.6992 
  -0.2042672 94.1677 
  -0.02622556 94.63854 
  0.09679733 95.11173 
  0.009731812 95.5873 
  0.1452074 96.06523 
  0.2241258 96.54556 
  0.1197265 97.02828 
  0.7870584 97.51342 
  0.4865718 93.6992 
  0.9135922 92.30766 
  0.8349665 90.93677 
  0.9102997 90.03418 
  0.9406434 89.14054 
  0.9232634 88.69706 
  0.9472006 87.8167 
  0.8829147 87.3798 
  0.784377 86.94508 
  0.1638724 86.0821 
  0.1549897 85.65383 
  -0.1934198 85.65383 
  0.1425037 85.2277 
  0.07903253 85.2277 
  0.1209148 84.80367 
  0.03587637 84.80367 
  0.05529038 84.38177 
  0.6302339 84.38177 
  0.6410087 84.38177 
  0.6040286 84.38177 
  0.2132055 83.12859 
  0.7843622 82.3035 
  0.884791 81.4866 
  0.9425892 81.08118 
  0.7782135 81.08118 
  0.4283467 81.89403 
  0.2926642 83.12859 
  -0.1745901 84.38177 
  -0.1908269 85.65383 
  -0.009474325 86.51251 
  -0.0269289 87.3798 
  0.1752976 88.25578 
  -0.07232652 89.14054 
  0.1715384 90.03418 
  0.7263609 89.58624 
  0.8512142 89.58624 
  0.9522337 89.14054 
  0.9495845 89.14054 
  0.9575927 88.69706 
  0.9562384 88.69706 
  0.9373336 89.14054 
  0.9371571 89.14054 
  0.9212217 89.14054 
  0.9261105 89.58624 
  0.9113635 89.14054 
  0.939752 88.25578 
  0.9806059 87.3798 
  0.9894151 87.3798 
  0.932246 86.51251 
  0.9713359 86.0821 
  0.9717989 85.65383 
  0.8677415 84.80367 
  0.7795755 83.96195 
  0.7760049 83.12859 
  0.1618653 82.71502 
  0.2045767 82.3035 
  -0.1594606 81.89403 
  -0.1567182 81.4866 
  -0.1208249 81.08118 
  0.05996397 80.6778 
  0.08082802 80.27641 
  0.04945196 80.27641 
  -0.004550845 79.87703 
  0.2975138 80.27641 
  0.4987568 84.38177 
  0.43807 85.2277 
  0.628998 85.65383 
  0.9677538 86.51251 
  0.9684746 86.0821 
  0.9829003 85.65383 
  0.9141147 85.2277 
  0.9432594 84.80367 
  0.8684592 84.38177 
  0.7395624 84.38177 
  0.9814638 82.71502 
  0.9152409 82.3035 
  0.6510769 81.4866 
  0.4212081 79.08421 
  0.7782387 78.29926 
  -0.0460844 77.13642 
  0.1525218 76.3708 
  0.244961 75.61279 
  0.1893967 74.86229 
  -0.002649536 74.11925 
  -0.01761988 73.38358 
  0.004932276 72.6552 
  0.145351 72.29374 
  0.03078936 71.93407 
  -0.1138008 71.22009 
  0.03047904 70.51319 
  0.08373261 70.16238 
  0.1019175 69.81332 
  0.1666154 69.12038 
  -0.02604555 68.43433 
  -0.3204475 67.75508 
  -0.09210169 67.08258 
  0.1129289 66.74884 
  0.1260009 66.41676 
  0.1979059 66.08632 
  0.5078588 67.75508 
  0.6154475 68.09386 
  0.4310584 68.09386 
  0.170366 70.16238 
  0.8166374 72.29374 
  0.8640264 72.6552 
  0.8606386 72.29374 
  0.9212196 71.57619 
  0.9335252 71.22009 
  0.9167597 70.86576 
  0.9344467 70.86576 
  0.9160476 70.86576 
  0.7812024 71.57619 
  0.6662852 71.93407 
  0.246165 72.29374 
  0.03512082 72.29374 
  -0.1222091 72.29374 
  -0.1158506 72.29374 
  -0.3157239 72.29374 
  0.1453867 72.29374 
  0.02260905 72.29374 
  -0.01414143 72.29374 
  0.03553803 72.29374 
  0.1098667 72.29374 
  0.02043039 72.29374 
  -0.06258046 72.29374 
  0.05265512 72.29374 
  0.0006132624 72.29374 
  0.04617347 72.29374 
  0.08356889 72.29374 
  0.1394844 72.29374 
  0.0599384 72.29374 
  0.04622689 72.29374 
  0.002285257 72.29374 
  -0.1474987 72.29374 
  -0.1063203 72.29374 
  -0.421486 72.29374 
  -0.3935362 72.29374 
  0.1395787 72.29374 
  -0.216754 72.29374 
  -0.1453766 72.29374 
  0.01870601 72.29374 
  -0.1182857 72.29374 
  -0.2173471 72.29374 
  -0.3882375 72.29374 ]
