 [
  0.02628223 128.2915 
  0.09921332 128.2915 
  0.2177558 128.2915 
  0.3168441 128.2915 
  0.2820509 128.2915 
  0.09892558 128.2915 
  -0.03176389 128.2915 
  0.1201759 128.2915 
  0.2381474 128.2915 
  0.1725825 128.2915 
  -0.08126 128.2915 
  -0.1909107 128.2915 
  0.04272144 128.2915 
  0.1915091 128.2915 
  0.4518417 128.2915 
  0.4835355 129.5776 
  0.3637035 126.3862 
  0.6675314 121.4426 
  0.8755826 119.0438 
  0.9624317 119.0438 
  0.9105474 119.639 
  0.9096705 124.5092 
  0.9783934 126.3862 
  0.9834083 127.0181 
  0.9821278 127.6532 
  0.9032136 128.2915 
  0.7800385 128.2915 
  0.5079837 125.1317 
  0.7874089 128.2915 
  0.9695501 130.8766 
  0.977411 130.8766 
  0.9331074 129.5776 
  0.8403082 125.7574 
  0.8644701 120.8384 
  0.9347436 118.4515 
  0.971287 116.1118 
  0.9586604 114.9594 
  0.9504563 113.2521 
  0.9185768 111.0151 
  0.9357681 108.8223 
  0.9387406 107.2061 
  0.8703578 107.7421 
  0.4338568 108.8223 
  0.07368252 109.9132 
  -0.1840004 111.0151 
  -0.09766291 112.128 
  0.1593182 113.2521 
  -0.009552147 114.3874 
  0.001233137 115.5342 
  0.2781991 116.6924 
  0.5204155 117.8622 
  0.4842166 110.4628 
  0.8921881 109.9132 
  0.9887944 111.0151 
  0.9869328 111.0151 
  0.9898029 110.4628 
  0.9397748 109.3664 
  0.942295 108.2809 
  0.9900354 107.2061 
  0.985379 106.142 
  0.9914539 106.142 
  0.9853243 105.614 
  0.9622144 106.142 
  0.9515575 107.7421 
  0.945098 108.2809 
  0.8929991 108.2809 
  0.8203325 107.2061 
  0.5794895 108.2809 
  0.5405977 109.9132 
  0.5721858 111.0151 
  0.4576184 111.5702 
  0.2273782 114.3874 
  0.244081 120.8384 
  0.1580099 125.1317 
  0.3482892 130.8766 
  0.5471916 133.5138 
  0.6467524 132.8496 
  0.8856835 129.5776 
  0.9487235 128.9329 
  0.9346853 127.6532 
  0.9412434 126.3862 
  0.9884527 125.7574 
  0.9158682 127.0181 
  0.9409086 128.2915 
  0.9881337 129.5776 
  0.9884163 130.2255 
  0.9658583 130.2255 
  0.8843254 129.5776 
  0.65894 128.9329 
  0.1345415 129.5776 
  -0.1094366 130.2255 
  0.4318152 130.8766 
  0.2291259 132.1886 
  -0.0368908 132.8496 
  -0.03942563 134.1814 
  0.05834456 134.8523 
  0.4023888 135.5266 
  -0.318153 136.2042 
  0.05461527 137.5696 
  0.06124659 138.9488 
  0.5176814 140.3417 
  0.6620842 135.5266 
  0.9810773 132.8496 
  0.9947379 132.1886 
  0.9959312 132.1886 
  0.9942867 132.1886 
  0.9964393 131.531 
  0.997478 131.531 
  0.9970514 130.8766 
  0.9366183 130.8766 
  0.9140022 132.1886 
  0.9682475 132.8496 
  0.9850294 132.1886 
  0.9739602 132.8496 
  0.960475 133.5138 
  0.9250829 134.8523 
  0.9302162 136.2042 
  0.9536084 136.8852 
  0.9650341 136.8852 
  0.9655486 136.2042 
  0.9545168 135.5266 
  0.953208 134.8523 
  0.845911 134.1814 
  0.6846206 133.5138 
  0.3227178 132.8496 
  0.2556698 132.1886 
  0.1167416 131.531 
  -0.03045224 130.8766 
  -0.3541108 129.5776 
  -0.1355124 128.2915 
  0.07658516 127.6532 
  0.001526312 127.0181 
  -0.01937869 126.3862 
  0.02701305 125.7574 
  0.06313173 125.1317 
  -0.03114319 124.5092 
  -0.1181269 123.8897 
  -0.1079569 123.2734 
  0.1058282 122.6601 
  0.1979527 122.0498 
  -0.150777 121.4426 
  -0.1598695 120.8384 
  -0.0254593 120.2372 
  -0.1783377 119.639 
  -0.1177646 119.0438 
  0.04514857 118.4515 
  -0.3661018 117.8622 
  0.2018908 117.2759 
  0.08609618 116.1118 
  0.3966772 114.9594 
  0.6336788 113.8184 
  0.8622162 113.2521 
  0.9037344 113.2521 
  0.9540781 113.2521 
  0.7309719 114.3874 
  0.6748741 117.8622 
  0.2779112 120.2372 
  0.398796 108.2809 
  0.8666553 108.8223 
  0.9277619 110.4628 
  0.9855033 111.5702 
  0.9470623 112.128 
  0.9754444 113.2521 
  0.988915 113.2521 
  0.9641113 113.2521 
  0.9248231 112.6886 
  0.8962231 112.6886 
  0.9054024 112.6886 
  0.8483019 112.6886 
  0.5052463 113.8184 
  0.06023694 114.9594 
  0.1213527 116.1118 
  0.09107959 116.6924 
  0.168964 117.2759 
  0.2308702 117.8622 
  0.2855406 118.4515 
  0.07432164 119.639 
  -0.2319704 120.8384 
  0.1920776 122.6601 
  0.4406577 123.2734 
  0.647557 120.8384 
  0.9640653 119.0438 
  0.977976 119.0438 
  0.9523273 119.639 
  0.9755256 120.2372 
  0.9979141 120.8384 
  0.9989282 120.8384 
  0.999064 120.8384 
  0.9982961 120.8384 
  0.9983901 120.8384 
  0.998426 120.8384 
  0.9976612 120.8384 
  0.9969221 120.2372 
  0.992434 120.2372 
  0.9693087 120.8384 
  0.971875 121.4426 
  0.980409 122.6601 
  0.9699249 123.2734 
  0.9839551 124.5092 
  0.9742036 125.1317 
  0.9661385 125.7574 
  0.9657291 126.3862 
  0.9628092 127.0181 
  0.950591 127.6532 
  0.9320071 128.2915 
  0.3541739 128.9329 
  0.0993614 129.5776 
  0.03276091 130.2255 
  -0.09495215 130.8766 
  0.2839746 131.531 
  0.2091831 132.1886 
  -0.4859458 132.8496 
  -0.1746999 133.5138 
  -0.1821928 134.8523 
  0.1658931 136.2042 
  0.4003377 137.5696 
  0.08833408 139.6435 
  0.03819291 141.7487 
  0.3235896 143.1697 
  0.2799582 141.7487 
  0.1977426 137.5696 
  0.408219 136.8852 
  0.3735235 136.8852 
  0.2344573 134.8523 
  -0.04574348 130.2255 
  0.3434743 126.3862 
  0.09589138 126.3862 
  0.5593393 128.2915 
  0.7653317 127.0181 
  0.7343355 124.5092 
  0.621155 120.2372 
  0.7581922 117.2759 
  0.9184403 114.9594 
  0.8343116 113.2521 
  0.8311404 111.5702 
  0.9245382 109.9132 
  0.9519426 109.3664 
  0.8697054 109.3664 
  0.8515127 111.0151 
  0.992007 111.5702 
  0.9877759 111.5702 
  0.8811463 111.0151 
  0.7903832 108.8223 
  0.6907948 106.142 
  0.7713336 103.0128 
  0.6411217 103.0128 
  0.4204321 102.5003 
  0.2168957 119.0438 
  0.1187715 140.3417 
  0.08666623 171.3284 
  0.04185864 197.0059 
  0.1158509 249.0485 
  -0.06438419 316.4135 
  0.3199661 371.1667 
  0.3348355 376.7621 
  0.6150026 373.0226 
  0.4076355 356.6486 
  0.4205697 354.8742 
  0.6973231 349.6039 
  0.4638689 344.4118 
  0.3522678 340.9934 
  0.4548125 330.9402 
  0.3906551 324.4033 
  0.296266 307.085 
  0.2691263 290.6912 
  0.6434758 282.1211 
  -0.07141216 267.06 
  -0.02463168 252.8029 
  0.325932 239.307 
  0.6291904 227.6642 
  0.781191 217.6709 
  0.7604344 209.1568 
  0.591933 200.9756 
  0.3380033 192.1537 
  0.2242435 183.7191 
  0.1605539 175.6547 
  0.09957121 170.476 
  0.1558986 169.6279 
  0.01806381 169.6279 
  0.06872655 170.476 
  0.03252478 173.046 
  0.09077576 175.6547 
  0.009807734 175.6547 
  0.090844 174.7808 
  0.3096739 174.7808 
  0.3130412 174.7808 
  0.1018553 175.6547 
  0.2071588 175.6547 
  0.2738755 175.6547 
  0.3137227 175.6547 
  0.3589346 175.6547 
  0.1077433 175.6547 
  -0.03807319 175.6547 
  -0.1041431 175.6547 
  -0.02940345 175.6547 
  0.1890413 175.6547 
  0.2127735 175.6547 
  -0.006323062 175.6547 
  -0.1395536 175.6547 
  -0.1362346 175.6547 
  0.01155077 175.6547 
  -0.01252181 175.6547 
  0.02842269 175.6547 
  -0.1233223 175.6547 
  -0.2480458 175.6547 
  -0.2036653 175.6547 
  0.01807017 175.6547 
  0.2658054 175.6547 
  0.2038063 175.6547 
  0.06875648 175.6547 
  -0.1579119 175.6547 
  -0.1540697 175.6547 
  0.02144881 175.6547 
  -0.08087555 175.6547 
  0.08136141 175.6547 
  -0.007209831 175.6547 
  0.08471084 175.6547 
  0.1374065 175.6547 
  0.1182475 175.6547 
  0.1445253 175.6547 
  0.2715438 175.6547 
  0.2814196 175.6547 
  0.09368494 175.6547 
  -0.1383483 175.6547 
  0.1763367 175.6547 
  0.1463284 175.6547 
  0.1612206 175.6547 
  0.0854755 175.6547 
  0.05056922 175.6547 
  -0.0660208 175.6547 
  0.1483309 175.6547 
  0.2092832 175.6547 
  0.09486998 175.6547 
  0.01072341 175.6547 
  0.09993999 175.6547 
  0.008535761 175.6547 
  0.02021163 175.6547 
  0.03932536 175.6547 
  -0.01649322 175.6547 ]
