 [
  0.02456753 144.605 
  -0.01485731 144.605 
  0.05375564 144.605 
  0.06103436 144.605 
  0.01241557 144.605 
  0.08433635 144.605 
  -0.2522888 144.605 
  -0.09785199 144.605 
  -0.3880011 144.605 
  -0.4551597 144.605 
  -0.5144525 144.605 
  -0.3983095 144.605 
  -0.1720726 144.605 
  0.7983142 144.605 
  0.9170168 146.0546 
  0.9695616 148.9977 
  0.9569015 152.0001 
  0.9631302 155.8383 
  0.9850464 159.7734 
  0.9932162 162.182 
  0.9981475 162.182 
  0.9939926 162.182 
  0.9584505 160.5723 
  0.890325 159.7734 
  0.3720886 158.9785 
  -0.1710405 158.1876 
  0.1132851 157.4006 
  0.01408893 156.6175 
  0.1920049 156.6175 
  0.2282466 156.6175 
  0.1750187 155.8383 
  0.005766125 154.2915 
  -0.1147431 151.2439 
  -0.004384772 147.5188 
  0.09779385 143.1697 
  0.2645884 139.6435 
  0.4120648 137.5696 
  0.220498 136.8852 
  0.04776764 134.8523 
  0.01176512 134.8523 
  0.1251867 134.8523 
  0.3312178 133.5138 
  0.553669 131.531 
  0.5778873 130.8766 
  0.6860803 130.8766 
  0.5953618 132.1886 
  0.3586496 134.1814 
  -0.01610667 136.8852 
  -0.3214129 140.3417 
  -0.2643896 143.8855 
  0.756083 146.7849 
  0.7103943 141.0434 
  0.8801984 139.6435 
  0.9818019 138.9488 
  0.9777781 140.3417 
  0.9743347 141.7487 
  0.9733021 141.7487 
  0.9720823 142.4574 
  0.9649354 142.4574 
  0.9544597 141.7487 
  0.9435552 141.0434 
  0.8575352 138.9488 
  0.765231 136.2042 
  0.8497124 132.1886 
  0.7624798 129.5776 
  0.6609972 124.5092 
  0.627875 120.8384 
  0.7275606 117.2759 
  0.7507402 114.3874 
  0.7681265 110.4628 
  0.7795143 107.2061 
  0.9225044 105.0885 
  0.9781926 104.0455 
  0.9799019 103.0128 
  0.9825581 102.5003 
  0.9852715 102.5003 
  0.9817818 103.0128 
  0.9376358 104.5657 
  0.7820152 107.2061 
  0.8208846 109.9132 
  0.8140497 112.6886 
  0.8520149 113.8184 
  0.8498659 115.5342 
  0.8468698 117.2759 
  0.8894104 119.0438 
  0.833904 122.0498 
  0.8765819 123.8897 
  0.8518896 125.1317 
  0.8138528 124.5092 
  -0.2872808 123.2734 
  -0.377247 122.6601 
  0.1572192 122.0498 
  0.07803594 121.4426 
  0.06623667 120.8384 
  0.03927772 120.2372 
  0.03007655 119.0438 
  0.05681149 119.0438 
  0.1092696 119.639 
  0.1488723 120.2372 
  0.5669694 120.2372 
  0.5841067 118.4515 
  0.648617 116.1118 
  0.8587145 113.2521 
  0.6808264 112.128 
  0.1285817 111.5702 
  0.1014774 111.0151 
  0.07176769 110.4628 
  0.2041506 109.9132 
  0.2339548 109.3664 
  0.1491169 109.9132 
  0.344255 111.5702 
  0.5766586 122.6601 
  0.792087 122.0498 
  0.8752363 120.8384 
  0.944446 119.0438 
  0.9834633 118.4515 
  0.9488323 117.8622 
  0.8005308 117.2759 
  0.5229923 114.9594 
  0.8295245 114.3874 
  0.9873043 113.8184 
  0.9056813 113.8184 
  0.5702883 113.2521 
  0.8246666 111.5702 
  0.9537009 110.4628 
  0.9521839 110.4628 
  0.8758472 109.3664 
  0.8306786 107.7421 
  0.7811645 105.0885 
  0.4321917 105.0885 
  0.3157021 105.614 
  0.2176767 106.142 
  0.3534521 106.6728 
  0.7385212 107.7421 
  0.666881 108.8223 
  0.1540402 109.9132 
  0.1418022 110.4628 
  0.5138093 110.4628 
  0.5669668 107.7421 
  0.7466105 106.6728 
  0.9118029 106.142 
  0.9402494 105.614 
  0.967107 105.614 
  0.9483517 105.0885 
  0.8589209 103.5278 
  0.8199283 101.9903 
  0.636309 100.4756 
  0.6677341 96.06523 
  0.8797289 95.5873 
  0.959533 96.54556 
  0.9458388 97.51342 
  0.9651628 98.98344 
  0.9008679 98.98344 
  0.7787786 98.491 
  0.484345 97.51342 
  0.1462307 98.98344 
  0.1233354 100.4756 
  0.181863 101.9903 
  0.6070489 104.0455 
  0.6369038 106.142 
  0.5316966 108.2809 
  -0.05251004 110.4628 
  0.2683196 112.6886 
  0.629279 117.2759 
  0.8662846 117.2759 
  0.9547205 116.6924 
  0.9795443 116.1118 
  0.9759638 116.1118 
  0.8754462 116.1118 
  0.7901633 114.9594 
  0.6259629 113.2521 
  -0.3395499 113.8184 
  -0.002984363 114.9594 
  0.4183439 115.5342 
  0.08151266 116.1118 
  0.2294126 116.6924 
  0.2201681 116.6924 
  0.2478605 116.1118 
  0.1002443 114.3874 
  0.1049596 113.2521 
  0.04577027 112.128 
  -0.1736015 111.5702 
  0.06741545 111.0151 
  0.2050602 110.4628 
  0.03143042 109.3664 
  -0.1944283 108.2809 
  -0.2886107 107.2061 
  -0.0668847 106.142 
  -0.07395184 105.0885 
  -0.01076424 104.0455 
  0.04132364 103.0128 
  0.653253 101.4829 
  0.797123 99.97575 
  0.9343076 98.00098 
  0.9543751 96.06523 
  0.9800728 94.1677 
  0.7724127 92.30766 
  0.7573892 91.39146 
  0.8315935 91.84841 
  0.8387876 90.48434 
  0.9322271 89.58624 
  0.9404104 88.69706 
  0.9573978 87.8167 
  0.8356993 86.94508 
  0.8254718 85.65383 
  0.9599624 84.80367 
  0.9595081 84.80367 
  0.9563684 84.38177 
  0.9678516 83.96195 
  0.9630716 83.96195 
  0.9682329 83.96195 
  0.9645174 83.96195 
  0.9694483 83.96195 
  0.9516947 84.38177 
  0.936518 84.80367 
  0.937905 84.80367 
  0.9333651 84.38177 
  0.9452185 83.96195 
  0.9623839 83.96195 
  0.9842517 84.80367 
  0.9750686 84.80367 
  0.9617128 85.2277 
  0.8841324 86.0821 
  0.9068753 86.94508 
  0.9644714 87.8167 
  0.9358948 87.8167 
  0.9134666 88.25578 
  0.8896614 89.14054 
  0.7554115 90.48434 
  0.1640565 91.84841 
  -0.16822 93.23304 
  -0.2757212 95.11173 
  -0.06901735 96.54556 
  0.2106885 98.491 
  -0.01860888 100.4756 
  0.01449226 102.5003 
  0.6782867 104.5657 
  0.7919897 106.6728 
  0.8833913 108.8223 
  0.771409 111.0151 
  0.7998832 112.6886 
  0.873081 113.2521 
  0.9081331 112.6886 
  0.8752162 111.5702 
  0.8158961 109.3664 
  0.4111702 107.7421 
  0.1209678 107.2061 
  0.4887164 107.7421 
  0.07187806 108.8223 
  -0.1340096 109.9132 
  0.06619435 111.0151 
  0.09831819 112.6886 
  0.1319043 114.3874 
  -0.02321023 115.5342 
  -0.2302832 116.6924 
  -0.2951675 118.4515 
  0.253347 120.2372 
  -0.3145955 122.0498 
  0.02030124 123.8897 
  0.029119 125.1317 
  0.3875053 124.5092 
  0.4233625 123.8897 
  0.4603292 118.4515 
  0.6795298 115.5342 
  0.8999016 113.8184 
  0.8969466 112.128 
  0.8006927 111.0151 
  0.8039544 108.2809 
  0.6227509 104.0455 
  -0.2738372 103.0128 
  0.3451942 101.9903 
  0.2603618 100.978 
  0.1909914 99.97575 
  -0.07437381 98.98344 
  0.03642366 98.00098 
  -0.04586813 97.02828 
  0.3517843 96.06523 
  0.4168147 98.00098 
  0.4709675 96.06523 
  0.7529162 94.1677 
  0.8137866 94.63854 
  0.8933241 95.11173 
  0.9759663 95.11173 
  0.9884348 95.11173 
  0.9043466 95.11173 
  0.8033227 95.11173 
  0.8707746 94.63854 
  0.8340401 93.23304 
  0.8437147 92.30766 
  0.7968912 91.39146 
  0.6491479 90.93677 
  -0.2037667 92.7692 
  0.3442167 94.1677 
  0.3350219 95.5873 
  0.1969795 97.02828 
  -0.07723895 98.491 
  0.08531197 99.97575 
  -0.02332458 101.4829 
  -0.1885504 103.0128 
  0.06372678 104.5657 
  0.05891424 104.5657 
  -0.0386352 105.0885 
  0.2562389 105.0885 
  0.4671091 106.142 
  0.2546701 107.2061 
  0.5531731 117.2759 
  0.3079175 105.614 
  0.6319749 107.7421 
  0.8320531 92.30766 
  0.6877167 91.84841 
  0.5233551 97.51342 
  -0.03463179 98.491 
  -0.6447144 99.47836 
  -0.126522 100.4756 
  0.245665 101.9903 
  -0.01202555 103.5278 
  0.2778322 105.0885 
  0.3500108 106.142 
  0.4519435 107.2061 
  0.3344597 108.8223 
  0.1243986 110.4628 
  0.0209554 112.128 
  0.02177716 113.2521 
  0.1118354 114.3874 
  0.04095922 114.9594 
  0.1762118 115.5342 
  -0.09641641 116.1118 
  0.1027754 116.6924 
  -0.1664981 117.2759 
  -0.1190984 117.8622 
  0.07273474 118.4515 
  0.2867667 119.0438 
  0.4065989 119.639 
  0.1810432 120.2372 
  0.02425091 120.8384 
  0.03839272 121.4426 
  0.1597814 122.0498 
  0.03954782 122.6601 
  0.07315792 123.2734 
  0.13337 123.8897 
  0.5071512 124.5092 
  0.6736391 111.5702 
  0.9705271 111.5702 
  0.9794545 111.5702 
  0.9380589 112.128 
  0.8294952 111.0151 
  0.8420269 109.9132 
  0.9686395 108.8223 
  0.9216172 107.7421 
  0.9382235 106.6728 
  0.9278532 105.614 
  0.9166951 104.0455 
  0.8679352 102.5003 
  0.8412284 99.97575 
  0.8252839 98.00098 
  0.7778535 96.06523 
  0.959699 94.63854 
  0.9555017 93.23304 
  0.9367219 91.84841 
  0.830911 90.48434 
  0.7720001 88.69706 
  0.8172358 86.94508 
  0.8551135 85.65383 
  0.910278 84.80367 
  0.9287071 84.38177 
  0.9007664 83.96195 
  0.8734762 83.96195 
  0.6666835 83.96195 
  0.6996727 82.3035 
  0.7477614 81.89403 
  0.8686286 81.08118 
  0.8522639 79.87703 
  0.8408974 78.69076 
  0.7906011 77.13642 
  0.8030367 76.75266 
  0.5884226 75.2366 
  0.2824582 73.7505 
  0.1810466 73.7505 
  0.2011482 75.2366 
  0.1081132 76.75266 
  0.1832224 77.5221 
  0.1453706 78.29926 
  0.3222597 79.08421 
  0.1206527 79.47963 
  0.07162745 79.87703 
  0.04298942 80.27641 
  0.1921436 80.27641 
  0.001235639 80.27641 
  -0.08133398 80.27641 
  -0.04859671 79.87703 
  -0.007524009 79.47963 
  0.02049348 79.08421 
  -0.04136837 79.08421 
  -0.03013628 79.08421 
  -0.1207191 79.08421 
  0.1199545 79.08421 
  -0.02897878 79.08421 
  0.05679733 78.69076 
  0.09228588 78.69076 
  0.2609656 79.08421 
  0.02122121 79.87703 
  0.1457352 80.27641 
  0.1160337 80.6778 
  -0.01609653 81.08118 
  -0.05760223 81.08118 
  -0.05400085 81.08118 
  0.2265044 81.08118 
  0.1113462 81.08118 
  -0.01343265 81.08118 
  -0.03488334 81.08118 
  -0.1879829 81.08118 
  -0.1945198 81.08118 
  -0.1578248 81.08118 
  -0.01218722 81.08118 
  -0.00620871 81.08118 ]
