 [
  -0.1234965 130.8766 
  -0.1953738 130.8766 
  -0.2165993 130.8766 
  -0.2588906 130.8766 
  -0.06551769 130.8766 
  -0.2005937 130.8766 
  -0.1730306 130.8766 
  -0.1055613 130.8766 
  -0.04709534 130.8766 
  0.005167717 130.8766 
  0.04467947 130.8766 
  -0.170518 130.8766 
  0.7671864 131.531 
  0.8676821 131.531 
  0.9810805 130.8766 
  0.9843412 130.8766 
  0.9037849 130.2255 
  0.8776504 129.5776 
  0.9084799 131.531 
  0.9980938 132.8496 
  0.9989777 132.8496 
  0.9988118 133.5138 
  0.8885441 135.5266 
  0.8638671 134.1814 
  0.9086125 134.1814 
  0.9533758 134.1814 
  0.9450223 135.5266 
  0.962838 136.8852 
  0.9820446 137.5696 
  0.9549496 138.2575 
  0.9499483 140.3417 
  0.9411627 141.7487 
  0.9735069 142.4574 
  0.9764961 143.8855 
  0.9676931 144.605 
  0.9606889 145.328 
  0.9170096 145.328 
  0.8391292 144.605 
  0.8111893 142.4574 
  0.9424162 141.0434 
  0.9537398 138.9488 
  0.8777014 137.5696 
  0.4504547 136.8852 
  0.1879687 136.2042 
  0.1917371 135.5266 
  0.1449253 134.1814 
  0.004114941 132.8496 
  0.319856 132.1886 
  0.6637023 139.6435 
  0.8903248 138.9488 
  0.9613103 138.2575 
  0.9748136 136.8852 
  0.9562849 135.5266 
  0.9486979 134.8523 
  0.9736779 134.1814 
  0.986885 134.8523 
  0.9833847 135.5266 
  0.9894772 135.5266 
  0.9928666 135.5266 
  0.9899632 135.5266 
  0.9867811 134.8523 
  0.9682485 134.1814 
  0.9527502 134.8523 
  0.9749055 134.8523 
  0.9886081 134.8523 
  0.982058 135.5266 
  0.988322 134.8523 
  0.9759248 134.1814 
  0.9786894 134.1814 
  0.9771166 134.1814 
  0.9895481 133.5138 
  0.9933547 133.5138 
  0.9920248 133.5138 
  0.9948053 133.5138 
  0.9955992 133.5138 
  0.9927448 133.5138 
  0.988126 133.5138 
  0.9842991 133.5138 
  0.9843363 134.1814 
  0.980679 134.1814 
  0.9760904 134.8523 
  0.9778811 134.8523 
  0.9796396 134.8523 
  0.9570227 134.1814 
  0.9495522 132.8496 
  0.9653734 130.8766 
  0.9402816 128.9329 
  0.8627216 128.2915 
  0.6822276 128.9329 
  0.7073559 129.5776 
  0.4151508 130.2255 
  0.1873431 130.8766 
  -0.106461 132.1886 
  -0.3115096 133.5138 
  -0.1770264 134.8523 
  0.02739309 136.2042 
  -0.2718728 137.5696 
  0.6980053 138.9488 
  0.7973109 134.8523 
  0.9692584 133.5138 
  0.9980421 132.8496 
  0.9989254 132.8496 
  0.9982743 132.8496 
  0.9949996 132.8496 
  0.9938742 132.8496 
  0.994994 133.5138 
  0.9900109 133.5138 
  0.9731061 132.8496 
  0.9061113 132.1886 
  0.6415868 133.5138 
  0.3331659 136.8852 
  0.6244077 141.0434 
  0.7589462 145.328 
  0.8745088 141.7487 
  0.8254614 139.6435 
  0.8534398 136.8852 
  0.8906381 132.8496 
  0.9600642 130.8766 
  0.9768489 129.5776 
  0.977187 128.9329 
  0.9839082 127.6532 
  0.9689505 127.0181 
  0.9297143 125.7574 
  0.8841193 124.5092 
  0.5843931 123.2734 
  0.838191 123.2734 
  0.8524901 123.8897 
  0.7767115 124.5092 
  0.8436322 125.1317 
  0.2745877 125.7574 
  -0.108235 126.3862 
  -0.1150157 128.9329 
  0.4842027 132.1886 
  0.8400057 132.8496 
  0.9422833 130.8766 
  0.9817804 128.9329 
  0.9979932 128.2915 
  0.9978645 128.2915 
  0.9957296 127.6532 
  0.9970999 127.0181 
  0.9983192 127.0181 
  0.9962081 127.0181 
  0.9948239 127.0181 
  0.995948 127.6532 
  0.9970427 127.6532 
  0.9983029 127.0181 
  0.998897 127.0181 
  0.9989483 127.0181 
  0.9986021 127.0181 
  0.9974117 127.0181 
  0.9956298 126.3862 
  0.992657 125.7574 
  0.980628 125.1317 
  0.9624898 124.5092 
  0.8963875 123.8897 
  0.6134432 122.6601 
  0.2739077 121.4426 
  0.2238148 120.2372 
  0.1286743 119.0438 
  0.1074621 118.4515 
  -0.00425197 117.8622 
  -0.04530049 117.2759 
  0.02982694 116.6924 
  -0.04184565 116.1118 
  0.2128895 115.5342 
  0.1977646 114.9594 
  0.221387 114.3874 
  0.08253215 114.3874 
  0.1394624 113.8184 
  0.6663218 112.6886 
  0.1303552 115.5342 
  0.4218705 116.6924 
  0.671047 119.639 
  0.8881924 119.639 
  0.890565 119.0438 
  0.8681659 117.8622 
  0.8989117 119.0438 
  0.9047932 120.2372 
  0.9371145 121.4426 
  0.8263303 122.6601 
  0.1567902 124.5092 
  0.05146019 126.3862 
  0.001293435 128.2915 
  -0.02121493 130.2255 
  0.01358991 132.1886 
  0.1596525 134.1814 
  0.425886 135.5266 
  0.5401587 129.5776 
  0.8364657 128.2915 
  0.9028624 127.0181 
  0.8952582 127.6532 
  0.9683181 127.0181 
  0.9846253 126.3862 
  0.9812151 126.3862 
  0.9778721 127.0181 
  0.9801008 126.3862 
  0.9702358 127.6532 
  0.9726605 127.6532 
  0.9821318 127.6532 
  0.9843723 128.2915 
  0.9736671 127.6532 
  0.971028 128.2915 
  0.9799623 128.2915 
  0.983117 128.2915 
  0.9853568 128.2915 
  0.9724479 127.6532 
  0.9628019 127.6532 
  0.9670891 127.0181 
  0.9322886 126.3862 
  0.8762358 125.1317 
  0.8864056 122.6601 
  0.8192233 122.0498 
  0.898059 122.0498 
  0.9884517 122.6601 
  0.9608446 123.2734 
  0.7113524 123.8897 
  0.5504023 124.5092 
  0.6016716 120.8384 
  0.7676862 120.2372 
  0.8973071 119.0438 
  0.9536895 119.0438 
  0.9702668 118.4515 
  0.982262 118.4515 
  0.9575987 118.4515 
  0.8736424 117.8622 
  0.786546 117.8622 
  0.6312374 116.6924 
  0.9840569 118.4515 
  0.9909322 119.0438 
  0.7380913 120.8384 
  0.8366302 122.6601 
  0.904846 122.0498 
  0.9584394 122.0498 
  0.9613961 121.4426 
  0.9574611 122.0498 
  0.9726872 122.0498 
  0.9594716 123.2734 
  0.9536344 123.8897 
  0.9591171 123.8897 
  0.9636223 123.2734 
  0.9422321 123.8897 
  0.9173642 124.5092 
  0.985797 125.7574 
  0.998364 125.7574 
  0.9984145 126.3862 
  0.9783086 127.0181 
  0.9705618 127.0181 
  0.9727012 126.3862 
  0.9926823 125.7574 
  0.9960091 125.7574 
  0.9958166 125.7574 
  0.9946682 125.7574 
  0.9902966 125.7574 
  0.9904183 126.3862 
  0.9879454 126.3862 
  0.9894523 126.3862 
  0.9721734 125.1317 
  0.9757971 123.8897 
  0.9773998 123.2734 
  0.984093 122.6601 
  0.9869459 122.6601 
  0.8798797 120.8384 
  0.7286876 119.0438 
  0.6531609 116.1118 
  0.2816429 114.9594 
  -0.4580024 116.1118 
  -0.4129729 116.6924 
  -0.6700962 117.8622 
  -0.1884828 118.4515 
  0.4132776 119.0438 
  -0.09662486 119.639 
  0.1192325 120.2372 
  0.1013718 120.8384 
  0.183427 122.0498 
  -0.009567529 123.2734 
  -0.297279 124.5092 
  -0.1251016 125.7574 
  -0.1808477 127.0181 
  -0.139184 128.2915 
  -0.1448668 129.5776 
  0.07522913 130.8766 
  -0.03493794 132.1886 
  0.434871 133.5138 
  0.476097 134.8523 
  0.1416675 136.2042 
  -0.259741 137.5696 
  -0.08516333 138.9488 
  0.105226 140.3417 
  0.04211696 141.7487 
  0.673548 145.328 
  0.3696242 121.4426 
  0.7511824 122.0498 
  0.8292121 123.2734 
  0.9668518 121.4426 
  0.9756732 120.8384 
  0.9922026 120.2372 
  0.9926193 120.2372 
  0.9857823 119.639 
  0.9755753 119.0438 
  0.9212793 117.8622 
  0.9108378 116.6924 
  0.9057222 115.5342 
  0.9624704 116.6924 
  0.9776776 117.2759 
  0.9762916 117.2759 
  0.9652929 116.1118 
  0.9586285 115.5342 
  0.9333962 116.1118 
  0.9289359 116.6924 
  0.9878701 117.2759 
  0.9504297 116.6924 
  0.8428842 116.6924 
  0.5119734 119.0438 
  0.429736 122.6601 
  -0.002768454 124.5092 
  -0.01394234 125.1317 
  0.09830681 125.1317 
  -0.4958582 125.1317 
  -0.2327046 125.1317 
  0.3663011 125.1317 
  0.351704 125.1317 
  -0.03289982 125.1317 
  -0.162413 125.1317 
  -0.1124933 125.1317 
  0.2293213 125.1317 
  0.2311398 125.1317 
  0.1728609 125.1317 
  -0.1183209 125.1317 
  0.1095819 125.1317 
  0.05762155 125.1317 
  -0.1579778 125.1317 
  -0.3124149 125.1317 
  -0.273223 125.1317 
  -0.2074375 125.1317 
  -0.3441496 125.1317 
  -0.05633726 125.1317 
  0.07702643 125.1317 
  -0.03304147 125.1317 
  -0.003300989 125.1317 
  0.06691896 125.1317 
  0.1731288 125.1317 
  0.07893661 125.1317 
  -0.06902272 125.1317 
  0.1048981 125.1317 
  0.06746075 125.1317 
  -0.09749016 125.1317 
  -0.107614 125.1317 
  -0.1055989 125.1317 
  0.04503322 125.1317 
  -0.07600952 125.1317 
  0.02868521 125.1317 
  -0.08482303 125.1317 
  0.1182059 125.1317 
  0.1362698 125.1317 
  0.2026118 125.1317 
  0.3426041 125.1317 
  0.3309358 125.1317 
  0.265415 125.1317 
  0.1088084 125.1317 
  0.1587891 125.1317 
  0.07713507 125.1317 
  -0.1583346 125.1317 
  0.02071354 125.1317 
  -0.01448804 125.1317 
  -0.004848372 125.1317 
  0.04888463 125.1317 
  0.2118326 125.1317 
  0.2000631 125.1317 
  0.1542941 125.1317 
  0.1059846 125.1317 
  0.005803233 125.1317 
  0.05037793 125.1317 
  0.002404709 125.1317 
  0.1293418 125.1317 
  0.1069981 125.1317 
  0.03801595 125.1317 ]
