 [
  -0.06460442 238.1164 
  -0.04850247 238.1164 
  -0.1096912 238.1164 
  0.03047164 238.1164 
  0.02094986 238.1164 
  0.02441498 238.1164 
  0.1955984 238.1164 
  -0.05713896 238.1164 
  -0.08248984 238.1164 
  -0.1753694 238.1164 
  -0.1001233 238.1164 
  -0.1813688 238.1164 
  -0.08060743 238.1164 
  -0.09498439 238.1164 
  0.04925825 238.1164 
  -0.09493098 238.1164 
  -0.06589167 238.1164 
  -0.06254281 238.1164 
  -0.02270128 238.1164 
  0.1011372 238.1164 
  0.09353967 238.1164 
  0.1148076 238.1164 
  -0.1101087 238.1164 
  -0.0763967 238.1164 
  -0.05755925 238.1164 
  0.03313881 239.307 
  0.1583812 239.307 
  0.1308224 239.307 
  -0.1172703 239.307 
  -0.01447266 239.307 
  0.1251238 239.307 
  0.136856 239.307 
  -0.03626755 239.307 
  -0.02137286 239.307 
  0.05770775 239.307 
  -0.2500163 240.5036 
  0.1873965 241.7061 
  0.4198595 241.7061 
  0.2782693 241.7061 
  0.3900772 241.7061 
  0.07591134 241.7061 
  0.02492957 241.7061 
  -0.08403226 241.7061 
  0.1068144 241.7061 
  0.4948081 241.7061 
  0.8605881 242.9146 
  0.8161384 244.1292 
  0.2352539 245.3498 
  0.09089181 245.3498 
  0.5296838 244.1292 
  0.5571177 254.067 
  0.223061 264.4093 
  0.1958385 283.5317 
  0.3032426 251.5452 
  0.7251639 245.3498 
  0.9694211 250.2938 
  0.9677045 255.3373 
  0.9656381 261.7849 
  0.9773219 268.3953 
  0.9820735 273.8036 
  0.9756594 277.9312 
  0.9842579 282.1211 
  0.9948187 284.9493 
  0.993047 284.9493 
  0.9774672 284.9493 
  0.9147791 286.3741 
  0.8309865 290.6912 
  0.7905891 298.0316 
  0.8415964 307.085 
  0.9434451 317.9955 
  0.9694934 330.9402 
  0.9851463 340.9934 
  0.996321 346.1339 
  0.9965489 346.1339 
  0.9770761 344.4118 
  0.9674004 346.1339 
  0.9846239 353.1087 
  0.9981282 354.8742 
  0.9992527 358.4318 
  0.99801 360.224 
  0.9985189 362.0251 
  0.9995364 362.0251 
  0.9987276 360.224 
  0.9989878 358.4318 
  0.9982933 356.6486 
  0.9937865 354.8742 
  0.9695992 351.3519 
  0.9116946 353.1087 
  0.5485948 353.1087 
  0.6661726 354.8742 
  0.7530783 356.6486 
  0.6933114 358.4318 
  -0.004601954 360.224 
  0.037034 362.0251 
  0.09308455 362.0251 
  0.1211143 362.0251 
  -0.00185407 362.0251 
  -0.00883361 363.8352 
  0.9017423 365.6544 
  0.9466614 360.224 
  0.9616102 354.8742 
  0.9855464 346.1339 
  0.9948732 339.2969 
  0.9924137 335.9292 
  0.9772509 330.9402 
  0.9623495 322.7894 
  0.979543 311.7143 
  0.9777435 304.037 
  0.9350672 298.0316 
  0.8721162 293.6054 
  0.7345504 290.6912 
  0.7868766 287.806 
  0.9189129 286.3741 
  0.9777361 284.9493 
  0.9924497 283.5317 
  0.9949744 280.7175 
  0.9965501 277.9312 
  0.9970174 273.8036 
  0.9969164 271.0859 
  0.9973741 268.3953 
  0.9813719 267.06 
  0.9077744 267.06 
  0.929855 264.4093 
  0.9786256 260.4825 
  0.990036 256.614 
  0.9920973 254.067 
  0.9955043 252.8029 
  0.9952299 252.8029 
  0.9962649 252.8029 
  0.9972453 251.5452 
  0.9937769 251.5452 
  0.9956924 250.2938 
  0.9970981 249.0485 
  0.9948252 249.0485 
  0.9890616 247.8095 
  0.9881807 246.5766 
  0.9967539 245.3498 
  0.999221 244.1292 
  0.9938624 244.1292 
  0.9928429 242.9146 
  0.9957923 240.5036 
  0.997683 240.5036 
  0.9952609 239.307 
  0.9958067 239.307 
  0.9955141 238.1164 
  0.9777337 236.9318 
  0.9569606 236.9318 
  0.9482729 239.307 
  0.9977716 241.7061 
  1.00008 242.9146 
  0.9999586 244.1292 
  0.9997956 244.1292 
  0.9991694 244.1292 
  0.9834026 244.1292 
  0.9658642 242.9146 
  0.9562704 241.7061 
  0.904758 240.5036 
  0.5373831 239.307 
  -0.003352245 238.1164 
  -0.03196623 238.1164 
  -0.04654534 238.1164 
  -0.005057959 238.1164 
  0.116206 238.1164 
  0.02113478 238.1164 
  -0.05359054 238.1164 
  0.06804859 238.1164 
  0.4036409 238.1164 
  0.2061231 238.1164 
  0.4550543 238.1164 
  0.08392403 238.1164 
  0.2213062 238.1164 
  0.7486559 238.1164 
  0.8780769 238.1164 
  0.8941581 233.4131 
  0.9413553 227.6642 
  0.9893103 224.2832 
  0.9819331 223.1673 
  0.986759 220.9523 
  0.9892135 219.853 
  0.9930704 217.6709 
  0.9889051 216.5879 
  0.9913266 214.4382 
  0.9773526 213.3714 
  0.9575049 213.3714 
  0.9537515 210.2025 
  0.9708683 209.1568 
  0.9770726 209.1568 
  0.9596509 209.1568 
  0.9634744 210.2025 
  0.9735005 211.2535 
  0.9744185 212.3098 
  0.9792956 214.4382 
  0.9786393 216.5879 
  0.9821512 217.6709 
  0.9812773 217.6709 
  0.9661729 214.4382 
  0.9824947 211.2535 
  0.9819374 209.1568 
  0.9632691 206.0505 
  0.9379912 204.0054 
  0.9500623 201.9805 
  0.9859901 200.9756 
  0.9900929 198.9809 
  0.9920699 197.0059 
  0.8786418 196.0257 
  0.876632 195.0505 
  0.9018593 193.1145 
  0.990462 191.1978 
  0.9975513 190.2465 
  0.9960583 190.2465 
  0.9969132 189.3 
  0.9944177 188.3582 
  0.985247 187.4211 
  0.9746923 186.4887 
  0.9888571 185.5609 
  0.9969091 184.6377 
  0.9896538 184.6377 
  0.9806081 184.6377 
  0.9654715 185.5609 
  0.9683849 186.4887 
  0.993458 187.4211 
  0.9937719 188.3582 
  0.991438 189.3 
  0.9732273 191.1978 
  0.9497514 193.1145 
  0.9067197 196.0257 
  0.8719344 198.9809 
  0.7644256 201.9805 
  0.3982081 206.0505 
  -0.01010816 210.2025 
  -0.1477156 214.4382 
  0.03766618 218.7592 
  0.133243 222.057 
  0.1485514 225.4046 
  -0.01063069 228.8026 
  -0.154714 232.2518 
  0.130428 235.753 
  0.08778026 239.307 
  -0.05177157 242.9146 
  0.1908435 246.5766 
  0.2105216 250.2938 
  0.3112961 254.067 
  0.2429483 257.8971 
  0.05638814 261.7849 
  0.3180353 265.7313 
  0.8847237 264.4093 
  0.8983956 260.4825 
  0.9477829 257.8971 
  0.9838732 255.3373 
  0.9909378 254.067 
  0.9947798 252.8029 
  0.9858509 254.067 
  0.9861939 256.614 
  0.9902395 259.1866 
  0.9816794 260.4825 
  0.9939108 263.0938 
  0.9883212 263.0938 
  0.9557577 261.7849 
  0.9133438 257.8971 
  0.6140607 254.067 
  0.8919495 251.5452 
  0.9453955 249.0485 
  0.9703586 246.5766 
  0.9726141 244.1292 
  0.9733243 241.7061 
  0.9499132 239.307 
  0.4494629 236.9318 
  -0.1213624 234.5801 
  0.04968859 232.2518 
  0.1313373 229.9466 
  0.546996 227.6642 
  0.3181655 225.4046 
  0.3991596 224.2832 
  0.6946424 224.2832 
  0.9277792 225.4046 
  0.972139 226.5316 
  0.9931439 226.5316 
  0.9880453 225.4046 
  0.9885907 223.1673 
  0.9953545 220.9523 
  0.9969718 218.7592 
  0.9964776 217.6709 
  0.995795 217.6709 
  0.9957774 216.5879 
  0.9978681 216.5879 
  0.9981328 216.5879 
  0.998209 215.5104 
  0.996434 215.5104 
  0.9992025 214.4382 
  0.999109 214.4382 
  0.9989909 214.4382 
  0.9994847 214.4382 
  0.9942263 213.3714 
  0.9674259 210.2025 
  0.8918313 204.0054 
  0.7851418 197.0059 
  0.6000016 191.1978 
  -0.1535903 192.1537 
  0.2338968 194.0801 
  0.1493522 196.0257 
  0.2336322 197.9909 
  0.02413413 199.9758 
  0.00344425 201.9805 
  0.03084899 204.0054 
  0.1179017 206.0505 
  0.2514973 208.1162 
  0.3897454 209.1568 
  0.1473036 210.2025 
  0.110952 211.2535 
  -0.06383616 212.3098 
  -0.04637356 213.3714 
  0.08293153 214.4382 
  0.03056901 216.5879 
  0.08963633 217.6709 
  0.09721069 218.7592 
  0.7219565 219.853 
  0.8014073 215.5104 
  0.8438268 209.1568 
  0.958447 202.9904 
  0.9709297 200.9756 
  0.9513659 199.9758 
  0.8648802 197.9909 
  0.9886513 198.9809 
  0.9884696 199.9758 
  0.9975971 200.9756 
  0.8988896 200.9756 
  0.9185252 200.9756 
  0.9460899 199.9758 
  0.9981132 199.9758 
  0.9984961 199.9758 
  0.9983733 199.9758 
  0.9977027 199.9758 
  0.9961904 199.9758 
  0.9922237 198.9809 
  0.9860875 197.9909 
  0.9834921 197.9909 
  0.9541272 196.0257 
  0.9456093 193.1145 
  0.9742497 190.2465 
  0.9500145 188.3582 
  0.9574327 185.5609 
  0.9626058 183.7191 
  0.9743516 181.8956 
  0.9715402 180.0902 
  0.885601 177.4156 
  0.8783466 173.9112 
  0.9216321 170.476 
  0.9103794 167.1087 
  0.9250211 164.6269 
  0.9063795 162.182 
  0.9372491 159.7734 
  0.5592116 158.9785 
  0.05783314 131.531 
  0.3521675 108.8223 
  0.1848604 104.5657 
  0.3831119 103.0128 
  0.3327936 102.5003 
  0.4556701 95.11173 
  0.4751641 96.06523 
  0.2861364 97.02828 
  0.5075209 98.491 
  0.3617133 98.98344 
  0.3680227 98.491 
  0.422392 100.978 
  0.1526976 98.491 
  0.1810972 93.23304 
  0.1714021 93.6992 
  0.4221464 99.47836 
  0.5002185 100.4756 
  -0.2056431 103.5278 
  -0.01601735 106.142 
  0.4388773 108.2809 
  0.2629852 109.9132 
  -0.03541174 110.4628 
  0.05326729 110.4628 
  0.1656868 110.4628 
  0.2882653 110.4628 
  0.08013977 110.4628 
  0.1086054 110.4628 
  0.1457561 110.4628 
  -0.03072389 110.4628 
  -0.0498807 110.4628 
  -0.0172061 110.4628 
  -0.004129318 110.4628 
  0.114216 110.4628 
  0.1044926 110.4628 
  -0.1533614 110.4628 
  -0.07501131 110.4628 
  0.02682788 110.4628 
  0.02563262 110.4628 
  0.04275066 110.4628 
  0.03034527 110.4628 
  0.0368809 110.4628 
  -0.1648922 110.4628 
  -0.146409 110.4628 
  -0.166155 110.4628 
  -0.1165594 110.4628 
  -0.2904164 110.4628 
  -0.1165347 110.4628 
  0.009429256 110.4628 
  0.07501794 110.4628 
  0.1398936 110.4628 
  -0.05014002 110.4628 
  -0.09408537 110.4628 
  0.2321619 110.4628 
  0.08369762 110.4628 
  -0.2494693 110.4628 
  -0.1961434 110.4628 
  -0.1816784 110.4628 
  0.07622992 110.4628 
  0.1213849 110.4628 
  0.04116391 110.4628 
  0.05992439 110.4628 ]
