 [
  -0.1567317 118.4515 
  0.03664868 118.4515 
  0.06618921 118.4515 
  0.3412614 118.4515 
  0.3143027 118.4515 
  0.2168834 118.4515 
  0.06509645 118.4515 
  -0.004534801 118.4515 
  -0.007501401 118.4515 
  0.1127019 118.4515 
  0.07758927 118.4515 
  -0.2585734 118.4515 
  0.4215835 118.4515 
  0.6066986 113.8184 
  0.7729701 113.2521 
  0.9114921 112.128 
  0.7632794 109.9132 
  0.6250027 106.6728 
  0.5157612 104.5657 
  0.9083332 106.142 
  0.8791405 105.0885 
  0.8681192 102.5003 
  0.8325412 99.97575 
  0.8607535 96.54556 
  0.7507813 94.63854 
  0.4028873 93.23304 
  -0.03418629 96.54556 
  0.1587469 100.978 
  0.07925107 104.0455 
  0.1494404 106.142 
  -0.04998719 108.8223 
  0.1335381 112.6886 
  -0.07056207 116.6924 
  0.2901438 120.8384 
  -0.154151 125.1317 
  -0.1126599 129.5776 
  -0.05346143 134.1814 
  0.2343437 138.9488 
  -0.06929901 143.8855 
  -0.1036371 148.2564 
  0.6389298 153.5239 
  0.6259527 141.0434 
  0.4561773 129.5776 
  0.5909891 127.0181 
  0.6636884 125.1317 
  0.8789308 122.6601 
  0.8470747 122.0498 
  0.9424443 124.5092 
  0.7688602 127.0181 
  0.8786841 128.2915 
  0.6917247 130.8766 
  0.589683 132.8496 
  0.693242 135.5266 
  0.6951998 134.1814 
  0.8771789 136.8852 
  0.6755742 136.2042 
  0.4337236 134.1814 
  0.1993312 132.8496 
  0.3072302 131.531 
  0.1110095 131.531 
  0.1470387 134.8523 
  0.0667063 135.5266 
  0.09364642 134.8523 
  0.2831486 132.1886 
  0.1088301 132.8496 
  0.05020634 133.5138 
  0.09352363 134.1814 
  0.001516121 134.8523 
  0.04211119 135.5266 
  0.06920494 136.2042 
  0.3507311 136.8852 
  -0.2946865 136.8852 
  0.7591852 138.2575 
  0.8231974 138.2575 
  0.909085 137.5696 
  0.9818621 136.2042 
  0.9591615 135.5266 
  0.9247248 134.1814 
  0.838789 132.8496 
  0.692519 130.2255 
  -0.04825562 128.9329 
  0.5936208 130.2255 
  0.1347661 131.531 
  -0.336839 132.1886 
  -0.295783 133.5138 
  0.05850319 134.1814 
  0.09551851 135.5266 
  0.06554811 136.8852 
  0.6562066 138.2575 
  0.249537 136.2042 
  0.2359483 134.1814 
  0.585168 122.6601 
  0.7878633 119.639 
  0.9584917 118.4515 
  0.9768338 117.8622 
  0.9901705 116.6924 
  0.991159 115.5342 
  0.9820485 114.9594 
  0.9152345 117.2759 
  0.6345215 116.1118 
  0.6257776 114.3874 
  0.8830554 113.2521 
  0.9719145 114.3874 
  0.9285638 114.9594 
  0.7534087 114.3874 
  0.571656 111.5702 
  0.309462 110.4628 
  0.04642436 108.8223 
  -0.04068796 107.2061 
  0.06828451 105.614 
  0.2791969 104.0455 
  0.1160312 102.5003 
  0.3944122 100.978 
  0.7481387 99.97575 
  0.5736289 95.5873 
  0.7601394 91.39146 
  0.9098102 89.14054 
  0.9108915 89.14054 
  0.9128432 90.03418 
  0.8847244 90.03418 
  0.8390317 89.14054 
  0.7855076 87.8167 
  0.7048017 89.58624 
  0.4300857 91.39146 
  -0.4403733 93.6992 
  -0.2098905 96.06523 
  0.3448544 98.491 
  0.2066749 100.978 
  -0.1723304 103.5278 
  0.1141387 106.142 
  0.3356615 108.8223 
  0.3031375 111.5702 
  -0.07091664 114.3874 
  0.0006912882 117.2759 
  0.0960245 120.2372 
  0.04811347 123.2734 
  0.2864313 126.3862 
  0.6994514 129.5776 
  0.8346565 127.6532 
  0.919387 126.3862 
  0.9930309 125.1317 
  0.9942797 124.5092 
  0.9937443 123.2734 
  0.9966772 122.6601 
  0.9965678 122.6601 
  0.9954194 122.6601 
  0.9969263 122.6601 
  0.997996 122.6601 
  0.9903458 121.4426 
  0.9538257 120.2372 
  0.8849257 118.4515 
  0.827391 116.6924 
  0.634962 115.5342 
  0.6484634 114.9594 
  0.4074782 114.9594 
  -0.0808422 114.9594 
  -0.3930904 114.9594 
  -0.3311179 115.5342 
  -0.07763048 116.1118 
  -0.05702419 116.6924 
  -0.05187752 117.2759 
  0.08050295 117.8622 
  -0.09022105 118.4515 
  -0.04905067 119.0438 
  0.0775772 119.639 
  0.3417948 119.639 
  0.5305854 119.0438 
  0.7466252 111.0151 
  0.9415754 110.4628 
  0.9080822 111.0151 
  0.8688473 110.4628 
  0.8738861 109.9132 
  0.7726326 110.4628 
  0.9156804 112.6886 
  0.9562281 113.2521 
  0.9057612 111.5702 
  0.9551164 110.4628 
  0.962858 109.9132 
  0.968595 109.3664 
  0.9534346 108.2809 
  0.9685502 107.2061 
  0.9531733 106.142 
  0.9517875 105.614 
  0.9861271 104.5657 
  0.967103 104.0455 
  0.9560375 104.0455 
  0.9688483 103.5278 
  0.9390425 103.0128 
  0.9623389 102.5003 
  0.964696 101.9903 
  0.955281 101.4829 
  0.9618753 100.4756 
  0.9579309 100.4756 
  0.9526899 100.4756 
  0.5212011 101.9903 
  0.6393196 99.97575 
  0.9027028 99.47836 
  0.9553359 99.47836 
  0.9364706 98.98344 
  0.9174021 98.491 
  0.8635876 97.51342 
  0.8498176 97.02828 
  0.771275 96.06523 
  0.7956918 95.11173 
  0.8963028 93.6992 
  0.9407177 93.23304 
  0.9673629 92.7692 
  0.9486907 92.30766 
  0.9684587 91.84841 
  0.963587 91.84841 
  0.9497856 92.30766 
  0.8505393 93.6992 
  0.6022604 96.06523 
  0.6143566 99.47836 
  0.5730629 104.0455 
  0.7779999 108.2809 
  0.7542789 108.8223 
  0.8477681 107.2061 
  0.9519127 105.614 
  0.9773735 105.0885 
  0.9643847 105.0885 
  0.9719058 106.142 
  0.9837633 106.6728 
  0.9902409 106.6728 
  0.9864659 106.6728 
  0.976917 106.6728 
  0.9502187 106.6728 
  0.8535702 106.142 
  0.6615958 104.0455 
  0.520394 101.9903 
  0.09452737 100.978 
  0.001650264 99.97575 
  0.04219476 98.98344 
  0.05270185 98.00098 
  0.116855 96.54556 
  0.1407614 95.5873 
  0.05342983 94.63854 
  -0.06788085 93.23304 
  0.03249555 92.30766 
  0.08821201 90.93677 
  0.4249071 89.58624 
  0.4758067 88.25578 
  0.476191 83.12859 
  0.8288774 80.27641 
  0.8766766 77.90971 
  0.9483442 76.75266 
  0.9662086 75.99085 
  0.9533914 75.61279 
  0.9480727 75.2366 
  0.9249216 75.2366 
  0.7380802 75.61279 
  0.4496698 75.99085 
  -0.1220011 76.3708 
  0.03045326 76.75266 
  0.2017975 77.13642 
  -0.03809341 77.5221 
  0.05317805 77.90971 
  0.4718145 77.90971 
  0.5728287 78.69076 
  0.6338941 79.08421 
  0.6159511 79.47963 
  0.02351117 81.4866 
  -0.2573771 83.12859 
  -0.1616342 84.80367 
  0.1775861 86.94508 
  0.6359783 88.69706 
  0.5120075 90.93677 
  0.09137873 92.7692 
  0.6242693 92.7692 
  0.2085146 94.63854 
  0.3708944 86.51251 
  0.9109744 86.94508 
  0.949716 86.51251 
  0.9759786 86.94508 
  0.9696716 86.94508 
  0.9622161 86.94508 
  0.8428376 86.94508 
  0.703212 86.94508 
  0.6713953 85.65383 
  0.008555323 84.38177 
  0.1047904 83.54424 
  -0.1008391 82.3035 
  -0.07739377 81.08118 
  -0.3560295 79.87703 
  -0.09133909 78.69076 
  -0.09477545 77.5221 
  0.3045073 76.3708 
  0.2377224 75.99085 
  0.5556768 76.3708 
  0.7635536 76.3708 
  0.7465197 76.3708 
  0.4208315 77.5221 
  0.252001 78.69076 
  0.1325388 79.08421 
  0.281303 79.08421 
  0.4531057 79.08421 
  0.216299 79.47963 
  0.02628097 82.3035 
  0.04817096 84.38177 
  -0.2246831 86.94508 
  0.1661305 89.58624 
  0.01541115 91.84841 
  0.01419115 94.63854 
  0.03904028 97.51342 
  0.1854326 99.97575 
  -0.1548686 103.0128 
  0.09448013 106.142 
  0.02990407 108.2809 
  -0.02189784 110.4628 
  0.3765745 112.128 
  0.7531056 115.5342 
  0.8449584 114.9594 
  0.79421 114.3874 
  0.8919775 109.9132 
  0.8122895 108.2809 
  0.4854913 106.6728 
  -0.1694392 105.0885 
  -0.005742595 103.5278 
  0.3011728 101.9903 
  0.259899 102.5003 
  0.1063336 103.5278 
  0.156253 104.0455 
  0.09763882 104.5657 
  0.1107632 104.5657 
  -0.0537122 104.5657 
  0.02834886 104.5657 
  0.1177913 104.5657 
  0.1089864 104.5657 
  0.1593206 104.5657 
  0.1623997 104.5657 
  -0.04433764 105.0885 
  0.16709 105.614 
  0.1069807 106.142 
  0.05774064 106.6728 
  0.2179081 107.2061 
  0.03258143 107.7421 
  -0.09407448 108.2809 
  -0.08996833 108.8223 
  0.02477057 109.3664 
  0.2293032 109.9132 
  0.05816379 109.9132 
  -0.01147061 109.9132 
  -0.1298268 110.4628 
  0.5110204 111.0151 
  0.6425297 111.0151 
  0.5071395 109.9132 
  0.1990344 108.2809 
  0.1690793 105.0885 
  0.2623444 99.47836 
  0.6278374 96.54556 
  0.9410456 95.11173 
  0.9443357 94.63854 
  0.9325395 94.1677 
  0.9042563 93.6992 
  0.8803033 93.23304 
  0.7271808 91.39146 
  0.7620062 89.58624 
  0.7270201 87.3798 
  0.8598304 85.65383 
  0.9794174 84.80367 
  0.9421508 84.38177 
  0.922724 83.54424 
  0.883738 82.3035 
  0.5913503 81.89403 
  0.1139558 83.12859 
  0.1519303 83.96195 
  0.09657174 84.38177 
  -0.2586034 84.80367 
  0.1470849 85.2277 
  0.06484572 85.65383 
  -0.04698388 86.0821 
  -0.0219743 86.51251 
  -0.06650636 86.94508 
  -0.026365 86.94508 
  -0.02127261 86.94508 
  0.09357961 86.94508 
  -0.08045574 86.94508 
  0.04141864 86.94508 
  0.1621288 87.3798 
  0.2832992 87.8167 
  0.2347176 88.25578 
  -0.02447472 88.69706 
  -0.1097094 89.58624 
  -0.02921868 90.93677 
  0.08914385 91.84841 
  0.3240423 92.30766 
  0.2193835 92.30766 
  -0.02266572 92.30766 
  -0.3157341 92.30766 
  -0.2718592 92.30766 
  0.0479284 92.30766 
  -0.2095629 92.30766 
  -0.2613315 92.30766 
  -0.2617207 92.30766 
  0.06651017 92.30766 
  0.1907666 92.30766 
  -0.02228363 92.30766 
  -0.03632502 92.30766 
  0.1294856 92.30766 
  0.5548841 92.30766 
  0.7633805 91.84841 
  0.866828 91.39146 
  0.8010088 90.93677 
  0.703319 89.14054 
  0.6966175 87.3798 
  0.7148941 86.94508 
  0.9169217 87.8167 
  0.9755391 87.8167 
  0.9531389 87.8167 
  0.8937004 87.8167 
  0.7110451 88.25578 
  0.229282 89.14054 
  0.09747273 90.03418 
  0.2302011 90.93677 
  0.3840053 91.39146 
  0.4763619 92.30766 
  0.2375897 92.7692 
  0.3062814 93.23304 
  0.2162063 93.23304 
  0.2695471 93.23304 
  0.1270813 93.23304 
  0.1043256 93.6992 
  -0.1336627 94.63854 
  0.0139987 95.5873 
  0.3419295 96.54556 
  0.3819633 97.02828 
  0.5169765 97.02828 
  0.7852809 97.51342 
  0.8767942 97.02828 
  0.8204021 96.06523 
  0.7742229 94.63854 
  0.9251324 92.30766 
  0.9479057 91.39146 
  0.9100855 90.48434 
  0.9240609 89.14054 
  0.8792921 87.8167 
  0.8894331 86.0821 
  0.7955675 84.80367 
  0.6936828 82.71502 
  0.7396436 81.4866 
  0.8960248 80.27641 
  0.8785425 79.08421 
  0.1258728 78.29926 
  0.598412 73.01849 
  0.3734584 73.38358 
  0.04744552 74.11925 
  0.01246827 73.01849 
  0.004591029 72.6552 
  0.006979205 72.29374 
  0.03772317 72.29374 
  0.3068775 72.29374 
  0.1778431 71.93407 
  0.142058 71.57619 
  -0.0734148 71.22009 
  -0.01683291 70.86576 
  -0.007296525 70.51319 
  -0.01629496 70.16238 
  0.05570962 70.16238 
  0.04139192 70.16238 
  0.06642917 70.16238 
  0.04173856 70.16238 
  0.1555404 70.16238 
  0.2755373 70.16238 
  0.3095103 70.16238 
  0.324339 70.16238 
  0.06799422 70.16238 
  -0.05494794 70.16238 
  0.005613505 70.16238 
  0.03070344 70.16238 
  0.03647215 70.16238 
  0.03882157 70.16238 
  0.1293939 70.16238 
  0.3444715 70.16238 
  0.2307815 70.16238 
  -0.1277552 70.16238 
  -0.1487409 70.16238 
  -0.203675 70.16238 
  -0.5368834 70.16238 
  -0.09310471 70.16238 
  -0.4010791 70.16238 
  0.3924891 70.16238 
  0.637508 70.16238 
  0.4174006 70.16238 
  0.05709406 70.16238 
  -0.03354594 70.16238 
  -0.2948904 70.16238 ]
