 [
  0.1466428 238.1164 
  -0.307948 238.1164 
  -0.2859874 238.1164 
  0.1546384 238.1164 
  0.2130036 238.1164 
  0.2626065 238.1164 
  0.1909666 238.1164 
  -0.08383511 238.1164 
  -0.3100123 238.1164 
  -0.2518764 238.1164 
  0.1822725 238.1164 
  0.7694546 238.1164 
  0.822505 238.1164 
  0.8154035 238.1164 
  0.8963755 238.1164 
  0.9558963 238.1164 
  0.9838726 238.1164 
  0.9916654 238.1164 
  0.9913689 236.9318 
  0.9419239 234.5801 
  0.9562017 236.9318 
  0.9780701 238.1164 
  0.9871174 239.307 
  0.9907853 240.5036 
  0.988163 241.7061 
  0.9826429 245.3498 
  0.9875138 247.8095 
  0.9894855 246.5766 
  0.988959 246.5766 
  0.9848027 247.8095 
  0.9941717 249.0485 
  0.9932419 250.2938 
  0.9906206 250.2938 
  0.9873081 251.5452 
  0.9842873 252.8029 
  0.9821227 254.067 
  0.9864157 255.3373 
  0.9898355 255.3373 
  0.9705575 257.8971 
  0.9700301 260.4825 
  0.9765335 263.0938 
  0.9763916 265.7313 
  0.9746664 268.3953 
  0.9787874 271.0859 
  0.9821394 273.8036 
  0.9958557 275.1726 
  0.9867077 276.5485 
  0.9715645 276.5485 
  0.9356185 273.8036 
  0.2367319 269.7372 
  0.16272 267.06 
  0.1097801 263.0938 
  0.1723703 260.4825 
  0.3252707 257.8971 
  0.07000002 255.3373 
  0.3004107 252.8029 
  0.3181329 249.0485 
  -0.1408594 245.3498 
  0.1130823 241.7061 
  0.5655794 238.1164 
  0.8646167 233.4131 
  0.8362314 226.5316 
  0.8544093 220.9523 
  0.8694836 212.3098 
  0.8261337 206.0505 
  0.9433028 202.9904 
  0.9790294 200.9756 
  0.9891014 200.9756 
  0.9935669 200.9756 
  0.9909993 201.9805 
  0.9956693 202.9904 
  0.998764 205.0254 
  0.9504448 206.0505 
  0.9664342 207.0808 
  0.9773834 209.1568 
  0.9887055 210.2025 
  0.9921417 212.3098 
  0.9951968 214.4382 
  0.9942327 215.5104 
  0.9836187 217.6709 
  0.9781536 217.6709 
  0.9515162 218.7592 
  0.8662301 220.9523 
  0.3780753 224.2832 
  0.1245442 228.8026 
  -0.1132197 233.4131 
  0.1273348 238.1164 
  -0.06558368 242.9146 
  0.530449 247.8095 
  0.8525259 251.5452 
  0.8788444 242.9146 
  0.9484456 240.5036 
  0.9662278 238.1164 
  0.9662387 234.5801 
  0.9815223 231.0963 
  0.9908068 229.9466 
  0.9833455 231.0963 
  0.9755442 233.4131 
  0.9805763 235.753 
  0.9884847 238.1164 
  0.9917481 239.307 
  0.9833292 240.5036 
  0.9814723 242.9146 
  0.9760937 245.3498 
  0.944944 246.5766 
  0.9001538 247.8095 
  0.2978257 247.8095 
  0.0971863 247.8095 
  -0.0503317 247.8095 
  0.04811638 247.8095 
  0.1581846 247.8095 
  0.1525123 247.8095 
  0.8464759 247.8095 
  0.938054 247.8095 
  0.941969 247.8095 
  0.919483 247.8095 
  0.8146768 247.8095 
  0.5075108 247.8095 
  0.1855868 247.8095 
  -0.02866896 247.8095 
  -0.03186199 247.8095 
  0.122641 247.8095 
  0.1199526 249.0485 
  0.07643624 250.2938 
  0.1111435 251.5452 
  0.07980864 252.8029 
  0.9039235 252.8029 
  0.9544613 254.067 
  0.9775958 254.067 
  0.9852179 251.5452 
  0.977695 247.8095 
  0.9743054 242.9146 
  0.9650372 238.1164 
  0.9406607 233.4131 
  0.8779913 229.9466 
  0.7468569 227.6642 
  0.7501478 225.4046 
  0.9143059 224.2832 
  0.9727276 223.1673 
  0.9774763 222.057 
  0.9653451 218.7592 
  0.9641072 215.5104 
  0.974847 210.2025 
  0.980387 206.0505 
  0.9760157 201.9805 
  0.9654279 198.9809 
  0.9691491 196.0257 
  0.9756752 195.0505 
  0.9747081 196.0257 
  0.9878619 197.9909 
  0.9934197 198.9809 
  0.9963788 197.9909 
  0.9991618 197.0059 
  0.9959378 197.9909 
  0.9941663 198.9809 
  0.9812571 198.9809 
  0.9235728 199.9758 
  0.7295194 201.9805 
  -0.1418165 204.0054 
  0.2374278 206.0505 
  0.3284169 209.1568 
  0.1924634 212.3098 
  0.1125213 215.5104 
  -0.0723777 218.7592 
  0.07696156 222.057 
  -0.02262329 225.4046 
  0.01240399 228.8026 
  0.002050046 232.2518 
  0.07362379 235.753 
  0.09320016 239.307 
  -0.1102781 242.9146 
  -0.0866529 246.5766 
  0.8477005 250.2938 
  0.9569458 255.3373 
  0.9848461 256.614 
  0.9933217 255.3373 
  0.98485 251.5452 
  0.9897855 247.8095 
  0.9988306 245.3498 
  0.9963983 244.1292 
  0.9796672 242.9146 
  0.9525367 241.7061 
  0.8119832 240.5036 
  0.8160639 240.5036 
  0.8570776 240.5036 
  0.6514926 240.5036 
  -0.02640269 240.5036 
  -0.03003564 240.5036 
  0.05868776 240.5036 
  0.05245952 240.5036 
  0.130237 240.5036 
  0.8884867 240.5036 
  0.8706419 240.5036 
  0.8821252 240.5036 
  0.8505027 240.5036 
  0.8773274 240.5036 
  0.8259683 240.5036 
  0.797655 240.5036 
  0.7996343 240.5036 
  0.7729021 240.5036 
  0.02692425 240.5036 
  -0.2165993 240.5036 
  -0.1800544 240.5036 
  0.04556413 240.5036 
  0.2718658 240.5036 
  0.8528881 240.5036 
  0.9556051 240.5036 
  0.9858596 240.5036 
  0.9831558 239.307 
  0.9524426 236.9318 
  0.9277772 232.2518 
  0.696048 226.5316 
  0.4745689 222.057 
  0.280148 217.6709 
  0.8455232 213.3714 
  0.9008386 208.1162 
  0.8794349 204.0054 
  0.8848715 200.9756 
  0.8740187 197.0059 
  0.2660074 196.0257 
  0.6749075 195.0505 
  0.6872941 194.0801 
  0.6155651 194.0801 
  0.519312 194.0801 
  0.4489344 194.0801 
  0.2370447 194.0801 
  0.6504023 194.0801 
  0.8752701 194.0801 
  0.922439 194.0801 
  0.9649414 195.0505 
  0.9604853 195.0505 
  0.968006 194.0801 
  0.9805714 193.1145 
  0.9800166 194.0801 
  0.9779505 194.0801 
  0.9753225 195.0505 
  0.9729261 197.0059 
  0.9739866 198.9809 
  0.970417 201.9805 
  0.9686219 202.9904 
  0.9532185 204.0054 
  0.9540001 205.0254 
  0.9590679 207.0808 
  0.9553261 213.3714 
  0.979414 218.7592 
  0.9928632 220.9523 
  0.9955612 220.9523 
  0.997184 220.9523 
  0.9965837 222.057 
  0.9971941 223.1673 
  0.992647 225.4046 
  0.9934204 227.6642 
  0.9955732 231.0963 
  0.9904359 232.2518 
  0.9878749 232.2518 
  0.9841986 231.0963 
  0.9964843 229.9466 
  0.9980214 228.8026 
  0.9965551 227.6642 
  0.9969272 226.5316 
  0.9980904 225.4046 
  0.9979264 224.2832 
  0.9967643 223.1673 
  0.9945559 220.9523 
  0.9779846 217.6709 
  0.9621392 212.3098 
  0.9717848 208.1162 
  0.980197 205.0254 
  0.9768351 201.9805 
  0.9709947 199.9758 
  0.916635 198.9809 
  0.8805828 195.0505 
  0.7693205 190.2465 
  0.8070059 189.3 
  0.7999552 188.3582 
  0.8143144 188.3582 
  0.8593439 188.3582 
  0.8921995 188.3582 
  0.9133223 188.3582 
  0.9577837 188.3582 
  0.9723012 188.3582 
  0.9810091 188.3582 
  0.9797339 188.3582 
  0.9868373 189.3 
  0.9771517 190.2465 
  0.9031617 192.1537 
  0.7397678 194.0801 
  0.5596431 196.0257 
  0.1697028 197.9909 
  0.1431398 200.9756 
  0.1606755 204.0054 
  -0.1789031 206.0505 
  -0.008863434 209.1568 
  -0.2437771 211.2535 
  -0.1144902 213.3714 
  -0.2138341 215.5104 
  0.6529185 218.7592 
  0.8666919 222.057 
  0.9401726 225.4046 
  0.9620863 229.9466 
  0.9815919 235.753 
  0.996575 236.9318 
  0.9940804 234.5801 
  0.9963595 233.4131 
  0.9971939 232.2518 
  0.9964917 229.9466 
  0.9975475 228.8026 
  0.9976716 227.6642 
  0.9989369 226.5316 
  0.9982701 227.6642 
  0.9957033 227.6642 
  0.9781639 227.6642 
  0.9491978 227.6642 
  0.7539952 227.6642 
  -0.004607791 228.8026 
  0.5752701 229.9466 
  0.02342716 231.0963 
  -0.04044197 232.2518 
  0.05318371 233.4131 
  0.7423543 234.5801 
  0.9138627 234.5801 
  0.9644353 232.2518 
  0.9943429 229.9466 
  0.9986464 228.8026 
  0.9924588 227.6642 
  0.9785612 225.4046 
  0.9588141 223.1673 
  0.9096777 222.057 
  0.6687621 222.057 
  0.6425804 222.057 
  0.4970272 222.057 
  0.4051017 222.057 
  -0.4066541 223.1673 
  0.6590037 223.1673 
  0.7989319 222.057 
  0.8950934 216.5879 
  0.9216789 211.2535 
  0.9458474 207.0808 
  0.9345536 201.9805 
  0.9335918 197.0059 
  0.9600387 192.1537 
  0.9791823 189.3 
  0.9909643 186.4887 
  0.9868627 185.5609 
  0.9901702 182.8051 
  0.9887203 180.9906 
  0.9327883 179.1942 
  0.8723625 178.3027 
  0.4052024 178.3027 
  0.1487484 179.1942 
  0.2239813 180.0902 
  0.536339 183.7191 
  0.7731364 184.6377 
  0.976926 185.5609 
  0.9446497 185.5609 
  0.836324 184.6377 
  0.5430541 184.6377 
  0.180873 184.6377 
  0.09737673 184.6377 
  -0.1865393 184.6377 
  -0.3007366 184.6377 
  -0.2271819 184.6377 
  -0.2428578 184.6377 
  0.02124505 184.6377 
  -0.009764476 184.6377 
  -0.08183725 184.6377 
  0.07636422 184.6377 
  0.1202148 184.6377 
  0.5093732 184.6377 
  0.1956875 184.6377 
  -0.1282999 184.6377 
  -0.101676 184.6377 ]
