 [
  -0.05645665 111.0151 
  -0.3446822 111.0151 
  -0.08267105 111.0151 
  -0.02400477 111.0151 
  -0.0604658 111.0151 
  0.124276 111.0151 
  -0.03812912 111.0151 
  0.08937567 111.0151 
  0.03827597 111.0151 
  0.1701038 111.0151 
  0.189556 111.0151 
  -0.02922216 111.0151 
  0.01402514 111.0151 
  0.002733404 111.0151 
  -0.02053069 111.0151 
  0.2451158 111.0151 
  0.1183085 111.0151 
  0.1012006 111.0151 
  0.1538015 111.0151 
  0.01372138 111.0151 
  0.1589153 110.4628 
  0.09180617 109.9132 
  0.5257446 112.6886 
  0.7482088 113.8184 
  0.9836434 114.3874 
  0.986698 113.2521 
  0.994422 112.128 
  0.9972432 111.5702 
  0.9977688 111.5702 
  0.9879436 112.6886 
  0.973397 114.3874 
  0.9773704 116.1118 
  0.9801726 117.8622 
  0.9893014 119.639 
  0.9887553 121.4426 
  0.9825218 122.6601 
  0.9736097 124.5092 
  0.9594837 127.0181 
  0.9444264 130.2255 
  0.968542 133.5138 
  0.984494 136.2042 
  0.9907956 138.2575 
  0.9954969 138.9488 
  0.9908569 138.2575 
  0.9818392 136.8852 
  0.9639757 134.1814 
  0.9334489 131.531 
  0.8673313 128.2915 
  0.9118319 124.5092 
  0.9293532 122.6601 
  0.877802 122.0498 
  0.8606612 121.4426 
  0.8979198 122.0498 
  0.8905631 122.0498 
  0.8659943 122.0498 
  0.7479442 122.0498 
  0.4412368 122.6601 
  0.9300033 123.2734 
  0.1496373 123.8897 
  0.08209811 124.5092 
  0.1381595 125.1317 
  -0.007673578 125.7574 
  0.7251672 131.531 
  0.8928147 131.531 
  0.9714151 130.2255 
  0.973318 128.2915 
  0.971401 125.7574 
  0.9741724 122.6601 
  0.9855519 120.2372 
  0.9952021 119.0438 
  0.9969219 117.8622 
  0.9966406 117.2759 
  0.99532 116.6924 
  0.9920892 116.1118 
  0.9909191 116.1118 
  0.9743085 115.5342 
  0.9063394 113.8184 
  0.7269529 112.128 
  0.3532453 111.5702 
  0.3824239 113.2521 
  0.2050497 114.9594 
  0.003455086 116.6924 
  0.5101232 118.4515 
  0.2143335 119.0438 
  0.2695402 119.639 
  0.009572155 120.2372 
  0.7217675 121.4426 
  0.8729839 120.2372 
  0.9450277 118.4515 
  0.9413514 116.1118 
  0.9425912 116.1118 
  0.9245288 114.9594 
  0.9739635 114.3874 
  0.9846649 114.3874 
  0.9838719 116.1118 
  0.9811297 117.2759 
  0.9846849 119.0438 
  0.9856446 120.2372 
  0.9820092 121.4426 
  0.9826775 122.6601 
  0.9820359 123.2734 
  0.9927448 125.1317 
  0.9971003 125.1317 
  0.9970307 125.1317 
  0.9951854 124.5092 
  0.9887786 123.8897 
  0.9791418 122.0498 
  0.9819013 120.8384 
  0.9911137 120.2372 
  0.983915 120.8384 
  0.9646654 122.6601 
  0.945159 124.5092 
  0.9464343 125.7574 
  0.9351754 125.1317 
  0.9631972 123.8897 
  0.9628103 122.0498 
  0.9556339 120.8384 
  0.9758223 119.0438 
  0.9832487 117.8622 
  0.9890317 117.2759 
  0.9897384 116.6924 
  0.9862171 116.6924 
  0.9825247 116.6924 
  0.9853036 116.6924 
  0.9883156 117.2759 
  0.9928387 117.8622 
  0.9970519 118.4515 
  0.9925929 118.4515 
  0.9577863 117.2759 
  0.9170216 114.9594 
  0.8836153 111.5702 
  0.780776 107.7421 
  0.5644296 105.0885 
  0.1075283 105.0885 
  0.4340199 105.614 
  0.500129 106.142 
  0.4432214 107.2061 
  0.7490512 107.7421 
  0.8982447 108.2809 
  0.9480761 107.7421 
  0.9612064 107.2061 
  0.9685748 107.2061 
  0.9920001 107.7421 
  0.9948622 107.7421 
  0.9929422 106.6728 
  0.9774246 106.142 
  0.95102 105.0885 
  0.9016902 104.5657 
  0.487671 105.614 
  0.1230121 107.7421 
  -0.04028262 110.4628 
  0.7389807 112.128 
  0.8803216 110.4628 
  0.9611508 109.9132 
  0.9778454 108.8223 
  0.981805 108.8223 
  0.9802863 108.8223 
  0.9545007 108.8223 
  0.9532384 108.8223 
  0.9551159 108.8223 
  0.9676619 109.3664 
  0.9686418 108.8223 
  0.9841015 108.8223 
  0.9843207 108.8223 
  0.9690435 109.3664 
  0.9329442 110.4628 
  0.956821 112.128 
  0.9773813 112.128 
  0.9784387 111.5702 
  0.9705062 110.4628 
  0.944137 109.3664 
  0.9450516 108.2809 
  0.9797171 107.2061 
  0.9948491 106.6728 
  0.9945899 106.6728 
  0.9892142 107.2061 
  0.9869832 107.7421 
  0.9664668 107.7421 
  0.9555005 107.7421 
  0.9725733 107.7421 
  0.9715346 107.7421 
  0.9423464 108.2809 
  0.9592939 109.3664 
  0.9196905 109.9132 
  0.784017 110.4628 
  0.7752548 109.3664 
  0.7663113 108.2809 
  0.8242507 106.6728 
  0.8500568 104.5657 
  0.9360493 103.5278 
  0.9208291 102.5003 
  0.8583666 101.4829 
  0.9160334 100.4756 
  0.9177659 99.47836 
  0.8621163 98.491 
  0.8961163 98.00098 
  0.9008042 98.00098 
  0.928915 98.00098 
  0.9604912 98.00098 
  0.9661729 97.51342 
  0.9671558 97.51342 
  0.9098051 97.02828 
  0.6580207 97.02828 
  0.3438934 99.47836 
  0.5400191 99.97575 
  0.5788271 99.97575 
  0.1621512 99.97575 
  0.1115223 99.97575 
  -0.03284484 100.4756 
  -0.02688385 100.978 
  -0.02526895 101.4829 
  -0.1843256 101.9903 
  -0.02945072 101.9903 
  0.1034612 101.9903 
  0.1233443 101.9903 
  0.08207729 101.9903 
  0.1447891 101.4829 
  -0.07921086 100.978 
  0.5945264 100.4756 
  0.7629208 100.4756 
  0.9504008 99.97575 
  0.9427658 98.98344 
  0.9345415 98.00098 
  0.8804576 98.00098 
  0.7955684 98.00098 
  0.4642138 98.00098 
  0.1755007 98.00098 
  0.06425111 98.00098 
  0.113134 98.00098 
  -0.1394161 98.00098 
  -0.243862 98.00098 
  -0.001344568 98.00098 
  0.2066484 98.00098 
  0.1266428 98.00098 
  0.1055845 98.491 
  0.08969214 98.98344 
  0.2270301 98.98344 
  0.6304118 98.491 
  0.9103799 98.00098 
  0.7239878 97.02828 
  0.8175598 96.54556 
  0.8812297 96.54556 
  0.9251162 96.06523 
  0.9585918 95.5873 
  0.9715145 95.5873 
  0.9225209 96.06523 
  0.8081807 97.02828 
  0.8636464 97.51342 
  0.8867193 97.51342 
  0.9241776 97.02828 
  0.8982958 97.51342 
  0.7786353 98.491 
  0.9321097 99.97575 
  0.979275 100.4756 
  0.9633569 101.4829 
  0.9582844 101.9903 
  0.9730673 102.5003 
  0.9371759 101.9903 
  0.5956893 101.4829 
  0.3173028 98.491 
  0.35035 95.5873 
  0.1822668 100.4756 
  0.06176502 100.978 
  0.05597797 100.978 
  -0.02030981 101.4829 
  0.03567926 101.9903 
  -0.03874012 102.5003 
  0.1118849 103.0128 
  0.2317595 103.5278 
  0.2450738 104.0455 
  0.09044801 104.0455 
  0.1251915 104.0455 
  0.1147577 104.0455 
  -0.1350436 104.0455 
  -0.05597489 104.0455 
  -0.1316758 104.5657 
  0.2192856 105.0885 
  0.1185403 105.614 
  0.08470394 106.142 
  -0.08993806 106.142 
  0.5196008 104.5657 
  0.7242206 104.5657 
  0.79327 103.5278 
  0.6062046 100.978 
  0.4589673 95.11173 
  0.6525112 90.93677 
  0.6603984 89.58624 
  0.7941 89.14054 
  0.8628051 88.69706 
  0.7244707 88.69706 
  0.5709165 89.14054 
  0.2420549 88.69706 
  0.2655612 88.25578 
  0.4266827 87.3798 
  -0.3098978 87.3798 
  -0.2325266 87.3798 
  -0.3281334 87.3798 
  -0.2079396 87.3798 
  0.05709567 87.3798 
  -0.1026285 87.3798 
  0.1003426 87.3798 
  -0.09413026 87.3798 
  -0.1824686 87.3798 
  -0.003207195 87.3798 
  0.02041221 87.3798 
  0.02385357 87.3798 ]
