 [
  0.008568935 112.128 
  -0.1030196 112.128 
  0.05514171 112.128 
  0.08564278 112.128 
  0.1273113 112.128 
  0.02542294 112.128 
  -0.02222297 112.128 
  -0.05118586 112.128 
  0.08962175 112.128 
  -0.06137748 112.128 
  -0.1493352 112.128 
  -0.2703112 112.128 
  0.01187744 112.128 
  0.107317 112.128 
  -0.1038283 112.128 
  -0.03932995 112.128 
  0.3010141 112.128 
  0.1905583 112.128 
  0.1401676 112.128 
  -0.06343708 112.128 
  0.02463156 112.128 
  0.04887909 112.128 
  0.1780588 112.128 
  0.1618181 112.128 
  0.08263826 112.128 
  0.2486958 112.128 
  0.2054569 112.128 
  0.128037 112.128 
  0.1339528 112.128 
  0.125313 112.128 
  -0.004623432 112.128 
  -0.2329405 112.128 
  0.1001538 111.5702 
  0.3367817 111.5702 
  0.6232126 106.6728 
  0.6532188 109.3664 
  0.9319103 110.4628 
  0.9749732 110.4628 
  0.9540264 111.0151 
  0.9893238 111.5702 
  0.9928983 112.128 
  0.9836154 112.128 
  0.9885057 112.6886 
  0.9915438 113.2521 
  0.9911829 113.8184 
  0.9837853 113.2521 
  0.9875223 112.6886 
  0.9720801 112.128 
  0.9539272 111.0151 
  0.952659 109.3664 
  0.9410338 108.2809 
  0.962777 106.6728 
  0.9538213 105.0885 
  0.9652854 104.0455 
  0.9840169 103.5278 
  0.9651721 102.5003 
  0.9646574 101.4829 
  0.9837445 100.978 
  0.9617341 101.4829 
  0.9818276 102.5003 
  0.9875036 102.5003 
  0.9931933 103.0128 
  0.9896724 102.5003 
  0.9915711 101.9903 
  0.9781044 101.4829 
  0.906688 100.978 
  0.8385783 99.47836 
  0.7684565 98.00098 
  0.7580084 98.491 
  0.491273 100.4756 
  0.5874426 102.5003 
  0.8381518 105.0885 
  0.8843254 106.6728 
  0.948532 106.6728 
  0.9480357 106.6728 
  0.9744745 106.142 
  0.9894361 105.614 
  0.9860352 105.614 
  0.9733966 106.142 
  0.9393046 106.142 
  0.8250224 106.142 
  0.7376905 104.5657 
  -0.3108898 102.5003 
  -0.2388967 101.9903 
  0.6124123 101.4829 
  0.410586 100.978 
  0.1600184 100.4756 
  -0.229304 99.97575 
  -0.2488933 99.47836 
  -0.00748104 98.98344 
  0.09480058 98.98344 
  0.6219054 98.491 
  0.7209813 97.02828 
  0.8717506 95.5873 
  0.9357731 93.23304 
  0.9360719 91.84841 
  0.9404193 90.48434 
  0.9432929 89.58624 
  0.9080386 89.14054 
  0.8750814 89.58624 
  0.891891 90.93677 
  0.8577738 93.6992 
  0.8659608 96.54556 
  0.8279651 99.97575 
  0.8886626 103.0128 
  0.9522214 103.5278 
  0.9798204 104.5657 
  0.991001 104.0455 
  0.9804966 103.5278 
  0.988092 102.5003 
  0.9909738 102.5003 
  0.9884032 102.5003 
  0.9867003 102.5003 
  0.9585459 101.9903 
  0.8746733 99.97575 
  0.7537178 97.02828 
  0.4627574 95.11173 
  0.07528877 94.63854 
  -0.08910268 94.1677 
  -0.03896681 93.6992 
  -0.06489373 92.7692 
  -0.08806951 91.84841 
  -0.08025782 90.93677 
  0.04228647 90.03418 
  0.2476749 89.14054 
  0.005609659 88.25578 
  0.0510885 87.3798 
  0.1308437 86.51251 
  0.4981759 86.0821 
  0.6454182 87.3798 
  0.8458086 89.14054 
  0.8983067 89.14054 
  0.9386444 88.69706 
  0.9564167 88.69706 
  0.9247134 88.69706 
  0.9256632 89.14054 
  0.9652798 89.58624 
  0.9550192 90.03418 
  0.9399932 90.03418 
  0.9365677 89.58624 
  0.9293327 89.14054 
  0.8812413 88.69706 
  0.7993108 88.25578 
  0.6944702 88.25578 
  0.6774701 88.25578 
  0.5792774 88.25578 
  0.4139862 88.25578 
  0.04464316 88.25578 
  -0.4498116 88.25578 
  -0.1926058 88.25578 
  -0.05933661 88.25578 
  -0.06891614 88.25578 
  -0.1327777 88.25578 
  -0.1719149 88.25578 
  0.3074498 87.8167 
  0.362774 87.3798 
  0.1949089 87.3798 
  0.07389081 87.3798 
  -0.02145286 87.3798 
  -0.04589488 87.3798 
  0.1725852 87.3798 
  0.3008037 86.94508 
  0.3979226 86.51251 
  0.2365302 86.0821 
  0.09604192 86.0821 
  0.06266958 86.0821 
  -0.01093284 85.65383 
  -0.05334235 85.2277 
  0.09331766 85.2277 
  -0.04194522 85.2277 
  -0.06554728 85.2277 
  -0.1480193 85.2277 
  -0.06013306 85.2277 
  0.06399061 85.2277 
  0.1337524 85.2277 
  0.08868812 85.2277 
  0.1712306 85.2277 
  0.1426512 85.2277 
  -0.02456097 85.2277 
  0.076114 85.2277 
  0.1775301 85.2277 
  0.06773794 85.2277 
  -0.1629668 85.2277 
  -0.2880835 85.2277 
  -0.1010357 85.2277 
  -0.09420551 85.2277 
  0.1398943 85.2277 
  -0.005003381 85.2277 
  -0.1338487 85.2277 
  -0.04762746 85.2277 
  -0.04722593 85.2277 
  0.222863 85.2277 
  0.1089378 85.2277 
  0.03025404 85.2277 
  -0.02796965 85.2277 
  -0.05694104 85.2277 
  -0.1077474 85.2277 
  0.5943146 85.2277 
  0.7115271 84.80367 
  0.9448994 85.2277 
  0.9383661 85.65383 
  0.959379 86.0821 
  0.9406545 86.0821 
  0.9319445 86.0821 
  0.8973228 86.51251 
  0.8590484 87.8167 
  0.8695176 90.03418 
  0.8232329 92.7692 
  0.9279264 94.1677 
  0.9101405 93.6992 
  0.8813429 92.30766 
  0.9199276 90.48434 
  0.8861576 88.69706 
  0.8550865 86.94508 
  0.8108262 86.51251 
  0.5222371 86.94508 
  0.3042516 88.25578 
  0.1490349 90.03418 
  0.3476319 92.30766 
  0.620595 95.5873 
  0.7588153 99.47836 
  0.8397002 99.47836 
  0.7734303 98.98344 
  0.882559 98.491 
  0.9467885 98.491 
  0.9537134 99.47836 
  0.9501382 99.97575 
  0.9599458 100.4756 
  0.9533644 100.4756 
  0.9669815 100.4756 
  0.9806002 100.4756 
  0.9676112 100.4756 
  0.9678771 99.97575 
  0.9561394 99.97575 
  0.948155 99.47836 
  0.9466792 98.98344 
  0.9339599 98.98344 
  0.9452003 98.491 
  0.9546213 98.00098 
  0.9572868 97.02828 
  0.9817451 96.06523 
  0.9888037 95.11173 
  0.9944481 94.63854 
  0.9977874 94.63854 
  0.9969617 94.63854 
  0.9913654 94.63854 
  0.9913226 94.1677 
  0.9777665 93.23304 
  0.9660304 92.30766 
  0.9650505 91.39146 
  0.9842994 90.48434 
  0.9877582 90.48434 
  0.9776419 91.39146 
  0.9699629 91.84841 
  0.9652494 92.7692 
  0.9656796 93.6992 
  0.9474428 94.1677 
  0.9388269 95.11173 
  0.9614514 95.5873 
  0.9495825 96.06523 
  0.9853724 96.54556 
  0.9847592 96.06523 
  0.9894814 95.5873 
  0.9907999 95.5873 
  0.9794341 95.5873 
  0.9853659 95.11173 
  0.9776835 94.63854 
  0.966966 94.63854 
  0.95406 94.1677 
  0.9679674 93.6992 
  0.9734308 93.6992 
  0.9719557 94.1677 
  0.9828265 95.11173 
  0.9918132 95.5873 
  0.9884976 95.11173 
  0.9843756 94.63854 
  0.9743387 93.6992 
  0.9375748 92.7692 
  0.8699098 91.39146 
  0.7644048 89.58624 
  0.4490339 88.25578 
  0.2139392 87.8167 
  0.3359581 87.8167 
  0.4622766 88.25578 
  0.7487822 89.14054 
  0.8678895 90.03418 
  0.8489696 90.93677 
  0.7317123 92.30766 
  0.4424745 94.1677 
  0.6489233 90.48434 
  0.8028554 90.03418 
  0.8953609 90.03418 
  0.9095899 89.14054 
  0.9707907 89.14054 
  0.9452791 88.69706 
  0.962476 87.8167 
  0.9464402 87.8167 
  0.9221339 87.8167 
  0.9442689 88.25578 
  0.9586785 88.69706 
  0.9457902 89.14054 
  0.9191177 89.14054 
  0.9132575 89.58624 
  0.9296707 90.03418 
  0.9204282 90.48434 
  0.9554287 90.93677 
  0.8736619 91.84841 
  0.9429924 93.23304 
  0.9758025 93.6992 
  0.9394367 94.1677 
  0.9273531 95.11173 
  0.9336897 96.06523 
  0.9473944 96.54556 
  0.9398394 97.51342 
  0.9410002 98.00098 
  0.9556839 98.491 
  0.943924 98.491 
  0.9469715 98.491 
  0.9357123 98.491 
  0.8967732 98.00098 
  0.8165587 97.02828 
  0.7573617 94.63854 
  0.7668011 91.39146 
  0.5542219 90.03418 
  0.3034597 90.03418 
  0.2162752 90.03418 
  0.1784605 90.03418 
  0.01933442 90.03418 
  0.006588073 90.03418 
  0.00417522 90.03418 
  0.1274275 90.03418 
  -0.06856935 90.03418 
  -0.02527793 90.03418 
  0.05422587 90.03418 
  0.357013 90.03418 
  0.06361206 90.03418 
  0.5662135 90.48434 
  0.8553721 91.84841 
  0.9507069 92.7692 
  0.9772398 92.30766 
  0.9613039 91.84841 
  0.9192536 90.93677 
  0.8595499 90.48434 
  0.665363 90.48434 
  0.2428839 90.93677 
  0.05407543 91.84841 
  0.1634173 92.7692 
  0.1163287 93.6992 
  0.004427385 94.63854 
  -0.031759 96.06523 
  -0.04270392 97.51342 
  0.1193703 98.98344 
  0.1493164 99.97575 
  0.03843485 101.4829 
  0.195452 104.0455 
  0.1712182 105.614 
  0.2384559 106.6728 
  0.05587135 107.7421 
  0.7300047 107.2061 
  0.7366339 104.5657 
  0.8797951 104.5657 
  0.9341373 103.5278 
  0.935882 103.5278 
  0.9696482 103.5278 
  0.9631462 103.5278 
  0.9660434 103.0128 
  0.9811991 102.5003 
  0.9805315 102.5003 
  0.9784931 101.9903 
  0.9924253 101.9903 
  0.9944886 101.9903 
  0.9957389 101.9903 
  0.9925861 101.9903 
  0.9899216 101.4829 
  0.9845015 101.4829 
  0.9672362 100.978 
  0.940784 99.47836 
  0.8236752 98.00098 
  0.7221417 96.54556 
  0.4979004 95.11173 
  0.06550732 94.1677 
  0.05813573 93.23304 
  0.00615725 92.7692 
  0.1758747 92.30766 
  0.3347514 91.84841 
  0.1483735 90.93677 
  0.1823056 90.03418 
  0.2712663 89.14054 
  0.1995687 88.25578 
  0.2025074 87.3798 
  0.09136821 86.94508 
  -0.0559721 86.94508 
  0.2922678 86.51251 
  0.683818 88.25578 
  0.4616149 90.48434 
  0.6057122 93.23304 
  0.9462968 94.63854 
  0.8387729 95.5873 
  0.8666962 97.51342 
  0.9418294 98.491 
  0.9516708 98.98344 
  0.9655 98.491 
  0.9728426 98.491 
  0.960054 98.491 
  0.9485749 98.00098 
  0.8604133 96.54556 
  0.7119067 95.11173 
  0.6982386 91.84841 
  0.204271 91.39146 
  -0.3619627 91.39146 
  -0.05637526 91.39146 
  0.1372779 91.39146 
  0.04658844 91.39146 
  -0.1266833 91.39146 
  -0.09709314 91.39146 
  -0.05050331 91.39146 
  0.07816701 91.39146 
  0.2069776 91.39146 
  0.3000485 91.39146 
  0.2562318 91.39146 
  0.08206747 91.39146 
  0.3004757 91.39146 
  0.1760783 92.30766 
  0.2322074 89.58624 
  0.7952413 86.0821 
  0.9204009 84.80367 
  0.9550134 83.96195 
  0.9422565 83.54424 
  0.8505527 83.12859 
  0.5519507 83.12859 
  0.398165 83.12859 
  0.2914138 83.54424 
  0.2444278 83.96195 
  0.1041891 84.38177 
  0.1114267 85.2277 
  0.01629026 86.0821 
  -0.01478431 86.94508 
  0.4290317 87.8167 
  0.5301132 88.69706 
  0.8067152 89.14054 
  0.9246835 88.25578 
  0.9602864 87.3798 
  0.9707748 86.94508 
  0.977579 86.51251 
  0.9835476 86.0821 
  0.985157 86.0821 
  0.9165864 85.65383 
  0.791674 84.38177 
  0.8471524 82.71502 
  0.825538 82.3035 
  0.6038074 83.12859 
  0.6047791 85.2277 
  0.6869208 88.25578 
  0.8857549 90.48434 
  0.8386222 89.14054 
  0.8489313 87.8167 
  0.9555314 86.51251 
  0.9456741 85.65383 
  0.7339869 85.2277 
  0.1939372 84.38177 
  0.4561702 84.80367 
  0.7649645 85.2277 
  0.7291255 86.0821 
  0.7500752 86.94508 
  0.3255593 87.8167 
  -0.1497438 88.69706 
  0.2168534 90.03418 
  0.732635 91.84841 
  0.7432034 94.63854 
  0.8803311 94.63854 
  0.9414272 94.63854 
  0.9794022 94.63854 
  0.9778544 94.63854 
  0.9891204 95.11173 
  0.9704353 95.5873 
  0.97719 95.5873 
  0.9826537 95.5873 
  0.9808263 94.63854 
  0.9739549 94.1677 
  0.9224792 93.23304 
  0.9220344 91.84841 
  0.8504931 90.03418 
  0.8957248 88.25578 
  0.9141548 87.8167 
  0.9602289 86.94508 
  0.9108684 85.65383 
  0.8636208 83.96195 
  0.9059759 81.89403 
  0.9208306 79.47963 
  0.9007353 77.5221 
  0.9037956 75.61279 
  0.9104704 74.48985 
  0.7904699 73.38358 
  0.6276165 73.38358 
  0.7854909 74.11925 
  0.8001171 75.2366 
  0.9131989 75.99085 
  0.946811 75.99085 
  0.9298475 75.61279 
  0.9490324 75.2366 
  0.9766701 74.86229 
  0.863387 73.7505 
  0.8651668 72.6552 
  0.8225722 71.93407 
  0.9322504 71.22009 
  0.902585 71.22009 
  0.8468919 71.57619 
  0.8252906 71.93407 
  0.7795175 72.29374 
  0.7870157 72.6552 
  0.8296232 73.01849 
  0.9330851 73.01849 
  0.8926466 73.01849 
  0.8114808 73.01849 
  0.2706158 73.01849 
  0.02404838 73.01849 
  -0.06118356 73.01849 
  -0.08133832 73.01849 
  -0.0329148 73.01849 
  -0.07374771 73.01849 
  -0.1571829 73.01849 
  0.00789048 73.01849 
  0.1225085 73.01849 
  0.05430566 73.38358 
  0.1093728 73.7505 
  0.1762054 73.7505 
  -0.01720311 73.7505 
  0.1434234 73.7505 
  0.2965535 73.7505 
  0.03902172 73.7505 
  -0.166565 73.7505 
  -0.04267418 73.7505 
  0.145478 73.7505 
  0.1656137 73.7505 
  0.06579004 73.7505 
  -0.09792337 73.7505 
  0.102077 73.7505 
  -0.03501956 73.7505 
  -0.01954379 73.7505 ]
