 [
  -0.1651561 113.8184 
  -0.05129189 113.8184 
  -0.08234603 113.8184 
  0.1807741 113.8184 
  -0.02430267 113.8184 
  -0.1552114 113.8184 
  -0.07525215 113.8184 
  0.1231957 113.8184 
  -0.05370506 113.8184 
  -0.003680035 113.8184 
  0.02499988 113.8184 
  0.08401363 113.8184 
  -0.05370048 113.8184 
  0.08935566 113.8184 
  0.004463917 113.8184 
  0.009882674 113.8184 
  -0.07422322 113.8184 
  -0.08250483 113.8184 
  -0.1287808 113.8184 
  -0.08331791 113.8184 
  0.04245038 113.8184 
  0.06112278 113.8184 
  -0.004113707 113.8184 
  0.1001675 113.8184 
  -0.007416694 113.8184 
  -0.2238012 113.8184 
  -0.3311 113.8184 
  -0.2538679 113.8184 
  -0.1121575 113.8184 
  0.003313263 113.8184 
  -0.04957743 113.8184 
  -0.0006103236 113.8184 
  -0.2085714 113.8184 
  -0.0484324 113.8184 
  -0.06034646 113.8184 
  0.0824426 113.8184 
  0.1842118 113.8184 
  -0.02719554 113.8184 
  0.2281513 113.8184 
  0.05042137 113.8184 
  0.004135595 113.8184 
  0.02486895 113.8184 
  0.02770681 113.8184 
  -0.09774855 113.8184 
  0.1052408 113.8184 
  0.3897837 115.5342 
  0.5233144 116.1118 
  0.04129048 116.1118 
  0.1095881 117.2759 
  0.4059056 119.0438 
  0.1375307 120.8384 
  0.1195737 122.6601 
  -0.1138153 124.5092 
  -0.1226723 125.7574 
  -0.03452526 127.0181 
  -0.05920926 128.2915 
  0.4413681 129.5776 
  0.3451117 130.2255 
  0.2601216 132.8496 
  0.6928877 138.9488 
  0.8243681 140.3417 
  0.8798307 141.7487 
  0.8088638 145.328 
  0.8506273 148.2564 
  0.8615406 152.0001 
  0.9107445 154.2915 
  0.9288083 157.4006 
  0.9668854 158.9785 
  0.9269 158.9785 
  0.8514745 158.9785 
  0.6946649 155.8383 
  0.06528438 158.1876 
  0.1128755 159.7734 
  0.5692999 161.3751 
  0.560271 162.9929 
  0.3300566 164.6269 
  -0.07164799 166.2773 
  0.3333867 167.9442 
  0.04479162 169.6279 
  0.3139446 171.3284 
  0.3336889 173.046 
  0.7358298 173.046 
  0.5548863 168.784 
  0.6491166 165.4501 
  0.75245 151.2439 
  0.9106266 146.7849 
  0.9068906 142.4574 
  0.9380257 138.9488 
  0.9407657 135.5266 
  0.9533366 134.1814 
  0.8385699 133.5138 
  0.7150751 129.5776 
  0.8009705 127.0181 
  0.9340831 124.5092 
  0.918043 122.6601 
  0.919606 120.2372 
  0.9205271 119.0438 
  0.930346 117.8622 
  0.9219393 117.8622 
  0.9726645 117.2759 
  0.9607741 116.1118 
  0.9244192 114.3874 
  0.7464938 112.6886 
  0.3247198 112.128 
  -0.09011737 112.128 
  -0.1676187 112.128 
  -0.05686069 112.128 
  -0.01870279 111.5702 
  0.03948128 111.0151 
  0.0790307 111.0151 
  -0.1355722 111.0151 
  -0.1041825 111.0151 
  -0.1047179 111.0151 
  0.1096403 111.0151 
  0.3075885 111.0151 
  0.5424197 109.9132 
  0.6687449 108.8223 
  0.8395023 107.2061 
  0.8664296 106.142 
  0.8933854 105.614 
  0.9685781 106.142 
  0.9724969 106.6728 
  0.9647145 107.7421 
  0.9627386 108.8223 
  0.9638647 109.9132 
  0.8787465 110.4628 
  0.6056462 111.0151 
  0.1338217 112.128 
  -0.07796822 113.2521 
  -0.317883 114.3874 
  -0.04524716 115.5342 
  0.01009108 116.6924 
  -0.01909263 117.8622 
  -0.09858815 119.639 
  0.08886904 121.4426 
  0.7350134 123.2734 
  0.6873604 120.2372 
  0.7850441 118.4515 
  0.8750286 116.1118 
  0.82765 114.9594 
  0.749854 113.8184 
  0.9653391 113.2521 
  0.990422 112.6886 
  0.9734204 112.128 
  0.9591584 111.5702 
  0.9406769 111.5702 
  0.9104588 112.128 
  0.5896799 113.2521 
  0.7955064 115.5342 
  0.8343746 115.5342 
  0.9362384 115.5342 
  0.9814074 115.5342 
  0.9858458 115.5342 
  0.9341533 116.6924 
  0.9527301 118.4515 
  0.9804849 119.639 
  0.988019 120.8384 
  0.9930191 121.4426 
  0.9924715 122.0498 
  0.9904736 122.0498 
  0.9148163 122.0498 
  0.8073857 121.4426 
  0.7057821 119.0438 
  0.05019062 117.8622 
  0.9527758 116.6924 
  0.9354638 115.5342 
  0.9012033 114.9594 
  0.8983968 114.3874 
  0.9098172 113.8184 
  0.8606135 113.8184 
  0.2594746 114.3874 
  0.3803633 117.2759 
  0.5439875 112.128 
  0.7378395 109.9132 
  0.8948058 109.3664 
  0.9374529 108.8223 
  0.9635514 108.2809 
  0.9586285 108.2809 
  0.9472487 108.8223 
  0.8973363 109.3664 
  0.8177314 110.4628 
  0.8796723 112.128 
  0.8937289 112.6886 
  0.8921806 112.128 
  0.8558915 110.4628 
  0.8906306 109.3664 
  0.8683007 108.8223 
  0.8062339 110.4628 
  0.962368 112.6886 
  0.9778717 112.128 
  0.9876767 111.0151 
  0.9799297 110.4628 
  0.9872835 109.3664 
  0.9954538 108.8223 
  0.9952399 108.8223 
  0.994571 108.8223 
  0.9837091 108.2809 
  0.9109187 107.2061 
  0.7761876 107.2061 
  0.4410075 108.2809 
  -0.2422739 111.5702 
  0.3831349 114.3874 
  0.045212 117.8622 
  0.3453443 120.8384 
  0.3602611 123.8897 
  0.1104786 127.0181 
  -0.1356233 130.2255 
  -0.1331065 133.5138 
  0.04760924 136.8852 
  0.3200924 140.3417 
  -0.1128858 144.605 
  -0.214092 148.9977 
  0.0587329 152.7601 
  0.04970261 155.8383 
  -0.06052478 158.9785 
  0.7774344 162.182 
  0.8315855 159.7734 
  0.9382387 159.7734 
  0.8939706 161.3751 
  0.9054807 163.8079 
  0.9571247 166.2773 
  0.9721499 167.9442 
  0.97117 169.6279 
  0.9467908 170.476 
  0.92698 171.3284 
  0.8904803 171.3284 
  0.9758484 170.476 
  0.9681937 168.784 
  0.9472762 165.4501 
  0.6421419 160.5723 
  0.5905943 152.7601 
  0.6985626 148.2564 
  0.8088114 143.8855 
  0.531238 141.0434 
  0.4824188 138.2575 
  -0.0005778209 135.5266 
  0.02944163 132.8496 
  -0.005115152 130.2255 
  -0.1412937 127.6532 
  0.1302853 125.7574 
  0.219495 123.8897 
  0.06168179 122.0498 
  0.590785 121.4426 
  0.4849843 112.128 
  0.6605572 107.2061 
  0.8385226 104.5657 
  0.8465253 103.0128 
  0.8294857 100.4756 
  0.6359683 98.98344 
  -0.1083632 100.4756 
  0.1783164 101.9903 
  -0.05762666 103.5278 
  -0.05507692 104.5657 
  0.1994956 106.142 
  0.3066292 107.7421 
  -0.09256971 109.3664 
  -0.1949757 111.0151 
  -0.01546847 112.6886 
  0.2778918 113.8184 
  0.1130032 114.9594 
  0.2305044 116.1118 
  0.642162 116.1118 
  0.5028757 104.5657 
  0.7951253 104.0455 
  0.7170345 103.0128 
  0.8497995 100.978 
  0.9415934 99.97575 
  0.949655 100.4756 
  0.8116279 100.978 
  0.6645268 102.5003 
  0.8932431 104.0455 
  0.8122606 104.0455 
  0.7764526 103.0128 
  0.6684676 100.978 
  0.05814927 103.0128 
  0.402423 105.0885 
  0.1800422 107.7421 
  -0.1339362 110.4628 
  -0.09495296 113.2521 
  -0.1189588 116.1118 
  0.1170053 119.0438 
  0.1650437 122.0498 
  0.2255012 123.8897 
  0.4810457 121.4426 
  0.7402459 120.8384 
  0.7901821 119.639 
  0.5420263 117.2759 
  0.9055256 113.8184 
  0.9245192 111.5702 
  0.905511 109.9132 
  0.6389145 109.3664 
  0.6699393 108.2809 
  0.8157606 108.2809 
  0.9224297 108.8223 
  0.8334217 110.4628 
  0.8149831 112.128 
  0.8107366 113.8184 
  0.7825104 116.1118 
  0.8539386 117.8622 
  0.8540127 118.4515 
  0.7031568 117.8622 
  0.622538 115.5342 
  0.261169 112.128 
  0.2137984 112.128 
  -0.1599577 112.6886 
  -0.09034432 113.2521 
  0.08195406 113.8184 
  0.09939611 114.9594 
  0.2087695 116.1118 
  0.1353065 116.6924 
  0.2748815 117.2759 
  0.18019 117.8622 
  0.09089068 118.4515 
  0.226869 119.0438 
  -0.142774 119.639 
  0.5253854 120.8384 
  0.6522411 118.4515 
  0.7786866 115.5342 
  0.7844644 111.5702 
  0.7734798 108.8223 
  0.6988374 106.6728 
  0.6156634 105.0885 
  0.436454 105.614 
  0.1002786 106.6728 
  0.3546989 108.2809 
  0.7763236 109.9132 
  0.8833076 112.128 
  0.8037689 113.8184 
  0.8851981 113.8184 
  0.921681 113.2521 
  0.9446626 112.6886 
  0.8931739 111.5702 
  0.8743224 109.9132 
  0.9523297 108.8223 
  0.9779398 108.2809 
  0.9849473 108.2809 
  0.9774219 108.2809 
  0.8241653 106.6728 
  0.8657499 105.614 
  0.9294175 106.142 
  0.9620482 106.6728 
  0.9720685 107.7421 
  0.9849238 107.7421 
  0.9256129 108.2809 
  0.852452 108.8223 
  0.8784187 109.3664 
  0.9554427 109.3664 
  0.979467 109.9132 
  0.974012 110.4628 
  0.9600729 111.5702 
  0.8965249 113.2521 
  0.8826939 114.9594 
  0.9226695 116.6924 
  0.9443923 117.8622 
  0.9597322 118.4515 
  0.9539217 119.0438 
  0.8935462 119.0438 
  0.8040733 118.4515 
  0.6232716 116.1118 
  0.2743091 112.6886 
  0.6244665 109.3664 
  0.2563729 106.142 
  0.1251991 103.0128 
  -0.01084612 99.97575 
  -0.07561323 97.02828 
  -0.02044038 94.1677 
  -0.3887933 91.39146 
  0.584498 88.69706 
  0.7330837 87.3798 
  0.769561 86.51251 
  0.8413391 85.65383 
  0.8081416 83.96195 
  0.8308372 82.71502 
  0.6862719 82.71502 
  0.4625813 82.71502 
  0.3958333 82.71502 
  0.1427991 82.71502 
  0.2201615 82.71502 
  -0.009842152 82.71502 
  0.1530084 82.71502 
  0.1153535 82.71502 
  0.2161942 82.71502 
  0.04940791 82.71502 
  -0.04919979 82.71502 
  -0.1511446 82.71502 
  -0.1329243 82.71502 
  -0.2097818 82.71502 ]
