 [
  0.06942564 122.6601 
  0.02466991 122.6601 
  0.1365424 122.6601 
  0.07823198 122.6601 
  -0.198562 122.6601 
  -0.06472315 122.6601 
  0.1892504 122.6601 
  0.2131419 122.6601 
  0.3187062 122.6601 
  0.320104 122.6601 
  0.4816908 122.6601 
  0.3955943 122.6601 
  -0.4675351 122.6601 
  0.4164468 120.8384 
  0.5120312 115.5342 
  0.9038839 112.6886 
  0.9098947 111.5702 
  0.6881449 108.2809 
  0.2613777 104.5657 
  0.3418207 99.97575 
  0.1229283 98.00098 
  0.1270113 99.47836 
  -0.0807356 98.98344 
  0.001606364 98.98344 
  0.5422055 99.47836 
  0.8282304 101.4829 
  0.8015619 105.0885 
  0.9061655 108.8223 
  0.9367685 111.0151 
  0.9504995 113.2521 
  0.9672285 114.9594 
  0.9507976 114.9594 
  0.9024233 114.3874 
  0.8264822 112.6886 
  0.7585174 111.5702 
  0.2921003 111.0151 
  0.08438799 110.4628 
  0.1274326 109.9132 
  0.1687214 109.3664 
  0.2185727 108.8223 
  0.3527747 108.2809 
  0.8031861 107.7421 
  0.818601 106.6728 
  0.8805402 105.614 
  0.8067696 104.0455 
  0.4178553 103.5278 
  -0.3112885 104.0455 
  -0.03333056 105.0885 
  0.02081809 106.142 
  0.1766892 106.6728 
  0.1699492 106.6728 
  0.5522707 106.6728 
  0.0940791 108.2809 
  -0.1012975 109.3664 
  0.06123404 111.0151 
  0.205093 112.128 
  0.118014 113.2521 
  0.2043552 114.3874 
  -0.07573514 114.9594 
  -0.1213453 115.5342 
  0.1285792 116.1118 
  -0.4028897 117.2759 
  -0.3007629 118.4515 
  0.02308453 119.639 
  -0.1972203 120.8384 
  -0.1665883 122.0498 
  -0.1748447 123.2734 
  0.4380485 124.5092 
  0.5360658 122.6601 
  0.6162305 132.1886 
  0.8198097 132.8496 
  0.9921483 132.8496 
  0.9946334 132.8496 
  0.9907198 133.5138 
  0.9871724 134.1814 
  0.9853263 134.8523 
  0.9871297 135.5266 
  0.9826492 136.8852 
  0.9835637 137.5696 
  0.9815397 138.2575 
  0.9783468 138.9488 
  0.9812877 139.6435 
  0.9733966 140.3417 
  0.9708386 138.9488 
  0.9808718 137.5696 
  0.9868253 136.2042 
  0.9780161 135.5266 
  0.9863281 134.1814 
  0.9874393 132.1886 
  0.9903171 130.8766 
  0.9669428 130.2255 
  0.9384584 129.5776 
  0.9448643 128.9329 
  0.8318772 128.2915 
  0.5318965 127.6532 
  0.1482637 126.3862 
  -0.09101608 125.1317 
  -0.2118081 123.8897 
  -0.149823 122.6601 
  -0.002754057 122.0498 
  -0.2375135 121.4426 
  0.1470334 120.8384 
  -0.2073256 120.2372 
  0.2612073 119.639 
  0.1654731 119.0438 
  0.03654145 118.4515 
  0.6452222 117.8622 
  0.340434 109.9132 
  0.710889 106.6728 
  0.9063725 104.5657 
  0.9150108 103.0128 
  0.8797956 101.9903 
  0.8564011 100.4756 
  0.8984769 100.4756 
  0.916573 100.978 
  0.8764809 101.4829 
  0.8772997 101.9903 
  0.8677648 103.0128 
  0.7671864 104.0455 
  0.8140263 105.614 
  0.4727379 106.142 
  0.6273932 107.7421 
  0.4803652 108.2809 
  0.4909051 116.6924 
  0.7063726 117.8622 
  0.814852 118.4515 
  0.9159632 119.0438 
  0.6529099 116.6924 
  0.6233622 113.2521 
  0.7983166 109.9132 
  0.9263924 109.3664 
  0.8601328 110.4628 
  0.9678161 111.0151 
  0.9677706 111.5702 
  0.9600772 111.5702 
  0.9146196 110.4628 
  0.9152608 108.2809 
  0.9605103 107.7421 
  0.9277636 107.7421 
  0.860539 107.2061 
  0.7723479 106.6728 
  0.7457489 106.142 
  0.7047436 105.0885 
  0.07683615 104.5657 
  -0.1005407 105.614 
  0.2227618 106.6728 
  0.1173202 107.7421 
  0.3247664 108.8223 
  0.5422404 109.3664 
  0.5847878 108.8223 
  0.5589653 106.142 
  0.6329647 104.0455 
  0.8078649 101.4829 
  0.8610622 100.4756 
  0.9439669 101.9903 
  0.9645469 103.5278 
  0.9680396 104.5657 
  0.8720761 106.142 
  0.787097 106.6728 
  0.7954044 106.6728 
  0.7968022 105.614 
  0.8526937 105.614 
  0.8728827 106.142 
  0.9420955 106.6728 
  0.9494341 107.2061 
  0.9651901 107.7421 
  0.9403265 107.7421 
  0.9685169 106.6728 
  0.9301077 106.6728 
  0.8861594 106.142 
  0.8459757 105.614 
  0.750961 104.5657 
  0.5306193 105.0885 
  0.2042431 105.614 
  0.1900063 106.142 
  0.03241338 106.142 
  0.02334992 106.142 
  -0.2085366 106.142 
  0.04888074 106.142 
  0.05913752 106.142 
  -0.01126054 106.142 
  -0.02488551 106.142 
  -0.008659936 106.142 
  -0.06772784 106.142 
  -0.1477222 106.6728 
  0.2231477 107.2061 
  0.1923512 107.2061 
  -0.2632806 107.2061 
  -0.1998931 107.2061 
  0.01039322 107.2061 
  -0.002174156 107.2061 
  0.2559685 107.2061 
  0.504506 104.0455 
  0.875201 101.9903 
  0.98498 100.978 
  0.9743158 100.4756 
  0.9630571 99.97575 
  0.8703706 99.97575 
  0.5704011 100.4756 
  0.105731 101.9903 
  -0.1086532 103.5278 
  -0.2700499 105.614 
  -0.2164611 107.7421 
  0.5639197 110.4628 
  0.8023887 113.8184 
  0.8373477 113.2521 
  0.8663779 112.6886 
  0.7457637 111.0151 
  0.764055 108.8223 
  0.9369001 108.2809 
  0.9677569 107.2061 
  0.9792656 107.2061 
  0.9739827 107.7421 
  0.9623902 108.2809 
  0.9615201 109.3664 
  0.9010049 110.4628 
  0.8841464 112.128 
  0.9322547 113.2521 
  0.8613784 113.8184 
  0.5148163 114.3874 
  0.2310822 117.2759 
  0.07908726 120.2372 
  0.1802461 123.2734 
  0.07767797 126.3862 
  -0.05893929 129.5776 
  0.02151932 133.5138 
  0.01941444 137.5696 
  -0.1278884 141.7487 
  0.1138787 146.0546 
  -0.03175918 149.7427 
  -0.05687153 154.2915 
  0.07171384 158.9785 
  -0.1613606 163.8079 
  -0.09776073 168.784 
  -0.1257084 173.9112 
  0.1399866 179.1942 
  -0.1870709 184.6377 
  0.03660126 190.2465 
  -0.0005769162 196.0257 
  0.09176014 201.9805 
  0.1223207 208.1162 
  0.04759802 214.4382 
  0.2580305 220.9523 
  0.419111 222.057 
  0.399509 227.6642 
  0.409299 236.9318 
  0.6633917 240.5036 
  0.7315218 244.1292 
  0.7986143 245.3498 
  0.8364075 250.2938 
  0.7657435 252.8029 
  0.6840621 257.8971 
  0.5501335 259.1866 
  0.6060448 255.3373 
  0.6349013 249.0485 
  0.7247602 247.8095 
  0.6747809 246.5766 
  0.6695932 247.8095 
  0.3902272 252.8029 
  0.5442395 252.8029 
  0.625439 252.8029 
  0.411835 252.8029 
  0.008329491 252.8029 
  -0.03644285 252.8029 
  -0.006778472 252.8029 
  0.2303153 252.8029 
  0.3527689 252.8029 
  0.2194148 252.8029 
  0.01988416 252.8029 
  0.1428253 252.8029 
  0.1780901 252.8029 
  0.1564456 252.8029 
  0.05764803 252.8029 
  0.2953436 252.8029 
  0.1291496 252.8029 
  0.06400588 252.8029 
  0.07597763 252.8029 
  -0.02604862 252.8029 
  0.00770508 252.8029 
  0.09993671 252.8029 
  0.1260429 252.8029 
  -0.07731415 252.8029 
  -0.06470407 252.8029 
  -0.1244843 252.8029 
  0.155035 252.8029 
  0.1703575 252.8029 
  0.2734073 252.8029 
  0.4705038 252.8029 
  0.8057572 252.8029 
  0.8072379 252.8029 
  0.7507623 252.8029 
  0.4577071 252.8029 
  0.5941287 252.8029 
  0.2453311 252.8029 
  0.2186053 252.8029 
  -0.02221108 252.8029 
  0.02804421 252.8029 
  -0.04402036 252.8029 
  -0.03187281 252.8029 
  0.01722785 252.8029 
  0.07270984 252.8029 
  0.1815084 252.8029 
  0.3211964 252.8029 
  0.3891182 252.8029 ]
