 [
  -0.3833856 251.5452 
  -0.4587107 251.5452 
  -0.4635266 251.5452 
  -0.08867873 251.5452 
  0.01738733 251.5452 
  0.007992653 251.5452 
  0.08613433 251.5452 
  -0.1511084 251.5452 
  -0.06527663 251.5452 
  0.3639183 251.5452 
  0.03245104 251.5452 
  0.1913825 251.5452 
  0.1897872 251.5452 
  0.3955711 251.5452 
  0.8793517 251.5452 
  0.8648928 252.8029 
  0.9377859 252.8029 
  0.986214 251.5452 
  0.9970087 252.8029 
  0.9831514 250.2938 
  0.9620565 245.3498 
  0.9248185 244.1292 
  0.6673773 246.5766 
  0.4900566 249.0485 
  0.0053478 251.5452 
  0.07830874 254.067 
  0.2250936 256.614 
  0.2635079 259.1866 
  0.1919902 260.4825 
  0.1653623 261.7849 
  0.7287019 263.0938 
  0.9234031 261.7849 
  0.9267524 255.3373 
  0.966143 251.5452 
  0.9879232 246.5766 
  0.9855371 242.9146 
  0.9841687 239.307 
  0.9873427 236.9318 
  0.9909577 234.5801 
  0.9931841 233.4131 
  0.9973697 232.2518 
  1.000319 232.2518 
  0.997585 232.2518 
  0.9976327 232.2518 
  0.99793 232.2518 
  0.9986788 231.0963 
  0.9941893 231.0963 
  0.9843807 229.9466 
  0.9517795 227.6642 
  0.9478282 226.5316 
  0.9844943 227.6642 
  0.9999759 227.6642 
  0.9992517 227.6642 
  0.9813471 226.5316 
  0.9569337 225.4046 
  0.9107274 224.2832 
  0.7257013 225.4046 
  0.2448306 226.5316 
  0.04486621 227.6642 
  0.2252542 228.8026 
  0.3280671 229.9466 
  0.1892133 234.5801 
  0.5275006 245.3498 
  0.7622098 218.7592 
  0.8509548 213.3714 
  0.9059501 209.1568 
  0.9195747 204.0054 
  0.9687498 198.9809 
  0.9857625 196.0257 
  0.9756923 194.0801 
  0.9788572 192.1537 
  0.9723678 192.1537 
  0.9609786 192.1537 
  0.9587908 192.1537 
  0.9362282 191.1978 
  0.9886848 190.2465 
  0.9780527 189.3 
  0.4574726 188.3582 
  0.6620246 189.3 
  0.8517818 189.3 
  0.9586672 189.3 
  0.8674802 190.2465 
  0.569044 192.1537 
  0.07051605 194.0801 
  0.0419887 197.0059 
  0.1069839 198.9809 
  0.05424872 200.9756 
  0.6208162 202.9904 
  0.7485171 204.0054 
  0.9048376 200.9756 
  0.9505845 199.9758 
  0.9862762 197.9909 
  0.9800012 197.0059 
  0.9811647 195.0505 
  0.9794748 193.1145 
  0.9803696 191.1978 
  0.9896154 190.2465 
  0.9847068 189.3 
  0.9792284 189.3 
  0.9778994 189.3 
  0.9060183 189.3 
  0.8669497 188.3582 
  0.8104461 188.3582 
  0.9585906 191.1978 
  0.8694711 194.0801 
  0.369146 197.0059 
  -0.3910931 199.9758 
  0.06541559 201.9805 
  0.7623076 201.9805 
  0.9243695 200.9756 
  0.9911134 199.9758 
  0.9953146 198.9809 
  0.9947945 197.9909 
  0.9948702 197.0059 
  0.994014 197.0059 
  0.9903207 197.0059 
  0.9815611 197.9909 
  0.984519 199.9758 
  0.9806408 201.9805 
  0.9884074 202.9904 
  0.9953798 205.0254 
  0.9928057 206.0505 
  0.98028 205.0254 
  0.948523 204.0054 
  0.8843768 201.9805 
  0.7185975 202.9904 
  0.0346585 204.0054 
  0.5624703 205.0254 
  0.2920268 206.0505 
  -0.2519521 207.0808 
  -0.08900663 208.1162 
  -0.1819225 209.1568 
  0.2322115 210.2025 
  0.1211086 211.2535 
  -0.1580236 212.3098 
  0.02308702 214.4382 
  0.7203604 212.3098 
  0.7836044 206.0505 
  0.9545295 200.9756 
  0.9521756 197.0059 
  0.8952149 193.1145 
  0.6843109 194.0801 
  0.3385815 195.0505 
  -0.05805185 196.0257 
  0.02231813 197.9909 
  0.1161138 199.9758 
  -0.01262497 201.9805 
  0.267621 204.0054 
  0.4797228 206.0505 
  0.8840659 208.1162 
  0.9439604 208.1162 
  0.9905469 207.0808 
  0.9931221 207.0808 
  0.9915221 205.0254 
  0.9888133 202.9904 
  0.9833403 200.9756 
  0.9635293 197.9909 
  0.9540686 195.0505 
  0.940893 192.1537 
  0.6488064 192.1537 
  0.3893843 194.0801 
  0.08036359 198.9809 
  0.1907019 202.9904 
  0.1188081 205.0254 
  -0.01645309 206.0505 
  0.2001424 206.0505 
  -0.02336722 206.0505 
  0.06959611 207.0808 
  -0.07852823 207.0808 
  0.1955679 208.1162 
  0.04279361 209.1568 
  0.2686298 210.2025 
  0.01987648 211.2535 
  -0.02746964 212.3098 
  -0.1351566 213.3714 
  0.07702657 214.4382 
  0.03858911 214.4382 
  0.06039064 214.4382 
  0.1425832 214.4382 
  -0.02341877 214.4382 
  -0.1032871 214.4382 
  0.154748 214.4382 
  0.1936649 214.4382 
  -0.1170695 214.4382 
  -0.001569883 214.4382 
  -0.08495511 214.4382 
  0.1800825 215.5104 
  0.6726563 216.5879 
  0.6929135 210.2025 
  0.798533 207.0808 
  0.8629363 205.0254 
  0.3708243 204.0054 
  0.6852762 204.0054 
  0.5605925 204.0054 
  0.8610359 205.0254 
  0.9459281 207.0808 
  0.9642159 211.2535 
  0.986903 213.3714 
  0.9984967 215.5104 
  0.9998585 216.5879 
  0.9996662 217.6709 
  0.9989026 219.853 
  0.8323518 226.5316 
  0.8879524 231.0963 
  0.9296306 235.753 
  0.9803583 238.1164 
  0.9877802 241.7061 
  0.9753828 245.3498 
  0.9600043 246.5766 
  0.9161674 242.9146 
  0.8210667 241.7061 
  0.03285442 239.307 
  0.05112874 236.9318 
  -0.08937529 235.753 
  0.09429203 234.5801 
  -0.04019611 233.4131 
  0.6356642 232.2518 
  0.8172195 236.9318 
  0.8414339 233.4131 
  0.9438622 229.9466 
  0.9280492 225.4046 
  0.676999 224.2832 
  0.490111 224.2832 
  -0.1181882 224.2832 
  0.04826343 224.2832 
  0.02727555 224.2832 
  -0.1320288 223.1673 
  -0.1729351 220.9523 
  0.5701827 218.7592 
  0.8119661 211.2535 
  0.8723773 207.0808 
  0.9533828 206.0505 
  0.9566945 202.9904 
  0.7722908 204.0054 
  0.3109871 212.3098 
  0.2876552 226.5316 
  0.4585052 232.2518 
  0.579482 231.0963 
  0.1959678 228.8026 
  0.6488398 226.5316 
  0.5135518 224.2832 
  0.6497723 222.057 
  -0.06086572 219.853 
  0.8036061 217.6709 
  0.8762383 212.3098 
  0.9685413 211.2535 
  0.9945574 212.3098 
  0.9967482 214.4382 
  0.9965907 216.5879 
  0.992238 218.7592 
  0.9882751 223.1673 
  0.9905771 227.6642 
  0.9893275 231.0963 
  0.9741039 232.2518 
  0.9616174 229.9466 
  0.9858894 228.8026 
  0.9821365 232.2518 
  0.9697424 240.5036 
  0.9677523 250.2938 
  0.9828411 251.5452 
  0.9790182 251.5452 
  0.9562612 249.0485 
  0.9269558 240.5036 
  0.814515 233.4131 
  0.77974 228.8026 
  0.5107849 224.2832 
  0.0457267 219.853 
  0.2840988 215.5104 
  -0.1207684 211.2535 
  -0.09360243 208.1162 
  0.7472416 210.2025 
  0.8318186 210.2025 
  0.9864643 209.1568 
  0.9899952 208.1162 
  0.983642 207.0808 
  0.9842277 209.1568 
  0.9853874 210.2025 
  0.9836216 212.3098 
  0.9605429 213.3714 
  0.9405876 213.3714 
  0.6925089 212.3098 
  0.05806722 212.3098 
  0.2819019 212.3098 
  0.1120082 212.3098 
  0.04917563 212.3098 
  -0.03121636 212.3098 
  -0.0585677 212.3098 
  -0.005852301 212.3098 
  -0.06131001 212.3098 
  0.02511294 213.3714 
  -0.1437536 214.4382 
  0.101088 215.5104 
  0.7651732 216.5879 
  0.750039 217.6709 
  0.0988659 218.7592 
  0.2158795 219.853 
  0.7594686 218.7592 
  0.8632669 215.5104 
  0.9686674 212.3098 
  0.9960138 211.2535 
  0.9947755 208.1162 
  0.9980008 206.0505 
  0.9999561 205.0254 
  1.000449 205.0254 
  0.9937315 204.0054 
  0.9893448 202.9904 
  0.9887893 199.9758 
  0.98285 197.0059 
  0.9713932 194.0801 
  0.9780221 192.1537 
  0.9639826 192.1537 
  0.9705805 197.0059 
  0.9778764 198.9809 
  0.9764332 199.9758 
  0.9760942 198.9809 
  0.9615242 197.9909 
  0.9507388 196.0257 
  0.8802934 194.0801 
  0.8532833 191.1978 
  0.8668522 189.3 
  0.8515868 189.3 
  0.8533046 190.2465 
  0.9259846 191.1978 
  0.960595 191.1978 
  0.9398896 190.2465 
  0.9433101 190.2465 
  0.9790752 189.3 
  0.9747573 189.3 
  0.9674981 190.2465 
  0.9640864 189.3 
  0.9426855 189.3 
  0.9302112 188.3582 
  0.9137439 188.3582 
  0.8968866 189.3 
  0.9217094 189.3 
  0.8905929 189.3 
  0.6320798 189.3 
  0.2131236 188.3582 
  0.8573681 188.3582 
  0.8719655 188.3582 
  0.6975839 190.2465 
  0.08068662 198.9809 
  0.3204948 214.4382 
  0.3408736 227.6642 
  0.3482451 228.8026 
  0.5164321 216.5879 
  0.8987865 210.2025 
  0.9852411 209.1568 
  0.9927695 211.2535 
  0.9950255 212.3098 
  0.9760309 211.2535 
  0.9337491 208.1162 
  0.8593535 201.9805 
  0.3070546 201.9805 
  0.1959902 202.9904 
  -0.2438748 205.0254 
  -0.1504544 207.0808 
  0.07077374 209.1568 
  0.07913191 211.2535 
  0.1212144 212.3098 
  0.0852845 213.3714 
  0.03216787 214.4382 
  0.09049952 215.5104 
  0.2158688 216.5879 
  0.6679943 216.5879 
  0.8315546 202.9904 
  0.9051398 198.9809 
  0.9863919 196.0257 
  0.9957325 194.0801 
  0.9972841 193.1145 
  0.9945692 191.1978 
  0.9719797 190.2465 
  0.9348111 188.3582 
  0.6525064 188.3582 
  0.265704 189.3 
  0.04565855 190.2465 
  -0.06884627 191.1978 
  -0.07494716 192.1537 
  -0.1615831 193.1145 
  0.05576616 195.0505 
  0.3537342 197.0059 
  0.1664739 197.9909 
  -0.2036625 198.9809 
  -0.2089272 199.9758 
  -0.08684283 200.9756 
  -0.07484917 201.9805 
  0.1084456 202.9904 
  0.2441051 204.0054 
  0.339713 206.0505 
  0.7395283 207.0808 
  0.7583743 199.9758 
  0.8897511 196.0257 
  0.9229192 189.3 
  0.7502079 188.3582 
  0.5441967 190.2465 
  0.4185894 193.1145 
  0.1780782 196.0257 
  0.1947442 198.9809 
  0.7567335 201.9805 
  0.8329303 197.9909 
  0.9254528 197.0059 
  0.9363537 196.0257 
  0.9075705 194.0801 
  0.8025593 188.3582 
  0.6535135 189.3 
  0.2301598 191.1978 
  0.06938973 193.1145 
  0.1052279 195.0505 
  -0.0705635 197.0059 
  0.2908659 198.9809 
  0.2706266 200.9756 
  0.02715225 202.9904 
  -0.04827351 204.0054 
  0.1934084 206.0505 
  0.1028221 208.1162 
  -0.1716594 210.2025 
  0.08107568 212.3098 
  0.7512696 214.4382 
  0.8150032 204.0054 
  0.9079672 201.9805 
  0.9874032 199.9758 
  0.9894091 197.9909 
  0.9880088 196.0257 
  0.9728992 194.0801 
  0.9371023 191.1978 
  0.9255296 187.4211 
  0.9837697 185.5609 
  0.9925112 183.7191 
  0.9358807 182.8051 
  0.9057046 180.9906 
  0.9013858 178.3027 
  0.9866046 175.6547 
  0.959976 173.046 
  0.873638 172.185 
  0.7142996 171.3284 
  0.5187166 163.8079 
  -0.1019441 152.0001 
  0.2633311 141.0434 
  0.6364693 136.2042 
  0.8072565 135.5266 
  0.2431491 135.5266 
  -0.3228187 136.2042 
  -0.1196561 136.2042 
  0.03673439 136.8852 
  0.2516645 136.8852 
  0.2179425 136.8852 
  0.4838404 136.8852 
  0.06998739 136.8852 
  -0.06556208 136.8852 
  -0.03617429 136.8852 
  0.217742 136.8852 
  0.06933527 136.8852 
  0.2297054 136.8852 
  0.0666061 136.8852 
  0.1853836 136.8852 
  -0.3103383 136.8852 
  -0.2527732 136.8852 
  -0.2697981 136.8852 
  0.1839013 136.8852 
  0.09719083 136.8852 
  -0.07657642 136.8852 
  0.2013316 136.8852 ]
