 [
  0.1620362 123.2734 
  0.0645384 123.2734 
  0.148901 123.2734 
  0.07198113 123.2734 
  0.1637625 123.2734 
  0.03046972 123.2734 
  -0.136488 123.2734 
  -0.006024688 123.2734 
  0.2234708 123.2734 
  0.01085935 123.2734 
  0.07402363 123.2734 
  0.5937321 123.2734 
  0.750263 123.2734 
  0.9065881 123.8897 
  0.9793721 124.5092 
  0.962723 126.3862 
  0.9668239 128.2915 
  0.9769512 130.2255 
  0.9669869 132.1886 
  0.9674275 134.8523 
  0.9905263 136.8852 
  0.9959471 138.2575 
  0.9961536 139.6435 
  0.993566 140.3417 
  0.9877087 142.4574 
  0.9870778 144.605 
  0.9877882 146.7849 
  0.9922722 148.9977 
  0.9918404 149.7427 
  0.9756944 149.7427 
  0.9521077 148.2564 
  0.8911575 146.7849 
  0.7867413 145.328 
  0.423542 143.1697 
  -0.1500951 141.7487 
  0.09921076 140.3417 
  0.009578824 138.2575 
  0.07214104 136.8852 
  0.07383463 134.8523 
  0.06742413 132.8496 
  -0.0003849175 130.8766 
  -0.2015036 128.9329 
  -0.106686 127.0181 
  0.05179981 125.1317 
  0.05177013 123.2734 
  -0.1361901 121.4426 
  0.1124428 119.639 
  0.7648049 117.8622 
  0.8609285 116.1118 
  0.9511443 114.3874 
  0.9662898 114.9594 
  0.9621292 115.5342 
  0.9336225 117.2759 
  0.9276843 118.4515 
  0.9494286 119.0438 
  0.9638324 119.0438 
  0.9441248 118.4515 
  0.9488059 117.8622 
  0.8884944 116.6924 
  0.8076711 114.3874 
  0.9259601 112.128 
  0.9006271 110.4628 
  0.8036677 109.9132 
  0.5012437 111.5702 
  0.2149821 114.3874 
  -0.3979568 117.2759 
  -0.4803598 120.2372 
  -0.2435765 123.2734 
  -0.294851 126.3862 
  -0.3622029 129.5776 
  0.1296959 133.5138 
  -0.09324198 137.5696 
  -0.08013371 141.7487 
  0.08861005 145.328 
  0.7036884 147.5188 
  0.5376611 142.4574 
  0.6941103 139.6435 
  0.9295625 138.9488 
  0.9340395 138.2575 
  0.9228523 136.2042 
  0.9105218 134.8523 
  0.9429998 133.5138 
  0.8974863 132.1886 
  0.7844599 130.2255 
  0.753337 128.9329 
  0.7569522 126.3862 
  0.7646802 122.6601 
  0.6874011 120.8384 
  0.489118 118.4515 
  0.2543649 113.2521 
  0.7783308 109.9132 
  0.6191396 108.2809 
  0.5232418 105.614 
  0.5310079 105.0885 
  0.5981283 104.5657 
  0.008078078 106.6728 
  0.397524 107.2061 
  0.08267613 107.7421 
  0.01376618 108.2809 
  -0.1709548 108.8223 
  0.01400747 109.3664 
  0.2349737 109.9132 
  0.1699437 110.4628 
  -0.01056282 111.0151 
  0.1802335 111.5702 
  0.03600945 112.128 
  0.3277096 112.6886 
  0.131874 113.8184 
  0.1267391 115.5342 
  0.1350735 119.0438 
  0.1755659 120.8384 
  0.199919 122.6601 
  0.2455097 123.8897 
  0.4727005 127.6532 
  0.5722908 126.3862 
  0.6678926 123.2734 
  0.6573954 119.639 
  0.8258325 116.6924 
  0.9112513 116.1118 
  0.9672467 115.5342 
  0.9645509 116.6924 
  0.9119313 118.4515 
  0.9403487 120.2372 
  0.958123 121.4426 
  0.9426197 120.8384 
  0.9198685 120.8384 
  0.9197031 120.8384 
  0.8835276 119.639 
  0.9243231 119.0438 
  0.943557 119.0438 
  0.9708776 120.2372 
  0.9547085 120.2372 
  0.8420902 119.0438 
  0.6997615 118.4515 
  0.7615772 115.5342 
  -0.5818456 114.3874 
  -0.1222223 113.2521 
  0.01658883 112.128 
  0.3644158 111.0151 
  0.2849204 109.9132 
  0.3632036 108.8223 
  0.02794515 107.7421 
  0.4031891 106.6728 
  0.4519387 105.614 
  0.6879381 106.142 
  0.2727704 107.7421 
  0.3769015 113.2521 
  0.8678291 113.8184 
  0.917417 112.6886 
  0.9596907 111.5702 
  0.981132 110.4628 
  0.9655174 109.9132 
  0.9528152 109.3664 
  0.9215691 108.8223 
  0.6997786 109.3664 
  0.5443912 109.9132 
  0.510773 110.4628 
  0.3243685 111.0151 
  -0.008377504 111.5702 
  -0.0275423 112.128 
  0.185588 112.6886 
  0.5820403 114.3874 
  0.604722 116.6924 
  0.8195322 116.6924 
  0.8574192 116.1118 
  0.801043 113.2521 
  0.8027758 111.0151 
  0.6081823 108.2809 
  0.6563474 106.142 
  0.2109014 107.7421 
  0.3694989 112.128 
  0.5072641 112.6886 
  0.1218986 112.6886 
  0.08666911 112.6886 
  -0.02251953 113.2521 
  0.1039956 114.3874 
  0.1881459 115.5342 
  0.4051687 116.6924 
  0.3346257 117.8622 
  -0.3105122 119.0438 
  -0.07995504 120.2372 
  0.3038748 122.6601 
  0.3512574 123.8897 
  0.242875 123.2734 
  0.3349746 119.0438 
  0.8412859 117.8622 
  0.8875886 119.639 
  0.9700125 121.4426 
  0.9875903 122.0498 
  0.9865906 122.6601 
  0.9278934 123.8897 
  0.9426388 124.5092 
  0.961748 125.1317 
  0.9943206 123.8897 
  0.9955379 123.2734 
  0.9918873 122.6601 
  0.9793156 122.0498 
  0.9590425 121.4426 
  0.9087731 120.8384 
  0.735713 120.8384 
  0.748511 120.8384 
  0.8810129 120.8384 
  0.9301324 120.8384 
  0.8893127 120.8384 
  0.8028898 120.8384 
  0.7645611 121.4426 
  0.7907011 122.0498 
  0.7027924 122.6601 
  0.5305361 123.2734 
  0.3859908 123.8897 
  0.5694836 124.5092 
  0.7479886 124.5092 
  0.9237651 124.5092 
  0.9584017 125.7574 
  0.8962119 128.2915 
  0.8889366 128.2915 
  0.8985811 127.6532 
  0.9818718 126.3862 
  0.9873121 126.3862 
  0.9785722 126.3862 
  0.9753796 126.3862 
  0.9703656 126.3862 
  0.8964391 125.7574 
  0.7973133 126.3862 
  0.9581065 127.6532 
  0.9989583 128.2915 
  0.9940126 128.9329 
  0.9555831 128.9329 
  0.757117 128.2915 
  0.8129072 126.3862 
  0.9335126 125.7574 
  0.9777958 125.1317 
  0.9344841 124.5092 
  0.9509597 122.6601 
  0.9542586 122.6601 
  0.9511164 122.0498 
  0.9501445 122.0498 
  0.955917 120.8384 
  0.9676465 120.2372 
  0.9846287 120.8384 
  0.9848506 120.8384 
  0.9808456 120.8384 
  0.9833785 120.2372 
  0.9851125 120.2372 
  0.9601251 120.2372 
  0.958484 120.2372 
  0.9529037 119.639 
  0.96747 119.639 
  0.9789627 119.639 
  0.9781082 119.639 
  0.9736549 120.2372 
  0.9867455 121.4426 
  0.9574671 122.6601 
  0.9679234 123.8897 
  0.9366704 123.8897 
  0.8490079 123.8897 
  0.7204897 123.8897 
  0.3523877 125.1317 
  0.2713526 126.3862 
  0.1725833 127.6532 
  0.7160697 128.2915 
  0.8895632 127.6532 
  0.9377869 127.0181 
  0.974811 125.1317 
  0.9945766 123.8897 
  0.9890663 123.2734 
  0.992421 122.0498 
  0.9911177 121.4426 
  0.9597207 120.2372 
  0.9514852 119.639 
  0.9822292 119.0438 
  0.9932619 119.0438 
  0.9947319 118.4515 
  0.9957711 118.4515 
  0.9852983 117.8622 
  0.9725724 117.2759 
  0.9566872 116.6924 
  0.917762 116.1118 
  0.8474739 115.5342 
  0.6999539 114.9594 
  0.5556504 114.3874 
  0.03336865 113.8184 
  -0.03981198 113.2521 
  0.01859587 112.6886 
  -0.01377478 112.128 
  0.02785038 111.5702 
  -0.08780349 111.0151 
  -0.06895583 109.9132 
  0.3284858 109.3664 
  0.4935825 116.6924 
  0.4313606 119.639 
  0.4966541 116.6924 
  0.5665056 117.8622 
  0.6690499 115.5342 
  0.8407028 114.3874 
  0.8932075 113.8184 
  0.9089918 113.2521 
  0.901743 113.2521 
  0.9450646 113.8184 
  0.9435204 113.8184 
  0.9283971 113.8184 
  0.928096 113.2521 
  0.9270243 113.2521 
  0.9061435 113.2521 
  0.861562 112.6886 
  0.8407187 111.0151 
  0.7278072 110.4628 
  0.7838863 107.2061 
  0.6518806 105.0885 
  0.4801872 104.5657 
  0.6196584 104.5657 
  0.6763086 104.5657 
  0.6623518 104.5657 
  0.355837 104.5657 
  0.0822449 104.5657 
  0.398329 105.0885 
  0.3527057 107.7421 
  0.2438453 109.9132 
  0.3082517 110.4628 
  0.09247807 110.4628 
  0.37778 109.3664 
  0.2074873 109.9132 
  0.434622 108.8223 
  0.2406471 108.2809 
  0.576189 107.2061 
  0.4143139 106.6728 
  0.3125955 104.0455 
  0.2667542 102.5003 
  0.3839365 103.5278 
  0.07176193 104.5657 
  0.5373495 104.5657 
  0.1214913 104.5657 
  0.3036017 104.5657 
  0.3299115 104.5657 
  0.1342494 104.5657 
  0.02652971 104.5657 
  0.02124758 104.5657 
  0.01516506 104.5657 
  -0.007580687 104.5657 
  -0.03192269 104.5657 
  -0.05193155 104.5657 
  -0.01804627 104.5657 
  -0.02477132 104.5657 
  0.0001495294 104.5657 
  -0.00103854 104.5657 
  0.168527 104.5657 
  0.3210143 104.5657 
  0.2037876 104.5657 
  0.08094273 104.5657 
  -0.05020721 104.5657 
  -0.04685601 104.5657 
  0.02655858 104.5657 
  -0.03138934 104.5657 
  0.04037683 104.5657 
  0.1436904 104.5657 
  0.02169729 104.5657 
  -0.05058582 104.5657 
  -0.07727433 104.5657 
  0.1274382 104.5657 
  0.2185705 104.5657 
  0.2822527 104.5657 
  0.209944 104.5657 
  0.1294267 104.5657 ]
