 [
  0.06000124 129.5776 
  -0.2236841 129.5776 
  -0.2766648 129.5776 
  -0.08956325 129.5776 
  -0.247762 129.5776 
  0.2473423 129.5776 
  -0.1430807 129.5776 
  0.2043809 129.5776 
  0.1549506 129.5776 
  0.1593951 129.5776 
  0.2090434 129.5776 
  0.06528945 129.5776 
  0.1742601 129.5776 
  0.1447891 129.5776 
  0.3725252 129.5776 
  0.2964612 128.2915 
  0.2249197 136.8852 
  0.5868714 140.3417 
  0.8899169 138.9488 
  0.9291888 138.9488 
  0.9063429 138.2575 
  0.9034313 137.5696 
  0.9489784 138.2575 
  0.9915283 138.9488 
  0.9799879 139.6435 
  0.976995 140.3417 
  0.9736464 141.7487 
  0.9612538 143.8855 
  0.980338 145.328 
  0.9887245 146.0546 
  0.9124371 145.328 
  0.8300943 144.605 
  0.5407588 143.8855 
  0.9016133 149.7427 
  0.8903267 155.8383 
  0.9483466 158.1876 
  0.9897968 158.9785 
  0.9813417 160.5723 
  0.9779799 162.9929 
  0.9788794 165.4501 
  0.9800997 167.1087 
  0.9857169 169.6279 
  0.9878268 171.3284 
  0.9891819 173.046 
  0.9955668 173.9112 
  0.9949712 173.9112 
  0.95014 173.9112 
  0.9186096 173.046 
  0.8532512 173.046 
  0.9932563 174.7808 
  0.9984818 174.7808 
  0.9955633 173.046 
  0.9929336 173.046 
  0.9190403 173.046 
  0.925823 168.784 
  0.9553611 167.9442 
  0.9896263 167.1087 
  0.9822248 165.4501 
  0.9847661 164.6269 
  0.9698019 162.9929 
  0.9415036 161.3751 
  0.911887 158.1876 
  0.7858325 153.5239 
  0.6034021 148.9977 
  0.6561491 138.2575 
  0.7433797 131.531 
  -0.459282 134.1814 
  -0.2831082 136.8852 
  -0.1384077 139.6435 
  0.05979349 142.4574 
  0.2226045 145.328 
  -0.04246832 148.2564 
  -0.02727827 151.2439 
  -0.05183118 154.2915 
  -0.3667124 158.1876 
  0.02206194 162.182 
  0.06572584 165.4501 
  0.7566998 167.9442 
  0.7988088 165.4501 
  0.8696231 162.182 
  0.9643111 160.5723 
  0.9900013 160.5723 
  0.9939512 160.5723 
  0.9941844 159.7734 
  0.9909609 158.9785 
  0.9944452 157.4006 
  0.9944328 156.6175 
  0.9685666 155.063 
  0.9607746 154.2915 
  0.9590259 153.5239 
  0.9810082 153.5239 
  0.9788359 152.7601 
  0.9722033 152.0001 
  0.9701075 151.2439 
  0.9623157 151.2439 
  0.9480681 149.7427 
  0.9650015 148.2564 
  0.99343 147.5188 
  0.9938151 146.7849 
  0.9787828 146.0546 
  0.9527937 145.328 
  0.9228856 143.1697 
  0.8591126 141.0434 
  0.5049545 139.6435 
  -0.18298 139.6435 
  -0.02808688 139.6435 
  0.02919151 139.6435 
  -0.01015303 139.6435 
  -0.124564 139.6435 
  -0.03016885 139.6435 
  0.1701134 139.6435 
  0.2307994 140.3417 
  0.1166947 141.0434 
  0.4992795 141.0434 
  0.7116314 142.4574 
  0.962374 143.1697 
  0.9888468 144.605 
  0.9901137 144.605 
  0.978863 145.328 
  0.9520921 147.5188 
  0.9007879 146.0546 
  0.8720794 143.8855 
  0.9451136 141.0434 
  0.9581568 139.6435 
  0.9526269 138.2575 
  0.9541842 138.2575 
  0.9635862 138.9488 
  0.9774081 139.6435 
  0.9081594 141.0434 
  0.8991961 141.7487 
  0.8905097 141.0434 
  0.8752652 140.3417 
  0.9462771 138.9488 
  0.9634056 138.2575 
  0.9779348 137.5696 
  0.98323 137.5696 
  0.983649 137.5696 
  0.964489 138.2575 
  0.968315 138.2575 
  0.9806057 138.9488 
  0.9732546 138.2575 
  0.9677002 138.9488 
  0.9653236 138.2575 
  0.9829668 138.2575 
  0.9525853 138.2575 
  0.9294918 137.5696 
  0.8806131 137.5696 
  0.8148596 136.2042 
  0.6771901 134.8523 
  -0.3632515 134.8523 
  0.04415775 134.8523 
  0.04755951 134.8523 
  -0.08590452 134.8523 
  -0.08992198 134.8523 
  -0.21263 134.8523 
  0.003113585 134.8523 
  -0.01117432 134.8523 
  0.1501265 134.1814 
  0.2000733 133.5138 
  0.6755135 132.8496 
  0.7144288 131.531 
  0.8483287 130.8766 
  0.9711787 130.8766 
  0.9808499 130.8766 
  0.978817 130.2255 
  0.9853765 129.5776 
  0.9751779 128.2915 
  0.9740705 127.0181 
  0.9758768 126.3862 
  0.9712962 125.7574 
  0.9852367 125.1317 
  0.9926847 124.5092 
  0.9884853 125.1317 
  0.9840205 125.1317 
  0.9785356 125.7574 
  0.9599686 125.7574 
  0.9101688 125.7574 
  0.8657609 125.1317 
  0.7689252 123.8897 
  0.6076738 124.5092 
  0.4872303 126.3862 
  0.5881857 128.2915 
  0.9040151 130.8766 
  0.9487274 133.5138 
  0.9608288 136.2042 
  0.9786837 138.9488 
  0.958917 141.7487 
  0.6825871 145.328 
  0.873025 148.2564 
  0.9292182 148.9977 
  0.9604288 148.9977 
  0.9544633 148.9977 
  0.9338281 147.5188 
  0.86936 146.7849 
  0.726757 144.605 
  -0.008468115 143.8855 
  0.1849179 143.1697 
  0.1902431 142.4574 
  0.03060529 141.7487 
  0.1342137 141.7487 
  0.04422388 141.7487 
  -0.04611196 141.0434 
  -0.184237 140.3417 
  -0.2524918 139.6435 
  -0.09284931 138.9488 
  -0.1189397 138.2575 
  -0.0888779 137.5696 
  0.3294421 136.8852 
  0.4479384 136.2042 
  0.1313862 135.5266 
  0.7612252 142.4574 
  0.8602331 141.0434 
  0.970997 140.3417 
  0.9024779 139.6435 
  0.7792941 138.2575 
  0.6649517 132.1886 
  0.6910806 128.2915 
  0.5926894 129.5776 
  0.2179803 130.8766 
  -0.1480036 132.1886 
  -0.0389927 133.5138 
  0.2127849 134.1814 
  0.2265739 135.5266 
  0.2136063 136.8852 
  -0.07939008 138.2575 
  -0.1332169 138.9488 
  -0.3449896 139.6435 
  -0.05897372 140.3417 
  -0.2124577 141.0434 
  0.7250402 142.4574 
  0.8628515 142.4574 
  0.9240162 141.7487 
  0.9107295 140.3417 
  0.9135984 137.5696 
  0.9811354 135.5266 
  0.9931393 135.5266 
  0.9834052 135.5266 
  0.9776249 134.8523 
  0.9697199 134.1814 
  0.9543291 133.5138 
  0.9731382 131.531 
  0.9711968 130.8766 
  0.964227 130.2255 
  0.9757099 130.2255 
  0.988621 129.5776 
  0.9955342 128.9329 
  0.9926167 128.2915 
  0.9902494 127.0181 
  0.9907296 126.3862 
  0.983938 125.7574 
  0.9827497 125.1317 
  0.936968 123.2734 
  0.8180987 121.4426 
  0.704465 118.4515 
  0.5725163 115.5342 
  0.2256456 115.5342 
  0.04279053 116.6924 
  0.01772931 117.8622 
  -0.0301507 119.0438 
  0.08673774 120.2372 
  0.4129723 121.4426 
  0.3117564 122.6601 
  0.0470997 123.8897 
  0.2088 125.1317 
  -0.1127491 126.3862 
  -0.1757883 127.6532 
  0.323371 129.5776 
  0.3247905 130.8766 
  0.3460461 133.5138 
  0.4543867 136.2042 
  0.7028863 134.8523 
  0.3598793 125.1317 
  0.6243595 124.5092 
  0.972878 124.5092 
  0.9365993 123.8897 
  0.8828959 122.0498 
  0.8294322 120.2372 
  0.9349354 119.0438 
  0.9176786 117.8622 
  0.9372289 116.6924 
  0.9042714 117.2759 
  0.841869 116.6924 
  0.5643301 116.6924 
  0.5339275 114.3874 
  0.4204128 112.128 
  0.3719527 111.0151 
  0.3521925 109.9132 
  0.1898237 108.2809 
  0.08100659 106.6728 
  -0.1465776 105.0885 
  0.01950477 103.5278 
  0.03381928 101.9903 
  0.07702326 100.4756 
  0.04010407 98.98344 
  -0.167575 97.51342 
  0.09273891 96.06523 
  0.1004401 94.63854 
  -0.03833808 93.23304 
  -0.1911419 91.84841 
  -0.4172075 90.48434 
  -0.08547279 89.14054 
  -0.4163887 87.8167 
  -0.3598653 86.51251 
  0.06604054 85.2277 
  0.5834565 83.96195 
  0.6260703 83.12859 
  0.08167627 83.96195 
  0.1928693 86.94508 
  0.4786271 88.69706 
  0.1509412 90.48434 
  0.7196832 91.84841 
  0.6965289 91.84841 
  0.5273129 90.93677 
  0.3634295 90.03418 
  0.5390748 90.03418 
  0.5251947 90.03418 
  0.1776746 90.03418 
  -0.03948628 90.03418 
  -0.01395307 90.03418 
  -0.03766775 90.03418 
  -0.08657397 90.03418 
  -0.1256632 90.03418 
  0.006003357 90.03418 
  0.09268476 90.03418 ]
