 [
  0.08546089 79.08421 
  0.03708519 79.08421 
  -0.1367931 79.08421 
  -0.1756422 79.08421 
  -0.1454371 79.08421 
  0.000649279 79.08421 
  -0.01748291 79.08421 
  -0.04659496 79.08421 
  -0.1099747 79.08421 
  -0.005473915 79.08421 
  0.1891333 79.08421 
  0.2518075 79.08421 
  -0.04625794 79.08421 
  0.02962041 79.08421 
  0.2363028 79.47963 
  0.3263 79.87703 
  0.2346231 80.27641 
  0.1149867 80.27641 
  0.1659081 80.27641 
  0.5915484 80.27641 
  0.3421205 79.87703 
  0.1433371 79.87703 
  0.2427502 79.87703 
  0.1454259 79.87703 
  0.2736982 79.87703 
  0.3690812 79.87703 
  0.09423319 79.87703 
  0.362509 79.47963 
  0.6636986 79.47963 
  0.5288453 79.47963 
  0.6103784 115.5342 
  0.6959674 115.5342 
  0.22083 105.614 
  0.5452941 109.3664 
  0.5634609 112.128 
  0.2843035 114.3874 
  0.2932061 120.2372 
  0.4831944 123.2734 
  0.554302 128.2915 
  0.7488302 131.531 
  0.5906289 130.8766 
  -0.03569151 127.6532 
  -0.08446443 123.8897 
  0.09351636 120.2372 
  0.1786375 117.2759 
  -0.1031233 114.3874 
  -0.2372047 111.5702 
  0.1153515 108.8223 
  -0.1580184 106.142 
  0.4292866 102.5003 
  0.6448331 102.5003 
  0.9423296 101.9903 
  0.8629519 100.978 
  0.7996294 98.98344 
  0.8018932 97.02828 
  0.7531023 95.11173 
  0.871122 92.7692 
  0.9833912 92.7692 
  0.9955629 92.7692 
  0.9951831 92.7692 
  0.9933494 92.7692 
  0.9737845 93.23304 
  0.9629269 94.63854 
  0.8775696 96.54556 
  0.868422 98.491 
  0.8895202 99.97575 
  0.8326026 100.978 
  0.6571638 101.4829 
  0.548107 101.9903 
  0.3005089 102.5003 
  0.3433045 103.0128 
  0.1592068 103.5278 
  0.331455 104.0455 
  0.1949764 104.5657 
  0.02757102 105.0885 
  0.02891737 105.614 
  -0.1554682 106.142 
  -0.2701602 106.6728 
  -0.1559216 107.2061 
  -0.04624818 107.7421 
  0.154351 108.2809 
  -0.04975001 108.8223 
  -0.1896965 109.3664 
  -0.09436867 109.9132 
  0.144199 110.4628 
  0.06577326 111.0151 
  -0.1576854 111.5702 
  -0.413041 112.128 
  -0.1460673 112.6886 
  -0.08486779 113.2521 
  -0.05186065 113.8184 
  -0.1544236 114.3874 
  0.2149753 115.5342 
  0.3024066 117.8622 
  0.6321877 111.0151 
  0.7442964 111.5702 
  0.9033415 112.128 
  0.90332 112.128 
  0.9638635 112.128 
  0.9761073 112.128 
  0.9581655 112.6886 
  0.9415968 113.2521 
  0.9240779 113.8184 
  0.8304954 113.8184 
  0.5194405 113.8184 
  0.9244609 115.5342 
  0.9826553 115.5342 
  0.8212688 115.5342 
  0.8642188 114.9594 
  0.5258521 113.8184 
  0.5686271 113.2521 
  0.8299497 111.0151 
  0.9269457 109.3664 
  0.7704756 106.6728 
  0.6584657 104.5657 
  0.7734298 103.0128 
  0.7564359 101.4829 
  0.6014771 99.47836 
  0.4881466 97.51342 
  0.1559839 103.5278 
  0.3854268 104.5657 
  0.3103026 105.0885 
  0.3700686 105.614 
  0.02359048 106.142 
  -0.6966525 106.6728 
  -0.06465544 107.2061 
  -0.04631341 107.7421 
  0.220567 108.2809 
  0.1762227 108.8223 
  0.2762594 109.3664 
  0.262277 109.9132 
  0.1220475 110.4628 
  -0.1293095 111.0151 
  -0.09221321 111.5702 
  -0.02922464 112.128 
  0.01827884 112.6886 
  -0.05719931 113.2521 
  -0.07684446 113.8184 
  0.1061203 114.3874 
  0.03048253 114.9594 
  0.1366486 115.5342 
  -0.05765687 116.6924 
  0.7334595 117.2759 
  0.8305025 117.2759 
  0.8995571 116.1118 
  0.9053712 114.9594 
  0.8533095 113.2521 
  0.9411288 111.5702 
  0.9301994 110.4628 
  0.9681711 109.3664 
  0.9349496 108.2809 
  0.8692057 107.7421 
  0.8497524 106.142 
  0.6978185 104.5657 
  0.1529009 106.6728 
  0.002084647 107.2061 
  0.1415912 108.2809 
  -0.1008614 109.3664 
  -0.006122565 110.4628 
  -0.1072911 111.5702 
  0.01522697 112.6886 
  0.2098697 113.8184 
  0.1650736 114.9594 
  0.08505758 116.1118 
  0.06446353 117.2759 
  -0.01139417 118.4515 
  -0.0292229 119.639 
  -0.01210601 120.2372 
  0.02382427 120.8384 
  0.6658533 122.0498 
  0.7574761 121.4426 
  0.8894936 120.8384 
  0.8542286 117.8622 
  0.8194358 115.5342 
  0.8724212 114.9594 
  0.8647944 113.2521 
  0.7858074 112.128 
  0.6466926 111.5702 
  0.4491887 111.0151 
  0.07215852 110.4628 
  0.1584974 110.4628 
  0.1741241 110.4628 
  0.1277959 110.4628 
  0.1356335 110.4628 
  0.6287357 110.4628 
  0.8543636 109.9132 
  0.824086 108.8223 
  0.901158 107.7421 
  0.9422992 107.2061 
  0.9074705 106.142 
  0.9094712 105.0885 
  0.9809308 103.5278 
  0.959334 104.0455 
  0.9591296 105.0885 
  0.9871443 106.142 
  0.9687582 107.2061 
  0.9605883 108.2809 
  0.9569072 109.3664 
  0.9757699 110.4628 
  0.9761026 111.0151 
  0.8407293 111.0151 
  0.7661854 110.4628 
  0.9644245 111.0151 
  0.9860771 111.0151 
  0.9710784 109.9132 
  0.9351301 108.2809 
  0.6608026 106.6728 
  0.8261766 106.142 
  0.8720615 106.6728 
  0.9012238 107.7421 
  0.9100658 108.2809 
  0.8594344 107.7421 
  0.5298239 107.2061 
  -0.06804005 106.6728 
  -0.02854903 106.6728 
  0.05236323 106.6728 
  0.05110087 106.142 
  0.07743755 105.0885 
  0.1523336 104.0455 
  -0.115432 103.0128 
  0.0464959 101.9903 
  -0.09941988 100.978 
  0.3865807 99.47836 
  0.5930288 102.5003 
  0.7643306 102.5003 
  0.9430714 102.5003 
  0.8858289 100.978 
  0.8724513 98.98344 
  0.9170477 97.02828 
  0.9478678 95.5873 
  0.8623567 94.63854 
  0.7680582 94.63854 
  0.1375741 94.1677 
  0.3180118 93.6992 
  0.1793425 93.6992 
  0.03978632 93.6992 
  0.1213903 93.23304 
  0.1725046 93.23304 
  0.1817409 93.23304 
  0.3343223 93.23304 
  0.5694605 90.93677 
  0.7815472 91.39146 
  0.8936301 91.84841 
  0.9580574 92.7692 
  0.9078947 92.7692 
  0.8164801 93.23304 
  0.3715712 94.63854 
  0.1317507 96.06523 
  0.04331824 97.51342 
  -0.02172789 98.98344 
  -0.04684678 100.4756 
  -0.1552324 101.9903 
  -0.05950317 103.5278 
  -0.05598374 105.0885 
  -0.02597993 106.6728 
  0.2532004 108.2809 
  0.0589174 109.9132 
  -0.04771184 111.5702 
  0.1774815 113.2521 
  0.6934415 115.5342 
  0.5019826 113.2521 
  0.6853756 111.5702 
  0.9065577 109.3664 
  0.8013357 108.2809 
  0.8985835 106.6728 
  0.9357472 105.0885 
  0.8422043 105.0885 
  0.937555 105.614 
  0.9511464 105.614 
  0.9308197 105.0885 
  0.9089287 104.5657 
  0.9022074 103.5278 
  0.9482633 103.0128 
  0.9420588 103.5278 
  0.9703346 103.5278 
  0.9490504 103.5278 
  0.8901111 103.0128 
  0.7908072 101.9903 
  0.7898983 100.4756 
  0.8462949 99.47836 
  0.897786 98.00098 
  0.8825765 96.54556 
  0.9388186 95.5873 
  0.9767597 94.63854 
  0.9537271 94.1677 
  0.9799674 93.6992 
  0.9746374 93.23304 
  0.9881804 92.7692 
  0.978625 92.7692 
  0.942179 93.23304 
  0.9808294 94.1677 
  0.9944589 94.63854 
  0.9963841 95.11173 
  0.745526 95.11173 
  0.467934 95.5873 
  -0.05691405 97.51342 
  0.1220784 99.97575 
  0.2193268 101.4829 
  0.3274995 103.5278 
  0.2421189 106.142 
  0.1419958 109.3664 
  -0.2426414 112.6886 
  0.6783469 116.1118 
  0.09383171 115.5342 
  0.3757478 108.2809 
  0.4989331 109.3664 
  0.3849119 107.7421 
  0.1721482 99.97575 
  0.5619621 99.47836 
  0.7655472 97.51342 
  0.6790092 96.06523 
  0.7016153 93.23304 
  0.9035509 90.03418 
  0.9056591 89.14054 
  0.8702202 89.58624 
  0.9038758 90.03418 
  0.9497656 90.03418 
  0.9676819 90.48434 
  0.9188677 90.03418 
  0.6641899 89.58624 
  0.5004635 90.03418 
  -0.2095918 91.39146 
  0.2588771 92.7692 
  0.2259234 94.1677 
  0.06283931 95.5873 
  0.08594029 97.02828 
  0.01902175 98.00098 
  0.1185379 99.47836 
  0.1995492 100.978 
  0.2057818 102.5003 
  0.1913088 104.0455 
  0.02377667 105.614 
  0.5734137 105.614 
  0.6911785 105.0885 
  0.8675628 104.5657 
  0.9101653 103.0128 
  0.8969809 101.9903 
  0.9361551 100.4756 
  0.8987678 100.4756 
  0.7881678 100.978 
  0.8735637 102.5003 
  0.9246043 103.5278 
  0.861322 103.5278 
  0.5185609 103.5278 
  0.1427513 103.5278 
  0.2507396 104.0455 
  -0.06137175 104.5657 
  -0.05934622 105.0885 
  -0.1035806 105.614 
  -0.06712233 106.142 
  -0.1035559 106.6728 
  0.07030712 107.2061 
  -0.02698752 107.7421 
  0.7102482 107.7421 
  0.6128736 105.0885 
  0.8431538 100.978 
  0.8740246 99.97575 
  0.9692196 99.47836 
  0.9614755 98.491 
  0.9762354 97.02828 
  0.7692115 95.5873 
  0.1873084 95.11173 
  -0.005260458 96.06523 
  -0.100177 97.02828 
  0.008847959 98.00098 
  0.2356058 98.98344 
  0.2156333 99.97575 
  0.1262702 99.97575 
  0.02273651 98.98344 
  0.07824852 98.00098 
  0.1177722 96.54556 
  0.1341513 97.51342 
  0.5351314 97.02828 
  0.9009751 97.51342 
  0.9092573 98.491 
  0.9174474 98.491 
  0.875897 98.491 
  0.8127515 97.51342 
  0.8059454 97.02828 
  0.8272394 96.54556 
  0.8270252 96.54556 
  0.848424 96.06523 
  0.8742448 96.06523 
  0.9335376 95.11173 
  0.985292 94.63854 
  0.98563 94.63854 
  0.9702371 95.5873 
  0.9745062 96.06523 
  0.9249246 96.06523 
  0.8281298 96.06523 
  0.6811405 97.02828 
  0.9640204 98.98344 
  0.9896961 99.97575 
  0.9931603 100.4756 
  0.6850995 101.9903 
  0.693882 100.978 
  0.8073404 101.4829 
  0.9606158 101.9903 
  0.9788559 102.5003 
  0.9884287 102.5003 
  0.9770562 103.0128 
  0.9355918 103.5278 
  0.9407767 104.5657 
  0.9529587 105.614 
  0.9233792 106.142 
  0.8900982 106.6728 
  0.8558891 106.6728 
  0.7873867 104.5657 
  0.08008485 101.4829 
  0.1950063 99.47836 
  -0.1412265 97.02828 
  -0.09961832 94.63854 
  0.01043176 92.30766 
  0.04547977 90.03418 
  -0.1148679 87.8167 
  0.02925192 85.65383 
  -0.0201549 83.54424 
  -0.05919223 81.4866 
  0.4260966 79.08421 
  0.5030156 78.69076 
  0.3613047 76.75266 
  0.5372286 75.61279 
  0.5222127 75.2366 
  0.1081274 74.48985 
  0.3970139 74.11925 
  0.1264376 73.7505 
  0.2359172 73.38358 
  -0.1299901 73.38358 
  -0.2385876 73.38358 
  0.1029104 73.38358 
  0.1577604 73.38358 
  -0.3266649 73.38358 
  -0.1874699 73.38358 
  -0.4002205 73.38358 
  -0.08024568 73.38358 
  0.07286458 73.38358 
  -0.0498614 73.38358 
  -0.02123909 73.38358 ]
