 [
  0.235053 228.8026 
  -0.02302977 228.8026 
  -0.2270504 228.8026 
  -0.2333775 228.8026 
  -0.2137287 228.8026 
  0.06259407 228.8026 
  -0.09727196 228.8026 
  -0.02688121 228.8026 
  -0.08481029 228.8026 
  -0.06728254 228.8026 
  -0.08735617 228.8026 
  0.2006733 228.8026 
  0.06794003 228.8026 
  0.2346798 228.8026 
  0.1863958 228.8026 
  0.01629023 228.8026 
  -0.08751532 228.8026 
  -0.2901677 228.8026 
  0.2356815 228.8026 
  0.3512321 228.8026 
  -0.03216418 228.8026 
  0.07691893 228.8026 
  0.0706546 228.8026 
  0.08745698 228.8026 
  0.072451 228.8026 
  0.3217167 228.8026 
  0.8484111 227.6642 
  0.9261779 225.4046 
  0.9778609 224.2832 
  0.9948751 223.1673 
  0.9956632 222.057 
  0.9967092 220.9523 
  0.991365 220.9523 
  0.9896986 218.7592 
  0.9706519 217.6709 
  0.9622667 216.5879 
  0.9372093 215.5104 
  0.9510949 216.5879 
  0.7618132 216.5879 
  0.09156548 219.853 
  0.09150293 224.2832 
  0.05510936 228.8026 
  0.07956313 234.5801 
  0.17012 240.5036 
  0.1631044 246.5766 
  -0.1196929 252.8029 
  -0.02803324 259.1866 
  0.1113594 265.7313 
  -0.04718199 272.4414 
  0.2182494 279.3209 
  0.7900672 284.9493 
  0.8785896 282.1211 
  0.9550987 277.9312 
  0.9899654 273.8036 
  0.9925813 273.8036 
  0.9639623 272.4414 
  0.9295125 271.0859 
  0.7510821 267.06 
  0.6672614 269.7372 
  0.8141738 273.8036 
  0.8693578 277.9312 
  0.6892959 283.5317 
  0.4604849 289.245 
  0.8892018 287.806 
  0.9676306 287.806 
  0.9940213 287.806 
  0.9698969 284.9493 
  0.9465492 280.7175 
  0.9400672 273.8036 
  0.9063568 265.7313 
  0.3070858 265.7313 
  -0.1607854 265.7313 
  -0.1830743 265.7313 
  -0.009454109 265.7313 
  -0.01430073 265.7313 
  -0.1050665 265.7313 
  -0.1506269 264.4093 
  0.09625574 263.0938 
  0.2489323 261.7849 
  0.1619891 260.4825 
  0.2880154 260.4825 
  0.8418556 259.1866 
  0.8816721 252.8029 
  0.9401709 246.5766 
  0.9776489 241.7061 
  0.9942337 238.1164 
  0.9963395 239.307 
  0.9960659 239.307 
  0.9896432 241.7061 
  0.9884753 244.1292 
  0.9764971 247.8095 
  0.97464 250.2938 
  0.957792 251.5452 
  0.9155836 250.2938 
  0.7659274 244.1292 
  0.308138 239.307 
  0.2036211 234.5801 
  0.1295992 229.9466 
  0.1298745 225.4046 
  0.02693413 220.9523 
  0.343147 216.5879 
  0.6614841 205.0254 
  0.7388353 198.9809 
  0.9282352 192.1537 
  0.9447857 185.5609 
  0.9077546 181.8956 
  0.8234795 179.1942 
  0.6399243 178.3027 
  0.686789 177.4156 
  0.6230835 176.533 
  0.9089241 174.7808 
  0.9374219 175.6547 
  0.8617769 173.046 
  0.7911423 170.476 
  0.8807597 164.6269 
  0.9234471 159.7734 
  0.8105989 161.3751 
  0.8405312 167.9442 
  0.8821462 176.533 
  0.9327819 180.9906 
  0.9622287 180.9906 
  0.9850947 180.9906 
  0.9575493 182.8051 
  0.9458233 186.4887 
  0.9380053 191.1978 
  0.9345206 196.0257 
  0.9555413 199.9758 
  0.9567375 201.9805 
  0.9549215 204.0054 
  0.9188067 204.0054 
  0.9389042 202.9904 
  0.8411608 202.9904 
  0.8439364 202.9904 
  0.8607439 202.9904 
  0.62982 202.9904 
  0.9304421 202.9904 
  0.9286456 200.9756 
  0.8532903 197.9909 
  0.8836825 195.0505 
  0.8130386 188.3582 
  0.4799081 181.8956 
  0.1097933 175.6547 
  0.7689434 170.476 
  0.9046813 169.6279 
  0.966701 169.6279 
  0.9630166 167.1087 
  0.9526286 166.2773 
  0.9391385 166.2773 
  0.9781697 166.2773 
  0.9877766 165.4501 
  0.9941564 165.4501 
  0.9950827 164.6269 
  0.9905508 165.4501 
  0.9882778 166.2773 
  0.9836969 166.2773 
  0.9696279 166.2773 
  0.9327919 167.9442 
  0.9848284 169.6279 
  0.9811057 170.476 
  0.951399 172.185 
  0.845139 173.9112 
  0.6897199 175.6547 
  0.3158263 178.3027 
  -0.01606539 180.9906 
  -0.04454775 183.7191 
  0.0161227 186.4887 
  -0.1815739 189.3 
  -0.1912693 192.1537 
  0.05501132 195.0505 
  0.0683294 197.9909 
  -0.09924114 200.9756 
  0.3585898 204.0054 
  0.6537213 186.4887 
  0.5955573 180.0902 
  0.8219126 175.6547 
  0.9832953 173.9112 
  0.9938415 173.9112 
  0.9952996 173.9112 
  0.9908521 173.9112 
  0.9886508 173.9112 
  0.9834258 173.9112 
  0.9630903 172.185 
  0.9099051 171.3284 
  0.8357702 170.476 
  0.8902363 173.9112 
  0.9986759 175.6547 
  0.9975457 175.6547 
  0.9970498 175.6547 
  0.9951788 175.6547 
  0.6849884 176.533 
  0.6981425 176.533 
  0.5742986 174.7808 
  0.6625205 173.046 
  0.6332023 173.9112 
  0.9938731 175.6547 
  0.9973111 176.533 
  0.9991567 177.4156 
  0.9948685 179.1942 
  0.9824402 180.9906 
  0.3500245 183.7191 
  0.7677564 184.6377 
  0.8934929 185.5609 
  0.9554067 187.4211 
  0.9537283 189.3 
  0.9455659 192.1537 
  0.9504077 195.0505 
  0.9508471 197.9909 
  0.9619113 200.9756 
  0.9657909 204.0054 
  0.9617844 206.0505 
  0.9547797 208.1162 
  0.9438416 209.1568 
  0.9276726 209.1568 
  0.651878 209.1568 
  0.545551 209.1568 
  0.6675956 209.1568 
  -0.15252 209.1568 
  -0.1076874 209.1568 
  -0.132486 209.1568 
  0.03774453 210.2025 
  0.4887913 210.2025 
  0.7454744 206.0505 
  0.9547884 202.9904 
  0.946442 198.9809 
  0.9622253 196.0257 
  0.9515694 194.0801 
  0.8741387 193.1145 
  0.9470471 189.3 
  0.956126 189.3 
  0.9986774 189.3 
  0.9982914 189.3 
  0.9979911 189.3 
  0.9981154 189.3 
  0.9985065 189.3 
  0.9972645 190.2465 
  0.99219 192.1537 
  0.9407566 194.0801 
  0.9625854 195.0505 
  0.9752112 195.0505 
  0.9984443 195.0505 
  0.9993224 195.0505 
  0.9995912 195.0505 
  0.9961569 196.0257 
  0.988844 198.9809 
  0.9852825 202.9904 
  0.9920213 206.0505 
  0.9772177 207.0808 
  0.9291542 205.0254 
  0.8553979 201.9805 
  0.9628899 202.9904 
  0.9862735 204.0054 
  0.9993728 205.0254 
  0.9933922 202.9904 
  0.9901518 200.9756 
  0.9731184 197.9909 
  0.9486703 193.1145 
  0.929294 187.4211 
  0.9642091 183.7191 
  0.9731523 180.9906 
  0.9630697 178.3027 
  0.9465536 175.6547 
  0.9578043 172.185 
  0.9923289 169.6279 
  0.9945891 168.784 
  0.9984565 168.784 
  0.9936779 167.9442 
  0.9940889 167.9442 
  0.99323 166.2773 
  0.9884509 165.4501 
  0.9834179 164.6269 
  0.9826792 163.8079 
  0.9784389 163.8079 
  0.9642863 162.9929 
  0.9628707 162.9929 
  0.9600737 162.182 
  0.9757783 161.3751 
  0.9929121 160.5723 
  0.9948207 160.5723 
  0.9791896 160.5723 
  0.9746366 159.7734 
  0.9688321 159.7734 
  0.9495902 159.7734 
  0.9525172 158.9785 
  0.9356074 158.1876 
  0.8836583 157.4006 
  0.3854147 158.1876 
  0.2346023 159.7734 
  0.03478992 162.9929 
  0.1033076 172.185 
  0.1428875 176.533 
  0.05195826 175.6547 
  0.6329437 174.7808 
  0.9731123 173.046 
  0.9665163 171.3284 
  0.9435895 169.6279 
  0.8724805 168.784 
  0.7648152 168.784 
  0.4882775 168.784 
  0.1653234 168.784 
  -0.07029586 169.6279 
  -0.05132341 170.476 
  -0.03028622 171.3284 
  0.8672534 172.185 
  0.8890917 169.6279 
  0.9195636 167.1087 
  0.8927181 163.8079 
  0.9303471 162.182 
  0.9849575 159.7734 
  0.985949 158.9785 
  0.9801483 158.9785 
  0.9874895 158.9785 
  0.9925131 158.9785 
  0.9735735 158.1876 
  0.9371989 158.9785 
  0.9394588 158.9785 
  0.9523602 160.5723 
  0.975253 162.182 
  0.9788034 162.9929 
  0.986904 163.8079 
  0.9885752 163.8079 
  0.9885715 163.8079 
  0.9821846 163.8079 
  0.9685612 162.9929 
  0.9379832 161.3751 
  0.7739841 157.4006 
  -0.01268444 145.328 
  -0.1039674 134.1814 
  -0.07566709 123.8897 
  -0.2656663 114.3874 
  -0.03311012 105.614 
  0.3538783 97.02828 
  0.8851753 94.1677 
  0.9350874 93.6992 
  0.7185621 94.63854 
  0.7655476 95.5873 
  0.9777912 96.54556 
  0.9794315 96.54556 
  0.7930386 96.06523 
  0.5302622 95.5873 
  0.3999658 94.63854 
  0.07977636 95.5873 
  0.1641637 95.5873 
  0.1427224 95.5873 
  0.1935653 95.5873 
  0.2505538 95.5873 
  0.3699305 95.5873 
  0.1969333 95.5873 
  -0.09632104 95.5873 
  -0.04458715 95.5873 
  -0.1014511 95.5873 
  0.03082489 95.5873 
  0.08373062 95.5873 
  0.02287691 95.5873 
  0.09506629 95.5873 
  0.1187559 95.5873 
  -0.002867733 95.5873 ]
