 [
  -0.1609887 104.0455 
  -0.08645574 104.0455 
  -0.1568436 104.0455 
  -0.05886206 104.0455 
  -0.04181836 104.0455 
  -0.06012365 104.0455 
  0.03994744 104.0455 
  -0.006719068 104.0455 
  -0.05384037 104.0455 
  0.04978142 104.0455 
  0.6961814 104.0455 
  -0.3721828 104.0455 
  0.6979513 104.0455 
  0.7863207 106.142 
  0.8560561 109.3664 
  0.9448093 112.6886 
  0.9525906 116.1118 
  0.953071 119.639 
  0.962466 122.6601 
  0.9654077 124.5092 
  0.9701327 125.7574 
  0.9607284 127.6532 
  0.9569411 130.8766 
  0.9779686 132.1886 
  0.9929689 132.8496 
  0.9736763 132.8496 
  0.968135 132.8496 
  0.9619361 130.8766 
  0.9729959 130.8766 
  0.9677212 130.2255 
  0.9293981 128.9329 
  0.8778032 127.6532 
  0.781755 125.7574 
  0.1446893 127.6532 
  0.1180968 128.2915 
  0.1074655 128.9329 
  -0.0269837 130.2255 
  -0.1715947 131.531 
  -0.04681683 132.8496 
  -0.04651935 134.1814 
  0.718389 131.531 
  0.6965228 127.0181 
  0.7580693 123.2734 
  0.8113571 119.0438 
  0.8896969 116.1118 
  0.9016374 113.2521 
  0.8971136 111.5702 
  0.931209 108.8223 
  0.9763333 107.2061 
  0.9341641 105.614 
  0.9794004 104.5657 
  0.9782324 104.5657 
  0.7988565 104.0455 
  0.5893496 102.5003 
  0.9002109 103.5278 
  0.9724193 103.5278 
  0.9275221 102.5003 
  0.8733235 101.4829 
  0.6789012 101.4829 
  0.5181221 102.5003 
  0.3107737 104.0455 
  0.08190345 105.614 
  -0.1090851 107.7421 
  0.1280671 109.3664 
  0.09649515 111.0151 
  0.2061194 112.6886 
  0.2940997 114.3874 
  0.07998151 116.6924 
  0.1813748 118.4515 
  0.6889749 120.2372 
  0.7846706 119.0438 
  0.9243854 118.4515 
  0.980651 117.8622 
  0.9464383 117.2759 
  0.936031 117.2759 
  0.9395024 117.8622 
  0.9443718 117.8622 
  0.9510438 117.8622 
  0.928524 117.2759 
  0.9270353 116.6924 
  0.9473032 115.5342 
  0.8395365 113.2521 
  0.7533168 111.5702 
  0.7891518 109.3664 
  0.7797847 107.2061 
  0.6761918 106.6728 
  0.7807792 106.142 
  0.9802076 104.5657 
  0.8405368 104.0455 
  0.8481488 102.5003 
  0.6722645 98.98344 
  0.873822 98.491 
  0.8787871 97.51342 
  0.9212721 97.51342 
  0.9445353 97.02828 
  0.9509183 97.02828 
  0.9707156 96.54556 
  0.9551111 97.02828 
  0.9478942 96.54556 
  0.8663542 95.5873 
  0.8014581 94.63854 
  0.9274341 92.30766 
  0.9376448 92.30766 
  0.8021812 92.7692 
  0.2288428 94.1677 
  0.5718617 95.5873 
  0.8103785 97.02828 
  0.8557904 98.491 
  0.9229675 98.98344 
  0.9489112 98.491 
  0.6851702 96.54556 
  0.7058994 93.23304 
  0.175574 91.39146 
  -0.1502127 91.84841 
  -0.04231651 92.7692 
  -0.2041947 93.6992 
  -0.007155933 94.63854 
  0.03661622 96.06523 
  0.07423161 97.51342 
  0.2688458 97.51342 
  0.6261715 98.98344 
  0.2649429 98.491 
  0.4385947 99.97575 
  0.2115797 100.978 
  0.3518524 114.3874 
  0.9348379 114.9594 
  0.88003 116.1118 
  0.9760262 117.8622 
  0.9832355 119.0438 
  0.9156222 119.0438 
  0.8157302 117.8622 
  0.9058402 114.3874 
  0.8591865 113.2521 
  0.5044042 112.128 
  0.1600982 111.5702 
  0.03519663 111.0151 
  0.08291535 110.4628 
  0.08686391 109.9132 
  -0.0655607 109.3664 
  -0.02576135 108.2809 
  0.05584724 107.2061 
  0.09540023 106.6728 
  -0.005746301 106.6728 
  0.5364831 106.6728 
  0.6556818 107.2061 
  0.3173336 106.6728 
  0.1116858 104.5657 
  0.5850812 97.02828 
  0.1927604 91.39146 
  0.1858509 96.54556 
  0.3211543 93.23304 
  0.6055521 94.1677 
  0.8523185 92.7692 
  0.9301829 93.23304 
  0.939294 93.23304 
  0.9633873 93.6992 
  0.9525589 94.1677 
  0.8675191 93.23304 
  0.7389578 93.23304 
  0.06933114 97.51342 
  0.7190059 101.4829 
  0.8843451 100.4756 
  0.688751 97.51342 
  0.4040653 98.00098 
  0.4294189 87.3798 
  0.3430884 90.03418 
  0.4577112 92.30766 
  0.5883484 91.39146 
  0.1566226 89.58624 
  0.510886 86.0821 
  0.8228277 85.65383 
  0.7800725 85.2277 
  0.964443 83.96195 
  0.3920084 82.71502 
  0.6563027 94.1677 
  0.3234113 92.7692 
  0.2740053 90.03418 
  0.4434121 88.69706 
  0.7787132 92.7692 
  0.9085677 92.30766 
  0.6844882 93.6992 
  0.2185815 95.5873 
  0.2854462 97.51342 
  0.1895475 99.97575 
  0.3996206 102.5003 
  0.7845802 104.5657 
  0.8766495 105.614 
  0.7644667 103.0128 
  0.6965131 101.4829 
  0.28781 107.7421 
  0.3470227 95.5873 
  0.5685004 98.491 
  0.5648268 103.0128 
  0.5273992 104.0455 
  0.5543038 104.5657 
  0.8337417 106.6728 
  0.8539059 106.6728 
  0.8059883 108.2809 
  0.776963 108.8223 
  0.886367 110.4628 
  0.8181543 110.4628 
  0.8971368 112.6886 
  0.2846142 112.6886 
  0.1092739 113.8184 
  -0.1146239 114.3874 
  -0.05468613 115.5342 
  0.08842075 116.6924 
  -0.09612855 117.2759 
  -0.1187191 118.4515 
  0.1481704 119.0438 
  0.06228574 119.639 
  -0.07828133 120.8384 
  0.03682064 122.0498 
  0.8696887 122.6601 
  0.3552439 122.0498 
  0.2523323 120.8384 
  0.3312375 98.98344 
  0.8350544 98.98344 
  0.922244 98.98344 
  0.9032502 98.491 
  0.846014 97.51342 
  0.6786168 96.54556 
  0.2496397 96.54556 
  0.1475418 97.02828 
  -0.1852821 97.02828 
  -0.1522826 97.02828 
  0.03035396 97.02828 
  0.1792192 97.51342 
  0.1321092 97.51342 
  0.2138672 97.51342 
  -0.02482235 97.51342 
  -0.06943546 97.51342 
  -0.2244771 97.51342 
  0.09842837 98.00098 
  -0.05498601 98.491 
  0.7357935 98.491 
  0.7327827 98.491 
  0.466356 98.491 
  0.1532044 105.614 
  0.6104101 106.6728 
  0.340109 108.2809 
  0.3504981 106.6728 
  0.4092155 99.47836 
  0.9553469 99.47836 
  0.9545686 98.98344 
  0.7190526 98.98344 
  0.7148376 97.02828 
  0.790355 96.54556 
  0.9789282 96.06523 
  0.9833596 96.06523 
  0.9824342 96.06523 
  0.9867208 95.5873 
  0.9828334 95.5873 
  0.9815909 95.11173 
  0.9722485 95.11173 
  0.9863355 94.63854 
  0.9923071 94.63854 
  0.9479045 94.1677 
  0.9144253 93.6992 
  0.3010273 93.6992 
  0.3573635 94.63854 
  0.4355906 96.06523 
  0.6236232 98.00098 
  0.4698416 98.98344 
  0.3331657 100.978 
  0.2757886 106.142 
  0.3384342 106.142 
  0.228699 99.97575 
  0.6011062 100.4756 
  0.5589936 97.02828 
  0.9097847 95.5873 
  0.9749007 97.02828 
  0.7649271 96.54556 
  0.5498489 95.11173 
  0.8885708 98.00098 
  0.9903225 98.491 
  0.9887168 98.98344 
  0.8690099 98.98344 
  0.6152543 98.98344 
  0.2494502 98.98344 
  0.3510314 98.98344 
  0.210727 98.98344 
  0.1025195 98.491 
  0.1742313 98.00098 
  0.2237706 98.00098 
  -0.1164821 98.00098 
  0.06516268 98.00098 
  -0.1016521 98.00098 
  -0.1448536 98.00098 
  -0.2308713 98.00098 
  0.1403066 98.00098 
  0.1226412 98.00098 
  0.4018554 98.00098 
  0.1834987 98.00098 
  0.1735567 98.491 
  0.5945654 98.98344 
  0.2259814 91.39146 
  0.784279 90.93677 
  0.8316914 92.30766 
  0.8319334 92.30766 
  0.8298211 91.84841 
  0.9140912 91.39146 
  0.8518069 91.84841 
  0.8542933 93.23304 
  0.7124137 94.1677 
  0.5338354 96.06523 
  0.3838956 97.02828 
  0.3544062 98.00098 
  0.01847165 99.47836 
  0.09874848 101.4829 
  0.1290935 103.5278 
  0.5392933 105.614 
  0.8137147 105.0885 
  0.8663014 103.0128 
  0.9291848 103.0128 
  0.96786 103.0128 
  0.9763938 103.0128 
  0.9916377 103.5278 
  0.9952819 104.0455 
  0.9882982 104.5657 
  0.9833046 104.5657 
  0.9257028 104.0455 
  0.7204385 103.5278 
  0.2555442 100.978 
  0.6530235 100.978 
  0.9220091 100.4756 
  0.8857789 100.4756 
  0.8894545 100.4756 
  0.7544177 100.978 
  0.6724776 101.4829 
  0.5244262 102.5003 
  0.461456 103.5278 
  0.3422081 104.5657 
  0.1742507 106.142 
  0.5056893 107.7421 
  0.8157854 107.2061 
  0.867653 105.0885 
  0.9619771 103.0128 
  0.9873261 102.5003 
  0.9776694 102.5003 
  0.9550031 101.9903 
  0.9491072 101.9903 
  0.9546466 102.5003 
  0.9468716 101.9903 
  0.9315029 100.978 
  0.8229423 98.98344 
  0.9214537 97.51342 
  0.9641011 96.54556 
  0.973159 97.02828 
  0.9772824 97.51342 
  0.9576876 98.00098 
  0.9624975 98.00098 
  0.816758 97.02828 
  0.7973282 95.11173 
  0.8772229 93.6992 
  0.812473 93.23304 
  0.9367657 94.1677 
  0.9817039 94.63854 
  0.9624628 94.63854 
  0.9187106 96.06523 
  0.9260214 96.06523 
  0.8965442 95.5873 
  0.7982917 95.11173 
  0.6980808 94.1677 
  -0.1420905 96.06523 
  0.6431571 97.51342 
  0.295625 98.98344 
  -0.3505971 100.4756 
  -0.02885777 101.9903 
  -0.1204167 103.5278 
  -0.02695663 105.0885 
  -0.02975105 106.142 
  0.115238 106.6728 
  0.2721886 107.2061 
  0.8271728 107.2061 
  0.433705 96.54556 
  0.6809027 96.06523 
  0.9652348 96.06523 
  0.8396692 96.54556 
  0.8490142 97.51342 
  0.9021534 98.00098 
  0.9200771 97.02828 
  0.8685183 96.54556 
  0.772346 95.5873 
  0.8052011 97.02828 
  0.8688042 98.00098 
  0.839272 98.00098 
  0.5229856 98.00098 
  0.03403168 98.491 
  0.2180403 98.98344 
  0.08708717 99.47836 
  0.08095285 99.97575 
  0.1073643 99.97575 
  -0.2127035 99.97575 
  -0.0767598 99.97575 
  0.1134826 100.4756 
  0.1699735 100.978 
  0.007480115 101.4829 
  0.1725783 101.4829 
  0.5226421 100.978 
  0.001201365 99.97575 
  -0.01753412 98.491 
  0.02326122 97.02828 
  0.2719693 96.06523 
  0.5224632 95.11173 
  0.7459273 94.63854 
  0.8368763 94.63854 
  0.8422621 94.63854 
  0.7778976 94.63854 
  0.7277091 94.63854 
  0.8223979 94.63854 
  0.5428674 94.63854 
  0.1507936 94.63854 
  -0.1151378 94.63854 
  0.3924042 94.63854 
  0.3536468 94.63854 
  0.253956 94.63854 
  0.128006 94.63854 
  0.03919689 94.63854 
  -0.1104945 94.63854 
  -0.09818305 94.63854 
  -0.05963758 94.63854 
  0.1849755 94.63854 
  -0.4576078 94.63854 
  -0.3929396 94.63854 
  -0.01002087 94.63854 
  -0.06877889 94.63854 
  0.3860215 94.63854 
  0.07223123 94.63854 
  -0.02547403 94.63854 
  -0.1091732 94.63854 
  0.01935158 94.63854 
  -0.2768496 94.63854 
  -0.2282954 94.63854 
  -0.30447 94.63854 
  0.06720813 94.63854 
  -0.05870906 94.63854 
  -0.3182583 94.63854 
  -0.2074791 94.63854 
  0.1437506 94.63854 
  0.4802175 94.63854 
  -0.09968044 94.63854 ]
