 [
  -0.07069588 236.9318 
  0.1889095 236.9318 
  -0.2485358 236.9318 
  -0.1544197 236.9318 
  0.0122715 236.9318 
  0.01356 236.9318 
  0.04504457 236.9318 
  -0.2419154 236.9318 
  -0.3406762 236.9318 
  -0.4121411 236.9318 
  -0.06554834 236.9318 
  -0.3358226 236.9318 
  -0.2408485 236.9318 
  0.1362941 236.9318 
  0.2250192 236.9318 
  0.6032861 235.753 
  0.6287776 220.9523 
  0.6821595 210.2025 
  0.9016801 209.1568 
  0.9295736 206.0505 
  0.9519335 206.0505 
  0.9871293 206.0505 
  0.9828705 207.0808 
  0.9459117 209.1568 
  0.9544303 211.2535 
  0.9930144 213.3714 
  0.9946791 214.4382 
  0.9708308 214.4382 
  0.9575914 215.5104 
  0.9238039 217.6709 
  0.8951755 213.3714 
  0.9102449 211.2535 
  0.800148 213.3714 
  0.4210499 216.5879 
  0.1577605 219.853 
  0.102341 223.1673 
  0.5647865 226.5316 
  0.8595757 231.0963 
  0.9673852 233.4131 
  0.98192 235.753 
  0.9901967 236.9318 
  0.991466 238.1164 
  0.9920586 238.1164 
  0.9939397 236.9318 
  0.9931681 238.1164 
  0.9876878 236.9318 
  0.978517 235.753 
  0.9521166 231.0963 
  0.9481833 227.6642 
  0.9583188 226.5316 
  0.9592587 227.6642 
  0.9555186 231.0963 
  0.9651988 235.753 
  0.9966017 238.1164 
  0.9996359 239.307 
  0.9994916 238.1164 
  0.9986207 236.9318 
  0.9970255 235.753 
  0.9958851 233.4131 
  0.9977031 232.2518 
  0.9982582 229.9466 
  0.9989677 228.8026 
  0.99725 227.6642 
  0.9913759 226.5316 
  0.9775899 223.1673 
  0.9791728 219.853 
  0.9738079 217.6709 
  0.9169644 215.5104 
  0.8155963 213.3714 
  0.9360062 214.4382 
  0.9866072 215.5104 
  0.988663 216.5879 
  0.9685496 217.6709 
  0.886505 218.7592 
  0.5787616 220.9523 
  -0.1276556 223.1673 
  -0.09060314 226.5316 
  -0.04190511 229.9466 
  0.3895374 232.2518 
  0.8053441 233.4131 
  0.8835459 234.5801 
  0.9447545 232.2518 
  0.7660708 224.2832 
  0.8192085 213.3714 
  0.9146007 209.1568 
  0.9483284 206.0505 
  0.9682211 205.0254 
  0.9807789 204.0054 
  0.9799719 205.0254 
  0.9843146 205.0254 
  0.9797554 207.0808 
  0.9754964 209.1568 
  0.9789613 211.2535 
  0.9900705 212.3098 
  0.9858276 212.3098 
  0.9756317 213.3714 
  0.9805949 214.4382 
  0.9645148 213.3714 
  0.9257966 209.1568 
  0.8989291 206.0505 
  0.8879007 204.0054 
  0.9130313 202.9904 
  0.9224272 202.9904 
  0.9443052 202.9904 
  0.9725581 204.0054 
  0.9881268 204.0054 
  0.9923384 204.0054 
  0.9928671 204.0054 
  0.9948149 205.0254 
  0.9951514 205.0254 
  0.989898 205.0254 
  0.9843572 204.0054 
  0.9755602 202.9904 
  0.9697509 200.9756 
  0.9599429 198.9809 
  0.9378143 197.0059 
  0.9177874 196.0257 
  0.9186647 196.0257 
  0.9344624 197.0059 
  0.9588834 198.9809 
  0.9321867 200.9756 
  0.954326 199.9758 
  0.9711661 197.9909 
  0.9489294 194.0801 
  0.9137645 190.2465 
  0.9158731 185.5609 
  0.9645365 181.8956 
  0.9735626 180.0902 
  0.9494758 180.0902 
  0.8488039 180.9906 
  0.6445289 182.8051 
  0.5573097 184.6377 
  0.5372645 186.4887 
  0.1541534 188.3582 
  0.1164768 190.2465 
  0.2540161 192.1537 
  0.1626572 194.0801 
  0.2913492 196.0257 
  0.4040128 197.9909 
  0.2260701 198.9809 
  0.4760579 199.9758 
  0.8079547 198.9809 
  0.8104445 191.1978 
  0.9055927 189.3 
  0.9743318 187.4211 
  0.9595624 186.4887 
  0.9589115 185.5609 
  0.9577555 186.4887 
  0.9539479 188.3582 
  0.9729306 189.3 
  0.9674164 190.2465 
  0.9675007 192.1537 
  0.9745695 193.1145 
  0.9274532 193.1145 
  0.8719764 192.1537 
  0.5335731 191.1978 
  0.864635 193.1145 
  0.8943014 193.1145 
  0.9145976 193.1145 
  0.8705983 192.1537 
  0.8562356 190.2465 
  0.8615842 188.3582 
  0.9117834 186.4887 
  0.9178034 183.7191 
  0.738794 183.7191 
  0.1831225 184.6377 
  0.3725979 185.5609 
  0.2692315 187.4211 
  0.08099345 189.3 
  -0.1246925 190.2465 
  -0.1006686 192.1537 
  0.2847718 193.1145 
  0.06975747 195.0505 
  -0.1391786 197.0059 
  -0.1001533 197.9909 
  0.004541425 198.9809 
  0.03793472 199.9758 
  0.1194398 200.9756 
  0.210575 201.9805 
  0.4452639 202.9904 
  0.8462877 199.9758 
  0.8924377 197.0059 
  0.8426673 192.1537 
  0.9154804 189.3 
  0.9613824 188.3582 
  0.9166459 185.5609 
  0.9375377 183.7191 
  0.9680346 182.8051 
  0.7755213 180.0902 
  0.7257698 178.3027 
  0.7879506 177.4156 
  0.769748 179.1942 
  0.7053241 180.9906 
  0.85193 184.6377 
  0.9162353 188.3582 
  0.7785909 190.2465 
  0.3339075 191.1978 
  0.1221724 191.1978 
  0.1705645 191.1978 
  0.06617931 191.1978 
  0.07196233 191.1978 
  -0.2266607 191.1978 
  -0.06393761 191.1978 
  0.01012837 191.1978 
  0.08618452 191.1978 
  0.2016744 191.1978 
  0.2255254 191.1978 
  -0.04228496 191.1978 
  0.2138574 191.1978 
  0.5788608 191.1978 
  0.6402338 189.3 
  0.8102152 188.3582 
  0.9612733 187.4211 
  0.9908301 185.5609 
  0.9924086 184.6377 
  0.9912829 183.7191 
  0.9843534 182.8051 
  0.9757486 181.8956 
  0.8966984 181.8956 
  -0.1559055 181.8956 
  0.1376071 180.9906 
  0.6325082 181.8956 
  0.8870077 181.8956 
  0.9916718 182.8051 
  0.997636 181.8956 
  0.997255 182.8051 
  0.9973832 182.8051 
  0.9996229 183.7191 
  0.9969217 183.7191 
  0.9912289 182.8051 
  0.9853485 180.9906 
  0.9805721 180.0902 
  0.963127 180.9906 
  0.9288245 181.8956 
  0.9091985 180.0902 
  0.9244601 178.3027 
  0.888485 176.533 
  0.8648697 173.046 
  0.9181178 169.6279 
  0.9528388 167.9442 
  0.9828381 167.9442 
  0.9267592 168.784 
  0.9384925 171.3284 
  0.9605813 173.046 
  0.9791762 174.7808 
  0.9850584 175.6547 
  0.9893162 176.533 
  0.9844244 176.533 
  0.9018018 175.6547 
  0.8453465 175.6547 
  0.6139319 174.7808 
  0.6785094 176.533 
  0.7429689 178.3027 
  0.939764 180.0902 
  0.9848092 180.0902 
  0.9981869 180.0902 
  0.9458931 180.0902 
  0.853474 180.0902 
  0.9257086 179.1942 
  0.9924339 178.3027 
  0.9916773 178.3027 
  0.9845791 176.533 
  0.9836994 175.6547 
  0.989343 174.7808 
  0.9947758 173.046 
  0.9946327 172.185 
  0.9896977 173.046 
  0.9744133 173.046 
  0.9511799 172.185 
  0.9425219 171.3284 
  0.962708 169.6279 
  0.9726222 168.784 
  0.7691616 169.6279 
  0.2920364 172.185 
  0.3107989 180.0902 
  0.1672394 178.3027 
  0.2287994 166.2773 
  0.1615483 163.8079 
  -0.05497807 163.8079 
  -0.182458 164.6269 
  -0.1559901 166.2773 
  -0.04984384 168.784 
  0.07220143 171.3284 
  0.1184427 173.9112 
  0.1940666 175.6547 
  0.3026547 177.4156 
  0.1538222 179.1942 
  -0.2171107 180.9906 
  0.2095018 180.0902 
  0.5072927 178.3027 
  0.7938353 174.7808 
  0.931636 174.7808 
  0.9711733 173.9112 
  0.9791394 172.185 
  0.9888542 172.185 
  0.9725415 173.046 
  0.9806066 175.6547 
  0.9796065 177.4156 
  0.9695026 178.3027 
  0.9339653 179.1942 
  0.8085334 178.3027 
  0.5529014 178.3027 
  0.05776482 179.1942 
  -0.07234318 180.0902 
  -0.01192653 180.0902 
  0.01147274 180.0902 
  0.1758811 180.0902 
  0.06615468 180.0902 
  0.04160908 180.0902 
  -0.2059506 180.0902 
  -0.01495691 180.9906 
  0.1185339 181.8956 
  0.1021379 182.8051 
  0.1303322 180.9906 
  0.06064035 181.8956 
  0.4213584 180.9906 
  0.6902511 182.8051 
  0.8029372 183.7191 
  0.4970762 182.8051 
  -0.01051014 180.9906 
  0.0851879 178.3027 
  -0.006220475 176.533 
  0.2339217 176.533 
  0.1078177 176.533 
  -0.1719492 176.533 
  -0.158501 176.533 
  -0.1630018 176.533 
  -0.04263304 176.533 
  0.1655098 176.533 
  0.240194 176.533 
  0.4281799 176.533 
  0.3475139 176.533 
  0.1745569 176.533 
  0.03763522 176.533 
  0.0271246 176.533 
  0.1603966 176.533 
  0.06901401 176.533 
  -0.007333295 176.533 
  -0.05601482 176.533 
  -0.001074512 176.533 
  0.06204694 176.533 
  -0.02178622 176.533 
  0.006367505 176.533 
  0.1278832 176.533 
  0.01262999 176.533 
  0.06885595 176.533 
  0.06035427 176.533 
  -0.02502941 176.533 
  0.08013974 176.533 
  0.1353552 176.533 
  -0.04932535 176.533 
  -0.1137718 176.533 
  -0.06423152 176.533 
  0.1617192 176.533 
  0.2047719 176.533 
  0.07009958 176.533 
  0.02650138 176.533 ]
