 [
  -0.1293581 112.6886 
  -0.2329888 112.6886 
  -0.1654596 112.6886 
  -0.1136875 112.6886 
  -0.04520116 112.6886 
  -0.1889406 112.6886 
  -0.4097439 112.6886 
  0.06003729 112.6886 
  0.1828058 112.6886 
  0.6402044 112.6886 
  0.4219848 112.6886 
  -0.3325758 112.6886 
  0.570169 112.6886 
  0.2169409 118.4515 
  0.3332591 108.2809 
  0.3175692 114.9594 
  0.7215837 114.9594 
  0.8161709 114.9594 
  0.7610002 113.8184 
  0.6761625 116.6924 
  0.7993962 117.8622 
  0.57559 114.3874 
  0.3437038 112.6886 
  0.01303267 111.0151 
  0.02501594 109.9132 
  0.1958075 108.8223 
  0.1327586 107.7421 
  0.01910605 107.2061 
  0.03633721 106.142 
  0.04890103 105.614 
  -0.03359307 105.0885 
  0.03212823 104.5657 
  0.4530389 103.5278 
  0.5438989 99.97575 
  0.637806 100.978 
  0.603541 103.0128 
  0.3632471 103.0128 
  0.5986769 104.5657 
  0.8810424 105.614 
  0.9610567 107.2061 
  0.9350008 108.8223 
  0.8933588 111.0151 
  0.8496801 113.8184 
  0.5777306 116.6924 
  0.5774502 119.639 
  0.8016554 118.4515 
  0.9675069 117.8622 
  0.9875964 117.8622 
  0.9869035 119.0438 
  0.9872822 120.8384 
  0.9930832 122.0498 
  0.9857018 122.6601 
  0.9355887 122.0498 
  0.8951483 120.8384 
  0.9593346 120.8384 
  0.9866822 122.6601 
  0.9941767 123.2734 
  0.995616 123.2734 
  0.9977169 123.2734 
  0.952792 123.8897 
  0.7788515 128.9329 
  0.8317901 127.0181 
  0.8943179 126.3862 
  0.9824573 125.7574 
  0.9760712 126.3862 
  0.9744808 127.6532 
  0.968368 128.9329 
  0.8973656 130.8766 
  0.9163105 133.5138 
  0.9256017 134.8523 
  0.8283658 138.2575 
  0.8902687 143.1697 
  0.9442769 146.0546 
  0.9632452 147.5188 
  0.9793226 148.9977 
  0.9799154 148.9977 
  0.9770637 148.9977 
  0.979 147.5188 
  0.981604 146.7849 
  0.973087 146.0546 
  0.9476666 143.8855 
  0.954432 141.0434 
  0.9365643 138.2575 
  0.9240279 134.8523 
  0.965735 132.8496 
  0.9557065 131.531 
  0.9691542 130.2255 
  0.9623912 130.8766 
  0.9523278 131.531 
  0.9463726 132.1886 
  0.927538 132.8496 
  0.9354452 133.5138 
  0.9552076 134.1814 
  0.9601128 134.8523 
  0.9851114 134.1814 
  0.9918914 134.1814 
  0.9946954 134.8523 
  0.9967989 134.1814 
  0.9958876 133.5138 
  0.9988291 132.1886 
  0.9969357 131.531 
  0.9862077 130.2255 
  0.9602972 127.6532 
  0.936281 125.1317 
  0.8842563 121.4426 
  0.8180865 117.8622 
  0.7327349 113.8184 
  0.4538012 109.9132 
  0.4418009 107.7421 
  0.2632549 105.614 
  0.145537 103.5278 
  0.2376876 101.4829 
  0.02276231 99.47836 
  0.08640367 97.51342 
  0.05098325 95.11173 
  0.3144272 92.7692 
  0.2071808 90.48434 
  0.2417853 91.84841 
  0.09837871 94.1677 
  0.4020045 98.00098 
  0.6298462 100.4756 
  0.6142071 99.97575 
  0.5791167 99.47836 
  0.6042463 98.98344 
  0.5938166 98.491 
  0.6921441 97.51342 
  0.9925352 98.491 
  0.9753898 98.491 
  0.9724791 98.491 
  0.9827088 98.98344 
  0.9643193 98.491 
  0.852977 98.491 
  0.7145613 98.491 
  0.01694353 99.47836 
  -0.05195798 100.978 
  0.2088309 102.5003 
  0.06136338 104.0455 
  0.02256576 105.0885 
  0.05063336 106.6728 
  0.1208572 108.2809 
  0.1545709 109.9132 
  0.1191343 111.5702 
  -0.04139204 113.2521 
  0.03719592 114.9594 
  0.02501647 116.6924 
  -0.105441 118.4515 
  -0.1008968 120.2372 
  0.7667407 122.6601 
  0.5059105 123.8897 
  0.6000654 122.6601 
  0.4592277 120.2372 
  0.5369053 116.6924 
  0.09813149 113.8184 
  0.328442 111.0151 
  0.3814318 107.2061 
  0.7384486 104.5657 
  0.9663455 104.0455 
  0.9827377 105.0885 
  0.9048246 107.2061 
  0.4276414 114.3874 
  0.7344356 112.6886 
  0.8577579 112.6886 
  0.9347869 113.2521 
  0.8383568 115.5342 
  0.919463 117.8622 
  0.9508358 118.4515 
  0.8493566 118.4515 
  0.3970681 116.1118 
  0.1727912 113.8184 
  0.1124135 112.128 
  0.08314188 110.4628 
  0.2585916 108.8223 
  0.1464245 107.2061 
  -0.096018 105.614 
  -0.1100583 104.0455 
  0.03070368 102.5003 
  0.07141958 101.4829 
  -0.08546086 100.4756 
  0.2949914 99.47836 
  0.7257659 99.97575 
  0.9196963 99.47836 
  0.2478669 98.491 
  0.7947276 90.93677 
  0.4994863 92.7692 
  0.7658156 97.51342 
  0.9738151 99.47836 
  0.9683374 99.97575 
  0.7835526 100.4756 
  0.3544752 101.9903 
  -0.1934018 104.5657 
  -0.5684472 107.2061 
  0.190936 109.9132 
  0.03049986 112.6886 
  -0.05678313 115.5342 
  0.03204116 118.4515 
  0.2189212 120.8384 
  0.09129059 122.6601 
  -0.2607071 125.1317 
  -0.1236832 128.2915 
  -0.187262 131.531 
  -0.1190506 134.8523 
  -0.1377023 137.5696 
  0.769333 138.9488 
  0.6918801 134.1814 
  0.6436183 130.2255 
  0.8717785 127.0181 
  0.9738147 125.7574 
  0.9673438 125.7574 
  0.9345093 126.3862 
  0.8427175 125.7574 
  0.816909 123.8897 
  0.1257659 120.2372 
  0.2999956 117.2759 
  -0.1790365 114.3874 
  -0.03068609 111.5702 
  -0.1342864 108.8223 
  -0.03442962 106.142 
  0.0116341 103.5278 
  -0.1116145 100.4756 
  0.09886494 98.00098 
  0.07090755 95.11173 
  0.3995789 92.7692 
  0.6515532 94.1677 
  0.4318389 95.11173 
  0.5524211 96.54556 
  0.5133302 98.491 
  0.7369716 97.02828 
  0.4849149 97.51342 
  -0.133342 97.02828 
  0.3653382 96.54556 
  0.5210867 100.4756 
  0.5073222 100.4756 
  0.4118962 98.491 
  0.7867177 96.54556 
  0.9473016 97.51342 
  0.9767387 98.491 
  0.9887729 98.491 
  0.9777361 98.491 
  0.9930821 98.98344 
  0.9917412 98.98344 
  0.9909577 98.98344 
  0.9832163 98.491 
  0.9886904 98.491 
  0.9609885 98.00098 
  0.967092 97.51342 
  0.8975615 96.54556 
  0.8466741 96.06523 
  0.6992565 96.06523 
  0.7438904 95.5873 
  0.5576446 96.54556 
  0.8790288 97.51342 
  0.9060491 98.00098 
  0.9415742 98.00098 
  0.9793482 98.00098 
  0.9805645 98.00098 
  0.9482232 98.491 
  0.953177 98.98344 
  0.97883 99.47836 
  0.9779864 100.4756 
  0.9439889 102.5003 
  0.5317796 106.142 
  0.7887462 107.2061 
  0.9161252 107.2061 
  0.9060215 108.8223 
  0.9110733 111.0151 
  0.8990711 112.128 
  0.9234941 112.6886 
  0.9709728 112.6886 
  0.9861813 112.6886 
  0.9907842 112.6886 
  0.9898769 113.2521 
  0.9743772 112.6886 
  0.880284 111.0151 
  0.8767595 108.8223 
  0.7845433 107.2061 
  0.8121666 105.0885 
  0.8511459 103.0128 
  0.874119 101.4829 
  0.9428076 100.4756 
  0.905346 98.98344 
  0.8585225 97.51342 
  0.8576616 96.06523 
  0.8053666 94.63854 
  0.7505237 92.7692 
  0.8602668 91.84841 
  0.4457408 91.84841 
  0.5211416 95.11173 
  0.932988 97.51342 
  0.9455395 97.02828 
  0.9691331 96.54556 
  0.9824401 95.5873 
  0.9863246 95.11173 
  0.9940331 94.63854 
  0.9733293 94.1677 
  0.9561208 93.6992 
  0.9207017 94.1677 
  0.7902402 93.23304 
  0.7759119 92.30766 
  0.8496208 91.84841 
  0.845724 92.30766 
  0.771183 92.30766 
  0.7755989 91.39146 
  0.4290547 92.30766 
  0.08451446 95.11173 
  0.3017699 97.51342 
  -0.05191714 99.47836 
  -0.547466 101.4829 
  -0.1292003 103.0128 
  -0.1358352 104.5657 
  0.07354706 106.6728 
  -0.155926 108.8223 
  0.01816773 111.0151 
  -0.003326723 113.2521 
  0.06152266 115.5342 
  0.1277148 117.2759 
  0.1118609 119.0438 
  -0.09885583 120.8384 
  0.1583237 122.6601 
  0.1747967 124.5092 
  -0.1502875 127.0181 
  -0.1126741 129.5776 
  0.1910216 132.1886 
  0.06705941 134.8523 
  0.616818 137.5696 
  0.548082 127.0181 
  0.6687554 122.6601 
  0.6456667 117.8622 
  0.9009127 115.5342 
  0.8872528 112.6886 
  0.7193683 109.9132 
  0.8201339 106.6728 
  0.6970558 103.5278 
  0.6015581 98.98344 
  0.5972135 95.11173 
  0.4673681 94.1677 
  0.1831075 97.02828 
  0.7081915 99.47836 
  -0.06942648 100.4756 
  -0.09310775 102.5003 
  0.005322367 104.5657 
  0.2726589 106.6728 
  0.1237587 108.2809 
  0.1117169 109.9132 
  0.09557742 111.5702 
  0.1718666 112.128 
  0.4809474 112.128 
  0.5731104 111.0151 
  0.1783752 109.9132 
  0.3931553 108.2809 
  0.248379 104.0455 
  0.571178 99.97575 
  0.3848197 96.06523 
  0.8436044 91.84841 
  0.8823025 91.39146 
  0.88622 91.84841 
  0.4675238 93.23304 
  0.1002489 96.54556 
  0.7526761 98.00098 
  0.8083254 100.978 
  0.3908434 98.00098 
  0.5154386 98.00098 
  0.6736916 98.491 
  0.8975012 100.4756 
  0.8457898 101.4829 
  0.75996 102.5003 
  0.666793 100.4756 
  0.3587475 100.4756 
  -0.07243477 100.4756 
  -0.1800155 100.4756 
  0.1275853 100.4756 
  0.1024611 100.4756 
  0.1714974 100.4756 
  -0.08801288 100.4756 
  -0.08699264 100.978 
  0.03980754 101.4829 
  0.1162618 101.9903 
  0.1314717 101.9903 
  -0.1849287 101.9903 
  0.7268433 101.9903 
  0.5598487 107.2061 
  0.4825062 107.2061 
  0.209008 110.4628 
  0.2229576 116.6924 
  0.5476132 111.5702 
  0.5711 95.11173 
  0.3641939 97.02828 
  0.692605 98.491 
  0.8249444 98.98344 
  0.9369092 97.51342 
  0.7820753 96.06523 
  0.6540112 94.1677 
  0.6079882 92.30766 
  0.5292521 89.14054 
  0.4252424 86.51251 
  0.6105668 82.3035 
  0.02886721 80.6778 
  0.03197712 81.4866 
  0.7121311 83.54424 
  0.8626399 82.71502 
  0.6847963 82.71502 
  0.5642523 83.12859 
  0.568496 83.96195 
  0.5165252 83.54424 
  0.1878177 93.23304 
  0.1788659 93.6992 
  0.3332258 93.6992 
  0.04285318 93.23304 
  0.0312119 94.63854 
  0.05164034 94.63854 
  0.06022328 94.63854 
  0.1360989 94.63854 
  0.06959289 94.63854 
  0.04228667 94.63854 
  0.06710358 94.63854 
  -0.05705227 94.63854 
  -0.1010709 94.63854 
  -0.2454789 94.63854 
  -0.4856465 94.63854 
  -0.693065 94.63854 
  -0.6628781 94.63854 
  -0.6322429 94.63854 
  -0.5503112 94.63854 
  -0.5810117 94.63854 
  -0.5624532 94.63854 
  -0.4379389 94.63854 
  -0.3095701 94.63854 ]
