 [
  -0.008336201 207.0808 
  -0.1179253 207.0808 
  0.1071628 207.0808 
  0.2072489 207.0808 
  0.1652116 207.0808 
  0.003347647 207.0808 
  -0.2877537 207.0808 
  0.1134547 207.0808 
  -0.08888546 207.0808 
  -0.1420604 207.0808 
  0.09193245 207.0808 
  -0.1528419 207.0808 
  -0.06893013 207.0808 
  0.7647069 207.0808 
  0.7585724 207.0808 
  0.8043119 197.9909 
  0.8703136 196.0257 
  0.8732054 194.0801 
  0.7804499 189.3 
  0.8077496 184.6377 
  0.7405624 182.8051 
  0.7379535 183.7191 
  0.8984314 186.4887 
  0.9115993 192.1537 
  0.9288701 198.9809 
  0.9849745 202.9904 
  0.9935108 205.0254 
  0.9623997 206.0505 
  0.9128139 208.1162 
  0.3066541 212.3098 
  0.1386448 217.6709 
  0.317182 223.1673 
  0.3989331 228.8026 
  0.4670583 231.0963 
  0.5706809 225.4046 
  0.7156808 217.6709 
  0.9087819 216.5879 
  0.9218764 214.4382 
  0.9306941 213.3714 
  0.9588838 212.3098 
  0.9675398 213.3714 
  0.9234675 214.4382 
  0.8499493 213.3714 
  0.7519822 209.1568 
  0.9241635 214.4382 
  0.9604226 219.853 
  0.9783962 220.9523 
  0.9923423 219.853 
  0.9917819 218.7592 
  0.9903393 216.5879 
  0.9835192 214.4382 
  0.9853334 210.2025 
  0.9802387 207.0808 
  0.9845624 205.0254 
  0.9462922 204.0054 
  0.9621348 201.9805 
  0.9783425 201.9805 
  0.9887537 200.9756 
  0.9854441 199.9758 
  0.9800709 198.9809 
  0.9667634 197.9909 
  0.9168952 196.0257 
  0.8819265 192.1537 
  0.850383 188.3582 
  0.8003779 187.4211 
  0.3172758 186.4887 
  -0.093318 185.5609 
  -0.2748796 184.6377 
  0.09824409 183.7191 
  -0.2626174 182.8051 
  -0.08821823 181.8956 
  -0.04616563 180.9906 
  -0.1032031 180.0902 
  -0.02149825 179.1942 
  -0.3657899 178.3027 
  0.604959 178.3027 
  0.8149443 177.4156 
  0.8931845 180.9906 
  0.8916907 183.7191 
  0.9321854 187.4211 
  0.9559999 189.3 
  0.9730693 189.3 
  0.9708304 190.2465 
  0.9469912 192.1537 
  0.9496641 196.0257 
  0.9869803 197.9909 
  0.9834144 199.9758 
  0.96484 201.9805 
  0.9074661 201.9805 
  0.7592286 204.0054 
  0.8029456 208.1162 
  0.8170599 213.3714 
  0.7035547 219.853 
  0.5467762 226.5316 
  -0.05164933 233.4131 
  0.06995432 240.5036 
  0.1526736 247.8095 
  0.2422652 256.614 
  0.7909459 256.614 
  0.8865959 255.3373 
  0.9878583 254.067 
  0.9641824 255.3373 
  0.9381123 256.614 
  0.8434107 255.3373 
  0.9411965 255.3373 
  0.8829123 255.3373 
  0.7056993 255.3373 
  0.178746 255.3373 
  0.0271231 255.3373 
  0.0003983359 255.3373 
  -0.0007916106 255.3373 
  0.01690017 255.3373 
  0.2465486 255.3373 
  0.1397202 255.3373 
  0.1458697 255.3373 
  -0.09085692 255.3373 
  -0.09593428 255.3373 
  -0.07837673 255.3373 
  -0.1308299 255.3373 
  -0.07266585 255.3373 
  -0.08254773 255.3373 
  -0.1204665 255.3373 
  -0.1661398 255.3373 
  -0.08150138 255.3373 
  -0.1714004 255.3373 
  0.188084 255.3373 
  0.2235824 255.3373 
  0.3287877 255.3373 
  0.4798531 255.3373 
  0.5092219 255.3373 
  0.2684252 255.3373 
  0.1586757 255.3373 
  0.1689906 255.3373 
  0.3829112 255.3373 
  0.3685205 255.3373 ]
