 [
  -0.09391503 206.0505 
  -0.03252351 206.0505 
  0.1145053 206.0505 
  0.01973779 206.0505 
  -0.1227755 206.0505 
  -0.07168268 206.0505 
  0.003682643 206.0505 
  0.1131411 206.0505 
  0.06336515 206.0505 
  0.0206471 206.0505 
  0.188795 206.0505 
  0.07243963 206.0505 
  0.1003124 206.0505 
  -0.014036 206.0505 
  0.105323 206.0505 
  -0.1653897 206.0505 
  -0.1454558 206.0505 
  -0.1949449 206.0505 
  -0.05580719 206.0505 
  -0.1267872 206.0505 
  0.07811784 206.0505 
  0.1496304 206.0505 
  0.1876128 206.0505 
  0.1253548 206.0505 
  0.0953117 206.0505 
  0.03550477 206.0505 
  0.1365334 206.0505 
  0.1823103 206.0505 
  0.1652439 206.0505 
  0.06337152 206.0505 
  0.1150297 206.0505 
  0.03964418 206.0505 
  0.3650356 206.0505 
  0.6895186 206.0505 
  0.8759875 205.0254 
  0.9489048 206.0505 
  0.9886135 208.1162 
  0.9950467 210.2025 
  0.982476 211.2535 
  0.9280025 210.2025 
  0.8262872 210.2025 
  0.9374475 211.2535 
  0.9530371 209.1568 
  0.8086104 207.0808 
  0.7021859 206.0505 
  -0.2079565 204.0054 
  -0.1532593 202.9904 
  -0.18693 201.9805 
  0.04229769 199.9758 
  0.2624213 197.9909 
  0.6091804 195.0505 
  0.8560672 194.0801 
  0.9500273 191.1978 
  0.9594445 188.3582 
  0.9888316 184.6377 
  0.9878854 183.7191 
  0.9947857 181.8956 
  0.9987143 180.9906 
  0.996503 180.9906 
  0.9960275 181.8956 
  0.9982787 182.8051 
  0.9683686 181.8956 
  0.8996969 180.9906 
  0.4566754 184.6377 
  0.4103693 195.0505 
  0.08225322 199.9758 
  -0.3703823 192.1537 
  -0.7854143 184.6377 
  -0.6936031 177.4156 
  -0.6694382 170.476 
  -0.3282811 164.6269 
  -0.01131959 158.9785 
  -0.2677939 152.7601 
  0.7076879 146.0546 
  0.8765483 141.7487 
  0.9426413 139.6435 
  0.9822559 136.8852 
  0.908267 134.1814 
  0.7470306 130.8766 
  0.6999804 127.6532 
  0.7781856 125.1317 
  0.9526257 125.7574 
  0.9873163 125.7574 
  0.9855846 126.3862 
  0.9744046 127.0181 
  0.9574579 129.5776 
  0.9235053 131.531 
  0.6595252 136.2042 
  0.8287736 136.2042 
  0.8905763 136.8852 
  0.9416528 138.2575 
  0.9610182 140.3417 
  0.9611403 141.7487 
  0.965251 143.8855 
  0.9939814 144.605 
  0.9951602 145.328 
  0.9937882 145.328 
  0.974417 146.0546 
  0.9488846 146.0546 
  0.8970025 145.328 
  0.9330719 143.1697 
  0.9050659 141.7487 
  0.9506435 140.3417 
  0.9121159 137.5696 
  0.8434051 135.5266 
  0.4692504 134.8523 
  -0.02141092 136.2042 
  -0.1975682 137.5696 
  0.4333994 139.6435 
  0.8577645 140.3417 
  0.8894365 139.6435 
  0.9405735 138.9488 
  0.9817922 138.9488 
  0.9737176 140.3417 
  0.9569294 141.7487 
  0.9666697 143.8855 
  0.9478016 146.0546 
  0.8857257 148.9977 
  0.9260124 152.0001 
  0.9887511 154.2915 
  0.9821779 152.7601 
  0.9672343 150.4914 
  0.9501008 148.2564 
  0.9238445 146.7849 
  0.8780205 144.605 
  0.4098058 142.4574 
  0.09411062 140.3417 
  0.1220072 138.2575 
  -0.08849826 136.2042 
  -0.1368209 133.5138 
  -0.008304015 130.8766 
  0.04684658 128.2915 
  -0.02668255 125.7574 
  -0.1206195 123.2734 
  -0.02860285 120.8384 
  0.1180561 118.4515 
  0.5668401 119.639 
  0.6549017 122.0498 
  0.9492033 123.2734 
  0.9673363 122.6601 
  0.925933 122.6601 
  0.888858 122.0498 
  0.8616769 123.2734 
  0.9917316 125.1317 
  0.9873792 126.3862 
  0.9775338 128.2915 
  0.9747672 130.2255 
  0.8726516 132.1886 
  0.8482965 134.1814 
  0.9059162 135.5266 
  0.9386148 135.5266 
  0.9473523 135.5266 
  0.9399642 135.5266 
  0.9542685 135.5266 
  0.9591585 136.2042 
  0.9261519 136.8852 
  0.9354007 136.8852 
  0.8932821 134.8523 
  0.7707388 129.5776 
  0.7451406 124.5092 
  0.8830835 122.6601 
  0.9351875 120.8384 
  0.9278934 119.639 
  0.8672621 118.4515 
  0.8375686 117.2759 
  0.6637036 116.6924 
  0.09701186 118.4515 
  0.2596257 120.2372 
  -0.2010808 122.0498 
  -0.01450974 123.8897 
  0.02868664 125.7574 
  0.01635636 127.6532 
  0.1676342 129.5776 
  -0.1147319 131.531 
  -0.01070254 133.5138 
  0.1040756 135.5266 
  -0.05933498 137.5696 
  0.08947952 139.6435 
  0.6247342 141.0434 
  0.4283963 127.6532 
  0.7915955 126.3862 
  0.8821986 126.3862 
  0.8652104 123.8897 
  0.8211506 120.2372 
  0.9489887 119.0438 
  0.9831824 117.8622 
  0.9660978 117.2759 
  0.868979 117.8622 
  0.6592202 119.639 
  0.07552233 122.6601 
  0.1347501 125.7574 
  0.291021 128.9329 
  0.2569635 132.8496 
  0.1334964 136.2042 
  0.03761294 140.3417 
  0.07997299 143.8855 
  0.01244111 147.5188 
  0.05461888 151.2439 
  0.1811007 155.8383 
  0.275801 160.5723 
  0.2911568 165.4501 
  0.2657451 170.476 
  0.5871783 175.6547 
  0.7289034 173.9112 
  0.8622671 173.9112 
  0.9450899 171.3284 
  0.9690211 168.784 
  0.9806706 167.1087 
  0.9782962 163.8079 
  0.9669923 160.5723 
  0.9489609 155.8383 
  0.8999052 151.2439 
  0.8367729 146.0546 
  0.7043996 140.3417 
  0.6461934 132.1886 
  0.9560125 132.8496 
  0.9540064 132.8496 
  0.9311956 131.531 
  0.9618918 129.5776 
  0.9825203 128.9329 
  0.9605021 130.8766 
  0.9452468 133.5138 
  0.9473303 135.5266 
  0.917383 137.5696 
  0.8954757 138.2575 
  0.5242367 137.5696 
  0.1402784 137.5696 
  -0.01679545 137.5696 
  0.1010256 137.5696 
  0.04425738 137.5696 
  0.06236776 137.5696 
  -0.2997863 136.8852 
  0.5246013 136.8852 
  0.01134989 136.8852 
  0.1568252 136.8852 
  -0.002473747 136.8852 
  -0.1263665 136.8852 
  -0.05644753 136.8852 
  -0.01116186 136.2042 
  -0.03252348 135.5266 
  -0.1361917 134.8523 
  -0.005258325 134.1814 
  -0.07609123 133.5138 
  0.6330386 132.1886 
  0.6436819 131.531 
  0.7854733 128.9329 
  0.8339483 125.1317 
  0.7892931 123.2734 
  0.8757347 120.8384 
  0.8257079 119.0438 
  0.9900209 119.0438 
  0.9823488 118.4515 
  0.9591154 117.8622 
  0.8963673 117.2759 
  0.5964175 118.4515 
  0.08097089 120.2372 
  -0.6994533 122.6601 
  -0.1495334 125.1317 
  -0.03998272 127.6532 
  0.190871 130.2255 
  0.7667308 130.2255 
  0.8914563 128.9329 
  0.9743034 127.0181 
  0.972294 125.7574 
  0.9848232 123.2734 
  0.9876665 122.6601 
  0.9648639 122.6601 
  0.7762192 123.8897 
  0.4020513 126.3862 
  -0.6097759 128.9329 
  -0.5886312 132.1886 
  -0.1763848 135.5266 
  0.1455613 138.9488 
  -0.05645257 142.4574 
  -0.09224342 146.0546 
  -0.1378322 149.7427 
  -0.04073462 153.5239 
  -0.08643438 157.4006 
  0.4439974 161.3751 
  0.6780775 164.6269 
  0.7158063 160.5723 
  0.834812 154.2915 
  0.8151388 148.9977 
  0.8992285 145.328 
  0.9915568 143.1697 
  0.9733691 141.7487 
  0.9626696 139.6435 
  0.932384 136.8852 
  0.7798858 131.531 
  0.7776203 125.7574 
  0.7111278 121.4426 
  0.542302 117.2759 
  0.5545098 108.8223 
  0.1853622 104.0455 
  0.5127204 95.11173 
  0.5272368 91.39146 
  0.6260331 82.3035 
  0.4166272 81.89403 
  0.2239852 80.6778 
  0.3335615 79.08421 
  0.08385437 79.47963 
  0.1044032 79.87703 
  0.05680821 80.27641 
  0.1029767 80.27641 
  0.004547374 80.27641 
  -0.1225771 80.27641 
  0.300472 80.27641 
  0.1908492 80.27641 
  -0.1241815 80.27641 
  -0.04665581 80.27641 
  0.04653981 80.27641 
  0.3002312 80.27641 
  0.4904389 80.27641 
  0.5907785 80.27641 
  0.4458384 80.27641 
  0.2139708 80.27641 
  -0.006718672 80.27641 
  0.03878189 80.27641 
  0.2335438 80.27641 
  0.3409326 80.27641 
  0.02466027 80.27641 
  0.02061969 80.27641 
  0.1367944 80.27641 ]
