 [
  -0.003425829 171.3284 
  0.1186336 171.3284 
  0.1023542 171.3284 
  -0.08689305 171.3284 
  0.1627209 171.3284 
  0.1778696 171.3284 
  -0.07753123 171.3284 
  0.1058221 171.3284 
  -0.02122473 171.3284 
  -0.2362665 171.3284 
  -0.09529185 171.3284 
  -0.1086248 171.3284 
  0.2081776 171.3284 
  0.1975813 171.3284 
  0.3828343 172.185 
  -0.09844293 173.9112 
  -0.1343104 175.6547 
  -0.08416249 177.4156 
  0.1929079 179.1942 
  0.07300649 180.9906 
  0.05119496 182.8051 
  -0.1385048 183.7191 
  0.1614404 184.6377 
  -0.2013286 186.4887 
  -0.005517125 188.3582 
  0.07976997 190.2465 
  0.6152177 192.1537 
  0.5692551 193.1145 
  0.007599722 195.0505 
  -0.1673464 197.0059 
  0.1000306 197.9909 
  0.3403724 199.9758 
  0.6334975 217.6709 
  0.5737529 238.1164 
  0.7800831 247.8095 
  0.9118418 259.1866 
  0.9609143 263.0938 
  0.9367587 260.4825 
  0.7067549 251.5452 
  -0.146973 241.7061 
  -0.1385349 232.2518 
  -0.09593914 224.2832 
  -0.2446914 216.5879 
  -0.04397857 210.2025 
  0.1216187 205.0254 
  -0.06297445 198.9809 
  -0.1040303 193.1145 
  0.221626 187.4211 
  0.6863052 184.6377 
  0.9265689 180.0902 
  0.9142116 175.6547 
  0.9354751 170.476 
  0.9197984 166.2773 
  0.9438639 162.9929 
  0.8685864 162.182 
  0.6866238 161.3751 
  0.4273753 160.5723 
  0.1869812 159.7734 
  0.3865575 158.1876 
  0.6879069 155.063 
  0.9219518 150.4914 
  0.9480736 150.4914 
  0.9752665 150.4914 
  0.9577 150.4914 
  0.9134697 150.4914 
  0.7709297 149.7427 
  0.2817984 152.7601 
  -0.02524454 155.8383 
  0.1381789 158.9785 
  -0.02101762 162.9929 
  -0.1042756 167.1087 
  0.0297803 170.476 
  -0.06985959 173.9112 
  -0.05968847 177.4156 
  -0.01856955 180.0902 
  0.3110398 182.8051 
  -0.01023052 184.6377 
  0.3473416 186.4887 
  -0.06427116 188.3582 
  -0.2880069 191.1978 
  0.773406 193.1145 
  0.9111872 194.0801 
  0.983681 196.0257 
  0.9912114 196.0257 
  0.995212 196.0257 
  0.9911932 195.0505 
  0.987579 194.0801 
  0.9809285 193.1145 
  0.9565977 193.1145 
  0.8954339 193.1145 
  0.7060797 187.4211 
  0.1710326 182.8051 
  -0.1678949 178.3027 
  -0.07022611 173.9112 
  0.1826557 169.6279 
  0.1622649 166.2773 
  0.2047882 163.8079 
  0.1703727 161.3751 
  0.2080673 158.9785 
  0.01968064 158.1876 
  -0.003506207 158.1876 
  -0.2003137 158.1876 
  0.2104135 157.4006 
  0.5202543 158.1876 
  0.7018011 156.6175 
  0.5308708 157.4006 
  0.4455414 162.9929 
  0.4921774 167.9442 
  0.3808598 165.4501 
  0.06811167 163.8079 
  0.2100323 162.182 
  0.2920758 165.4501 
  0.192231 169.6279 
  0.4301871 170.476 
  0.2499064 171.3284 
  0.0009484645 172.185 
  -0.1814249 173.046 
  -0.07361792 173.9112 
  0.08783107 174.7808 
  0.07640152 175.6547 
  0.09128936 176.533 
  0.1966082 175.6547 
  0.08809204 174.7808 
  0.1878599 173.046 
  0.6453575 172.185 
  0.6225666 158.9785 
  0.6175689 154.2915 
  0.7300515 147.5188 
  0.8932852 141.7487 
  0.9583759 139.6435 
  0.9516998 141.0434 
  0.9829497 143.1697 
  0.9858592 144.605 
  0.9695993 146.0546 
  0.9537401 146.7849 
  0.8922711 147.5188 
  0.6415999 148.9977 
  0.09491904 149.7427 
  0.05624153 150.4914 
  0.09168619 151.2439 
  0.02243644 152.0001 
  0.03837445 152.7601 
  0.1929231 152.7601 
  0.1478817 152.7601 
  0.09405444 152.7601 
  0.04166036 153.5239 
  0.007324741 153.5239 
  0.02797662 153.5239 
  0.6240177 150.4914 
  0.7498356 149.7427 
  0.9618757 149.7427 
  0.9688425 149.7427 
  0.9221039 149.7427 
  0.8842351 148.9977 
  0.9450996 148.9977 
  0.959093 149.7427 
  0.9783722 151.2439 
  0.9779053 152.7601 
  0.9721797 154.2915 
  0.9951252 155.8383 
  0.995487 157.4006 
  0.9834691 158.9785 
  0.880681 161.3751 
  0.8898745 164.6269 
  0.9393908 169.6279 
  0.9216585 174.7808 
  0.9231233 178.3027 
  0.9659196 181.8956 
  0.9955112 184.6377 
  0.9981335 184.6377 
  0.9766569 183.7191 
  0.9202774 182.8051 
  0.8412908 178.3027 
  0.5681137 163.8079 
  0.6217082 153.5239 
  0.7979574 151.2439 
  0.3493468 148.2564 
  0.2796094 146.0546 
  0.2838259 138.9488 
  0.3432008 118.4515 
  0.1806807 120.2372 
  0.6523836 121.4426 
  0.5574864 119.639 
  0.3107795 115.5342 
  0.1239158 111.5702 
  0.08848216 108.2809 
  -0.1083042 105.0885 
  -0.03282864 101.9903 
  -0.03700951 98.98344 
  0.120154 96.06523 
  0.05691735 93.23304 
  -0.04370781 90.48434 
  0.02485025 87.8167 
  -0.1210811 85.2277 
  -0.1622216 82.71502 
  0.0896022 80.27641 
  0.08251795 78.29926 
  0.4873348 73.38358 
  0.4881403 74.86229 
  0.6679965 75.2366 
  0.6815748 75.61279 
  0.5110687 75.2366 
  0.3628185 74.48985 
  0.2767577 74.48985 
  0.7256011 68.7765 
  0.4768414 68.7765 
  0.4365935 75.99085 
  0.2568806 74.48985 
  0.4883951 73.7505 
  0.4793352 73.38358 
  0.417914 68.43433 
  0.09779318 69.12038 
  0.2252872 70.16238 
  0.4317365 71.57619 
  0.2796391 72.6552 
  -0.1213156 73.7505 
  0.1428482 74.86229 
  0.2068064 75.61279 
  0.5490164 75.2366 
  0.306678 72.6552 
  0.5203666 71.93407 
  0.4705678 71.93407 
  0.126972 73.7505 
  0.2859362 73.38358 
  0.2684011 73.01849 
  0.0554209 72.6552 
  0.09165521 72.29374 
  -0.1511971 72.29374 
  -0.2741369 72.29374 
  -0.08539271 72.29374 
  -0.01350559 72.29374 
  -0.1092841 71.93407 
  0.03831322 71.57619 
  0.08915991 71.22009 
  0.09148796 71.22009 
  0.22143 71.22009 
  0.09876259 71.57619 
  -0.0212677 71.93407 
  0.2008159 71.93407 
  0.341943 71.57619 
  0.05876928 70.86576 
  -0.05189886 70.16238 
  -0.009861819 69.81332 
  0.04500752 69.46598 
  0.08594925 69.12038 
  0.05848141 69.12038 
  -0.2130524 69.12038 
  -0.1429891 69.12038 
  -0.1973086 69.12038 
  -0.2051889 69.12038 
  0.004323105 69.12038 
  0.211795 69.12038 
  0.04461389 69.12038 
  0.1108803 69.12038 
  0.03402593 69.12038 
  0.06384325 69.12038 
  0.03995061 69.12038 
  0.07775164 69.12038 
  0.01660311 69.12038 
  -0.0994808 69.12038 
  -0.228043 69.12038 
  0.01125639 69.12038 
  -0.001814537 69.12038 
  -0.06591919 69.12038 
  0.2121297 69.12038 
  0.1504501 69.12038 
  -0.0404331 69.12038 
  0.1410688 69.12038 
  0.05623695 69.12038 
  0.1689894 69.12038 
  0.1614731 69.12038 ]
