 [
  0.07555644 135.5266 
  0.01463235 135.5266 
  0.01147587 135.5266 
  0.1812671 135.5266 
  0.1369358 135.5266 
  0.1351554 135.5266 
  0.1382159 135.5266 
  0.1830375 135.5266 
  0.0564083 135.5266 
  0.02806263 135.5266 
  0.1927321 135.5266 
  0.00532078 135.5266 
  0.1039663 135.5266 
  0.04789045 135.5266 
  0.4995756 135.5266 
  0.6554211 134.1814 
  0.4845939 132.1886 
  0.650119 128.2915 
  0.7458718 127.0181 
  0.8369099 128.2915 
  0.7818608 126.3862 
  0.9020206 125.1317 
  0.9638872 125.1317 
  0.9710338 125.1317 
  0.9769391 125.1317 
  0.9768025 125.7574 
  0.9050336 125.7574 
  0.8407023 125.7574 
  0.7762122 125.1317 
  0.9768046 126.3862 
  0.9723688 124.5092 
  0.9511732 122.6601 
  0.9548025 120.2372 
  0.9172243 119.0438 
  0.9080451 119.0438 
  0.9119223 122.0498 
  0.9417624 123.2734 
  0.9738617 123.2734 
  0.947636 122.6601 
  0.8207681 119.639 
  0.7429981 115.5342 
  0.1124159 113.8184 
  0.0701164 117.2759 
  0.1642729 120.8384 
  0.3018613 123.8897 
  0.1700305 127.0181 
  -0.08295141 130.8766 
  0.06431673 134.1814 
  0.1446904 137.5696 
  -0.00426138 141.7487 
  -0.3488492 146.0546 
  0.4755089 150.4914 
  0.7015244 155.063 
  0.833825 154.2915 
  0.9762624 154.2915 
  0.9809866 155.8383 
  0.9740329 157.4006 
  0.9732413 159.7734 
  0.9766328 160.5723 
  0.9645746 161.3751 
  0.9230748 160.5723 
  0.8844867 158.9785 
  0.8001701 155.8383 
  0.3447365 152.0001 
  0.173189 151.2439 
  0.1689589 150.4914 
  -0.02862946 149.7427 
  0.1328059 148.9977 
  0.2590297 147.5188 
  0.859599 146.7849 
  0.8505154 149.7427 
  0.937554 151.2439 
  0.9528115 152.7601 
  0.9572793 152.7601 
  0.8807285 150.4914 
  0.8347133 146.7849 
  0.6590877 142.4574 
  0.3014096 142.4574 
  0.2610559 143.1697 
  0.1976227 143.1697 
  0.09933773 143.1697 
  0.05749664 143.1697 
  0.06056564 143.1697 
  0.1012653 143.1697 
  0.08456601 143.1697 
  0.3311383 143.1697 
  0.6597911 137.5696 
  0.9276767 135.5266 
  0.9377976 133.5138 
  0.8667009 129.5776 
  0.8462673 125.1317 
  0.8375013 121.4426 
  0.8386732 118.4515 
  0.5656663 117.8622 
  0.296549 118.4515 
  0.1618289 119.0438 
  0.1779204 119.639 
  0.03303107 120.2372 
  -0.153374 120.8384 
  0.006629016 121.4426 
  0.1318027 122.0498 
  0.1628025 122.6601 
  0.3456064 123.2734 
  0.6137809 123.8897 
  0.8362306 124.5092 
  0.7678201 128.2915 
  0.8720657 132.1886 
  0.8947905 136.8852 
  0.9621142 138.9488 
  0.9895123 140.3417 
  0.9928287 141.0434 
  0.9793885 141.0434 
  0.9287283 139.6435 
  0.8227929 136.2042 
  0.910731 131.531 
  0.9344873 130.8766 
  0.9303629 132.8496 
  0.9398798 135.5266 
  0.9695843 136.8852 
  0.9763972 136.8852 
  0.9621899 136.2042 
  0.9082649 134.1814 
  0.8467509 131.531 
  0.815813 127.6532 
  0.8899399 123.8897 
  0.9616531 120.8384 
  0.9526138 118.4515 
  0.946722 115.5342 
  0.9379339 113.2521 
  0.8606689 111.5702 
  0.6433193 111.5702 
  0.3442826 112.6886 
  -0.01203082 114.9594 
  -0.2106833 117.8622 
  0.1034982 121.4426 
  0.5443269 126.3862 
  0.7817653 128.2915 
  0.8831494 127.6532 
  0.9202623 128.2915 
  0.9572071 127.6532 
  0.9737558 128.2915 
  0.9813625 128.2915 
  0.9866135 128.2915 
  0.9710496 127.6532 
  0.959658 127.0181 
  0.9909016 125.7574 
  0.990179 125.7574 
  0.9891753 125.1317 
  0.9953602 125.1317 
  0.9924464 124.5092 
  0.9749047 123.8897 
  0.9649378 122.6601 
  0.9636012 122.0498 
  0.912974 120.8384 
  0.8638704 119.0438 
  0.9018723 117.2759 
  0.8243152 114.9594 
  0.7759371 111.5702 
  0.3709842 112.6886 
  -0.1695183 113.8184 
  0.08497567 114.9594 
  0.4347147 116.1118 
  0.3098607 117.2759 
  0.1354515 118.4515 
  0.158152 119.639 
  0.1614402 120.8384 
  0.02143016 122.6601 
  -0.19474 124.5092 
  -0.01996532 126.3862 
  0.09009464 128.2915 
  0.427929 130.2255 
  0.7910278 131.531 
  0.8531868 128.9329 
  0.8869266 126.3862 
  0.9172153 123.8897 
  0.9249576 122.0498 
  0.8965462 121.4426 
  0.6473187 121.4426 
  0.8995469 120.2372 
  0.8902473 118.4515 
  0.9212731 117.2759 
  0.9562941 115.5342 
  0.9846714 114.9594 
  0.9553034 114.3874 
  0.8585503 114.3874 
  0.629223 114.3874 
  0.3516646 113.8184 
  0.5526184 113.2521 
  0.1892866 112.6886 
  -0.1779446 112.6886 
  -0.1507687 112.6886 
  -0.04664941 112.6886 
  -0.03836706 112.6886 
  0.004582711 112.6886 
  -0.0718281 112.6886 
  -0.07181349 112.6886 
  -0.09272221 112.6886 
  -0.1247624 112.6886 
  0.01647913 112.6886 
  0.03755881 112.6886 
  -0.004685141 113.2521 
  0.3377472 113.8184 
  0.3134775 114.3874 
  0.4234583 114.9594 
  0.3522349 114.9594 
  0.7164453 114.9594 
  0.8541007 116.1118 
  0.8207319 122.6601 
  0.9048938 123.8897 
  0.9399882 125.7574 
  0.9805692 127.0181 
  0.9911278 127.6532 
  0.9769039 128.2915 
  0.9646433 128.9329 
  0.9662002 130.2255 
  0.9330958 132.1886 
  0.9345449 134.1814 
  0.9704006 135.5266 
  0.972977 135.5266 
  0.9629022 135.5266 
  0.9457691 134.8523 
  0.959246 132.8496 
  0.9651588 131.531 
  0.9705251 130.2255 
  0.9771339 130.2255 
  0.9789186 128.9329 
  0.9608806 126.3862 
  0.9253209 123.8897 
  0.8694274 120.8384 
  0.7602825 116.6924 
  0.4707305 114.9594 
  0.313644 115.5342 
  0.03161089 116.1118 
  0.09584419 116.6924 
  0.1810331 117.2759 
  0.0690143 117.8622 
  -0.1333077 118.4515 
  -0.1117286 119.0438 
  -0.1418766 119.639 
  -0.01207999 120.8384 
  -0.004829394 122.0498 
  -0.1249803 123.2734 
  -0.09945346 123.8897 
  0.1432124 124.5092 
  0.007932022 125.1317 
  0.2412578 125.7574 
  0.05321615 126.3862 
  -0.05930422 127.0181 
  0.5952245 127.6532 
  0.8304241 128.9329 
  0.9481313 128.2915 
  0.9579208 128.2915 
  0.9578941 128.9329 
  0.9484979 129.5776 
  0.9720098 130.8766 
  0.9093686 130.8766 
  0.756109 130.2255 
  0.7833555 125.1317 
  0.3978523 123.8897 
  0.0515861 123.8897 
  -0.1720111 123.8897 
  -0.1869511 123.8897 
  -0.1298793 123.8897 
  -0.09773443 123.8897 
  -0.09610926 123.8897 
  -0.2779665 123.8897 
  0.6434109 123.8897 
  0.3326044 128.2915 
  0.4340008 123.8897 
  0.5199065 120.8384 
  0.2897624 118.4515 
  0.6933411 112.128 
  -0.1285153 112.128 
  -0.08241994 112.6886 
  -0.04761454 113.2521 
  -0.09350291 113.8184 
  -0.1267352 114.3874 
  -0.2188834 114.9594 
  -0.1383199 114.9594 
  0.2462465 115.5342 
  0.08637873 116.1118 
  0.07567279 116.6924 
  0.2078811 116.6924 
  0.7419516 117.8622 
  0.861102 119.0438 
  0.8797613 117.8622 
  0.9148441 116.6924 
  0.9749531 116.6924 
  0.9864674 116.6924 
  0.9928012 116.6924 
  0.9958003 116.1118 
  0.982421 116.1118 
  0.9502834 114.9594 
  0.8498062 113.2521 
  0.7547548 110.4628 
  0.5342104 107.7421 
  0.2209453 107.7421 
  -0.207933 108.2809 
  0.02595062 108.8223 
  0.2415485 109.3664 
  0.1458962 109.9132 
  -0.177321 110.4628 
  -0.03031436 111.0151 
  0.06507877 111.5702 
  0.1033955 112.128 
  0.03919478 113.2521 
  0.1521288 114.3874 
  0.1449978 115.5342 
  0.2277601 116.6924 
  0.0720984 117.2759 
  -0.006920948 117.8622 
  -0.04873332 118.4515 
  0.001554205 119.639 
  -0.00941352 119.639 
  0.1518465 119.0438 
  0.4092 117.8622 
  0.1518385 117.2759 
  0.01787494 118.4515 
  -0.452148 120.8384 
  -0.2086477 123.2734 
  0.02842743 125.7574 
  0.4490116 128.2915 
  0.5107406 120.2372 
  0.6451895 121.4426 
  0.7359031 122.0498 
  0.7506601 121.4426 
  0.9309913 120.8384 
  0.9241465 123.2734 
  0.9480593 125.1317 
  0.9213856 126.3862 
  0.8811818 127.6532 
  0.8318359 130.2255 
  0.9899551 130.8766 
  0.9920613 130.8766 
  0.9876419 130.8766 
  0.9502927 131.531 
  0.9184817 132.1886 
  0.9042586 130.8766 
  0.9547157 129.5776 
  0.9721771 129.5776 
  0.9735431 130.2255 
  0.9769274 130.2255 
  0.9763504 129.5776 
  0.9728001 127.6532 
  0.9808587 125.7574 
  0.9294668 124.5092 
  0.8681348 122.6601 
  0.7961838 119.639 
  0.1125534 117.2759 
  -0.07344617 116.6924 
  -0.3888243 116.6924 
  -0.3837602 117.2759 
  -0.2228371 117.8622 
  0.8005708 119.639 
  0.5610288 114.9594 
  0.8694466 113.8184 
  0.9668732 113.8184 
  0.9763035 113.2521 
  0.9702528 112.6886 
  0.980847 112.128 
  0.9894254 111.5702 
  0.9752243 111.5702 
  0.9320519 111.5702 
  0.8275207 111.0151 
  0.713991 109.3664 
  0.7125666 106.142 
  0.7946302 105.0885 
  0.8403045 106.6728 
  0.8953366 109.3664 
  0.9126942 111.0151 
  0.9539695 112.6886 
  0.9898595 113.2521 
  0.9860718 113.2521 
  0.9525597 112.128 
  0.8491796 109.9132 
  0.7595582 107.2061 
  0.5510347 105.614 
  -0.01897908 105.0885 
  0.131174 104.5657 
  0.1035621 104.5657 
  -0.02701772 104.5657 
  -0.058979 104.5657 
  -0.2635387 104.5657 
  -0.1899684 104.5657 
  0.0598121 104.5657 
  0.03064656 104.0455 
  0.05676485 104.0455 
  -0.2108757 104.0455 
  0.2389932 104.0455 
  -0.2464361 104.0455 
  0.1318201 103.5278 
  0.09733374 103.5278 
  0.06566556 103.5278 
  -0.02161631 104.0455 
  0.05144765 104.5657 
  0.3097004 104.5657 
  0.7176821 104.5657 
  0.6535487 103.0128 
  0.3994425 102.5003 
  0.4502513 99.97575 
  0.2225909 98.98344 
  0.420935 100.4756 
  0.1644579 102.5003 
  0.4240929 105.614 
  0.1803496 117.2759 
  0.423919 114.3874 
  0.7348885 113.2521 
  0.3384817 116.1118 
  0.9699774 120.2372 
  0.989113 120.8384 
  0.9854947 120.8384 
  0.9244368 120.2372 
  0.76671 119.0438 
  0.2307249 117.2759 
  -0.2376515 115.5342 
  -0.09548483 114.3874 
  0.0088153 113.2521 
  0.05394202 112.128 
  0.02420828 111.5702 
  -0.05669757 111.0151 
  -0.1392211 109.9132 
  0.3553135 109.3664 
  0.7397677 109.3664 
  0.7345197 108.8223 
  0.3837394 90.93677 
  0.3418056 70.86576 
  0.5798213 59.81229 
  0.6089476 54.13387 
  0.9441843 53.32993 
  0.9609872 53.32993 
  0.9190666 53.32993 
  0.8429225 53.0646 
  0.9198737 52.80059 
  0.922904 52.53791 
  0.7737783 52.27652 
  0.8363849 51.50015 
  0.6493849 51.50015 
  0.798408 50.23174 
  0.6920234 50.23174 
  0.0006816888 50.23174 
  0.1881922 50.48289 
  0.1293228 50.48289 
  0.1889259 50.23174 
  0.2739734 50.23174 
  0.1754133 50.23174 
  -0.01546787 50.23174 
  -0.123468 50.48289 
  -0.04245676 50.73531 
  -0.08525336 50.98899 
  -0.0781282 51.24393 
  -0.08219838 51.50015 
  0.0473376 51.75765 
  0.03743821 52.01644 
  -0.005530582 52.27652 
  0.1995516 52.27652 
  0.2167512 52.27652 
  0.2470307 52.27652 
  0.04040103 52.27652 
  0.06024653 52.27652 
  0.04879602 52.27652 
  0.2960902 52.27652 
  0.1162021 52.27652 
  0.1285837 52.27652 
  0.1618103 52.27652 
  0.07451636 52.27652 
  0.09682956 52.27652 
  0.01021909 52.27652 
  0.09235401 52.27652 
  -0.07914665 52.27652 
  0.2253679 52.27652 
  0.2785175 52.27652 
  0.2163507 52.27652 
  0.1975897 52.27652 
  0.1215381 52.27652 
  0.1357016 52.27652 
  0.1203455 52.27652 
  0.003220415 52.27652 
  -0.09959158 52.27652 
  -0.04395477 52.27652 
  -0.06362271 52.27652 
  -0.09747693 52.27652 
  -0.07447211 52.27652 
  0.1977797 52.27652 
  -0.06839284 52.27652 
  -0.1486669 52.27652 
  -0.0738703 52.27652 
  -0.0621197 52.27652 
  -0.06602364 52.27652 
  -0.08536548 52.27652 
  0.1320685 52.27652 
  0.02139438 52.27652 
  0.009413159 52.27652 ]
