 [
  -0.1156154 200.9756 
  -0.1584142 200.9756 
  -0.1930132 200.9756 
  -0.0154942 200.9756 
  -0.141558 200.9756 
  0.0238932 200.9756 
  0.2928689 200.9756 
  0.1153139 200.9756 
  0.6571788 200.9756 
  0.1698547 200.9756 
  0.3509818 200.9756 
  0.2354405 200.9756 
  -0.1775395 200.9756 
  -0.2663414 200.9756 
  -0.00536415 200.9756 
  -0.09806692 201.9805 
  -0.1879101 204.0054 
  -0.04902587 206.0505 
  0.696842 208.1162 
  0.7438006 209.1568 
  0.8071747 210.2025 
  0.8817047 209.1568 
  0.9806035 207.0808 
  0.965957 206.0505 
  0.8718371 205.0254 
  0.5591382 206.0505 
  -0.1028697 208.1162 
  -0.3093938 210.2025 
  -0.1922377 212.3098 
  -0.01590993 214.4382 
  -0.1163562 216.5879 
  -0.2359546 218.7592 
  -0.1980364 220.9523 
  -0.02683607 223.1673 
  0.1832039 225.4046 
  0.8087642 227.6642 
  0.9250408 225.4046 
  0.950236 223.1673 
  0.8944504 219.853 
  0.9316433 213.3714 
  0.9701487 211.2535 
  0.9840142 210.2025 
  0.9843442 210.2025 
  0.9841867 210.2025 
  0.9902424 211.2535 
  0.9786348 212.3098 
  0.955415 213.3714 
  0.9037623 215.5104 
  0.8528678 213.3714 
  0.7109651 210.2025 
  0.9404781 212.3098 
  0.9131985 214.4382 
  0.8765522 217.6709 
  0.8361931 220.9523 
  0.7878278 225.4046 
  0.9388795 229.9466 
  0.9563996 235.753 
  0.9728031 240.5036 
  0.9915727 244.1292 
  0.9972827 245.3498 
  0.9910405 244.1292 
  0.9462315 240.5036 
  0.9097708 233.4131 
  0.9709443 225.4046 
  0.9959065 223.1673 
  0.9959471 222.057 
  0.990465 219.853 
  0.8915728 216.5879 
  0.8879702 211.2535 
  0.9481872 207.0808 
  0.9762172 205.0254 
  0.9795394 202.9904 
  0.9732759 201.9805 
  0.9732853 201.9805 
  0.9840677 202.9904 
  0.9891669 205.0254 
  0.9967489 206.0505 
  0.9833211 208.1162 
  0.9546733 211.2535 
  0.9107072 213.3714 
  0.6974462 208.1162 
  0.2583691 210.2025 
  0.06466821 212.3098 
  -0.09543809 214.4382 
  -0.2315175 216.5879 
  -0.06713372 218.7592 
  0.02761598 220.9523 
  0.07976797 223.1673 
  0.05725514 226.5316 
  0.1000394 229.9466 
  0.4454357 233.4131 
  0.8994307 236.9318 
  0.9321831 236.9318 
  0.9247849 233.4131 
  0.9403417 227.6642 
  0.9440773 220.9523 
  0.9887868 216.5879 
  0.9888468 213.3714 
  0.9804088 210.2025 
  0.9602246 208.1162 
  0.8910707 206.0505 
  0.849074 206.0505 
  0.9244017 208.1162 
  0.9698511 207.0808 
  0.7875423 198.9809 
  0.5789987 187.4211 
  0.7144865 180.0902 
  0.8615494 174.7808 
  0.8904228 170.476 
  0.8311136 166.2773 
  0.8043899 164.6269 
  0.034446 167.9442 
  -0.4035908 172.185 
  -0.08283995 175.6547 
  -0.13644 180.0902 
  -0.0746989 184.6377 
  0.4066681 188.3582 
  0.03638488 192.1537 
  0.1919258 197.0059 
  0.09937169 201.9805 
  -0.1336888 207.0808 
  -0.1389776 211.2535 
  -0.02126389 214.4382 
  0.001010329 216.5879 
  0.1665032 217.6709 
  0.7935402 219.853 
  0.8088929 222.057 
  0.6870261 214.4382 
  0.3052563 204.0054 
  0.5737665 193.1145 
  0.8976339 189.3 
  0.8072113 192.1537 
  0.898968 196.0257 
  0.9543671 198.9809 
  0.9100778 199.9758 
  0.876197 199.9758 
  0.6009654 200.9756 
  0.2604362 202.9904 
  -0.6544638 205.0254 
  -0.8376157 207.0808 
  -0.103277 209.1568 
  -0.08218362 211.2535 
  0.4935097 213.3714 
  0.9240998 216.5879 
  0.944907 214.4382 
  0.939786 210.2025 
  0.9184695 205.0254 
  0.9097668 199.9758 
  0.7928095 196.0257 
  0.1435211 193.1145 
  -0.09011996 190.2465 
  -0.2483806 188.3582 
  -0.07646926 185.5609 
  0.2269123 182.8051 
  0.7166063 180.0902 
  0.8273875 177.4156 
  0.9804482 173.9112 
  0.9423954 171.3284 
  0.8979371 168.784 
  0.7000616 168.784 
  -0.40574 171.3284 
  -0.109314 173.9112 
  -0.382003 176.533 
  0.4058643 179.1942 
  -0.05785689 181.8956 
  0.1478045 184.6377 
  -0.0981259 187.4211 
  -0.03256036 191.1978 
  0.02170867 195.0505 
  0.01593022 198.9809 
  -0.09694536 202.9904 
  0.04013491 207.0808 
  0.7367644 210.2025 
  0.8792384 210.2025 
  0.8226016 205.0254 
  0.8906415 199.9758 
  0.9382443 195.0505 
  0.9617085 192.1537 
  0.9492569 189.3 
  0.9725689 187.4211 
  0.9663167 185.5609 
  0.9449221 184.6377 
  0.8864927 186.4887 
  0.9882941 188.3582 
  0.9976525 190.2465 
  0.9991276 191.1978 
  0.9981068 192.1537 
  0.9977539 193.1145 
  0.9536537 194.0801 
  0.7852482 194.0801 
  0.7945852 193.1145 
  0.9598256 192.1537 
  0.9570699 191.1978 
  0.9870327 190.2465 
  0.9774376 189.3 
  0.8918976 188.3582 
  0.6905431 187.4211 
  0.2215647 187.4211 
  0.1018952 187.4211 
  0.03504395 187.4211 
  0.07300296 187.4211 
  -0.1772305 187.4211 
  -0.105365 186.4887 
  -0.06088017 185.5609 
  -0.04531007 185.5609 
  -0.2089792 185.5609 
  -0.3434433 185.5609 
  -0.2136464 185.5609 
  0.07754324 185.5609 
  0.1025446 185.5609 
  0.177148 185.5609 
  -0.1137302 185.5609 
  0.1107403 185.5609 
  0.07756897 185.5609 
  0.226926 185.5609 
  0.1136798 185.5609 
  0.6040065 185.5609 
  0.7819655 185.5609 
  0.8975272 184.6377 
  0.9561635 181.8956 
  0.970836 180.0902 
  0.9519657 178.3027 
  0.9410568 175.6547 
  0.8951034 173.9112 
  0.8368823 170.476 
  0.7487235 167.1087 
  0.2038097 167.9442 
  0.09823789 168.784 
  0.1049063 168.784 
  0.1777385 168.784 
  0.004865881 169.6279 
  0.1611121 170.476 
  0.1015258 171.3284 
  0.1049015 172.185 
  -0.09642386 173.9112 
  -0.2273333 175.6547 
  -0.06951251 177.4156 
  -0.02019707 178.3027 
  0.01589662 179.1942 
  -0.1424758 180.0902 
  -0.07462219 181.8956 
  0.06735144 182.8051 
  0.277823 183.7191 
  0.2217592 184.6377 
  0.06017126 185.5609 
  0.3032927 186.4887 
  0.06309187 187.4211 
  0.3733453 188.3582 
  0.3702078 190.2465 
  0.3982154 193.1145 
  0.3537382 196.0257 
  0.4150082 197.0059 
  0.3719025 197.0059 
  0.3114547 195.0505 
  0.2616033 196.0257 
  0.1307015 196.0257 
  -0.08196034 196.0257 
  -0.390315 196.0257 
  -0.2514879 196.0257 
  0.1485021 196.0257 
  0.1462113 196.0257 
  -0.0695393 196.0257 
  -0.04716839 196.0257 
  0.01398613 196.0257 
  -0.04250421 196.0257 
  0.2510475 196.0257 
  -0.13569 196.0257 
  -0.1811146 196.0257 ]
