 [
  -0.05974377 226.5316 
  -0.02852792 226.5316 
  -0.0125286 226.5316 
  0.05029273 226.5316 
  0.2105389 226.5316 
  0.08301114 226.5316 
  -0.002480387 226.5316 
  -0.02543399 226.5316 
  -0.329966 226.5316 
  0.08091184 226.5316 
  -0.091465 226.5316 
  0.3758087 226.5316 
  0.6926985 224.2832 
  0.7417183 217.6709 
  0.8849857 210.2025 
  0.9676113 208.1162 
  0.9723895 210.2025 
  0.9824117 214.4382 
  0.9885082 216.5879 
  0.9945443 217.6709 
  0.9844056 215.5104 
  0.9623176 212.3098 
  0.9356254 209.1568 
  0.8160769 210.2025 
  0.393575 212.3098 
  9.337114e-05 214.4382 
  -0.064246 216.5879 
  -0.2013083 218.7592 
  0.03496831 220.9523 
  0.005430391 223.1673 
  0.06631441 225.4046 
  -0.08002102 227.6642 
  -0.08491456 229.9466 
  -0.1000002 231.0963 
  0.09499817 232.2518 
  0.4750463 232.2518 
  0.8896314 231.0963 
  0.952603 229.9466 
  0.9983692 229.9466 
  0.9992727 229.9466 
  1.000542 228.8026 
  0.9996608 228.8026 
  0.998794 229.9466 
  0.9990894 231.0963 
  0.996499 233.4131 
  0.9962943 234.5801 
  0.9940207 235.753 
  0.9816506 235.753 
  0.9552138 232.2518 
  0.93057 229.9466 
  0.9347844 231.0963 
  0.9635261 234.5801 
  0.9753984 239.307 
  0.9811158 242.9146 
  0.9883719 247.8095 
  0.9953721 249.0485 
  0.997795 249.0485 
  0.9961878 247.8095 
  0.9940474 245.3498 
  0.9959482 241.7061 
  0.9936906 239.307 
  0.9832 235.753 
  0.9836056 233.4131 
  0.9973691 229.9466 
  0.9968452 227.6642 
  0.9970447 225.4046 
  0.9975963 224.2832 
  0.9315649 224.2832 
  0.9438173 222.057 
  0.9648544 222.057 
  0.9928438 220.9523 
  0.9909962 219.853 
  0.9805349 218.7592 
  0.9715011 217.6709 
  0.964635 216.5879 
  0.9625726 214.4382 
  0.9282444 211.2535 
  0.8695031 206.0505 
  0.7956701 199.9758 
  0.7562339 194.0801 
  0.3727793 189.3 
  0.183055 184.6377 
  0.01187953 186.4887 
  0.03932178 186.4887 
  0.0520805 182.8051 
  0.1399141 173.9112 
  0.1534252 181.8956 
  0.3648685 200.9756 
  0.8790955 202.9904 
  0.9946959 204.0054 
  0.9946268 201.9805 
  0.994918 200.9756 
  0.9984623 199.9758 
  0.9987231 199.9758 
  0.9986722 199.9758 
  0.9944227 199.9758 
  0.9934639 198.9809 
  0.9906777 197.9909 
  0.980844 197.0059 
  0.9559568 197.0059 
  0.9452782 197.0059 
  0.9466444 197.9909 
  0.9164513 199.9758 
  0.8847619 201.9805 
  0.819986 204.0054 
  0.1781605 205.0254 
  0.00713033 206.0505 
  -0.09102034 207.0808 
  -0.02999838 208.1162 
  -0.09057967 210.2025 
  -0.2506906 212.3098 
  -0.108257 214.4382 
  -0.1298575 216.5879 
  0.1255523 218.7592 
  -0.08094078 220.9523 
  -0.08124078 222.057 
  -0.04271759 220.9523 
  0.7105067 219.853 
  0.6870345 209.1568 
  0.8307796 205.0254 
  0.9929563 201.9805 
  0.9959844 200.9756 
  0.9973485 199.9758 
  0.9984907 199.9758 
  0.9987031 198.9809 
  0.9982216 198.9809 
  0.9975277 197.9909 
  0.9979075 197.9909 
  0.9976465 197.9909 
  0.9975432 197.9909 
  0.9972063 197.9909 
  0.995471 197.9909 
  0.9951786 197.0059 
  0.9852681 195.0505 
  0.8350949 187.4211 
  0.1112718 169.6279 
  -0.376924 148.2564 
  -0.7210613 128.9329 
  -0.19339 112.128 
  0.5002851 98.00098 
  0.7186631 96.54556 
  0.894865 96.54556 
  0.8817821 96.06523 
  0.8837963 94.63854 
  0.9183843 93.6992 
  0.7591574 93.23304 
  0.7406696 93.6992 
  0.8561411 94.1677 
  0.7637585 95.11173 
  0.7627039 96.06523 
  0.8640537 96.54556 
  0.4141375 98.98344 
  0.1432184 103.5278 
  -0.01256015 108.2809 
  -0.007657625 113.2521 
  0.07653555 118.4515 
  -0.01137688 123.8897 
  0.07099661 129.5776 
  -0.07399433 135.5266 
  -0.1672729 141.7487 
  0.04358684 148.2564 
  0.09233601 155.063 
  -0.01759958 162.182 
  -0.006882006 168.784 
  -0.2387746 175.6547 
  0.177922 182.8051 
  0.6186458 202.9904 
  0.817495 201.9805 
  0.9782548 199.9758 
  0.9552798 197.0059 
  0.931149 194.0801 
  0.9197269 191.1978 
  0.7806609 188.3582 
  0.5604308 186.4887 
  0.3143448 180.9906 
  0.2440783 173.046 
  0.0568014 166.2773 
  0.09300108 158.1876 
  -0.1994498 151.2439 
  -0.05726869 144.605 
  -0.0325999 138.2575 
  -0.06321362 131.531 
  -0.150539 125.1317 
  -0.03848672 119.0438 
  0.06161613 113.2521 
  0.02348109 107.7421 
  0.4694385 102.5003 
  0.5914304 98.491 
  0.6923136 97.02828 
  0.7247774 95.5873 
  0.6698076 96.06523 
  0.5852903 96.06523 
  0.008092672 96.06523 
  0.1923217 96.06523 
  0.106543 96.06523 
  0.1100404 96.54556 
  -0.0009233523 96.54556 
  -0.1067514 97.02828 
  -0.3697991 97.02828 
  -0.325891 97.02828 
  -0.3368351 97.02828 
  -0.2091818 97.02828 
  0.2818153 97.51342 
  0.6350905 96.06523 
  0.8422809 96.06523 
  0.9283023 95.5873 
  0.9298887 95.11173 
  0.8890504 94.1677 
  0.9251746 93.23304 
  0.9263313 92.7692 
  0.9019027 92.30766 
  0.9377414 91.84841 
  0.9435686 90.93677 
  0.9681171 90.48434 
  0.9593686 90.03418 
  0.9482816 89.58624 
  0.9613117 89.58624 
  0.9535818 89.58624 
  0.9553137 89.14054 
  0.9401478 89.14054 
  0.8662699 89.58624 
  0.8341672 90.48434 
  0.9691998 91.39146 
  0.9861201 91.39146 
  0.9902788 91.39146 
  0.9948775 91.39146 
  0.9920747 91.39146 
  0.9905588 91.84841 
  0.9926571 91.84841 
  0.9910495 91.84841 
  0.9873523 91.84841 
  0.9831579 91.39146 
  0.9770887 91.39146 
  0.9667647 90.93677 
  0.9540079 90.03418 
  0.9061416 89.58624 
  0.8223029 89.58624 
  0.7647074 89.58624 
  0.7448357 89.58624 
  0.5939534 89.58624 
  0.4522713 89.58624 
  0.1249253 89.58624 
  0.0188391 89.58624 
  0.08032561 89.58624 
  0.1509849 89.58624 
  0.2217888 89.58624 
  0.009722358 89.58624 
  -0.1718994 89.58624 
  -0.2655509 89.58624 
  -0.05799093 89.58624 
  0.03641925 89.58624 
  -0.02284147 89.58624 ]
