 [
  -0.1044876 129.5776 
  -0.03719983 129.5776 
  0.05550644 129.5776 
  0.07915883 129.5776 
  0.1361291 129.5776 
  -0.06278825 129.5776 
  -0.3536646 129.5776 
  -0.1026532 129.5776 
  -0.0714135 129.5776 
  -0.1151278 129.5776 
  0.04705818 129.5776 
  0.1825843 129.5776 
  0.06389195 129.5776 
  0.004969972 129.5776 
  0.0431895 129.5776 
  0.2309182 129.5776 
  0.03357958 129.5776 
  -0.1632185 129.5776 
  0.03131247 129.5776 
  -0.02905608 129.5776 
  0.07944243 129.5776 
  0.3240694 129.5776 
  0.5526322 131.531 
  0.3130502 134.1814 
  0.4395164 136.8852 
  0.7668533 137.5696 
  0.5528502 136.2042 
  0.5922646 130.2255 
  0.840035 128.2915 
  0.8253146 128.2915 
  0.6140838 130.2255 
  0.3168503 133.5138 
  0.2618214 136.8852 
  0.2660924 140.3417 
  0.1821146 143.8855 
  0.4463543 147.5188 
  -0.2301258 151.2439 
  0.2132031 155.063 
  -0.03017673 158.9785 
  -0.07332682 162.9929 
  0.1084397 167.1087 
  0.2047595 170.476 
  0.7750466 174.7808 
  0.8921673 172.185 
  0.9462264 170.476 
  0.9709134 170.476 
  0.9759735 171.3284 
  0.970557 171.3284 
  0.9794923 169.6279 
  0.9892516 169.6279 
  0.9908463 169.6279 
  0.9902048 170.476 
  0.9898645 170.476 
  0.9932436 171.3284 
  0.9863489 172.185 
  0.9886596 172.185 
  0.980823 173.046 
  0.9830232 174.7808 
  0.9879815 175.6547 
  0.9897202 175.6547 
  0.9092193 174.7808 
  0.8073009 172.185 
  0.6427546 162.182 
  0.7553627 156.6175 
  0.8330371 150.4914 
  0.6536523 146.0546 
  0.5675873 143.1697 
  0.6918432 141.7487 
  0.7856718 141.0434 
  0.9071464 141.0434 
  0.8999994 142.4574 
  0.9276422 143.1697 
  0.9318478 142.4574 
  0.9232707 140.3417 
  0.9244716 137.5696 
  0.9688939 135.5266 
  0.9886086 134.8523 
  0.9582058 133.5138 
  0.9417123 131.531 
  0.9690586 130.2255 
  0.9619626 128.9329 
  0.869165 127.6532 
  0.7503163 126.3862 
  0.115332 127.0181 
  0.1266261 128.2915 
  0.1035259 129.5776 
  0.4664404 130.8766 
  0.8537713 132.1886 
  0.82386 133.5138 
  0.8722495 135.5266 
  0.9559758 136.8852 
  0.9813735 138.9488 
  0.9800856 140.3417 
  0.9882127 141.0434 
  0.9901698 141.0434 
  0.9893546 141.0434 
  0.9806665 141.0434 
  0.9648409 141.0434 
  0.9619519 141.7487 
  0.8600907 141.0434 
  0.7544361 138.9488 
  0.9030463 134.1814 
  0.9731836 132.1886 
  0.9362704 130.8766 
  0.88651 128.9329 
  0.8206235 127.6532 
  0.38591 124.5092 
  0.3569464 124.5092 
  0.6800714 124.5092 
  0.6149588 125.1317 
  0.8218033 125.7574 
  0.9110026 126.3862 
  0.9733515 127.0181 
  0.9634496 128.2915 
  0.6366528 131.531 
  0.5482598 131.531 
  0.7385863 131.531 
  0.9363296 130.8766 
  0.9620794 130.8766 
  0.9342955 130.8766 
  0.9358463 131.531 
  0.9691563 131.531 
  0.972365 131.531 
  0.9606993 131.531 
  0.9712414 132.1886 
  0.9706411 131.531 
  0.9696633 131.531 
  0.9737009 131.531 
  0.9645779 132.1886 
  0.9745451 132.8496 
  0.8009794 132.8496 
  0.6382434 130.8766 
  0.7034768 131.531 
  0.7626718 130.2255 
  0.809125 128.9329 
  0.946408 128.2915 
  0.9710419 127.6532 
  0.9660623 127.6532 
  0.9709601 127.0181 
  0.9591573 126.3862 
  0.9744413 125.7574 
  0.9637174 125.1317 
  0.9554993 125.1317 
  0.9641565 125.7574 
  0.9498309 127.0181 
  0.9858918 127.6532 
  0.9434029 127.0181 
  0.9323107 125.7574 
  0.9664913 125.1317 
  0.9833885 125.1317 
  0.9824293 125.7574 
  0.9323096 127.0181 
  0.8599769 126.3862 
  0.73392 123.8897 
  0.795836 122.0498 
  0.663116 120.8384 
  0.0115117 121.4426 
  0.7306584 122.0498 
  0.9026916 122.6601 
  0.8548745 123.2734 
  0.03354583 123.8897 
  -0.03892175 124.5092 
  0.4589972 125.1317 
  0.7547273 126.3862 
  0.8300105 125.1317 
  0.9083924 123.8897 
  0.9751819 123.2734 
  0.9862858 123.2734 
  0.9634885 123.2734 
  0.7922833 124.5092 
  0.6225503 125.1317 
  0.5157821 123.8897 
  0.4518085 123.2734 
  0.6045178 122.0498 
  0.3089227 122.6601 
  0.3626619 125.1317 
  0.6226647 128.9329 
  0.5870792 132.1886 
  0.7885019 134.8523 
  0.8756872 135.5266 
  0.8029141 132.8496 
  0.5200477 127.0181 
  0.74727 120.8384 
  0.9417041 120.2372 
  0.9477877 120.2372 
  0.9835303 120.8384 
  0.9231939 119.639 
  0.9572932 119.0438 
  0.9708586 119.639 
  0.9767861 120.2372 
  0.9840258 120.2372 
  0.9864362 120.2372 
  0.9782562 120.2372 
  0.9794477 120.2372 
  0.9806836 119.639 
  0.9667598 119.639 
  0.9778082 119.0438 
  0.9716704 119.0438 
  0.9678649 119.0438 
  0.9690737 119.0438 
  0.9828983 119.639 
  0.9614595 119.639 
  0.9575592 120.8384 
  0.9715579 121.4426 
  0.8680137 120.8384 
  0.8184732 120.2372 
  0.7097451 119.0438 
  0.2266209 119.0438 
  0.1831666 119.0438 
  -0.05565681 119.0438 
  -0.1048292 119.0438 
  -0.0660034 119.0438 
  0.1886047 119.0438 
  0.1663037 119.0438 
  0.07549718 119.0438 
  0.02748269 119.0438 
  0.04505151 119.0438 
  0.04099713 119.0438 
  0.05364991 119.0438 
  0.1245887 118.4515 
  0.05877661 118.4515 
  0.09891245 118.4515 
  0.1065754 118.4515 
  0.1397801 118.4515 
  -0.05246363 118.4515 
  -0.05633122 118.4515 
  -0.169621 118.4515 
  -0.07368136 118.4515 
  -0.009336612 118.4515 
  0.1266373 118.4515 
  0.08943273 118.4515 
  0.1195738 118.4515 
  0.2747284 118.4515 
  0.1588394 118.4515 
  0.1041409 118.4515 
  0.2255555 118.4515 
  0.1278724 118.4515 ]
