 [
  0.1261052 216.5879 
  -0.2810627 216.5879 
  -0.1437888 216.5879 
  -0.143062 216.5879 
  0.5966167 216.5879 
  0.1807924 216.5879 
  0.3612436 216.5879 
  -0.2627578 216.5879 
  0.1097258 216.5879 
  0.6708117 216.5879 
  0.8836683 216.5879 
  0.929023 216.5879 
  0.9111921 216.5879 
  0.8807673 215.5104 
  0.8549229 214.4382 
  0.8739093 214.4382 
  0.8954816 215.5104 
  0.9551907 217.6709 
  0.9788682 218.7592 
  0.9893342 220.9523 
  0.9923532 223.1673 
  0.9849506 226.5316 
  0.9848798 228.8026 
  0.991294 232.2518 
  0.994174 234.5801 
  0.9962428 235.753 
  0.9963074 236.9318 
  0.989022 239.307 
  0.9803171 241.7061 
  0.985368 245.3498 
  0.9936718 246.5766 
  0.9808834 247.8095 
  0.9630142 247.8095 
  0.9225634 247.8095 
  0.9952732 249.0485 
  0.9938548 250.2938 
  0.9598948 251.5452 
  0.9721744 254.067 
  0.9819795 256.614 
  0.9961756 259.1866 
  0.9962686 260.4825 
  0.9977475 263.0938 
  0.9980563 264.4093 
  0.9929206 265.7313 
  0.9938345 269.7372 
  0.9977798 271.0859 
  0.9985647 271.0859 
  0.996683 272.4414 
  0.9975018 273.8036 
  0.9987151 273.8036 
  0.9985833 273.8036 
  0.9946679 272.4414 
  0.9857776 269.7372 
  0.9896687 265.7313 
  0.9868398 263.0938 
  0.9882151 259.1866 
  0.9844369 255.3373 
  0.9848279 251.5452 
  0.988659 249.0485 
  0.9831064 245.3498 
  0.990334 242.9146 
  0.9912914 239.307 
  0.9958921 236.9318 
  0.9947978 235.753 
  0.9979562 234.5801 
  0.9980413 234.5801 
  0.9964514 233.4131 
  0.9822054 234.5801 
  0.9642032 233.4131 
  0.9705247 232.2518 
  0.9871022 231.0963 
  0.9902654 229.9466 
  0.9923025 228.8026 
  0.9938692 227.6642 
  0.9947336 227.6642 
  0.9932582 226.5316 
  0.9959481 226.5316 
  0.997458 226.5316 
  0.9942495 226.5316 
  0.9821671 226.5316 
  0.9653718 226.5316 
  0.9302013 224.2832 
  0.8598571 218.7592 
  0.9179955 216.5879 
  0.8913686 216.5879 
  0.9508281 216.5879 
  0.9795761 216.5879 
  0.9831911 216.5879 
  0.9908035 215.5104 
  0.9954565 214.4382 
  0.9908898 213.3714 
  0.9885185 211.2535 
  0.9883975 210.2025 
  0.9832649 209.1568 
  0.974357 208.1162 
  0.9729613 206.0505 
  0.9788968 202.9904 
  0.9624864 200.9756 
  0.9693221 197.9909 
  0.9766231 196.0257 
  0.9851795 194.0801 
  0.9880709 193.1145 
  0.9926001 193.1145 
  0.9981545 193.1145 
  0.9936695 192.1537 
  0.99617 192.1537 
  0.9942055 192.1537 
  0.9937449 192.1537 
  0.9940385 192.1537 
  0.9962386 192.1537 
  0.9978069 192.1537 
  0.9967191 192.1537 
  0.9881798 191.1978 
  0.9800685 190.2465 
  0.9841759 190.2465 
  0.9895446 190.2465 
  0.9917188 190.2465 
  0.9929284 190.2465 
  0.9908584 190.2465 
  0.991012 190.2465 
  0.9929567 190.2465 
  0.9922462 190.2465 
  0.9780493 190.2465 
  0.9578495 188.3582 
  0.9205368 187.4211 
  0.7544215 187.4211 
  0.3904093 187.4211 
  0.143527 187.4211 
  0.02652944 187.4211 
  0.2065674 188.3582 
  0.05114292 191.1978 
  0.1060674 195.0505 
  0.1226705 200.9756 
  0.1639938 204.0054 
  0.3435496 207.0808 
  0.267583 210.2025 
  0.0916641 213.3714 
  0.1539128 217.6709 
  0.7374371 220.9523 
  0.8980321 217.6709 
  0.9600874 217.6709 
  0.9721131 216.5879 
  0.9652647 214.4382 
  0.9801587 212.3098 
  0.9850339 211.2535 
  0.98848 209.1568 
  0.988326 208.1162 
  0.9880635 207.0808 
  0.9877718 206.0505 
  0.9916373 206.0505 
  0.9792601 207.0808 
  0.9925624 207.0808 
  0.9841469 207.0808 
  0.9900743 206.0505 
  0.9881499 207.0808 
  0.9874578 207.0808 
  0.9892084 207.0808 
  0.99233 208.1162 
  0.9942137 207.0808 
  0.9852578 207.0808 
  0.9615088 206.0505 
  0.8935671 202.9904 
  0.6248263 199.9758 
  0.655598 201.9805 
  0.337305 204.0054 
  -0.07349281 206.0505 
  -0.1415584 208.1162 
  -0.1115537 210.2025 
  0.2822823 212.3098 
  0.6585812 214.4382 
  0.7901556 211.2535 
  0.8489139 209.1568 
  0.922021 205.0254 
  0.915994 198.9809 
  0.9344068 195.0505 
  0.9773402 192.1537 
  0.950954 189.3 
  0.9662144 186.4887 
  0.9867378 184.6377 
  0.9862813 184.6377 
  0.9858804 184.6377 
  0.8806277 184.6377 
  0.7460769 186.4887 
  -0.02463638 189.3 
  0.6784914 193.1145 
  0.4480395 197.0059 
  -0.04070516 200.9756 
  0.2948486 205.0254 
  0.09337869 209.1568 
  0.03292795 213.3714 
  -0.02398257 217.6709 
  -0.172973 218.7592 
  -0.2849401 217.6709 
  -0.1791138 217.6709 
  0.04902675 218.7592 
  0.2534886 220.9523 
  0.3168268 223.1673 
  0.7737112 225.4046 
  0.8758572 219.853 
  0.9549927 219.853 
  0.978011 222.057 
  0.9945669 223.1673 
  0.9954471 223.1673 
  0.9960664 224.2832 
  0.9931663 224.2832 
  0.9641949 224.2832 
  0.9324115 224.2832 
  0.7766393 226.5316 
  0.8629822 229.9466 
  0.8992734 233.4131 
  0.1308504 236.9318 
  0.5805656 240.5036 
  -0.00946566 244.1292 
  0.02108185 247.8095 
  0.05951591 250.2938 
  0.5417919 251.5452 
  0.9186112 247.8095 
  0.9555179 246.5766 
  0.9946261 245.3498 
  0.9984164 244.1292 
  0.9993315 242.9146 
  0.9995054 242.9146 
  1.000349 241.7061 
  0.9995276 241.7061 
  0.9992242 240.5036 
  0.9992815 240.5036 
  0.9977294 239.307 
  0.9926244 236.9318 
  0.9838304 234.5801 
  0.942296 231.0963 
  0.8816469 229.9466 
  -0.04942377 229.9466 
  0.9099044 229.9466 
  0.7221521 229.9466 
  0.5015458 229.9466 
  0.1807033 229.9466 
  0.44285 229.9466 
  0.03660219 229.9466 
  0.5849771 225.4046 
  0.737163 220.9523 
  0.9761031 217.6709 
  0.9678437 216.5879 
  0.9574647 213.3714 
  0.925431 209.1568 
  0.7056543 208.1162 
  0.03761 208.1162 
  0.00231962 208.1162 
  0.1803285 208.1162 
  0.1173519 208.1162 
  -0.1388058 208.1162 
  -0.07242429 208.1162 
  -0.00217551 208.1162 
  -0.06297804 208.1162 
  0.1115275 208.1162 
  0.1561205 208.1162 
  0.1667815 208.1162 
  -0.3320216 209.1568 
  0.1467692 209.1568 
  0.5310814 209.1568 
  0.1899235 209.1568 
  0.1475478 209.1568 
  0.02563033 209.1568 
  0.1292681 209.1568 
  0.7142869 209.1568 
  0.896731 210.2025 
  0.9784961 210.2025 
  0.9915649 210.2025 
  0.9897509 208.1162 
  0.9896544 206.0505 
  0.9902405 206.0505 
  0.9661033 206.0505 
  0.9468928 205.0254 
  0.9749526 202.9904 
  0.98454 201.9805 
  0.9911541 200.9756 
  0.9945369 199.9758 
  0.9970311 199.9758 
  0.9954854 199.9758 
  0.994439 198.9809 
  0.9953946 198.9809 
  0.9918197 197.9909 
  0.9867715 197.0059 
  0.9816923 195.0505 
  0.9863194 194.0801 
  0.9882548 193.1145 
  0.9885002 193.1145 
  0.9924479 193.1145 
  0.991292 192.1537 
  0.975233 190.2465 
  0.9787996 188.3582 
  0.9808218 186.4887 
  0.9817085 185.5609 
  0.9883855 183.7191 
  0.9558434 181.8956 
  0.9033493 180.0902 
  0.898535 177.4156 
  0.6860349 175.6547 
  0.7109263 175.6547 
  0.5252418 175.6547 
  0.5795212 175.6547 
  0.07099418 175.6547 
  0.1129163 175.6547 
  -0.1401953 175.6547 
  -0.003830226 175.6547 
  -0.01404117 175.6547 
  -0.0224868 174.7808 
  0.0578119 173.9112 
  0.3171151 173.9112 
  0.6964281 180.0902 
  0.9180442 180.0902 
  0.9874877 180.0902 
  0.9899316 179.1942 
  0.9861881 177.4156 
  0.9766799 174.7808 
  0.9705315 172.185 
  0.9331617 170.476 
  0.8610951 168.784 
  0.419858 168.784 
  0.1976769 170.476 
  -0.009617594 172.185 
  0.04754272 173.9112 
  0.04579843 175.6547 
  -0.06995542 177.4156 
  -0.04752766 179.1942 
  0.08333943 180.9906 
  0.05254909 182.8051 
  0.02899517 184.6377 
  0.1020673 186.4887 
  0.05552638 188.3582 
  0.1805258 190.2465 
  0.09130938 192.1537 
  -0.01401688 194.0801 
  0.09389014 196.0257 
  0.00470643 197.9909 
  0.1694268 199.9758 
  0.1852955 201.9805 
  -0.09632417 204.0054 
  -0.128575 206.0505 
  -0.2886758 208.1162 
  -0.2045124 210.2025 
  0.6023284 212.3098 
  0.7515557 215.5104 
  0.9052081 217.6709 
  0.9790996 216.5879 
  0.9737252 215.5104 
  0.9781564 213.3714 
  0.981151 211.2535 
  0.9869503 209.1568 
  0.991227 208.1162 
  0.9897288 208.1162 
  0.9881974 209.1568 
  0.9922711 210.2025 
  0.9936209 211.2535 
  0.9859903 212.3098 
  0.9917147 213.3714 
  0.9910787 212.3098 
  0.9928591 211.2535 
  0.9922903 210.2025 
  0.9932007 208.1162 
  0.9910692 207.0808 
  0.9889804 206.0505 
  0.9869793 205.0254 
  0.9888711 202.9904 
  0.9922137 200.9756 
  0.9962986 199.9758 
  0.9946645 200.9756 
  0.993234 200.9756 
  0.9899595 199.9758 
  0.9908458 200.9756 
  0.9904588 200.9756 
  0.9859658 200.9756 
  0.9769587 199.9758 
  0.9813791 199.9758 
  0.981826 198.9809 
  0.9687336 198.9809 
  0.9621895 198.9809 
  0.9646417 198.9809 
  0.9920365 197.9909 
  0.995932 197.9909 
  0.9923296 198.9809 
  0.9899912 199.9758 
  0.9932507 199.9758 
  0.9920689 200.9756 
  0.9872869 201.9805 
  0.965809 201.9805 
  0.9359334 201.9805 
  0.8881537 202.9904 
  0.9888314 205.0254 
  0.9872071 206.0505 
  0.9887736 207.0808 
  0.9917327 207.0808 
  0.9941078 206.0505 
  0.9876205 206.0505 
  0.9129665 205.0254 
  0.8662698 204.0054 
  0.5220121 206.0505 
  0.9580116 208.1162 
  0.9760988 209.1568 
  0.9930848 209.1568 
  0.9967829 209.1568 
  0.995782 209.1568 
  0.9964682 209.1568 
  0.9975154 208.1162 
  0.9953815 209.1568 
  0.9983069 208.1162 
  0.9934975 208.1162 
  0.9935453 207.0808 
  0.990501 206.0505 
  0.991315 206.0505 
  0.9810084 207.0808 
  0.980509 208.1162 
  0.6632309 205.0254 
  0.4928467 202.9904 
  0.1679091 202.9904 
  0.770392 201.9805 
  -0.2857377 199.9758 
  -0.7653086 197.9909 
  -0.4040909 196.0257 
  0.0999916 194.0801 
  0.1282032 192.1537 
  0.3043745 190.2465 
  0.2310451 187.4211 
  0.2022979 183.7191 
  0.4836354 179.1942 
  0.1835598 183.7191 
  0.3651446 191.1978 
  0.8966284 194.0801 
  0.9597573 194.0801 
  0.9669598 193.1145 
  0.9830838 191.1978 
  0.9905329 191.1978 
  0.9837004 192.1537 
  0.9876811 192.1537 
  0.9322663 190.2465 
  0.855821 188.3582 
  0.8674694 184.6377 
  0.7610459 182.8051 
  0.0492916 182.8051 
  0.1646247 182.8051 
  0.5656635 182.8051 
  0.4007161 182.8051 
  -0.3083866 182.8051 
  -0.3325832 182.8051 
  -0.3463529 182.8051 
  0.07592131 182.8051 
  0.05451935 181.8956 
  0.06609862 180.9906 
  -0.1900726 179.1942 
  0.07685111 177.4156 
  -0.04836705 175.6547 
  0.6616865 175.6547 
  0.8156235 173.9112 
  0.8157758 168.784 
  0.7783033 163.8079 
  0.7977224 159.7734 
  0.5959107 153.5239 
  0.7478763 147.5188 
  0.9480823 145.328 
  0.8283695 143.8855 
  0.7336438 141.0434 
  0.6549262 138.9488 
  0.1740218 138.9488 
  0.1454079 138.9488 
  -0.1405921 138.9488 
  0.1129862 138.9488 
  0.2269765 138.9488 
  0.04210983 138.9488 
  -0.03873925 138.9488 
  -0.03118237 138.9488 
  -0.03565059 138.9488 
  -0.06023899 138.9488 
  0.006950136 138.9488 
  0.2104708 138.9488 
  0.1191999 138.9488 
  0.1261928 138.9488 
  0.008114516 138.9488 
  -0.03316714 138.9488 
  -0.0965518 138.9488 
  0.1578104 138.9488 
  0.1039129 138.9488 
  0.1335363 138.9488 
  0.1397017 138.9488 
  -0.01856815 138.9488 
  -0.03237396 138.9488 
  -0.1492685 138.9488 
  -0.06777558 138.9488 
  0.09615967 138.9488 
  0.01006592 138.9488 
  0.2234894 138.9488 
  0.09594899 138.9488 
  -0.06186502 138.9488 
  -0.1288469 138.9488 
  -0.1654352 138.9488 
  -0.005528061 138.9488 
  -0.1481554 138.9488 
  -0.1588054 138.9488 
  -0.2614308 138.9488 
  -0.285022 138.9488 
  -0.07755139 138.9488 
  -0.4146224 138.9488 
  0.02434549 138.9488 
  -0.101692 138.9488 
  -0.09633064 138.9488 
  -0.02954574 138.9488 
  -0.2120405 138.9488 
  -0.1568709 138.9488 ]
