 [
  0.08886737 127.6532 
  0.1675751 127.6532 
  0.2202792 127.6532 
  0.1632777 127.6532 
  0.2766618 127.6532 
  0.1121658 127.6532 
  -0.1409686 127.6532 
  0.08177175 127.6532 
  -0.07534209 127.6532 
  -0.2768044 127.6532 
  -0.2557378 127.6532 
  -0.04697286 127.6532 
  0.2034944 127.6532 
  0.1241341 127.6532 
  0.1294586 127.6532 
  0.03034954 127.6532 
  0.1140078 127.6532 
  0.1891067 127.6532 
  0.2376918 127.6532 
  0.06594634 127.6532 
  -0.04502372 127.6532 
  -0.09593436 127.6532 
  -0.07418746 127.6532 
  0.06206964 127.6532 
  0.1066977 128.2915 
  0.09028423 129.5776 
  0.2354253 131.531 
  0.5447483 132.1886 
  0.357635 138.9488 
  0.6986437 138.9488 
  0.9547898 139.6435 
  0.9353604 141.0434 
  0.871402 143.1697 
  0.8799112 146.0546 
  0.8730572 148.9977 
  0.8043898 150.4914 
  -0.189502 150.4914 
  0.4454445 152.0001 
  0.1028959 153.5239 
  -0.1031859 155.063 
  -0.139915 156.6175 
  -0.1695082 158.1876 
  0.02008002 159.7734 
  0.1552211 161.3751 
  0.3458837 162.9929 
  0.6623768 163.8079 
  0.8682251 162.182 
  0.9489143 158.9785 
  0.9519277 155.8383 
  0.9232363 152.0001 
  0.8830677 148.9977 
  0.6927348 146.7849 
  0.03631363 146.7849 
  -0.07279053 146.7849 
  0.1721881 146.7849 
  0.02283313 146.7849 
  -0.1213405 146.7849 
  -0.08905011 147.5188 
  -0.04971697 148.2564 
  -0.1169022 148.9977 
  -0.2297046 149.7427 
  -0.05204114 150.4914 
  0.14852 151.2439 
  0.642427 152.0001 
  0.715885 145.328 
  0.7530677 138.9488 
  0.8360693 134.8523 
  0.8873976 130.8766 
  0.9240543 127.6532 
  0.906653 123.8897 
  0.8820027 120.8384 
  0.903253 117.8622 
  0.9370002 115.5342 
  0.9675158 113.8184 
  0.9809508 112.6886 
  0.9724603 111.0151 
  0.9209422 109.3664 
  0.9026116 107.2061 
  0.9184595 105.0885 
  0.921133 103.0128 
  0.9031744 101.4829 
  0.7202278 101.4829 
  0.2200325 102.5003 
  -0.1665139 104.5657 
  0.03167685 106.6728 
  -0.01685286 108.8223 
  -0.01168463 111.0151 
  -0.2119999 113.2521 
  -0.1665981 115.5342 
  -0.04040039 117.8622 
  0.001688894 120.2372 
  -0.01346565 122.6601 
  0.05020313 125.7574 
  0.06886918 128.9329 
  0.4033571 131.531 
  0.7579155 130.8766 
  0.8190464 128.2915 
  0.6976315 125.1317 
  0.7842476 121.4426 
  0.9392564 117.8622 
  0.9734006 117.8622 
  0.9146955 119.639 
  0.9402398 120.8384 
  0.8414554 123.8897 
  0.9175831 126.3862 
  0.9157643 128.2915 
  0.8448938 130.8766 
  0.8698674 133.5138 
  0.941639 135.5266 
  0.9677978 136.8852 
  0.9525988 136.8852 
  0.9019915 137.5696 
  0.826416 136.8852 
  0.7762594 133.5138 
  0.5109465 130.2255 
  -0.6487985 131.531 
  0.226516 132.8496 
  0.5736688 134.1814 
  0.3399003 135.5266 
  0.1321275 136.8852 
  0.09564012 138.2575 
  -0.08036494 140.3417 
  -0.2710901 143.1697 
  -0.3502535 146.0546 
  0.389229 148.9977 
  0.8199435 151.2439 
  0.8823583 148.9977 
  0.9631638 146.7849 
  0.9798292 145.328 
  0.9453833 143.8855 
  0.8923145 141.0434 
  0.8686182 136.8852 
  0.7944564 133.5138 
  0.2144553 133.5138 
  0.02305293 134.1814 
  0.06518396 135.5266 
  0.02312209 136.8852 
  0.131841 138.2575 
  0.1303734 139.6435 
  0.1241767 141.0434 
  0.1011649 142.4574 
  -0.2050777 143.8855 
  -0.2443548 145.328 
  -0.1702557 146.7849 
  -0.0631635 148.9977 
  0.5434122 151.2439 
  0.6037933 146.0546 
  0.6487777 141.0434 
  0.8296586 138.9488 
  0.945707 136.2042 
  0.9755152 134.8523 
  0.9880353 134.1814 
  0.9926554 134.1814 
  0.9929054 134.1814 
  0.9859625 134.1814 
  0.9834693 134.1814 
  0.9827418 133.5138 
  0.9805325 132.8496 
  0.9887758 132.1886 
  0.9932077 132.1886 
  0.9967916 131.531 
  0.9942915 131.531 
  0.9949003 130.2255 
  0.9913706 130.2255 
  0.8821559 129.5776 
  0.8219137 128.2915 
  0.7284875 126.3862 
  0.9926845 126.3862 
  0.99694 126.3862 
  0.9889273 125.7574 
  0.9073631 124.5092 
  0.6629778 123.8897 
  0.04268721 124.5092 
  -0.02448314 125.7574 
  -0.1387237 127.0181 
  0.07680816 128.9329 
  0.1951472 130.8766 
  0.1776038 132.8496 
  -0.01057783 134.1814 
  0.100701 135.5266 
  -0.1287123 136.8852 
  0.05402951 138.2575 
  0.08206887 139.6435 
  0.2021731 141.0434 
  0.7980955 142.4574 
  0.5610884 134.1814 
  0.6703688 130.8766 
  0.8807864 128.9329 
  0.9681934 128.2915 
  0.9789739 128.9329 
  0.9597843 129.5776 
  0.9404147 130.2255 
  0.8131398 129.5776 
  0.7490035 127.6532 
  0.4977134 121.4426 
  0.2221788 121.4426 
  0.4594121 121.4426 
  -0.03612836 121.4426 
  0.09825137 121.4426 
  0.2418928 122.0498 
  0.2744311 122.6601 
  0.2864265 123.2734 
  0.2643997 123.2734 
  0.2151974 123.2734 
  0.2201349 123.2734 
  0.1380669 123.2734 
  0.2407565 123.2734 
  0.3565514 123.2734 
  0.4623899 123.2734 
  0.5325846 123.2734 
  0.7554217 123.2734 
  0.4091025 123.2734 
  0.2599967 123.8897 
  0.1584719 124.5092 
  -0.003546505 125.1317 
  -0.0763816 125.7574 
  0.06213361 126.3862 
  0.1740077 126.3862 
  0.0218315 126.3862 
  0.1364792 126.3862 
  -0.3578584 127.0181 
  0.1742885 127.0181 
  0.4384766 131.531 
  0.6352515 125.7574 
  0.8907811 123.2734 
  0.972541 121.4426 
  0.9941034 120.2372 
  0.9938174 120.2372 
  0.9925158 119.639 
  0.9937285 119.0438 
  0.9847025 118.4515 
  0.956473 117.8622 
  0.8561934 116.6924 
  0.7340548 112.6886 
  0.856992 110.4628 
  0.788079 109.9132 
  0.7122172 109.9132 
  0.7816074 110.4628 
  0.8597981 111.5702 
  0.896283 113.2521 
  0.8405526 115.5342 
  0.882642 116.1118 
  0.8884538 114.3874 
  0.9114516 112.6886 
  0.9291792 111.5702 
  0.9677913 110.4628 
  0.9575692 110.4628 
  0.9256012 111.0151 
  0.9549479 112.6886 
  0.9483627 113.8184 
  0.969467 114.3874 
  0.967602 114.9594 
  0.9293068 116.1118 
  0.9364881 117.2759 
  0.9552804 118.4515 
  0.9434432 119.0438 
  0.9126641 120.2372 
  0.919717 120.8384 
  0.9177663 120.2372 
  0.9448287 120.2372 
  0.9814227 120.2372 
  0.9900342 120.8384 
  0.981863 120.2372 
  0.9799949 119.639 
  0.9643603 118.4515 
  0.9227446 116.6924 
  0.9441233 114.3874 
  0.9522531 112.6886 
  0.9553488 112.6886 
  0.904418 112.128 
  0.7670661 111.5702 
  0.6338793 110.4628 
  -0.1242708 111.5702 
  0.03367248 113.2521 
  -0.0004812102 114.9594 
  0.1738595 116.6924 
  0.141147 117.8622 
  -0.09718266 119.0438 
  -0.08182722 120.2372 
  -0.1820274 121.4426 
  0.08151525 122.6601 
  0.01666137 123.8897 
  0.159747 125.1317 
  0.6896455 126.3862 
  0.6397668 123.2734 
  0.6663681 119.639 
  0.9093054 116.6924 
  0.9542738 115.5342 
  0.9671417 114.9594 
  0.9895424 114.3874 
  0.9926511 113.8184 
  0.9940956 113.8184 
  0.9836372 113.2521 
  0.9786648 113.8184 
  0.9767326 113.2521 
  0.9651986 113.8184 
  0.9623993 113.8184 
  0.9474646 114.3874 
  0.9371004 114.3874 
  0.9293113 114.3874 
  0.8565899 113.8184 
  0.7821953 112.128 
  0.7065972 108.8223 
  0.12165 108.2809 
  0.2541097 109.3664 
  0.1016517 110.4628 
  0.1140004 111.5702 
  0.06435841 112.6886 
  0.1713265 113.8184 
  0.1316272 114.9594 
  0.001483366 116.1118 
  -0.04115103 117.2759 
  -0.05830386 118.4515 
  -0.04865309 119.639 
  -0.2414344 120.8384 
  -0.1522165 122.0498 
  0.1267113 123.2734 
  0.4961108 123.2734 
  0.7305736 121.4426 
  0.7805459 119.639 
  0.8867327 117.2759 
  0.915033 114.3874 
  0.9729511 112.6886 
  0.9715307 112.6886 
  0.9190701 111.5702 
  0.8699836 109.3664 
  0.8213625 106.6728 
  0.8123957 103.5278 
  0.7365336 101.9903 
  0.8697722 101.9903 
  0.9978374 101.9903 
  0.999541 101.9903 
  0.9971952 101.9903 
  0.9818194 102.5003 
  0.9452018 102.5003 
  0.7221028 102.5003 
  0.6393191 102.5003 
  0.4847019 103.0128 
  0.5909651 104.0455 
  0.1530469 105.614 
  0.00484694 107.7421 
  -0.2070771 109.3664 
  -0.256884 111.0151 
  -0.08966281 112.128 
  0.09467614 113.2521 
  0.2089557 114.3874 
  0.3714265 115.5342 
  0.7813668 116.6924 
  0.9449855 117.2759 
  0.9338539 116.1118 
  0.8612977 113.8184 
  0.9124882 112.128 
  0.960751 110.4628 
  0.9601185 109.3664 
  0.976081 108.8223 
  0.9798492 108.8223 
  0.9836668 108.2809 
  0.9643734 107.2061 
  0.9641827 106.6728 
  0.9509063 105.614 
  0.9508406 104.5657 
  0.9219384 103.5278 
  0.9180533 101.9903 
  0.9789246 100.978 
  0.9570345 99.97575 
  0.939175 98.98344 
  0.9729527 98.00098 
  0.9682553 97.02828 
  0.9421278 96.54556 
  0.9264364 96.06523 
  0.9218453 95.5873 
  0.9088863 94.63854 
  0.9360394 93.6992 
  0.9226401 92.7692 
  0.8119567 91.84841 
  0.7744625 90.48434 
  0.7797779 88.25578 
  0.8698828 87.8167 
  0.9190156 87.3798 
  0.9407923 86.94508 
  0.9377061 86.51251 
  0.8885427 86.51251 
  0.857989 85.65383 
  0.7045544 85.2277 
  -0.1403257 85.2277 
  -0.2992226 85.2277 
  -0.2251843 85.2277 
  0.03221919 85.2277 
  0.2273138 85.2277 
  0.08456009 85.2277 
  0.004578797 85.2277 
  -0.1080739 85.2277 
  -0.02868937 85.2277 
  0.09758199 85.2277 
  0.03949478 85.2277 
  -0.0004808169 85.2277 
  -0.03345318 85.2277 
  0.08734585 85.2277 
  0.01935973 85.2277 
  -0.05211253 85.2277 
  -0.195006 85.2277 
  -0.1734295 85.2277 
  -0.0867198 85.2277 
  -0.2088118 85.2277 
  -0.1901536 85.2277 
  -0.2369162 85.2277 
  -0.09626276 85.2277 
  -0.005445458 85.2277 
  0.1160152 85.2277 
  -0.0685547 85.2277 ]
