 [
  -0.1617316 113.2521 
  0.05365319 113.2521 
  -0.06725467 113.2521 
  0.06926566 113.2521 
  -0.3858456 113.2521 
  0.1576516 113.2521 
  0.1634749 113.2521 
  0.310131 113.2521 
  0.3724266 113.2521 
  0.2845061 113.2521 
  -0.0681643 113.2521 
  0.01343075 113.2521 
  -0.2277081 113.2521 
  -0.02487699 112.128 
  -0.0295167 112.128 
  0.5005209 114.3874 
  0.7832592 115.5342 
  0.9508016 114.9594 
  0.887393 113.8184 
  0.9326267 111.5702 
  0.9387019 109.3664 
  0.9489227 107.7421 
  0.9068404 106.142 
  0.9433892 104.5657 
  0.9691886 103.5278 
  0.9523907 102.5003 
  0.9640198 101.4829 
  0.9188834 100.4756 
  0.868823 98.98344 
  0.7936987 97.02828 
  0.7518552 95.11173 
  0.817262 93.23304 
  0.4665869 94.63854 
  0.3814525 96.06523 
  0.0161353 97.51342 
  0.1577123 98.98344 
  0.2472799 100.4756 
  -0.3076839 101.9903 
  -0.3527678 103.5278 
  0.0152079 105.0885 
  0.3566048 106.6728 
  -0.03907479 108.2809 
  0.09363769 109.9132 
  0.2430787 111.5702 
  -0.1328479 113.8184 
  0.08718252 119.0438 
  0.5129057 122.6601 
  0.4674834 121.4426 
  0.5374441 119.0438 
  0.6595799 117.2759 
  0.5471141 120.2372 
  0.930082 123.8897 
  0.8509689 125.1317 
  0.7943639 125.7574 
  0.9167597 128.2915 
  0.8352872 128.9329 
  0.5381296 130.2255 
  0.6908271 132.8496 
  0.469335 135.5266 
  -0.05016916 137.5696 
  0.02435463 139.6435 
  -0.04343447 141.7487 
  -0.008973533 143.8855 
  0.09262814 146.0546 
  0.1126289 148.2564 
  0.1140698 151.2439 
  0.3519514 154.2915 
  0.4096538 155.8383 
  0.5991678 140.3417 
  0.9201523 138.9488 
  0.9726607 137.5696 
  0.977175 136.8852 
  0.9614237 135.5266 
  0.9264767 134.8523 
  0.9253857 134.1814 
  0.9726904 133.5138 
  0.9863111 132.8496 
  0.9841636 133.5138 
  0.9722807 134.1814 
  0.9850241 134.8523 
  0.9903863 135.5266 
  0.9970387 135.5266 
  0.9881346 135.5266 
  0.9311338 134.1814 
  0.8401938 132.8496 
  0.5052685 132.8496 
  0.7042907 130.8766 
  0.6990859 128.2915 
  0.7265803 124.5092 
  0.4426846 119.639 
  0.3729756 112.6886 
  0.411764 106.142 
  0.6790765 102.5003 
  0.7484162 99.47836 
  0.6080179 97.02828 
  0.8212625 96.54556 
  0.9955946 96.54556 
  0.9904579 96.06523 
  0.9917985 95.5873 
  0.9883749 95.5873 
  0.9316962 96.06523 
  0.5142328 97.51342 
  0.6608189 98.491 
  0.8017871 96.54556 
  0.9483228 96.54556 
  0.9558246 96.54556 
  0.6416218 96.54556 
  0.4205594 96.06523 
  0.804577 98.98344 
  0.9557945 98.98344 
  0.9738837 99.47836 
  0.9611332 99.97575 
  0.9605719 100.4756 
  0.4550036 102.5003 
  0.6595689 104.0455 
  0.8240525 104.0455 
  0.978711 104.5657 
  0.9809397 104.5657 
  0.983991 105.0885 
  0.9874423 105.0885 
  0.9901042 105.0885 
  0.9839817 104.5657 
  0.9916369 104.5657 
  0.9704226 104.0455 
  0.951099 103.5278 
  0.9754127 101.9903 
  0.9337152 101.4829 
  0.956798 99.97575 
  0.9603668 98.98344 
  0.8954626 97.51342 
  0.8050932 96.06523 
  0.8308395 93.6992 
  0.9803421 91.84841 
  0.9765735 91.39146 
  0.972221 90.48434 
  0.9659121 89.58624 
  0.942127 89.14054 
  0.8647536 88.25578 
  0.6958898 86.94508 
  0.5821671 86.94508 
  0.3560761 85.65383 
  0.6422657 79.87703 
  0.135207 77.13642 
  0.0928201 75.99085 
  0.2260111 75.99085 
  0.02216482 76.75266 
  -0.03879409 77.13642 
  -0.04389289 77.5221 
  0.05966945 77.90971 
  0.2975198 77.90971 
  0.08501769 77.90971 
  0.07607231 77.90971 
  0.1159951 77.90971 
  0.1481255 77.90971 
  0.1557724 77.90971 
  -0.2035732 77.90971 
  -0.02850467 77.90971 
  -0.08910297 77.90971 
  -0.1024204 77.90971 
  -0.1041064 77.90971 
  -0.2008172 77.90971 
  -0.2553129 77.90971 
  -0.0670449 77.90971 ]
