 [
  -0.1254738 125.1317 
  -0.2248262 125.1317 
  -0.2324904 125.1317 
  -0.1877127 125.1317 
  -0.3229484 125.1317 
  -0.2096111 125.1317 
  -0.04496172 125.1317 
  0.08556575 125.1317 
  -0.1383873 125.1317 
  -0.2161048 125.1317 
  -0.09899411 125.1317 
  0.08620301 125.1317 
  0.1682753 125.1317 
  0.5121985 125.1317 
  0.8409358 127.0181 
  0.8748212 125.7574 
  0.8674438 123.8897 
  0.9515249 123.2734 
  0.9079553 125.1317 
  0.9594965 127.0181 
  0.9368477 127.6532 
  0.8527279 127.0181 
  0.5872964 123.2734 
  -0.261762 123.8897 
  -0.02694165 124.5092 
  -0.2030673 125.1317 
  0.0842879 125.7574 
  0.2401287 127.0181 
  0.09811123 127.6532 
  0.1866275 128.9329 
  0.1807883 130.8766 
  0.02918451 134.1814 
  0.2000791 138.2575 
  0.5077822 141.0434 
  0.7874213 138.2575 
  0.922649 136.2042 
  0.867631 133.5138 
  0.9086356 131.531 
  0.9364997 129.5776 
  0.9756534 129.5776 
  0.9843936 128.2915 
  0.9661227 127.0181 
  0.9031439 125.7574 
  0.8146509 124.5092 
  0.395673 124.5092 
  -0.1865267 125.7574 
  0.05372422 127.6532 
  0.0600309 128.9329 
  0.007754667 130.2255 
  -0.06780146 132.1886 
  0.01338245 133.5138 
  -0.05526347 134.8523 
  0.04032691 136.2042 
  0.03372226 138.9488 
  -0.03187419 142.4574 
  0.4445702 146.0546 
  0.7561979 150.4914 
  0.850246 148.9977 
  0.9736989 148.9977 
  0.9827988 148.9977 
  0.9829828 149.7427 
  0.9774998 150.4914 
  0.9899903 151.2439 
  0.9938194 152.0001 
  0.9923277 152.7601 
  0.995126 152.7601 
  0.9936346 152.7601 
  0.9917409 152.7601 
  0.9873593 152.7601 
  0.9736449 152.7601 
  0.9569517 152.0001 
  0.9296525 151.2439 
  0.8708852 150.4914 
  0.474534 148.9977 
  0.2595226 150.4914 
  0.01645867 151.2439 
  0.2318673 152.0001 
  0.08095634 150.4914 
  0.0687083 146.7849 
  0.003095819 144.605 
  0.02070119 144.605 
  0.329104 141.0434 
  0.2384925 136.8852 
  0.1972374 141.7487 
  0.5455879 144.605 
  0.9162582 144.605 
  0.9897087 144.605 
  0.9904861 144.605 
  0.9865074 144.605 
  0.9782293 143.1697 
  0.9286724 142.4574 
  0.842824 141.0434 
  0.7886263 137.5696 
  -0.02433751 134.1814 
  0.3486807 132.8496 
  -0.03416774 132.1886 
  0.03557891 131.531 
  0.03876159 130.8766 
  0.228913 129.5776 
  0.265344 128.2915 
  0.2806768 127.0181 
  0.0497605 125.7574 
  0.1139736 124.5092 
  0.06681858 122.6601 
  0.7273821 120.8384 
  0.8803138 120.8384 
  0.9694813 120.2372 
  0.9824412 119.639 
  0.9942395 119.0438 
  0.9938691 118.4515 
  0.9790685 118.4515 
  0.9081737 117.8622 
  0.7303298 117.2759 
  0.3708263 117.8622 
  0.1302901 114.3874 
  0.03510966 114.3874 
  -0.4535193 115.5342 
  0.2501852 116.1118 
  0.1134422 116.6924 
  0.06750146 117.8622 
  0.1860182 119.0438 
  0.2783958 120.2372 
  0.04571938 120.8384 
  -0.2329187 121.4426 
  -0.1796351 122.0498 
  -0.1297882 122.6601 
  -0.2349167 123.2734 
  -0.2789 123.8897 
  -0.1296623 124.5092 
  -0.1344291 125.1317 
  -0.05796933 125.7574 
  -0.05304336 126.3862 
  -0.2051741 127.0181 
  -0.1008306 127.6532 
  -0.2124423 128.2915 
  0.4098476 128.9329 
  0.4830545 128.9329 
  0.6831126 126.3862 
  0.8247254 123.2734 
  0.8714079 120.2372 
  0.9377308 117.2759 
  0.904412 114.9594 
  0.8100246 113.2521 
  0.5198432 112.6886 
  0.1606028 113.2521 
  0.142623 113.8184 
  0.09985317 114.9594 
  0.1448265 116.1118 
  0.1384388 117.2759 
  0.2953054 118.4515 
  0.2566149 119.0438 
  0.4541567 120.2372 
  0.7977684 121.4426 
  0.9145837 123.2734 
  0.97398 124.5092 
  0.9885527 124.5092 
  0.9982246 124.5092 
  0.9991593 124.5092 
  0.9970497 125.1317 
  0.9980869 125.7574 
  0.997048 127.0181 
  0.7451014 130.2255 
  0.8477175 129.5776 
  0.9162214 130.2255 
  0.979593 130.8766 
  0.9863701 131.531 
  0.991004 133.5138 
  0.992653 134.1814 
  0.998071 134.1814 
  0.9981539 134.8523 
  0.9886164 133.5138 
  0.9626402 131.531 
  0.9057241 129.5776 
  0.8443812 127.0181 
  0.8457941 120.8384 
  0.6904583 117.2759 
  0.8274261 116.1118 
  0.8762382 117.2759 
  0.8916403 116.1118 
  0.9256908 114.3874 
  0.9698309 112.6886 
  0.9837722 111.5702 
  0.9902976 110.4628 
  0.9861234 109.9132 
  0.9741529 109.3664 
  0.9277848 108.2809 
  0.8447307 107.2061 
  0.2378419 106.6728 
  0.7866402 107.2061 
  0.7490463 107.7421 
  0.07513115 108.2809 
  -0.01697762 108.8223 
  0.09105945 109.3664 
  -0.2354122 109.9132 
  -0.1825937 110.4628 
  0.2104342 111.0151 
  0.1061692 111.5702 
  0.03871079 112.128 
  0.05587997 112.6886 
  0.01149818 113.2521 
  0.02593179 113.2521 
  -0.01136628 113.8184 
  0.0530262 114.3874 
  -0.1624333 114.9594 
  0.640273 116.1118 
  0.9052874 116.1118 
  0.963262 115.5342 
  0.9732557 114.3874 
  0.9933715 113.8184 
  0.5780967 114.3874 
  0.6921641 112.128 
  0.9037814 112.128 
  0.9656235 113.2521 
  0.9923378 113.8184 
  0.9887085 113.8184 
  0.9794739 113.8184 
  0.9632754 113.8184 
  0.9481988 113.8184 
  0.8925372 112.6886 
  0.8140514 109.9132 
  0.701879 107.7421 
  -0.250004 108.8223 
  -0.02706326 109.9132 
  0.007182477 111.0151 
  0.06885081 112.128 
  0.07502563 113.2521 
  0.0119874 114.3874 
  0.1592045 116.1118 
  0.4526006 118.4515 
  0.1930104 122.0498 
  0.5131624 125.1317 
  0.9383686 126.3862 
  0.9828101 127.0181 
  0.98813 127.0181 
  0.9017781 125.1317 
  0.9678047 123.8897 
  0.9574646 123.8897 
  0.9375152 123.8897 
  0.9283866 124.5092 
  0.906441 124.5092 
  0.8899176 125.7574 
  0.8816702 125.7574 
  0.8094743 125.1317 
  0.1755264 125.1317 
  -0.01542046 126.3862 
  -0.1447908 127.6532 
  -0.1296737 128.9329 
  -0.04873087 130.2255 
  0.1035441 131.531 
  0.2105555 132.8496 
  0.3954736 134.1814 
  0.3209255 134.8523 
  0.05881537 136.2042 
  -0.04672765 137.5696 
  -0.06735878 138.9488 
  0.2414805 140.3417 
  0.602605 140.3417 
  0.785446 139.6435 
  0.8861016 135.5266 
  0.8722304 132.1886 
  0.8767207 129.5776 
  0.7857592 127.6532 
  0.7603382 122.6601 
  0.9030374 119.0438 
  0.9154547 116.6924 
  0.8538052 115.5342 
  0.6828272 115.5342 
  0.3686551 116.1118 
  0.09693986 117.2759 
  0.12379 118.4515 
  0.5980549 115.5342 
  0.7614223 119.0438 
  0.8777918 119.0438 
  0.8726608 118.4515 
  0.806296 115.5342 
  0.9213185 114.3874 
  0.9469072 114.3874 
  0.9492474 114.3874 
  0.9652016 114.3874 
  0.9833769 114.3874 
  0.9561164 114.9594 
  0.9578618 116.1118 
  0.9711292 117.2759 
  0.9881225 117.8622 
  0.9887042 117.8622 
  0.9491493 117.8622 
  0.810741 116.1118 
  0.7478201 112.6886 
  0.4543507 109.3664 
  0.03584716 111.0151 
  -0.09952769 112.128 
  -0.4014949 113.2521 
  -0.07565671 114.9594 
  0.07661554 116.6924 
  0.4030886 117.8622 
  0.01078731 119.0438 
  -0.04023238 119.639 
  0.01113997 120.2372 
  0.7066903 119.639 
  0.8434789 119.639 
  0.9759456 119.639 
  0.9356738 118.4515 
  0.9049866 117.2759 
  0.8473042 116.1118 
  0.6760728 116.1118 
  -0.2953042 117.2759 
  0.1576619 118.4515 
  -0.2720684 119.639 
  0.1818936 120.8384 
  0.3768922 122.0498 
  0.8744386 123.2734 
  0.9136918 124.5092 
  0.8785819 125.7574 
  0.722688 127.0181 
  0.3631728 128.2915 
  0.09524977 129.5776 
  0.287928 130.8766 
  0.5608056 132.8496 
  0.6426485 120.2372 
  0.828637 119.639 
  0.9100218 119.0438 
  0.9320853 118.4515 
  0.9553503 117.8622 
  0.9689157 117.8622 
  0.9757273 117.8622 
  0.9837105 118.4515 
  0.9778301 118.4515 
  0.9726816 118.4515 
  0.9905612 117.8622 
  0.9948006 117.8622 
  0.9847485 117.8622 
  0.97444 116.6924 
  0.9655705 116.1118 
  0.9752004 114.9594 
  0.9534775 114.3874 
  0.8871525 113.2521 
  0.8226655 112.128 
  0.647898 134.1814 
  0.5348214 129.5776 
  0.1278808 121.4426 
  0.4630609 116.1118 
  0.5285659 107.7421 
  0.8219323 106.142 
  0.8800053 104.5657 
  0.970006 103.5278 
  0.9845428 103.0128 
  0.9931456 103.0128 
  0.9942073 103.0128 
  0.9857255 103.0128 
  0.9108713 103.0128 
  0.7985737 104.0455 
  0.853901 106.6728 
  0.774739 108.2809 
  0.6484464 109.3664 
  0.3172681 109.3664 
  0.2969773 109.3664 
  0.1482533 109.3664 
  -0.2372412 109.3664 
  0.06896783 109.3664 
  0.08846803 109.3664 
  0.1334279 109.3664 
  -0.01794984 109.3664 
  0.1313035 109.3664 
  0.297846 109.3664 
  0.3446621 109.3664 
  0.3243972 109.3664 
  0.3130592 109.3664 
  -0.03597693 109.3664 
  0.02926722 109.3664 
  -0.02218275 109.3664 
  0.01202554 109.3664 
  -0.1168011 109.3664 
  -0.07330263 109.9132 
  -0.09545938 110.4628 
  0.01447961 111.0151 
  -0.07942037 111.5702 
  0.05380893 112.128 
  0.1479081 112.6886 
  0.2425982 113.2521 
  0.2549023 113.8184 
  0.1165386 114.3874 
  0.06149237 114.9594 
  0.2182719 115.5342 
  0.147869 116.1118 
  -0.03029722 116.6924 
  -0.2944183 117.2759 
  -0.07922247 117.8622 
  0.1306567 118.4515 
  0.05710487 119.639 
  0.05258207 120.8384 
  0.1618871 122.0498 
  -0.1259831 122.6601 
  -0.2083083 123.2734 
  -0.3136489 123.8897 
  -0.264562 124.5092 
  -0.1311856 125.1317 
  -0.2843557 125.7574 
  -0.04463088 126.3862 
  0.1872105 127.0181 
  -0.1681902 127.6532 
  -0.3244106 128.2915 
  -0.4579271 128.9329 
  -0.2608288 129.5776 
  -0.07302739 130.2255 
  0.6287675 130.8766 
  0.3717181 131.531 
  0.7042349 129.5776 
  0.8545279 127.0181 
  0.9942743 126.3862 
  0.9947167 127.0181 
  0.9931037 128.2915 
  0.9826925 130.2255 
  0.979035 132.1886 
  0.9829366 134.8523 
  0.9876682 136.2042 
  0.9940212 137.5696 
  0.9732421 137.5696 
  0.9399778 136.2042 
  0.8930347 134.8523 
  0.722973 134.1814 
  0.06681322 134.1814 
  0.0108979 134.1814 
  -0.07856812 134.1814 
  -0.03629847 134.1814 
  0.09615092 133.5138 
  0.178607 132.8496 
  0.1484835 132.1886 
  -0.04163993 130.8766 
  -0.279614 130.2255 
  -0.04389208 129.5776 
  -0.05934988 128.9329 
  -0.0990936 128.2915 
  0.01671135 127.6532 
  0.1049043 127.0181 
  0.5172138 126.3862 
  0.1657379 127.6532 
  0.3178582 123.2734 
  0.3725578 109.3664 
  0.3283493 113.8184 
  0.819502 112.128 
  0.8659937 111.0151 
  0.930876 108.8223 
  0.9586876 107.7421 
  0.9697952 106.6728 
  0.9869391 106.142 
  0.9776434 105.614 
  0.9612389 105.0885 
  0.9780512 104.5657 
  0.9734781 104.5657 
  0.957665 104.0455 
  0.9467262 104.5657 
  0.9569896 103.5278 
  0.9153075 102.5003 
  0.6306614 101.9903 
  0.1115511 101.4829 
  -0.06561065 100.4756 
  0.06248541 99.97575 
  0.02950593 98.98344 
  -0.06261654 98.00098 
  0.2849558 97.02828 
  -0.2311819 96.06523 
  -0.09623253 95.5873 
  -0.07179315 94.63854 
  -0.0359435 94.1677 
  0.004957331 93.6992 
  0.07563334 93.23304 
  0.09787176 92.7692 
  0.05074368 92.30766 
  -0.1024912 91.84841 
  0.1974657 91.39146 
  0.1664507 92.30766 
  0.1856545 92.7692 
  0.4971995 94.63854 
  0.4400986 95.5873 
  0.5886415 108.8223 
  0.2575469 112.6886 
  0.5259397 113.8184 
  0.9677192 113.8184 
  0.9821377 113.2521 
  0.9473076 113.8184 
  0.9364497 114.3874 
  0.9026734 114.3874 
  0.8512663 113.8184 
  0.7717523 113.8184 
  0.9245352 114.9594 
  0.9907782 115.5342 
  0.9907446 114.9594 
  0.990658 113.8184 
  0.9892007 113.8184 
  0.845988 114.3874 
  0.8062174 112.6886 
  0.8911208 110.4628 
  0.8643688 107.7421 
  0.7160394 106.142 
  0.223865 108.2809 
  0.08941159 109.3664 
  -0.1446358 110.4628 
  0.07753082 111.5702 
  0.2542654 112.128 
  0.1762174 112.6886 
  0.1591644 113.2521 
  0.1277316 113.8184 
  0.0925961 114.9594 
  -0.04177609 116.1118 
  0.05816992 117.8622 
  0.1882527 119.639 
  -0.4546992 121.4426 
  0.1231724 123.2734 
  -0.1460175 125.1317 
  0.1059902 127.0181 
  0.1192812 128.9329 
  -0.1436382 130.8766 
  -0.03992773 132.8496 
  0.8162518 132.1886 
  0.6360639 114.3874 
  0.8460904 114.3874 
  0.8513479 112.6886 
  0.849552 111.0151 
  0.8489105 109.9132 
  0.9093918 108.2809 
  0.8754467 107.2061 
  0.8984625 105.614 
  0.7351678 104.0455 
  0.7806371 101.9903 
  0.8473795 100.4756 
  0.8968303 99.47836 
  0.7869835 99.47836 
  0.5819999 100.978 
  0.2977835 101.9903 
  0.2700932 107.7421 
  0.4146535 109.9132 
  0.2157793 116.1118 
  0.4307109 116.6924 
  0.3204298 117.8622 
  -0.00529509 117.8622 
  0.09966046 117.8622 
  0.06124884 117.8622 
  -0.05860426 117.8622 
  0.3322312 117.8622 
  0.4572319 118.4515 
  0.01768065 119.0438 
  0.1680769 119.639 
  0.1413364 119.639 
  0.1984914 119.639 
  0.02713574 119.639 
  -0.02114928 119.639 
  -0.1268409 119.639 
  -0.09116784 119.639 
  -0.02921819 119.639 
  0.004678454 119.639 
  -0.06477142 119.639 
  -0.01774228 119.639 
  0.1873011 119.639 
  -0.1362256 119.639 
  -0.2137782 119.639 
  -0.06086953 119.639 
  0.1934978 119.639 
  0.09164405 119.639 
  -0.06937384 119.639 
  -0.04074853 119.639 
  -0.03958981 119.639 ]
