 [
  0.1970239 207.0808 
  0.1281241 207.0808 
  0.1846819 207.0808 
  0.02173791 207.0808 
  0.1746351 207.0808 
  0.2148979 207.0808 
  0.4191417 207.0808 
  0.1303533 207.0808 
  0.01064762 207.0808 
  0.008623058 207.0808 
  -0.2436018 207.0808 
  -0.04094623 207.0808 
  0.008516704 207.0808 
  -0.08912113 207.0808 
  0.148565 207.0808 
  0.1306087 225.4046 
  0.627879 231.0963 
  0.9458421 231.0963 
  0.9871166 229.9466 
  0.9904715 228.8026 
  0.9905566 228.8026 
  0.988091 228.8026 
  0.9753238 228.8026 
  0.9379685 229.9466 
  0.8844432 229.9466 
  0.586392 228.8026 
  0.7729725 231.0963 
  0.7837372 234.5801 
  0.7570141 238.1164 
  0.8638569 241.7061 
  0.9189141 249.0485 
  0.9502866 251.5452 
  0.9852491 254.067 
  0.9888649 254.067 
  0.995148 254.067 
  0.9920288 255.3373 
  0.9832083 256.614 
  0.9617483 260.4825 
  0.9690908 264.4093 
  0.9782632 268.3953 
  0.9836367 272.4414 
  0.9875868 273.8036 
  0.9786066 275.1726 
  0.9689276 275.1726 
  0.8616604 275.1726 
  0.7352705 271.0859 
  0.9210061 268.3953 
  0.4690551 264.4093 
  0.3996928 260.4825 
  0.06227887 256.614 
  0.1882245 252.8029 
  0.3047721 249.0485 
  0.01320391 245.3498 
  0.02340787 242.9146 
  0.08250031 240.5036 
  0.1478767 239.307 
  0.09465541 238.1164 
  0.442768 236.9318 
  0.7682437 236.9318 
  0.8563563 239.307 
  0.9136158 240.5036 
  0.8998842 235.753 
  0.9063051 231.0963 
  0.935255 226.5316 
  0.8656734 220.9523 
  0.8303484 215.5104 
  0.9204134 211.2535 
  0.9558926 208.1162 
  0.9733554 207.0808 
  0.9786479 206.0505 
  0.9807313 206.0505 
  0.9745403 206.0505 
  0.9731626 206.0505 
  0.9795902 205.0254 
  0.9862364 206.0505 
  0.9897729 206.0505 
  0.987507 206.0505 
  0.9550734 206.0505 
  0.9163901 206.0505 
  0.8683311 207.0808 
  0.9928597 208.1162 
  0.9896567 209.1568 
  0.9356434 210.2025 
  0.8102927 212.3098 
  0.4902866 214.4382 
  0.07008237 216.5879 
  0.04268537 218.7592 
  -0.0109828 220.9523 
  0.0191305 223.1673 
  0.3459745 224.2832 
  0.8260747 225.4046 
  0.9243256 225.4046 
  0.9700331 226.5316 
  0.9782445 228.8026 
  0.9816635 231.0963 
  0.9928187 232.2518 
  0.9936798 232.2518 
  0.9855837 232.2518 
  0.984198 231.0963 
  0.9790154 229.9466 
  0.9738541 228.8026 
  0.9822795 226.5316 
  0.9791574 224.2832 
  0.97973 222.057 
  0.9932697 222.057 
  0.9861169 222.057 
  0.9820808 223.1673 
  0.9755626 223.1673 
  0.9353039 222.057 
  0.911922 218.7592 
  0.8665613 216.5879 
  0.1536724 219.853 
  0.510757 223.1673 
  0.08034436 226.5316 
  0.01715757 229.9466 
  -0.01565311 232.2518 
  0.05909522 235.753 
  0.004442196 238.1164 
  0.2042958 240.5036 
  0.1196738 242.9146 
  0.01378554 245.3498 
  0.03048483 247.8095 
  0.08908483 250.2938 
  0.2792113 252.8029 
  0.09126705 256.614 
  0.7985096 260.4825 
  0.8036947 254.067 
  0.7444887 245.3498 
  0.8932912 236.9318 
  0.9598055 232.2518 
  0.9579272 228.8026 
  0.950717 226.5316 
  0.9133965 225.4046 
  0.9941882 226.5316 
  0.9927815 226.5316 
  0.9631436 226.5316 
  0.8831204 227.6642 
  0.7297604 228.8026 
  0.3838056 231.0963 
  -0.1359278 233.4131 
  0.09810871 235.753 
  0.4385105 238.1164 
  0.7330855 236.9318 
  0.8110477 232.2518 
  0.9620178 226.5316 
  0.9638059 220.9523 
  0.963353 216.5879 
  0.9496992 213.3714 
  0.9775419 211.2535 
  0.966293 209.1568 
  0.9105064 208.1162 
  0.7939571 208.1162 
  0.6144978 209.1568 
  0.6534501 210.2025 
  0.6756867 211.2535 
  0.752934 212.3098 
  0.7476406 213.3714 
  0.8019675 215.5104 
  0.9239815 215.5104 
  0.9560599 216.5879 
  0.9777927 217.6709 
  0.9915976 218.7592 
  0.9888474 219.853 
  0.9929341 219.853 
  0.9732999 222.057 
  0.9754559 225.4046 
  0.991125 226.5316 
  0.9610308 226.5316 
  0.8985078 225.4046 
  0.81181 222.057 
  0.8768566 222.057 
  0.9400324 222.057 
  0.9838319 222.057 
  0.9644091 218.7592 
  0.9438796 214.4382 
  0.9702758 210.2025 
  0.9446247 206.0505 
  0.9096967 200.9756 
  0.9550819 197.0059 
  0.9440697 194.0801 
  0.8397396 194.0801 
  0.4101504 196.0257 
  0.3532131 197.9909 
  0.1577146 199.9758 
  -0.09953699 201.9805 
  0.04823836 205.0254 
  0.1606329 208.1162 
  0.0633828 210.2025 
  0.05597017 212.3098 
  -0.01553342 213.3714 
  0.6942965 214.4382 
  0.8229902 210.2025 
  0.7791246 204.0054 
  0.8646392 197.0059 
  0.9107958 192.1537 
  0.831107 189.3 
  0.5656466 187.4211 
  0.9764495 186.4887 
  0.9973201 185.5609 
  0.9924175 183.7191 
  0.9888678 181.8956 
  0.9875054 180.9906 
  0.9173018 180.0902 
  0.8622637 179.1942 
  0.7910383 178.3027 
  0.7077845 177.4156 
  0.8794534 176.533 
  0.9279695 174.7808 
  0.9896348 173.046 
  0.9840657 172.185 
  0.9729664 171.3284 
  0.9284552 170.476 
  0.8687575 171.3284 
  0.292327 172.185 
  0.6322423 173.046 
  0.4821624 173.9112 
  0.390917 174.7808 
  -0.2427516 175.6547 
  0.5520241 176.533 
  0.7860914 176.533 
  0.8508515 174.7808 
  0.8685892 171.3284 
  0.9587826 168.784 
  0.952397 168.784 
  0.8903627 167.1087 
  0.8660978 167.1087 
  0.8457132 167.1087 
  0.89596 167.9442 
  0.8123333 167.9442 
  0.7079655 166.2773 
  0.920284 166.2773 
  0.9725725 165.4501 
  0.9679276 163.8079 
  0.9686646 161.3751 
  0.9754602 159.7734 
  0.9872056 158.1876 
  0.9897423 158.1876 
  0.9782426 158.1876 
  0.9192722 158.9785 
  0.819681 159.7734 
  0.8496215 161.3751 
  0.9008625 162.182 
  0.9148331 162.9929 
  0.9124914 162.9929 
  0.9160434 162.9929 
  0.9136854 162.9929 
  0.8426986 162.9929 
  0.5307286 162.9929 
  0.3715399 162.9929 
  0.3207003 162.9929 
  0.08611149 162.9929 ]
