 [
  0.155662 187.4211 
  0.1094334 187.4211 
  0.1263953 187.4211 
  0.2244781 187.4211 
  0.2173694 187.4211 
  0.1926719 187.4211 
  0.02670361 187.4211 
  0.08120084 187.4211 
  0.05684907 187.4211 
  -0.09004283 187.4211 
  -0.1430498 187.4211 
  -0.1765217 187.4211 
  -0.2158863 187.4211 
  -0.03658827 187.4211 
  0.2369131 187.4211 
  0.1873654 187.4211 
  0.111474 187.4211 
  0.1696017 187.4211 
  0.2457344 187.4211 
  0.2789884 187.4211 
  0.1552315 186.4887 
  0.124894 182.8051 
  0.4345487 171.3284 
  0.3242976 183.7191 
  0.6784153 184.6377 
  0.9595225 184.6377 
  0.9501838 182.8051 
  0.9659436 181.8956 
  0.9868711 180.9906 
  0.9889938 180.9906 
  0.9926346 180.9906 
  0.9758307 182.8051 
  0.9299139 187.4211 
  0.8973599 196.0257 
  0.9402175 201.9805 
  0.9648907 207.0808 
  0.9672365 212.3098 
  0.9694871 217.6709 
  0.9765291 223.1673 
  0.9892847 227.6642 
  0.9567884 232.2518 
  0.8455107 238.1164 
  0.8244715 249.0485 
  0.9483948 261.7849 
  0.8839108 259.1866 
  0.6137013 251.5452 
  0.7967598 245.3498 
  0.8184582 240.5036 
  0.7407863 236.9318 
  0.4595848 233.4131 
  0.2365679 229.9466 
  0.1036257 226.5316 
  0.4467019 223.1673 
  0.6883162 219.853 
  0.8552821 216.5879 
  0.9362578 212.3098 
  0.9043002 206.0505 
  0.8854176 199.9758 
  0.9238867 193.1145 
  0.9578297 189.3 
  0.9733434 186.4887 
  0.9322554 181.8956 
  0.8959365 174.7808 
  0.9454292 168.784 
  0.9664953 166.2773 
  0.9432015 162.9929 
  0.9530311 161.3751 
  0.9832468 158.9785 
  0.9859928 157.4006 
  0.9769736 156.6175 
  0.9782879 155.063 
  0.9744844 155.063 
  0.9765762 155.063 
  0.994337 155.063 
  0.9979023 155.063 
  0.9925944 155.8383 
  0.9713944 155.8383 
  0.9057755 156.6175 
  0.9296777 155.8383 
  0.976721 154.2915 
  0.9909355 154.2915 
  0.9880919 153.5239 
  0.9822635 153.5239 
  0.957821 154.2915 
  0.9532413 156.6175 
  0.9740827 158.1876 
  0.9336354 161.3751 
  0.9247339 163.8079 
  0.920056 169.6279 
  0.9304144 175.6547 
  0.9130741 181.8956 
  0.9235945 188.3582 
  0.9750749 194.0801 
  0.9702755 196.0257 
  0.9616603 196.0257 
  0.9693659 195.0505 
  0.9668725 194.0801 
  0.9624389 193.1145 
  0.9490667 192.1537 
  0.8697127 192.1537 
  0.5674738 192.1537 
  -0.03551012 192.1537 
  -0.1016849 192.1537 
  0.01407909 191.1978 
  0.005144405 190.2465 
  -0.04597523 189.3 
  0.08093061 188.3582 
  -0.1526389 187.4211 
  -0.2909378 186.4887 
  -0.06000951 185.5609 
  0.5107577 184.6377 
  0.5086179 183.7191 
  0.137054 182.8051 
  0.1072921 181.8956 
  0.5897371 180.9906 
  0.4106523 180.0902 
  0.355746 179.1942 
  0.0571542 178.3027 
  0.2986376 177.4156 
  0.6430651 176.533 
  0.6819967 176.533 
  0.8607488 176.533 
  0.9240365 175.6547 
  0.9226136 174.7808 
  0.8906562 173.9112 
  0.7827103 172.185 
  0.647014 176.533 
  0.9914296 180.9906 
  0.9951572 181.8956 
  0.9968941 181.8956 
  0.9993452 181.8956 
  0.9971815 181.8956 
  0.6395068 182.8051 
  0.77686 181.8956 
  0.9570118 181.8956 
  0.9882871 183.7191 
  0.9849432 185.5609 
  0.9763246 188.3582 
  0.979444 191.1978 
  0.9865915 194.0801 
  0.9941242 196.0257 
  0.9891344 197.9909 
  0.9827451 201.9805 
  0.981175 206.0505 
  0.977601 210.2025 
  0.9805493 215.5104 
  0.9802783 218.7592 
  0.9794807 222.057 
  0.9590587 226.5316 
  0.9935722 229.9466 
  0.9966669 232.2518 
  0.9931967 233.4131 
  0.9768698 232.2518 
  0.943551 231.0963 
  0.6114832 229.9466 
  0.1463311 229.9466 
  0.1405101 229.9466 
  0.1270603 229.9466 
  0.1398951 229.9466 
  0.01100607 231.0963 
  0.4757415 232.2518 
  0.8315427 232.2518 
  0.9122636 228.8026 
  0.8903827 222.057 
  0.8877632 213.3714 
  0.9029821 209.1568 
  0.8828121 205.0254 
  0.778662 197.0059 
  0.799363 191.1978 
  0.9248015 187.4211 
  0.9855179 186.4887 
  0.9914327 186.4887 
  0.9660311 187.4211 
  0.9623208 188.3582 
  0.9625934 190.2465 
  0.9534953 192.1537 
  0.9293558 195.0505 
  0.9118414 197.9909 
  0.918516 202.9904 
  0.8800213 205.0254 
  0.1917633 204.0054 
  0.8851851 202.9904 
  0.9171295 202.9904 
  -0.2051165 201.9805 
  0.1520941 201.9805 
  0.1504302 200.9756 
  0.08359323 199.9758 
  0.04415631 198.9809 
  0.1384102 197.9909 
  0.2038799 197.0059 
  0.1013522 196.0257 
  -0.09945912 195.0505 
  -0.0468554 194.0801 
  0.008279968 193.1145 
  -0.06729005 192.1537 
  -0.04187401 191.1978 
  0.07267859 190.2465 
  0.0487379 189.3 
  0.5525478 188.3582 
  0.8120588 187.4211 
  0.992422 187.4211 
  0.9988333 187.4211 
  0.9997874 187.4211 
  0.9997195 187.4211 
  0.9979124 186.4887 
  0.9960254 184.6377 
  0.988567 181.8956 
  0.9820838 178.3027 
  0.9837166 175.6547 
  0.9856132 172.185 
  0.9777791 168.784 
  0.9820027 164.6269 
  0.984079 161.3751 
  0.979017 158.1876 
  0.9782352 155.063 
  0.9792782 152.0001 
  0.983728 149.7427 
  0.9902446 147.5188 
  0.9985104 146.0546 
  0.9984313 146.0546 
  0.9988542 146.0546 
  0.9976525 146.7849 
  0.9935206 147.5188 
  0.9862952 148.9977 
  0.9742087 151.2439 
  0.9602141 153.5239 
  0.9431725 155.063 
  0.8561941 155.8383 
  0.665817 156.6175 
  0.201488 157.4006 
  0.03631354 157.4006 
  0.0758899 157.4006 
  0.1488255 157.4006 
  0.07190201 157.4006 
  0.01870537 157.4006 
  0.1595701 157.4006 
  0.06159056 158.1876 
  -0.03207424 158.1876 
  0.1472126 158.9785 
  -0.4273755 159.7734 
  -0.1374549 159.7734 
  -0.03304378 159.7734 
  0.1420547 159.7734 
  0.2414086 160.5723 
  0.4586692 161.3751 
  0.7231163 162.182 
  0.8828155 162.9929 
  0.9192524 163.8079 
  0.9436176 164.6269 
  0.9814426 165.4501 
  0.9866525 165.4501 
  0.971319 166.2773 
  0.9314427 165.4501 
  0.9294398 164.6269 
  0.9417171 162.9929 
  0.9516609 161.3751 
  0.9500124 158.9785 
  0.9703261 156.6175 
  0.9916131 155.063 
  0.9944867 154.2915 
  0.9690473 153.5239 
  0.9240975 152.0001 
  0.9217129 149.7427 
  0.7364818 149.7427 
  0.4933236 152.0001 
  0.7856913 154.2915 
  0.8193535 156.6175 
  0.8116812 158.9785 
  0.520649 162.182 
  0.07022558 164.6269 
  -0.3105024 167.1087 
  0.3887589 169.6279 
  0.7980096 171.3284 
  0.9645522 172.185 
  0.9929267 173.046 
  0.9939066 173.046 
  0.9857593 173.9112 
  0.9697402 176.533 
  0.9745381 179.1942 
  0.9847124 180.9906 
  0.9886108 182.8051 
  0.9826948 184.6377 
  0.9859326 186.4887 
  0.9915437 187.4211 
  0.9785221 188.3582 
  0.9764082 190.2465 
  0.984715 191.1978 
  0.9851947 192.1537 
  0.9883048 192.1537 
  0.9942831 192.1537 
  0.9968609 192.1537 
  0.9976999 192.1537 
  0.99391 193.1145 
  0.9883341 196.0257 
  0.9927163 198.9809 
  0.9967786 200.9756 
  0.9963061 200.9756 
  0.9918022 200.9756 
  0.9902403 198.9809 
  0.9917204 197.9909 
  0.9890251 197.9909 
  0.9838551 197.9909 
  0.9739488 197.9909 
  0.9463422 199.9758 
  0.8454664 200.9756 
  0.4465349 200.9756 
  -0.01253555 200.9756 
  -0.02439127 200.9756 
  -0.0856453 199.9758 
  -0.1760379 198.9809 
  -0.0254798 198.9809 
  -0.003683931 198.9809 
  0.1856349 198.9809 
  0.1698037 198.9809 
  0.4413261 198.9809 
  0.01913467 198.9809 
  -0.02368877 198.9809 
  -0.1467021 198.9809 
  -0.0003533475 198.9809 
  0.2500249 198.9809 
  0.2177828 197.9909 
  0.02402003 197.0059 
  0.3392286 196.0257 
  0.8206856 194.0801 
  0.8760768 190.2465 
  0.9139125 185.5609 
  0.9009203 180.9906 
  0.9737429 178.3027 
  0.9929785 177.4156 
  0.9931279 176.533 
  0.9767175 176.533 
  0.9250236 176.533 
  0.8219957 176.533 
  0.9129913 180.0902 
  0.9923174 182.8051 
  0.9966854 183.7191 
  0.9887587 183.7191 
  0.9719478 183.7191 
  0.9147177 184.6377 
  0.7221538 185.5609 
  0.2017011 186.4887 
  -0.06892361 187.4211 
  0.1871118 188.3582 
  -0.311017 189.3 
  -0.2098262 190.2465 
  0.7238606 191.1978 
  0.8903043 191.1978 
  0.9218892 190.2465 
  0.936496 188.3582 
  0.8508409 187.4211 
  0.6751029 187.4211 
  0.525773 188.3582 
  0.4965516 189.3 
  0.4198457 190.2465 
  0.2863324 191.1978 
  0.3388396 192.1537 
  0.6521839 193.1145 
  0.8912318 194.0801 
  0.9639533 195.0505 
  0.9906325 195.0505 
  0.9937 194.0801 
  0.9960945 193.1145 
  0.997398 192.1537 
  0.9969986 192.1537 
  0.9947798 191.1978 
  0.9926116 189.3 
  0.9914417 187.4211 
  0.9689047 185.5609 
  0.9476952 182.8051 
  0.8952186 180.0902 
  0.6935774 180.0902 
  0.1286576 180.0902 
  0.06791365 180.0902 
  -0.01158914 180.0902 
  0.08982089 180.0902 
  0.1212692 180.0902 
  -0.02864708 180.0902 
  0.1343488 180.0902 
  0.6248366 180.0902 
  0.6010258 166.2773 
  0.6869789 159.7734 
  0.7857772 155.063 
  0.8590847 150.4914 
  0.8217944 146.0546 
  0.9858479 143.8855 
  0.9858717 143.8855 
  0.977569 144.605 
  0.9673494 145.328 
  0.9664943 146.7849 
  0.9311575 150.4914 
  0.9516453 153.5239 
  0.9586844 156.6175 
  0.7442306 161.3751 
  0.1394146 169.6279 
  -0.1970711 179.1942 
  -0.03433333 189.3 
  0.08779941 199.9758 
  -0.0378589 211.2535 
  -0.01219821 223.1673 
  -0.04714537 235.753 
  0.3956538 247.8095 
  0.2948502 261.7849 
  0.4187364 272.4414 
  0.5162924 279.3209 
  0.4097018 286.3741 
  0.3037777 290.6912 
  0.2511916 287.806 
  0.08637773 276.5485 
  -0.09004557 268.3953 
  -0.1518569 260.4825 
  -0.1024339 252.8029 
  0.1180487 245.3498 
  0.1564077 238.1164 
  0.02149651 231.0963 
  0.00571471 224.2832 
  0.2713767 217.6709 
  -0.03267084 211.2535 
  -0.2373799 205.0254 
  0.0889652 198.9809 
  -0.1362986 193.1145 
  -0.04756523 187.4211 
  0.5142932 182.8051 
  0.7578843 176.533 
  0.7201843 172.185 
  0.9083933 168.784 
  0.9921805 167.9442 
  0.9909255 167.1087 
  0.9905 166.2773 
  0.9923888 166.2773 
  0.9840397 166.2773 
  0.9577588 164.6269 
  0.9595222 163.8079 
  0.974323 163.8079 
  0.9755278 165.4501 
  0.9764262 166.2773 
  0.9719916 166.2773 
  0.9740641 166.2773 
  0.9684754 165.4501 
  0.9722505 164.6269 
  0.9741402 165.4501 
  0.9877495 165.4501 
  0.9918566 165.4501 
  0.9794497 164.6269 
  0.9852612 163.8079 
  0.9848756 163.8079 
  0.985405 164.6269 
  0.9647859 164.6269 
  0.9475929 162.9929 
  0.9543862 160.5723 
  0.9776508 160.5723 
  0.9783427 159.7734 
  0.9648247 160.5723 
  0.9071609 161.3751 
  0.9223727 162.9929 
  0.9308227 165.4501 
  0.8923191 167.1087 
  0.7449874 167.9442 
  0.6814253 170.476 
  0.2025725 173.9112 
  -0.01175238 177.4156 
  0.07657564 180.9906 
  -0.189274 184.6377 
  0.001555805 188.3582 
  0.2227275 192.1537 
  0.2337105 196.0257 
  -0.2911504 199.9758 
  -0.2299737 202.9904 
  0.03854062 206.0505 
  0.0969561 209.1568 
  0.1265931 212.3098 
  -0.01429867 216.5879 
  0.4440418 220.9523 
  0.3488853 222.057 
  0.3542081 219.853 
  0.3150958 216.5879 
  0.1737627 215.5104 
  0.1119581 216.5879 
  0.2943663 217.6709 
  0.3433995 217.6709 
  0.3757572 216.5879 
  0.3497857 215.5104 
  0.08516125 215.5104 
  0.2571752 215.5104 
  -0.09670728 215.5104 
  0.06954724 215.5104 
  0.1146991 215.5104 
  0.01178902 215.5104 
  -0.1060958 215.5104 
  -0.05483467 215.5104 
  0.1020415 215.5104 
  0.1478429 215.5104 
  0.3229882 215.5104 
  0.08228272 215.5104 
  -0.1581959 215.5104 
  -0.1943081 215.5104 
  -0.06303424 215.5104 
  -0.08274555 215.5104 
  -0.1277979 215.5104 
  -0.1375149 215.5104 
  -0.03421436 215.5104 
  -0.07366914 215.5104 
  -0.1963328 215.5104 
  -0.1481033 215.5104 
  -0.06878337 215.5104 
  -0.2040091 215.5104 
  -0.06410003 215.5104 
  -0.2193132 215.5104 
  -0.04772536 215.5104 
  -0.08719215 215.5104 
  0.2288893 215.5104 
  0.2895249 215.5104 ]
