 [
  -0.08735737 127.6532 
  0.03980451 127.6532 
  0.03503317 127.6532 
  0.02681388 127.6532 
  0.1048974 127.6532 
  0.1112365 127.6532 
  0.04078206 127.6532 
  0.01185754 127.6532 
  -0.06358059 127.6532 
  -0.3039192 127.6532 
  -0.1897401 127.6532 
  0.2395921 127.6532 
  0.4004423 127.6532 
  0.7670352 126.3862 
  0.7527357 122.0498 
  0.7720847 117.2759 
  0.9224553 114.3874 
  0.9510362 112.128 
  0.9169033 109.9132 
  0.9047087 107.7421 
  0.9296683 106.142 
  0.9540613 104.0455 
  0.9525133 103.0128 
  0.8755552 101.9903 
  0.8300971 101.4829 
  0.9265588 101.4829 
  0.8688812 103.0128 
  0.7769064 105.614 
  0.8813129 105.614 
  0.9223623 106.6728 
  0.894308 108.8223 
  0.9227641 110.4628 
  0.8758742 112.128 
  0.8476312 114.3874 
  0.8766462 117.2759 
  0.9005851 119.0438 
  0.93444 121.4426 
  0.9621239 122.6601 
  0.9568484 124.5092 
  0.9559209 125.7574 
  0.9434634 127.0181 
  0.8739452 128.2915 
  0.8058277 128.2915 
  0.8278844 125.1317 
  0.9297357 122.6601 
  0.8348655 120.2372 
  0.7161184 117.2759 
  0.7982022 116.6924 
  0.9692159 117.2759 
  0.987673 117.8622 
  0.9752667 116.6924 
  0.9637253 115.5342 
  0.966162 114.3874 
  0.9496089 113.2521 
  0.9324081 111.5702 
  0.9220973 110.4628 
  0.9017074 108.2809 
  0.9311315 106.142 
  0.9048553 104.5657 
  0.9451008 103.0128 
  0.9574324 101.9903 
  0.9739329 101.4829 
  0.9714068 101.4829 
  0.9588307 102.5003 
  0.9523895 104.5657 
  0.9784318 106.142 
  0.9619524 108.2809 
  0.9384866 110.4628 
  0.9603913 113.2521 
  0.9839634 114.9594 
  0.9884669 116.1118 
  0.9837119 117.2759 
  0.9795419 118.4515 
  0.9826811 119.639 
  0.9864015 120.2372 
  0.987506 120.8384 
  0.98228 120.2372 
  0.9819377 119.639 
  0.9865484 119.0438 
  0.9932284 118.4515 
  0.9899709 119.0438 
  0.9855146 119.0438 
  0.9880135 119.639 
  0.9872093 119.0438 
  0.9644712 118.4515 
  0.915604 116.6924 
  0.8383563 113.8184 
  0.7638786 108.8223 
  0.7908821 104.0455 
  0.8719123 99.97575 
  0.874918 98.00098 
  0.8444069 96.54556 
  0.8335311 95.5873 
  0.9087145 95.5873 
  0.9219584 95.5873 
  0.9349363 95.5873 
  0.9426427 95.5873 
  0.9427385 96.54556 
  0.910775 96.54556 
  0.8147178 97.02828 
  0.6907164 96.06523 
  -0.3703865 98.00098 
  -0.2722263 99.97575 
  0.05135263 101.9903 
  0.1689927 104.0455 
  -0.2070346 106.142 
  -0.190614 108.2809 
  -0.3227444 110.4628 
  -0.06343465 112.6886 
  -0.01066247 114.9594 
  0.1421326 117.8622 
  0.7266651 120.2372 
  0.3884696 108.2809 
  0.7667253 107.7421 
  0.9909666 107.7421 
  0.9947415 108.2809 
  0.9896362 108.8223 
  0.988402 108.8223 
  0.9418589 108.2809 
  0.8602348 106.6728 
  0.853627 104.0455 
  0.856257 101.4829 
  0.8595199 98.491 
  0.9511601 96.54556 
  0.9651802 96.54556 
  0.8890143 98.00098 
  0.9174966 99.47836 
  0.9021001 99.47836 
  0.7770922 98.491 
  0.8654264 95.5873 
  0.7967003 95.11173 
  0.7160902 98.00098 
  0.824223 101.4829 
  0.7761415 105.0885 
  0.8011438 107.7421 
  0.8957672 109.3664 
  0.961937 110.4628 
  0.9745068 111.0151 
  0.9711541 111.0151 
  0.9357142 109.9132 
  0.8816517 108.2809 
  0.7327654 106.142 
  0.5429624 101.4829 
  0.3901886 98.98344 
  0.4094679 97.51342 
  0.4138409 96.54556 
  0.3357152 95.5873 
  0.24978 94.63854 
  0.07749993 94.1677 
  -0.1357603 94.1677 
  0.1970061 94.1677 
  0.5900179 94.1677 
  0.4576116 94.1677 
  0.2380458 94.1677 
  0.6616147 94.63854 
  0.9089807 94.1677 
  0.791482 92.7692 
  0.8294346 90.48434 
  0.6897095 89.14054 
  0.531737 87.3798 
  0.417461 87.3798 
  -0.04035052 90.03418 
  0.06650964 92.30766 
  0.1341927 94.63854 
  0.07256427 97.02828 
  -0.06825329 99.47836 
  0.09280902 101.9903 
  -0.1272301 104.5657 
  0.05537122 107.7421 
  -0.02369268 110.4628 
  -0.1266554 113.2521 
  0.03937298 116.1118 
  0.09963986 119.0438 
  0.6490791 122.0498 
  0.6670678 125.7574 
  0.5619422 117.8622 
  0.7228418 116.1118 
  0.9815896 115.5342 
  0.9878212 116.1118 
  0.9962675 116.1118 
  0.9988906 116.1118 
  0.9994333 116.1118 
  0.9974972 115.5342 
  0.9852897 115.5342 
  0.8163338 114.9594 
  0.4979415 113.8184 
  0.04394112 108.8223 
  0.1953647 105.614 
  0.4866989 103.0128 
  0.6005737 99.97575 
  0.93542 96.54556 
  0.9388553 95.5873 
  0.9323276 96.06523 
  0.8791203 97.51342 
  0.8644146 99.47836 
  0.901938 99.47836 
  0.9116942 99.47836 
  0.9072027 98.491 
  0.8935756 97.51342 
  0.8849279 96.54556 
  0.8383846 95.11173 
  0.8028151 93.6992 
  0.6470208 92.30766 
  0.5685872 88.69706 
  0.8292518 86.51251 
  0.8932334 84.80367 
  0.7198327 85.65383 
  0.7738478 88.25578 
  0.8416656 90.48434 
  0.888657 91.84841 
  0.9167709 91.84841 
  0.836874 90.93677 
  0.7298121 90.03418 
  0.6491773 88.25578 
  0.09631038 87.3798 
  0.1881383 89.58624 
  -0.04821847 92.30766 
  -0.09518185 95.5873 
  0.0630566 98.98344 
  -0.1439554 101.9903 
  -0.09538794 105.0885 
  0.05260405 108.2809 
  0.1119257 111.0151 
  0.1696883 114.3874 
  -0.1912344 117.8622 
  -0.0138098 121.4426 
  0.1344501 125.1317 
  -0.009182718 128.9329 
  0.7149729 128.9329 
  0.6710067 123.2734 
  0.8128332 122.0498 
  0.9899487 121.4426 
  0.9758434 121.4426 
  0.9150167 120.2372 
  0.8440064 117.8622 
  0.6819384 116.1118 
  -0.3253508 116.1118 
  -0.0904143 116.1118 
  0.167328 116.1118 
  0.2635936 116.1118 
  0.1171339 116.1118 
  0.07321553 115.5342 
  0.03779923 114.3874 
  0.07200489 113.8184 
  -0.01214286 112.6886 
  -0.06754143 111.5702 
  -0.0825877 110.4628 
  0.2622965 109.3664 
  0.352701 108.2809 
  0.4073085 106.6728 
  0.4786353 104.0455 
  0.565752 101.4829 
  0.7338597 100.4756 
  0.962504 99.47836 
  0.9762799 98.491 
  0.9555755 97.51342 
  0.9299997 96.54556 
  0.9420528 95.5873 
  0.945963 94.63854 
  0.9751879 94.1677 
  0.9868308 94.1677 
  0.9909343 94.1677 
  0.9815161 94.63854 
  0.9809315 95.11173 
  0.9550096 95.5873 
  0.9422462 96.54556 
  0.9563156 97.02828 
  0.9650172 97.51342 
  0.979538 97.51342 
  0.9835193 97.51342 
  0.9466744 96.54556 
  0.7555376 96.06523 
  0.4723813 94.63854 
  0.3938076 99.47836 
  0.847999 98.98344 
  0.9292037 98.98344 
  0.9868224 98.98344 
  0.6239307 100.978 
  0.7337394 101.9903 
  0.8165869 102.5003 
  0.9496788 102.5003 
  0.9615729 102.5003 
  0.9629454 102.5003 
  0.9748331 102.5003 
  0.9824772 102.5003 
  0.9874218 101.9903 
  0.9848174 101.9903 
  0.9596534 100.978 
  0.7803455 100.4756 
  0.5128359 98.491 
  0.5297024 95.5873 
  0.9336165 95.5873 
  0.9544754 96.06523 
  0.9657472 96.54556 
  0.9132836 96.54556 
  0.8358305 95.5873 
  0.7621759 94.1677 
  0.5179171 92.7692 
  0.9902472 92.30766 
  0.9945157 91.84841 
  0.9889692 91.39146 
  0.2730856 90.93677 
  0.1050525 91.39146 
  0.09572393 94.1677 
  0.4611784 94.1677 
  0.8440457 92.30766 
  0.6967735 90.03418 
  0.5211294 88.25578 
  0.3107213 87.8167 
  -0.1046044 89.58624 
  -0.08067597 90.93677 
  -0.01439653 92.30766 
  -0.04769766 93.6992 
  0.02543198 95.11173 
  -0.04129078 96.54556 
  0.04104599 97.51342 
  -0.1014208 98.491 
  -0.2177896 99.97575 
  -0.1103418 101.4829 
  0.02079551 102.5003 
  0.2362465 104.0455 
  0.1687649 105.0885 
  0.6341038 104.5657 
  0.5947362 100.978 
  0.5744642 98.00098 
  0.6193316 95.11173 
  0.7556861 91.39146 
  0.9295887 89.14054 
  0.9612089 89.14054 
  0.8101543 90.48434 
  0.6969478 93.23304 
  0.7354403 95.5873 
  0.8359708 96.54556 
  0.8825212 97.51342 
  0.9386397 97.51342 
  0.9612228 97.51342 
  0.9712985 98.00098 
  0.9178426 98.98344 
  0.8411763 100.4756 
  0.9393223 102.5003 
  0.9902787 103.0128 
  0.9523489 103.5278 
  0.7214962 105.614 
  0.7691151 108.2809 
  0.8736532 110.4628 
  0.9135779 111.5702 
  0.8999409 113.2521 
  0.9279969 113.8184 
  0.9142374 113.8184 
  0.8258127 111.5702 
  0.7697772 108.2809 
  0.7927141 104.0455 
  0.6234664 100.4756 
  0.6104456 95.5873 
  0.4976107 90.48434 
  0.4935226 86.0821 
  0.8063114 83.54424 
  0.8759642 81.89403 
  0.9629605 81.08118 
  0.9753889 81.08118 
  0.8638009 80.27641 
  0.8387203 79.87703 
  0.9151046 80.6778 
  0.6905094 81.4866 
  0.580534 81.89403 
  0.5353437 81.89403 
  0.3680324 81.4866 
  0.4200033 81.4866 
  0.3049781 81.4866 
  0.213033 81.4866 
  0.06387208 81.4866 
  -0.02921244 81.4866 
  -0.01575296 81.4866 
  0.1542966 81.4866 
  -0.1083744 81.4866 
  -0.07357978 81.4866 
  -0.24018 81.4866 
  -0.2665614 81.4866 
  -0.1685167 81.4866 
  -0.02131986 81.4866 
  -0.04555297 81.4866 
  0.04083155 81.4866 
  0.1877339 81.4866 
  0.2688736 81.4866 
  0.1934728 81.4866 ]
