 [
  0.01528558 117.2759 
  0.001330504 117.2759 
  0.09137403 117.2759 
  0.06467015 117.2759 
  0.06852075 117.2759 
  0.1487835 117.2759 
  0.1525872 117.2759 
  0.07547347 117.2759 
  -0.03602543 117.2759 
  -0.2419083 117.2759 
  -0.244879 117.2759 
  0.1157612 117.2759 
  0.001880426 117.2759 
  0.1310069 117.2759 
  0.1537857 117.2759 
  0.003673933 116.6924 
  -0.08995019 116.1118 
  0.1709341 115.5342 
  0.0327132 115.5342 
  0.6643564 114.3874 
  0.800525 116.1118 
  0.8960924 115.5342 
  0.9102373 114.9594 
  0.9863954 114.3874 
  0.992421 113.8184 
  0.9903659 113.8184 
  0.893163 112.6886 
  0.8878984 111.0151 
  0.8771722 108.8223 
  0.8963736 107.7421 
  0.9366149 106.142 
  0.8970763 105.614 
  0.8992115 104.5657 
  0.879171 104.5657 
  0.8320105 103.5278 
  0.8675123 102.5003 
  0.9088776 102.5003 
  0.982084 103.0128 
  0.9704599 104.0455 
  0.9511601 105.614 
  0.9508393 107.7421 
  0.9593191 109.9132 
  0.914296 112.128 
  0.8997062 114.3874 
  0.7986883 117.2759 
  0.7559834 120.2372 
  0.8372722 122.6601 
  0.9035481 124.5092 
  0.9200074 125.7574 
  0.9167781 126.3862 
  0.9271255 127.0181 
  0.9445717 127.6532 
  0.9499881 127.0181 
  0.9132919 125.7574 
  0.9115626 124.5092 
  0.9043168 122.6601 
  0.9358556 121.4426 
  0.9586194 120.2372 
  0.9803274 119.639 
  0.9899986 119.639 
  0.9781166 118.4515 
  0.9910654 118.4515 
  0.9918047 118.4515 
  0.9909409 118.4515 
  0.9894306 118.4515 
  0.9910119 118.4515 
  0.9879408 118.4515 
  0.9799922 117.8622 
  0.9674713 117.2759 
  0.9094563 116.6924 
  0.8802198 116.6924 
  0.9015506 115.5342 
  0.9524494 115.5342 
  0.9736273 114.3874 
  0.9334373 113.2521 
  0.8569017 112.128 
  0.8726175 111.0151 
  0.7312235 109.9132 
  0.9727873 111.0151 
  0.9950001 111.0151 
  0.9968522 111.0151 
  0.9969119 111.0151 
  0.9953091 111.0151 
  0.9581562 111.0151 
  0.8260611 112.128 
  0.8219438 111.5702 
  0.8649929 110.4628 
  0.8955191 109.9132 
  0.940366 108.8223 
  0.9278163 108.8223 
  0.8834704 108.8223 
  0.9674491 108.8223 
  0.9714952 108.2809 
  0.9582475 107.2061 
  0.9454509 106.142 
  0.9295718 104.5657 
  0.9488859 103.5278 
  0.9305505 101.9903 
  0.9028268 100.4756 
  0.862496 98.491 
  0.8261579 96.54556 
  0.893882 94.63854 
  0.9285417 93.6992 
  0.9519786 92.7692 
  0.9223742 92.30766 
  0.8422817 92.30766 
  0.5933489 93.6992 
  0.8143002 95.5873 
  0.9055304 97.51342 
  0.8562813 98.98344 
  0.8041553 97.51342 
  0.8691801 95.11173 
  0.9156631 93.23304 
  0.9472287 91.84841 
  0.9116307 92.30766 
  0.9478866 93.6992 
  0.9922254 94.63854 
  0.948808 96.06523 
  0.957554 97.51342 
  0.9485098 98.98344 
  0.8053845 101.4829 
  0.8685092 104.0455 
  0.9216712 104.5657 
  0.937395 105.614 
  0.9012764 106.6728 
  0.8834324 108.2809 
  0.8687733 110.4628 
  0.9290454 112.6886 
  0.9677442 114.3874 
  0.9852387 114.9594 
  0.9796386 114.9594 
  0.9132237 113.8184 
  0.9374872 113.2521 
  0.9595988 112.128 
  0.7967131 111.0151 
  0.5060706 108.8223 
  0.4135087 101.4829 
  0.5667044 96.06523 
  0.1435033 94.1677 
  -0.008185947 92.7692 
  -0.3110447 91.39146 
  0.07000719 90.03418 
  -0.1468203 88.69706 
  -0.244683 87.3798 
  -0.1811588 86.0821 
  -0.1897806 84.80367 
  -0.1278421 83.54424 
  0.01190679 82.3035 
  0.1003733 81.08118 
  0.04746354 79.87703 
  -0.04186885 78.69076 
  -0.0276426 77.5221 
  0.1361661 75.99085 
  0.08048313 74.11925 
  0.08840054 71.57619 
  0.2998919 69.81332 
  0.2370926 68.09386 
  0.3166776 66.74884 
  0.2057827 65.43038 
  0.1547156 64.45866 
  -0.09883847 63.50137 
  -0.1230565 62.5583 
  0.1494583 61.93738 
  0.1759365 61.32262 
  -0.02285778 60.71396 
  0.07275012 60.11135 
  -0.2906473 59.51471 
  0.1543855 58.924 
  0.1631882 58.33915 
  0.2055895 57.47274 
  0.1685042 56.90229 
  0.6219341 55.50082 
  0.6157168 54.67657 
  0.7058201 54.13387 
  0.8775772 53.86455 
  0.8406552 53.86455 
  0.6805723 54.13387 
  0.6410644 54.13387 
  0.2401915 80.27641 
  0.8635212 107.2061 
  0.9564146 108.8223 
  0.9478451 108.8223 
  0.9709439 109.3664 
  0.9647114 108.8223 
  0.9578953 108.2809 
  0.9305615 107.7421 
  0.8948853 106.6728 
  0.8506654 105.0885 
  0.7944339 103.5278 
  0.7696453 101.4829 
  0.7671062 99.97575 
  0.9652528 98.98344 
  0.9689919 98.00098 
  0.8345252 97.51342 
  0.5641378 97.51342 
  0.8261497 97.02828 
  0.8447546 95.11173 
  0.7555944 93.6992 
  0.4789608 93.6992 
  0.5928271 94.1677 
  0.7177475 92.7692 
  0.7160315 91.39146 
  0.4596973 90.48434 
  -0.2097934 90.48434 
  0.1593737 90.48434 
  0.07159991 90.48434 
  0.06346899 90.48434 
  0.06794736 90.48434 
  0.06743278 90.48434 
  -0.01486511 90.48434 
  0.02782023 90.48434 
  0.0173973 90.93677 
  0.02820609 90.93677 
  0.523715 91.39146 
  0.2664208 90.93677 
  0.5675732 90.93677 
  0.4023125 91.84841 
  0.7509108 92.30766 
  0.7693047 94.1677 
  0.8097342 94.1677 
  0.9652361 95.11173 
  0.9585987 95.5873 
  0.9890795 96.06523 
  0.9778708 96.54556 
  0.9544099 97.02828 
  0.9203335 98.98344 
  0.9681912 99.97575 
  0.9722652 100.978 
  0.9474363 101.9903 
  0.9835033 102.5003 
  0.9733208 103.0128 
  0.9704596 104.0455 
  0.9823937 105.0885 
  0.9896599 105.614 
  0.989411 105.614 
  0.9815043 105.0885 
  0.9649561 104.5657 
  0.9502798 104.0455 
  0.9451063 103.5278 
  0.9503508 103.5278 
  0.9754593 104.0455 
  0.9968967 104.5657 
  0.9903616 104.0455 
  0.9541556 103.5278 
  0.9586149 102.5003 
  0.9901772 101.4829 
  0.9859192 100.978 
  0.9738302 99.97575 
  0.9557332 98.491 
  0.95661 97.02828 
  0.9136069 95.5873 
  0.9279734 94.63854 
  0.9655225 93.23304 
  0.8529816 91.84841 
  0.8038433 90.03418 
  0.9149181 87.8167 
  0.8806858 86.94508 
  0.6311765 86.94508 
  0.02660497 87.3798 
  0.1767723 87.8167 
  0.3556664 88.25578 
  0.05657326 89.14054 
  -0.3630613 90.03418 
  -0.102551 90.93677 
  0.1371753 91.39146 
  0.1562126 91.84841 
  0.2239955 92.30766 
  0.0476959 93.23304 
  0.108553 93.6992 
  -0.1217685 94.63854 
  0.6771981 95.5873 
  0.5628033 94.63854 
  0.5838389 94.1677 
  0.4507428 91.84841 
  0.4415109 91.84841 
  0.8426702 91.84841 
  0.9662253 91.84841 
  0.98746 92.30766 
  0.9153509 94.1677 
  0.7945145 96.54556 
  0.8563649 99.47836 
  0.9266117 99.47836 
  0.9424239 99.97575 
  0.9702774 100.978 
  0.9813546 101.4829 
  0.9866536 102.5003 
  0.9910131 102.5003 
  0.9905439 103.0128 
  0.9815709 102.5003 
  0.986434 101.9903 
  0.9875085 101.4829 
  0.993871 101.4829 
  0.9969205 100.978 
  0.995977 100.978 
  0.9950991 100.4756 
  0.9949595 99.97575 
  0.9955236 99.47836 
  0.9984182 98.98344 
  0.9969159 98.491 
  0.9894144 98.491 
  0.9851395 98.491 
  0.9748287 97.51342 
  0.9733592 97.02828 
  0.9648982 96.54556 
  0.9758615 96.54556 
  0.9769312 96.06523 
  0.9869543 96.06523 
  0.9819958 95.5873 
  0.9864262 95.5873 
  0.9879657 95.5873 
  0.9887311 95.5873 
  0.9816283 95.5873 
  0.980745 95.5873 
  0.9787567 95.5873 
  0.97421 95.5873 
  0.974793 95.5873 
  0.9766739 95.5873 
  0.9804367 95.11173 
  0.9855371 95.5873 
  0.9812171 95.11173 
  0.9757042 95.11173 
  0.986495 95.11173 
  0.9552457 94.1677 
  0.9874792 93.23304 
  0.9835357 92.30766 
  0.9926654 91.84841 
  0.9820551 91.84841 
  0.9407489 91.84841 
  0.9162164 91.84841 
  0.9373238 91.84841 
  0.9685332 90.93677 
  0.9414646 90.48434 
  0.973155 89.58624 
  0.9891601 89.14054 
  0.9757704 88.25578 
  0.8112531 86.94508 
  0.8588453 86.51251 
  0.6372555 86.94508 
  0.1132854 89.14054 
  0.07119865 91.39146 
  0.4783581 92.30766 
  -0.04717008 92.30766 
  0.04429272 92.30766 
  -0.02254369 92.7692 
  0.01641052 93.23304 
  -0.1204126 93.6992 
  -0.08761671 94.1677 
  -0.08018494 94.63854 
  0.03568055 95.11173 
  -0.08890947 95.5873 
  -0.06477677 96.06523 
  -0.05192967 96.06523 
  0.1846749 96.06523 
  0.1715398 96.06523 
  -0.2500228 96.54556 
  -0.1452924 97.02828 
  0.2658206 97.51342 
  0.03021207 98.00098 
  -0.0168031 98.00098 
  0.132439 98.00098 
  0.1725008 98.491 
  0.1728434 98.98344 
  -0.03592304 99.47836 
  0.07344256 99.97575 
  0.2216706 100.4756 
  0.002058066 100.978 
  0.7398937 103.0128 
  0.9447446 103.0128 
  0.723106 100.978 
  0.9064915 99.97575 
  0.9802411 99.97575 
  0.9655737 99.97575 
  0.9784592 99.47836 
  0.9441623 98.98344 
  0.9508134 98.00098 
  0.9612304 97.02828 
  0.9295297 96.06523 
  0.9633069 95.5873 
  0.9856399 95.11173 
  0.9322349 94.1677 
  0.8487303 93.23304 
  0.8747883 91.84841 
  0.7147629 91.39146 
  0.5622751 91.39146 
  0.5051047 86.51251 
  0.633593 87.3798 
  0.4914144 88.25578 
  0.8375784 88.69706 
  0.8530196 88.69706 
  0.6850131 88.25578 
  0.7459033 87.8167 
  0.804894 88.25578 
  0.9115528 88.25578 
  0.8884459 88.25578 
  0.9465851 88.25578 
  0.9508516 88.25578 
  0.8638641 87.8167 
  0.7168006 87.8167 
  0.5859746 87.8167 
  0.6397963 87.8167 
  0.7397677 87.8167 
  0.5304229 87.8167 
  0.2742056 87.8167 
  0.3910295 87.8167 
  0.06825812 87.8167 
  0.04155494 87.8167 
  -0.02464218 87.8167 
  -0.1207669 87.8167 
  0.02927206 87.8167 
  0.09373984 87.8167 
  0.1445999 87.8167 
  0.2567068 87.8167 
  0.2144778 87.8167 
  0.1822648 87.8167 
  0.07614754 87.8167 
  -0.05007699 87.8167 
  0.238037 87.8167 
  0.3131661 87.8167 
  0.2176069 87.8167 
  0.1383532 87.8167 
  0.1416845 87.8167 
  -0.02548113 87.8167 
  0.02318456 87.8167 
  0.03242461 87.8167 
  0.001246951 87.8167 
  0.01610204 87.8167 
  0.04102786 87.8167 ]
