 [
  0.06518292 171.3284 
  0.05612865 171.3284 
  -0.01783684 171.3284 
  -0.1556367 171.3284 
  0.2336438 171.3284 
  0.3190494 171.3284 
  0.03567494 171.3284 
  0.3336718 171.3284 
  0.2416561 171.3284 
  0.4065807 171.3284 
  0.5149966 171.3284 
  0.7597271 171.3284 
  0.622467 171.3284 
  0.8699203 169.6279 
  0.7267095 164.6269 
  0.6823735 156.6175 
  0.7262493 145.328 
  0.7135296 139.6435 
  0.9391147 136.2042 
  0.9166027 134.8523 
  0.846157 132.8496 
  0.6713865 128.9329 
  0.8935655 126.3862 
  0.9826198 125.1317 
  0.983851 124.5092 
  0.9791034 124.5092 
  0.9851893 124.5092 
  0.9880444 124.5092 
  0.971847 125.7574 
  0.9486581 127.6532 
  0.7517347 130.8766 
  0.8038644 137.5696 
  0.8700147 139.6435 
  0.8680307 141.7487 
  0.8776056 143.1697 
  0.9458193 146.0546 
  0.89055 148.9977 
  0.7860805 152.0001 
  0.6776889 155.8383 
  0.7991332 166.2773 
  0.9016558 171.3284 
  0.9525756 173.9112 
  0.9183618 173.046 
  0.7858714 172.185 
  0.7344393 164.6269 
  0.3013074 162.182 
  0.2004437 166.2773 
  0.1101438 167.9442 
  -0.01954653 168.784 
  -0.03229202 168.784 
  0.3635256 168.784 
  0.2817698 169.6279 
  0.1972727 170.476 
  -0.1469528 171.3284 
  -0.1135915 172.185 
  -0.2472135 173.046 
  -0.06029719 173.9112 
  0.01505865 174.7808 
  0.06609835 174.7808 
  0.1821199 175.6547 
  0.5868567 176.533 
  0.7528447 169.6279 
  0.7554642 163.8079 
  0.8240874 157.4006 
  0.7555238 150.4914 
  0.7210947 145.328 
  0.3573041 146.0546 
  0.0107751 147.5188 
  -0.006629501 148.9977 
  0.07494876 150.4914 
  0.0755779 152.0001 
  -0.003927302 153.5239 
  -0.1230173 155.063 
  -0.06937792 156.6175 
  -0.102192 158.1876 
  -0.1296981 159.7734 
  0.003626152 161.3751 
  0.4662175 162.9929 
  -0.1515673 164.6269 
  0.07007186 166.2773 
  0.2308016 167.9442 
  0.1056502 168.784 
  -0.2008998 169.6279 
  0.6880881 163.8079 
  0.5493607 150.4914 
  0.692353 146.0546 
  0.9170467 141.7487 
  0.928514 139.6435 
  0.9331435 137.5696 
  0.8719732 135.5266 
  0.8239307 132.1886 
  0.758642 128.9329 
  0.6914899 123.2734 
  0.6428024 117.8622 
  0.383578 120.2372 
  0.2091466 122.6601 
  0.2246792 125.1317 
  -0.03685597 127.6532 
  -0.1177298 130.8766 
  -0.05998955 134.1814 
  0.01256555 136.8852 
  0.1770891 139.6435 
  0.1057446 142.4574 
  0.09023397 145.328 
  0.4134025 148.2564 
  0.6444204 151.2439 
  0.6856085 148.2564 
  0.8976742 144.605 
  0.949769 141.0434 
  0.905586 138.9488 
  0.8876721 136.8852 
  0.9854578 134.8523 
  0.9703983 132.8496 
  0.9742438 130.8766 
  0.9747091 128.9329 
  0.9711579 126.3862 
  0.7044131 123.8897 
  0.5837222 122.0498 
  0.6704378 120.2372 
  0.8634839 119.639 
  0.8879234 121.4426 
  0.9369963 125.1317 
  0.9515187 126.3862 
  0.9566331 126.3862 
  0.9421217 125.1317 
  0.8422009 123.2734 
  0.7734998 119.639 
  0.8782971 114.9594 
  0.9464839 113.2521 
  0.9466273 112.6886 
  0.8486321 113.2521 
  0.5998342 114.3874 
  0.2221422 116.1118 
  0.007483254 117.8622 
  0.3162514 119.639 
  0.4354331 121.4426 
  0.8988428 123.8897 
  0.8983955 127.6532 
  0.91752 130.2255 
  0.9604614 130.2255 
  0.9873359 130.8766 
  0.9972114 130.8766 
  0.9906681 130.2255 
  0.9047498 128.9329 
  0.8178652 125.1317 
  0.7261571 121.4426 
  -0.1374505 121.4426 
  0.01478002 123.8897 
  -0.3358999 125.7574 
  -0.09344693 128.2915 
  0.1211477 130.2255 
  0.1169548 132.1886 
  0.1144771 134.1814 
  0.1231466 136.2042 
  0.09380131 138.2575 
  0.1430672 140.3417 
  0.2571618 141.7487 
  0.04708811 143.1697 
  -0.2930897 144.605 
  -0.2771709 146.0546 
  -0.0838619 147.5188 
  -0.1247431 148.9977 
  -0.1432268 150.4914 
  0.2622007 151.2439 
  0.7320331 151.2439 
  0.3788732 138.9488 
  0.5126685 133.5138 
  0.8397913 131.531 
  0.8474007 128.9329 
  0.7359781 126.3862 
  0.8562901 123.8897 
  0.9231967 122.0498 
  0.8472245 121.4426 
  0.6212566 122.0498 
  0.8805001 122.6601 
  0.9579906 122.6601 
  0.9829379 122.6601 
  0.9870033 122.6601 
  0.9950837 122.0498 
  0.9915037 122.0498 
  0.995225 121.4426 
  0.9954239 121.4426 
  0.9957139 121.4426 
  0.9963088 121.4426 
  0.9934829 122.0498 
  0.9916848 122.0498 
  0.9873453 122.0498 
  0.971441 121.4426 
  0.908752 120.8384 
  0.9340759 118.4515 
  0.9256448 117.8622 
  0.9124054 117.8622 
  0.9756265 117.8622 
  0.9712272 117.8622 
  0.9433006 118.4515 
  0.7901347 118.4515 
  0.7413315 118.4515 
  0.7502868 117.2759 
  0.7846833 117.2759 
  0.908307 118.4515 
  0.9145616 120.8384 
  0.9515715 121.4426 
  0.9743456 121.4426 
  0.9767255 120.8384 
  0.995025 120.2372 
  0.9946624 120.2372 
  0.9960189 119.639 
  0.9954053 119.639 
  0.9917417 120.2372 
  0.9735157 121.4426 
  0.971289 122.6601 
  0.9918836 123.2734 
  0.9961222 123.2734 
  0.9960738 123.2734 
  0.9939495 123.8897 
  0.9961743 123.8897 
  0.9917206 123.8897 
  0.9399997 123.8897 
  0.8604385 123.8897 
  0.6432909 124.5092 
  0.9784507 125.1317 
  0.9907235 125.7574 
  0.9938409 126.3862 
  0.9878621 126.3862 
  0.9758475 126.3862 
  0.9495918 126.3862 
  0.9189423 127.0181 
  0.9196205 127.6532 
  0.9051827 128.2915 
  0.1068244 128.9329 
  0.01371727 129.5776 
  0.01676004 130.2255 
  0.2442119 130.2255 
  0.2890163 130.2255 
  0.2666971 130.2255 
  0.1612852 130.8766 
  -0.1263606 130.8766 
  -0.4404756 130.8766 
  -0.4046147 130.8766 
  -0.2943743 130.8766 
  0.2235467 131.531 
  -0.04187739 131.531 
  -0.3882615 131.531 
  -0.09260391 132.1886 
  0.06102074 132.1886 
  -0.1278466 132.1886 
  -0.2261407 132.1886 
  -0.02533874 132.1886 
  0.4418674 132.8496 
  0.340192 132.8496 
  0.2294628 132.8496 
  0.1124481 133.5138 
  0.06792973 134.1814 
  0.2234065 134.8523 
  0.1983014 135.5266 
  0.1459155 136.2042 
  0.2281121 136.8852 
  0.2522623 137.5696 
  0.3471271 138.2575 
  0.3840682 138.9488 
  0.3047568 139.6435 
  0.1193426 139.6435 
  0.3158933 140.3417 
  0.3188901 140.3417 
  0.0626436 140.3417 
  -0.116763 141.0434 
  -0.1822831 141.0434 
  -0.01310618 141.0434 
  -0.04904535 141.0434 
  -0.1006651 141.0434 
  0.04227871 141.0434 
  -0.1363944 141.0434 
  -0.3530971 141.0434 
  -0.2885737 141.0434 
  -0.0279478 141.0434 
  0.210539 141.0434 
  0.0451024 141.7487 
  0.3383632 141.7487 
  0.2437229 141.7487 
  0.1732326 141.7487 
  0.01210052 141.7487 
  -0.1168804 141.7487 
  0.01489895 141.7487 
  0.07777499 141.7487 
  -0.2412981 142.4574 
  0.6938033 141.7487 
  0.5941631 133.5138 
  0.4465521 128.2915 
  0.5230665 123.2734 
  0.7340237 117.2759 
  0.4414495 113.8184 
  -0.1785797 117.2759 
  0.1284891 120.8384 
  0.1505386 123.8897 
  -0.07091375 127.6532 
  0.03953534 130.8766 
  0.005545286 134.1814 
  -0.1252806 137.5696 
  0.07222768 141.0434 
  0.05215151 144.605 
  0.2092087 147.5188 
  0.2428122 149.7427 
  -0.138357 153.5239 
  0.7135491 157.4006 
  0.8336406 154.2915 
  0.9740576 152.7601 
  0.9896368 152.0001 
  0.9826223 152.0001 
  0.9824244 152.0001 
  0.9722944 152.7601 
  0.9541463 152.7601 
  0.9074719 154.2915 
  0.6307882 155.063 
  0.7875451 155.8383 
  0.6615844 156.6175 
  0.3235577 158.1876 
  0.09640588 159.7734 
  0.3248558 161.3751 
  0.6623179 162.182 
  0.9089466 163.8079 
  0.9701278 166.2773 
  0.9867312 167.9442 
  0.9945552 168.784 
  0.9926058 167.1087 
  0.9934054 166.2773 
  0.9967287 164.6269 
  0.9947982 162.9929 
  0.9960902 162.182 
  0.9947985 160.5723 
  0.9855153 158.9785 
  0.9799698 156.6175 
  0.9692596 154.2915 
  0.9724673 151.2439 
  0.9643826 148.9977 
  0.9433619 146.7849 
  0.8775098 144.605 
  0.7515603 143.1697 
  0.5470489 143.1697 
  0.8321044 143.1697 
  0.9013382 143.8855 
  0.8717483 143.1697 
  0.7639482 136.2042 
  0.9300716 132.8496 
  0.9847186 131.531 
  0.9850176 129.5776 
  0.9875126 128.2915 
  0.9702058 127.0181 
  0.9363431 124.5092 
  0.8466309 120.2372 
  0.7805334 116.6924 
  0.7067109 113.8184 
  0.1131765 113.2521 
  -0.04485997 116.1118 
  0.0980428 118.4515 
  0.139655 120.8384 
  -0.02959758 123.8897 
  -0.1628986 127.0181 
  -0.26933 130.2255 
  0.1053616 133.5138 
  -0.03063837 136.8852 
  0.02356153 140.3417 
  0.02306261 143.8855 
  -0.02913669 147.5188 
  0.6430551 149.7427 
  0.5450295 143.1697 
  0.5254841 140.3417 
  0.8219425 134.1814 
  0.2991709 132.8496 
  0.1552912 134.1814 
  -0.1741143 136.2042 
  -0.2808481 138.2575 
  0.08521459 140.3417 
  0.1288548 142.4574 
  -0.0832103 144.605 
  -0.07824983 146.0546 
  -0.0981574 147.5188 
  -0.004523794 148.2564 
  -0.05125401 148.9977 
  0.3003427 149.7427 
  0.1373321 150.4914 
  -0.0432318 151.2439 
  -0.07903448 152.0001 
  0.0002680664 152.7601 
  -0.07846699 153.5239 
  0.1508406 154.2915 
  0.1958141 154.2915 
  0.7458763 154.2915 
  0.7052907 146.7849 
  0.6847875 139.6435 
  0.9486511 136.8852 
  0.9945647 136.2042 
  0.9959468 136.2042 
  0.9901975 136.8852 
  0.987361 137.5696 
  0.9841855 138.9488 
  0.9891643 139.6435 
  0.9800073 141.0434 
  0.985207 142.4574 
  0.9879551 143.8855 
  0.9660817 145.328 
  0.9145882 145.328 
  0.8307559 144.605 
  0.8572338 144.605 
  0.8036602 145.328 
  0.4346821 146.7849 
  0.1618507 148.9977 
  0.0704236 151.2439 
  0.143273 153.5239 
  -0.2650237 155.8383 
  0.1847812 158.1876 
  0.1261501 159.7734 
  0.1317091 160.5723 
  -0.05977312 161.3751 
  0.01321711 162.182 
  -0.01883965 162.9929 
  -0.09883401 163.8079 
  -0.147084 164.6269 
  0.6116943 164.6269 
  0.6086158 157.4006 
  0.689923 148.9977 
  0.895892 146.0546 
  0.9770564 143.8855 
  0.9643242 141.7487 
  0.9738492 139.6435 
  0.9670565 138.9488 
  0.9501956 137.5696 
  0.9629932 136.8852 
  0.9935603 136.2042 
  0.9898734 136.2042 
  0.9900539 136.2042 
  0.9898385 136.2042 
  0.9864625 135.5266 
  0.9894628 135.5266 
  0.9869976 136.2042 
  0.9876549 137.5696 
  0.992635 138.9488 
  0.9937321 139.6435 
  0.9778161 138.9488 
  0.9482512 137.5696 
  0.9397312 134.1814 
  0.9374929 131.531 
  0.9271255 128.9329 
  0.947041 126.3862 
  0.8843146 125.1317 
  0.8103513 123.8897 
  0.7318127 123.2734 
  0.9774264 123.2734 
  0.9953305 123.2734 
  0.9916341 122.6601 
  0.9560654 121.4426 
  0.7811017 120.2372 
  0.6500294 119.0438 
  0.5475744 118.4515 
  0.1767285 119.0438 
  0.2472116 120.2372 
  0.008163691 121.4426 
  -0.05374825 122.6601 
  0.01024367 123.8897 
  0.1150191 125.1317 
  0.07279918 126.3862 
  0.1271739 128.2915 
  0.02421618 130.2255 
  0.003190232 132.1886 
  0.1089116 133.5138 
  -0.101316 134.8523 
  0.1266835 135.5266 
  0.71323 142.4574 
  0.5324659 135.5266 
  0.7832748 134.1814 
  0.972149 132.8496 
  0.9805002 132.1886 
  0.9882964 131.531 
  0.9892402 131.531 
  0.9857523 130.8766 
  0.9778103 130.8766 
  0.9828544 131.531 
  0.9892566 130.8766 
  0.9907137 130.2255 
  0.9871386 128.9329 
  0.9756329 127.6532 
  0.8803999 125.7574 
  0.8153832 123.8897 
  0.6779501 121.4426 
  0.2293729 119.0438 
  0.1909713 116.6924 
  0.3902248 114.9594 
  0.8631545 114.3874 
  0.9134985 115.5342 
  0.9307057 114.9594 
  0.9404251 113.8184 
  0.965338 112.128 
  0.979507 111.0151 
  0.9441162 109.3664 
  0.8669919 107.2061 
  0.7278013 105.614 
  0.5004166 105.614 
  -0.1221082 105.614 
  0.2412591 105.614 
  0.2595585 105.614 
  0.3705927 105.614 
  0.0206891 105.614 
  0.04565664 105.614 
  0.2061805 105.614 
  0.3041545 105.614 
  0.3176668 105.614 
  0.2401891 105.614 
  0.02884899 105.614 
  0.01302677 105.614 
  -0.1512004 105.614 
  -0.01088687 105.614 
  -0.0752295 105.614 
  -0.06992653 105.614 
  0.1244681 105.614 
  -0.1478311 105.614 
  0.0457496 105.614 ]
