 [
  0.02563913 131.531 
  0.008689561 131.531 
  -0.01765225 131.531 
  0.1607828 131.531 
  0.1420805 131.531 
  0.3054691 131.531 
  0.1885545 131.531 
  -0.1266757 131.531 
  -0.03148071 131.531 
  0.09537643 131.531 
  0.3618697 131.531 
  0.04980936 131.531 
  0.081459 131.531 
  -0.09533192 131.531 
  -0.06670185 131.531 
  0.0545603 131.531 
  0.1702158 131.531 
  0.2620066 127.6532 
  0.4178832 132.1886 
  0.8238071 131.531 
  0.9455233 132.1886 
  0.9742045 130.8766 
  0.9554548 129.5776 
  0.9053513 127.6532 
  0.8420737 123.8897 
  0.7478623 121.4426 
  0.7111608 116.6924 
  0.7843501 111.0151 
  -0.0436879 107.2061 
  -0.2407117 104.5657 
  0.01419684 101.9903 
  0.3401141 99.47836 
  0.2453471 97.51342 
  -0.03239356 95.11173 
  0.02890415 92.7692 
  0.05622407 90.48434 
  -0.01341014 88.25578 
  0.2203983 86.0821 
  0.6878668 83.96195 
  0.8905997 82.71502 
  0.7079992 80.6778 
  0.7610686 79.47963 
  0.7287638 77.5221 
  0.9483556 75.2366 
  0.6280158 74.11925 
  0.5039663 72.29374 
  0.6775078 71.22009 
  0.4396812 71.57619 
  0.1209923 71.57619 
  -0.1048635 71.57619 
  -0.229056 71.57619 
  -0.06590327 71.57619 
  0.0654728 71.57619 
  0.1910364 71.57619 
  0.01123597 71.57619 
  0.09974483 71.57619 
  -0.02463405 71.93407 
  0.010863 71.93407 
  -0.1029282 71.93407 
  -0.18595 71.93407 
  -0.3329514 71.93407 
  -0.07653712 71.93407 
  -0.2060809 71.93407 
  -0.1514042 71.93407 
  -0.007693494 71.93407 
  0.1931965 71.93407 
  0.02093386 72.29374 
  0.255743 72.6552 
  0.02845815 73.01849 
  -0.007889951 73.38358 
  -0.04559855 73.7505 
  -0.1303438 74.11925 
  -0.1168562 74.11925 
  -0.05034889 74.11925 
  0.1414885 74.11925 
  0.07202125 74.48985 
  0.1137004 74.86229 
  0.3145177 75.2366 
  0.1939331 75.61279 
  0.05823504 75.61279 
  -0.1189635 75.99085 
  -0.1381557 76.3708 
  0.09780656 76.75266 
  0.07114749 77.13642 
  -0.1596968 77.5221 
  -0.243315 77.90971 
  -0.3089045 78.29926 
  -0.1808157 78.69076 
  -0.05810738 79.08421 
  0.1107712 79.47963 
  -0.04131073 79.87703 
  -0.2156586 80.27641 
  -0.2149681 80.6778 
  -0.2317841 81.08118 
  -0.1938148 81.4866 
  0.004920491 81.89403 
  -0.04487891 82.3035 
  -0.1579039 82.3035 
  -0.1332313 82.3035 
  0.3709955 82.71502 
  0.7705356 83.54424 
  0.5194644 88.25578 
  0.8970029 90.03418 
  0.9112651 89.14054 
  0.9690457 88.25578 
  0.9891997 87.8167 
  0.9915897 87.8167 
  0.98478 87.3798 
  0.9297839 86.51251 
  0.8725709 84.38177 
  0.7563798 82.3035 
  0.3373682 82.71502 
  -0.5430641 85.65383 
  0.03336542 89.14054 
  0.1311479 92.30766 
  0.05008038 95.5873 
  0.05914145 98.98344 
  0.6650999 103.0128 
  0.6927179 102.5003 
  0.744735 99.97575 
  0.7754986 98.98344 
  0.8402314 98.00098 
  0.8800048 98.00098 
  0.9006072 98.00098 
  0.9324781 98.491 
  0.7417466 99.47836 
  0.4382738 101.4829 
  0.516251 106.6728 
  0.8305909 111.0151 
  0.5945094 112.128 
  0.184625 98.00098 
  0.4522144 108.2809 
  0.1159064 107.2061 
  -0.03862491 106.6728 
  -0.02398651 106.142 
  0.02012612 105.614 
  -0.08812838 105.0885 
  0.05852124 104.5657 
  0.03261451 104.0455 
  0.1046972 104.0455 
  0.05597415 103.5278 
  0.06722844 103.0128 
  0.7848763 101.9903 
  0.4749429 87.8167 
  0.4008475 89.14054 
  0.5729946 90.03418 
  0.4368246 93.23304 
  0.7888157 84.80367 
  0.7921684 83.96195 
  0.7994429 84.38177 
  0.6422792 85.65383 
  0.6353452 87.8167 
  0.7539104 90.03418 
  0.9106874 92.30766 
  0.9539142 92.7692 
  0.9776161 92.7692 
  0.9834486 92.7692 
  0.9826062 93.23304 
  0.9762738 93.23304 
  0.9644133 93.6992 
  0.9476055 93.23304 
  0.958204 93.23304 
  0.9179934 93.6992 
  0.9056195 95.11173 
  0.894129 97.51342 
  0.9029045 99.47836 
  0.8938276 100.4756 
  0.8975517 101.9903 
  0.9204 103.0128 
  0.947632 103.5278 
  0.9658064 103.5278 
  0.9746405 103.5278 
  0.9780419 104.0455 
  0.9799661 104.0455 
  0.9843953 104.5657 
  0.9851646 105.0885 
  0.9863924 105.614 
  0.9572765 105.614 
  0.8142561 105.614 
  0.5574563 105.614 
  -0.03369991 107.2061 
  0.2803724 109.3664 
  0.6210476 111.5702 
  0.4101605 107.7421 
  0.5634362 107.7421 
  0.6591952 107.2061 
  0.836117 105.614 
  0.8598491 106.6728 
  0.8751881 105.614 
  0.9424714 106.142 
  0.9528707 106.142 
  0.9569196 106.6728 
  0.9411327 106.142 
  0.9598386 106.142 
  0.9678822 105.614 
  0.9484706 107.2061 
  0.9346454 108.2809 
  0.9044424 111.0151 
  0.8796759 112.6886 
  0.8249907 112.128 
  0.3959737 108.8223 
  0.08549818 106.6728 
  0.09707559 105.0885 
  0.0178426 103.5278 
  -0.2686911 102.5003 
  0.03896871 101.4829 
  0.16155 100.4756 
  -0.02322539 98.98344 
  -0.0682181 97.51342 
  0.2434076 96.06523 
  0.5722964 94.1677 
  0.6484452 91.39146 
  0.6350141 86.94508 
  0.7381952 83.54424 
  0.8077346 81.89403 
  0.8531687 80.27641 
  0.7273487 79.08421 
  0.2577552 79.47963 
  -0.1567506 80.6778 
  -0.06155319 81.89403 
  0.04238169 83.12859 
  0.1403951 84.38177 
  0.3350418 85.2277 
  0.2509104 85.65383 
  0.1183177 85.65383 
  0.1700968 85.2277 
  0.262583 84.80367 
  0.6173387 87.3798 
  0.7421506 86.51251 
  0.8779564 86.51251 
  0.8925889 85.2277 
  0.9623834 84.80367 
  0.9603717 85.65383 
  0.9861271 86.0821 
  0.9535149 86.94508 
  0.9403044 86.94508 
  0.9523976 87.3798 
  0.9405183 87.8167 
  0.7724187 87.8167 
  0.1189729 86.94508 
  0.01211234 86.94508 
  0.0158207 86.94508 
  0.1726394 86.94508 
  0.09067141 86.94508 
  0.079078 87.3798 
  0.225895 87.8167 
  0.1745343 88.25578 
  0.2047676 88.25578 
  0.3109567 88.69706 
  0.290782 89.14054 
  0.158498 89.58624 
  0.1942871 90.03418 
  0.2008245 90.48434 
  -0.03840326 90.93677 
  0.04790753 91.39146 
  0.0302682 92.30766 
  0.1539633 93.6992 
  0.1174094 95.11173 
  0.1358629 96.54556 
  0.2901691 98.00098 
  -0.2967876 99.47836 
  0.01193157 100.978 
  -0.003346221 102.5003 
  -0.05286736 103.5278 
  0.2697175 104.5657 
  -0.1835096 105.614 
  0.222525 107.2061 
  0.04241359 108.2809 
  0.06508176 109.3664 
  0.003580629 110.4628 
  0.06262912 111.5702 
  -0.1786594 112.6886 
  -0.4106224 113.8184 
  -0.2187888 114.9594 
  0.1539781 114.9594 
  0.7283431 111.5702 
  0.2841845 106.6728 
  0.7969569 104.0455 
  0.9826801 103.5278 
  0.9827971 104.0455 
  0.9550725 104.5657 
  0.9131827 104.5657 
  0.7634278 103.5278 
  0.6893513 99.97575 
  0.7430413 96.06523 
  0.05550396 94.1677 
  0.1310325 92.30766 
  0.3062204 90.48434 
  0.2088252 89.14054 
  0.00401461 87.8167 
  0.1150791 86.0821 
  0.1354994 84.80367 
  -0.008859923 83.54424 
  0.09668572 82.71502 
  0.001212662 81.4866 
  0.1042395 80.27641 
  0.4692961 78.69076 
  0.7544672 79.47963 
  0.8719686 78.69076 
  0.9228899 78.69076 
  0.9585278 79.08421 
  0.9637884 79.08421 
  0.9110578 79.47963 
  0.9314697 80.6778 
  0.9453466 80.27641 
  0.8946171 79.47963 
  0.8602583 78.69076 
  0.6030553 79.08421 
  0.683933 81.08118 
  0.3628627 82.71502 
  0.2951014 84.38177 
  0.4106605 86.0821 
  0.3818403 87.8167 
  0.2607424 89.14054 
  0.3451424 90.48434 
  0.43018 91.84841 
  0.5874501 92.7692 
  0.5905585 93.6992 
  0.6953158 94.1677 
  0.6897106 94.1677 
  0.7848817 93.23304 
  0.8719789 93.23304 
  0.6926934 90.93677 
  0.713748 87.8167 
  0.805187 85.65383 
  0.7134308 83.96195 
  0.6905403 83.54424 
  -0.2837715 83.12859 
  -0.06649978 83.54424 
  0.2509252 84.38177 
  0.186043 85.2277 
  0.2528681 85.65383 
  0.6384335 88.25578 
  0.8895409 89.58624 
  0.6431962 88.25578 
  0.5889669 86.0821 
  0.9391341 84.80367 
  0.9061882 83.54424 
  0.9099512 82.3035 
  0.9012256 81.08118 
  0.8358235 80.27641 
  0.801395 80.27641 
  0.6146412 79.87703 
  0.07086718 80.6778 
  0.1066634 81.08118 
  0.05011748 81.89403 
  0.09402855 82.71502 
  0.103677 83.12859 
  0.2338032 83.96195 
  -0.06023476 86.0821 
  0.190501 88.25578 
  -0.1077945 90.93677 
  0.2846637 93.6992 
  0.130362 96.06523 
  0.6913264 101.9903 
  0.1832104 96.54556 
  0.3881598 95.11173 
  0.7859375 93.6992 
  0.792562 91.84841 
  0.8769722 90.48434 
  0.686142 90.03418 
  0.1578391 90.48434 
  0.3806221 98.00098 
  0.583383 92.7692 
  0.3040346 90.03418 
  0.1587558 90.03418 
  -0.2757543 90.48434 
  -0.02060354 90.93677 
  0.09118801 91.39146 
  0.06951976 91.84841 
  0.06879262 91.84841 
  0.1401391 91.84841 
  0.0656327 91.39146 
  0.1311499 90.93677 
  0.1869652 90.48434 
  0.1708476 90.48434 
  0.06457201 90.93677 
  0.08538437 91.84841 
  0.6686994 94.1677 
  0.7692716 95.11173 
  0.7969869 95.5873 
  0.7549456 95.5873 
  -0.03374811 96.06523 
  -0.05296326 96.54556 
  0.01673729 97.02828 
  -0.08185758 97.51342 
  -0.07407141 98.00098 
  0.06035434 98.00098 
  0.2208075 98.00098 
  0.2707728 97.51342 
  0.08765906 97.02828 
  0.2347036 96.06523 
  0.1801176 95.11173 
  0.1747753 94.63854 
  0.3442419 94.63854 
  0.6795602 94.63854 
  0.6942478 93.23304 
  0.6030406 90.48434 
  0.8027045 88.69706 
  0.9078071 87.8167 
  0.8978264 87.3798 
  0.903178 86.94508 
  0.8551881 87.3798 
  0.3533849 87.8167 
  0.07687703 87.3798 
  0.1707668 86.94508 
  0.04315291 86.51251 
  -0.09278471 86.0821 
  0.01333023 86.0821 
  0.03377873 85.65383 
  0.09482452 85.2277 
  0.266968 84.80367 
  0.1885836 84.38177 
  -0.07391261 84.38177 
  0.0215982 84.38177 
  0.07153046 84.38177 
  0.03143742 84.38177 
  -0.1098854 84.38177 
  -0.1304078 84.38177 
  0.1523748 84.38177 
  0.1782596 83.96195 
  0.3330306 83.54424 
  0.5774743 83.96195 
  0.4163817 83.96195 
  -0.02588265 83.96195 
  0.2022672 83.96195 
  -0.2472222 83.96195 
  -0.330672 83.96195 
  -0.3805682 83.96195 
  -0.2442237 83.96195 
  -0.3973253 83.96195 
  -0.09398899 83.96195 
  -0.1884181 83.96195 
  0.01187041 83.96195 
  -0.08598879 83.96195 
  -0.03665707 83.96195 ]
