 [
  -0.08939296 137.5696 
  -0.1588627 137.5696 
  -0.01978166 137.5696 
  -0.08123992 137.5696 
  0.04219856 137.5696 
  0.080672 137.5696 
  0.1075212 137.5696 
  0.04439238 137.5696 
  -0.1082091 137.5696 
  -0.1689222 137.5696 
  -0.09249895 137.5696 
  0.05076247 137.5696 
  0.01309271 137.5696 
  0.3569116 137.5696 
  -0.03127933 137.5696 
  0.2015973 137.5696 
  0.07797603 137.5696 
  -0.03890081 137.5696 
  -0.0595036 137.5696 
  0.03214221 137.5696 
  -0.05442269 137.5696 
  0.04702025 137.5696 
  0.4787808 137.5696 
  0.1592826 137.5696 
  -0.06187857 137.5696 
  0.1953716 136.8852 
  0.2180677 138.2575 
  0.5031115 139.6435 
  0.323344 127.0181 
  0.8100163 124.5092 
  0.9325051 124.5092 
  0.8903837 125.1317 
  0.7638243 122.6601 
  0.1478575 123.8897 
  0.2325024 125.7574 
  0.02517653 127.0181 
  0.1775835 128.2915 
  0.1895116 129.5776 
  0.08320431 130.8766 
  -0.1454765 132.8496 
  -0.1037324 134.8523 
  0.4665428 136.8852 
  -0.03632311 138.9488 
  0.2163743 141.0434 
  -0.1571081 143.1697 
  -0.1572081 145.328 
  0.02650913 147.5188 
  0.1104969 148.9977 
  0.1032002 150.4914 
  0.8112881 152.7601 
  0.8003052 149.7427 
  0.8839198 148.9977 
  0.8782445 147.5188 
  0.8994375 144.605 
  0.9494607 143.1697 
  0.9814161 142.4574 
  0.9864293 141.7487 
  0.9906819 141.0434 
  0.9993187 140.3417 
  1.000669 140.3417 
  0.9912878 140.3417 
  0.9447599 139.6435 
  0.8761322 138.2575 
  0.8433832 136.2042 
  0.7138405 134.1814 
  0.6632792 125.1317 
  0.4973688 123.8897 
  0.2786859 122.0498 
  0.05513641 119.0438 
  0.09072395 116.6924 
  0.1124666 114.9594 
  0.1559505 113.8184 
  0.09747916 112.6886 
  0.0005674763 111.5702 
  0.007125271 111.0151 
  -0.01431751 110.4628 
  0.2889155 110.4628 
  0.482949 115.5342 
  0.5172179 111.0151 
  0.5026351 106.142 
  0.7518851 101.4829 
  0.929488 99.47836 
  0.9494879 98.491 
  0.9594374 97.51342 
  0.9412389 96.54556 
  0.9746999 96.06523 
  0.9872957 96.06523 
  0.8862377 97.02828 
  0.9440309 97.51342 
  0.971739 97.51342 
  0.9139411 98.491 
  0.9191701 98.98344 
  0.9056697 98.491 
  0.7799472 97.51342 
  0.4510081 97.51342 
  0.08743902 98.491 
  0.1433385 98.491 
  0.1010899 98.491 
  0.05499604 98.491 
  0.1531688 98.98344 
  0.1308824 99.47836 
  0.02040702 99.97575 
  0.03994267 100.4756 
  0.0865415 100.4756 
  0.1178271 100.4756 
  0.04477764 100.978 
  0.05834429 101.9903 
  0.2626368 102.5003 
  0.3203414 103.0128 
  0.2335543 103.5278 
  0.3723463 104.5657 
  0.536178 105.0885 
  0.4965444 105.614 
  0.4313877 106.142 
  -0.01283081 106.6728 
  -0.2713128 107.2061 
  0.4209816 107.7421 
  0.646889 106.6728 
  0.8762518 106.6728 
  0.7875488 105.614 
  0.6348146 103.0128 
  0.5604708 100.4756 
  0.4425183 99.47836 
  0.5866909 100.4756 
  0.8450896 101.9903 
  0.9368402 102.5003 
  0.9172965 101.4829 
  0.8916543 99.97575 
  0.8814529 98.491 
  0.6165733 98.491 
  -0.06324699 99.47836 
  0.001734611 101.4829 
  0.1155125 103.5278 
  0.2061169 105.614 
  0.1089725 107.7421 
  0.06709227 110.4628 
  0.1442681 112.6886 
  0.01216681 114.9594 
  -0.09346393 117.2759 
  -0.2826585 119.639 
  -0.04731082 122.0498 
  0.239753 124.5092 
  -0.2585073 127.0181 
  0.7525011 129.5776 
  0.494271 125.1317 
  0.6923348 123.8897 
  0.9456865 122.0498 
  0.9478325 121.4426 
  0.9513792 119.639 
  0.9710967 118.4515 
  0.9606894 118.4515 
  0.9223422 117.8622 
  0.8684103 116.6924 
  0.8677655 113.8184 
  0.76235 111.0151 
  0.3692841 110.4628 
  0.03680678 111.5702 
  -0.1310609 112.6886 
  -0.1990869 112.6886 
  -0.0987248 112.6886 
  0.06793461 114.3874 
  0.1061304 116.1118 
  0.3219816 117.8622 
  0.02895931 119.639 
  0.08892634 121.4426 
  0.6752278 123.2734 
  0.2136955 122.6601 
  0.4150997 119.639 
  0.4813649 112.6886 
  0.4560064 115.5342 
  0.7409391 114.9594 
  0.7891789 112.6886 
  0.8490769 111.0151 
  0.8871752 108.8223 
  0.9022288 108.2809 
  0.9356278 108.2809 
  0.9562303 108.8223 
  0.871248 108.2809 
  0.709976 108.8223 
  -0.2060986 110.4628 
  -0.02528908 112.128 
  -0.3082636 114.3874 
  -0.456635 116.6924 
  -0.1602801 119.0438 
  -0.3545336 121.4426 
  0.6220868 124.5092 
  0.5451598 114.9594 
  0.8762603 113.8184 
  0.9208289 114.3874 
  0.9420784 114.9594 
  0.9190924 113.8184 
  0.8845951 113.2521 
  0.8080059 112.128 
  -0.2920613 111.5702 
  -0.1580999 111.0151 
  0.07517461 111.0151 
  0.09744189 111.0151 
  -0.07365409 111.0151 
  -0.211712 111.0151 
  0.0583937 111.0151 
  0.2756546 111.0151 
  0.06505843 110.4628 
  0.1026985 111.0151 
  0.6269676 112.128 
  0.03246242 112.128 
  0.2921136 112.6886 
  0.5590036 112.6886 
  0.42361 112.6886 
  0.2131956 112.6886 
  -0.02073053 112.6886 
  -0.05166394 112.6886 
  -0.03160603 112.6886 
  -0.01759028 112.6886 
  0.4572826 107.7421 
  0.3198542 98.00098 
  0.4450592 96.06523 
  0.7072598 95.5873 
  0.9808121 94.1677 
  0.9802586 94.1677 
  0.96139 93.6992 
  0.9112238 93.6992 
  0.8192899 92.30766 
  0.3290563 92.30766 
  0.02332527 93.6992 
  0.2642435 95.11173 
  -0.0260548 96.06523 
  0.1988694 96.54556 
  0.4502565 96.54556 
  -0.2148708 96.54556 
  0.1749174 96.54556 
  0.002020662 96.54556 
  -0.2106199 96.54556 
  -0.04157957 96.54556 
  0.150516 96.54556 
  0.1326361 96.54556 
  0.3782214 96.54556 
  0.3760904 96.54556 
  0.4173826 97.02828 
  0.4230331 97.51342 
  0.09460303 98.00098 
  -0.4280713 98.491 
  0.02515536 98.98344 
  -0.02937702 99.47836 
  -0.002788716 99.97575 
  -0.2838517 100.4756 
  -0.1720188 100.978 
  -0.2533212 101.4829 
  -0.3282816 101.9903 
  -0.3250607 102.5003 
  -0.05525142 103.0128 
  0.04781461 103.5278 
  0.02636557 104.0455 
  -0.0466334 104.5657 
  -0.1445443 105.0885 
  0.07767964 105.614 
  -0.004320967 106.142 
  -0.1169774 106.6728 
  -0.1779696 107.2061 
  -0.04036085 107.7421 
  -0.2368069 108.2809 
  0.0693751 108.8223 
  0.07358493 109.3664 
  0.01728781 109.9132 
  -0.1135346 110.4628 
  -0.1495111 111.0151 
  -0.1815343 111.5702 
  -0.1938573 112.128 
  -0.1619705 112.6886 
  0.005309658 112.6886 
  0.0937901 112.6886 
  -0.06015802 112.6886 
  -0.0225268 112.6886 
  -0.01355723 112.6886 
  0.3218644 117.2759 
  0.4654609 112.128 
  0.8853458 109.3664 
  0.8990449 107.2061 
  0.9288309 105.0885 
  0.9400392 103.5278 
  0.9111611 102.5003 
  0.8916773 100.978 
  0.7872803 99.97575 
  0.3929209 99.97575 
  -0.07666796 100.4756 
  -0.05837239 100.978 
  -0.1365685 101.4829 
  -0.1166665 101.9903 
  0.1633281 102.5003 
  0.1172692 103.0128 
  0.1320149 103.0128 
  -0.05526421 103.0128 
  -0.2286699 103.0128 
  -0.07250783 103.0128 
  -0.1746102 103.0128 
  -0.1279624 103.0128 
  -0.1306497 103.5278 
  -0.243833 104.0455 
  -0.006551803 104.5657 
  0.4438894 105.0885 
  0.3184825 105.614 
  0.4505655 106.142 
  0.6027207 106.6728 
  0.2866598 106.6728 
  0.7444373 111.0151 
  0.8163568 112.128 
  0.7832934 112.128 
  0.821578 111.5702 
  0.8836746 111.5702 
  0.9268482 111.5702 
  0.8513515 112.6886 
  0.9559562 113.8184 
  0.9640157 114.9594 
  0.9852058 114.9594 
  0.9760619 115.5342 
  0.9528838 115.5342 
  0.9531822 116.6924 
  0.9537395 116.6924 
  0.9488563 116.6924 
  0.9434595 116.6924 
  0.949088 116.1118 
  0.9642552 115.5342 
  0.9767975 115.5342 
  0.9844698 114.9594 
  0.9804828 114.9594 
  0.9697945 114.9594 
  0.9689716 114.9594 
  0.9561073 114.3874 
  0.9508662 113.2521 
  0.9622452 112.128 
  0.9646763 111.5702 
  0.9765884 109.9132 
  0.9647951 108.8223 
  0.9154328 107.2061 
  0.926818 105.614 
  0.9008822 104.0455 
  0.7919283 103.0128 
  0.2666802 103.0128 
  0.4521818 103.5278 
  0.4099486 104.0455 
  0.08424281 105.0885 
  0.07886796 106.142 
  0.5014817 107.2061 
  0.7736345 108.2809 
  0.8628296 109.3664 
  0.896437 110.4628 
  0.9744635 111.5702 
  0.9350234 111.0151 
  0.9418399 111.0151 
  0.9447291 112.128 
  0.9739932 112.128 
  0.9768238 112.6886 
  0.9908844 112.6886 
  0.9846079 112.6886 
  0.942158 112.128 
  0.852523 111.0151 
  0.76134 108.8223 
  0.755759 104.5657 
  -0.01417856 104.5657 
  -0.04096791 104.5657 
  -0.224974 104.5657 
  0.006645347 105.0885 
  0.06063139 105.0885 
  0.06578526 105.0885 
  0.2440546 105.0885 
  -0.3411752 105.0885 
  0.09709915 105.0885 
  -0.07217211 105.0885 
  0.3807305 105.614 
  -0.02582731 106.6728 
  0.3535917 103.0128 
  0.2391428 98.491 
  0.8231541 93.23304 
  0.9362226 92.30766 
  0.9470195 90.93677 
  0.9694778 90.03418 
  0.9895112 89.58624 
  0.9890555 89.58624 
  0.9795028 89.58624 
  0.9692442 89.58624 
  0.9550734 89.58624 
  0.9673918 89.58624 
  0.9689509 90.03418 
  0.7941487 90.03418 
  0.4770744 89.58624 
  0.0915506 89.14054 
  -0.02129551 88.69706 
  -0.02348202 88.69706 
  0.02309254 88.69706 
  0.3659701 88.69706 
  0.2281919 88.69706 
  0.0266485 88.25578 
  -0.0291021 86.94508 
  -0.2123353 85.2277 
  0.3395103 83.54424 
  0.2099414 83.96195 
  0.5367128 85.65383 
  0.7007936 87.3798 
  0.7718543 88.25578 
  0.7126293 90.03418 
  0.2316792 90.93677 
  0.2998514 92.30766 
  0.1792708 93.6992 
  0.02351512 95.5873 
  0.09813815 97.02828 
  -0.0886517 98.98344 
  -0.4148419 100.978 
  -0.01541714 103.0128 
  0.2731465 105.0885 
  0.09087484 106.6728 
  -0.1550495 108.2809 
  -0.01543028 109.9132 
  0.09563001 111.5702 
  0.06642628 113.2521 
  -0.06016849 115.5342 
  -0.0287321 120.2372 
  0.2542957 120.2372 
  0.5580919 117.8622 
  0.8838836 114.9594 
  0.8361708 114.3874 
  0.5183294 113.8184 
  -0.2595079 114.9594 
  0.100422 116.1118 
  0.131946 117.2759 
  -0.08413126 118.4515 
  -0.1733452 119.639 
  0.3480645 120.8384 
  0.3108366 122.6601 
  0.5094295 122.6601 
  0.3345709 121.4426 
  0.6604358 112.6886 
  -0.07090956 112.6886 
  0.3695963 112.6886 
  -0.01021863 112.6886 
  -0.02599948 112.6886 
  0.0007864228 112.6886 
  0.1427709 112.6886 
  -0.1059896 112.6886 
  0.715243 112.6886 
  0.78843 110.4628 
  0.8175046 111.0151 
  0.8362783 110.4628 
  0.4582272 106.6728 
  0.7903242 103.5278 
  0.9220675 102.5003 
  0.9230241 100.978 
  0.9723541 100.4756 
  0.9788131 100.978 
  0.9834126 100.978 
  0.9764683 100.978 
  0.8066219 101.4829 
  0.435968 104.5657 
  0.05024313 109.3664 
  0.3856457 114.9594 
  0.4699285 114.9594 
  0.5394523 109.9132 
  0.6128954 104.0455 
  0.7030262 103.0128 
  0.7608067 102.5003 
  0.9134516 101.4829 
  0.9717298 101.9903 
  0.9057552 101.4829 
  0.8865666 100.978 
  0.9775212 99.97575 
  0.9635906 99.97575 
  0.9711248 99.47836 
  0.96662 99.47836 
  0.9907492 99.97575 
  0.9683752 99.47836 
  0.9797817 98.98344 
  0.8812774 98.491 
  0.7443985 98.491 
  0.6065584 96.54556 
  0.9349039 96.54556 
  0.9742581 96.06523 
  0.9626704 95.11173 
  0.894199 94.63854 
  0.5619646 94.63854 
  0.1377194 95.5873 
  0.3232407 97.51342 
  0.2922421 94.1677 
  0.6783355 92.7692 
  0.8522189 92.30766 
  0.7804389 91.84841 
  0.8179327 90.48434 
  0.7769905 90.93677 
  0.9107195 91.39146 
  0.9192875 91.39146 
  0.9110643 91.39146 
  0.9651011 90.93677 
  0.9810182 90.48434 
  0.9602172 90.48434 
  0.9538897 90.48434 
  0.9285601 90.48434 
  0.9037421 90.93677 
  0.8699327 91.39146 
  0.7890123 91.39146 
  0.6412586 91.39146 
  0.5163903 91.39146 
  0.5904183 91.39146 
  0.4788723 91.39146 
  0.3669579 91.39146 
  0.2791085 91.39146 
  -0.05376979 91.39146 
  0.1323752 91.39146 
  0.1294438 91.39146 
  0.3221798 91.39146 ]
