 [
  0.2526905 117.2759 
  0.06459267 117.2759 
  0.1818516 117.2759 
  0.2103578 117.2759 
  0.3086849 117.2759 
  0.3239428 117.2759 
  0.3045231 117.2759 
  0.3910828 117.2759 
  0.4157959 117.2759 
  0.1532605 117.2759 
  -0.04180311 117.2759 
  -0.1449215 117.2759 
  -0.2277656 117.2759 
  0.2374209 117.2759 
  -0.3114782 117.2759 
  0.5260705 117.2759 
  0.4085855 116.1118 
  0.7777846 117.8622 
  0.8879302 117.2759 
  0.8712643 117.2759 
  0.6848515 116.1118 
  0.7164935 111.0151 
  -0.4896194 111.5702 
  -0.2503443 111.5702 
  -0.02293675 111.5702 
  -0.02579978 111.5702 
  -0.07499986 111.5702 
  0.210667 112.128 
  0.1478659 112.6886 
  0.2900867 113.2521 
  0.06520174 113.8184 
  0.4944708 113.8184 
  0.3392383 113.8184 
  0.2305359 113.2521 
  0.222473 109.9132 
  0.3103191 120.8384 
  0.3984144 121.4426 
  0.7326303 117.8622 
  -0.2423373 117.2759 
  0.135539 116.6924 
  0.06057674 116.6924 
  0.2948345 116.6924 
  0.1548472 116.1118 
  0.4049552 115.5342 
  0.1029292 115.5342 
  -0.004921392 115.5342 
  0.04163371 114.3874 
  0.02024275 113.2521 
  0.3168493 112.6886 
  0.716544 120.8384 
  0.7679256 118.4515 
  0.7231483 116.1118 
  0.8178653 113.2521 
  0.8646626 110.4628 
  0.8886458 107.7421 
  0.806383 106.142 
  0.7221644 103.5278 
  0.760842 98.98344 
  -0.03628127 100.978 
  -0.07627983 103.5278 
  0.01562976 106.142 
  -0.122714 108.8223 
  -0.01866502 111.5702 
  0.1872591 114.3874 
  -0.2591025 116.6924 
  0.07504067 119.0438 
  0.1259488 122.0498 
  0.1272393 123.8897 
  0.1342555 124.5092 
  -0.05682506 125.7574 
  -0.00279421 127.0181 
  0.02801727 128.2915 
  0.7768266 129.5776 
  0.380419 117.2759 
  0.5363373 114.3874 
  0.7727 112.6886 
  0.7976741 109.3664 
  0.8703179 106.6728 
  0.9409379 105.0885 
  0.889962 105.614 
  0.9143431 106.6728 
  0.9266085 106.142 
  0.8392819 105.0885 
  0.7134048 103.5278 
  0.7608691 98.98344 
  0.3197069 97.51342 
  0.03721098 98.491 
  0.06128879 98.98344 
  0.01772359 99.97575 
  0.07660794 100.4756 
  0.02755304 100.978 
  0.06595103 101.4829 
  0.03909061 101.9903 
  0.3507755 102.5003 
  0.06762377 103.0128 
  0.1268634 103.5278 
  0.2511872 104.0455 
  0.1461312 104.5657 
  0.09500375 104.5657 
  -0.0329093 105.0885 
  0.07196449 106.142 
  -0.05721809 107.2061 
  -0.1192823 108.2809 
  0.7042247 109.9132 
  0.8596669 110.4628 
  0.8280751 109.9132 
  0.8491427 108.2809 
  0.9151154 107.2061 
  0.9709051 106.6728 
  0.9815391 106.6728 
  0.9705453 107.2061 
  0.9599526 107.7421 
  0.9800795 107.7421 
  0.9824672 108.2809 
  0.9801013 108.2809 
  0.9882591 108.8223 
  0.9750806 109.9132 
  0.969314 109.3664 
  0.9618552 109.3664 
  0.9459115 110.4628 
  0.8989761 110.4628 
  0.8215264 110.4628 
  0.7695318 108.8223 
  0.9324557 108.2809 
  0.9939009 108.2809 
  0.9839099 107.7421 
  0.8004688 109.3664 
  0.7310314 108.8223 
  0.8679183 107.7421 
  0.915221 107.2061 
  0.9099839 106.142 
  0.9348482 105.0885 
  0.8703911 104.0455 
  0.8763141 102.5003 
  0.9718193 101.9903 
  0.9800956 101.4829 
  0.9815354 101.4829 
  0.9742885 101.9903 
  0.9529026 101.4829 
  0.9308002 100.978 
  0.906002 100.978 
  0.924839 101.9903 
  0.9136856 102.5003 
  0.8918173 103.5278 
  0.9173231 104.0455 
  0.9303119 105.0885 
  0.8313843 105.0885 
  0.6541718 105.614 
  0.7074457 100.4756 
  -0.0293693 100.4756 
  -0.07848294 100.4756 
  0.02744027 100.4756 
  -0.09877693 100.4756 
  -0.1425387 100.4756 
  -0.1308765 100.4756 
  -0.02330762 100.4756 
  0.07071147 100.978 
  0.1769567 100.978 
  0.3722816 100.978 
  0.4406844 100.978 
  0.2875261 102.5003 
  0.2139065 108.2809 
  0.1434964 111.5702 
  0.3518119 107.7421 
  0.571411 101.9903 
  0.906328 101.4829 
  0.9309562 100.978 
  0.946711 99.97575 
  0.9567843 99.47836 
  0.9188362 98.98344 
  0.8878276 97.51342 
  0.9016863 95.5873 
  0.90308 94.1677 
  0.7495249 92.7692 
  0.7755357 90.93677 
  0.6593389 89.58624 
  0.2418117 90.93677 
  0.4632175 93.6992 
  0.02961062 95.5873 
  -0.1677063 97.02828 
  -0.1606018 98.491 
  -0.02489634 99.47836 
  0.131775 100.4756 
  0.1425242 101.4829 
  0.1007478 102.5003 
  0.05081648 103.5278 
  0.1539101 104.5657 
  0.785607 105.614 
  0.832952 106.6728 
  0.9329126 106.6728 
  0.9398478 106.142 
  0.7533795 105.614 
  0.2991849 106.6728 
  0.6472371 102.5003 
  0.8081992 102.5003 
  0.950042 102.5003 
  0.953817 102.5003 
  0.9253185 102.5003 
  0.9405605 101.9903 
  0.9367119 102.5003 
  0.9248417 103.0128 
  0.8738931 103.0128 
  0.902069 101.4829 
  0.8932766 100.4756 
  0.9284696 99.47836 
  0.8625801 99.97575 
  0.9386719 100.4756 
  0.939344 99.97575 
  0.8911805 98.98344 
  0.8298046 98.00098 
  0.6712515 96.54556 
  0.6035018 94.1677 
  0.0548698 94.63854 
  -0.06661872 95.5873 
  -0.1161519 96.54556 
  0.1048467 97.51342 
  0.1166765 98.491 
  0.1246611 98.98344 
  0.000565635 99.47836 
  0.1145311 99.97575 
  0.08908023 100.4756 
  0.1284347 101.4829 
  0.1589514 101.9903 
  -0.1579622 102.5003 
  0.03371971 103.5278 
  0.4502034 103.0128 
  0.6969048 105.614 
  0.783334 104.0455 
  0.8854124 103.5278 
  0.9663318 102.5003 
  0.8997421 100.978 
  0.9506716 99.97575 
  0.9398232 98.98344 
  0.8950883 97.51342 
  0.9594554 96.06523 
  0.9876752 95.5873 
  0.9823725 95.5873 
  0.9385234 96.06523 
  0.9167438 95.5873 
  0.9152845 95.5873 
  0.85957 95.11173 
  0.7303054 95.11173 
  0.7062466 93.6992 
  0.7613154 94.1677 
  0.9824302 95.11173 
  0.9946094 95.5873 
  0.9936364 95.5873 
  0.9835453 95.5873 
  0.9738871 95.5873 
  0.686434 96.06523 
  0.4935698 97.51342 
  0.7420039 97.02828 
  0.8631547 97.51342 
  0.8861493 98.98344 
  0.8744552 99.47836 
  0.9198953 99.97575 
  0.8432758 100.4756 
  0.6496019 100.978 
  0.5629269 99.47836 
  0.5039428 98.491 
  0.2748032 98.00098 
  -0.06184409 98.00098 
  0.09164121 98.00098 
  0.04143334 98.00098 
  -0.01065752 98.00098 
  0.09779983 98.00098 
  0.1125985 98.00098 
  0.2823357 97.51342 
  0.2228792 97.02828 
  0.02152527 97.02828 
  -0.03080334 97.02828 
  -0.02738453 97.51342 
  0.1181524 97.51342 
  0.1224144 97.02828 
  0.1151485 97.02828 
  -0.02067974 97.02828 
  -0.03112046 96.54556 
  -0.06513517 96.06523 
  0.4221774 96.06523 
  0.8490458 95.5873 
  0.9410455 94.63854 
  0.9624301 93.23304 
  0.9233588 91.84841 
  0.9206054 90.93677 
  0.9406993 90.48434 
  0.9601274 90.03418 
  0.9514884 89.58624 
  0.931367 89.14054 
  0.6126536 88.69706 
  0.7344322 87.8167 
  0.9129713 87.8167 
  0.9536739 87.8167 
  0.9332889 87.3798 
  0.9450267 86.94508 
  0.9696038 86.51251 
  0.9792135 85.65383 
  0.9769685 85.2277 
  0.9124221 84.80367 
  0.9167604 84.38177 
  0.7815502 84.80367 
  0.69682 85.65383 
  0.9182476 86.51251 
  0.8865999 86.0821 
  0.9330616 86.0821 
  0.9583156 86.51251 
  0.9658222 86.51251 
  0.9610758 86.51251 
  0.9216719 86.94508 
  0.8377402 87.3798 
  0.7466298 87.3798 
  0.6099474 86.0821 
  0.492594 85.2277 
  0.3783107 84.80367 
  0.2452889 84.80367 
  0.307931 84.80367 
  0.104966 84.80367 
  0.08047157 84.80367 
  0.02542816 84.80367 
  -0.00970345 84.80367 
  -0.1473638 84.80367 
  0.08825669 84.80367 
  0.2124498 84.80367 
  -0.02442152 84.80367 
  -0.05570864 84.80367 
  -0.00896337 84.80367 ]
