 [
  0.001622546 155.8383 
  0.1306437 155.8383 
  0.1516422 155.8383 
  0.02785498 155.8383 
  0.1266425 155.8383 
  0.08990973 155.8383 
  -0.2118745 155.8383 
  -0.1512053 155.8383 
  -0.1055099 155.8383 
  0.04107398 155.8383 
  0.03412044 155.8383 
  0.1442497 155.8383 
  0.2052395 155.8383 
  0.07645209 155.8383 
  0.02190022 155.8383 
  -0.128239 155.8383 
  0.008915746 155.8383 
  -0.02015535 155.8383 
  0.1242716 155.8383 
  0.0682312 155.8383 
  -0.1282668 155.8383 
  0.6873398 155.8383 
  0.8133135 155.063 
  0.7259737 154.2915 
  0.8479682 152.7601 
  0.9901428 152.0001 
  0.9893187 152.7601 
  0.9949669 155.063 
  0.9961913 156.6175 
  0.9959797 158.1876 
  0.9355029 158.9785 
  0.8910835 159.7734 
  0.4003363 158.1876 
  0.8501502 157.4006 
  0.372355 156.6175 
  0.2312756 155.8383 
  0.8599054 154.2915 
  0.9190784 152.0001 
  0.9128249 148.2564 
  0.906299 143.8855 
  0.9112482 139.6435 
  0.8793234 136.2042 
  0.8469591 132.8496 
  0.8319569 128.9329 
  0.008012283 127.0181 
  0.7523365 125.7574 
  0.7396266 124.5092 
  0.7783419 123.8897 
  0.9251018 123.2734 
  0.9744874 123.2734 
  0.9903584 123.2734 
  0.9926159 123.8897 
  0.7995334 125.1317 
  0.7922533 127.0181 
  0.8440845 125.7574 
  0.9173605 125.7574 
  0.9594737 125.7574 
  0.9569175 125.1317 
  0.9720678 125.1317 
  0.9741301 125.7574 
  0.8910119 127.0181 
  0.9457988 128.2915 
  0.9609511 129.5776 
  0.9697702 130.2255 
  0.9749803 130.2255 
  0.9101311 130.8766 
  0.6053181 131.531 
  0.3111246 142.4574 
  0.08938929 143.8855 
  0.1701621 142.4574 
  0.3212937 140.3417 
  -0.3134514 138.2575 
  -0.3018732 136.2042 
  -0.2696621 133.5138 
  -0.3413461 130.8766 
  0.1398224 128.2915 
  0.6563073 126.3862 
  0.9370086 124.5092 
  0.9667735 122.6601 
  0.9874205 121.4426 
  0.9891058 120.2372 
  0.9958352 119.639 
  0.982607 120.2372 
  0.9213606 120.8384 
  0.2982982 122.6601 
  0.7444413 122.6601 
  0.9147321 124.5092 
  0.9796073 125.1317 
  0.9813616 125.1317 
  0.9461443 125.7574 
  0.9267275 126.3862 
  0.9383656 126.3862 
  0.9831923 127.0181 
  0.9937702 127.0181 
  0.9935282 127.0181 
  0.9762593 127.0181 
  0.9716871 126.3862 
  0.9557742 126.3862 
  0.9356529 127.0181 
  0.9489021 126.3862 
  0.9450306 126.3862 
  0.9503852 126.3862 
  0.9711213 125.1317 
  0.9462827 123.8897 
  0.9519756 122.6601 
  0.871721 122.0498 
  0.7706808 120.2372 
  0.9486724 120.2372 
  0.9907492 119.639 
  0.9891736 118.4515 
  0.997256 117.2759 
  0.9966686 116.6924 
  0.9913283 115.5342 
  0.9944766 114.9594 
  0.983713 114.3874 
  0.909426 113.8184 
  0.8307975 112.128 
  0.9332524 109.9132 
  0.9303374 108.8223 
  0.9266156 108.2809 
  0.942233 108.8223 
  0.972146 108.2809 
  0.9868941 108.2809 
  0.9684435 109.3664 
  0.9707112 111.0151 
  0.9954801 112.128 
  0.9990534 112.6886 
  0.9991008 113.2521 
  0.9905991 114.3874 
  0.9907503 115.5342 
  0.9903426 116.6924 
  0.9913211 117.8622 
  0.9949055 118.4515 
  0.995095 118.4515 
  0.9956466 119.0438 
  0.9926882 119.639 
  0.9864362 120.8384 
  0.9752685 122.6601 
  0.9772773 124.5092 
  0.989357 126.3862 
  0.9904347 126.3862 
  0.9269403 126.3862 
  0.7839075 125.7574 
  0.259879 125.1317 
  0.2943121 125.1317 
  0.1700469 125.1317 
  0.238477 125.1317 
  0.05903523 125.1317 
  0.3408509 125.1317 
  0.3773227 125.1317 
  0.06025355 125.7574 
  -0.1321716 127.0181 
  -0.06887598 128.2915 
  -0.1096403 129.5776 
  -0.1203547 131.531 
  -0.1469893 133.5138 
  0.07658047 134.8523 
  -0.002856075 136.2042 
  0.7183093 136.8852 
  0.4908733 120.8384 
  0.820385 119.0438 
  0.8593879 116.6924 
  0.9078051 114.3874 
  0.909875 112.128 
  0.8407429 111.0151 
  0.6235845 111.5702 
  0.2767205 113.8184 
  0.1091462 115.5342 
  0.04192443 117.2759 
  0.1080594 119.639 
  0.05404526 121.4426 
  -0.2247519 123.2734 
  -0.1223927 125.1317 
  0.05248658 127.0181 
  -0.1823538 128.2915 
  -0.08142304 129.5776 
  0.1485221 130.8766 
  0.0923365 132.1886 
  -0.07386373 133.5138 
  -0.1665882 135.5266 
  -0.100616 136.8852 
  -0.05595904 137.5696 
  -0.08686811 138.2575 
  -0.02548037 139.6435 
  0.4870104 141.0434 
  0.8055099 143.1697 
  0.5397523 125.7574 
  0.6781005 123.8897 
  0.6925929 120.2372 
  0.8907221 117.8622 
  0.9005067 116.6924 
  0.9442665 115.5342 
  0.9783533 114.9594 
  0.9602439 114.9594 
  0.9198866 116.6924 
  0.9372618 117.8622 
  0.9788487 119.0438 
  0.9655017 119.0438 
  0.9206369 118.4515 
  0.8542238 117.8622 
  0.9675593 118.4515 
  0.9760928 118.4515 
  0.9602035 117.2759 
  0.9747756 116.6924 
  0.9836431 115.5342 
  0.9891933 114.9594 
  0.919475 115.5342 
  0.8979818 115.5342 
  0.8699893 114.9594 
  0.8942258 114.3874 
  0.9315704 113.2521 
  0.9175897 112.128 
  0.9150447 112.128 
  0.9318609 111.5702 
  0.9081126 111.5702 
  0.7873251 112.128 
  0.3761643 114.3874 
  0.2554835 116.6924 
  -0.2244486 118.4515 
  0.3314965 120.2372 
  0.1471122 122.0498 
  0.09271962 123.8897 
  0.09114547 125.1317 
  -0.01433408 126.3862 
  -0.03065215 127.6532 
  -0.1070842 128.9329 
  0.02862211 130.2255 
  0.3712796 132.1886 
  0.7668833 133.5138 
  0.3250437 114.9594 
  0.4979372 116.1118 
  0.8865491 116.1118 
  0.790218 113.8184 
  0.9243147 112.6886 
  0.965584 113.2521 
  0.8826685 113.8184 
  0.859119 116.1118 
  0.9609103 117.8622 
  0.9109503 117.8622 
  0.8112662 117.2759 
  0.6737498 117.2759 
  0.6221398 117.2759 
  0.1674256 117.2759 
  0.1431931 116.6924 
  0.07753749 116.6924 
  0.1380778 116.6924 
  -0.03237044 116.6924 
  -0.04241993 116.1118 
  0.02555197 115.5342 
  0.128076 115.5342 
  0.1562593 115.5342 
  0.08126555 115.5342 
  -0.01043183 115.5342 
  -0.1277277 115.5342 
  -0.2465876 115.5342 
  -0.05264235 115.5342 
  0.210878 115.5342 
  0.170846 116.1118 
  0.2824069 117.2759 
  0.3544548 117.8622 
  0.4461366 117.2759 
  0.5099761 115.5342 
  0.2931034 113.8184 
  0.3170608 112.6886 
  0.5539309 111.5702 
  0.6485386 111.0151 
  0.7114921 110.4628 
  0.7717063 109.9132 
  0.7316031 109.3664 
  0.819178 109.3664 
  0.7645844 109.3664 
  0.5725613 109.3664 
  0.3424805 109.3664 
  0.1114932 109.3664 
  -0.02095267 109.9132 
  -0.2409718 109.9132 
  -0.05627327 109.9132 
  0.1101187 110.4628 
  0.07264937 111.0151 
  -0.04770751 111.5702 
  -0.07457907 112.128 
  0.1005649 112.128 
  0.1230346 112.128 
  0.1956795 112.128 
  0.1423189 112.128 
  0.05649541 112.128 
  -0.17669 112.128 
  -0.0474914 112.128 
  -0.1891741 112.128 
  -0.005915008 112.128 
  -0.08103187 112.128 
  -0.4602986 112.128 
  -0.06035413 112.128 
  -0.117951 112.128 
  -0.1578356 112.128 
  0.1972004 112.128 
  0.07979195 112.128 
  0.1244385 112.128 
  0.3323943 112.128 ]
