 [
  0.1961848 178.3027 
  0.1727397 178.3027 
  0.2017646 178.3027 
  0.1312443 178.3027 
  0.02946727 178.3027 
  0.007381005 178.3027 
  -0.109249 178.3027 
  -0.1498303 178.3027 
  -0.1446401 178.3027 
  -0.09731954 178.3027 
  -0.07092009 178.3027 
  0.2143804 178.3027 
  0.2156222 178.3027 
  0.2274384 178.3027 
  0.1822147 178.3027 
  0.1792265 178.3027 
  -0.05933813 178.3027 
  -0.4111254 178.3027 
  -0.1633193 178.3027 
  -0.0004028231 178.3027 
  -0.2787253 178.3027 
  0.05883279 178.3027 
  -0.01386377 178.3027 
  -0.01400002 178.3027 
  0.01903528 178.3027 
  0.03431735 178.3027 
  0.0772093 178.3027 
  0.04178331 178.3027 
  0.298862 178.3027 
  0.545926 172.185 
  0.711423 173.046 
  0.9234419 175.6547 
  0.9849613 178.3027 
  0.9939835 178.3027 
  0.9871224 176.533 
  0.974344 173.9112 
  0.9445488 171.3284 
  0.867327 169.6279 
  0.706453 167.1087 
  -0.08370893 167.9442 
  0.0871134 168.784 
  0.05952347 169.6279 
  -0.1244955 170.476 
  -0.1775227 171.3284 
  -0.2122937 172.185 
  -0.3084815 173.046 
  0.4133395 173.9112 
  0.8284718 173.9112 
  0.9536021 173.9112 
  0.9816398 173.046 
  0.9744117 171.3284 
  0.9781188 168.784 
  0.9928133 167.9442 
  0.9960651 167.1087 
  0.9949987 167.1087 
  0.9781094 167.1087 
  0.9575045 167.9442 
  0.9481629 167.9442 
  0.9084632 167.9442 
  0.8131182 166.2773 
  0.6426525 163.8079 
  0.08293129 161.3751 
  -0.05213362 159.7734 
  -0.2161764 157.4006 
  -0.2457667 155.8383 
  -0.1912937 154.2915 
  0.05113189 152.7601 
  0.1416086 150.4914 
  0.617866 145.328 
  0.8230676 142.4574 
  0.5529925 133.5138 
  0.4760954 125.1317 
  0.56178 117.2759 
  0.6411306 111.5702 
  0.649836 106.6728 
  0.6384525 104.0455 
  0.3588527 103.0128 
  -0.2442636 104.5657 
  -0.02356397 106.6728 
  -0.05252685 108.2809 
  0.02969052 109.9132 
  -0.03496715 111.5702 
  0.06060641 113.2521 
  0.1080791 114.9594 
  0.006877041 116.6924 
  -0.4902309 118.4515 
  0.5822465 119.639 
  0.7652179 120.2372 
  0.9636256 120.2372 
  0.9185021 118.4515 
  0.9047339 114.9594 
  0.9347072 111.5702 
  0.9389743 109.9132 
  0.9722161 108.8223 
  0.9859701 109.3664 
  0.9794401 109.3664 
  0.9765617 109.3664 
  0.9847056 109.3664 
  0.9871873 109.3664 
  0.9863686 109.3664 
  0.9619364 110.4628 
  0.9245487 112.128 
  0.9327393 114.3874 
  0.9448633 116.1118 
  0.9631466 117.2759 
  0.9742648 117.8622 
  0.9718819 119.0438 
  0.9664279 120.2372 
  0.9636381 120.8384 
  0.9593837 121.4426 
  0.9720581 122.6601 
  0.9361719 123.2734 
  0.8363838 122.6601 
  0.6875368 122.0498 
  0.6329697 120.8384 
  0.6954453 120.8384 
  0.8476504 120.8384 
  0.94134 121.4426 
  0.9867765 122.0498 
  0.9838209 122.0498 
  0.9598025 122.0498 
  0.9441128 122.0498 
  0.8473588 119.639 
  0.8699925 116.6924 
  0.9533396 114.9594 
  0.9581608 113.8184 
  0.919198 112.128 
  0.8564755 109.9132 
  0.8185564 107.2061 
  0.6230069 106.6728 
  0.3392248 108.8223 
  -0.0915587 111.5702 
  -0.255042 114.3874 
  0.1774645 117.2759 
  0.02332061 119.639 
  -0.07981739 122.0498 
  0.1066494 124.5092 
  0.0687167 126.3862 
  -0.2167475 128.2915 
  -0.0813417 130.2255 
  -0.179927 132.1886 
  0.2951168 134.1814 
  -0.3699512 136.2042 
  -0.06478993 138.9488 
  0.6867799 141.7487 
  0.6595418 132.8496 
  0.7790072 129.5776 
  0.9122939 127.0181 
  0.979018 125.7574 
  0.9822534 125.1317 
  0.9811078 123.8897 
  0.9825366 123.2734 
  0.9874929 123.2734 
  0.9881636 122.6601 
  0.9940911 122.0498 
  0.9969537 122.0498 
  0.992158 121.4426 
  0.9856101 120.8384 
  0.9686674 120.2372 
  0.9591871 118.4515 
  0.9377564 116.6924 
  0.9444134 115.5342 
  0.9800249 114.3874 
  0.9882099 114.3874 
  0.9942592 113.8184 
  0.9893731 113.2521 
  0.9712833 112.6886 
  0.9490731 111.5702 
  0.9429314 109.9132 
  0.9142286 108.2809 
  0.8572705 106.142 
  0.8337144 103.5278 
  0.8036992 99.97575 
  0.8333203 97.02828 
  0.7992936 94.1677 
  0.5959453 93.6992 
  0.1238106 94.63854 
  -0.5792603 97.51342 
  -0.4772319 100.4756 
  -0.09995258 103.5278 
  0.3148119 106.6728 
  0.7092479 110.4628 
  0.8467813 113.2521 
  0.8893579 116.1118 
  0.9568629 117.2759 
  0.9752692 117.8622 
  0.9632487 119.0438 
  0.9565244 120.8384 
  0.9444993 122.6601 
  0.9423044 124.5092 
  0.9583865 127.0181 
  0.9409338 128.9329 
  0.8871287 132.1886 
  0.9077293 135.5266 
  0.9774988 138.2575 
  0.9915145 138.9488 
  0.97504 138.2575 
  0.9226146 135.5266 
  0.8446676 132.1886 
  0.7026266 129.5776 
  0.3822509 128.2915 
  -0.03926106 127.6532 
  -0.0689714 126.3862 
  0.1067446 125.7574 
  0.2392402 124.5092 
  0.1700228 123.2734 
  -0.2107712 122.0498 
  -0.34435 120.8384 
  -0.2786368 119.639 
  -0.1179028 118.4515 
  0.6902851 117.2759 
  0.3022393 109.9132 
  0.477037 104.5657 
  0.8149419 103.0128 
  0.9284214 101.4829 
  0.9529625 99.97575 
  0.9935871 98.98344 
  0.9965938 98.491 
  0.9921525 98.491 
  0.9885339 98.98344 
  0.9746071 98.98344 
  0.9485819 98.98344 
  0.9311013 98.98344 
  0.9581569 99.47836 
  0.995445 99.97575 
  0.9963409 99.97575 
  0.9955583 99.97575 
  0.9956086 100.4756 
  0.9238391 100.978 
  0.8960847 100.978 
  0.9017906 100.978 
  0.9022517 100.4756 
  0.7853937 98.98344 
  0.8731658 97.51342 
  0.9513783 96.54556 
  0.9542314 96.54556 
  0.8800938 97.51342 
  0.8639926 98.98344 
  0.9499041 99.47836 
  0.9802971 99.47836 
  0.9862418 99.47836 
  0.9692476 99.47836 
  0.9536612 99.47836 
  0.8948194 99.47836 
  0.8553538 98.00098 
  0.9036331 96.06523 
  0.950438 94.63854 
  0.9642865 93.6992 
  0.8930965 94.63854 
  0.7474249 97.02828 
  0.6895622 101.9903 
  0.6769194 107.7421 
  0.7331502 110.4628 
  0.817875 111.5702 
  0.8190531 112.128 
  0.8487133 112.128 
  0.8805459 111.5702 
  0.9477002 110.4628 
  0.9869736 110.4628 
  0.9908887 111.0151 
  0.9966021 111.0151 
  0.9801643 111.5702 
  0.9887561 112.128 
  0.9814306 112.128 
  0.9784893 112.128 
  0.9565065 112.6886 
  0.9282773 112.6886 
  0.9130745 113.2521 
  0.849098 112.128 
  0.8065075 110.4628 
  0.7064397 108.8223 
  0.4272207 106.6728 
  0.6128727 105.0885 
  0.2662172 105.0885 
  -0.1170283 105.614 
  -0.1811321 106.142 
  -0.09331321 106.6728 
  0.01514911 107.2061 
  -0.0001040963 107.7421 
  0.06371534 108.2809 
  -0.05063915 109.3664 
  0.6547102 109.9132 
  0.4515025 106.142 
  0.6875262 101.4829 
  0.6953437 99.47836 
  0.90375 99.97575 
  0.9892654 99.97575 
  0.9894093 99.97575 
  0.9835589 99.97575 
  0.7478294 100.978 
  0.8401062 100.4756 
  0.9273705 99.97575 
  0.7569906 98.98344 
  0.6944795 98.00098 
  0.9128358 99.47836 
  0.9967976 99.97575 
  0.9984944 99.97575 
  0.9943466 100.4756 
  0.9946524 100.978 
  0.9971194 101.9903 
  0.9426638 103.5278 
  0.5754752 106.6728 
  0.8069378 108.2809 
  0.9358435 108.8223 
  0.945683 109.9132 
  0.9637914 109.9132 
  0.9645619 110.4628 
  0.9671127 109.9132 
  0.9406219 108.8223 
  0.8710134 107.2061 
  0.9150805 105.0885 
  0.9563197 104.5657 
  0.9424771 104.5657 
  0.8434988 104.0455 
  0.7027225 104.0455 
  0.4127667 104.5657 
  0.209825 106.6728 
  -0.2213 107.7421 
  -0.3018849 108.8223 
  0.01067872 109.3664 
  0.1029946 110.4628 
  0.2701801 111.5702 
  -0.003012842 112.6886 
  -0.07645582 113.2521 
  -0.06482201 113.8184 
  -0.1225507 114.9594 
  0.2109039 116.1118 
  0.6750836 121.4426 
  0.361439 108.8223 
  0.6560084 106.6728 
  0.8898333 104.0455 
  0.93313 104.0455 
  0.9200025 102.5003 
  0.8745568 100.4756 
  0.9270173 98.98344 
  0.9771359 97.51342 
  0.9406771 96.54556 
  0.9109935 95.11173 
  0.8988603 94.1677 
  0.6972943 93.6992 
  -0.2191883 96.54556 
  -0.11175 98.491 
  0.09245588 100.4756 
  0.03409075 101.9903 
  -0.02360722 103.5278 
  -0.04769306 105.614 
  -0.128527 107.2061 
  -0.05863337 109.3664 
  0.07208799 111.5702 
  -0.1148609 113.8184 
  -0.01958607 116.1118 
  0.0003569527 118.4515 
  0.08277608 120.2372 
  -0.2256188 122.0498 
  0.6932487 123.8897 
  0.2989193 111.5702 
  0.6682459 110.4628 
  0.9904191 110.4628 
  0.9870242 109.9132 
  0.9813182 109.3664 
  0.9887385 108.2809 
  0.9908651 107.7421 
  0.9768491 107.2061 
  0.9534587 106.142 
  0.912317 104.5657 
  0.8877795 103.0128 
  0.866474 100.978 
  0.9010071 98.491 
  0.968699 97.51342 
  0.9839164 96.54556 
  0.9847747 96.54556 
  0.9726447 97.02828 
  0.9393373 97.02828 
  0.8369038 97.02828 
  0.6992689 96.06523 
  0.7324328 92.7692 
  0.5526505 91.39146 
  0.3515813 90.48434 
  0.2276632 90.03418 
  0.06404296 89.58624 
  -0.03176568 89.14054 
  -0.006202601 88.25578 
  0.2004732 87.3798 
  0.07803757 86.51251 
  0.07414927 85.65383 
  0.1981474 84.80367 
  0.1978475 83.96195 
  0.1758341 83.12859 
  -0.1091645 82.3035 
  0.3272881 81.4866 
  0.539987 79.87703 
  0.6779419 79.08421 
  0.1678461 75.99085 
  0.395765 74.48985 
  0.3745008 75.61279 
  0.4833061 74.86229 
  0.4417113 71.93407 
  0.6627809 70.51319 
  0.7656649 70.16238 
  0.5200052 70.86576 
  -0.08820102 70.86576 
  -0.05479846 70.86576 
  -0.198303 70.86576 
  -0.1350621 70.86576 
  -0.1854538 70.86576 
  -0.05825935 70.86576 
  0.02385415 70.86576 
  0.04794296 70.86576 
  0.03480171 70.86576 
  0.02197107 70.86576 
  -0.01754553 70.86576 
  -0.260989 70.86576 
  -0.3738237 70.86576 
  -0.3987309 70.86576 
  -0.2764495 70.86576 
  -0.156926 70.86576 
  -0.1229262 70.86576 
  0.08141358 70.86576 
  -0.009463766 70.86576 
  0.1076355 70.86576 
  -0.01553384 70.86576 
  0.07020831 70.86576 
  0.1572976 70.86576 
  0.02124419 70.86576 
  0.07571332 70.86576 
  0.008514597 70.86576 
  0.01423153 70.86576 
  0.07486203 70.86576 
  0.0726897 70.86576 
  0.3405019 70.86576 
  0.2433471 70.86576 ]
