 [
  0.3679561 287.806 
  0.6132539 287.806 
  0.4176004 287.806 
  0.6991419 287.806 
  -0.1284968 287.806 
  -0.1487257 287.806 
  0.1510144 287.806 
  0.3988954 287.806 
  0.2555129 287.806 
  0.4434259 287.806 
  0.01591322 287.806 
  -0.1779724 287.806 
  -0.08939318 287.806 
  -0.1217142 287.806 
  -0.1356016 286.3741 
  0.02759945 283.5317 
  0.02709583 282.1211 
  -0.1490517 286.3741 
  0.3801242 293.6054 
  0.8278942 302.5244 
  0.91553 299.5217 
  0.9795464 296.5488 
  0.9835036 295.0734 
  0.9857935 293.6054 
  0.9878802 293.6054 
  0.9862529 293.6054 
  0.9860009 293.6054 
  0.993965 292.1447 
  0.9731513 290.6912 
  0.9475402 289.245 
  0.8593835 286.3741 
  0.5665902 286.3741 
  -0.04681255 286.3741 
  0.2359492 286.3741 
  0.1379615 286.3741 
  0.1328385 287.806 
  0.09453558 287.806 
  -0.09087004 287.806 
  -0.05119188 287.806 
  -0.03243502 287.806 
  0.03023726 287.806 
  0.8636903 287.806 
  0.9457143 286.3741 
  0.9634421 282.1211 
  0.9957801 277.9312 
  0.9964186 275.1726 
  0.9027127 273.8036 
  0.9131858 271.0859 
  0.9361911 268.3953 
  0.9895103 265.7313 
  0.9925202 264.4093 
  0.9947174 264.4093 
  0.9918358 264.4093 
  0.9840919 264.4093 
  0.962088 265.7313 
  0.9524082 265.7313 
  0.93563 265.7313 
  0.9243639 263.0938 
  0.899946 261.7849 
  0.9201602 257.8971 
  0.4986485 259.1866 
  0.7746108 261.7849 
  0.6694297 263.0938 
  0.3907111 264.4093 
  0.1912932 265.7313 
  0.2882917 267.06 
  0.3556334 268.3953 
  0.0718613 269.7372 
  0.1096999 271.0859 
  0.0781794 272.4414 
  0.1645892 273.8036 
  0.174437 275.1726 
  0.1002333 276.5485 
  -0.0008884501 277.9312 
  0.4219267 279.3209 
  0.7847875 280.7175 
  0.8541738 272.4414 
  0.9228095 267.06 
  0.9619229 260.4825 
  0.985083 256.614 
  0.9881884 255.3373 
  0.9900719 255.3373 
  0.9872201 251.5452 
  0.9572079 249.0485 
  0.887921 246.5766 
  0.6331251 244.1292 
  0.5981597 242.9146 
  0.7750565 241.7061 
  0.9216319 242.9146 
  0.9762532 244.1292 
  0.9836308 242.9146 
  0.988058 240.5036 
  0.9900321 239.307 
  0.9662282 240.5036 
  0.938315 240.5036 
  0.8793442 238.1164 
  0.6799918 238.1164 
  -0.09220012 238.1164 
  0.1577471 238.1164 
  0.0401838 238.1164 
  0.06030895 238.1164 
  0.1385286 238.1164 
  0.166669 238.1164 
  0.1230215 238.1164 
  0.03580782 238.1164 
  -0.04415239 238.1164 
  -0.08767119 238.1164 
  0.0261519 238.1164 
  -0.1805561 238.1164 
  0.5161491 238.1164 
  0.199745 238.1164 
  0.3691911 236.9318 
  -0.2508634 236.9318 
  0.1268253 235.753 
  0.04873084 234.5801 
  0.7211106 225.4046 
  0.8433758 222.057 
  0.9874776 219.853 
  0.9823999 218.7592 
  0.9823771 215.5104 
  0.9746395 213.3714 
  0.9539433 213.3714 
  0.9184521 215.5104 
  0.8788567 218.7592 
  0.5694142 222.057 
  -0.01602193 225.4046 
  0.281837 228.8026 
  0.8001279 231.0963 
  0.912465 225.4046 
  0.9611382 223.1673 
  0.9965205 222.057 
  0.9957406 223.1673 
  0.9966519 224.2832 
  0.9877121 226.5316 
  0.9746255 227.6642 
  0.9394848 227.6642 
  0.8129939 224.2832 
  0.1359222 223.1673 
  -0.3116869 222.057 
  -0.09738702 220.9523 
  -0.07561421 219.853 
  -0.1096732 218.7592 
  -0.01627844 217.6709 
  0.1120431 216.5879 
  -0.08800124 215.5104 
  -0.1667784 214.4382 
  -0.1581823 213.3714 
  0.07427738 213.3714 
  0.381587 213.3714 
  0.6017412 211.2535 
  0.7420222 205.0254 
  0.8300148 197.9909 
  0.9217429 192.1537 
  0.9662 187.4211 
  0.9781712 184.6377 
  0.9699579 183.7191 
  0.9641721 183.7191 
  0.9779545 185.5609 
  0.9657699 187.4211 
  0.9576824 190.2465 
  0.9578997 193.1145 
  0.9718541 196.0257 
  0.9869661 198.9809 
  0.9780952 201.9805 
  0.9562904 204.0054 
  0.8025155 206.0505 
  -0.1745043 208.1162 
  -0.2092927 211.2535 
  -0.2319697 213.3714 
  -0.2282628 215.5104 
  -0.141286 217.6709 
  -0.1565331 219.853 
  -0.1272873 222.057 
  -0.0833987 224.2832 
  -0.01580342 226.5316 
  -0.07295951 228.8026 
  -0.1405934 231.0963 
  -0.2908598 233.4131 
  -0.5289648 235.753 
  0.02746652 238.1164 
  0.3832496 240.5036 
  0.03877542 242.9146 
  0.07247138 245.3498 
  0.09115039 247.8095 
  -0.01917015 250.2938 
  0.3425526 254.067 
  0.8564434 257.8971 
  0.9107828 254.067 
  0.9522047 249.0485 
  0.930716 244.1292 
  0.8734812 233.4131 
  0.9307712 228.8026 
  0.987461 225.4046 
  0.9915474 224.2832 
  0.9751831 223.1673 
  0.9340782 223.1673 
  0.9133884 226.5316 
  0.9969655 229.9466 
  0.9991724 228.8026 
  0.9992498 227.6642 
  0.9979343 226.5316 
  0.9926546 224.2832 
  0.975179 222.057 
  0.9300365 220.9523 
  0.7659873 222.057 
  0.07761303 223.1673 
  0.04862421 224.2832 
  -0.03816523 225.4046 
  -0.09483498 226.5316 
  -0.1102256 226.5316 
  -0.2356886 226.5316 
  0.2835312 225.4046 
  0.833746 224.2832 
  0.8453927 217.6709 
  0.9048262 212.3098 
  0.9514605 207.0808 
  0.9355545 206.0505 
  0.7646114 207.0808 
  0.844873 208.1162 
  0.7418817 209.1568 
  0.6707265 211.2535 
  0.659079 213.3714 
  0.3094806 215.5104 
  -0.02345058 217.6709 
  0.1629657 219.853 
  0.6686214 222.057 
  0.8802284 224.2832 
  0.9406819 220.9523 
  0.9832024 219.853 
  0.9788331 218.7592 
  0.9611019 220.9523 
  0.9506911 220.9523 
  0.9400387 220.9523 
  0.9591582 220.9523 
  0.9866912 222.057 
  0.9891911 222.057 
  0.9709654 223.1673 
  0.9838318 224.2832 
  0.9736989 225.4046 
  0.9395657 227.6642 
  0.9688204 231.0963 
  0.9862825 232.2518 
  0.9789153 233.4131 
  0.966729 234.5801 
  0.961459 235.753 
  0.9922256 235.753 
  0.9944061 234.5801 
  0.988265 233.4131 
  0.9858428 231.0963 
  0.9753762 228.8026 
  0.9496583 227.6642 
  0.8439431 226.5316 
  0.2162208 225.4046 
  -0.07137603 224.2832 
  -0.1287599 223.1673 
  -0.05100836 222.057 
  0.0489329 220.9523 
  -0.4189101 218.7592 
  0.001149493 217.6709 
  -0.008645218 216.5879 
  -0.07124858 214.4382 
  0.1912761 212.3098 
  0.860857 219.853 
  0.754438 214.4382 
  0.5984977 212.3098 
  0.5496406 208.1162 
  0.3371308 216.5879 
  0.6051767 211.2535 
  0.4217445 207.0808 
  0.9713297 204.0054 
  0.8981243 200.9756 
  0.5346112 197.9909 
  0.05982716 196.0257 
  0.545967 194.0801 
  0.5631543 206.0505 
  0.77905 209.1568 
  0.9943316 212.3098 
  0.9995452 213.3714 
  0.9997582 214.4382 
  0.9998618 214.4382 
  0.9976282 213.3714 
  0.9952582 211.2535 
  0.9920815 209.1568 
  0.9894515 206.0505 
  0.9883962 202.9904 
  0.9827069 198.9809 
  0.9898656 197.0059 
  0.9863282 196.0257 
  0.9811687 196.0257 
  0.9730697 196.0257 
  0.9730597 195.0505 
  0.9757699 194.0801 
  0.9818833 192.1537 
  0.9836216 191.1978 
  0.9838725 190.2465 
  0.9637216 188.3582 
  0.9604106 186.4887 
  0.975122 185.5609 
  0.9796792 185.5609 
  0.9458104 186.4887 
  0.9124498 188.3582 
  0.9180818 190.2465 
  0.828891 192.1537 
  0.450544 194.0801 
  -0.3284884 195.0505 
  0.2939395 196.0257 
  -0.01129993 197.0059 
  -0.02573927 197.9909 
  -0.2469398 198.9809 
  0.01483042 198.9809 
  -0.08196037 199.9758 
  -0.0355406 199.9758 
  0.072778 199.9758 
  0.1800309 199.9758 
  0.01377539 199.9758 
  0.07194362 199.9758 
  -0.1742518 199.9758 
  -0.1709196 199.9758 
  -0.1989376 199.9758 
  0.0587197 200.9756 
  0.1290723 200.9756 
  0.2433283 200.9756 
  0.3424345 201.9805 
  0.155045 201.9805 
  -0.03893175 201.9805 
  -0.256817 202.9904 
  -0.1457618 204.0054 
  -0.5699465 205.0254 
  -0.2077645 206.0505 
  -0.01752075 206.0505 
  -0.01693297 207.0808 
  0.286502 209.1568 
  0.5012343 211.2535 
  0.7850838 213.3714 
  0.9174312 213.3714 
  0.9931228 215.5104 
  0.9906069 216.5879 
  0.986776 217.6709 
  0.9906632 218.7592 
  0.992366 219.853 
  0.9815087 219.853 
  0.9299186 218.7592 
  0.8431155 219.853 
  0.9747967 223.1673 
  0.9946594 224.2832 
  0.919096 225.4046 
  0.8375277 218.7592 
  0.9122527 215.5104 
  0.995196 214.4382 
  0.9962201 214.4382 
  0.9938155 213.3714 
  0.9917893 213.3714 
  0.9919529 212.3098 
  0.9635784 211.2535 
  0.933149 210.2025 
  0.8857846 210.2025 
  0.9890769 210.2025 
  0.9919953 210.2025 
  0.9809795 211.2535 
  0.9492706 213.3714 
  0.8650029 216.5879 
  0.6768301 220.9523 
  0.01286326 226.5316 
  0.04907773 232.2518 
  0.1126969 236.9318 
  0.1650085 241.7061 
  0.3605421 245.3498 
  0.3328525 247.8095 
  0.2969463 250.2938 
  0.2528055 251.5452 
  0.252102 252.8029 
  0.08901177 252.8029 
  -0.05621072 251.5452 
  -0.2170782 251.5452 
  0.6704284 251.5452 
  0.7093778 232.2518 
  0.8276922 226.5316 
  0.959835 223.1673 
  0.969895 220.9523 
  0.9766301 218.7592 
  0.9885775 217.6709 
  0.987364 217.6709 
  0.9869846 217.6709 
  0.9868063 218.7592 
  0.993768 218.7592 
  0.991287 218.7592 
  0.9869606 218.7592 
  0.9850911 218.7592 
  0.9904454 219.853 
  0.9743599 219.853 
  0.9218589 218.7592 
  0.8290612 217.6709 
  0.9764253 217.6709 
  0.9895405 217.6709 
  0.9920275 216.5879 
  0.9906033 216.5879 
  0.9911824 216.5879 
  0.9902833 216.5879 
  0.8477572 216.5879 
  0.8690624 215.5104 
  0.9041896 211.2535 
  0.8943703 209.1568 
  0.9256077 207.0808 
  0.9128569 202.9904 
  0.9435043 200.9756 
  0.9042754 200.9756 
  0.8756024 201.9805 
  0.7591193 202.9904 
  0.3074099 204.0054 
  0.1338163 205.0254 
  0.1662656 206.0505 
  0.219165 206.0505 
  0.07967225 207.0808 
  0.6566755 204.0054 
  0.8371602 204.0054 
  0.983523 202.9904 
  0.978123 200.9756 
  0.9671909 200.9756 
  0.9716506 200.9756 
  0.986037 199.9758 
  0.9736419 199.9758 
  0.954298 198.9809 
  0.9587927 198.9809 
  0.9799047 197.9909 
  0.963192 197.0059 
  0.964077 197.9909 
  0.9717885 197.9909 
  0.9698453 198.9809 
  0.9463038 200.9756 
  0.9520343 204.0054 
  0.9360154 208.1162 
  0.8446327 209.1568 
  0.5316913 210.2025 
  -0.01745922 211.2535 
  -0.05619198 213.3714 
  -0.005277168 214.4382 
  0.03318218 215.5104 
  -0.02411495 216.5879 
  -0.02785254 217.6709 
  -0.02161451 218.7592 
  0.2916298 219.853 
  0.1256599 220.9523 
  -0.07663497 222.057 
  0.1429892 224.2832 
  0.206052 227.6642 
  0.1895192 226.5316 
  -0.4977716 219.853 
  -0.8932762 212.3098 
  0.08382854 205.0254 
  0.3845211 197.9909 
  0.7134706 199.9758 
  0.8074722 201.9805 
  0.9620076 204.0054 
  0.9567892 201.9805 
  0.9552482 199.9758 
  0.9147925 197.9909 
  0.8424225 197.0059 
  0.5807419 197.0059 
  -0.0792231 196.0257 
  -0.09440111 195.0505 
  0.000522919 195.0505 
  0.0184888 195.0505 
  0.09030649 195.0505 
  -0.1305002 195.0505 
  -0.1623576 195.0505 
  -0.2363518 195.0505 
  -0.2330356 195.0505 
  0.8170216 196.0257 
  0.9013891 194.0801 
  0.9422104 192.1537 
  0.9553062 190.2465 
  0.9669258 187.4211 
  0.971611 186.4887 
  0.9763061 185.5609 
  0.9638624 183.7191 
  0.9717169 182.8051 
  0.9735835 181.8956 
  0.9767164 180.9906 
  0.9778677 180.9906 
  0.9457548 180.9906 
  0.9045208 181.8956 
  0.8656204 180.0902 
  0.8359676 179.1942 
  0.6408735 177.4156 
  0.4290174 178.3027 
  0.3373447 175.6547 
  0.3390791 174.7808 
  0.2506083 181.8956 
  0.6716125 180.0902 
  0.8509853 178.3027 
  0.9276877 179.1942 
  0.8577639 180.0902 
  0.539603 180.0902 
  0.3974999 180.0902 
  0.2681237 180.0902 
  0.128031 179.1942 
  0.2438588 179.1942 
  0.3194333 179.1942 
  0.4025923 179.1942 
  0.06344887 179.1942 
  0.2242444 179.1942 
  0.1735725 179.1942 
  0.1423715 179.1942 
  -0.0282398 179.1942 
  -0.1359208 179.1942 
  -0.3102638 179.1942 
  -0.274904 179.1942 
  -0.3571808 179.1942 
  -0.06783311 179.1942 
  -0.1319086 179.1942 
  -0.1473826 179.1942 
  -0.2628955 179.1942 
  -0.05316491 179.1942 
  0.02606943 179.1942 
  -0.1190777 179.1942 
  -0.08728869 179.1942 
  0.004723885 179.1942 
  0.01607676 179.1942 
  -0.08170308 179.1942 
  -0.03795642 179.1942 
  0.0495516 179.1942 
  -0.1340509 179.1942 
  -0.2550521 179.1942 
  -0.08526175 179.1942 
  0.000922326 179.1942 
  -0.06704157 179.1942 
  0.09122859 179.1942 
  0.02363351 179.1942 
  -0.1684269 179.1942 
  -0.1837972 179.1942 
  -0.2158739 179.1942 
  -0.07007218 179.1942 
  -0.1732811 179.1942 
  -0.1421468 179.1942 
  -0.0643739 179.1942 
  0.05263877 179.1942 
  0.2082756 179.1942 
  0.2450101 179.1942 
  0.167194 179.1942 
  -0.05800105 179.1942 
  -0.09470482 179.1942 
  -0.1561251 179.1942 
  -0.3850492 179.1942 
  -0.2960769 179.1942 
  -0.2948775 179.1942 
  -0.1618403 179.1942 
  -0.03690793 179.1942 
  -0.04443374 179.1942 
  -0.1780198 179.1942 
  -0.1392214 179.1942 
  -0.2454217 179.1942 
  -0.341627 179.1942 
  -0.2887491 179.1942 
  -0.2913937 179.1942 
  -0.4102228 179.1942 ]
