 [
  -0.111202 129.5776 
  -0.2076204 129.5776 
  -0.1366608 129.5776 
  -0.1811919 129.5776 
  -0.3337963 129.5776 
  0.1403385 129.5776 
  0.01287436 129.5776 
  0.0440034 129.5776 
  0.03266417 129.5776 
  -0.1797967 129.5776 
  0.2737282 129.5776 
  0.5935627 129.5776 
  0.4884346 129.5776 
  0.7650179 129.5776 
  0.8958102 128.9329 
  0.9502199 128.9329 
  0.9199725 129.5776 
  0.909731 129.5776 
  0.8031477 128.2915 
  0.6192612 124.5092 
  0.1009372 125.7574 
  -0.2241808 127.6532 
  -0.5074866 128.9329 
  0.007844163 130.2255 
  -0.05494332 132.1886 
  0.1342868 134.1814 
  -0.1608344 136.2042 
  0.08889773 137.5696 
  0.1345893 137.5696 
  0.2319719 136.8852 
  0.6298506 136.2042 
  0.3781237 127.0181 
  0.5965729 129.5776 
  0.4972843 135.5266 
  0.817059 138.2575 
  0.9826006 138.9488 
  0.9609129 138.9488 
  0.9537598 138.9488 
  0.9826992 138.2575 
  0.9272155 139.6435 
  0.9624192 141.0434 
  0.9781243 142.4574 
  0.9861871 143.1697 
  0.9649049 143.8855 
  0.9666691 145.328 
  0.9232872 146.0546 
  0.8881295 145.328 
  0.7090486 146.0546 
  0.977922 146.0546 
  0.9114144 144.605 
  0.8379824 141.7487 
  0.7619457 138.9488 
  0.4641117 138.9488 
  0.4091351 139.6435 
  0.1516246 140.3417 
  0.09536896 141.0434 
  0.1141372 142.4574 
  0.1618505 143.8855 
  0.1345954 143.8855 
  0.3690867 143.1697 
  0.809159 144.605 
  0.9111382 144.605 
  0.9778737 144.605 
  0.9874654 144.605 
  0.9815576 143.8855 
  0.9853378 143.1697 
  0.9944015 142.4574 
  0.9939437 142.4574 
  0.9918517 142.4574 
  0.9905638 142.4574 
  0.9918779 142.4574 
  0.9903817 142.4574 
  0.9776666 143.1697 
  0.9709838 143.8855 
  0.9179085 144.605 
  0.8352845 144.605 
  0.6808205 143.1697 
  0.9805697 143.1697 
  0.9515537 141.7487 
  0.8866277 138.9488 
  0.8089025 134.8523 
  0.6462548 132.1886 
  0.214425 130.2255 
  0.3542158 128.9329 
  0.8516192 129.5776 
  0.9238464 130.2255 
  0.964666 130.8766 
  0.9698696 130.2255 
  0.9738841 128.9329 
  0.9511533 127.6532 
  0.9264448 125.1317 
  0.8450421 122.6601 
  0.7304473 120.2372 
  0.8447608 115.5342 
  0.6258619 112.128 
  0.9150005 111.5702 
  0.9284731 113.2521 
  0.9232469 116.1118 
  0.9412153 117.8622 
  0.98071 118.4515 
  0.9734256 117.8622 
  0.8943883 116.1118 
  0.8426458 112.6886 
  0.8086758 109.9132 
  0.7532835 106.6728 
  0.5661975 104.5657 
  0.007000471 105.0885 
  0.2156636 107.2061 
  0.7620397 111.0151 
  0.7552942 117.2759 
  0.7579376 121.4426 
  0.8487769 123.2734 
  0.9431258 123.2734 
  0.9493575 123.8897 
  0.9633284 124.5092 
  0.9321705 124.5092 
  0.9689372 125.1317 
  0.989268 125.7574 
  0.986016 125.7574 
  0.9133107 126.3862 
  0.8708476 127.6532 
  0.9852002 128.9329 
  0.9593692 128.9329 
  0.8950846 128.9329 
  0.7750164 129.5776 
  0.474826 124.5092 
  0.9478695 126.3862 
  0.9306852 128.2915 
  0.9473612 130.2255 
  0.9682018 130.2255 
  0.8928627 128.9329 
  0.8628672 126.3862 
  0.8789204 122.0498 
  0.9046513 118.4515 
  0.8904902 116.6924 
  0.8373368 117.8622 
  0.8769372 121.4426 
  0.9261473 123.2734 
  0.946487 123.2734 
  0.9051801 122.6601 
  0.956713 120.8384 
  0.9013821 119.0438 
  0.7340299 117.2759 
  0.4478655 113.8184 
  -0.2646077 116.1118 
  -0.227245 118.4515 
  0.5475489 120.8384 
  0.2171738 123.2734 
  0.04081557 125.7574 
  0.383921 127.6532 
  0.2051025 128.9329 
  0.2115433 130.2255 
  0.1937861 134.1814 
  0.2116064 136.2042 
  -0.0004650028 138.9488 
  0.1490071 141.7487 
  0.1611482 142.4574 
  0.5409394 145.328 
  0.6618128 131.531 
  0.8792263 130.8766 
  0.9795805 130.2255 
  0.9873073 129.5776 
  0.9830441 129.5776 
  0.9760061 130.2255 
  0.9575053 130.2255 
  0.7866344 128.9329 
  0.753428 125.7574 
  0.7222324 130.8766 
  0.9029669 133.5138 
  0.8983188 136.8852 
  0.913636 138.2575 
  0.9649189 138.9488 
  0.9842227 138.9488 
  0.9889234 138.2575 
  0.9691006 137.5696 
  0.956398 135.5266 
  0.9469956 133.5138 
  0.8736738 131.531 
  0.7733898 129.5776 
  0.4014959 129.5776 
  0.08188287 130.2255 
  -0.05443682 130.8766 
  0.03921305 132.1886 
  0.3122334 132.8496 
  0.6533474 132.8496 
  0.6895836 130.2255 
  0.8113262 127.6532 
  0.7928109 125.7574 
  0.209588 125.7574 
  -0.3883621 126.3862 
  -0.4294102 127.0181 
  -0.3099681 127.6532 
  -0.1183931 128.2915 
  0.1089189 128.9329 
  0.1460534 129.5776 
  0.1249597 129.5776 
  -0.01924517 130.2255 
  0.06923646 128.9329 
  0.4182556 127.6532 
  0.6703609 127.0181 
  0.8015594 125.7574 
  0.9676699 125.7574 
  0.9895526 125.7574 
  0.9963887 125.7574 
  0.9918233 126.3862 
  0.9915268 126.3862 
  0.9703688 126.3862 
  0.8218489 126.3862 
  0.736424 124.5092 
  0.4921368 122.6601 
  0.7090284 122.6601 
  0.4349162 124.5092 
  -0.07527799 127.6532 
  0.05855362 130.8766 
  -0.0165424 134.1814 
  0.7426743 138.2575 
  0.8259114 135.5266 
  0.9119517 133.5138 
  0.9585639 130.8766 
  0.966859 129.5776 
  0.9214014 127.6532 
  0.8878137 124.5092 
  0.8454346 121.4426 
  0.8128461 118.4515 
  0.3898707 117.8622 
  -0.1999892 120.2372 
  0.04769504 123.2734 
  0.175671 126.3862 
  0.5002667 129.5776 
  0.7573696 132.8496 
  0.9241841 136.2042 
  0.9595766 137.5696 
  0.9905398 138.2575 
  0.9917257 138.2575 
  0.9869144 136.8852 
  0.9895108 136.2042 
  0.9689886 134.1814 
  0.9470123 132.1886 
  0.8805588 129.5776 
  0.7697943 125.7574 
  0.6450472 121.4426 
  0.1062407 120.2372 
  -0.07993042 119.0438 
  -0.005665123 117.8622 
  0.04913776 116.6924 
  0.09915103 115.5342 
  0.1191344 114.3874 
  0.1724328 113.2521 
  0.3035932 112.128 
  0.2077684 111.0151 
  0.1967431 109.9132 
  0.4511374 108.8223 
  0.6811082 107.7421 
  0.8176048 106.6728 
  0.9482642 105.0885 
  0.9671035 104.0455 
  0.9659302 103.5278 
  0.8802834 103.0128 
  0.8759874 103.5278 
  0.9171268 104.0455 
  0.9023033 105.0885 
  0.90741 106.6728 
  0.945345 107.7421 
  0.9336458 108.2809 
  0.9141502 108.2809 
  0.9602531 107.7421 
  0.971028 107.2061 
  0.9339278 106.142 
  0.5755041 104.5657 
  0.4183115 103.5278 
  0.6835392 103.5278 
  0.8452531 103.5278 
  0.8303301 102.5003 
  0.7364171 100.978 
  0.5021968 100.4756 
  0.09948868 102.5003 
  0.03617316 104.5657 
  -0.08240354 106.6728 
  -0.1226602 108.8223 
  -0.2418236 111.0151 
  -0.2591659 113.2521 
  -0.0742004 116.1118 
  -0.002962487 118.4515 
  0.06211787 120.8384 
  -0.0642722 123.2734 
  0.1890309 125.7574 
  0.6406741 128.2915 
  0.5591053 125.1317 
  0.6598974 123.2734 
  0.9718437 121.4426 
  0.972137 120.8384 
  0.9357457 120.2372 
  0.7494701 119.0438 
  0.823736 115.5342 
  0.8717273 114.3874 
  0.8474358 116.1118 
  0.8534878 118.4515 
  0.9137403 121.4426 
  0.9761263 122.6601 
  0.9607263 122.6601 
  0.9511871 122.0498 
  0.9085058 120.8384 
  0.8845907 119.0438 
  0.7819435 117.8622 
  0.4433071 117.8622 
  -0.07418284 118.4515 
  -0.2899916 119.0438 
  -0.1688638 119.639 
  0.01614632 120.2372 
  0.06709007 121.4426 
  0.03735482 122.6601 
  0.06754212 123.8897 
  -0.01730611 125.7574 
  0.06995489 127.0181 
  0.4625732 125.1317 
  0.6616827 122.0498 
  0.9016272 121.4426 
  0.9806789 120.2372 
  0.9603373 119.639 
  0.9624704 119.0438 
  0.9881796 118.4515 
  0.980767 118.4515 
  0.9892644 119.0438 
  0.9982531 119.0438 
  0.8682566 118.4515 
  0.7212591 117.2759 
  0.5781674 113.8184 
  0.3995214 115.5342 
  0.8529053 117.2759 
  0.9671117 117.2759 
  0.9316185 117.2759 
  0.8062539 114.9594 
  0.8141749 112.128 
  0.1928572 111.5702 
  -0.1931133 111.5702 
  -0.2073748 111.5702 
  -0.09490059 111.5702 
  -0.03216167 111.5702 
  0.03638735 112.128 
  -0.05629294 112.6886 
  0.3414951 111.5702 
  0.6019713 109.9132 
  0.9473498 109.3664 
  0.9680097 108.2809 
  0.9731385 107.7421 
  0.9454145 107.2061 
  0.9585184 106.142 
  0.9712982 105.0885 
  0.97795 105.0885 
  0.9422474 104.0455 
  0.9371589 103.5278 
  0.9535731 103.5278 
  0.988458 103.5278 
  0.9752361 103.0128 
  0.9620415 101.9903 
  0.9517084 101.4829 
  0.9616216 101.9903 
  0.9751745 103.0128 
  0.9205884 103.5278 
  0.9115937 105.0885 
  0.9740236 106.142 
  0.9522367 105.614 
  0.9237396 104.5657 
  0.8956241 103.5278 
  0.8185289 103.0128 
  0.5706411 102.5003 
  0.1393092 102.5003 
  0.1291444 102.5003 
  0.02025176 102.5003 
  -0.02462589 102.5003 
  -0.2257555 102.5003 
  -0.08569972 102.5003 
  0.06411063 102.5003 
  0.06702904 102.5003 
  -0.100756 102.5003 
  -0.01192701 102.5003 
  -0.02554046 102.5003 
  0.02924293 102.5003 
  -0.2157699 102.5003 
  0.002088514 101.9903 
  0.300864 101.4829 
  0.4028139 100.978 
  0.3256928 100.4756 
  0.1186053 100.4756 
  -0.04850775 100.4756 
  0.164318 100.4756 
  0.1489373 100.4756 
  0.05537448 100.4756 
  -0.02626279 100.4756 
  -0.2600405 100.4756 
  -0.41583 100.4756 
  0.004482723 100.4756 
  0.3822971 100.4756 
  0.3670538 100.4756 
  0.1286758 100.4756 
  -0.05926239 100.4756 
  0.05673408 100.4756 
  0.3200056 100.4756 
  0.4560059 100.4756 
  0.3294026 100.4756 
  0.248357 100.4756 
  0.2233703 100.4756 
  0.04450776 100.4756 
  -0.2913477 100.4756 
  -0.09495736 100.4756 
  -0.1195372 100.4756 
  -0.03840737 100.4756 
  -0.1212022 100.4756 
  0.03139765 100.4756 
  0.2195374 100.4756 
  0.1988727 100.4756 
  0.1137442 100.4756 
  0.1842971 100.4756 
  0.3828451 100.4756 
  0.008903064 100.4756 
  -0.02134959 100.4756 
  0.1012329 100.4756 
  0.2730183 100.4756 
  0.004349185 100.4756 
  -0.1316179 100.4756 
  -0.1450673 100.4756 
  -0.239877 100.4756 
  -0.1572101 100.4756 
  -0.2915694 100.4756 ]
