 [
  0.246759 251.5452 
  0.1631347 251.5452 
  -0.01112244 251.5452 
  -0.004827525 251.5452 
  0.01712253 251.5452 
  -0.0962102 251.5452 
  0.3399439 251.5452 
  0.3616566 251.5452 
  0.2720736 251.5452 
  0.1438949 251.5452 
  0.01357648 251.5452 
  0.3956091 251.5452 
  0.3182501 251.5452 
  0.1128437 251.5452 
  0.1456187 251.5452 
  0.1502246 251.5452 
  0.2140564 251.5452 
  0.0707563 251.5452 
  0.1164308 251.5452 
  0.2670074 251.5452 
  0.6614578 250.2938 
  0.5070402 226.5316 
  0.700746 219.853 
  0.9672416 216.5879 
  0.9804691 214.4382 
  0.9876217 214.4382 
  0.9939615 214.4382 
  0.9929117 214.4382 
  0.9894055 215.5104 
  0.9772981 216.5879 
  0.9762262 217.6709 
  0.9731803 218.7592 
  0.955774 219.853 
  0.8957608 219.853 
  0.6555572 224.2832 
  0.6357093 225.4046 
  -0.1551619 225.4046 
  -0.009862719 225.4046 
  0.06860556 225.4046 
  0.05048506 225.4046 
  -0.06613703 225.4046 
  -0.06735253 225.4046 
  -0.08654747 225.4046 
  -0.08408855 225.4046 
  -0.01606091 225.4046 
  -0.01925898 224.2832 
  -0.006070273 224.2832 
  0.01533444 224.2832 
  0.04219862 224.2832 
  0.1025216 224.2832 
  0.254242 224.2832 
  0.5102501 224.2832 
  -0.006879027 224.2832 
  0.5245045 224.2832 
  0.2222863 224.2832 
  -0.03640913 224.2832 
  0.5304466 223.1673 
  0.9322923 220.9523 
  0.9838212 219.853 
  0.9916453 218.7592 
  0.9975259 217.6709 
  0.9987106 216.5879 
  0.9995636 214.4382 
  0.9996723 213.3714 
  0.9988765 212.3098 
  0.9982332 211.2535 
  0.9987808 210.2025 
  0.999113 209.1568 
  0.9992962 208.1162 
  0.9997265 207.0808 
  0.9995839 206.0505 
  0.9993775 204.0054 
  0.9992505 202.9904 
  0.9974478 200.9756 
  0.9972997 199.9758 
  0.9980526 197.9909 
  0.9987805 196.0257 
  0.9992219 195.0505 
  0.9987253 195.0505 
  0.9916425 195.0505 
  0.9717679 193.1145 
  0.9638562 191.1978 
  0.9635732 189.3 
  0.9611256 187.4211 
  0.9772628 185.5609 
  0.969191 183.7191 
  0.9695589 182.8051 
  0.9857705 181.8956 
  0.9906573 180.9906 
  0.9934401 180.9906 
  0.992475 180.9906 
  0.9906275 180.0902 
  0.9868952 180.0902 
  0.9912938 180.0902 
  0.9906063 180.0902 
  0.987013 180.0902 
  0.9855725 179.1942 
  0.9899837 178.3027 
  0.9942955 178.3027 
  0.9940324 179.1942 
  0.9987369 179.1942 
  0.9993883 179.1942 
  0.9992203 179.1942 
  0.9991973 179.1942 
  0.9987768 179.1942 
  0.9977728 179.1942 
  0.9973358 180.0902 
  0.994332 180.0902 
  0.9938561 180.0902 
  0.9976558 180.0902 
  0.9985028 180.0902 
  0.9993801 179.1942 
  0.9998757 178.3027 
  0.998946 177.4156 
  0.9449983 176.533 
  0.8106995 174.7808 
  0.900651 174.7808 
  0.9791749 174.7808 
  0.9910482 173.9112 
  0.9966636 173.9112 
  0.9954439 173.046 
  0.994159 172.185 
  0.9931805 173.046 
  0.9971325 172.185 
  0.9970983 172.185 
  0.9971467 172.185 
  0.9905053 172.185 
  0.9934533 171.3284 
  0.9879851 169.6279 
  0.979348 167.9442 
  0.9739497 166.2773 
  0.9691639 163.8079 
  0.9392703 160.5723 
  0.9190401 158.1876 
  0.9407808 154.2915 
  0.9582327 152.0001 
  0.9627402 149.7427 
  0.9784958 148.2564 
  0.9754999 146.7849 
  0.956309 145.328 
  0.8881856 143.1697 
  0.8828028 141.0434 
  0.9617541 138.9488 
  0.9236822 136.8852 
  0.8970323 135.5266 
  0.8699217 134.1814 
  0.7385812 133.5138 
  0.9945806 134.1814 
  0.9963462 134.1814 
  0.9896989 134.8523 
  0.9838781 135.5266 
  0.9516516 137.5696 
  0.8904922 141.0434 
  0.7916089 145.328 
  0.7231845 151.2439 
  0.8395885 155.063 
  0.8802594 158.1876 
  0.7788265 162.9929 
  0.8254864 167.1087 
  0.8734993 168.784 
  0.9323028 167.9442 
  0.9259704 166.2773 
  0.9014261 165.4501 
  0.9090728 164.6269 
  0.8406297 163.8079 
  0.8731229 161.3751 
  0.88008 157.4006 
  0.9163623 152.7601 
  0.9488049 147.5188 
  0.9640433 143.8855 
  0.9827232 141.0434 
  0.9899462 138.9488 
  0.9894538 137.5696 
  0.9876424 136.2042 
  0.973848 135.5266 
  0.9548661 135.5266 
  0.8937482 136.8852 
  0.8358005 138.9488 
  0.8139136 141.0434 
  0.7108706 143.1697 
  0.2212645 145.328 
  -0.04172656 147.5188 
  -0.1156697 149.7427 
  -0.1153634 152.0001 
  -0.08436164 154.2915 
  -0.04017451 156.6175 
  0.07644549 158.9785 
  0.1536897 161.3751 
  0.02744062 163.8079 
  0.02645488 166.2773 
  0.1640552 168.784 
  0.2714561 171.3284 
  0.09720832 173.046 
  -0.03254488 175.6547 
  0.03011292 177.4156 
  -0.03145436 180.0902 
  0.4097813 182.8051 
  0.6280687 176.533 
  0.8016195 171.3284 
  0.8900501 167.9442 
  0.9425995 164.6269 
  0.9268807 161.3751 
  0.9087055 158.9785 
  0.9202623 155.8383 
  0.9154989 153.5239 
  0.9276706 151.2439 
  0.9299566 148.9977 
  0.9512825 146.7849 
  0.924455 144.605 
  0.8565252 141.7487 
  0.9354905 138.9488 
  0.913542 136.8852 
  0.9188145 134.8523 
  0.9447588 132.8496 
  0.8720009 132.1886 
  0.7996999 130.8766 
  0.4974549 129.5776 
  0.9409908 130.2255 
  0.985845 130.8766 
  0.9817907 131.531 
  0.9785904 132.1886 
  0.9415432 132.8496 
  0.8687082 133.5138 
  0.7188938 134.1814 
  0.6233175 134.1814 
  0.5073136 134.1814 
  0.4698009 134.1814 
  0.3744455 134.1814 
  0.312399 134.1814 
  0.2533069 133.5138 
  -0.06542272 132.8496 
  0.4604538 132.8496 
  0.4395191 136.2042 
  0.8944784 137.5696 
  0.9523657 136.8852 
  0.9330469 135.5266 
  0.7514126 130.8766 
  0.8034122 126.3862 
  0.8953117 123.2734 
  0.9738877 122.0498 
  0.8713241 123.2734 
  0.84141 125.1317 
  0.8860931 127.0181 
  0.9435073 128.2915 
  0.8602679 130.8766 
  0.8406031 134.8523 
  0.8245501 138.9488 
  0.7310897 141.7487 
  0.5548978 143.1697 
  0.2842689 143.8855 
  0.1892338 144.605 
  0.2041651 145.328 
  -0.121815 146.7849 
  0.03108018 148.2564 
  0.1110748 149.7427 
  0.0194686 151.2439 
  0.08520404 152.0001 
  0.4050013 152.7601 
  0.004854493 154.2915 
  0.136489 155.8383 
  0.1923907 156.6175 
  -0.3506626 157.4006 
  0.5835099 158.1876 
  0.7913731 158.9785 
  0.9818931 159.7734 
  0.9967602 160.5723 
  0.9978603 160.5723 
  0.9993192 160.5723 
  0.9992348 160.5723 
  0.9963703 159.7734 
  0.9214308 158.9785 
  0.6652036 156.6175 
  0.7912518 157.4006 
  0.9527325 157.4006 
  0.9741102 156.6175 
  0.9899141 155.8383 
  0.9814208 155.063 
  0.9910191 154.2915 
  0.9735085 153.5239 
  0.9519881 152.7601 
  0.9427487 150.4914 
  0.9437106 148.9977 
  0.9078282 147.5188 
  0.8941742 146.0546 
  0.9549918 143.8855 
  0.9184569 143.1697 
  0.9344597 141.7487 
  0.9615082 140.3417 
  0.9021121 138.9488 
  0.6249827 136.8852 
  0.2825673 134.1814 
  0.2276068 129.5776 
  0.530365 120.2372 
  0.2469785 116.1118 
  0.06513397 116.6924 
  0.05553418 117.2759 
  0.6603618 117.8622 
  0.2093047 118.4515 
  0.004179992 119.0438 
  0.1870288 120.2372 
  0.135547 121.4426 
  0.1213782 122.6601 
  0.2403725 123.2734 
  0.2405635 123.8897 
  0.06598415 124.5092 
  0.1974099 125.1317 
  -0.08714685 125.7574 
  0.2690514 126.3862 
  0.2615563 127.0181 
  0.2924067 127.6532 
  -0.1056646 128.9329 
  -0.1321687 130.2255 
  -0.1189854 131.531 
  -0.04596623 132.8496 
  0.0397845 134.1814 
  -0.2582516 135.5266 
  -0.06780857 136.8852 
  -0.01915616 138.2575 
  0.3214225 139.6435 
  0.1664772 141.0434 
  0.03512114 142.4574 
  -0.05084638 143.8855 
  -0.08520721 145.328 
  -0.00151997 146.0546 
  0.06345138 146.7849 
  -0.04098196 147.5188 
  0.2382551 148.2564 
  0.5478178 148.2564 
  0.8159652 151.2439 
  0.9310962 152.0001 
  0.9888499 152.0001 
  0.9924666 151.2439 
  0.9958091 150.4914 
  0.9972857 150.4914 
  0.9937031 150.4914 
  0.9846505 149.7427 
  0.944607 149.7427 
  0.8631395 149.7427 
  0.6203189 151.2439 
  0.3899795 152.7601 
  0.1574401 154.2915 
  0.04962079 155.8383 
  0.140485 157.4006 
  0.02615124 158.9785 
  -0.08224013 160.5723 
  -0.1995094 162.182 
  -0.1614923 163.8079 
  -0.2011754 165.4501 
  0.1235748 167.1087 
  0.1962842 168.784 
  0.05177612 170.476 
  0.0770496 172.185 
  -0.02990719 173.9112 
  0.02943401 175.6547 
  0.1120676 177.4156 
  0.217071 179.1942 
  0.4840358 180.9906 
  -0.1677696 182.8051 
  -0.131736 184.6377 
  0.3606239 186.4887 
  0.6702889 184.6377 
  0.5223523 169.6279 
  0.7683353 165.4501 
  0.9806464 162.9929 
  0.9808303 160.5723 
  0.9745668 159.7734 
  0.9615734 157.4006 
  0.9685068 155.063 
  0.9707315 153.5239 
  0.9706366 151.2439 
  0.9589362 148.9977 
  0.9602115 146.7849 
  0.9196404 144.605 
  0.9120287 141.0434 
  0.9062718 137.5696 
  0.8543096 134.1814 
  0.8575794 129.5776 
  0.9014952 125.7574 
  0.9462644 122.6601 
  0.9599088 120.2372 
  0.954451 117.8622 
  0.9137568 115.5342 
  0.9423292 112.6886 
  0.9682422 110.4628 
  0.9446825 110.4628 
  0.8167348 112.128 
  0.718932 114.3874 
  0.4274083 115.5342 
  -0.1242607 115.5342 
  -0.3207467 115.5342 
  0.06947052 115.5342 
  -0.08640469 115.5342 
  -0.007020354 115.5342 
  -0.1101604 115.5342 
  -0.1231635 115.5342 
  -0.2299383 115.5342 
  -0.009791147 115.5342 
  -0.02119123 115.5342 
  -0.05527443 115.5342 
  -0.1031685 115.5342 
  0.09128982 115.5342 
  0.1697124 115.5342 
  0.1927223 115.5342 
  -0.00287026 115.5342 
  -0.02656433 115.5342 
  -0.02909172 115.5342 
  -0.2265312 115.5342 
  -0.2737986 115.5342 
  0.01808294 115.5342 
  0.04536613 115.5342 
  0.2135998 115.5342 
  0.09126447 115.5342 
  -0.04002173 115.5342 
  0.09866279 115.5342 
  0.006011221 115.5342 
  0.00830067 115.5342 
  0.04554051 115.5342 
  -0.07563053 115.5342 
  -0.2304016 115.5342 
  0.02770042 115.5342 
  0.07818695 115.5342 
  0.05672938 115.5342 
  0.07477859 115.5342 
  0.08483989 115.5342 
  -0.2222443 115.5342 
  -0.3145987 115.5342 
  -0.2104203 115.5342 
  -0.102484 115.5342 
  -0.01072884 115.5342 
  -0.005165279 115.5342 
  0.1344056 115.5342 
  0.08262353 115.5342 
  0.02014999 115.5342 
  0.0369276 115.5342 
  -0.06982341 115.5342 
  -0.06607732 115.5342 
  -0.05545627 115.5342 
  -0.1163551 115.5342 
  -0.09172391 115.5342 
  -0.007003737 115.5342 ]
