 [
  0.03264586 127.6532 
  0.005681063 127.6532 
  -0.01481696 127.6532 
  0.0987426 127.6532 
  0.142618 127.6532 
  0.1104385 127.6532 
  0.02274325 127.6532 
  -0.1140718 127.6532 
  -0.02077281 127.6532 
  -0.1473982 127.6532 
  -0.00729805 127.6532 
  0.1334027 127.6532 
  -0.02584264 127.6532 
  -0.02071672 127.6532 
  -0.1717155 127.6532 
  0.5223845 127.6532 
  0.818908 126.3862 
  0.8939515 125.1317 
  0.9350516 123.8897 
  0.9153645 122.6601 
  0.9277874 121.4426 
  0.8876386 120.2372 
  0.7653401 120.2372 
  0.5134005 117.8622 
  0.825677 117.8622 
  0.6926497 118.4515 
  0.3660378 120.2372 
  0.01099262 123.2734 
  0.5867428 127.6532 
  0.7556683 125.7574 
  0.8580318 125.1317 
  0.9356941 124.5092 
  0.9499555 123.8897 
  0.9736321 123.8897 
  0.9756368 124.5092 
  0.9693128 125.7574 
  0.9504368 125.7574 
  0.9257333 125.1317 
  0.8715659 123.8897 
  0.8589387 121.4426 
  0.552236 122.6601 
  0.1569319 125.1317 
  -0.03685648 127.6532 
  -0.05725167 130.8766 
  0.05225411 133.5138 
  -0.08953603 136.8852 
  0.01619147 140.3417 
  0.6108035 143.8855 
  0.8043494 140.3417 
  0.8938432 138.9488 
  0.9644396 137.5696 
  0.9548064 135.5266 
  0.9150709 132.8496 
  0.8827535 127.6532 
  0.8115766 124.5092 
  0.8179021 122.6601 
  0.8504405 122.0498 
  0.9261873 123.8897 
  0.8549499 127.6532 
  0.8821675 128.9329 
  0.8389918 127.6532 
  0.8608331 125.1317 
  0.9212658 124.5092 
  0.8675309 123.2734 
  0.8606895 121.4426 
  0.818526 119.0438 
  0.5663364 116.6924 
  0.5107319 118.4515 
  0.7195652 117.2759 
  0.8219965 116.6924 
  0.8244351 114.9594 
  0.7779698 113.8184 
  0.8978594 112.6886 
  0.9094906 113.8184 
  0.9299718 114.9594 
  0.8610233 115.5342 
  0.8178189 114.3874 
  0.8134343 115.5342 
  0.3175667 118.4515 
  0.002149998 120.8384 
  -0.1056064 123.2734 
  0.3853983 125.7574 
  0.08583495 128.2915 
  0.1567516 130.8766 
  0.0956209 134.1814 
  0.0623378 136.8852 
  -0.1504024 139.6435 
  0.08812186 142.4574 
  -0.0009546392 145.328 
  -0.06257175 148.2564 
  0.2459021 151.2439 
  0.8077442 152.0001 
  0.9061888 152.0001 
  0.9784254 150.4914 
  0.9197062 148.2564 
  0.8343991 146.0546 
  0.6572396 145.328 
  0.3197739 146.0546 
  0.0700025 146.7849 
  0.04811027 147.5188 
  0.02356727 148.2564 
  -0.1327766 148.9977 
  -0.120138 149.7427 
  -0.1885534 150.4914 
  0.01472334 151.2439 
  0.4531496 152.0001 
  0.8466638 155.063 
  0.9289589 154.2915 
  0.97856 155.063 
  0.986426 155.063 
  0.9705806 156.6175 
  0.9803632 157.4006 
  0.9889321 157.4006 
  0.9953207 157.4006 
  0.9900845 157.4006 
  0.9920903 157.4006 
  0.9840037 158.1876 
  0.989944 159.7734 
  0.9939042 160.5723 
  0.9878585 161.3751 
  0.9859187 162.182 
  0.9919451 162.9929 
  0.9917379 162.9929 
  0.9429111 162.9929 
  0.9231144 162.9929 
  0.9475293 162.182 
  0.9810361 161.3751 
  0.9735385 160.5723 
  0.9425336 159.7734 
  0.9088109 158.9785 
  0.800894 158.9785 
  0.6695778 158.9785 
  0.4535734 158.9785 
  0.1556238 158.9785 
  0.1791984 158.9785 
  0.08674135 158.9785 
  -0.1277641 158.9785 
  0.098677 158.9785 
  0.1681578 158.9785 
  0.2724297 158.9785 
  0.3034031 158.9785 
  0.2955209 158.9785 
  0.1902362 158.9785 
  -0.07279992 158.9785 
  -0.104666 158.9785 
  0.06480609 158.9785 
  0.02275672 158.9785 
  0.05519544 158.9785 
  -0.007283919 158.9785 
  -0.03690734 158.9785 
  -0.005741274 158.9785 
  0.1177536 158.9785 
  0.1353134 158.9785 
  0.006525286 158.9785 
  0.1381432 158.9785 
  0.04649223 158.9785 
  0.08843401 158.9785 ]
