 [
  0.04432318 208.1162 
  0.07829205 208.1162 
  0.06705112 208.1162 
  -0.02912062 208.1162 
  -0.0183182 208.1162 
  0.01340314 208.1162 
  0.008168942 208.1162 
  -0.08127633 208.1162 
  0.07736085 208.1162 
  0.4589898 208.1162 
  0.8880885 208.1162 
  0.9538368 208.1162 
  0.8643159 208.1162 
  0.9077356 208.1162 
  0.9670675 208.1162 
  0.9811401 209.1568 
  0.9878902 210.2025 
  0.9886855 212.3098 
  0.9821041 215.5104 
  0.7604464 220.9523 
  0.8717704 225.4046 
  0.935532 228.8026 
  0.9735468 231.0963 
  0.9894102 233.4131 
  0.9872232 234.5801 
  0.9746342 238.1164 
  0.9738134 240.5036 
  0.9845574 242.9146 
  0.9850484 245.3498 
  0.9625326 247.8095 
  0.9538251 250.2938 
  0.9593666 252.8029 
  0.7792884 250.2938 
  0.2699089 251.5452 
  0.1174232 254.067 
  -0.1560961 256.614 
  -0.1114525 259.1866 
  -0.03059782 261.7849 
  -0.03447851 264.4093 
  0.5878841 267.06 
  0.8467359 269.7372 
  0.9427229 264.4093 
  0.9785234 260.4825 
  0.9795271 256.614 
  0.9842339 251.5452 
  0.990649 247.8095 
  0.9914999 245.3498 
  0.9935305 242.9146 
  0.9929575 241.7061 
  0.9879336 240.5036 
  0.9722214 240.5036 
  0.9494675 240.5036 
  0.545663 238.1164 
  0.7035925 236.9318 
  0.6309789 236.9318 
  0.5844675 236.9318 
  0.5781065 236.9318 
  0.6976739 236.9318 
  0.2989888 238.1164 
  0.4224094 239.307 
  0.1324831 240.5036 
  0.1151576 241.7061 
  -0.01378074 242.9146 
  0.02165228 244.1292 
  -0.2027783 244.1292 
  -0.2199974 245.3498 
  -0.04169957 245.3498 
  0.1177327 245.3498 
  0.3971076 244.1292 
  0.7495956 238.1164 
  0.7376396 228.8026 
  0.8529888 220.9523 
  0.9293876 216.5879 
  0.9468645 213.3714 
  0.9038966 211.2535 
  0.478388 212.3098 
  0.1969686 214.4382 
  0.1234197 216.5879 
  -0.1240356 218.7592 
  -0.06162091 220.9523 
  -0.1003733 223.1673 
  -0.003148434 225.4046 
  0.216277 227.6642 
  0.07254691 229.9466 
  0.1874536 231.0963 
  0.4367193 232.2518 
  0.4978067 233.4131 
  0.619053 234.5801 
  0.8832555 232.2518 
  0.9765996 232.2518 
  0.9836918 232.2518 
  0.9840567 233.4131 
  0.9881362 234.5801 
  0.9951586 235.753 
  0.9909753 236.9318 
  0.9816242 236.9318 
  0.9846194 239.307 
  0.9865537 239.307 
  0.9939386 241.7061 
  0.9902129 241.7061 
  0.9766855 242.9146 
  0.9587587 242.9146 
  0.9147348 242.9146 
  0.8925217 236.9318 
  0.9958614 233.4131 
  0.9977348 229.9466 
  0.9971262 227.6642 
  0.981892 225.4046 
  0.9054956 223.1673 
  0.9091517 219.853 
  0.9315869 216.5879 
  0.9155242 211.2535 
  0.9090357 207.0808 
  0.8984741 204.0054 
  0.789801 201.9805 
  0.9288563 201.9805 
  0.8597953 202.9904 
  0.8111362 204.0054 
  0.6003507 206.0505 
  0.3929083 208.1162 
  0.3257496 210.2025 
  0.4107985 212.3098 
  0.1970863 214.4382 
  -0.0769761 216.5879 
  0.02347791 218.7592 
  -0.1251433 220.9523 
  -0.1383241 223.1673 
  -0.2238881 225.4046 
  0.06475788 227.6642 
  0.1557721 229.9466 
  0.3421214 232.2518 
  -0.3009294 234.5801 
  0.2085013 236.9318 
  0.6017378 239.307 
  0.03604626 241.7061 
  -0.01562058 242.9146 
  -0.02952661 244.1292 
  -0.03015866 245.3498 
  0.06332585 246.5766 
  0.04803596 246.5766 
  0.7424737 246.5766 
  0.8272322 238.1164 
  0.750936 226.5316 
  0.8799983 217.6709 
  0.9511936 211.2535 
  0.9644695 208.1162 
  0.969417 205.0254 
  0.9814377 201.9805 
  0.9909735 199.9758 
  0.9991922 198.9809 
  0.9992293 198.9809 
  0.9942989 197.9909 
  0.9930047 197.9909 
  0.989149 197.0059 
  0.9789179 196.0257 
  0.9606699 195.0505 
  0.9356486 194.0801 
  0.9083943 191.1978 
  0.846163 191.1978 
  0.5182322 192.1537 
  0.4657804 192.1537 
  0.2387482 192.1537 
  -0.1487091 192.1537 
  0.5858587 192.1537 
  0.4880704 193.1145 
  0.3161924 194.0801 
  -0.09393558 195.0505 
  -0.09260228 196.0257 
  -0.140771 197.0059 
  -0.1473892 197.9909 
  0.4418791 197.9909 
  0.587777 195.0505 
  0.914004 191.1978 
  0.9595136 186.4887 
  0.9856715 183.7191 
  0.9923168 183.7191 
  0.9865746 183.7191 
  0.9705057 186.4887 
  0.9584917 190.2465 
  0.9864709 192.1537 
  0.9943514 193.1145 
  0.9900093 194.0801 
  0.9910201 195.0505 
  0.9919496 196.0257 
  0.9796385 196.0257 
  0.9519272 196.0257 
  0.9103874 195.0505 
  0.2527893 194.0801 
  -0.05518599 194.0801 
  0.05657639 195.0505 
  0.05482592 196.0257 
  0.097262 197.0059 
  0.3136488 197.9909 
  -0.05255929 198.9809 
  0.1332284 199.9758 
  0.03264727 200.9756 
  -0.1491487 201.9805 
  0.1195701 202.9904 
  0.1268581 204.0054 
  0.01568219 205.0254 
  0.06718986 206.0505 
  -0.196303 206.0505 
  0.4791552 207.0808 
  0.7031763 201.9805 
  0.9666086 197.9909 
  0.988012 196.0257 
  0.9871211 195.0505 
  0.9944569 193.1145 
  0.9948034 193.1145 
  0.9890798 192.1537 
  0.9731559 192.1537 
  0.9462495 191.1978 
  0.8502487 191.1978 
  0.4078799 191.1978 
  0.2879685 192.1537 
  0.08806075 193.1145 
  0.07662675 194.0801 
  0.01898798 194.0801 
  -0.1781314 194.0801 
  -0.3154633 194.0801 
  -0.05525089 195.0505 
  -0.05493144 196.0257 
  -0.09969033 197.0059 
  -0.02851177 197.9909 
  0.07654694 198.9809 
  0.03393357 199.9758 
  0.1279814 200.9756 
  0.05058893 201.9805 
  0.02308159 202.9904 
  0.1240193 204.0054 
  0.2286054 205.0254 
  0.04149343 206.0505 
  0.04488372 207.0808 
  0.2151086 208.1162 
  0.4545944 209.1568 
  0.7166535 201.9805 
  0.8584806 198.9809 
  0.9790684 197.0059 
  0.9777985 194.0801 
  0.9714203 192.1537 
  0.931123 190.2465 
  0.872453 190.2465 
  0.5177718 191.1978 
  0.6748316 192.1537 
  0.705148 193.1145 
  0.9322721 195.0505 
  0.9573939 197.9909 
  0.9830783 198.9809 
  0.9942108 199.9758 
  0.9953772 200.9756 
  0.9771574 200.9756 
  0.9537741 200.9756 
  0.9368321 197.9909 
  0.8349925 197.9909 
  0.3012033 197.9909 
  0.1323988 197.9909 
  0.1388605 197.9909 
  0.1935881 197.9909 
  -0.02766991 197.9909 
  0.2113872 197.0059 
  0.06557904 196.0257 
  -0.1004668 195.0505 
  -0.304002 195.0505 
  0.6058339 196.0257 
  0.6737304 192.1537 
  0.8886265 188.3582 
  0.9178184 184.6377 
  0.7888935 183.7191 
  -0.09311173 184.6377 
  0.1094858 185.5609 
  -0.01881477 186.4887 
  0.1755818 187.4211 
  0.2078232 188.3582 
  0.0527567 189.3 
  0.01495815 190.2465 
  -0.004659524 191.1978 
  -0.08515659 192.1537 
  -0.01381859 193.1145 
  0.007302951 194.0801 
  -0.1132749 195.0505 
  -0.185093 196.0257 
  -0.003445998 197.0059 
  0.02600019 198.9809 
  0.2377103 200.9756 
  0.3702548 202.9904 
  -0.0178188 205.0254 
  0.02935482 207.0808 
  0.007896297 209.1568 
  0.02724236 211.2535 
  0.3968906 213.3714 
  0.6649545 215.5104 
  0.6050808 206.0505 
  0.8080413 205.0254 
  0.978621 205.0254 
  0.9784753 205.0254 
  0.9799933 204.0054 
  0.9644235 205.0254 
  0.9599284 206.0505 
  0.9742578 207.0808 
  0.9887984 207.0808 
  0.9824189 208.1162 
  0.9905462 208.1162 
  0.9857059 208.1162 
  0.9895529 208.1162 
  0.9915232 208.1162 
  0.9892048 208.1162 
  0.9837774 207.0808 
  0.970171 206.0505 
  0.9632377 205.0254 
  0.9512097 204.0054 
  0.9505304 202.9904 
  0.9893658 202.9904 
  0.9984925 201.9805 
  0.9989754 200.9756 
  0.9789678 200.9756 
  0.905731 199.9758 
  0.9501148 198.9809 
  0.9831282 198.9809 
  0.9955161 198.9809 
  0.9948438 198.9809 
  0.9889215 197.9909 
  0.9872211 197.0059 
  0.9826043 196.0257 
  0.9318784 195.0505 
  0.8874556 194.0801 
  0.6641389 192.1537 
  0.980732 192.1537 
  0.9779764 191.1978 
  0.9658455 191.1978 
  0.9454117 190.2465 
  0.9461448 189.3 
  0.9606979 186.4887 
  0.9571077 184.6377 
  0.9691679 183.7191 
  0.9591598 183.7191 
  0.9662099 185.5609 
  0.9587725 186.4887 
  0.9415847 185.5609 
  0.8893915 185.5609 
  0.7854955 188.3582 
  0.4878737 191.1978 
  0.7681273 194.0801 
  0.6265599 197.0059 
  0.04833055 199.9758 
  0.01656273 202.9904 
  -0.1892704 206.0505 
  -0.04233848 209.1568 
  -0.003824185 212.3098 
  -0.04202981 216.5879 
  -0.1275834 220.9523 
  0.1958416 224.2832 
  0.2066803 227.6642 
  0.08239319 231.0963 
  -0.00932714 234.5801 
  -0.2292871 238.1164 
  -0.3541274 242.9146 
  0.6681654 247.8095 
  0.9011828 241.7061 
  0.9098758 234.5801 
  0.9640313 229.9466 
  0.989387 226.5316 
  0.9828165 222.057 
  0.9796268 218.7592 
  0.9896402 215.5104 
  0.990909 212.3098 
  0.9851128 210.2025 
  0.9825887 207.0808 
  0.9752011 204.0054 
  0.9666833 199.9758 
  0.9721109 197.0059 
  0.9900182 194.0801 
  0.9842689 192.1537 
  0.979799 190.2465 
  0.9861343 187.4211 
  0.9909488 186.4887 
  0.9932419 184.6377 
  0.9942284 183.7191 
  0.9783578 182.8051 
  0.9244718 180.9906 
  0.8777728 179.1942 
  0.5617455 179.1942 
  0.7386901 180.0902 
  0.7437517 180.9906 
  0.8432838 182.8051 
  0.836817 184.6377 
  0.7974049 186.4887 
  0.03949822 188.3582 
  -0.07026628 190.2465 
  -0.07260601 192.1537 
  0.1038164 193.1145 
  0.03535902 194.0801 
  0.1040516 195.0505 
  -0.04910495 196.0257 
  0.1566122 197.0059 
  0.1819137 197.0059 
  0.2182126 196.0257 
  0.2109839 195.0505 
  -0.2031733 194.0801 
  -0.1520346 193.1145 
  -0.03644785 192.1537 
  0.08239593 191.1978 
  -0.02644008 190.2465 
  0.2501406 187.4211 
  0.6365321 182.8051 
  0.9331806 182.8051 
  0.962235 185.5609 
  0.97981 188.3582 
  0.9946645 189.3 
  0.9971124 189.3 
  0.9984457 190.2465 
  0.9981808 190.2465 
  0.9915218 189.3 
  0.97456 189.3 
  0.9410241 188.3582 
  0.8422951 185.5609 
  0.5995359 185.5609 
  0.7016869 185.5609 
  0.6415018 185.5609 
  0.03486636 185.5609 
  0.8555647 185.5609 
  0.9301484 185.5609 
  0.9814279 185.5609 
  0.9935694 185.5609 
  0.9933337 185.5609 
  0.995473 185.5609 
  0.9929276 184.6377 
  0.9985087 183.7191 
  0.9965336 183.7191 
  0.9529042 183.7191 
  0.9127281 183.7191 
  0.7267244 183.7191 
  0.5008068 183.7191 
  0.4442941 183.7191 
  0.4170329 184.6377 
  0.3701918 185.5609 
  0.2064256 186.4887 
  0.7550998 187.4211 
  0.864017 189.3 
  0.9328333 193.1145 
  0.9715289 195.0505 
  0.9859434 196.0257 
  0.9851885 197.9909 
  0.979754 198.9809 
  0.9741011 200.9756 
  0.9352154 204.0054 
  0.8783666 207.0808 
  0.5709209 208.1162 
  0.221012 206.0505 
  0.2593239 204.0054 
  0.2615907 201.9805 
  0.0561888 199.9758 
  0.04297631 197.9909 
  -0.01792988 196.0257 
  0.04838701 194.0801 
  -0.03856192 192.1537 
  -0.0142164 190.2465 
  -0.06446099 188.3582 
  -0.1359441 186.4887 
  0.2024936 184.6377 
  0.2584654 182.8051 
  0.01002623 180.9906 
  -0.1871051 179.1942 
  -0.001000863 177.4156 
  -0.2484446 175.6547 
  0.7556162 174.7808 
  0.879728 174.7808 
  0.8338916 172.185 
  0.760765 168.784 
  0.8872261 164.6269 
  0.8624395 164.6269 
  0.8606173 163.8079 
  0.5929533 163.8079 
  0.1677509 157.4006 
  0.170463 152.0001 
  0.2939412 150.4914 
  0.277234 143.8855 
  0.2852293 141.7487 
  0.202172 141.7487 
  0.003271964 143.1697 
  -0.1336653 143.1697 
  -0.330113 143.1697 
  -0.1420846 143.1697 
  -0.0239791 143.8855 
  0.01548434 143.8855 
  0.09387983 143.8855 
  0.06902178 143.8855 
  -0.007104458 143.8855 
  0.1385339 143.8855 
  -0.1397056 143.8855 
  0.07230213 143.8855 ]
