 [
  -0.1261893 90.48434 
  -0.2316931 90.48434 
  -0.2713965 90.48434 
  0.1655598 90.48434 
  0.3163983 90.48434 
  -0.4446552 90.48434 
  -0.1019516 90.48434 
  -0.3213696 90.48434 
  0.01133674 90.48434 
  0.172036 90.48434 
  0.8594596 90.48434 
  0.4901297 90.48434 
  0.6172824 90.03418 
  0.7542953 88.69706 
  0.9338325 87.3798 
  0.9638479 87.3798 
  0.8715842 86.0821 
  0.6679308 85.2277 
  0.6979711 84.38177 
  0.6264358 83.96195 
  0.2300762 86.51251 
  -0.09818217 98.491 
  0.3579156 109.3664 
  0.2567328 116.6924 
  0.5324474 126.3862 
  0.8309977 132.1886 
  0.9897852 132.1886 
  0.9979535 132.1886 
  0.9986343 132.1886 
  0.99823 132.8496 
  0.9988215 132.8496 
  0.9929711 132.8496 
  0.9901305 131.531 
  0.9891696 130.8766 
  0.8801482 130.2255 
  0.7145225 130.2255 
  0.7036188 130.8766 
  0.6347809 128.2915 
  0.5141587 131.531 
  0.01918741 131.531 
  0.2206667 130.2255 
  0.3034333 128.9329 
  -0.4352129 128.2915 
  0.5806734 128.2915 
  -0.2200544 128.2915 
  -0.2771553 128.2915 
  -0.439412 128.2915 
  -0.1057972 128.2915 
  0.4572502 128.2915 
  -0.07370678 128.2915 
  0.1262465 128.2915 
  0.07941768 128.2915 
  -0.004888552 128.9329 
  -0.08187306 129.5776 
  0.07676382 130.2255 
  0.1873749 131.531 
  0.2998872 133.5138 
  0.3807635 135.5266 
  0.3176739 136.8852 
  0.1304357 138.9488 
  0.1306632 139.6435 
  0.1053878 140.3417 
  0.225964 139.6435 
  0.4210762 138.9488 
  0.5567179 137.5696 
  0.2862355 136.8852 
  -0.005814478 136.8852 
  0.02519852 136.2042 
  -0.06560223 135.5266 
  0.04742821 134.8523 
  0.08299999 134.1814 
  0.1116066 133.5138 
  -0.08678398 132.8496 
  -0.08509179 132.8496 
  -0.02314247 132.8496 
  -0.3150521 132.1886 
  -0.3023387 132.1886 
  -0.0300901 132.1886 
  0.3285537 132.1886 
  0.1725806 132.1886 
  -0.04901405 132.1886 
  0.1955329 132.1886 
  -0.02926912 132.1886 
  -0.124425 132.1886 
  -0.07257228 132.1886 
  0.1018984 132.1886 
  0.03177471 132.1886 
  -0.03127831 132.1886 
  -0.2984494 131.531 
  -0.1258384 130.8766 
  -0.1720673 130.2255 
  -0.1678475 130.2255 
  0.01032526 130.2255 
  0.1951703 130.2255 
  0.02782791 130.2255 
  -0.1461252 130.2255 
  -0.1126828 130.2255 
  -0.1572146 130.2255 
  0.02347905 130.2255 
  0.1324098 130.2255 
  0.04119372 130.2255 
  0.07581594 130.2255 
  0.2585982 130.2255 
  0.1968683 130.2255 
  0.1344772 130.2255 
  0.0545233 130.2255 
  -0.0652495 130.2255 
  -0.183619 130.2255 
  -0.3071406 130.2255 
  -0.2178724 130.2255 
  0.2572794 130.2255 
  -0.1433989 130.2255 
  0.4654356 130.2255 
  0.1901171 130.2255 
  -0.04798982 130.2255 
  -0.134666 130.2255 
  -0.3374716 130.2255 
  -0.1096491 130.2255 
  -0.1607608 130.8766 
  0.4232677 127.0181 
  0.6479803 130.2255 
  0.8877766 131.531 
  0.9693956 133.5138 
  0.950976 133.5138 
  0.7789689 131.531 
  0.7362765 131.531 
  0.7871538 131.531 
  0.8530145 130.2255 
  0.7879611 124.5092 
  0.8435383 120.8384 
  0.9799589 119.0438 
  0.992292 118.4515 
  0.9916292 118.4515 
  0.9849428 117.8622 
  0.9866969 117.2759 
  0.9817582 118.4515 
  0.9956899 119.0438 
  0.9889016 120.2372 
  0.9582196 121.4426 
  0.9774374 123.2734 
  0.9803081 124.5092 
  0.9940175 125.1317 
  0.9881232 125.1317 
  0.9600382 126.3862 
  0.9580333 128.2915 
  0.9842451 129.5776 
  0.9087011 130.8766 
  0.5209653 133.5138 
  0.2946746 126.3862 
  0.1871885 148.9977 
  0.3375933 134.8523 
  0.8078076 130.8766 
  0.9314343 132.8496 
  0.9905196 132.1886 
  0.9977527 132.1886 
  0.9978152 132.8496 
  0.995806 133.5138 
  0.9946324 133.5138 
  0.9959311 134.1814 
  0.9977951 134.8523 
  0.996963 134.8523 
  0.9983349 134.8523 
  0.997059 135.5266 
  0.9955712 136.2042 
  0.9952925 136.8852 
  0.9993855 136.8852 
  0.9967254 136.8852 
  0.9886582 137.5696 
  0.9850797 137.5696 
  0.9973429 138.2575 
  0.996375 137.5696 
  0.9941475 136.8852 
  0.9716861 136.8852 
  0.9323313 136.8852 
  0.8515469 137.5696 
  0.6178582 138.2575 
  -0.09696598 138.9488 
  -0.05935152 139.6435 
  0.1336819 140.3417 
  0.072048 140.3417 
  0.03100377 139.6435 
  0.08278785 138.9488 
  0.07993311 138.9488 
  0.3028546 138.9488 
  0.1418643 138.2575 
  0.09353278 137.5696 
  0.01278836 136.8852 
  -0.1629056 136.2042 
  0.5671964 136.2042 
  0.6031374 135.5266 
  0.6622206 134.1814 
  0.2823396 132.8496 
  -0.02288754 129.5776 
  -0.05078768 125.7574 
  0.2402581 122.0498 
  0.5515198 119.0438 
  0.2889745 116.6924 
  0.1714502 114.3874 
  -0.5287727 111.5702 
  -0.7458772 108.8223 
  -0.1609339 106.142 
  -0.09453675 103.5278 
  -0.02657492 100.978 
  0.0950157 98.491 
  0.02109983 96.06523 
  0.227151 93.6992 
  0.09680417 91.84841 
  0.3682513 90.48434 
  0.1470517 89.58624 
  -0.0286187 87.8167 
  0.1225674 84.38177 
  0.1300635 80.27641 
  0.5350354 76.75266 
  0.1500455 75.2366 
  0.355666 75.61279 
  0.2684811 75.99085 
  0.7988219 78.29926 
  0.7326683 79.08421 
  0.6384169 81.08118 
  0.5492761 82.3035 
  0.7129807 90.03418 
  0.5051112 74.48985 
  0.496148 74.86229 
  0.376187 115.5342 
  0.525669 134.8523 
  0.8751446 134.1814 
  0.8255879 134.1814 
  0.9582772 136.8852 
  0.9716428 138.2575 
  0.9453999 138.2575 
  0.8835803 138.9488 
  0.7923417 141.7487 
  0.7203515 142.4574 
  0.5661347 143.1697 
  0.06189044 143.8855 
  -0.007498833 145.328 
  -0.02901889 146.0546 
  -0.01258636 146.7849 
  0.1273824 147.5188 
  0.02600799 148.2564 
  -0.03581436 148.9977 
  -0.1478515 149.7427 
  -0.04333309 149.7427 
  0.01552947 149.7427 
  0.1518956 150.4914 
  -0.2615596 151.2439 
  0.7886753 151.2439 
  0.3991165 126.3862 
  0.7034657 125.7574 
  0.9071584 125.1317 
  0.987932 123.8897 
  0.9883804 123.2734 
  0.970983 122.0498 
  0.9840164 121.4426 
  0.9536549 121.4426 
  0.9036578 121.4426 
  0.820851 122.6601 
  0.3161788 125.1317 
  0.3508385 128.2915 
  0.1486641 130.8766 
  0.0690909 132.8496 
  -0.08805221 134.1814 
  -0.04355833 135.5266 
  0.008059365 136.8852 
  0.07132806 138.2575 
  0.1980558 139.6435 
  0.1848616 140.3417 
  0.1579555 141.0434 
  0.1395941 141.0434 
  -0.03826497 141.0434 
  0.7099682 141.0434 
  0.7950294 140.3417 
  0.9069288 139.6435 
  0.8295072 137.5696 
  0.2633692 137.5696 
  0.4419407 141.0434 
  0.3484579 140.3417 
  0.4538578 138.9488 
  0.2333514 135.5266 
  0.2390565 135.5266 
  -0.06286666 136.2042 
  -0.09137873 136.2042 
  0.2389147 136.2042 
  0.4323665 136.8852 
  0.2277114 137.5696 
  -0.2200907 138.2575 
  -0.06747673 138.9488 
  0.207885 139.6435 
  0.316888 139.6435 
  0.4649839 139.6435 
  0.6644291 140.3417 
  0.8429137 141.7487 
  0.5433718 132.1886 
  0.333684 122.6601 
  0.5941448 121.4426 
  0.987399 120.2372 
  0.9812658 120.2372 
  0.9470361 119.639 
  0.9564605 118.4515 
  0.9368129 118.4515 
  0.9351088 120.8384 
  0.9820364 121.4426 
  0.9765011 121.4426 
  0.9507015 122.0498 
  0.9601289 123.2734 
  0.9666028 125.1317 
  0.90525 127.0181 
  0.7692555 129.5776 
  0.7492888 132.1886 
  0.5378659 133.5138 
  0.7855214 132.8496 
  0.8921108 131.531 
  0.9669724 129.5776 
  0.9875244 127.0181 
  0.987806 125.7574 
  0.9912508 124.5092 
  0.994011 123.8897 
  0.9977307 123.8897 
  0.995946 125.1317 
  0.993921 126.3862 
  0.9835219 128.2915 
  0.8887793 133.5138 
  0.9393574 134.1814 
  0.9656171 132.8496 
  0.9970833 132.1886 
  0.9987969 132.1886 
  0.9985729 131.531 
  0.9841267 130.8766 
  0.9510962 129.5776 
  0.8351198 132.1886 
  0.7170788 130.8766 
  0.6783536 131.531 
  0.7010632 134.8523 
  0.7073374 129.5776 
  0.4784541 127.0181 
  0.2632673 121.4426 
  -0.05938819 119.0438 
  -0.1184493 120.2372 
  -0.3504817 122.0498 
  -0.416829 123.2734 
  -0.1578186 124.5092 
  0.04899681 126.3862 
  -0.01546187 128.2915 
  -0.01006692 129.5776 
  -0.03757952 130.8766 
  0.06016565 131.531 
  0.3061148 132.1886 
  0.2418866 133.5138 
  0.2108634 134.1814 
  0.3163634 134.1814 
  0.264511 134.8523 
  0.2851683 135.5266 
  0.338832 137.5696 
  0.5244389 136.2042 
  0.8337275 135.5266 
  0.9637184 133.5138 
  0.9319142 132.1886 
  0.885552 129.5776 
  0.8028027 126.3862 
  0.9190497 123.2734 
  0.9908702 122.0498 
  0.9927239 122.0498 
  0.9879715 122.0498 
  0.9691403 121.4426 
  0.9614409 120.2372 
  0.9616683 119.0438 
  0.9596001 118.4515 
  0.9258589 118.4515 
  0.8741441 119.0438 
  0.8432262 120.2372 
  0.8600218 121.4426 
  0.8244244 123.2734 
  0.8458435 124.5092 
  0.7468052 125.7574 
  0.6808452 127.0181 
  0.6504171 128.2915 
  0.5944889 129.5776 
  0.3864493 130.2255 
  0.4128345 130.8766 
  0.4348221 131.531 
  0.647621 132.1886 
  0.448963 130.2255 
  0.4942353 130.2255 
  0.1971505 127.6532 
  0.2940404 121.4426 
  0.7442735 119.639 
  0.938413 118.4515 
  0.9839097 119.0438 
  0.9707955 119.639 
  0.8912382 120.8384 
  0.8275502 122.0498 
  0.5345768 123.2734 
  0.2465371 124.5092 
  0.1540158 125.1317 
  0.2350851 125.7574 
  -0.03383929 127.0181 
  -0.03895113 128.2915 
  0.006558349 129.5776 
  0.21754 130.8766 
  0.2049266 132.1886 
  -0.02375804 134.1814 
  0.1485614 136.2042 
  0.01995141 138.2575 
  0.1801651 140.3417 
  0.1411582 142.4574 
  -0.07008217 143.8855 
  0.4358376 144.605 
  0.3277492 131.531 
  0.7163171 128.2915 
  0.9951929 128.2915 
  0.9957052 128.2915 
  0.9913766 127.0181 
  0.9964877 126.3862 
  0.9985633 125.7574 
  0.9970497 125.7574 
  0.9973894 125.7574 
  0.9861981 125.1317 
  0.990505 123.8897 
  0.9961637 122.6601 
  0.9890445 122.0498 
  0.9852297 122.0498 
  0.9852047 122.0498 
  0.9184316 122.0498 
  0.6864955 122.0498 
  0.2037558 122.6601 
  0.06640315 123.2734 
  0.05863755 123.8897 
  0.3284226 124.5092 
  0.150874 122.6601 
  0.2313013 123.2734 
  0.02044884 127.0181 
  0.1617373 131.531 
  0.1657922 132.1886 
  0.5831102 130.2255 
  0.6646166 130.2255 
  0.6344432 129.5776 
  0.7445651 125.1317 
  0.4993264 125.7574 
  0.0397446 126.3862 
  0.03874566 127.0181 
  0.04753711 127.6532 
  -0.000554245 128.2915 
  -0.00836925 128.9329 
  0.02827441 129.5776 
  -0.01022837 130.2255 
  0.06837295 130.2255 
  0.2305128 130.2255 
  0.2847354 130.2255 
  0.1507713 130.2255 
  0.1649327 130.2255 
  0.2732882 130.2255 
  0.2315197 130.8766 
  0.08356537 130.8766 
  0.1113351 131.531 
  0.1549711 132.1886 
  -0.220545 132.8496 
  0.1530952 133.5138 
  -0.007192492 134.1814 
  0.1074004 132.8496 
  0.1571337 129.5776 
  0.4436424 138.2575 
  0.2920376 132.8496 
  0.6509025 131.531 
  0.926879 128.9329 
  0.9469955 129.5776 
  0.7692614 130.2255 
  0.3791 135.5266 
  0.4198477 141.7487 
  0.4498191 141.7487 
  0.5310878 128.9329 
  0.753877 127.0181 
  0.9374253 128.2915 
  0.9346421 128.9329 
  0.9151524 130.2255 
  0.7829009 130.8766 
  -0.1596434 131.531 
  0.626376 132.1886 
  0.6020448 132.8496 
  0.4694728 133.5138 
  0.3206771 134.1814 
  0.01565978 134.1814 
  -0.1073006 134.1814 
  0.02332534 134.8523 
  0.4492385 134.8523 
  0.7284066 134.8523 
  0.7458173 136.8852 
  0.6487119 130.8766 
  0.8086889 129.5776 
  0.992412 128.9329 
  0.9958827 128.2915 
  0.9916507 127.6532 
  0.9693246 126.3862 
  0.9744966 124.5092 
  0.9772207 123.8897 
  0.9012778 125.1317 
  0.5391809 126.3862 
  0.3617297 127.6532 
  0.5700985 128.9329 
  0.3849825 128.2915 
  0.1456648 127.0181 
  0.1617749 125.1317 
  0.4316927 131.531 
  0.2311385 124.5092 
  0.6252771 121.4426 
  0.9281431 120.2372 
  0.9300519 119.639 
  0.8914526 119.0438 
  0.7759047 121.4426 
  0.8521991 123.2734 
  0.9765463 124.5092 
  0.9837663 124.5092 
  0.9913998 123.8897 
  0.9826751 124.5092 
  0.9417245 125.1317 
  0.9261602 125.7574 
  0.9353806 125.1317 
  0.9675344 125.1317 
  0.8692843 123.2734 
  0.9072564 121.4426 
  0.9736142 120.8384 
  0.9784639 121.4426 
  0.9870441 122.0498 
  0.9922049 122.0498 
  0.9873545 122.6601 
  0.9702381 123.2734 
  0.9295602 123.8897 
  0.8285699 125.1317 
  0.4172606 126.3862 
  0.4980216 126.3862 
  0.2476324 127.6532 
  0.08472295 128.9329 
  0.0672705 130.2255 
  -0.05215769 130.8766 
  0.03676539 131.531 
  0.1693062 132.8496 
  -0.007656528 133.5138 
  -0.2302537 134.1814 
  0.06919136 134.8523 
  -0.02190046 135.5266 
  -0.1024542 136.2042 
  0.595095 136.8852 
  0.07541444 136.8852 
  0.1224943 136.8852 
  0.7828178 136.8852 
  0.5100999 136.8852 
  0.1361744 133.5138 
  0.3274582 121.4426 
  0.8041081 116.6924 
  0.2057613 112.128 
  -0.1053302 106.6728 
  -0.6342105 100.978 
  -0.3926055 95.5873 
  -0.04484192 90.93677 
  0.004330639 86.51251 
  0.04272402 81.89403 
  0.01792043 77.5221 
  0.7698594 74.48985 
  0.668407 74.86229 
  0.2585403 75.2366 
  0.3927324 68.09386 
  0.5627378 68.09386 
  0.2683548 62.24707 
  0.7028633 62.5583 
  0.9492483 63.18545 
  0.9024845 63.50137 
  0.8310297 63.81888 
  0.2487406 62.5583 
  0.5375899 61.01753 
  0.5226951 61.93738 
  0.6271684 61.01753 
  0.1894933 62.24707 
  0.258439 62.87109 
  -0.08305779 63.81888 
  -0.09101667 64.78096 
  0.07833332 65.43038 
  0.158664 66.08632 
  0.1655209 66.74884 
  0.02894839 67.41799 
  0.05765959 68.09386 
  0.04442709 68.7765 
  0.1509137 69.46598 
  0.2321954 70.16238 
  0.2285829 70.51319 
  0.06115375 70.86576 
  0.6661225 71.57619 
  0.6212012 72.29374 
  0.5092849 72.29374 
  -0.002134568 71.93407 
  -0.03669908 71.93407 
  0.007393718 72.29374 
  0.2869495 72.6552 
  0.3531318 72.6552 
  0.4718111 72.6552 
  0.4637479 72.29374 
  0.2008818 70.86576 
  0.08057794 69.46598 
  0.05810067 68.43433 
  0.1150854 67.75508 
  0.1769772 67.41799 
  0.7451228 67.41799 
  0.5276754 67.41799 
  0.2346464 67.75508 
  0.2884462 68.09386 
  0.3526319 68.43433 
  0.2567976 68.7765 
  -0.0557019 68.7765 
  0.115499 68.7765 
  0.2198546 68.7765 
  0.2036509 68.7765 
  0.1667485 68.7765 
  0.03011622 68.7765 
  -0.1559081 68.7765 
  -0.01200737 68.7765 
  0.04451428 68.7765 
  -0.03823885 68.7765 
  -0.117862 68.7765 
  -0.008713732 68.7765 
  0.1734381 68.7765 
  0.06620172 68.7765 ]
