 [
  0.1041873 109.9132 
  0.1262955 109.9132 
  0.09408323 109.9132 
  -0.2317447 109.9132 
  -0.1891379 109.9132 
  -0.1042798 109.9132 
  -0.1156756 109.9132 
  -0.2180133 109.9132 
  -0.4049663 109.9132 
  0.1739487 109.9132 
  0.2649365 109.9132 
  0.2673865 109.9132 
  0.3059262 109.9132 
  0.04610144 109.9132 
  -0.5952842 109.9132 
  -0.06869422 109.9132 
  -0.09113706 109.9132 
  -0.2355649 110.4628 
  -0.1078473 111.0151 
  0.1521621 111.5702 
  0.4044529 111.5702 
  0.4699953 118.4515 
  0.6418017 119.639 
  0.7936642 122.0498 
  0.200409 123.8897 
  0.08722018 125.7574 
  0.005126616 127.6532 
  -0.1393242 130.2255 
  -0.001687716 132.1886 
  -0.05276654 134.1814 
  0.04727552 136.8852 
  0.2364791 139.6435 
  -0.1121309 143.1697 
  0.6818341 149.7427 
  0.7362295 144.605 
  0.7693068 149.7427 
  0.8333213 152.7601 
  0.9038008 156.6175 
  0.9401861 159.7734 
  0.9437369 162.9929 
  0.9208913 165.4501 
  0.9117305 168.784 
  0.8472968 173.046 
  0.8623551 178.3027 
  0.9731182 182.8051 
  0.9880468 182.8051 
  0.9881868 183.7191 
  0.9800124 185.5609 
  0.9943904 188.3582 
  0.9977356 188.3582 
  0.9972388 188.3582 
  0.9948133 186.4887 
  0.9861735 184.6377 
  0.9707101 180.9906 
  0.9677143 177.4156 
  0.9786809 174.7808 
  0.9738993 172.185 
  0.9415041 168.784 
  0.9155984 164.6269 
  0.86427 158.9785 
  0.9026306 154.2915 
  0.8468593 151.2439 
  0.7285464 144.605 
  0.353085 138.9488 
  0.6680508 135.5266 
  0.8711851 133.5138 
  0.8892644 135.5266 
  0.9080234 134.8523 
  0.922901 134.1814 
  0.8801998 132.8496 
  0.650616 132.8496 
  -0.5236889 134.8523 
  0.1985837 137.5696 
  -0.301081 140.3417 
  0.2757744 143.1697 
  -0.01845789 145.328 
  -0.01561276 148.2564 
  -0.01929975 150.4914 
  -0.01400671 152.7601 
  -0.1152827 155.063 
  -0.1207896 157.4006 
  -0.1964039 159.7734 
  -0.1623222 162.182 
  0.8185385 166.2773 
  0.933464 165.4501 
  0.9935795 165.4501 
  0.9983296 165.4501 
  0.9990171 166.2773 
  0.9990569 166.2773 
  0.9976612 167.1087 
  0.8767596 167.9442 
  0.7806779 167.9442 
  -0.3466688 164.6269 
  0.4892091 162.9929 
  0.4721469 161.3751 
  0.01619431 159.7734 
  0.01063965 158.1876 
  0.2270184 156.6175 
  0.101524 155.063 
  0.1715505 154.2915 
  0.1035978 152.7601 
  0.06019611 151.2439 
  0.648057 146.7849 
  0.7656419 143.1697 
  0.9503273 138.2575 
  0.9881976 134.8523 
  0.9966729 134.1814 
  0.9887943 133.5138 
  0.9665053 132.8496 
  0.918904 132.1886 
  0.8465637 130.2255 
  0.5174302 130.2255 
  0.2202235 130.8766 
  0.225581 131.531 
  -0.006794108 132.1886 
  -0.4828871 132.8496 
  0.0101647 133.5138 
  0.2307157 134.1814 
  -0.06765654 134.8523 
  0.2655995 135.5266 
  0.07327433 138.2575 
  0.1053253 143.1697 
  0.3054435 146.7849 
  0.03619173 148.9977 
  0.6644153 158.9785 
  0.8369016 158.1876 
  0.9547067 155.063 
  0.9787371 151.2439 
  0.9798349 148.9977 
  0.9774488 146.0546 
  0.9639527 142.4574 
  0.9715196 139.6435 
  0.9817014 136.8852 
  0.9895222 135.5266 
  0.9960859 134.1814 
  0.9975648 133.5138 
  0.9986291 133.5138 
  0.9980686 134.1814 
  0.9938049 134.8523 
  0.98369 137.5696 
  0.9797981 139.6435 
  0.9850652 142.4574 
  0.9925794 144.605 
  0.9941555 146.0546 
  0.9947419 146.7849 
  0.9955369 147.5188 
  0.9880687 148.2564 
  0.9539139 147.5188 
  0.9037144 146.0546 
  0.8138692 143.8855 
  0.2920994 141.7487 
  0.1973104 140.3417 
  0.01057645 138.9488 
  -0.1859219 138.2575 
  -0.1874761 137.5696 
  -0.2126382 136.8852 
  -0.1863734 136.2042 
  -0.03678454 134.8523 
  0.6269667 134.1814 
  0.6318401 132.8496 
  0.7576641 131.531 
  0.7181991 129.5776 
  0.610427 127.6532 
  0.5537802 126.3862 
  0.3697041 125.7574 
  0.4297978 125.7574 
  -0.1363534 125.7574 
  0.1886428 125.7574 
  -0.1735703 125.7574 
  0.0105214 125.7574 
  0.0009902183 125.7574 
  -0.008253738 125.7574 
  -0.05346636 125.7574 
  0.2719716 125.1317 
  0.7617313 124.5092 
  0.8856907 125.7574 
  0.9621126 125.1317 
  0.9596434 123.8897 
  0.9839386 122.6601 
  0.9909249 122.0498 
  0.9892362 122.0498 
  0.9869667 122.0498 
  0.9779871 122.6601 
  0.9675345 122.6601 
  0.9283568 121.4426 
  0.758427 119.639 
  0.5236219 119.0438 
  0.3808239 119.0438 
  0.09670225 119.0438 
  0.1152104 119.0438 
  0.1348949 119.0438 
  -0.1373193 119.0438 
  -0.2280521 119.0438 
  0.03243827 119.0438 
  -0.01152475 119.0438 
  -0.05326084 119.0438 
  -0.06135793 119.0438 
  -0.1314795 118.4515 
  -0.08849851 118.4515 
  0.3627195 116.6924 
  0.6273606 117.2759 
  0.9002188 117.2759 
  0.7975332 117.2759 
  0.6433159 116.6924 
  -0.2561483 117.8622 
  0.1228269 119.639 
  0.1206872 121.4426 
  0.02749668 123.2734 
  -0.1370862 125.1317 
  -0.1340649 127.6532 
  0.0295648 130.2255 
  -0.1564257 132.1886 
  -0.14783 134.8523 
  -0.05414483 137.5696 
  -0.0474467 139.6435 
  0.1344683 141.7487 
  0.1103566 143.8855 
  0.1977759 146.0546 
  -0.1329194 148.2564 
  0.2577005 151.2439 
  -0.08353846 149.7427 
  0.7102272 149.7427 
  0.5764235 138.9488 
  0.7106355 134.8523 
  0.8337612 132.1886 
  0.8185275 128.9329 
  0.8687299 125.7574 
  0.9365605 123.2734 
  0.9613809 121.4426 
  0.9704501 120.2372 
  0.9716281 118.4515 
  0.9791197 117.8622 
  0.9817057 117.2759 
  0.9696947 117.2759 
  0.9530985 117.8622 
  0.9335425 118.4515 
  0.4892918 120.2372 
  -0.06438256 122.0498 
  -0.2673801 123.8897 
  -0.6894718 123.8897 
  -0.2923754 123.8897 
  -0.00860755 123.8897 
  0.01006809 123.8897 
  0.2321283 123.8897 
  -0.1114101 123.8897 
  -0.03187346 123.8897 
  0.1658523 123.8897 
  0.05621792 123.8897 
  -0.1199255 123.8897 
  -0.1878958 123.8897 
  -0.2662152 123.8897 
  -0.04828929 123.8897 
  0.1390582 123.8897 
  0.1189025 125.1317 
  -0.05571871 127.0181 
  0.1427395 128.9329 
  0.2155799 128.9329 
  0.1430737 128.2915 
  0.388144 126.3862 
  0.5843173 122.6601 
  0.821701 119.639 
  0.9492788 118.4515 
  0.9738461 117.8622 
  0.9622751 116.6924 
  0.9589427 115.5342 
  0.9526674 113.8184 
  0.9223735 112.6886 
  0.7290767 112.128 
  0.3061386 112.6886 
  0.2215474 114.3874 
  0.5613714 116.1118 
  0.8403109 117.8622 
  0.8244925 120.2372 
  0.8621377 122.0498 
  0.8707913 125.1317 
  0.9362636 126.3862 
  0.8758759 125.1317 
  0.9055819 123.8897 
  0.9698312 123.2734 
  0.9743524 123.2734 
  0.9759199 123.2734 
  0.978357 122.6601 
  0.9718807 122.0498 
  0.9357134 120.8384 
  0.8798683 119.639 
  0.7903409 118.4515 
  0.8613122 118.4515 
  0.9174058 118.4515 
  0.75059 117.2759 
  0.008737426 116.6924 
  -0.09842709 116.1118 
  -0.1745813 115.5342 
  0.04141005 114.9594 
  0.1189842 114.9594 
  0.0168741 116.1118 
  -0.01536668 119.0438 
  0.2492445 120.8384 
  0.3098462 122.0498 
  0.3721247 123.2734 
  0.5459862 127.6532 
  0.7457948 130.2255 
  0.9342158 132.1886 
  0.9704859 132.8496 
  0.9629225 131.531 
  0.9565517 132.1886 
  0.9497944 134.1814 
  0.9649006 134.8523 
  0.9888545 135.5266 
  0.9846191 135.5266 
  0.9894592 134.8523 
  0.9795642 134.8523 
  0.9599427 134.1814 
  0.9305636 134.8523 
  0.8894132 133.5138 
  0.9006104 132.1886 
  0.8985913 130.8766 
  0.946412 131.531 
  0.9658269 131.531 
  0.938884 133.5138 
  0.9658823 136.2042 
  0.9795592 136.2042 
  0.9857485 136.8852 
  0.9723314 136.2042 
  0.9583819 135.5266 
  0.9413334 134.8523 
  0.9034453 134.1814 
  0.8623493 132.1886 
  0.8059142 131.531 
  0.8534111 130.2255 
  0.8809219 129.5776 
  0.5915591 128.9329 
  0.3048943 128.9329 
  0.125559 128.9329 
  -0.02702614 128.2915 
  0.1622238 127.6532 
  0.2104753 127.0181 
  0.2868059 126.3862 
  0.2774873 125.7574 
  0.2114578 125.1317 
  -0.07968334 124.5092 
  -0.04819638 123.8897 
  0.0359884 123.2734 
  0.08601484 122.6601 
  0.006381438 122.0498 
  0.2536252 122.0498 
  0.3663315 122.6601 
  0.2877237 124.5092 
  0.01969004 127.0181 
  0.5781456 132.1886 
  0.6849695 130.8766 
  0.7240207 128.2915 
  0.8852175 123.8897 
  0.9298606 121.4426 
  0.934253 120.2372 
  0.8626323 119.639 
  0.7808108 120.8384 
  0.7626703 123.2734 
  0.7921681 127.6532 
  0.8224291 125.7574 
  0.8864158 123.8897 
  0.9124197 120.8384 
  0.9077445 118.4515 
  0.9394011 116.1118 
  0.9615278 114.3874 
  0.9773253 112.6886 
  0.9879971 112.128 
  0.9808871 112.128 
  0.9430913 113.2521 
  0.9488059 113.8184 
  0.9466914 113.8184 
  0.8799254 112.128 
  0.8995318 110.4628 
  0.9188481 108.8223 
  0.9629513 107.7421 
  0.9591547 106.142 
  0.9832451 105.0885 
  0.9901806 104.5657 
  0.9550723 103.5278 
  0.8674565 102.5003 
  0.8080252 100.978 
  0.7009107 99.47836 
  0.07615672 99.47836 
  0.4358338 99.47836 
  0.1969304 100.978 
  0.2853331 102.5003 
  0.3955224 104.0455 
  0.5501232 101.9903 
  0.3395506 101.4829 
  0.1948155 100.978 
  -0.1339284 99.97575 
  0.5757998 99.97575 
  0.4107486 99.97575 
  0.3867262 99.97575 
  0.07860658 99.97575 
  0.178856 99.97575 
  0.1543579 99.97575 
  0.1777419 98.98344 
  0.1131129 98.491 
  0.3111003 98.00098 
  -0.08828744 98.00098 
  -0.07202383 98.00098 
  -0.1214896 98.00098 
  0.03529619 98.00098 
  0.07896481 98.00098 
  0.02644776 98.00098 
  0.073018 98.00098 
  0.01501874 98.00098 
  0.1658346 98.00098 
  0.2173678 98.00098 
  0.2013364 98.00098 
  0.07413036 98.00098 ]
