 [
  0.03082746 180.0902 
  -0.06122044 180.0902 
  -0.09454057 180.0902 
  -0.1065445 180.0902 
  -0.1839153 180.0902 
  -0.06625937 180.0902 
  -0.261602 180.0902 
  0.07493015 180.0902 
  -0.07876424 180.0902 
  -0.05946628 180.0902 
  -0.03265022 180.0902 
  0.1496358 180.0902 
  -0.4192816 180.0902 
  0.5769345 180.0902 
  0.7402294 182.8051 
  0.9580384 186.4887 
  0.9637341 189.3 
  0.9473744 192.1537 
  0.9360864 196.0257 
  0.9877751 198.9809 
  0.9948973 200.9756 
  0.996873 202.9904 
  0.9979854 205.0254 
  0.9974067 206.0505 
  0.994832 206.0505 
  0.9800385 206.0505 
  0.8290401 207.0808 
  0.9281667 207.0808 
  0.9676675 207.0808 
  0.9788024 206.0505 
  0.9788779 204.0054 
  0.9687689 201.9805 
  0.9580758 199.9758 
  0.9578261 197.9909 
  0.9042856 198.9809 
  0.898845 201.9805 
  0.8941499 200.9756 
  0.2921131 199.9758 
  0.1467076 198.9809 
  0.07218768 197.9909 
  -0.1253291 197.0059 
  -0.2419968 196.0257 
  -0.3285087 195.0505 
  -0.07052451 194.0801 
  -0.102474 193.1145 
  -0.2325331 192.1537 
  0.1055536 191.1978 
  0.06684586 190.2465 
  -0.04365016 189.3 
  0.1125598 188.3582 
  0.1448738 187.4211 
  0.6834024 185.5609 
  0.8570777 183.7191 
  0.9738806 181.8956 
  0.9842799 181.8956 
  0.9963197 183.7191 
  0.9958158 185.5609 
  0.9907843 188.3582 
  0.9894561 189.3 
  0.9868945 191.1978 
  0.9622315 194.0801 
  0.9395248 197.0059 
  0.9653425 198.9809 
  0.9738184 200.9756 
  0.9771044 204.0054 
  0.980738 207.0808 
  0.9913447 208.1162 
  0.9943159 208.1162 
  0.9945271 208.1162 
  1.000199 207.0808 
  0.9933219 206.0505 
  0.9838099 208.1162 
  0.9802361 210.2025 
  0.9924408 212.3098 
  0.9957181 213.3714 
  0.9963662 215.5104 
  0.9976746 215.5104 
  0.993013 216.5879 
  0.9932536 217.6709 
  0.9916301 217.6709 
  0.9917017 217.6709 
  0.9930828 217.6709 
  0.9891903 215.5104 
  0.9796239 213.3714 
  0.9655329 211.2535 
  0.9357488 210.2025 
  0.7414009 211.2535 
  0.9130937 207.0808 
  0.8864553 202.9904 
  0.7733195 198.9809 
  0.6649801 195.0505 
  0.6607677 192.1537 
  0.3302805 189.3 
  0.1383846 186.4887 
  0.08407341 183.7191 
  0.1934108 180.9906 
  0.04495027 177.4156 
  0.1141003 173.9112 
  0.422428 170.476 
  0.06294555 167.1087 
  0.3855951 164.6269 
  0.7299736 162.182 
  0.155617 159.7734 
  -0.1461018 152.7601 
  0.7780567 145.328 
  0.6902114 148.9977 
  0.6928897 155.063 
  0.9264246 157.4006 
  0.9615313 157.4006 
  0.9419721 155.063 
  0.890422 153.5239 
  0.9259993 151.2439 
  0.89648 149.7427 
  0.9210804 147.5188 
  0.9085211 146.0546 
  0.89696 144.605 
  0.8531891 142.4574 
  0.8646293 140.3417 
  0.874683 138.2575 
  0.9128448 136.8852 
  0.8910692 138.9488 
  0.6873035 144.605 
  0.7662946 150.4914 
  0.7690837 157.4006 
  0.8193558 163.8079 
  0.4669325 173.046 
  0.7844026 180.0902 
  0.8718606 182.8051 
  0.9138266 184.6377 
  0.9314324 187.4211 
  0.9407562 189.3 
  0.8348049 190.2465 
  0.628566 185.5609 
  0.0219764 177.4156 
  -0.7623206 180.0902 
  -0.1897835 181.8956 
  -0.4712831 183.7191 
  0.01664288 185.5609 
  -0.004439096 187.4211 
  -0.01984186 190.2465 
  0.07342774 192.1537 
  0.3526978 194.0801 
  0.03360476 196.0257 
  0.07849557 198.9809 
  0.07049338 200.9756 
  0.1111205 202.9904 
  0.1598096 202.9904 
  0.1421793 199.9758 
  0.250018 197.0059 
  0.3611211 196.0257 
  0.1334265 197.0059 
  0.1434161 199.9758 
  0.6966544 213.3714 
  0.6506915 205.0254 
  0.815224 199.9758 
  0.9783989 198.9809 
  0.984157 198.9809 
  0.9871864 199.9758 
  0.9856908 198.9809 
  0.9800736 198.9809 
  0.9791182 198.9809 
  0.9829334 198.9809 
  0.9361731 197.9909 
  0.8806236 197.9909 
  0.6647627 197.0059 
  0.6649011 197.9909 
  0.7608559 195.0505 
  0.8019524 192.1537 
  0.8430259 189.3 
  0.8129288 185.5609 
  0.8528026 180.0902 
  0.8630992 177.4156 
  0.7559474 177.4156 
  0.4288005 177.4156 
  0.08203376 178.3027 
  0.2732469 179.1942 
  0.1987346 179.1942 
  0.2277138 180.0902 
  -0.05253975 180.9906 
  0.06569324 181.8956 
  0.01315241 182.8051 
  -0.0739285 183.7191 
  0.01064256 184.6377 
  0.2226163 185.5609 
  0.3219465 185.5609 
  0.2436712 186.4887 
  0.005882159 187.4211 
  0.01140989 188.3582 
  0.2807832 189.3 
  0.2082455 190.2465 
  0.185029 191.1978 
  0.2209631 193.1145 
  0.08105569 196.0257 
  -0.1816994 198.9809 
  0.1136594 200.9756 
  0.8298966 202.9904 
  0.949653 205.0254 
  0.9659181 209.1568 
  0.9767424 211.2535 
  0.9742049 212.3098 
  0.9658426 212.3098 
  0.9272789 210.2025 
  0.904719 204.0054 
  0.8517854 197.9909 
  -0.4751645 192.1537 
  -0.1590693 186.4887 
  0.07070719 180.9906 
  -0.007343123 175.6547 
  0.04662499 170.476 
  0.03954487 165.4501 
  0.06013617 160.5723 
  0.0163334 155.8383 
  -0.0004257439 151.2439 
  -0.04466953 146.7849 
  0.5693269 143.8855 
  0.7518759 140.3417 
  0.8611646 135.5266 
  0.9138148 132.8496 
  0.9851807 130.8766 
  0.9691496 130.8766 
  0.8611431 133.5138 
  0.8318504 136.8852 
  0.9027464 141.0434 
  0.9444852 142.4574 
  0.9341719 142.4574 
  0.884177 142.4574 
  0.7313511 142.4574 
  0.5015365 142.4574 
  0.3168707 142.4574 
  0.1801182 143.1697 
  0.4627668 143.8855 
  0.6790785 143.8855 
  0.824784 143.8855 
  0.9366704 143.8855 
  0.9639052 143.1697 
  0.9902986 141.7487 
  0.9971136 141.0434 
  0.9924687 140.3417 
  0.8394213 140.3417 
  0.8454641 139.6435 
  0.8663073 137.5696 
  0.9247752 136.2042 
  0.9325818 136.2042 
  0.9287016 136.8852 
  0.9760456 138.2575 
  0.9547607 138.9488 
  0.9440157 140.3417 
  0.8448415 141.0434 
  0.7353017 141.7487 
  0.3002285 142.4574 
  0.8503222 143.1697 
  0.8247246 143.8855 
  0.7925069 144.605 
  0.638793 145.328 
  0.7058967 146.0546 
  0.8794154 146.0546 
  0.9373571 144.605 
  0.9903654 143.1697 
  0.996439 142.4574 
  0.9930573 143.1697 
  0.9892873 143.8855 
  0.9770773 145.328 
  0.9699641 146.0546 
  0.9702408 145.328 
  0.9783592 144.605 
  0.9924095 144.605 
  0.9903026 144.605 
  0.9845675 144.605 
  0.9746675 143.8855 
  0.9695623 142.4574 
  0.9758449 141.7487 
  0.9683748 141.7487 
  0.9674933 141.7487 
  0.9701266 141.7487 
  0.9585527 141.0434 
  0.9278271 140.3417 
  0.8799028 139.6435 
  0.9002932 138.2575 
  0.9022414 138.2575 
  0.9034266 138.2575 
  0.9335803 138.9488 
  0.9496166 139.6435 
  0.9504045 141.0434 
  0.9687655 142.4574 
  0.9796077 143.8855 
  0.97944 145.328 
  0.9684083 146.7849 
  0.9727982 148.9977 
  0.9711368 150.4914 
  0.9713425 152.7601 
  0.980561 154.2915 
  0.9851252 155.063 
  0.9574962 155.8383 
  0.9227622 158.9785 
  0.9576056 161.3751 
  0.9445882 164.6269 
  0.9302665 167.9442 
  0.9484773 170.476 
  0.9777287 172.185 
  0.9953505 173.9112 
  0.9984326 174.7808 
  0.9964221 174.7808 
  0.9977379 175.6547 
  0.9944266 176.533 
  0.9976802 177.4156 
  0.9949409 178.3027 
  0.9943717 179.1942 
  0.9962447 179.1942 
  0.9942458 179.1942 
  0.9894021 179.1942 
  0.9818043 179.1942 
  0.9619972 177.4156 
  0.9445695 174.7808 
  0.9380549 172.185 
  0.9282478 170.476 
  0.9087991 169.6279 
  0.8127471 168.784 
  0.7239289 167.9442 
  0.7145449 167.1087 
  0.765494 166.2773 
  0.6234555 165.4501 
  -0.03986483 164.6269 
  -0.1646781 163.8079 
  -0.2938217 162.9929 
  -0.3612257 162.182 
  -0.2646572 162.182 
  0.4562217 162.182 
  0.68529 162.182 
  0.3043521 161.3751 
  0.1672785 155.063 
  0.6960931 149.7427 
  0.880216 146.7849 
  0.9110432 143.8855 
  0.9367024 140.3417 
  0.9564012 136.2042 
  0.6751533 130.8766 
  0.5540469 125.7574 
  0.6455503 122.6601 
  0.7900291 121.4426 
  0.7773931 120.2372 
  0.2870134 119.639 
  -0.07903422 122.6601 
  0.2487728 125.1317 
  0.07511058 127.6532 
  0.07136215 130.2255 
  -0.03391565 132.8496 
  0.01708087 135.5266 
  0.0168348 138.2575 
  0.1248079 141.0434 
  0.01471725 143.1697 
  0.1069851 146.0546 
  0.002847244 148.9977 
  0.1714275 152.0001 
  0.02185497 155.063 
  0.27332 158.1876 
  0.2546568 161.3751 
  0.1318457 164.6269 
  0.5992352 168.784 
  0.7088839 170.476 
  0.6856562 167.9442 
  0.6822145 162.9929 
  0.9650567 161.3751 
  0.9821281 161.3751 
  0.9529353 162.182 
  0.9664212 163.8079 
  0.9728243 165.4501 
  0.9801839 166.2773 
  0.9662288 167.1087 
  0.8759639 169.6279 
  0.8844049 172.185 
  0.9363998 174.7808 
  0.9520751 176.533 
  0.9012629 178.3027 
  0.9506459 182.8051 
  0.9734113 185.5609 
  0.9517382 187.4211 
  0.9070266 185.5609 
  0.8695748 182.8051 
  0.868179 180.0902 
  0.9051476 178.3027 
  0.8833356 180.9906 
  0.9914394 183.7191 
  0.9955049 184.6377 
  0.993997 185.5609 
  0.9861512 186.4887 
  0.9777504 188.3582 
  0.9511629 189.3 
  0.9314634 190.2465 
  0.9198194 189.3 
  0.9286831 188.3582 
  0.9696964 186.4887 
  0.9880796 184.6377 
  0.9965039 183.7191 
  0.9923525 183.7191 
  0.9843982 182.8051 
  0.9787038 182.8051 
  0.9915138 183.7191 
  0.9988528 183.7191 
  0.9977404 183.7191 
  0.8348846 182.8051 
  0.8794603 181.8956 
  0.8919831 180.0902 
  0.9848381 178.3027 
  0.973104 176.533 
  0.9792767 173.9112 
  0.9906055 172.185 
  0.9920997 172.185 
  0.9754788 173.9112 
  0.9622639 175.6547 
  0.9344183 175.6547 
  0.9462813 175.6547 
  0.9161013 173.046 
  0.8855267 171.3284 
  0.9225082 168.784 
  0.9617168 167.1087 
  0.9641994 165.4501 
  0.9602929 163.8079 
  0.9458509 161.3751 
  0.916756 158.1876 
  0.9032467 154.2915 
  0.8185763 148.9977 
  0.7462597 142.4574 
  0.7587397 136.2042 
  0.8399583 131.531 
  0.8970225 128.2915 
  0.9445547 125.1317 
  0.9373227 122.6601 
  0.9028641 120.2372 
  0.8648371 117.2759 
  0.8187382 112.6886 
  0.8312865 108.2809 
  0.8681235 104.5657 
  0.8503797 101.4829 
  0.7734482 98.98344 
  0.3120553 97.02828 
  -0.3222992 96.54556 
  -0.3263642 96.54556 
  0.004816268 96.54556 
  -0.08456647 96.54556 
  0.09166217 97.51342 
  0.547973 98.491 
  0.5918464 99.47836 
  0.6758097 100.4756 
  0.615785 100.978 
  0.5446613 101.4829 
  0.6874057 101.9903 
  0.2029411 102.5003 
  0.4787873 103.0128 
  0.710474 103.5278 
  0.6671599 103.5278 
  0.4408517 103.5278 
  0.1311034 103.5278 
  -0.09392678 103.0128 
  -0.2136366 102.5003 
  0.08354814 102.5003 
  -0.03688935 102.5003 
  -0.2366383 102.5003 
  -0.1169605 102.5003 
  0.1392714 102.5003 
  0.155393 102.5003 
  0.05896463 102.5003 
  0.0443011 102.5003 
  0.008741757 102.5003 
  0.05494862 102.5003 
  0.03106939 102.5003 
  0.1478736 102.5003 
  0.1221092 102.5003 
  0.1523288 102.5003 
  -0.01331067 102.5003 
  0.01888475 102.5003 
  -0.06449294 102.5003 
  0.06673065 102.5003 
  -0.05344506 102.5003 
  -0.1136611 102.5003 
  0.1146089 102.5003 
  0.1582276 102.5003 
  0.1671637 102.5003 
  -0.2973315 102.5003 
  -0.2821662 102.5003 
  -0.2770667 102.5003 ]
