 [
  -0.1451896 120.2372 
  -0.07765488 120.2372 
  0.08943854 120.2372 
  0.1673825 120.2372 
  0.03737038 120.2372 
  0.1137535 120.2372 
  0.08323643 120.2372 
  0.2628832 120.2372 
  0.1226194 120.2372 
  0.03226753 120.2372 
  0.03588184 120.2372 
  -0.1126563 120.2372 
  -0.1370128 120.2372 
  -0.1274884 120.2372 
  -0.167189 120.2372 
  0.1664403 120.2372 
  -0.01729373 120.2372 
  -0.08753791 120.2372 
  0.1807818 120.2372 
  0.3536157 120.2372 
  0.3573989 120.2372 
  -0.2833691 120.2372 
  -0.5087329 120.2372 
  0.07678767 120.2372 
  0.1138251 119.639 
  0.6797497 120.8384 
  0.4463644 126.3862 
  0.7465514 125.7574 
  0.8925248 126.3862 
  0.9722251 127.6532 
  0.9626894 128.2915 
  0.8397298 128.9329 
  0.8039719 131.531 
  0.9714178 133.5138 
  0.9337022 134.8523 
  0.9525483 136.2042 
  0.9195547 137.5696 
  0.8890111 138.2575 
  0.8631684 138.9488 
  0.8431406 136.8852 
  0.8317997 136.8852 
  0.9759595 136.8852 
  0.959516 136.8852 
  0.8754564 137.5696 
  0.7842351 138.2575 
  0.7240291 139.6435 
  0.863367 141.7487 
  0.8926446 143.1697 
  0.9411697 145.328 
  0.9765464 146.0546 
  0.9835953 146.7849 
  0.9807825 148.2564 
  0.9775623 147.5188 
  0.9835814 146.7849 
  0.9497483 145.328 
  0.9484103 143.1697 
  0.9280144 142.4574 
  0.9492841 143.1697 
  0.9518104 143.1697 
  0.9563547 143.1697 
  0.959029 142.4574 
  0.9643714 141.7487 
  0.9772046 140.3417 
  0.976779 138.9488 
  0.959862 137.5696 
  0.9698803 136.2042 
  0.9711596 134.8523 
  0.94311 134.1814 
  0.9689672 132.8496 
  0.9815305 131.531 
  0.966167 130.8766 
  0.9505395 130.8766 
  0.9010731 130.8766 
  0.8482184 130.8766 
  0.8552014 131.531 
  0.8306965 132.1886 
  0.6847864 132.8496 
  0.5493349 133.5138 
  0.4824534 134.1814 
  0.67997 134.8523 
  0.8551345 135.5266 
  0.9068387 136.2042 
  0.9449241 136.8852 
  0.972402 137.5696 
  0.9864565 138.2575 
  0.9926903 138.2575 
  0.9946268 138.2575 
  0.9133985 138.9488 
  0.3697197 139.6435 
  0.7731047 132.1886 
  0.922445 132.8496 
  0.9893132 133.5138 
  0.9719345 134.8523 
  0.9420622 136.8852 
  0.9531142 138.9488 
  0.9537253 141.0434 
  0.9295037 143.8855 
  0.9125544 146.7849 
  0.9457906 148.2564 
  0.9714024 149.7427 
  0.9681702 150.4914 
  0.9727309 152.0001 
  0.9840516 152.7601 
  0.978847 154.2915 
  0.9825212 155.063 
  0.9691632 155.063 
  0.9563795 153.5239 
  0.9406976 151.2439 
  0.8167602 149.7427 
  0.5854793 148.9977 
  0.2079171 148.2564 
  -0.1067148 147.5188 
  -0.1318745 146.0546 
  -0.1023989 144.605 
  0.2687923 143.1697 
  0.06494699 141.7487 
  -0.01401895 140.3417 
  -0.2396049 139.6435 
  -0.1739604 138.9488 
  0.02513023 137.5696 
  -0.07067936 136.2042 
  -0.07225649 134.8523 
  0.1100901 133.5138 
  0.1822017 132.1886 
  0.1411974 130.8766 
  0.1991226 129.5776 
  0.02763474 128.9329 
  0.2600226 127.6532 
  0.6749275 128.2915 
  0.8604479 130.2255 
  0.9784963 131.531 
  0.9656529 132.8496 
  0.9273044 132.8496 
  0.8750291 132.8496 
  0.8348662 128.9329 
  0.9656709 126.3862 
  0.9777879 127.0181 
  0.9837614 128.2915 
  0.9724264 130.2255 
  0.9436288 132.1886 
  0.9395385 134.1814 
  0.9129395 135.5266 
  0.9029769 137.5696 
  0.9367777 137.5696 
  0.9833324 136.8852 
  0.9819927 136.8852 
  0.9787904 136.8852 
  0.9794368 137.5696 
  0.9908945 138.2575 
  0.969734 139.6435 
  0.9745756 141.0434 
  0.980251 142.4574 
  0.9681325 143.1697 
  0.9561706 144.605 
  0.9802512 146.0546 
  0.9815145 146.7849 
  0.9605408 147.5188 
  0.911718 148.9977 
  0.905926 151.2439 
  0.8292243 152.0001 
  0.7229678 152.7601 
  0.3925699 152.0001 
  0.952572 150.4914 
  0.6091501 149.7427 
  0.4270239 148.9977 
  0.3607012 148.2564 
  0.4774452 147.5188 
  0.3076004 146.7849 
  0.3919773 146.0546 
  0.498594 145.328 
  0.7805444 144.605 
  0.897175 143.8855 
  0.9573954 143.8855 
  0.9741846 144.605 
  0.9634367 144.605 
  0.9093544 145.328 
  0.841042 145.328 
  0.4570132 145.328 
  0.1089235 146.0546 
  0.5261858 146.0546 
  0.4020098 146.7849 
  0.3087203 147.5188 
  0.489189 148.2564 
  0.0965232 148.9977 
  0.06374636 149.7427 
  0.09658419 150.4914 
  0.3247558 151.2439 
  0.3045712 152.7601 
  0.1611876 155.063 
  0.623564 157.4006 
  0.908092 158.1876 
  0.9655517 158.1876 
  0.9866489 158.1876 
  0.9830887 156.6175 
  0.9880492 155.8383 
  0.9936922 154.2915 
  0.9929663 153.5239 
  0.9959692 152.7601 
  0.9954528 152.7601 
  0.9991602 152.0001 
  0.9990966 152.7601 
  0.997877 152.7601 
  0.994463 153.5239 
  0.9898137 154.2915 
  0.9818491 155.063 
  0.9698073 155.8383 
  0.9419081 155.8383 
  0.8937927 155.063 
  0.823525 154.2915 
  0.5535051 153.5239 
  0.3764971 153.5239 
  0.3092378 153.5239 
  0.2390334 152.7601 
  -0.1980137 152.7601 
  -0.08877984 152.7601 
  -0.08252499 152.7601 
  0.01108181 152.7601 
  0.1653906 152.7601 
  0.2029293 152.7601 
  0.1996834 152.7601 
  0.1657722 152.7601 
  -0.05577751 152.0001 
  -0.09721561 152.0001 
  0.03818959 152.0001 
  0.1214175 152.0001 
  -0.03923928 152.0001 
  0.2266215 152.0001 
  0.02852629 152.0001 
  0.06677175 152.0001 
  0.1595055 152.0001 
  0.1100342 152.0001 
  0.05481972 152.0001 
  0.1283988 152.0001 
  -0.01222421 152.0001 
  -0.1531467 152.0001 
  -0.01318762 152.0001 
  -0.1737389 152.0001 
  -0.1274883 152.0001 
  -0.1222841 152.0001 
  -0.004404676 152.0001 
  -0.2423591 152.0001 
  0.1243432 152.0001 
  0.09881562 152.0001 
  0.07024126 152.0001 
  -0.1247205 152.0001 
  0.04951015 152.0001 
  0.0001970101 152.0001 
  -0.06403056 152.0001 
  -0.0579081 152.0001 
  -0.003944221 152.0001 
  0.1139983 152.0001 
  0.01937464 152.0001 
  -0.1015513 152.0001 
  0.1585114 152.0001 
  0.01291912 152.0001 
  -0.09666371 151.2439 
  0.02627809 150.4914 
  -0.0099305 149.7427 
  0.06837944 148.9977 
  0.06313695 148.2564 
  0.02547902 147.5188 
  -0.044178 146.7849 
  -0.006045381 146.0546 
  0.1455906 146.0546 
  0.8035036 146.0546 
  0.8982365 143.8855 
  0.9410541 144.605 
  0.9421576 147.5188 
  0.9524007 149.7427 
  0.9928679 152.0001 
  0.9806496 152.7601 
  0.9800696 154.2915 
  0.9863335 155.8383 
  0.9786736 157.4006 
  0.9814942 158.1876 
  0.9892312 157.4006 
  0.9803113 156.6175 
  0.9730945 155.8383 
  0.9567457 156.6175 
  0.9582957 158.1876 
  0.9506023 160.5723 
  0.953266 162.9929 
  0.9779979 164.6269 
  0.9769692 163.8079 
  0.9690632 162.182 
  0.9836867 159.7734 
  0.9950442 158.1876 
  0.993273 157.4006 
  0.980556 156.6175 
  0.9205945 156.6175 
  0.8038276 156.6175 
  -0.3834897 156.6175 
  0.1386628 157.4006 
  0.2144499 157.4006 
  0.5656842 158.1876 
  0.03488664 158.9785 
  -0.03343883 159.7734 
  -0.01393762 160.5723 
  0.03599843 160.5723 
  0.106561 161.3751 
  0.09604874 162.182 
  0.003212698 162.182 
  -0.0612828 162.182 
  0.5963692 162.182 
  0.8345336 162.9929 
  0.9740201 162.9929 
  0.9766369 162.182 
  0.9754887 160.5723 
  0.9854757 158.9785 
  0.9810458 157.4006 
  0.9914129 156.6175 
  0.9884092 155.8383 
  0.9868267 155.8383 
  0.9843878 155.063 
  0.984195 155.063 
  0.9866315 154.2915 
  0.985227 154.2915 
  0.982012 153.5239 
  0.9735124 153.5239 
  0.9415976 152.7601 
  0.8838224 152.0001 
  0.8721666 150.4914 
  0.7643422 148.9977 
  0.647364 147.5188 
  0.1641591 146.7849 
  -0.04021463 146.0546 
  -0.09566201 145.328 
  0.08340231 143.8855 
  0.1661407 143.1697 
  0.07999936 141.7487 
  0.01805335 140.3417 
  -0.05477438 139.6435 
  -0.007759529 138.9488 
  -0.04050064 138.2575 
  0.05852673 137.5696 
  0.2570341 136.2042 
  0.248368 134.8523 
  0.2999848 133.5138 
  0.1641179 132.1886 
  -0.05531898 130.8766 
  0.01636139 130.2255 
  -0.1160135 129.5776 
  0.1857277 128.9329 
  0.001775013 128.2915 
  -0.01872134 127.6532 
  0.1481481 127.0181 
  0.01162705 126.3862 
  0.1302007 125.7574 
  0.2339652 125.1317 
  0.0564606 123.8897 
  -0.09092697 123.2734 
  -0.3796698 122.6601 
  -0.159039 122.0498 
  0.07378819 121.4426 
  0.1505845 120.8384 
  -0.1529677 120.2372 
  -0.2417335 119.639 
  -0.1000806 119.0438 
  -0.0268275 118.4515 
  -0.0008476393 117.8622 
  0.1848024 117.2759 
  -0.06005621 116.6924 
  0.02971521 116.1118 
  0.05686001 115.5342 
  0.1900846 114.9594 
  0.08662524 114.3874 
  -0.1576949 113.8184 
  0.1052022 113.2521 
  -0.140644 112.6886 
  -0.01710713 112.128 
  0.02047444 111.5702 
  -0.04079149 111.0151 
  -0.580955 110.4628 
  0.1616158 109.9132 
  0.1876487 109.3664 
  0.2404151 108.2809 
  -0.1438879 107.2061 
  -0.02864311 106.6728 
  -0.01707713 106.6728 
  0.2600981 107.7421 
  0.6255418 107.2061 
  0.8396056 107.7421 
  0.7966048 108.8223 
  0.9210637 111.0151 
  0.9503406 112.128 
  0.9826742 113.2521 
  0.9733632 114.3874 
  0.9851872 114.9594 
  0.9849812 114.9594 
  0.9746419 114.9594 
  0.8950702 114.3874 
  0.795231 114.3874 
  0.572922 114.9594 
  0.9808252 116.6924 
  0.9954212 117.2759 
  0.9986497 117.8622 
  0.9976962 117.8622 
  0.9849805 118.4515 
  0.8980778 119.639 
  0.6474602 122.0498 
  0.8235515 123.8897 
  0.8835893 125.7574 
  0.8475058 127.6532 
  0.8300298 130.2255 
  0.6612102 134.1814 
  0.7761762 137.5696 
  0.8629441 141.7487 
  0.8915625 143.8855 
  0.8832485 147.5188 
  0.9262809 148.9977 
  0.9672165 151.2439 
  0.9496269 152.7601 
  0.9737649 154.2915 
  0.9269047 155.063 
  0.8515166 155.063 
  0.03118385 152.0001 
  0.05415175 150.4914 
  0.2035804 148.9977 
  0.5468093 147.5188 
  0.3028997 146.0546 
  -0.1212937 144.605 
  -0.04395137 143.1697 
  0.1647081 141.7487 
  0.1470226 140.3417 
  -0.03944383 138.9488 
  -0.05886696 137.5696 
  -0.002025156 136.2042 
  0.04694473 134.8523 
  0.07754211 133.5138 
  0.00705869 132.1886 
  0.5793536 131.531 
  0.8258365 132.1886 
  0.9302513 133.5138 
  0.8921832 134.1814 
  0.7463434 134.8523 
  0.3460296 135.5266 
  0.3926669 136.2042 
  0.6127084 137.5696 
  0.4343758 138.9488 
  -0.1051006 139.6435 
  0.08288599 141.0434 
  0.2167934 142.4574 
  0.1385558 143.1697 
  0.1541952 144.605 
  0.149213 146.0546 
  0.1631935 147.5188 
  0.1613336 149.7427 
  0.6174436 151.2439 
  0.8680682 153.5239 
  0.9167128 151.2439 
  0.9188578 149.7427 
  0.8709527 146.0546 
  0.9404743 143.8855 
  0.9815648 142.4574 
  0.9565731 142.4574 
  0.9708858 141.0434 
  0.9437087 141.0434 
  0.9600745 140.3417 
  0.9506394 140.3417 
  0.9521286 140.3417 
  0.9364032 141.0434 
  0.9376875 141.0434 
  0.9613191 142.4574 
  0.9281286 141.7487 
  0.8970236 141.0434 
  0.8001533 136.8852 
  -0.1044977 138.2575 
  0.002573146 141.0434 
  0.5228539 143.8855 
  0.3231672 146.7849 
  -0.1752576 149.7427 
  0.02092537 152.7601 
  0.007939903 155.8383 
  -0.08990023 158.9785 
  -0.1950263 162.182 
  -0.03565091 165.4501 
  -0.2524101 168.784 
  -0.1507536 171.3284 
  0.1066925 173.9112 
  0.3532583 175.6547 
  0.2356595 175.6547 
  0.1325994 174.7808 
  0.7611442 172.185 
  0.7580789 167.1087 
  0.7777776 163.8079 
  0.8596607 160.5723 
  0.9405187 158.1876 
  0.9835299 157.4006 
  0.9896207 158.1876 
  0.9907061 158.9785 
  0.9880003 158.9785 
  0.9826953 159.7734 
  0.9861594 160.5723 
  0.9742711 161.3751 
  0.9855516 162.182 
  0.9362862 161.3751 
  0.8496383 160.5723 
  0.5455611 158.9785 
  0.2836721 158.1876 
  0.250188 157.4006 
  0.3932205 156.6175 
  0.5231731 155.8383 
  0.3273841 155.063 
  0.04891884 154.2915 
  -0.1274494 153.5239 
  -0.2430868 152.7601 
  -0.2327155 151.2439 
  -0.2280595 149.7427 
  0.5682862 148.2564 
  0.8505192 148.2564 
  0.8644369 146.0546 
  0.8337942 141.7487 
  0.9554797 138.2575 
  0.9468015 136.8852 
  0.9121832 134.1814 
  0.8677858 132.1886 
  0.7566425 131.531 
  0.7655607 131.531 
  0.9797634 131.531 
  0.9931166 131.531 
  0.9899788 131.531 
  0.6317084 131.531 
  0.5272261 131.531 
  0.8263851 131.531 
  0.9370973 131.531 
  0.9789776 131.531 
  0.9957159 132.1886 
  0.9972208 132.8496 
  0.9982587 132.1886 
  0.9958719 131.531 
  0.9956765 130.8766 
  0.994865 130.2255 
  0.9936168 130.2255 
  0.9885387 128.9329 
  0.9628006 127.6532 
  0.9525433 125.1317 
  0.9851986 123.2734 
  0.9885438 122.0498 
  0.9925443 120.8384 
  0.996449 120.2372 
  0.9963822 119.639 
  0.9942936 119.639 
  0.9885424 119.639 
  0.9731791 120.2372 
  0.9382589 120.8384 
  0.8734273 122.6601 
  0.9234867 125.1317 
  0.9488732 126.3862 
  0.9595034 127.6532 
  0.9692167 128.2915 
  0.9745786 127.6532 
  0.9750113 127.6532 
  0.9823601 127.6532 
  0.9869882 127.0181 
  0.9947413 127.6532 
  0.9936365 127.6532 
  0.9951311 128.2915 
  0.9981236 128.2915 
  0.998507 128.2915 
  0.9982048 128.2915 
  0.9995828 128.2915 
  0.996049 128.2915 
  0.9954556 128.2915 
  0.9853694 128.2915 
  0.9774528 127.6532 
  0.9716551 127.0181 
  0.955113 127.0181 
  0.9401247 127.0181 
  0.9439288 128.9329 
  0.970055 129.5776 
  0.9770768 130.8766 
  0.9845795 132.1886 
  0.9912775 132.8496 
  0.9945635 132.8496 
  0.9970422 132.8496 
  0.9949737 133.5138 
  0.9967371 134.1814 
  0.997526 134.8523 
  0.9966148 136.2042 
  0.9952053 136.8852 
  0.9957792 137.5696 
  0.9993131 138.2575 
  0.9992036 138.9488 
  0.9996572 138.9488 
  0.9999007 138.9488 
  0.9995859 138.9488 
  0.9986445 138.9488 
  0.9986484 138.9488 
  0.9964579 139.6435 
  0.9995323 139.6435 
  0.9989886 139.6435 
  0.9979279 138.9488 
  0.9941062 138.2575 
  0.9791657 137.5696 
  0.981571 136.2042 
  0.9581158 134.8523 
  0.8857247 134.1814 
  0.7358653 133.5138 
  0.1982128 132.8496 
  0.01610131 132.1886 
  -0.03832075 132.1886 
  -0.1208997 131.531 
  -0.03304048 130.8766 
  0.1374567 130.2255 
  0.09390315 129.5776 
  0.1561184 129.5776 
  0.1737979 129.5776 
  0.1627494 128.9329 
  0.2050501 128.2915 
  0.2029636 127.6532 
  0.06426501 127.6532 
  -0.08726048 127.6532 
  -0.05926354 127.6532 
  -0.2873173 127.6532 
  -0.1396703 127.6532 
  -0.2577781 127.6532 
  -0.04379743 127.6532 
  0.1532714 127.6532 
  0.1767647 127.6532 
  0.236721 127.6532 
  0.08110797 127.0181 
  -0.09596808 126.3862 
  0.1479544 125.7574 
  0.1501055 125.1317 
  0.1654419 123.2734 
  0.7447364 120.8384 
  0.4984116 120.2372 
  0.5375794 120.2372 
  0.5745515 117.2759 
  0.7717365 116.1118 
  0.9117178 116.1118 
  0.9239418 117.2759 
  0.9127147 116.1118 
  0.9020432 114.3874 
  0.9782211 113.2521 
  0.9860135 112.6886 
  0.9843654 112.6886 
  0.9754584 112.6886 
  0.986349 112.128 
  0.9864961 111.5702 
  0.9910887 111.0151 
  0.9819596 111.5702 
  0.9608103 112.6886 
  0.9682971 113.2521 
  0.981384 114.3874 
  0.9450025 115.5342 
  0.9677272 117.2759 
  0.9730737 117.8622 
  0.9546663 119.0438 
  0.9447551 120.2372 
  0.9542109 121.4426 
  0.9126821 122.6601 
  0.8769043 125.1317 
  0.8953787 127.0181 
  0.9414184 128.9329 
  0.9538637 130.8766 
  0.9844038 131.531 
  0.9865923 132.1886 
  0.9787698 133.5138 
  0.9778519 134.1814 
  0.9830994 135.5266 
  0.9846702 136.2042 
  0.9791937 136.8852 
  0.9701532 136.8852 
  0.9465638 136.8852 
  0.900523 134.1814 
  0.8728775 132.8496 
  0.5572723 131.531 
  0.2186406 130.8766 
  -0.009240114 130.8766 
  -0.03702193 130.8766 
  0.0982627 130.2255 
  -0.02454972 129.5776 
  -0.1166849 128.9329 
  -0.2037039 128.2915 
  -0.02535181 127.6532 
  0.04458484 127.0181 
  -0.009884451 127.0181 
  0.05720542 126.3862 
  0.06226278 126.3862 
  0.130879 126.3862 
  -0.1318614 126.3862 
  0.5061802 126.3862 
  0.5138286 134.1814 
  0.829662 135.5266 
  0.9817343 134.8523 
  0.9938073 134.1814 
  0.9891994 134.1814 
  0.9840298 134.1814 
  0.9823102 134.8523 
  0.9656537 134.8523 
  0.940221 134.1814 
  0.9226952 133.5138 
  0.8099336 132.8496 
  0.8893228 132.1886 
  0.978783 131.531 
  0.9782658 130.8766 
  0.9643521 130.2255 
  0.9387764 129.5776 
  0.695525 128.9329 
  0.7684335 128.9329 
  0.9063986 128.2915 
  0.9277452 128.2915 
  0.9312954 130.8766 
  0.9757862 132.1886 
  0.9827246 132.1886 
  0.9601768 130.8766 
  0.9576287 128.9329 
  0.9752495 127.0181 
  0.9784061 125.7574 
  0.9802857 124.5092 
  0.988489 123.2734 
  0.9808093 122.6601 
  0.9724495 122.0498 
  0.9812351 120.2372 
  0.9660947 119.0438 
  0.9577664 117.2759 
  0.9336659 116.1118 
  0.8711072 113.8184 
  0.8879364 110.4628 
  0.9347256 107.2061 
  0.9230427 105.0885 
  0.9462134 103.5278 
  0.932281 103.0128 
  0.7722971 101.9903 
  0.8645622 101.4829 
  0.9745632 101.4829 
  0.9838217 100.978 
  0.9744674 100.978 
  0.9256064 100.4756 
  0.7931592 99.47836 
  0.6651565 98.98344 
  0.912941 98.98344 
  0.9953777 98.98344 
  0.9793546 98.491 
  0.9829227 98.00098 
  0.9883603 98.00098 
  0.9745817 98.00098 
  0.9408049 98.00098 
  0.8995979 98.00098 
  0.8136482 98.00098 
  0.7925773 98.00098 
  0.7374464 98.00098 
  0.5534618 98.00098 
  0.02673347 98.00098 
  -0.1263757 98.00098 
  -0.08590647 98.00098 
  -0.2631006 98.00098 
  -0.02151032 98.00098 
  -0.147998 98.00098 
  -0.02256943 98.00098 
  0.04438857 98.00098 
  0.2167637 98.00098 
  0.08873301 98.00098 
  0.1078261 98.00098 
  0.04980484 98.00098 
  0.07596026 98.00098 
  -0.01488606 98.00098 
  -0.1667863 98.00098 
  -0.1243591 98.00098 
  0.003204576 98.00098 
  -0.03009019 98.00098 
  0.06683201 98.00098 
  0.1911159 98.00098 
  0.2455612 98.00098 
  0.1965622 98.00098 
  0.02777975 98.00098 
  0.01008199 98.00098 
  0.06873062 98.00098 
  0.274976 98.00098 
  0.2085901 98.00098 
  0.1643853 98.00098 
  -0.0007203221 98.00098 
  0.2210483 98.00098 
  0.2034068 98.00098 
  0.3130257 98.00098 
  0.05816182 98.00098 ]
