 [
  -0.3857539 118.4515 
  -0.1866127 118.4515 
  0.1202507 118.4515 
  0.01703371 118.4515 
  -0.1301199 118.4515 
  -0.01138034 118.4515 
  0.2345594 118.4515 
  0.2762439 118.4515 
  0.2560925 118.4515 
  0.2167919 118.4515 
  0.2615496 118.4515 
  -0.05013172 118.4515 
  -0.3120573 118.4515 
  0.3106065 118.4515 
  0.4076901 122.0498 
  0.7184514 118.4515 
  0.9210213 117.8622 
  0.991473 117.8622 
  0.99518 117.8622 
  0.9935797 117.8622 
  0.9892355 117.8622 
  0.9826717 118.4515 
  0.9909945 119.0438 
  0.9906433 119.0438 
  0.9779164 118.4515 
  0.9310861 117.8622 
  0.8808235 117.2759 
  0.6302105 117.2759 
  0.9878944 118.4515 
  0.9962661 119.639 
  0.993165 120.8384 
  0.9829916 122.6601 
  0.9783415 124.5092 
  0.9625322 126.3862 
  0.5237315 129.5776 
  0.8759601 132.1886 
  0.9413689 133.5138 
  0.9731867 134.8523 
  0.9703076 136.8852 
  0.9828416 138.9488 
  0.9915189 140.3417 
  0.988665 141.7487 
  0.9877371 142.4574 
  0.9850762 144.605 
  0.9825749 146.0546 
  0.9846668 148.2564 
  0.9942008 149.7427 
  0.9968311 151.2439 
  1.000595 152.0001 
  0.9962296 151.2439 
  0.9842187 150.4914 
  0.9079301 147.5188 
  0.8668392 144.605 
  0.8400699 139.6435 
  0.7447631 137.5696 
  0.1679873 138.2575 
  -0.1417627 138.2575 
  -0.2175034 138.2575 
  -0.1153845 138.2575 
  -0.0100773 138.9488 
  -0.1331328 139.6435 
  0.1647785 140.3417 
  0.06086585 141.0434 
  -0.1106937 141.7487 
  -0.2357064 142.4574 
  -0.2530456 143.1697 
  -0.1558522 143.8855 
  0.05958773 144.605 
  -0.01884072 145.328 
  -0.2234454 146.0546 
  0.1095969 146.7849 
  -0.1233533 147.5188 
  0.1507154 147.5188 
  0.2423211 147.5188 
  0.26068 148.2564 
  0.1015586 148.9977 
  0.09778795 149.7427 
  0.7007683 151.2439 
  0.710853 148.9977 
  0.82605 147.5188 
  0.9826874 144.605 
  0.9832031 143.1697 
  0.9866976 141.7487 
  0.9903247 141.0434 
  0.9830337 140.3417 
  0.9755651 140.3417 
  0.9724216 139.6435 
  0.9576877 138.9488 
  0.9254329 138.2575 
  0.9428699 136.2042 
  0.9521069 135.5266 
  0.9613281 134.1814 
  0.9586516 132.8496 
  0.9407447 131.531 
  0.8767101 130.8766 
  0.7704066 130.2255 
  0.5134888 128.9329 
  0.9807879 127.6532 
  0.9673424 127.0181 
  0.947574 126.3862 
  0.8968322 125.7574 
  0.8147897 125.1317 
  0.459092 124.5092 
  0.4457101 123.8897 
  0.8031868 123.2734 
  0.8683915 120.2372 
  0.8809671 117.8622 
  0.8307729 116.1118 
  0.7637119 114.9594 
  0.6824262 113.2521 
  -0.1416302 118.4515 
  0.2070663 120.2372 
  -0.04621747 121.4426 
  -0.04232789 122.6601 
  -0.1393049 123.8897 
  -0.09801478 125.1317 
  0.08341969 126.3862 
  -0.05572681 128.2915 
  -0.1994112 130.2255 
  -0.03082743 132.1886 
  0.03922534 134.1814 
  0.06484453 136.2042 
  -0.263177 138.2575 
  -0.2478072 140.3417 
  -0.0141983 142.4574 
  -0.04927737 144.605 
  -0.06122686 146.7849 
  -0.07873373 148.9977 
  0.1498682 151.2439 
  -0.04704289 153.5239 
  -0.09452002 155.8383 
  0.7447839 157.4006 
  0.8494922 153.5239 
  0.9079628 150.4914 
  0.9034412 145.328 
  0.7544842 141.7487 
  0.6009842 136.2042 
  0.43921 173.046 
  0.4494188 251.5452 
  0.4881368 265.7313 
  0.6558331 272.4414 
  0.642375 277.9312 
  0.7093096 286.3741 
  0.6370631 286.3741 
  0.4903413 290.6912 
  0.4447839 290.6912 
  0.4107791 287.806 
  0.4053193 282.1211 
  0.2755682 275.1726 
  0.05582178 265.7313 
  -0.004670046 256.614 
  0.005415522 247.8095 
  -0.09119035 239.307 
  -0.1599118 231.0963 
  0.1450387 224.2832 
  0.0663269 217.6709 
  -0.1883548 211.2535 
  -0.06473767 205.0254 
  -0.04888274 198.9809 
  0.02689238 193.1145 
  -0.1674518 187.4211 
  0.0387897 181.8956 
  0.1715164 176.533 
  0.2232351 170.476 
  0.0950005 164.6269 
  -0.06550241 158.9785 
  0.07725512 153.5239 
  0.04921742 148.9977 
  0.02713765 144.605 
  0.2136741 140.3417 
  -0.1590609 136.2042 
  0.2896812 132.1886 
  0.2898898 128.2915 
  0.06112891 124.5092 
  0.01289259 120.8384 
  0.3658441 117.2759 
  0.008722575 113.8184 
  -0.2174833 109.9132 
  -0.08599382 106.142 
  -0.4044102 102.5003 
  0.6401438 99.97575 
  0.8408569 100.4756 
  0.9346317 100.978 
  0.9048399 99.97575 
  0.9428143 99.47836 
  0.9213873 98.491 
  0.685549 97.02828 
  0.6102663 95.5873 
  0.02577818 95.11173 
  0.1422697 97.51342 
  0.00598315 99.47836 
  0.0766306 101.4829 
  -0.1396533 103.5278 
  -0.08992626 105.614 
  -0.03969732 107.2061 
  -0.04430163 108.8223 
  -0.1024721 110.4628 
  -0.04700567 112.128 
  -0.0647034 113.8184 
  -0.04569214 115.5342 
  -0.07183489 117.2759 
  -0.04074789 119.0438 
  -0.04250271 120.8384 
  0.1024576 122.6601 
  0.05350763 123.8897 
  0.05046806 125.1317 
  0.001475441 126.3862 
  0.1676753 127.6532 
  0.06829972 128.9329 
  0.007764006 130.2255 
  -0.1595906 131.531 
  0.7913703 134.1814 
  0.7635105 132.8496 
  0.835422 131.531 
  0.8838317 130.2255 
  0.8096092 128.2915 
  0.8476552 127.0181 
  0.9691832 125.7574 
  0.9871534 125.7574 
  0.9890785 125.7574 
  0.9767129 125.7574 
  0.940236 126.3862 
  0.8149572 127.0181 
  0.7324874 126.3862 
  0.7477691 124.5092 
  -0.1062037 124.5092 
  -0.07367799 125.7574 
  -0.3539675 127.0181 
  -0.06676451 128.2915 
  0.2618516 129.5776 
  0.07984005 130.8766 
  0.06292056 132.1886 
  0.107634 134.1814 
  0.4858546 136.8852 
  0.6742578 136.8852 
  0.6621225 134.1814 
  0.7950881 128.2915 
  0.8949459 124.5092 
  0.9223219 122.0498 
  0.9326997 119.0438 
  0.9498366 117.2759 
  0.9564821 116.1118 
  0.9967986 116.1118 
  0.9954119 116.1118 
  0.9864082 115.5342 
  0.9556588 114.9594 
  0.7638401 114.3874 
  0.4469472 113.8184 
  -0.04138654 113.8184 
  -0.1299349 113.8184 
  -0.08870926 113.8184 
  -0.05960956 113.8184 
  -0.1081148 113.2521 
  -0.1395037 112.6886 
  -0.02019594 112.128 
  0.0381835 111.0151 
  0.316803 108.8223 
  0.6616628 109.9132 
  0.8347403 112.6886 
  0.9386779 116.1118 
  0.9634293 118.4515 
  0.9767472 120.2372 
  0.9851672 121.4426 
  0.996948 122.6601 
  0.9960161 122.6601 
  0.9807644 122.0498 
  0.9597546 120.2372 
  0.9249392 118.4515 
  0.9116783 115.5342 
  0.9164191 111.5702 
  0.9172578 108.2809 
  0.9092986 105.614 
  0.9263083 103.5278 
  0.954153 101.9903 
  0.9623031 101.4829 
  0.9403007 100.978 
  0.9091184 100.4756 
  0.9075022 99.47836 
  0.9117529 98.00098 
  0.912342 97.02828 
  0.9533105 95.5873 
  0.9387702 94.1677 
  0.9475668 92.7692 
  0.9313722 91.84841 
  0.916189 90.48434 
  0.8514187 89.14054 
  0.827426 87.8167 
  0.8523371 86.94508 
  0.9216833 86.51251 
  0.9618065 85.65383 
  0.9326374 85.2277 
  0.6235181 84.80367 
  0.7697189 83.96195 
  0.8233019 82.71502 
  0.9012327 81.4866 
  0.9342328 81.08118 
  0.9225512 80.27641 
  0.8749787 79.47963 
  0.9416487 78.69076 
  0.9186951 77.90971 
  0.9483125 77.5221 
  0.8529973 76.3708 
  0.5385568 74.48985 
  0.6193799 72.6552 
  0.499104 72.29374 
  -0.2240957 71.93407 
  -0.09478387 71.93407 
  0.004707609 72.29374 
  0.1409063 72.6552 
  0.03172465 73.01849 
  0.06470369 73.38358 
  0.1104401 73.7505 
  0.1343314 74.11925 
  0.1714156 74.48985 
  0.02663023 74.86229 
  0.000868883 74.86229 
  -0.01577492 75.2366 
  -0.1406395 75.61279 
  -0.1377768 75.99085 
  -0.1012183 76.3708 
  -0.01166776 76.3708 
  -0.1750685 76.75266 
  -0.08819366 77.13642 
  0.09842978 77.5221 
  0.07533843 77.5221 
  -0.0779032 77.5221 
  0.06817743 77.5221 
  0.01847269 77.5221 
  -0.1823111 77.5221 
  -0.1516104 77.90971 
  -0.142017 78.29926 
  -0.01307793 78.69076 
  0.08441311 79.08421 
  -0.134333 79.47963 
  0.08985902 79.87703 
  0.03916908 80.27641 
  -0.0897342 80.6778 
  -0.08451222 81.08118 
  0.1191823 81.4866 
  0.007999167 81.89403 
  -0.09873946 82.3035 
  -0.08345933 82.71502 
  -0.2613443 83.12859 
  -0.2554689 83.54424 
  -0.3193111 83.96195 
  -0.101036 84.38177 
  -0.2920706 84.80367 
  0.01919187 85.2277 
  -0.1591399 85.65383 
  -0.2586282 86.0821 
  0.1016639 86.51251 
  -0.2439737 86.94508 
  -0.2843018 87.3798 
  -0.1818423 87.8167 
  -0.2686185 88.25578 
  -0.2138502 88.69706 
  -0.2784719 89.14054 
  -0.1776182 89.58624 
  0.001550639 90.03418 
  -0.2742804 90.48434 
  -0.1534251 90.93677 
  0.1657024 91.39146 
  0.7108406 91.84841 
  0.3066684 96.06523 
  0.489632 100.4756 
  0.5470536 103.5278 
  0.7789015 105.614 
  0.868457 107.7421 
  0.8482264 108.8223 
  0.882925 110.4628 
  0.9208731 111.5702 
  0.9346622 112.6886 
  0.9381799 113.8184 
  0.8958576 114.9594 
  0.895514 116.1118 
  0.9373513 117.2759 
  0.9354863 116.6924 
  0.886469 116.1118 
  0.8120663 116.6924 
  0.4390098 116.1118 
  0.9462463 117.2759 
  0.97314 118.4515 
  0.9014257 120.2372 
  0.7861386 122.0498 
  0.6484748 123.8897 
  0.5134032 125.7574 
  0.6328173 128.2915 
  0.9059953 128.9329 
  0.8936365 127.6532 
  0.8612466 127.0181 
  0.7433894 123.8897 
  0.8839328 121.4426 
  0.9856647 120.8384 
  0.9788144 120.8384 
  0.98762 120.2372 
  0.9723371 120.2372 
  0.9600931 120.2372 
  0.962069 119.639 
  0.9837905 119.639 
  0.9909142 119.639 
  0.9784395 120.2372 
  0.9427646 121.4426 
  0.900787 122.6601 
  0.903032 123.8897 
  0.9088247 123.8897 
  0.9452937 123.8897 
  0.9730481 123.2734 
  0.9866674 122.6601 
  0.9928152 122.6601 
  0.9923536 122.6601 
  0.9940746 122.0498 
  0.9942551 122.0498 
  0.9910333 121.4426 
  0.9844396 120.8384 
  0.9768686 119.639 
  0.9676379 119.0438 
  0.9293966 118.4515 
  0.989308 118.4515 
  0.9766506 117.8622 
  0.9776292 117.2759 
  0.9147546 116.1118 
  0.8091125 113.8184 
  0.767538 110.4628 
  0.8085075 107.7421 
  0.9288125 106.142 
  0.9783737 105.0885 
  0.9911446 104.5657 
  0.9887971 104.0455 
  0.9795115 103.5278 
  0.8816713 103.5278 
  0.7800082 103.0128 
  0.8646321 103.5278 
  0.9899491 104.0455 
  0.9781394 104.0455 
  0.8920469 104.0455 
  0.5571172 104.5657 
  -0.08109549 105.614 
  -0.2996547 107.2061 
  -0.01046605 108.2809 
  0.217164 109.9132 
  0.1536703 111.0151 
  0.06534101 112.128 
  -0.09882897 113.8184 
  -0.1033889 115.5342 
  0.07142296 117.2759 
  0.07693381 119.0438 
  0.126977 120.8384 
  -0.06498492 123.2734 
  0.04076503 125.7574 
  0.7169102 127.0181 
  0.5075971 120.2372 
  0.7040091 117.8622 
  0.8901 116.6924 
  0.8963646 114.9594 
  0.9352478 113.2521 
  0.9432836 111.5702 
  0.919481 110.4628 
  0.8358399 108.8223 
  0.7162539 106.6728 
  0.6925033 102.5003 
  0.6107345 97.02828 
  0.7156022 91.84841 
  0.709532 88.25578 
  0.8291347 86.51251 
  0.8799273 86.0821 
  0.7244594 86.0821 
  0.7073168 84.80367 
  0.7543747 82.71502 
  0.8968124 81.08118 
  0.9098114 79.87703 
  0.8119402 79.08421 
  0.7356949 77.90971 
  0.711524 75.99085 
  0.4032376 74.11925 
  0.6156614 71.22009 
  0.5074526 69.46598 
  0.336369 68.43433 
  -0.2900605 69.12038 
  -0.3371313 69.46598 
  -0.1709462 69.46598 
  0.1927397 69.46598 
  0.2819688 69.46598 
  0.2544867 69.46598 
  0.00514475 69.46598 
  -0.1647662 69.46598 
  0.1065951 69.46598 
  -0.1282792 69.46598 
  -0.02199786 69.46598 
  -0.3260584 69.46598 
  0.2974233 69.46598 
  -0.07573659 69.46598 
  -0.0009598939 69.46598 
  0.0415796 69.46598 
  0.1163649 69.46598 
  -0.2431933 69.46598 
  -0.07309829 69.46598 
  0.1908942 69.46598 
  -0.002076388 69.46598 
  0.07374793 69.46598 
  0.02228084 69.46598 
  0.12615 69.46598 
  0.0436509 69.46598 
  -0.05182885 69.46598 
  0.0997339 69.46598 
  0.105669 69.46598 ]
