 [
  -0.07797919 108.8223 
  0.3245989 108.8223 
  0.1592167 108.8223 
  0.126238 108.8223 
  -0.1807902 108.8223 
  -0.4556157 108.8223 
  0.1170763 108.8223 
  0.5284315 108.8223 
  0.2964794 108.8223 
  0.1294507 108.8223 
  0.1239026 108.8223 
  0.2867465 108.8223 
  -0.08798618 108.8223 
  -0.2740809 108.8223 
  0.1132884 108.8223 
  0.2457608 108.8223 
  0.2312243 108.8223 
  0.2084067 108.8223 
  0.4793366 110.4628 
  0.4772513 103.0128 
  0.8756019 103.5278 
  0.9720467 104.0455 
  0.9515691 103.5278 
  0.9256866 103.0128 
  0.8975828 103.0128 
  0.8575041 104.0455 
  0.8923195 105.0885 
  0.9350163 106.142 
  0.92668 107.7421 
  0.9411357 109.3664 
  0.9218856 111.0151 
  0.8837885 113.2521 
  0.9067297 115.5342 
  0.9475877 116.6924 
  0.9206619 117.8622 
  0.8096826 119.639 
  0.8586766 122.0498 
  0.9283904 123.8897 
  0.9231523 126.3862 
  0.963907 128.2915 
  0.9951076 128.9329 
  0.9927744 128.9329 
  0.9661049 128.2915 
  0.915391 127.0181 
  0.8752718 125.7574 
  0.9500016 122.0498 
  0.9799616 121.4426 
  0.9885653 120.8384 
  0.9806708 120.8384 
  0.9848845 122.0498 
  0.9544121 123.8897 
  0.9575403 125.7574 
  0.9773453 127.0181 
  0.9827826 127.0181 
  0.9429584 125.7574 
  0.8320957 123.8897 
  0.7280632 121.4426 
  0.7395969 115.5342 
  0.8854693 111.0151 
  0.88573 107.7421 
  0.8426383 105.614 
  0.7560267 106.142 
  0.8437035 109.3664 
  0.8031096 109.3664 
  0.7405333 107.2061 
  0.8291615 105.0885 
  0.9469956 103.5278 
  0.9596536 102.5003 
  0.960111 101.4829 
  0.9496518 100.4756 
  0.875799 99.97575 
  0.8113626 98.491 
  0.8402701 98.00098 
  0.9365161 98.491 
  0.9541886 99.97575 
  0.9558816 100.978 
  0.8795799 103.0128 
  0.7348383 106.142 
  0.6630615 110.4628 
  0.7133702 114.9594 
  0.8051555 117.8622 
  0.8894964 120.8384 
  0.8724064 123.8897 
  0.8834773 127.0181 
  0.9009627 129.5776 
  0.928153 132.1886 
  0.8664643 133.5138 
  0.7014952 132.8496 
  0.8142211 135.5266 
  0.9160212 138.9488 
  0.9537492 140.3417 
  0.9498402 139.6435 
  0.905005 137.5696 
  0.8586233 134.1814 
  0.8212582 130.2255 
  0.8139774 125.7574 
  0.8246689 121.4426 
  0.8823701 117.2759 
  0.9367729 114.3874 
  0.9678122 112.6886 
  0.9674546 111.0151 
  0.9751012 109.9132 
  0.9875554 109.3664 
  0.9859504 109.3664 
  0.9907992 108.8223 
  0.9785658 108.2809 
  0.9601305 107.2061 
  0.9529779 105.614 
  0.9497591 103.5278 
  0.961808 101.9903 
  0.9785169 100.4756 
  0.9870574 99.47836 
  0.9629182 98.98344 
  0.7911248 97.51342 
  0.7455832 96.06523 
  0.8280034 95.5873 
  0.9540668 97.02828 
  0.9677455 98.491 
  0.9899009 99.47836 
  0.9941628 100.4756 
  0.9883886 101.4829 
  0.7505456 103.5278 
  0.8336298 104.5657 
  0.8844539 104.0455 
  0.957925 104.0455 
  0.9916468 104.5657 
  0.9883417 104.5657 
  0.9830811 104.0455 
  0.9852343 103.5278 
  0.9896573 103.0128 
  0.9923009 103.0128 
  0.9822822 102.5003 
  0.9434255 101.4829 
  0.9337365 99.97575 
  0.9715554 98.491 
  0.9908765 98.00098 
  0.9364631 97.02828 
  0.9344961 96.06523 
  0.9836282 95.11173 
  0.9798207 95.11173 
  0.9937544 94.63854 
  0.9941834 94.63854 
  0.9927028 94.1677 
  0.8894318 93.23304 
  0.9287079 91.84841 
  0.8966505 91.39146 
  0.835079 90.93677 
  0.31298 91.39146 
  -0.03569721 92.7692 
  0.07949446 95.11173 
  0.6507486 97.51342 
  0.4065289 90.48434 
  0.7432958 88.69706 
  0.7958316 87.3798 
  0.8990239 86.94508 
  0.9009794 87.3798 
  0.8836796 87.8167 
  0.8106653 88.69706 
  0.5796402 90.93677 
  0.8988224 92.7692 
  0.8927515 93.6992 
  0.8083981 95.5873 
  0.9451452 96.54556 
  0.8337604 97.51342 
  0.873715 98.98344 
  0.9152963 99.97575 
  0.8817649 101.4829 
  0.8515446 103.0128 
  0.8409598 104.0455 
  0.8356704 105.0885 
  0.7640051 105.0885 
  0.6894262 105.614 
  0.4864795 107.7421 
  0.6295283 106.142 
  0.7000958 104.0455 
  0.5780008 101.9903 
  0.193629 99.97575 
  -0.2412546 98.491 
  -0.4608178 97.02828 
  -0.2853512 95.5873 
  -0.1347595 94.1677 
  -0.04703351 92.7692 
  0.009941163 91.39146 
  0.04732877 90.48434 
  0.7280104 89.58624 
  0.7346349 91.39146 
  0.8555146 91.84841 
  0.8957745 91.84841 
  0.8420805 90.93677 
  0.9308569 90.03418 
  0.9813352 89.14054 
  0.9531423 88.69706 
  0.9373088 88.25578 
  0.9555987 87.3798 
  0.9209561 86.94508 
  0.6549125 86.94508 
  -0.1433598 88.69706 
  -0.2213789 90.03418 
  -0.4695885 90.03418 
  -0.3222586 90.03418 
  -0.01093006 90.03418 
  0.01433907 90.03418 
  0.07039984 90.03418 
  0.05602296 90.03418 
  0.07312589 90.03418 
  0.3178439 89.58624 
  0.7330838 90.03418 
  0.8141863 89.14054 
  0.9018465 89.14054 
  0.9498765 88.25578 
  0.7934477 87.3798 
  0.6620834 86.0821 
  -0.1486889 85.65383 
  -0.1839799 85.65383 
  -0.2285867 85.65383 
  -0.2648053 85.65383 
  0.06274766 85.65383 
  0.272899 85.65383 
  0.3102782 85.65383 
  0.5719196 85.65383 
  0.6296867 85.65383 
  0.5661408 85.65383 
  0.2541832 85.65383 
  0.5679144 85.65383 
  0.8160404 85.65383 
  0.8381005 85.2277 
  0.8586414 84.80367 
  0.9197811 84.38177 
  0.9705148 83.54424 
  0.9473453 83.54424 
  0.9476613 83.12859 
  0.930106 83.12859 
  0.913659 83.12859 
  0.8374599 82.71502 
  0.787647 82.3035 
  0.7915066 82.3035 
  0.82833 82.71502 
  0.78115 82.3035 
  0.5865417 81.89403 
  0.2615233 81.89403 
  0.05010909 83.54424 
  0.02639303 85.2277 
  -0.09634275 86.94508 
  -0.1439099 88.69706 
  0.00429552 90.48434 
  -0.01254322 91.84841 
  0.02754483 93.6992 
  0.006389551 95.5873 
  0.08426939 97.51342 
  0.04099593 99.47836 
  0.0315482 101.4829 
  -0.0745791 103.5278 
  -0.2579223 105.614 
  0.2383699 107.7421 
  0.2334608 109.9132 
  -0.1338795 112.128 
  -0.1513589 114.3874 
  0.1186349 116.6924 
  0.7142129 115.5342 
  0.7460327 112.6886 
  0.8259648 112.128 
  0.8937004 111.5702 
  0.9615695 110.4628 
  0.9844018 110.4628 
  0.9700381 109.9132 
  0.9237108 109.3664 
  0.8581179 108.8223 
  0.8377329 107.2061 
  0.9193227 104.0455 
  0.9552989 103.0128 
  0.9711211 103.0128 
  0.9214581 104.0455 
  0.8551169 106.142 
  0.8967 108.2809 
  0.9805668 109.9132 
  0.9747335 110.4628 
  0.9600042 109.9132 
  0.9707063 109.3664 
  0.9868428 108.2809 
  0.9763557 107.7421 
  0.973502 106.6728 
  0.9176134 106.142 
  0.7649524 105.0885 
  0.6553895 100.978 
  0.4808038 98.491 
  0.494698 97.51342 
  0.1587387 97.02828 
  -0.3668848 96.54556 
  -0.5303184 96.06523 
  -0.2897989 95.5873 
  -0.01921351 95.11173 
  0.4200891 94.63854 
  0.5038208 94.1677 
  0.3920849 93.6992 
  0.121317 93.23304 
  0.1410565 92.7692 
  0.1416616 92.30766 
  0.5142924 91.39146 
  0.4031822 97.51342 
  0.65781 96.06523 
  0.75009 95.11173 
  0.8952455 95.11173 
  0.8756155 96.06523 
  0.9352875 96.06523 
  0.9095347 96.06523 
  0.9350354 95.5873 
  0.9199823 95.5873 
  0.8530545 96.06523 
  0.8424998 97.02828 
  0.7994274 97.02828 
  0.8044162 96.06523 
  0.7087628 94.63854 
  0.3281898 93.6992 
  -0.2073828 93.23304 
  0.1305475 93.6992 
  0.01955548 94.1677 
  0.1431016 94.63854 
  0.2835297 95.11173 
  -0.05556506 95.5873 
  0.7006327 96.06523 
  0.8624465 95.5873 
  0.8218234 97.02828 
  0.9005795 97.02828 
  0.7045655 95.5873 
  0.8627355 92.7692 
  0.9598191 91.84841 
  0.9477088 91.39146 
  0.929078 90.48434 
  0.9456097 89.58624 
  0.971174 89.14054 
  0.9628932 88.69706 
  0.9269345 88.25578 
  0.8816214 87.8167 
  0.8756485 87.3798 
  0.9739227 86.94508 
  0.9833881 86.51251 
  0.9698439 86.51251 
  0.9508054 86.51251 
  0.9046417 86.51251 
  0.8082194 86.94508 
  0.8303107 87.8167 
  0.843423 88.69706 
  0.8410728 89.58624 
  0.8751858 90.48434 
  0.9351863 90.48434 
  0.9297036 90.93677 
  0.8983231 90.93677 
  0.9218127 91.84841 
  0.8942208 92.7692 
  0.8462526 93.6992 
  0.7134455 93.6992 
  0.4883672 93.23304 
  -0.04590567 92.30766 
  -0.1707575 92.30766 
  0.0245006 92.30766 
  -0.4856574 92.30766 
  0.1335937 92.30766 
  0.1310547 92.30766 
  0.1088707 92.30766 
  -0.180906 92.30766 
  -0.0950961 92.30766 
  0.02952057 92.30766 
  -0.08538869 92.30766 
  -0.1313412 92.30766 
  0.04618455 92.30766 
  0.1671728 92.30766 
  0.1155237 92.30766 
  0.06694645 92.30766 
  0.01841435 92.30766 
  -0.05746179 92.7692 
  -0.170488 93.23304 
  0.1040686 93.6992 
  0.1186967 94.1677 
  0.1505047 94.1677 
  0.4546974 91.39146 
  0.6706647 90.03418 
  0.7847922 89.14054 
  0.7183204 87.3798 
  0.9724855 85.2277 
  0.9840295 84.80367 
  0.9788913 84.80367 
  0.9490759 85.2277 
  0.9599473 85.65383 
  0.9851969 85.65383 
  0.9827387 85.65383 
  0.9331751 85.2277 
  0.7303995 85.2277 
  0.2259333 85.65383 
  0.6635298 86.51251 
  0.8916717 86.94508 
  0.9360672 87.3798 
  0.8393826 87.8167 
  0.6994873 88.25578 
  0.8133214 88.25578 
  0.8709085 88.25578 
  0.5069115 88.25578 
  0.2035189 88.25578 
  -0.333237 88.25578 
  0.1534442 88.25578 
  0.133833 88.25578 
  -0.02237396 88.25578 
  -0.1028728 88.25578 
  0.006976133 88.25578 
  0.0947132 88.25578 
  0.192995 88.69706 
  0.1731665 89.14054 
  0.1460883 89.58624 
  -0.1141092 90.03418 
  -0.05215583 90.48434 
  0.07638517 90.93677 
  0.002366525 91.39146 
  0.3212974 91.84841 
  0.6085401 87.3798 
  0.7979031 86.94508 
  0.6233208 86.51251 
  0.4383152 84.38177 
  0.8609958 81.89403 
  0.8703064 80.27641 
  0.7645715 79.47963 
  0.6387348 78.69076 
  0.6594357 78.29926 
  0.3017156 78.69076 
  0.3806186 78.69076 
  0.03525834 78.69076 
  -0.5087699 78.69076 
  -0.08256807 78.69076 
  0.0117421 78.69076 
  0.05410361 79.08421 
  0.3076249 79.08421 
  0.7217776 79.47963 
  0.2106916 74.11925 
  0.7121274 72.6552 
  0.8181154 71.93407 
  0.7125345 70.51319 
  0.9592638 69.46598 
  0.8765332 69.46598 
  0.8630162 69.81332 
  0.785388 70.86576 
  0.4085894 71.93407 
  0.08367554 72.6552 
  0.04150035 73.38358 
  0.6284262 73.38358 
  -0.005045486 73.38358 
  0.225559 73.38358 
  0.1959534 73.38358 
  -0.05089449 73.38358 
  -0.1725361 73.38358 
  -0.0106841 73.38358 
  0.123153 73.38358 
  0.06440265 73.38358 
  -0.03678505 73.38358 
  -0.005917368 73.38358 
  -0.1825788 73.01849 
  -0.1005952 72.6552 
  -0.09365428 72.29374 
  0.02629284 72.29374 
  -0.05636404 72.29374 
  0.002896911 72.29374 
  0.167096 72.29374 
  0.1015211 72.29374 
  0.1460303 72.29374 
  0.2083439 72.29374 
  0.2809636 72.29374 
  0.1208631 72.29374 
  -0.1088034 72.29374 
  -0.1649106 72.29374 
  -0.124329 72.29374 
  -0.1488844 72.29374 
  0.06137661 72.29374 
  0.1377768 72.29374 
  -0.1191308 72.29374 
  -0.1922391 72.29374 
  0.04891616 72.29374 
  0.05156426 72.29374 ]
