 [
  -0.08657078 168.784 
  -0.02716469 168.784 
  0.02253229 168.784 
  -0.2607535 168.784 
  -0.3061295 168.784 
  -0.2579249 168.784 
  -0.1047678 168.784 
  -0.2374393 168.784 
  0.04511487 168.784 
  0.07871695 168.784 
  -0.0450273 168.784 
  -0.0555284 168.784 
  -0.001698378 168.784 
  0.08246976 168.784 
  0.07405423 167.9442 
  0.02189443 167.1087 
  0.1700139 166.2773 
  0.1153891 166.2773 
  0.1327821 167.1087 
  0.0453308 167.1087 
  0.1005645 165.4501 
  0.6011233 160.5723 
  0.8457728 158.9785 
  0.9419354 158.1876 
  0.9248834 157.4006 
  0.9267937 157.4006 
  0.8702636 158.9785 
  0.8777628 162.9929 
  0.9151092 166.2773 
  0.7693624 169.6279 
  0.6474703 172.185 
  0.7187845 177.4156 
  0.8665473 179.1942 
  0.9721583 178.3027 
  0.9789265 178.3027 
  0.9719856 178.3027 
  0.9789325 179.1942 
  0.9961575 180.0902 
  0.9895904 180.0902 
  0.9828722 179.1942 
  0.9819807 177.4156 
  0.9712764 176.533 
  0.9204292 174.7808 
  0.8475125 173.046 
  0.4473632 167.1087 
  0.9243442 162.182 
  0.5855732 156.6175 
  0.3270711 151.2439 
  0.5433258 145.328 
  0.6254553 141.0434 
  0.5687428 139.6435 
  0.1660306 140.3417 
  -0.06146244 139.6435 
  0.1434182 137.5696 
  0.09454847 137.5696 
  -0.01868401 138.9488 
  0.1058051 139.6435 
  0.4900805 139.6435 
  0.5449936 139.6435 
  0.2762193 141.0434 
  0.6673638 145.328 
  0.7570779 146.0546 
  0.8505121 148.2564 
  0.901434 148.9977 
  0.9198329 150.4914 
  0.9409746 151.2439 
  0.9037904 154.2915 
  0.8973774 156.6175 
  0.9603899 159.7734 
  0.958482 161.3751 
  0.9648843 162.182 
  0.9646453 162.9929 
  0.964502 163.8079 
  0.9664358 163.8079 
  0.9507241 162.9929 
  0.887036 161.3751 
  0.814505 159.7734 
  0.2937965 155.063 
  0.8442224 150.4914 
  0.7587153 146.0546 
  0.4195195 141.7487 
  0.2826134 137.5696 
  0.5726135 133.5138 
  0.8121089 130.2255 
  0.8950831 127.6532 
  0.9311941 126.3862 
  0.926602 125.7574 
  0.8225474 128.2915 
  0.7793378 127.6532 
  0.6733365 127.6532 
  0.4801333 130.2255 
  0.6980914 135.5266 
  0.836857 138.2575 
  0.9423956 138.9488 
  0.9474085 139.6435 
  0.926962 141.7487 
  0.9677467 143.1697 
  0.9686166 143.1697 
  0.9394531 143.1697 
  0.8671916 141.7487 
  0.9184384 140.3417 
  0.8898791 139.6435 
  0.8310947 138.2575 
  0.2781823 138.2575 
  -0.4415709 141.7487 
  -0.2561332 146.0546 
  0.3608633 150.4914 
  0.3381353 155.063 
  0.103641 159.7734 
  0.01064332 164.6269 
  -0.06752552 169.6279 
  0.6202468 174.7808 
  0.7503179 169.6279 
  0.8508989 164.6269 
  0.9778517 161.3751 
  0.9897222 159.7734 
  0.994335 157.4006 
  0.9931005 155.063 
  0.9831043 152.7601 
  0.9543573 148.9977 
  0.9020036 144.605 
  0.8086151 139.6435 
  0.5989935 136.8852 
  0.149688 136.8852 
  -0.009419939 137.5696 
  0.1546314 138.2575 
  -0.03096936 139.6435 
  0.005322774 141.0434 
  0.6150704 143.1697 
  0.7253311 143.1697 
  0.7825169 136.8852 
  0.6387089 132.1886 
  0.6285568 128.2915 
  0.8729971 123.2734 
  0.4491533 121.4426 
  0.3068036 120.8384 
  0.2636777 121.4426 
  -0.07584644 122.6601 
  0.4882006 123.2734 
  0.5849995 116.6924 
  0.6579134 116.1118 
  0.6488888 114.3874 
  0.8887078 112.128 
  0.8833426 113.2521 
  0.8517863 112.6886 
  0.8715215 113.8184 
  0.7814897 113.8184 
  0.7692101 114.3874 
  0.6608512 114.9594 
  0.677718 114.3874 
  0.7660097 114.9594 
  0.8707408 116.1118 
  0.7290006 119.639 
  0.9294357 123.8897 
  0.9588196 126.3862 
  0.9550373 127.0181 
  0.637651 130.8766 
  0.7219836 136.8852 
  0.9265735 140.3417 
  0.9040093 143.8855 
  0.9047765 146.7849 
  0.9403851 149.7427 
  0.9392968 152.7601 
  0.9251577 154.2915 
  0.923433 154.2915 
  0.9182904 153.5239 
  0.94244 152.0001 
  0.9470614 149.7427 
  0.9570216 148.2564 
  0.9054705 147.5188 
  0.8926174 146.7849 
  0.764067 147.5188 
  0.9796313 148.2564 
  0.9693673 147.5188 
  0.9777448 146.7849 
  0.9848292 145.328 
  0.9898281 143.8855 
  0.9546234 141.7487 
  0.7282499 138.9488 
  0.7317454 137.5696 
  0.8095601 137.5696 
  0.9494061 137.5696 
  0.9622215 138.2575 
  0.9723417 138.9488 
  0.9863582 139.6435 
  0.9858025 139.6435 
  0.9632089 138.9488 
  0.9715687 137.5696 
  0.9850267 137.5696 
  0.9777539 138.2575 
  0.9544895 137.5696 
  0.9552615 137.5696 
  0.9555649 137.5696 
  0.9776031 136.8852 
  0.8913523 134.8523 
  0.8549521 131.531 
  0.7828508 129.5776 
  0.6435012 129.5776 
  0.8737334 130.8766 
  0.9301125 130.8766 
  0.9636152 130.2255 
  0.9874566 130.2255 
  0.987738 130.2255 
  0.9603512 130.2255 
  0.9016224 132.1886 
  0.8673587 133.5138 
  0.8360766 132.8496 
  0.9562657 131.531 
  0.9727623 130.2255 
  0.9637384 128.9329 
  0.9724973 127.0181 
  0.98274 125.7574 
  0.9829355 125.7574 
  0.9829685 125.1317 
  0.9587541 123.8897 
  0.8883499 122.0498 
  0.7964119 121.4426 
  0.6292509 121.4426 
  0.7987726 121.4426 
  0.8587237 121.4426 
  0.5243087 122.0498 
  0.07861538 122.6601 
  -0.1745356 123.2734 
  -0.07541686 123.8897 
  0.1178297 124.5092 
  0.2102494 125.1317 
  -0.006344803 125.7574 
  0.2812323 126.3862 
  0.4485674 126.3862 
  0.376355 124.5092 
  0.2122979 121.4426 
  0.1008869 119.0438 
  0.1289605 118.4515 
  -0.07534942 120.2372 
  0.2739101 127.0181 
  0.375463 133.5138 
  0.5897581 131.531 
  0.5529047 127.6532 
  0.4547567 120.8384 
  0.6449155 116.1118 
  0.667631 113.8184 
  0.5055213 112.6886 
  0.6277608 107.7421 
  0.02083098 108.8223 
  0.3977009 109.9132 
  0.3200044 111.0151 
  -0.03493766 112.128 
  -0.2206688 113.2521 
  0.03349941 114.3874 
  0.4352464 115.5342 
  0.342602 116.6924 
  0.3142806 116.6924 
  0.3068303 115.5342 
  0.03424853 113.8184 
  0.5061619 109.9132 
  0.5588332 106.6728 
  0.6570519 106.142 
  0.9314057 108.2809 
  0.7363716 107.7421 
  0.4874029 112.6886 
  0.5495883 113.8184 
  0.3883222 116.1118 
  0.1136592 117.2759 
  0.1371557 119.639 
  0.01467538 119.0438 
  0.03081807 118.4515 
  -0.05384373 118.4515 
  -0.1117288 117.8622 
  0.2825956 117.2759 
  0.232798 117.2759 
  0.3074255 116.6924 
  0.04892146 116.1118 
  0.1135148 116.1118 
  0.07142139 116.1118 
  -0.05141006 116.6924 
  0.006386939 116.6924 
  0.256952 116.6924 
  0.188471 116.6924 
  0.1202235 116.6924 
  0.2656247 116.6924 
  0.2615623 116.6924 
  0.2562566 116.6924 
  0.139938 116.6924 
  -0.1280111 116.6924 
  -0.03738636 116.6924 
  -0.06176373 116.6924 
  -0.1054845 116.6924 
  -0.07092688 116.6924 
  0.00819866 116.6924 
  -0.07905865 116.6924 
  0.05697922 116.6924 
  0.2524329 116.6924 
  0.406043 116.6924 
  0.2427314 116.6924 
  0.08089139 116.6924 
  0.15275 116.6924 
  0.1454191 116.6924 
  0.01649195 116.6924 
  -0.3300975 116.6924 
  -0.04656316 116.6924 
  0.3526185 116.6924 
  -0.05216681 116.6924 
  0.06232265 116.6924 
  0.1411391 116.6924 
  -0.01896681 116.6924 
  0.05335051 116.6924 
  0.1489394 116.6924 
  0.4887942 116.6924 ]
