 [
  -0.0109623 98.00098 
  0.04092126 98.00098 
  -0.3273483 98.00098 
  -0.05930506 98.00098 
  0.005292051 98.00098 
  0.02839664 98.00098 
  0.00918192 98.00098 
  -0.1095928 98.00098 
  0.005962541 98.00098 
  0.1070175 98.00098 
  0.07686646 98.00098 
  0.07677178 98.00098 
  0.0207435 98.00098 
  -0.1583748 98.00098 
  0.01435339 98.00098 
  -0.1186708 98.00098 
  0.08210724 98.00098 
  0.07447141 98.00098 
  0.1998949 98.00098 
  0.2018179 98.00098 
  0.4076914 98.00098 
  -0.3354387 98.00098 
  0.2301552 98.00098 
  0.3014844 99.97575 
  0.5731139 103.0128 
  0.8903832 105.0885 
  0.9835804 105.0885 
  0.984704 104.5657 
  0.9919418 104.0455 
  0.9658871 103.5278 
  0.9434786 101.9903 
  0.966812 99.97575 
  0.9834623 98.491 
  0.9843127 98.491 
  0.9567297 99.47836 
  0.9524201 100.978 
  0.9507471 103.0128 
  0.9427387 105.0885 
  0.9458989 107.2061 
  0.9591589 109.3664 
  0.9488383 111.0151 
  0.9603395 113.2521 
  0.9495949 115.5342 
  0.9616793 117.8622 
  0.9867802 119.639 
  0.9970884 120.2372 
  0.9914933 120.2372 
  0.9696755 120.2372 
  0.9180456 120.2372 
  0.8350737 119.639 
  0.5788769 119.0438 
  -0.006710464 118.4515 
  0.08718015 117.8622 
  -0.01886629 117.2759 
  0.06109542 116.6924 
  0.06582141 116.1118 
  0.06854405 115.5342 
  -0.03512711 114.9594 
  0.02812681 114.3874 
  0.1125367 113.8184 
  0.2415081 113.2521 
  0.2034156 112.6886 
  -0.2456462 112.128 
  0.04488483 111.5702 
  0.09239241 111.0151 
  0.3887666 110.4628 
  0.7208303 117.8622 
  0.6845374 117.2759 
  0.6190879 114.9594 
  0.7882279 112.6886 
  0.8566927 111.0151 
  0.8516766 108.8223 
  0.9457762 108.2809 
  0.960528 107.7421 
  0.9620411 107.7421 
  0.9518009 107.2061 
  0.9707826 107.7421 
  0.9789304 107.7421 
  0.9424543 107.2061 
  0.9503912 107.2061 
  0.9510173 107.2061 
  0.9419411 106.6728 
  0.9807923 105.614 
  0.9904774 105.614 
  0.9847026 105.614 
  0.9358576 106.142 
  0.9415407 107.2061 
  0.8345766 107.2061 
  0.6015627 105.0885 
  0.7307839 102.5003 
  0.4035325 101.9903 
  0.3905202 96.54556 
  0.2390978 95.5873 
  0.4104521 95.11173 
  0.1015851 94.1677 
  0.136588 93.6992 
  0.176675 93.23304 
  0.3022741 92.7692 
  0.1153071 91.84841 
  0.8102201 90.93677 
  0.3541936 90.93677 
  0.3393571 91.39146 
  0.2404454 91.84841 
  -0.05846491 92.30766 
  0.4029415 93.23304 
  0.9130917 94.63854 
  0.9056304 95.5873 
  0.9104083 96.06523 
  0.7681802 96.06523 
  0.5978537 96.06523 
  0.2853948 96.54556 
  0.09953765 97.51342 
  -0.08253763 98.98344 
  0.02273518 100.4756 
  -0.06458514 101.9903 
  0.01987751 103.0128 
  0.04610321 104.0455 
  0.1689715 105.0885 
  0.1627616 106.142 
  0.4731406 107.2061 
  0.760465 106.142 
  0.8891959 104.5657 
  0.6907778 101.4829 
  0.9198368 99.97575 
  0.8378501 98.98344 
  0.9169232 97.51342 
  0.9665282 97.02828 
  0.92511 98.00098 
  0.8048867 99.97575 
  0.8409384 101.9903 
  0.7719077 102.5003 
  0.6104402 101.4829 
  -0.04552209 101.9903 
  0.495891 103.0128 
  0.1231678 104.0455 
  -0.01648516 105.0885 
  -0.1889127 106.142 
  -0.1920552 107.2061 
  -0.2134395 108.2809 
  -0.1075602 109.3664 
  -0.1512742 109.9132 
  -0.1687122 110.4628 
  0.2696794 111.0151 
  0.6201695 110.4628 
  0.4396408 111.0151 
  0.4062724 111.0151 
  0.4900733 98.98344 
  0.1469142 98.98344 
  0.8062282 99.97575 
  0.7624605 100.978 
  0.5429074 101.9903 
  0.5786655 103.0128 
  0.4820331 104.5657 
  0.3134853 106.142 
  0.5472112 107.7421 
  0.4663293 110.4628 
  0.4474486 97.51342 
  0.918227 98.00098 
  0.8984369 97.51342 
  0.8173469 96.06523 
  0.8994227 96.06523 
  0.9762126 96.54556 
  0.9754255 96.06523 
  0.9790152 95.5873 
  0.9710888 96.06523 
  0.9584675 95.5873 
  0.9244703 96.06523 
  0.9711 96.06523 
  0.9813408 96.54556 
  0.9816175 96.06523 
  0.9888169 96.06523 
  0.9326349 95.5873 
  0.7864003 95.11173 
  0.6778005 93.6992 
  0.7747999 91.39146 
  0.01544491 92.30766 
  0.2482755 92.7692 
  0.1197655 93.23304 
  -0.3625795 93.6992 
  -0.3953166 94.1677 
  -0.4100053 94.63854 
  -0.1429029 94.63854 
  0.220778 94.63854 
  0.1501812 95.11173 
  -0.2331467 96.06523 
  -0.2357698 97.02828 
  0.212678 98.491 
  0.06727268 99.97575 
  -0.1778098 100.978 
  0.006137204 101.9903 
  0.3174047 103.0128 
  0.2007301 103.5278 
  0.1212789 104.0455 
  -0.1300404 105.614 
  0.3541508 107.2061 
  0.7197927 111.5702 
  0.6713212 98.00098 
  0.9329541 98.98344 
  0.7599899 98.00098 
  0.7937292 95.5873 
  0.770794 93.6992 
  0.9188042 92.30766 
  0.9736924 91.84841 
  0.9905962 91.84841 
  0.9591168 92.30766 
  0.9399234 92.30766 
  0.9800962 92.7692 
  0.9844422 93.23304 
  0.9787558 93.23304 
  0.9620196 92.7692 
  0.9601241 92.7692 
  0.9596391 92.7692 
  0.9716872 93.23304 
  0.9747059 93.23304 
  0.9841224 93.6992 
  0.9870801 93.23304 
  0.9890877 92.7692 
  0.9878016 93.23304 
  0.9894028 93.23304 
  0.9756451 93.6992 
  0.9930347 93.6992 
  0.9923078 93.6992 
  0.9835936 94.1677 
  0.9752376 94.1677 
  0.9838497 94.63854 
  0.9396703 94.63854 
  0.8541213 95.11173 
  0.9023999 96.06523 
  0.8344646 96.54556 
  0.6661524 96.54556 
  0.5334406 97.02828 
  0.4282118 97.02828 
  0.1434776 97.02828 
  0.05269141 97.02828 
  -0.01860108 97.02828 
  -0.08656221 97.02828 
  0.06060684 97.02828 
  0.2244626 97.02828 
  0.1860192 97.51342 
  0.04808079 98.00098 
  0.6704682 98.00098 
  0.8086118 98.491 
  0.9173666 98.00098 
  0.8638282 97.51342 
  0.9438083 96.54556 
  0.9861819 96.06523 
  0.9853436 96.06523 
  0.9795542 95.5873 
  0.9748285 95.5873 
  0.9652203 96.06523 
  0.9736636 96.54556 
  0.9716268 96.54556 
  0.9660665 96.54556 
  0.9666895 96.06523 
  0.9707453 96.54556 
  0.9675161 97.02828 
  0.988468 97.51342 
  0.9867452 97.51342 
  0.9911483 97.51342 
  0.9976616 97.51342 
  0.9957207 98.00098 
  0.9983509 98.00098 
  0.9990898 98.00098 
  0.9958003 98.00098 
  0.992533 98.00098 
  0.9985493 97.51342 
  0.9954353 97.51342 
  0.9901297 97.51342 
  0.8956433 97.02828 
  0.8706342 96.54556 
  0.8369328 96.06523 
  0.9864821 96.54556 
  0.7729859 97.02828 
  0.7638959 95.5873 
  0.7924284 94.63854 
  0.8998095 94.1677 
  0.9348213 93.23304 
  0.9784969 93.23304 
  0.9928713 92.7692 
  0.9894892 92.7692 
  0.9295633 92.30766 
  0.9570524 91.39146 
  0.8707796 90.93677 
  0.8180159 90.48434 
  0.7106993 90.48434 
  0.9371829 91.39146 
  0.9879432 91.39146 
  0.9898939 91.39146 
  0.9924166 91.39146 
  0.9584045 91.84841 
  0.8339368 92.7692 
  0.8080952 92.7692 
  0.8391299 91.39146 
  0.9331347 90.93677 
  0.6619022 90.93677 
  0.06920528 91.39146 
  0.1361333 92.30766 
  -0.2887713 92.30766 
  0.5046285 92.30766 
  -0.06923714 92.30766 
  0.06271394 92.30766 
  0.007233001 92.30766 
  0.09919663 92.7692 
  0.05162078 92.7692 
  0.09344613 92.30766 
  0.06400326 92.30766 
  0.2666538 93.23304 
  0.7048997 96.06523 
  0.9403969 96.06523 
  0.9160058 95.11173 
  0.832625 93.6992 
  0.8350558 92.7692 
  0.9099321 91.84841 
  0.9800572 91.39146 
  0.9795318 91.39146 
  0.9641014 91.84841 
  0.9797744 91.84841 
  0.9648069 92.30766 
  0.9643583 93.23304 
  0.937462 93.6992 
  0.9659552 94.1677 
  0.9338997 94.63854 
  0.9330233 95.5873 
  0.952848 96.06523 
  0.9641818 95.5873 
  0.991151 95.5873 
  0.9843003 95.11173 
  0.9880712 95.11173 
  0.9932338 94.63854 
  0.9868706 95.11173 
  0.9814717 95.11173 
  0.9896153 95.5873 
  0.9832937 96.06523 
  0.980864 96.06523 
  0.9708457 96.54556 
  0.9746035 96.54556 
  0.9764774 96.06523 
  0.9766524 96.06523 
  0.9779108 95.5873 
  0.9833786 95.11173 
  0.9668161 94.1677 
  0.987235 93.23304 
  0.9693304 93.23304 
  0.9231905 92.7692 
  0.8657789 91.84841 
  0.9010726 91.39146 
  0.9343916 90.93677 
  0.9404677 90.48434 
  0.9678419 90.03418 
  0.975075 90.03418 
  0.9870842 90.03418 
  0.986628 90.03418 
  0.9294068 89.58624 
  0.9507732 88.69706 
  0.983278 88.25578 
  0.9536526 87.8167 
  0.946733 87.8167 
  0.9860275 87.3798 
  0.9858032 87.3798 
  0.9846415 87.3798 
  0.9844086 87.3798 
  0.9830418 87.3798 
  0.963286 87.3798 
  0.8534654 87.3798 
  0.7830001 87.3798 
  0.6115488 85.65383 
  0.02300296 85.65383 
  0.03713816 85.65383 
  -0.4372101 85.65383 
  0.4497163 85.65383 
  0.5475153 85.65383 
  0.4556276 85.65383 
  0.02861273 85.65383 
  0.001392026 85.65383 
  0.004507901 85.65383 
  -0.04914243 85.2277 
  0.1056307 84.80367 
  0.2958303 85.2277 
  0.805301 86.0821 
  0.908775 87.3798 
  -0.01390096 88.25578 
  -0.1083634 89.58624 
  0.1275851 89.58624 
  0.3617884 87.8167 
  0.6719801 86.94508 
  0.8027111 85.65383 
  0.5925473 86.51251 
  0.3406765 88.69706 
  0.7560503 90.93677 
  0.9946045 92.30766 
  0.9879968 92.30766 
  0.9605852 91.84841 
  0.8808661 91.39146 
  0.7622325 89.58624 
  0.7530026 87.8167 
  0.8274072 85.65383 
  0.7932816 85.2277 
  0.7108435 85.65383 
  0.3458395 86.94508 
  0.5596493 88.25578 
  0.8535497 89.58624 
  0.7654611 90.93677 
  0.8907932 90.93677 
  0.9378067 90.48434 
  0.9412245 89.58624 
  0.9249004 89.14054 
  0.8386106 88.25578 
  0.7455102 86.51251 
  0.6955968 84.38177 
  0.6384741 83.96195 
  0.4877796 84.38177 
  0.2921361 84.80367 
  0.2508956 85.2277 
  0.6740773 86.0821 
  0.3645985 86.94508 
  -0.05868267 87.8167 
  0.7909746 88.25578 
  0.8746586 89.14054 
  0.9137276 89.14054 
  0.8333796 88.25578 
  0.7472781 87.8167 
  0.728402 86.0821 
  0.298853 86.0821 
  0.3815501 86.0821 
  0.06911939 86.0821 
  -0.05166738 86.0821 
  -0.04774842 86.0821 
  -0.3181557 86.0821 
  0.01809267 86.0821 
  -0.06792381 86.0821 
  -0.0519278 86.51251 
  0.2406054 87.3798 
  0.4367748 88.69706 
  0.802678 88.69706 
  0.9500041 88.25578 
  0.2640306 86.0821 
  0.378255 82.3035 
  0.7483482 82.3035 
  0.8095987 80.27641 
  0.9641618 79.47963 
  0.9600607 79.47963 
  0.9808313 79.47963 
  0.9768622 79.47963 
  0.9121866 79.47963 
  0.8740447 80.6778 
  0.9337882 81.89403 
  0.9555897 82.3035 
  0.9519081 82.3035 
  0.8081024 81.89403 
  0.7443781 80.27641 
  0.5528064 79.47963 
  -0.2523123 79.08421 
  -0.2192549 79.08421 
  0.7785624 79.08421 
  0.8337061 79.08421 
  0.7772098 79.08421 
  0.4401332 79.08421 
  0.2238532 79.08421 
  0.05068195 79.08421 
  0.03572786 79.08421 
  0.09499953 79.08421 
  0.01203226 79.08421 
  0.005452139 79.08421 
  -0.02400262 79.08421 
  0.09457839 79.08421 
  0.30614 79.08421 
  0.284416 79.08421 
  0.1028562 79.08421 
  0.1586532 79.08421 
  0.2411542 79.08421 
  0.02750749 79.08421 
  -0.3081431 79.08421 
  -0.1707445 79.08421 
  -0.09867537 79.08421 
  -0.004695843 79.08421 ]
