 [
  -0.1351513 263.0938 
  -0.05054419 263.0938 
  -0.1934128 263.0938 
  -0.02940603 263.0938 
  0.1451926 263.0938 
  0.1676569 263.0938 
  0.2648345 263.0938 
  0.1783714 263.0938 
  0.2280554 263.0938 
  0.3049598 263.0938 
  -0.08618984 263.0938 
  0.02785583 263.0938 
  -0.005480329 263.0938 
  0.5709459 263.0938 
  0.7178439 263.0938 
  0.8995447 263.0938 
  0.8702222 263.0938 
  0.820972 264.4093 
  0.6594458 265.7313 
  0.5661902 267.06 
  0.3899058 268.3953 
  0.8715301 269.7372 
  0.875461 261.7849 
  0.9015352 257.8971 
  0.9632592 252.8029 
  0.9840971 249.0485 
  0.986432 246.5766 
  0.9798458 244.1292 
  0.9842143 241.7061 
  0.995525 240.5036 
  0.9963511 239.307 
  0.9962897 239.307 
  0.9958256 240.5036 
  0.9939303 240.5036 
  0.9869561 244.1292 
  0.9897532 246.5766 
  0.9956031 250.2938 
  0.9949586 250.2938 
  0.9936664 249.0485 
  0.9957774 247.8095 
  0.9963686 246.5766 
  0.9991564 245.3498 
  0.9986059 245.3498 
  0.9984374 245.3498 
  0.9990482 245.3498 
  0.9991252 244.1292 
  1.000209 244.1292 
  0.9981005 242.9146 
  0.9873644 241.7061 
  0.9615545 241.7061 
  0.8544215 241.7061 
  0.8951882 242.9146 
  0.8732925 245.3498 
  0.416303 246.5766 
  0.3215092 247.8095 
  -0.1235994 249.0485 
  -0.1088977 250.2938 
  -0.09355678 251.5452 
  -0.05526487 254.067 
  -0.07496698 255.3373 
  -0.04460861 256.614 
  -0.1000404 256.614 
  0.6627372 256.614 
  0.89215 249.0485 
  0.9524564 245.3498 
  0.9922813 242.9146 
  0.9618226 239.307 
  0.9135973 234.5801 
  0.8041668 228.8026 
  0.2841429 231.0963 
  -0.0367109 234.5801 
  -0.09821488 238.1164 
  -0.008702852 241.7061 
  0.2160065 245.3498 
  0.1644645 249.0485 
  0.04188185 252.8029 
  0.0009825863 256.614 
  0.13123 260.4825 
  0.03246472 263.0938 
  0.03257167 265.7313 
  0.04349641 268.3953 
  0.2471156 271.0859 
  0.1072208 273.8036 
  0.1918981 276.5485 
  0.5838515 279.3209 
  0.7770953 264.4093 
  0.9097609 260.4825 
  0.9983436 259.1866 
  0.9988892 257.8971 
  0.9999982 259.1866 
  1.000476 259.1866 
  0.9998803 259.1866 
  1.000447 259.1866 
  0.9989574 257.8971 
  0.9970179 256.614 
  0.9926544 252.8029 
  0.9774146 252.8029 
  0.9241736 251.5452 
  0.8181419 246.5766 
  0.964356 234.5801 
  0.9616085 227.6642 
  0.9457945 222.057 
  0.9437094 216.5879 
  0.9496055 210.2025 
  0.9680297 206.0505 
  0.9799271 202.9904 
  0.9865118 199.9758 
  0.987407 198.9809 
  0.9961399 197.9909 
  0.9968297 197.9909 
  0.9769815 197.9909 
  0.930863 197.0059 
  0.8903475 196.0257 
  0.905625 195.0505 
  0.9183292 195.0505 
  0.9299455 195.0505 
  0.9471677 194.0801 
  0.9181334 194.0801 
  0.896327 195.0505 
  0.8582689 197.9909 
  0.8064819 200.9756 
  0.8055686 198.9809 
  0.893257 193.1145 
  0.9495409 189.3 
  0.8537914 184.6377 
  0.8015749 179.1942 
  0.9079455 173.046 
  0.8834257 167.9442 
  0.8938731 165.4501 
  0.9560354 163.8079 
  0.9842628 162.182 
  0.9808245 161.3751 
  0.9869508 160.5723 
  0.9561839 158.9785 
  0.9067749 157.4006 
  0.8353698 155.8383 
  0.6316363 155.8383 
  0.1946824 156.6175 
  0.1180015 158.1876 
  0.3374296 159.7734 
  0.2104768 160.5723 
  -0.06758234 161.3751 
  -0.05055054 162.182 
  -0.0208791 162.9929 
  0.2842428 163.8079 
  0.2925034 163.8079 
  0.1571837 163.8079 
  0.04195208 163.8079 
  0.2006539 163.8079 
  -0.2221128 163.8079 
  -0.1253849 163.8079 
  -0.03668098 163.8079 
  0.0991563 163.8079 
  -0.04721513 163.8079 
  -0.09878223 163.8079 ]
