 [
  0.1329825 170.476 
  0.09676157 170.476 
  0.1498789 170.476 
  -0.09533241 170.476 
  -0.04312778 170.476 
  -0.05017752 170.476 
  -0.3274356 170.476 
  -0.04556437 170.476 
  -0.02371695 170.476 
  0.3611017 170.476 
  0.3905107 170.476 
  -0.06542271 170.476 
  0.2749619 170.476 
  0.3923451 170.476 
  0.5902467 170.476 
  0.4372044 170.476 
  0.3348035 170.476 
  0.4197695 176.533 
  0.7229663 180.0902 
  0.961715 181.8956 
  0.9009089 184.6377 
  0.8520599 189.3 
  0.9074664 195.0505 
  0.9384643 198.9809 
  0.9628593 201.9805 
  0.9831231 201.9805 
  0.9790431 201.9805 
  0.9731492 200.9756 
  0.9456612 199.9758 
  0.9527547 199.9758 
  0.9754391 199.9758 
  0.9711825 199.9758 
  0.9602742 199.9758 
  0.9481526 199.9758 
  0.8884926 199.9758 
  0.8202524 199.9758 
  0.8435708 200.9756 
  0.9488085 201.9805 
  0.9727874 204.0054 
  0.9842498 206.0505 
  0.9894519 208.1162 
  0.9903039 210.2025 
  0.9613189 211.2535 
  0.9336711 211.2535 
  0.8425502 211.2535 
  0.9782904 212.3098 
  0.9776732 212.3098 
  0.9748145 212.3098 
  0.969379 212.3098 
  0.9432209 210.2025 
  0.7394645 208.1162 
  0.8261909 206.0505 
  0.9032096 210.2025 
  0.9434401 215.5104 
  0.9806238 219.853 
  0.9931296 222.057 
  0.9967681 223.1673 
  0.9967136 222.057 
  0.996746 219.853 
  0.9983858 218.7592 
  0.9985612 217.6709 
  0.9990932 216.5879 
  0.9980367 216.5879 
  0.9980033 215.5104 
  0.9946265 213.3714 
  0.981955 210.2025 
  0.9722399 206.0505 
  0.9787785 201.9805 
  0.9899213 198.9809 
  0.992103 197.9909 
  0.9923141 197.0059 
  0.9815169 195.0505 
  0.9743197 193.1145 
  0.9594182 189.3 
  0.948968 186.4887 
  0.9459431 182.8051 
  0.9440111 180.0902 
  0.9540591 176.533 
  0.955573 174.7808 
  0.9163834 174.7808 
  0.6657524 175.6547 
  0.5302988 176.533 
  0.4980947 177.4156 
  0.529467 178.3027 
  0.5771653 179.1942 
  0.7495319 180.0902 
  0.9314673 180.9906 
  0.872941 181.8956 
  0.8424545 182.8051 
  0.6749118 184.6377 
  0.6323169 186.4887 
  0.8532282 188.3582 
  0.8959361 188.3582 
  0.8801465 185.5609 
  0.9464713 182.8051 
  0.975382 181.8956 
  0.9662904 180.9906 
  0.9727765 180.0902 
  0.9840148 179.1942 
  0.9876143 178.3027 
  0.9907674 178.3027 
  0.9859298 178.3027 
  0.9796307 178.3027 
  0.9746689 177.4156 
  0.9827309 176.533 
  0.9913229 175.6547 
  0.9913901 175.6547 
  0.993425 175.6547 
  0.9369322 175.6547 
  0.8591952 174.7808 
  0.5414482 173.046 
  0.9467024 176.533 
  0.9844491 178.3027 
  0.9930491 179.1942 
  0.9666616 179.1942 
  0.7938336 180.0902 
  0.9326149 180.9906 
  0.9785942 180.9906 
  0.9952794 180.9906 
  0.9925928 180.0902 
  0.9802979 179.1942 
  0.9497692 177.4156 
  0.9175822 175.6547 
  0.6450348 174.7808 
  0.876051 174.7808 
  0.8059042 174.7808 
  0.6954829 174.7808 
  0.5866091 175.6547 
  0.5704826 176.533 
  0.5128944 177.4156 
  0.07547941 178.3027 
  -0.08616042 179.1942 
  0.745079 171.3284 
  0.7706137 167.9442 
  0.8118312 164.6269 
  0.9055336 161.3751 
  0.9203598 158.1876 
  0.9550418 155.8383 
  0.9679602 154.2915 
  0.9599957 152.7601 
  0.9326497 152.0001 
  0.9063901 150.4914 
  0.8545269 148.9977 
  0.8038456 147.5188 
  0.1360179 149.7427 
  0.1049031 152.0001 
  -0.05908727 154.2915 
  0.0934077 156.6175 
  0.1552666 158.9785 
  -0.0720123 162.182 
  -0.1287523 165.4501 
  -0.06163346 168.784 
  0.09788006 172.185 
  0.1860111 174.7808 
  -0.04625708 177.4156 
  0.4466266 180.0902 
  0.4568131 182.8051 
  0.77255 183.7191 
  0.8376845 182.8051 
  0.9238303 180.0902 
  0.9778332 179.1942 
  0.9874429 178.3027 
  0.9852584 178.3027 
  0.9706306 179.1942 
  0.9549571 180.9906 
  0.9630347 183.7191 
  0.9781659 185.5609 
  0.9900138 186.4887 
  0.994773 187.4211 
  0.9921485 187.4211 
  0.98597 187.4211 
  0.9770235 188.3582 
  0.9409665 188.3582 
  0.8979846 188.3582 
  0.364704 188.3582 
  -0.02866917 188.3582 
  0.1108431 188.3582 
  0.0921426 188.3582 
  -0.01872122 188.3582 
  -0.05733141 188.3582 
  -0.04822962 189.3 
  -0.3012454 189.3 
  0.7795295 189.3 
  0.8611331 186.4887 
  0.9534393 182.8051 
  0.9793365 180.9906 
  0.9898237 180.0902 
  0.9896275 180.0902 
  0.9814526 178.3027 
  0.9868805 177.4156 
  0.9887511 177.4156 
  0.9761173 179.1942 
  0.979203 180.9906 
  0.9908493 181.8956 
  0.9949658 182.8051 
  0.991813 182.8051 
  0.9899803 182.8051 
  0.9841774 182.8051 
  0.9853866 184.6377 
  0.9958106 185.5609 
  0.9889785 184.6377 
  0.9618834 184.6377 
  0.9112434 180.9906 
  0.8763732 177.4156 
  0.6883473 176.533 
  0.3628169 176.533 
  0.04703485 175.6547 
  0.0364049 175.6547 
  0.1682469 175.6547 
  0.08217519 175.6547 
  0.0615185 174.7808 
  -0.0181867 174.7808 
  0.1915735 174.7808 
  0.07127492 174.7808 
  0.2082162 174.7808 
  0.2707712 174.7808 
  0.8659573 177.4156 
  0.8616741 174.7808 
  0.7502414 172.185 
  0.759931 165.4501 
  0.90962 161.3751 
  0.9397404 158.9785 
  0.9502766 156.6175 
  0.9690038 155.063 
  0.9698005 153.5239 
  0.9656276 151.2439 
  0.9422417 150.4914 
  0.9486387 148.2564 
  0.9175846 146.0546 
  0.9682264 144.605 
  0.9919362 143.8855 
  0.9888642 143.1697 
  0.9322743 142.4574 
  0.8152354 142.4574 
  0.300757 143.8855 
  0.2982668 145.328 
  0.09089185 146.7849 
  -0.00434445 148.2564 
  -0.3061142 149.7427 
  -0.3052199 151.2439 
  -0.279174 152.7601 
  -0.06074714 154.2915 
  0.6609126 155.8383 
  0.7962792 155.063 
  0.8306305 152.0001 
  0.8871431 148.2564 
  0.9810073 145.328 
  0.9947525 144.605 
  0.9966846 143.8855 
  0.9931604 143.8855 
  0.9871595 143.8855 
  0.9882575 144.605 
  0.9921316 145.328 
  0.9914906 145.328 
  0.9828963 145.328 
  0.9681355 145.328 
  0.9372601 146.0546 
  0.8304259 146.0546 
  0.4347707 146.0546 
  0.1325363 146.0546 
  0.3669606 146.0546 
  0.1832529 146.0546 
  -0.05281732 146.0546 
  0.1901161 146.0546 
  0.4655043 145.328 
  0.3094543 144.605 
  0.1632074 145.328 
  0.09414582 147.5188 
  0.04746647 151.2439 
  0.2662016 157.4006 
  0.6497866 162.182 
  0.8809466 164.6269 
  0.893783 166.2773 
  0.9169128 167.9442 
  0.9106231 166.2773 
  0.9383511 164.6269 
  0.9758671 162.182 
  0.9843863 161.3751 
  0.9938355 160.5723 
  0.9792336 160.5723 
  0.9739462 161.3751 
  0.9589564 162.182 
  0.9449396 162.182 
  0.9370636 162.9929 
  0.9976718 163.8079 
  0.9989964 163.8079 
  0.9991093 163.8079 
  0.9807379 163.8079 
  0.9678135 162.9929 
  0.9255644 162.9929 
  0.8706648 163.8079 
  0.8943642 164.6269 
  0.9449717 167.9442 
  0.9502495 170.476 
  0.9634241 169.6279 
  0.9810572 167.9442 
  0.9988181 167.1087 
  0.9981666 167.1087 
  0.9950279 166.2773 
  0.9936492 165.4501 
  0.9948512 163.8079 
  0.9960321 162.9929 
  0.9969423 162.9929 
  0.9961553 162.182 
  0.9970589 161.3751 
  0.9907115 161.3751 
  0.9823186 159.7734 
  0.9763375 158.1876 
  0.9898038 156.6175 
  0.9903417 156.6175 
  0.9948943 155.8383 
  0.9950268 155.8383 
  0.9926668 156.6175 
  0.9885232 158.1876 
  0.9858772 158.9785 
  0.9786456 161.3751 
  0.9873591 162.9929 
  0.994652 163.8079 
  0.9941178 163.8079 
  0.9921731 163.8079 
  0.9886954 162.182 
  0.979705 160.5723 
  0.9803717 158.9785 
  0.9672387 156.6175 
  0.9507905 155.063 
  0.9298877 152.0001 
  0.8989072 148.9977 
  0.8851258 145.328 
  0.8269954 143.8855 
  0.7434859 145.328 
  0.8568711 147.5188 
  0.8393703 149.7427 
  0.8017911 152.0001 
  0.7181689 154.2915 
  0.3018641 156.6175 
  0.410396 159.7734 
  0.8181213 162.9929 
  0.9467668 166.2773 
  0.9120058 170.476 
  0.9491132 175.6547 
  0.9763165 177.4156 
  0.9039686 174.7808 
  0.9139094 172.185 
  0.9803144 170.476 
  0.9902723 171.3284 
  0.9865558 171.3284 
  0.9767642 173.046 
  0.9706262 174.7808 
  0.9815186 176.533 
  0.9827316 177.4156 
  0.9779201 177.4156 
  0.9901865 178.3027 
  0.99688 178.3027 
  0.9975793 177.4156 
  0.9944698 176.533 
  0.9903291 174.7808 
  0.9832094 174.7808 
  0.9593903 175.6547 
  0.9519985 176.533 
  0.8533351 178.3027 
  0.7502615 180.0902 
  0.5411758 181.8956 
  -0.06364682 183.7191 
  -0.02975095 185.5609 
  0.1729868 188.3582 
  -0.01814906 191.1978 
  0.6990288 192.1537 
  0.8360621 192.1537 
  0.9840757 191.1978 
  0.9821411 190.2465 
  0.9708651 189.3 
  0.9678869 189.3 
  0.9894035 190.2465 
  0.9982636 190.2465 
  0.9984294 190.2465 
  0.9935181 190.2465 
  0.9458827 189.3 
  0.8618121 189.3 
  0.4818363 190.2465 
  -0.08650283 191.1978 
  0.001682503 192.1537 
  -0.1148924 193.1145 
  -0.0239383 194.0801 
  0.1733611 195.0505 
  0.3010849 196.0257 
  0.5733615 197.0059 
  0.8443734 198.9809 
  0.7361209 190.2465 
  0.6892151 181.8956 
  0.8064184 176.533 
  0.8179727 171.3284 
  0.8579821 167.9442 
  0.8642408 163.8079 
  0.8708109 159.7734 
  0.9238691 157.4006 
  0.924342 154.2915 
  0.9422989 152.7601 
  0.9436698 150.4914 
  0.9259306 148.9977 
  0.8835514 146.7849 
  0.849331 143.8855 
  0.7811121 141.7487 
  0.6029344 138.2575 
  -0.05449663 133.5138 
  0.7456289 132.1886 
  0.7588144 130.8766 
  0.7724986 129.5776 
  0.8417802 126.3862 
  0.9398044 125.1317 
  0.9233713 125.1317 
  0.9018253 124.5092 
  0.8464285 124.5092 
  0.8473967 125.1317 
  0.926675 126.3862 
  0.8718561 126.3862 
  0.7155835 124.5092 
  0.435772 123.8897 
  0.4680934 123.8897 
  0.5158939 123.8897 
  0.4506494 123.8897 
  0.3717909 123.8897 
  0.3553514 123.8897 
  0.0523523 123.8897 
  0.04648149 123.8897 
  0.197235 123.8897 
  0.2860627 123.8897 
  0.2694526 123.8897 
  0.1003993 123.8897 
  0.01690257 123.8897 
  0.1180086 123.8897 
  0.1457199 123.8897 
  0.1304169 123.8897 
  -0.04245146 123.8897 
  -0.003565254 123.8897 
  -0.1167285 123.8897 
  -0.1667781 123.8897 
  0.08230758 123.8897 
  -0.01821032 123.8897 
  -0.001597188 123.8897 
  0.1538018 123.8897 
  0.1104472 123.8897 
  0.1016803 123.8897 ]
