 [
  -0.1307238 120.2372 
  -0.0679889 120.2372 
  -0.136945 120.2372 
  0.04006277 120.2372 
  -0.07524134 120.2372 
  0.182037 120.2372 
  -0.1195652 120.2372 
  0.0598126 120.2372 
  0.2520302 120.2372 
  0.2123414 120.2372 
  -0.001567712 120.2372 
  0.1063107 120.2372 
  -0.00791746 120.2372 
  0.1778181 120.2372 
  0.1047825 120.2372 
  0.03218605 120.2372 
  0.1946186 120.2372 
  0.286744 120.2372 
  0.4955204 119.639 
  0.5969908 114.9594 
  0.9053307 111.5702 
  0.8597797 109.9132 
  0.8332294 107.7421 
  0.5293439 107.7421 
  -0.2430206 109.3664 
  0.04052715 111.5702 
  -0.1808918 113.8184 
  -0.2564538 116.1118 
  0.1438919 117.8622 
  -0.02226616 119.639 
  0.01739501 122.0498 
  0.02700638 124.5092 
  0.03414948 127.0181 
  0.02213808 128.9329 
  0.1454453 131.531 
  0.02900605 135.5266 
  0.3141259 138.2575 
  0.7769061 143.1697 
  0.6406586 132.8496 
  0.8523183 132.1886 
  0.946369 132.1886 
  0.8951855 130.8766 
  0.7996112 128.2915 
  0.8775527 125.1317 
  0.8813046 123.2734 
  0.8867081 121.4426 
  0.808699 119.0438 
  0.5127032 113.8184 
  0.07946277 113.8184 
  -0.02682808 113.8184 
  0.1482353 113.2521 
  0.2124606 113.2521 
  0.3913548 112.6886 
  0.079308 112.128 
  0.04137338 110.4628 
  0.07479699 108.2809 
  0.5180501 104.5657 
  0.7712936 105.0885 
  0.8809763 104.0455 
  0.7924935 101.4829 
  0.8132014 98.491 
  0.9368591 96.06523 
  0.9556916 94.1677 
  0.9737133 93.23304 
  0.9050096 92.7692 
  0.7948779 92.30766 
  0.01745977 92.30766 
  0.2136371 92.30766 
  0.2504472 92.30766 
  0.1042964 92.30766 
  0.3090693 92.30766 
  -0.1115008 92.30766 
  -0.1111304 92.30766 
  0.05860032 92.7692 
  0.0987811 93.23304 
  -0.1581242 93.6992 
  -0.1776921 94.1677 
  -0.08006503 94.63854 
  0.01277468 95.11173 
  -0.01822277 95.5873 
  0.06538365 96.06523 
  0.1061654 96.54556 
  -0.08714314 97.02828 
  0.03187506 97.51342 
  0.1245255 98.00098 
  0.09571795 98.491 
  -0.05453263 98.98344 
  -0.009063369 99.47836 
  -0.07247537 99.97575 
  -0.1076499 100.4756 
  -0.03173852 100.978 
  0.1086903 101.4829 
  0.1227894 101.9903 
  -0.01720297 102.5003 
  -0.130145 103.0128 
  0.07074545 103.5278 
  0.163799 104.0455 
  0.4522879 104.0455 
  0.412114 104.5657 
  0.585998 105.0885 
  0.7758188 101.9903 
  0.7135997 99.97575 
  0.6177537 98.98344 
  0.5503677 97.02828 
  0.3789005 98.00098 
  0.9855763 98.98344 
  0.9906949 99.47836 
  0.988044 99.97575 
  0.9904714 100.978 
  0.9842284 101.9903 
  0.9851431 103.0128 
  0.5626153 106.6728 
  0.566015 109.9132 
  0.581673 106.6728 
  0.7279869 106.6728 
  0.97128 107.2061 
  0.9849311 107.7421 
  0.977675 108.2809 
  0.95627 108.8223 
  0.9005583 108.8223 
  0.7978811 108.8223 
  0.6815279 108.2809 
  0.8377743 110.4628 
  0.9727003 111.0151 
  0.9736883 111.0151 
  0.8764282 111.0151 
  0.8988452 109.9132 
  0.9493042 108.8223 
  0.9658501 108.2809 
  0.9490674 107.7421 
  0.9449343 106.6728 
  0.9321607 105.614 
  0.9201263 104.5657 
  0.8935552 103.5278 
  0.8815073 101.9903 
  0.8916598 99.97575 
  0.9493514 98.491 
  0.979179 97.51342 
  0.9882291 96.54556 
  0.986163 96.06523 
  0.9782505 95.11173 
  0.9421094 94.63854 
  0.9115723 93.6992 
  0.887137 92.7692 
  0.726878 92.30766 
  0.4488044 93.23304 
  -0.00207477 94.1677 
  -0.1792208 95.11173 
  -0.1396296 96.54556 
  0.2372023 98.00098 
  0.457863 99.47836 
  0.4533349 100.978 
  0.8339708 102.5003 
  0.8104806 103.0128 
  0.848193 101.4829 
  0.9166933 100.978 
  0.979737 100.4756 
  0.9864011 100.4756 
  0.9794247 99.97575 
  0.9703805 98.98344 
  0.9172108 98.00098 
  0.8276032 96.06523 
  0.8374388 93.23304 
  0.8121544 91.84841 
  0.4015606 91.39146 
  0.07646252 92.30766 
  0.5315688 93.23304 
  0.7885097 94.63854 
  0.8258035 96.06523 
  0.7916502 95.11173 
  0.7444319 93.6992 
  0.8725785 91.84841 
  0.9720967 90.48434 
  0.9699863 90.03418 
  0.837841 90.03418 
  0.6996995 89.58624 
  -0.0007155528 89.58624 
  0.6998245 89.58624 
  0.5082152 89.58624 
  0.02227389 90.03418 
  0.5167471 90.48434 
  0.1205305 90.93677 
  0.06316783 90.93677 
  0.1355068 90.93677 
  0.2585438 90.93677 
  0.1656711 90.93677 
  -0.07456055 90.93677 
  0.2529332 90.93677 
  0.01991496 90.93677 
  -0.1769876 90.93677 
  -0.1949523 90.93677 
  0.006301787 90.93677 
  -0.005781537 90.93677 
  0.04467591 90.93677 
  -0.2730694 90.93677 
  -0.3457693 90.93677 
  -0.2997142 90.93677 
  0.06202903 90.93677 
  -0.08117674 90.93677 
  0.04512968 90.93677 
  -0.1211471 90.93677 
  -0.1658482 90.93677 
  -0.07518617 90.93677 
  0.02276503 90.93677 ]
