 [
  -0.3424768 229.9466 
  -0.2968442 229.9466 
  -0.3074668 229.9466 
  -0.3350623 229.9466 
  -0.6139429 229.9466 
  -0.6948525 229.9466 
  -0.4747201 229.9466 
  -0.2527075 229.9466 
  0.03000136 229.9466 
  0.3353037 229.9466 
  0.639273 229.9466 
  0.8829591 229.9466 
  0.9530922 229.9466 
  0.8576212 229.9466 
  0.669454 229.9466 
  0.5356289 229.9466 
  0.3075266 229.9466 
  -0.03567098 229.9466 
  0.7373692 229.9466 
  0.7188284 219.853 
  0.8386585 213.3714 
  0.9728323 209.1568 
  0.9750279 209.1568 
  0.9770866 209.1568 
  0.9793807 208.1162 
  0.9790347 206.0505 
  0.8991933 206.0505 
  0.4966636 217.6709 
  0.5640624 238.1164 
  0.6178803 244.1292 
  0.9031566 250.2938 
  0.04777866 242.9146 
  0.08213829 236.9318 
  0.0651016 236.9318 
  0.0250566 234.5801 
  0.1216651 220.9523 
  0.5282918 235.753 
  0.8166544 235.753 
  0.9959728 235.753 
  0.9956908 235.753 
  0.9501811 238.1164 
  0.9232479 242.9146 
  0.958104 246.5766 
  0.9083115 252.8029 
  0.8541604 259.1866 
  0.9328716 265.7313 
  0.9737681 269.7372 
  0.9582481 271.0859 
  0.917389 269.7372 
  0.4059193 271.0859 
  0.2974491 276.5485 
  0.1236749 282.1211 
  -0.02643552 286.3741 
  0.1457344 290.6912 
  0.1858275 296.5488 
  0.3382122 302.5244 
  0.9116532 308.6204 
  0.9667472 310.1635 
  0.9797407 307.085 
  0.984992 304.037 
  0.9748714 298.0316 
  0.9744976 292.1447 
  0.9883872 286.3741 
  0.9949865 282.1211 
  0.9899991 279.3209 
  0.9855307 276.5485 
  0.9905606 273.8036 
  0.9784534 271.0859 
  0.9599331 269.7372 
  0.8011634 268.3953 
  0.01469042 267.06 
  0.08519629 265.7313 
  0.0001781438 264.4093 
  0.1927618 263.0938 
  0.3414645 261.7849 
  0.2209446 260.4825 
  0.06741647 259.1866 
  -0.11515 257.8971 
  0.2111306 255.3373 
  0.7747484 254.067 
  0.9402899 251.5452 
  0.967733 249.0485 
  0.9924735 246.5766 
  0.9921229 244.1292 
  0.9848789 240.5036 
  0.9853648 236.9318 
  0.99009 233.4131 
  0.9924954 231.0963 
  0.9868417 229.9466 
  0.949813 229.9466 
  0.8361606 232.2518 
  0.3906377 235.753 
  0.2886439 240.5036 
  0.02128471 245.3498 
  0.4458844 250.2938 
  0.2207382 254.067 
  0.1035628 257.8971 
  0.14656 261.7849 
  -0.07045147 265.7313 
  0.02765072 269.7372 
  0.1505279 273.8036 
  0.2275147 277.9312 
  0.0296466 283.5317 
  -0.08557306 287.806 
  -0.2482403 292.1447 
  0.796699 296.5488 
  0.9487851 301.0193 
  0.9680267 305.5572 
  0.9782143 310.1635 
  0.9877413 314.8393 
  0.9878488 319.5855 
  0.9934571 321.1834 
  0.9888574 322.7894 
  0.9552615 319.5855 
  0.9110925 313.2729 
  0.7407449 304.037 
  0.9846163 295.0734 
  0.9675496 286.3741 
  0.9546149 277.9312 
  0.7253813 269.7372 
  0.2261112 261.7849 
  -0.02616791 254.067 
  0.4031714 246.5766 
  0.1711208 239.307 
  0.3265988 232.2518 
  -0.5413718 225.4046 
  0.8722689 217.6709 
  0.9527148 215.5104 
  0.9807213 214.4382 
  0.9302955 211.2535 
  0.9277021 204.0054 
  0.9545767 196.0257 
  0.938585 191.1978 
  0.952206 187.4211 
  0.9619685 184.6377 
  0.9641732 183.7191 
  0.9528542 182.8051 
  0.9031072 184.6377 
  0.4813318 185.5609 
  0.5160288 186.4887 
  0.1299814 188.3582 
  0.2949328 190.2465 
  -0.04220666 192.1537 
  -0.02237174 194.0801 
  0.1684389 195.0505 
  0.1157661 196.0257 
  -0.08411313 197.0059 
  0.119908 197.9909 
  0.126244 198.9809 
  0.07269617 199.9758 
  0.5962687 200.9756 
  0.7316357 210.2025 
  0.9079407 209.1568 
  0.9013915 206.0505 
  0.8867992 199.9758 
  0.9569916 195.0505 
  0.989081 193.1145 
  0.992909 193.1145 
  0.9889419 193.1145 
  0.9888337 194.0801 
  0.9837871 193.1145 
  0.9594961 192.1537 
  0.9322394 190.2465 
  0.7323887 189.3 
  0.5793611 189.3 
  0.7343106 189.3 
  0.8804564 189.3 
  0.9125546 189.3 
  0.9421527 190.2465 
  0.9584829 191.1978 
  0.9714347 193.1145 
  0.98862 194.0801 
  0.9881148 195.0505 
  0.9434371 195.0505 
  0.8470452 195.0505 
  0.2597234 197.0059 
  0.5143763 198.9809 
  0.5099725 200.9756 
  0.5748574 202.9904 
  0.7371371 205.0254 
  0.7558472 207.0808 
  0.514793 209.1568 
  0.2234799 211.2535 
  0.8871943 214.4382 
  0.9521803 218.7592 
  0.9611991 222.057 
  0.9828253 225.4046 
  0.9945395 227.6642 
  0.9969728 229.9466 
  0.9983693 231.0963 
  0.9984963 231.0963 
  0.9976009 232.2518 
  0.9964361 233.4131 
  0.9910096 233.4131 
  0.9856762 234.5801 
  0.9845492 233.4131 
  0.9724718 232.2518 
  0.8960496 226.5316 
  0.8131964 220.9523 
  0.6700385 214.4382 
  0.4715291 211.2535 
  0.4323574 282.1211 
  0.5330144 293.6054 
  0.3877004 302.5244 
  0.2899956 310.1635 
  0.1808945 317.9955 
  0.4460411 332.5949 
  0.4306417 334.2579 
  0.5307676 330.9402 
  0.5482581 329.2938 
  0.5074939 322.7894 
  0.3466855 313.2729 
  0.373055 308.6204 
  0.2386921 308.6204 
  0.01823801 308.6204 
  -0.198964 308.6204 
  -0.1985153 308.6204 
  -0.1387463 308.6204 
  0.167679 308.6204 
  0.1387051 308.6204 
  0.1340555 308.6204 
  0.1533808 308.6204 
  -0.01349842 308.6204 
  -0.07050294 308.6204 
  -0.03875349 308.6204 
  -0.05328081 308.6204 
  -0.002533501 308.6204 
  0.1441931 308.6204 
  0.1916277 308.6204 
  0.143888 308.6204 
  0.1701351 308.6204 
  0.3813654 308.6204 
  0.4996455 308.6204 
  0.216115 308.6204 
  0.05207468 308.6204 
  0.1214657 308.6204 
  0.1410675 308.6204 
  0.3559117 308.6204 
  0.03269842 308.6204 
  -0.01278394 308.6204 
  0.2183098 308.6204 ]
