 [
  -0.03039473 247.8095 
  0.3031522 247.8095 
  0.1047302 247.8095 
  0.3040651 247.8095 
  -0.01402792 247.8095 
  0.02568014 247.8095 
  0.3284981 247.8095 
  0.3934799 247.8095 
  0.1406258 247.8095 
  0.2473741 247.8095 
  0.2334326 247.8095 
  -0.1971918 247.8095 
  0.6412959 247.8095 
  0.7513769 246.5766 
  0.8034538 244.1292 
  0.9624826 240.5036 
  0.9837426 239.307 
  0.6121367 239.307 
  0.8127958 238.1164 
  0.9714499 238.1164 
  0.9932599 239.307 
  0.9869282 241.7061 
  0.9887079 244.1292 
  0.9892809 247.8095 
  0.994432 250.2938 
  0.9902201 254.067 
  0.9731307 257.8971 
  0.9350451 261.7849 
  0.9333436 267.06 
  0.846963 276.5485 
  0.7361508 279.3209 
  0.5492466 284.9493 
  0.4451842 292.1447 
  0.6741533 299.5217 
  0.9294531 310.1635 
  0.9714559 316.4135 
  0.9969685 321.1834 
  0.999303 322.7894 
  0.9994422 326.0254 
  0.9990583 327.6555 
  0.9841881 326.0254 
  0.9651872 322.7894 
  0.8445786 321.1834 
  0.7237115 322.7894 
  0.7330089 324.4033 
  0.150814 327.6555 
  0.2463508 330.9402 
  0.5244771 334.2579 
  0.8906842 335.9292 
  0.9723977 335.9292 
  0.9425395 330.9402 
  0.9168626 322.7894 
  0.9670331 310.1635 
  0.9870092 307.085 
  0.9883491 304.037 
  0.9954695 304.037 
  0.9864199 305.5572 
  0.9770737 308.6204 
  0.9624332 311.7143 
  0.9076087 313.2729 
  0.5028201 310.1635 
  0.1881477 311.7143 
  -0.1913822 313.2729 
  -0.1346978 314.8393 
  -0.08070906 316.4135 
  -0.02971882 317.9955 
  -0.02730535 319.5855 
  0.00845778 319.5855 
  -0.07004537 319.5855 
  -0.08661352 319.5855 
  0.2926322 319.5855 
  0.6177385 319.5855 
  0.1356395 319.5855 
  -0.2629293 319.5855 
  0.3661761 319.5855 
  0.02629994 319.5855 
  0.8635107 327.6555 
  0.8279806 322.7894 
  0.8445215 313.2729 
  0.9870995 307.085 
  0.9860552 308.6204 
  0.992402 311.7143 
  0.9872087 313.2729 
  0.9612372 316.4135 
  0.9463534 324.4033 
  0.9542487 330.9402 
  0.9854554 334.2579 
  0.9647386 335.9292 
  0.9322996 332.5949 
  0.5854867 327.6555 
  0.8200651 324.4033 
  0.2437817 319.5855 
  0.2341071 314.8393 
  0.486237 310.1635 
  0.8468075 302.5244 
  0.6346934 292.1447 
  0.4667067 289.245 
  0.02567301 289.245 
  0.4247922 290.6912 
  0.6322871 283.5317 
  0.2220758 286.3741 
  0.4637831 276.5485 
  0.1453365 267.06 
  -0.004227002 257.8971 
  -0.2076756 247.8095 
  0.1180801 236.9318 
  0.7279742 229.9466 
  0.9826021 226.5316 
  0.8731762 224.2832 
  0.8959596 222.057 
  0.8879039 218.7592 
  0.9203306 214.4382 
  0.9131529 210.2025 
  0.9319526 206.0505 
  0.980077 204.0054 
  0.9869053 204.0054 
  0.9490755 201.9805 
  0.9668752 199.9758 
  0.9906863 198.9809 
  0.9840865 199.9758 
  0.9878786 199.9758 
  0.9866066 199.9758 
  0.9885865 198.9809 
  0.9875911 197.9909 
  0.9897983 197.0059 
  0.9847884 196.0257 
  0.9788635 195.0505 
  0.9834171 194.0801 
  0.9788784 195.0505 
  0.9714708 197.0059 
  0.9340039 199.9758 
  0.9234135 204.0054 
  0.9486206 207.0808 
  0.9716959 210.2025 
  0.9644673 212.3098 
  0.9468814 214.4382 
  0.8979868 216.5879 
  0.8918016 218.7592 
  0.946021 219.853 
  0.9841345 220.9523 
  0.9880372 222.057 
  0.9484872 223.1673 
  0.5078171 224.2832 
  -0.01411806 225.4046 
  -0.08836074 226.5316 
  -0.003529688 227.6642 
  -0.06430929 228.8026 
  -0.09697401 229.9466 
  0.06995536 231.0963 
  0.229439 232.2518 
  0.11695 233.4131 
  0.558212 235.753 
  0.8488579 235.753 
  0.9298607 239.307 
  0.9330783 242.9146 
  0.9630647 246.5766 
  0.9550911 251.5452 
  0.9535209 255.3373 
  0.9618458 260.4825 
  0.9605627 264.4093 
  0.967867 267.06 
  0.9381822 269.7372 
  0.9624032 275.1726 
  0.9905013 279.3209 
  0.9732318 282.1211 
  0.9456622 282.1211 
  0.6859049 282.1211 
  0.02652048 282.1211 
  0.1204184 282.1211 
  0.1785966 282.1211 
  0.0993508 282.1211 
  -0.01934789 282.1211 
  -0.1060706 282.1211 
  -0.2344124 282.1211 
  -0.1393328 282.1211 
  0.1280626 282.1211 
  0.1688085 282.1211 
  0.04189748 282.1211 
  -0.007307316 282.1211 
  -0.1088199 282.1211 
  0.05565764 282.1211 
  -0.03221511 282.1211 
  0.2360708 282.1211 
  0.1049305 282.1211 
  0.1330445 282.1211 
  -0.1446668 282.1211 
  0.8247768 283.5317 
  0.9237674 282.1211 
  0.9654914 277.9312 
  0.9610863 272.4414 
  0.9560632 267.06 
  0.9546908 260.4825 
  0.9587974 255.3373 
  0.9365061 249.0485 
  0.9193693 242.9146 
  0.8902544 236.9318 
  0.899096 229.9466 
  0.8814783 223.1673 
  0.9274168 218.7592 
  0.9738263 215.5104 
  0.984837 212.3098 
  0.9785908 211.2535 
  0.9728103 209.1568 
  0.9662735 206.0505 
  0.9728664 204.0054 
  0.9859396 201.9805 
  0.990613 200.9756 
  0.9947734 199.9758 
  0.9857347 197.9909 
  0.9735807 196.0257 
  0.9795459 194.0801 
  0.9650142 192.1537 
  0.9754552 191.1978 
  0.9913717 190.2465 
  0.9657196 191.1978 
  0.9637003 193.1145 
  0.9273068 195.0505 
  0.8328447 198.9809 
  0.8852453 201.9805 
  0.7694777 202.9904 
  0.7150701 204.0054 
  0.6945006 204.0054 
  0.5828569 204.0054 
  0.07429755 204.0054 
  -0.2894037 204.0054 
  -0.2185815 204.0054 
  -0.1853987 204.0054 
  -0.03200575 204.0054 
  0.09626682 204.0054 
  0.03248452 204.0054 
  0.1479659 204.0054 
  0.06415428 204.0054 
  0.1065563 204.0054 
  -0.01741455 204.0054 
  0.0411097 204.0054 
  0.06743558 204.0054 
  -0.01425984 204.0054 
  -0.1096622 204.0054 
  -0.2590619 204.0054 
  -0.08571403 204.0054 
  -0.2432567 204.0054 ]
