 [
  -0.1061272 153.5239 
  -0.09269513 153.5239 
  -0.1080732 153.5239 
  0.01798401 153.5239 
  0.1701787 153.5239 
  0.0527146 153.5239 
  0.07382216 153.5239 
  -0.1305525 153.5239 
  0.1327547 153.5239 
  0.3104486 153.5239 
  0.4020543 153.5239 
  0.1186695 153.5239 
  0.05364575 153.5239 
  0.6833483 153.5239 
  0.2601543 135.5266 
  0.606575 134.1814 
  0.962099 134.8523 
  0.9763006 133.5138 
  0.9818447 134.1814 
  0.992931 133.5138 
  0.9937012 133.5138 
  0.9758149 132.8496 
  0.9012828 131.531 
  0.9138308 129.5776 
  0.9522254 127.6532 
  0.938933 126.3862 
  0.8688852 125.1317 
  0.7307752 123.2734 
  0.5409197 115.5342 
  0.429973 116.6924 
  0.4640486 117.8622 
  0.4020873 119.639 
  0.2840757 120.8384 
  0.2217175 122.6601 
  0.1074515 127.6532 
  0.1198957 132.1886 
  0.2673182 137.5696 
  0.3815877 143.1697 
  0.669496 145.328 
  0.8865073 146.0546 
  0.9354548 146.0546 
  0.9180446 146.0546 
  0.9284414 145.328 
  0.9894627 144.605 
  0.9867932 144.605 
  0.9878275 143.8855 
  0.9933238 144.605 
  0.9951701 144.605 
  0.9934322 144.605 
  0.9803255 145.328 
  0.9790065 146.7849 
  0.9807625 147.5188 
  0.9947639 148.9977 
  0.9993508 148.9977 
  0.9949264 148.9977 
  0.9886158 148.2564 
  0.9863322 147.5188 
  0.9845654 146.7849 
  0.9770277 146.0546 
  0.9769674 146.0546 
  0.9910454 144.605 
  0.9900414 143.1697 
  0.9888066 141.7487 
  0.9638129 138.9488 
  0.9616691 136.2042 
  0.9465641 132.8496 
  0.9083862 128.9329 
  0.9145481 126.3862 
  0.9314044 125.1317 
  0.9269805 125.1317 
  0.9407241 126.3862 
  0.962607 128.2915 
  0.9817467 130.2255 
  0.9830545 130.2255 
  0.985239 131.531 
  0.9817007 132.1886 
  0.9824238 132.1886 
  0.9858531 132.8496 
  0.9850559 132.8496 
  0.9856036 132.8496 
  0.9845401 132.1886 
  0.9850785 132.1886 
  0.9826723 132.1886 
  0.9819337 132.1886 
  0.9825484 132.1886 
  0.9849055 132.1886 
  0.9797698 132.1886 
  0.9767445 133.5138 
  0.9896272 134.1814 
  0.953345 134.8523 
  0.888299 134.1814 
  0.7528455 132.1886 
  0.1764583 130.8766 
  0.2377523 129.5776 
  0.137435 128.2915 
  -0.01653844 127.0181 
  -0.1187869 126.3862 
  -0.2417928 125.7574 
  -0.1518473 125.1317 
  0.02266562 124.5092 
  0.04667927 123.8897 
  -0.1319511 122.6601 
  0.2158102 122.0498 
  0.01469712 121.4426 
  0.03519886 120.8384 
  -0.0409918 120.2372 
  0.03207628 119.639 
  0.6954839 119.0438 
  0.5129154 120.8384 
  0.4203348 115.5342 
  0.7856213 114.3874 
  0.9722511 116.1118 
  0.9809961 116.1118 
  0.9884918 116.6924 
  0.9858004 116.6924 
  0.9857658 116.6924 
  0.9403191 116.6924 
  0.9030665 116.6924 
  0.6984947 116.1118 
  0.3244372 117.8622 
  0.1376553 118.4515 
  0.1974279 118.4515 
  0.2100277 116.6924 
  0.07021907 111.0151 
  -0.05096738 107.2061 
  0.2165822 104.5657 
  0.2567792 107.2061 
  0.488111 106.142 
  0.684715 107.2061 
  0.8015732 107.7421 
  0.8079917 109.9132 
  0.9069514 111.5702 
  0.9600406 112.128 
  0.9153901 111.0151 
  0.9904777 110.4628 
  0.9719989 109.9132 
  0.9538409 109.9132 
  0.9407103 109.9132 
  0.9324389 110.4628 
  0.8949122 111.0151 
  0.8477938 111.0151 
  0.7868401 111.0151 
  0.7538217 111.0151 
  0.8603249 109.9132 
  0.8434238 109.3664 
  0.7340735 108.8223 
  0.4169113 108.8223 
  0.2206295 108.8223 
  -0.04757553 108.8223 
  0.2861659 109.3664 
  0.6522679 109.9132 
  0.879095 109.9132 
  0.871464 109.9132 
  0.8603092 109.9132 
  0.45881 110.4628 
  0.2637894 113.2521 
  0.1626267 117.2759 
  0.1662828 120.8384 
  0.2992302 122.6601 
  0.121243 123.2734 
  0.1898746 123.8897 
  0.2404344 123.8897 
  0.2659252 123.8897 
  0.1890547 123.8897 
  0.1986604 123.8897 
  0.2167131 123.2734 
  0.2728199 123.2734 
  0.2137678 122.6601 
  0.4476314 122.6601 
  0.1842013 122.6601 
  0.5197073 122.6601 
  0.1009532 122.6601 
  0.05118339 122.6601 
  0.05642753 122.6601 
  -0.002724599 122.6601 
  0.01506993 122.6601 
  0.08723482 122.6601 
  0.08295302 122.6601 
  0.06172714 122.6601 
  0.02742007 122.6601 
  -0.2131083 122.6601 
  -0.1111579 122.6601 
  -0.07520893 122.6601 
  -0.078136 122.6601 
  0.03624713 122.6601 
  -0.2204578 122.6601 
  0.008019301 122.6601 
  0.2122959 122.6601 
  0.2938889 122.6601 
  0.183526 122.6601 
  0.07487823 122.6601 ]
