 [
  -0.2082342 144.605 
  -0.1024057 144.605 
  -0.003756683 144.605 
  -0.09799191 144.605 
  -0.240974 144.605 
  -0.3202493 144.605 
  -0.2156418 144.605 
  -0.1854792 144.605 
  0.01532587 144.605 
  -0.1634742 144.605 
  -0.06926073 144.605 
  0.1834842 144.605 
  0.2690901 144.605 
  0.3217343 144.605 
  0.4257817 144.605 
  0.7189667 148.9977 
  0.9467431 149.7427 
  0.8773214 149.7427 
  0.8701466 147.5188 
  0.9225939 148.2564 
  0.9626288 149.7427 
  0.9709239 150.4914 
  0.9696803 149.7427 
  0.859978 147.5188 
  0.7133361 144.605 
  0.6785954 139.6435 
  0.2660553 141.7487 
  -0.1895586 143.8855 
  -0.1044126 146.0546 
  -0.2130703 148.2564 
  0.6259272 149.7427 
  0.701831 154.2915 
  0.5306731 162.9929 
  0.7012818 173.046 
  0.9566967 180.0902 
  0.9858121 183.7191 
  0.9840709 186.4887 
  0.9042573 192.1537 
  0.7942804 200.9756 
  0.900885 215.5104 
  0.9816195 224.2832 
  0.9968624 227.6642 
  0.9964346 228.8026 
  0.9860443 226.5316 
  0.9568475 222.057 
  0.9568024 214.4382 
  0.9742604 208.1162 
  0.9854217 205.0254 
  0.9905798 205.0254 
  0.9873769 205.0254 
  0.987735 202.9904 
  0.9836741 199.9758 
  0.9745756 197.0059 
  0.9730002 194.0801 
  0.9826216 190.2465 
  0.9841509 187.4211 
  0.9826454 184.6377 
  0.978001 181.8956 
  0.9819409 180.0902 
  0.9726516 178.3027 
  0.966764 176.533 
  0.9559438 173.9112 
  0.9696472 171.3284 
  0.9821995 169.6279 
  0.9789083 168.784 
  0.9847904 167.9442 
  0.9891267 167.1087 
  0.9931968 167.1087 
  0.9946805 166.2773 
  0.9893062 166.2773 
  0.9566712 164.6269 
  0.8732923 162.9929 
  0.7947521 160.5723 
  0.5298932 161.3751 
  0.6870995 159.7734 
  0.6615061 155.063 
  0.7961949 149.7427 
  0.7249228 143.1697 
  0.6370363 136.2042 
  0.6767909 128.2915 
  0.8705372 122.0498 
  0.7191431 123.2734 
  0.6912299 126.3862 
  0.6272761 128.9329 
  0.5668538 131.531 
  0.09217303 133.5138 
  -0.1710191 135.5266 
  -0.2412758 138.2575 
  -0.0885441 140.3417 
  0.1781769 142.4574 
  0.01309667 144.605 
  0.00244762 146.7849 
  0.1150037 149.7427 
  0.08693741 152.7601 
  -0.2276294 155.8383 
  0.2230357 158.1876 
  0.3102605 160.5723 
  0.2276562 162.9929 
  -0.2095063 166.2773 
  0.6091529 168.784 
  0.7930184 166.2773 
  0.9507205 165.4501 
  0.960715 165.4501 
  0.9368793 164.6269 
  0.9195328 163.8079 
  0.9832135 161.3751 
  0.9927653 160.5723 
  0.9896914 160.5723 
  0.9856594 159.7734 
  0.9757853 159.7734 
  0.9773388 158.9785 
  0.9871807 158.1876 
  0.9707921 157.4006 
  0.9634949 155.8383 
  0.9603865 155.063 
  0.9721641 152.7601 
  0.9751451 150.4914 
  0.9747401 147.5188 
  0.9710066 145.328 
  0.9478054 142.4574 
  0.9433794 138.9488 
  0.9268053 136.8852 
  0.9310582 135.5266 
  0.9547749 134.8523 
  0.8898492 134.1814 
  0.8846996 132.8496 
  0.9043181 130.8766 
  0.9027504 128.9329 
  0.8243567 128.2915 
  0.7603896 124.5092 
  0.8570634 122.0498 
  0.9430537 120.2372 
  0.9068402 118.4515 
  0.8411534 117.2759 
  0.8587314 116.1118 
  0.9900041 116.1118 
  0.9889381 115.5342 
  0.9753174 114.9594 
  0.9025189 114.9594 
  0.4337813 115.5342 
  0.232259 116.1118 
  0.6997339 117.2759 
  0.8690596 116.1118 
  0.946841 114.9594 
  0.968941 113.8184 
  0.9239063 113.2521 
  0.786183 112.6886 
  0.5292754 111.5702 
  0.5360711 113.2521 
  0.7939595 114.9594 
  0.9162478 116.6924 
  0.9735355 117.8622 
  0.9963383 118.4515 
  0.9698592 119.639 
  0.8205645 121.4426 
  0.8211359 120.8384 
  0.8850781 120.2372 
  0.923591 119.639 
  0.8939348 119.639 
  0.7330689 117.8622 
  0.461383 114.9594 
  0.3265985 113.2521 
  0.2285922 104.5657 
  0.5919812 104.0455 
  0.05554823 103.5278 
  0.3937226 109.9132 
  0.05786705 108.8223 
  -0.06012819 109.3664 
  -0.02998572 111.0151 
  0.2874277 112.6886 
  0.7574872 114.9594 
  0.8823208 117.8622 
  0.9495457 120.8384 
  0.9872006 122.6601 
  0.9672539 123.8897 
  0.7411523 125.7574 
  0.743839 123.8897 
  0.8260485 122.6601 
  0.9748651 122.0498 
  0.97898 122.0498 
  0.9795703 122.6601 
  0.9879041 122.0498 
  0.9874604 122.0498 
  0.9881285 120.8384 
  0.9872567 120.2372 
  0.9896985 119.0438 
  0.9950898 117.8622 
  0.9930502 116.6924 
  0.9559514 115.5342 
  0.9322911 113.8184 
  0.9477592 112.6886 
  0.9950657 112.128 
  0.9949316 111.0151 
  0.9871376 109.9132 
  0.9771976 108.2809 
  0.9751501 106.6728 
  0.9890586 105.0885 
  0.863237 103.5278 
  0.5466437 101.4829 
  0.6852396 100.978 
  0.7581105 99.97575 
  0.6760947 98.00098 
  0.8653126 96.06523 
  0.8816864 94.1677 
  0.9043908 92.7692 
  0.8731691 91.39146 
  0.9140596 90.48434 
  0.7512575 90.48434 
  0.6278742 90.93677 
  0.66824 90.93677 
  0.3147272 90.03418 
  0.06899431 89.14054 
  0.5419102 89.58624 
  0.2967297 89.58624 
  0.1929181 89.58624 
  -0.1042087 90.03418 
  0.1792636 90.03418 
  -0.2965181 90.03418 
  -0.09916186 90.03418 
  -0.2055623 90.03418 
  -0.1833187 90.03418 
  -0.06807192 90.03418 
  -0.09260783 90.03418 
  -0.1007438 90.03418 
  -0.0591282 90.03418 
  -0.09219819 90.03418 
  0.06812444 90.03418 
  0.2493206 90.48434 
  0.1438394 90.48434 
  0.05819159 90.48434 
  0.1636572 90.48434 
  -0.0312803 90.93677 
  0.003616968 91.39146 
  0.1139861 91.39146 
  0.07286641 91.39146 
  0.135413 91.39146 
  -0.05278661 91.39146 
  -0.02782133 91.39146 
  0.08347388 91.39146 
  0.1060761 91.39146 
  0.2543679 91.39146 
  0.0847356 91.39146 
  -0.07503008 91.39146 
  -0.1663802 91.39146 
  0.003990523 91.39146 
  0.05993193 91.39146 
  0.132206 91.39146 
  0.09809034 91.39146 
  -0.04299945 91.39146 
  -0.01969147 91.39146 
  0.1692851 91.39146 
  0.09492898 91.39146 ]
