 [
  0.01610558 138.9488 
  -0.1324185 138.9488 
  -0.004891428 138.9488 
  0.1721155 138.9488 
  0.2273682 138.9488 
  0.1421732 138.9488 
  -0.2830278 138.9488 
  -0.3066992 138.9488 
  0.07955013 138.9488 
  0.06953238 138.9488 
  0.07652916 138.9488 
  -0.2334531 138.9488 
  0.6650851 138.9488 
  0.7744751 138.9488 
  0.8581939 140.3417 
  0.8561361 142.4574 
  0.9014122 145.328 
  0.8441802 146.7849 
  0.847783 146.7849 
  0.7252955 145.328 
  0.9894928 145.328 
  0.9825126 144.605 
  0.9677953 143.8855 
  0.79706 143.1697 
  0.8845755 141.7487 
  0.8657341 140.3417 
  0.8967305 138.9488 
  0.8760335 135.5266 
  0.7790409 132.8496 
  0.6417954 130.8766 
  0.09949825 132.8496 
  0.4307193 135.5266 
  -0.2327588 138.2575 
  0.04692607 141.0434 
  0.4551409 143.8855 
  -0.05195438 146.7849 
  -0.03776022 149.7427 
  0.03497819 152.7601 
  -0.0289306 155.8383 
  0.2270138 158.9785 
  0.01865757 163.8079 
  0.06141059 170.476 
  0.8120306 178.3027 
  0.8971427 176.533 
  0.961717 177.4156 
  0.9625077 180.0902 
  0.9877864 182.8051 
  0.9630637 183.7191 
  0.8865035 183.7191 
  0.6880544 185.5609 
  0.5574992 194.0801 
  0.9047821 201.9805 
  0.8835084 207.0808 
  0.9500369 209.1568 
  0.9908082 210.2025 
  0.9928889 207.0808 
  0.9911152 204.0054 
  0.9776506 199.9758 
  0.8909985 194.0801 
  0.839611 190.2465 
  0.8008884 182.8051 
  0.465926 181.8956 
  -0.05979224 180.9906 
  0.02206148 180.0902 
  0.0174752 179.1942 
  -0.1106206 178.3027 
  -0.07584346 177.4156 
  -0.01779736 176.533 
  0.04295521 175.6547 
  0.6846235 174.7808 
  0.7698246 167.9442 
  0.8567834 162.182 
  0.9222437 158.1876 
  0.8915105 153.5239 
  0.8651737 148.9977 
  0.8690329 143.8855 
  0.8522918 140.3417 
  0.8417479 135.5266 
  0.6244853 133.5138 
  0.514504 135.5266 
  0.2213718 138.9488 
  0.4034861 143.1697 
  0.8473581 148.9977 
  0.8916224 155.8383 
  0.9090115 158.9785 
  0.9469004 162.182 
  0.9654208 164.6269 
  0.9693703 167.1087 
  0.9708617 170.476 
  0.9762525 172.185 
  0.9926723 174.7808 
  0.9948586 174.7808 
  0.9910633 174.7808 
  0.9796321 173.046 
  0.9597909 170.476 
  0.9325651 167.1087 
  0.928693 164.6269 
  0.9333331 161.3751 
  0.8443266 157.4006 
  0.8165315 153.5239 
  0.7980523 148.9977 
  0.8090598 145.328 
  0.9175948 141.0434 
  0.891273 139.6435 
  0.8803589 137.5696 
  0.8483089 135.5266 
  0.7516065 134.8523 
  0.9898385 135.5266 
  0.9677984 135.5266 
  0.9138452 135.5266 
  0.8151729 136.2042 
  0.6596277 136.8852 
  0.2042392 137.5696 
  0.0467615 138.2575 
  -0.09982049 138.9488 
  -0.1925932 139.6435 
  -0.127938 140.3417 
  -0.06959421 141.0434 
  0.2274477 141.7487 
  0.7723703 143.1697 
  0.8934575 143.8855 
  0.9320694 143.1697 
  0.9425254 141.7487 
  0.9392695 139.6435 
  0.9228917 136.2042 
  0.9418787 132.1886 
  0.9719056 129.5776 
  0.9337611 127.6532 
  0.9373345 124.5092 
  0.8621844 123.2734 
  0.6728119 123.2734 
  0.1497876 125.7574 
  0.1549258 127.6532 
  -0.3719189 129.5776 
  -0.2149412 131.531 
  -0.1275254 133.5138 
  -0.1031111 134.8523 
  0.009589739 136.2042 
  0.04482181 137.5696 
  0.002126039 138.9488 
  0.03363788 140.3417 
  0.09039101 141.7487 
  0.6804303 142.4574 
  0.8569018 141.7487 
  0.9731123 142.4574 
  0.9627453 144.605 
  0.8640826 148.2564 
  0.8519918 151.2439 
  0.925016 152.0001 
  0.9576088 153.5239 
  0.9877505 155.063 
  0.9878555 155.8383 
  0.912374 158.1876 
  0.9003504 160.5723 
  0.9594533 164.6269 
  0.9818018 166.2773 
  0.988654 167.1087 
  0.9927117 167.9442 
  0.9861586 167.9442 
  0.9726233 167.9442 
  0.9499924 166.2773 
  0.9630628 162.9929 
  0.9688152 160.5723 
  0.959921 156.6175 
  0.9492044 152.0001 
  0.9192267 147.5188 
  0.8654531 143.1697 
  0.8629128 138.9488 
  0.9336691 134.8523 
  0.9630864 131.531 
  0.9552801 128.2915 
  0.9503763 125.7574 
  0.9600475 123.2734 
  0.88453 121.4426 
  0.8476724 120.2372 
  0.9126561 119.0438 
  0.9623381 118.4515 
  0.9590493 117.8622 
  0.6725655 117.8622 
  0.7703245 116.6924 
  0.8433382 116.1118 
  0.9479058 115.5342 
  0.9519591 114.9594 
  0.963921 113.8184 
  0.9231038 113.2521 
  0.8466024 112.6886 
  0.7524806 112.128 
  0.5645809 112.6886 
  0.2318261 113.8184 
  0.1650772 114.9594 
  0.08325878 116.1118 
  0.226807 117.2759 
  0.2402178 118.4515 
  0.1760707 119.0438 
  -0.05081651 119.639 
  0.03085836 120.2372 
  0.08338189 120.8384 
  0.1292526 121.4426 
  0.1780287 122.0498 
  0.06343205 123.2734 
  0.5935812 123.2734 
  0.5758212 121.4426 
  0.784815 118.4515 
  0.958086 115.5342 
  0.8875914 112.6886 
  0.8523046 110.4628 
  0.7956885 108.8223 
  0.6052445 108.8223 
  0.5512238 109.9132 
  0.2977623 111.5702 
  0.1553262 113.8184 
  0.01592692 116.1118 
  0.03143931 118.4515 
  0.309438 120.8384 
  -0.1957536 123.2734 
  0.05591852 125.7574 
  0.06505658 128.2915 
  -0.2092307 130.8766 
  -0.05058328 133.5138 
  0.02364971 136.8852 
  0.1887268 139.6435 
  -0.09138465 142.4574 
  0.497113 141.0434 
  0.3597394 131.531 
  0.7111892 129.5776 
  0.9164756 129.5776 
  0.9365445 129.5776 
  0.9232345 129.5776 
  0.9423348 130.2255 
  0.9737831 130.2255 
  0.977302 130.2255 
  0.9679279 130.8766 
  0.9732515 130.8766 
  0.9567845 130.8766 
  0.9329281 128.9329 
  0.9481379 127.6532 
  0.8791248 125.7574 
  0.7350585 122.6601 
  0.7781489 119.639 
  0.66563 116.6924 
  0.5552502 114.3874 
  0.5931579 112.128 
  0.7992436 109.3664 
  0.7677878 107.2061 
  0.6463356 104.5657 
  0.7982621 102.5003 
  0.8188883 100.978 
  0.8928367 99.97575 
  0.8752159 98.98344 
  0.7894464 98.491 
  0.6176838 98.491 
  0.3963289 98.00098 
  0.8363733 98.00098 
  0.7075133 98.00098 
  0.3144484 98.00098 
  0.02479754 98.00098 
  0.1754884 98.00098 
  0.02566995 98.00098 
  -0.1470958 98.00098 
  -0.2972692 98.00098 
  -0.1481391 98.00098 
  -0.2274462 98.00098 
  -0.09873506 98.00098 
  -0.05875674 98.00098 
  -0.2801886 98.00098 
  0.0627892 98.00098 
  0.03332588 98.00098 
  0.1788281 98.00098 ]
