 [
  -0.02637099 135.5266 
  0.2075415 135.5266 
  -0.02434569 135.5266 
  0.150523 135.5266 
  0.104902 135.5266 
  -0.04554707 135.5266 
  -0.1663238 135.5266 
  0.05166044 135.5266 
  -0.03202296 135.5266 
  -0.04855726 135.5266 
  -0.001002166 135.5266 
  0.0970459 135.5266 
  -0.08420002 135.5266 
  -0.05018854 135.5266 
  0.01532505 135.5266 
  0.118149 135.5266 
  0.158291 135.5266 
  0.03012708 135.5266 
  0.1988239 135.5266 
  0.7223496 136.2042 
  0.5609521 133.5138 
  0.6292644 130.2255 
  0.2799547 124.5092 
  0.7174766 120.8384 
  0.5805808 118.4515 
  0.3538721 116.6924 
  0.07422308 115.5342 
  0.1961385 114.3874 
  0.2008175 113.8184 
  0.7764397 114.9594 
  0.9104719 113.8184 
  0.9813246 112.6886 
  0.9927524 111.5702 
  0.99485 111.0151 
  0.997512 110.4628 
  0.9836947 109.9132 
  0.7968516 109.3664 
  0.4435616 108.2809 
  -0.407071 105.614 
  0.2462203 103.0128 
  0.2705908 100.978 
  0.3956827 98.98344 
  0.2349263 97.02828 
  -0.06453123 95.11173 
  -0.282089 93.23304 
  -0.108178 91.39146 
  -0.03983235 89.58624 
  0.0241023 87.8167 
  0.04160836 86.0821 
  0.05004368 85.65383 
  0.2339583 85.2277 
  0.4810703 83.54424 
  0.2101273 83.96195 
  0.4695609 85.65383 
  0.5643328 86.0821 
  0.5803034 85.65383 
  0.4416424 77.90971 
  0.1853414 74.86229 
  0.3406591 75.2366 
  0.4403826 75.2366 
  0.3968509 74.86229 
  0.7395969 123.2734 
  0.824404 123.8897 
  0.9775058 124.5092 
  0.9661177 124.5092 
  0.9445322 123.2734 
  0.9796953 122.6601 
  0.991025 122.0498 
  0.96481 121.4426 
  0.9568685 120.8384 
  0.8560889 120.2372 
  0.7334503 118.4515 
  0.7346154 113.2521 
  0.3590161 109.9132 
  0.07886688 107.7421 
  0.2024848 106.142 
  -0.03183502 105.0885 
  -0.1626732 104.0455 
  -0.01451116 103.0128 
  0.08190392 101.9903 
  0.03978105 100.978 
  -0.001539713 99.97575 
  0.1790028 98.491 
  -0.1741513 97.51342 
  0.4451432 96.54556 
  0.3906499 93.23304 
  0.5982357 94.63854 
  0.548655 97.02828 
  0.5470298 100.978 
  0.6288598 105.0885 
  0.669111 105.614 
  0.7238522 103.0128 
  0.5884122 102.5003 
  0.1816657 102.5003 
  0.2070405 106.6728 
  0.2122684 111.5702 
  0.1311799 113.8184 
  0.2270506 113.8184 
  0.3526405 113.2521 
  0.2994281 112.6886 
  0.0538898 112.128 
  0.3748595 111.5702 
  0.01178104 111.0151 
  -0.2681297 110.4628 
  0.157572 109.9132 
  0.3251262 109.9132 
  0.1779014 109.9132 
  0.2735674 109.9132 
  0.09814607 109.9132 
  0.04479694 109.3664 
  0.1917026 108.2809 
  0.2795843 107.7421 
  0.1944774 107.2061 
  0.141113 107.2061 
  -0.1147989 107.2061 
  -0.07238313 107.2061 
  0.0322088 107.2061 
  0.1090793 107.2061 
  0.06891315 107.2061 
  -0.1172511 107.2061 
  -0.150589 107.2061 
  0.05332005 107.2061 
  -0.07919118 107.2061 
  -0.1444359 107.2061 
  -0.06797101 107.2061 
  -0.02417095 107.2061 
  -0.01288005 107.2061 
  0.0529179 107.2061 
  0.1762937 107.2061 
  0.2513648 106.6728 
  0.1900225 106.6728 
  0.4190109 106.6728 
  0.7010707 107.2061 
  0.9075364 107.7421 
  0.9714994 108.2809 
  0.3159235 108.8223 
  0.1563541 109.3664 
  0.3927652 109.9132 
  0.5108386 108.2809 
  0.5905582 107.7421 
  0.2261111 115.5342 
  0.4808023 117.8622 
  0.4039667 117.2759 
  0.3689498 111.0151 
  0.4737452 108.2809 
  -0.1545297 108.8223 
  0.460046 108.8223 
  -0.3316088 109.3664 
  -0.3407751 109.9132 
  -0.6462999 110.4628 
  -0.8460305 111.0151 
  -0.8698313 112.128 
  -0.9038645 113.2521 
  -0.8916432 114.3874 
  -0.908392 115.5342 
  -0.8302706 116.6924 
  -0.308176 117.8622 
  -0.1943975 119.0438 
  0.02144234 120.2372 
  -0.09324896 121.4426 
  -0.1212642 122.6601 
  -0.2159704 123.2734 
  -0.1385993 124.5092 
  0.4936693 128.9329 
  0.3176929 140.3417 
  0.5335373 140.3417 
  0.6328216 138.9488 
  0.8079761 136.2042 
  0.9533921 136.8852 
  0.9717851 137.5696 
  0.9432421 138.9488 
  0.9697204 141.7487 
  0.9731151 141.7487 
  0.9740898 141.7487 
  0.9579134 141.0434 
  0.9189192 139.6435 
  0.975935 137.5696 
  0.9449738 138.9488 
  0.9644079 140.3417 
  0.8906646 139.6435 
  0.9071323 138.9488 
  0.8894535 138.2575 
  0.9307646 136.8852 
  0.9483117 135.5266 
  0.939466 134.1814 
  0.9033413 132.8496 
  0.8311131 132.1886 
  0.2268516 140.3417 
  -0.02459879 152.0001 
  0.0248687 165.4501 
  0.1964858 179.1942 
  -0.1669974 192.1537 
  -0.06552611 205.0254 
  -0.2259499 219.853 
  -0.03419238 235.753 
  -0.2220786 252.8029 
  0.06653408 271.0859 
  0.01165645 290.6912 
  -0.1040527 311.7143 
  0.2147269 334.2579 
  0.3744379 356.6486 
  0.06639598 378.6459 
  0.5244012 400 
  0.5196446 398.0099 
  0.6105146 365.6544 
  0.696906 346.1339 
  0.6208892 339.2969 
  0.4510607 330.9402 
  0.4720605 319.5855 
  0.1527637 310.1635 
  0.07074343 299.5217 
  0.007906633 287.806 
  0.02161407 276.5485 
  0.09207588 265.7313 
  0.08080577 255.3373 
  -0.01262315 245.3498 
  -0.1088873 235.753 
  -0.1478841 226.5316 
  0.008254237 217.6709 
  0.180074 209.1568 
  0.1184765 200.9756 
  -0.06901219 193.1145 
  0.03446608 185.5609 
  -0.001258592 179.1942 
  0.3148842 172.185 
  0.3360448 171.3284 
  0.3626612 166.2773 
  0.3094777 139.6435 
  0.2558611 126.3862 
  0.5893884 125.1317 
  0.9319147 125.1317 
  0.9470399 126.3862 
  0.9883823 127.0181 
  0.9728146 127.0181 
  0.8806733 125.7574 
  0.7764215 123.2734 
  0.4916939 120.2372 
  0.3296019 123.2734 
  0.1375938 125.7574 
  0.3340753 125.7574 
  0.06891522 143.1697 
  0.3206859 146.7849 
  0.7158354 146.7849 
  0.9300234 143.1697 
  0.8955185 140.3417 
  0.9072053 137.5696 
  0.9363384 134.8523 
  0.8570006 132.1886 
  0.7942829 128.9329 
  0.6610224 126.3862 
  0.04156828 125.1317 
  -0.1907051 127.6532 
  0.1136648 131.531 
  0.1835932 135.5266 
  0.06657068 138.2575 
  -0.1935579 141.7487 
  0.2504807 139.6435 
  0.3755699 138.9488 
  0.1322046 128.9329 
  0.37769 120.8384 
  0.3622333 127.6532 
  0.252797 127.0181 
  0.1782352 127.0181 
  0.1135191 126.3862 
  0.02383973 134.1814 
  0.3589988 128.9329 
  0.6901345 128.9329 
  0.9419811 128.2915 
  0.9404299 129.5776 
  0.9039418 130.2255 
  0.8841466 132.8496 
  0.7496452 137.5696 
  0.5433136 138.9488 
  0.06143003 138.2575 
  -0.3484345 136.8852 
  0.2350326 135.5266 
  0.2214115 134.1814 
  0.1763272 132.8496 
  0.2069271 131.531 
  0.3425044 130.8766 
  0.1245954 130.2255 
  0.1066317 129.5776 
  0.2463824 128.9329 
  0.04539927 128.2915 
  0.01688312 127.6532 
  0.2679423 126.3862 
  -0.3661585 125.7574 
  0.4195884 124.5092 
  0.2930214 123.2734 
  0.1085071 122.0498 
  0.2186539 121.4426 
  0.4095359 120.8384 
  0.1190062 120.2372 
  0.3027833 119.639 
  0.2387327 119.0438 
  -0.03907937 118.4515 
  -0.005796928 117.8622 
  0.1142228 117.2759 
  0.2907965 117.8622 
  0.4017222 118.4515 
  0.3008806 119.0438 
  0.1280779 122.6601 
  0.2644949 125.1317 
  0.5230935 119.639 
  0.6606838 116.1118 
  0.9538605 114.3874 
  0.9214637 113.2521 
  0.9552882 113.2521 
  0.9396323 113.2521 
  0.9225425 114.9594 
  0.9413818 116.1118 
  0.9738809 116.6924 
  0.9753861 116.6924 
  0.9490796 116.6924 
  0.9276792 117.2759 
  0.8493879 117.2759 
  0.7340546 114.9594 
  0.1145688 116.6924 
  -0.5118119 118.4515 
  0.1228087 120.2372 
  0.3751428 122.0498 
  0.4166486 123.8897 
  0.3256881 125.7574 
  0.02286815 127.6532 
  -0.04537636 129.5776 
  -0.02037909 131.531 
  -0.06678437 132.8496 
  -0.1530838 134.1814 
  0.09989009 135.5266 
  0.1258705 136.8852 
  0.1910358 138.9488 
  0.2679163 138.9488 
  0.5316916 138.9488 
  0.2291474 137.5696 
  0.02654826 132.8496 
  0.265147 128.9329 
  0.46701 125.1317 
  0.6059787 122.0498 
  0.8364363 119.639 
  0.9332836 117.8622 
  0.6231542 116.1118 
  0.5208933 113.8184 
  0.3223021 112.128 
  0.2111681 112.128 
  0.4003053 112.6886 
  -0.03656788 113.8184 
  -0.05548493 117.8622 
  0.3694798 117.2759 
  0.3082345 113.8184 
  0.645281 113.2521 
  0.6564318 113.8184 
  0.9399355 114.9594 
  0.9830195 113.8184 
  0.9525554 113.2521 
  0.860446 113.8184 
  0.3713758 116.1118 
  0.5389603 119.639 
  0.3364215 121.4426 
  0.3173145 123.8897 
  0.05159849 128.2915 
  0.1454202 133.5138 
  0.1504697 140.3417 
  0.1406723 146.7849 
  -0.3227804 152.7601 
  -0.203642 158.9785 
  0.1812602 165.4501 
  0.3773744 172.185 
  0.7342284 178.3027 
  0.9200648 184.6377 
  0.04233514 191.1978 
  0.01796977 197.9909 
  -0.01149302 205.0254 
  -0.0348224 212.3098 
  0.09502137 220.9523 
  0.1377846 229.9466 
  -0.002242379 239.307 
  -0.2251895 249.0485 
  -0.07119457 259.1866 
  0.02146643 268.3953 
  0.01169966 277.9312 
  -0.008946882 289.245 
  0.03432355 301.0193 
  -0.1520137 313.2729 
  -0.3109613 326.0254 
  -0.3194738 339.2969 
  0.2183871 353.1087 
  0.2885235 367.4827 
  0.4334483 380.5392 
  0.531198 388.2072 
  0.5280702 394.0595 
  0.2547369 396.0298 
  0.4715859 400 
  0.5771751 400 
  0.4422012 400 
  0.4146319 400 
  0.4360615 400 
  0.4356324 400 
  0.4252104 400 
  0.4300045 400 
  0.5209398 400 
  0.6274396 400 
  0.6727217 400 
  0.678383 400 
  0.5688127 400 
  0.5997303 400 
  0.542994 400 
  0.5764607 398.0099 
  0.5091092 394.0595 
  0.3955915 390.1483 
  0.3431156 388.2072 
  -0.002663208 388.2072 
  -0.5185668 388.2072 
  -0.5580655 388.2072 
  -0.7104374 388.2072 
  -0.8601801 388.2072 
  -0.9687429 388.2072 
  -0.8148108 388.2072 
  0.2819849 388.2072 
  0.2998159 388.2072 
  0.3412838 388.2072 
  0.1191553 388.2072 
  0.09702907 388.2072 
  0.04680521 388.2072 
  0.06743506 388.2072 
  0.01661878 388.2072 
  0.09285701 388.2072 
  0.1134269 388.2072 
  0.293443 388.2072 
  0.2329539 388.2072 
  0.07166827 388.2072 
  -0.1223688 388.2072 
  0.1647477 388.2072 
  -0.1629753 388.2072 
  -0.2895916 388.2072 
  -0.1400412 388.2072 
  -0.07559001 388.2072 
  -0.05116352 388.2072 
  0.03273164 388.2072 
  0.2739075 388.2072 
  0.06664687 388.2072 
  -0.0957522 388.2072 
  0.2088553 388.2072 
  0.1660489 388.2072 
  0.08546305 388.2072 
  -0.03301575 388.2072 
  0.02106808 388.2072 
  0.230359 388.2072 
  0.02199866 388.2072 
  0.004712278 388.2072 
  -0.01342467 388.2072 
  -0.1103088 388.2072 
  -0.1014056 388.2072 
  -0.05669271 388.2072 
  -0.1167215 388.2072 
  -0.1577882 388.2072 
  -0.07952229 388.2072 
  0.2009349 388.2072 
  0.1126279 388.2072 
  0.1073961 388.2072 
  -0.1564714 388.2072 
  -0.06585094 388.2072 
  -0.01531325 388.2072 
  0.1521518 388.2072 
  0.02539062 388.2072 
  -0.07109986 388.2072 
  0.01157254 388.2072 
  0.2234609 388.2072 
  0.2414267 388.2072 
  0.1669888 388.2072 ]
