 [
  -0.004887526 226.5316 
  0.159092 226.5316 
  0.4272114 226.5316 
  0.3740436 226.5316 
  0.2003523 226.5316 
  -0.003913026 226.5316 
  -0.002092008 226.5316 
  0.07877818 226.5316 
  -0.08956411 226.5316 
  0.04463818 226.5316 
  0.06133395 226.5316 
  -0.0895205 226.5316 
  0.3173738 226.5316 
  0.1393277 226.5316 
  0.02794997 226.5316 
  0.5079255 226.5316 
  0.7927338 227.6642 
  0.9004693 226.5316 
  0.8755747 222.057 
  0.8749385 217.6709 
  0.9869425 214.4382 
  0.9785049 214.4382 
  0.9726335 216.5879 
  0.9831995 216.5879 
  0.9755982 215.5104 
  0.9470871 213.3714 
  0.8662978 208.1162 
  0.7301694 200.9756 
  0.6054267 189.3 
  0.8771244 178.3027 
  0.6490526 179.1942 
  0.2236181 181.8956 
  0.1286607 202.9904 
  0.2891212 193.1145 
  0.7041639 200.9756 
  0.7686782 210.2025 
  0.8901831 216.5879 
  0.9318284 222.057 
  0.9660918 226.5316 
  0.9641526 231.0963 
  0.9611053 234.5801 
  0.9477219 240.5036 
  0.9589157 245.3498 
  0.9769721 249.0485 
  0.9899444 251.5452 
  0.9732034 250.2938 
  0.9306587 244.1292 
  0.9432806 235.753 
  0.9813737 228.8026 
  0.9840522 225.4046 
  0.9922517 222.057 
  0.9926835 219.853 
  0.989183 217.6709 
  0.9722632 214.4382 
  0.9339855 209.1568 
  0.9163 202.9904 
  0.9081271 196.0257 
  0.8790194 190.2465 
  0.8270944 183.7191 
  0.910341 178.3027 
  0.9910498 174.7808 
  0.9952824 174.7808 
  0.9881954 174.7808 
  0.98752 173.9112 
  0.985868 173.046 
  0.9419954 173.046 
  0.584399 172.185 
  0.0267643 195.0505 
  0.4184568 202.9904 
  0.2998115 205.0254 
  0.316256 208.1162 
  0.1864793 210.2025 
  0.2380031 212.3098 
  0.5358726 211.2535 
  0.6187539 206.0505 
  0.811035 205.0254 
  0.973122 207.0808 
  0.9628812 209.1568 
  0.9777935 212.3098 
  0.9534205 212.3098 
  0.9102441 211.2535 
  0.6214031 209.1568 
  0.7838135 208.1162 
  0.5737807 207.0808 
  0.5565368 206.0505 
  -0.1264746 205.0254 
  0.01144329 204.0054 
  0.1594994 202.9904 
  0.1093306 201.9805 
  0.09850943 200.9756 
  0.3366977 199.9758 
  0.8078263 199.9758 
  0.9395998 201.9805 
  0.9873065 202.9904 
  0.9933857 204.0054 
  0.9880645 204.0054 
  0.985367 205.0254 
  0.9895469 206.0505 
  0.9825072 208.1162 
  0.9791844 210.2025 
  0.9668554 212.3098 
  0.9668393 213.3714 
  0.9729308 214.4382 
  0.9790654 214.4382 
  0.9713911 215.5104 
  0.9550645 218.7592 
  0.9719839 222.057 
  0.9939874 224.2832 
  0.9973032 225.4046 
  0.9941681 226.5316 
  0.98151 228.8026 
  0.9731411 233.4131 
  0.9854081 238.1164 
  0.9843597 239.307 
  0.9595814 238.1164 
  0.8115413 236.9318 
  0.157212 235.753 
  0.07615287 234.5801 
  0.1286984 233.4131 
  0.03735956 232.2518 
  -0.07505817 231.0963 
  -0.0924475 229.9466 
  0.2501132 228.8026 
  0.4992947 227.6642 
  0.7751372 226.5316 
  0.9281281 224.2832 
  0.9903683 223.1673 
  0.957278 222.057 
  0.8671927 219.853 
  0.9340976 220.9523 
  0.9703431 220.9523 
  0.9611742 218.7592 
  0.9554087 215.5104 
  0.963642 213.3714 
  0.9679743 211.2535 
  0.9825515 211.2535 
  0.9873275 211.2535 
  0.9929541 211.2535 
  0.9869621 212.3098 
  0.989278 212.3098 
  0.9898044 211.2535 
  0.9839212 211.2535 
  0.9765473 211.2535 
  0.9600485 211.2535 
  0.8900672 212.3098 
  0.7846575 216.5879 
  0.9093143 222.057 
  0.8115161 227.6642 
  0.8805196 233.4131 
  0.9068673 239.307 
  0.9535306 242.9146 
  0.9338413 239.307 
  0.9591033 234.5801 
  0.9978737 231.0963 
  0.9940707 231.0963 
  0.9898472 232.2518 
  0.9865045 235.753 
  0.9939647 235.753 
  0.9916765 235.753 
  0.9915156 232.2518 
  0.9814276 228.8026 
  0.951863 222.057 
  0.973781 215.5104 
  0.7802324 213.3714 
  0.4676176 220.9523 
  0.1790605 254.067 
  0.1866385 261.7849 
  0.1398685 254.067 
  0.4781049 251.5452 
  0.4684861 260.4825 
  0.3908654 263.0938 
  0.2083133 260.4825 
  0.132503 228.8026 
  0.2318208 220.9523 
  0.103499 191.1978 
  0.1999044 178.3027 
  0.6403183 180.9906 
  0.9573988 180.0902 
  0.983164 179.1942 
  0.9752613 178.3027 
  0.9779739 176.533 
  0.9843057 175.6547 
  0.9840156 175.6547 
  0.9827977 175.6547 
  0.979147 175.6547 
  0.9743922 174.7808 
  0.9702854 173.9112 
  0.9733824 173.046 
  0.984349 172.185 
  0.9862169 172.185 
  0.9861509 172.185 
  0.9634033 173.046 
  0.9450246 173.046 
  0.748287 173.046 
  0.09082782 174.7808 
  0.05718845 176.533 
  0.0826906 178.3027 
  0.05580251 180.0902 
  0.07936199 181.8956 
  0.09043407 183.7191 
  -0.2245994 185.5609 
  0.6013067 187.4211 
  0.8106684 188.3582 
  0.9941491 188.3582 
  0.9968158 187.4211 
  0.9879103 186.4887 
  0.8059088 185.5609 
  0.5830008 183.7191 
  0.7087482 183.7191 
  0.9192773 181.8956 
  0.9738986 181.8956 
  0.957 180.9906 
  0.9339127 181.8956 
  0.9288549 181.8956 
  0.9133065 181.8956 
  0.8814222 181.8956 
  0.8584709 181.8956 
  0.8153389 180.9906 
  0.5189763 179.1942 
  0.143592 180.0902 
  0.02150124 179.1942 
  0.2968372 181.8956 
  0.2438875 183.7191 
  -0.007788843 186.4887 
  -0.1808224 190.2465 
  9.728828e-06 194.0801 
  0.2571658 198.9809 
  0.1620919 204.0054 
  0.369899 206.0505 
  0.5024509 202.9904 
  0.6723596 197.9909 
  0.821398 194.0801 
  0.9422011 192.1537 
  0.9760215 191.1978 
  0.9712824 191.1978 
  0.947598 189.3 
  0.9341822 186.4887 
  0.9541101 183.7191 
  0.9612789 181.8956 
  0.958351 181.8956 
  0.96649 181.8956 
  0.9343499 180.0902 
  0.9132704 177.4156 
  0.8751564 172.185 
  0.8521964 167.1087 
  0.8539811 163.8079 
  0.9526572 160.5723 
  0.9904103 158.9785 
  0.9857482 158.9785 
  0.9837933 158.1876 
  0.9694394 156.6175 
  0.9531854 155.063 
  0.9742878 153.5239 
  0.9645088 153.5239 
  0.982293 152.7601 
  0.9642208 152.7601 
  0.9341217 153.5239 
  0.9748587 155.063 
  0.958033 155.8383 
  0.9322144 156.6175 
  0.7611479 156.6175 
  0.6219419 156.6175 
  0.462768 156.6175 
  0.2910805 156.6175 
  0.002868382 156.6175 
  0.1035015 156.6175 
  0.2121715 156.6175 
  0.3272693 156.6175 
  0.2943181 156.6175 
  0.2255554 156.6175 
  0.1077399 156.6175 
  0.06205959 156.6175 
  -0.01667797 156.6175 
  0.05920095 156.6175 
  0.2301294 156.6175 
  0.2910722 156.6175 
  -0.003010985 156.6175 
  -0.07203312 156.6175 
  -0.2266066 156.6175 
  -0.3136164 156.6175 
  -0.3357756 156.6175 
  -0.2703809 156.6175 
  0.01460446 156.6175 
  0.07877954 156.6175 
  0.005875433 156.6175 
  -0.2153715 156.6175 
  -0.1730309 156.6175 ]
