 [
  0.07591282 104.5657 
  -0.1054399 104.5657 
  -0.2414357 104.5657 
  -0.1358139 104.5657 
  -0.07403299 104.5657 
  0.5244876 104.5657 
  0.2879786 104.5657 
  0.6065357 104.5657 
  0.4591827 104.5657 
  0.2342332 104.5657 
  0.3293243 104.5657 
  0.1610297 105.0885 
  0.6452322 105.614 
  0.744805 106.142 
  0.8925357 107.7421 
  0.8546689 111.5702 
  0.9224945 114.3874 
  0.9703805 116.1118 
  0.9779216 117.2759 
  0.9809008 117.8622 
  0.9733332 119.0438 
  0.9575852 119.0438 
  0.9425081 118.4515 
  0.9351542 119.0438 
  0.9653087 120.2372 
  0.9595282 119.639 
  0.9366624 119.0438 
  0.9664915 117.8622 
  0.9473026 116.6924 
  0.8940698 115.5342 
  0.8384086 114.3874 
  0.7425322 112.6886 
  -0.4133272 113.8184 
  -0.01240176 116.1118 
  0.2271457 118.4515 
  0.1253006 120.8384 
  -0.09162158 123.2734 
  -0.06760615 125.7574 
  -0.1094306 128.2915 
  0.0331343 130.8766 
  0.1010012 132.1886 
  0.12073 133.5138 
  -0.0138618 134.1814 
  0.6727239 134.8523 
  0.7893825 133.5138 
  0.6474582 128.2915 
  0.8348882 127.0181 
  0.960679 127.0181 
  0.989517 127.6532 
  0.9858949 127.6532 
  0.9677565 127.0181 
  0.9644178 125.7574 
  0.9516279 125.1317 
  0.9335424 123.2734 
  0.8585883 121.4426 
  0.8062897 118.4515 
  0.7956117 114.9594 
  0.9019994 112.6886 
  0.9331589 110.4628 
  0.8879475 108.8223 
  0.9518259 107.2061 
  0.9125206 106.142 
  0.918228 105.0885 
  0.783387 104.0455 
  0.6788162 103.5278 
  0.6728492 103.5278 
  0.8250178 103.0128 
  0.9249857 104.0455 
  0.9122947 105.0885 
  0.8401226 106.6728 
  0.7964257 107.2061 
  0.8484328 107.2061 
  0.9062532 107.2061 
  0.9588268 107.7421 
  0.9741047 108.2809 
  0.9768358 108.8223 
  0.9844608 109.3664 
  0.9801022 109.9132 
  0.9741831 109.9132 
  0.9915386 109.9132 
  0.9738188 109.9132 
  0.9582698 109.9132 
  0.9345365 108.8223 
  0.8409325 108.2809 
  0.8865978 106.6728 
  0.9474443 106.142 
  0.8955263 105.0885 
  0.7530137 103.0128 
  0.7159486 99.97575 
  0.7066756 97.51342 
  0.7057679 95.11173 
  0.6410431 92.30766 
  0.6639495 90.03418 
  0.8632784 88.25578 
  0.9534113 87.3798 
  0.9501896 86.51251 
  0.8581933 86.0821 
  0.7844591 85.65383 
  0.8582053 86.51251 
  0.9644512 87.3798 
  0.9373724 87.8167 
  0.888789 88.25578 
  0.8314694 88.69706 
  0.743142 89.14054 
  0.4763471 89.14054 
  0.2432228 89.14054 
  0.3986647 89.14054 
  0.6369079 89.14054 
  0.7501141 89.14054 
  0.5798812 89.14054 
  0.1973911 89.14054 
  0.03613389 89.14054 
  -0.07799205 89.14054 
  -0.1219478 89.14054 
  0.1633949 89.14054 
  0.1820594 89.14054 
  0.1527919 89.14054 
  -0.04358096 89.14054 
  -0.0328102 89.14054 
  0.09187771 89.14054 ]
