 [
  -0.04915712 280.7175 
  0.04963116 280.7175 
  0.1280109 280.7175 
  0.1988491 280.7175 
  -0.03166571 280.7175 
  0.02235698 280.7175 
  0.2189977 280.7175 
  -0.1746211 280.7175 
  -0.142645 280.7175 
  0.009083898 280.7175 
  -0.06568917 280.7175 
  -0.07010666 280.7175 
  0.1086553 280.7175 
  -0.1211105 280.7175 
  0.7387544 280.7175 
  0.8389983 283.5317 
  0.9282318 284.9493 
  0.9141805 289.245 
  0.9386712 301.0193 
  0.9816077 310.1635 
  0.9931816 314.8393 
  0.9335337 319.5855 
  0.8732131 326.0254 
  0.8906318 347.8645 
  0.980258 358.4318 
  0.9913999 360.224 
  0.9617358 353.1087 
  0.9400402 337.6089 
  0.9286588 316.4135 
  0.896744 296.5488 
  0.896798 279.3209 
  0.9670141 268.3953 
  0.9812109 264.4093 
  0.9652607 260.4825 
  0.9583574 256.614 
  0.8952652 255.3373 
  0.8710057 252.8029 
  0.9538575 247.8095 
  0.9899669 249.0485 
  0.9888718 251.5452 
  0.97434 252.8029 
  0.9788455 256.614 
  0.9745578 261.7849 
  0.966052 265.7313 
  0.9798546 269.7372 
  0.99115 273.8036 
  0.9926514 273.8036 
  0.9915624 273.8036 
  0.9901125 271.0859 
  0.9831228 268.3953 
  0.9757216 265.7313 
  0.9483837 260.4825 
  0.9406307 254.067 
  0.9170862 247.8095 
  0.9038686 240.5036 
  0.9129103 234.5801 
  0.9052433 227.6642 
  0.8945836 220.9523 
  0.9530072 214.4382 
  0.9519311 208.1162 
  0.9712619 204.0054 
  0.9689294 200.9756 
  0.9704816 197.0059 
  0.9780035 194.0801 
  0.9840339 192.1537 
  0.9772459 191.1978 
  0.9607995 190.2465 
  0.9484246 188.3582 
  0.9432458 187.4211 
  0.8777165 188.3582 
  0.6456636 190.2465 
  0.3841268 192.1537 
  0.09808435 195.0505 
  0.2113771 197.9909 
  -0.09061301 200.9756 
  -0.2039554 204.0054 
  -0.2223261 207.0808 
  -0.2070595 210.2025 
  0.4910576 213.3714 
  0.7333279 216.5879 
  0.9521724 218.7592 
  0.9587593 219.853 
  0.9581125 219.853 
  0.970419 218.7592 
  0.9861142 217.6709 
  0.9903691 218.7592 
  0.9945537 218.7592 
  0.9929099 218.7592 
  0.9907286 218.7592 
  0.9892994 217.6709 
  0.9914768 216.5879 
  0.9935166 215.5104 
  0.9935349 215.5104 
  0.9938878 216.5879 
  0.9955294 216.5879 
  0.9915643 215.5104 
  0.9692327 213.3714 
  0.9436013 211.2535 
  0.867563 209.1568 
  -0.2324301 210.2025 
  0.08567683 211.2535 
  0.1751818 212.3098 
  -0.0274703 213.3714 
  -0.006889888 214.4382 
  0.04049162 215.5104 
  0.007582832 216.5879 
  -0.008872787 218.7592 
  -0.007365011 220.9523 
  0.58833 223.1673 
  0.8721585 226.5316 
  0.9187618 224.2832 
  0.8997845 219.853 
  0.9397552 214.4382 
  0.9667572 210.2025 
  0.9836928 207.0808 
  0.9932399 205.0254 
  0.9927303 205.0254 
  0.9854423 206.0505 
  0.985827 208.1162 
  0.9923732 210.2025 
  0.9937738 211.2535 
  0.9888539 213.3714 
  0.9916728 215.5104 
  0.9978346 217.6709 
  0.9992666 217.6709 
  0.9577928 216.5879 
  0.9280918 215.5104 
  0.8007441 213.3714 
  0.9908918 214.4382 
  0.9877924 214.4382 
  0.9737446 212.3098 
  0.9723028 208.1162 
  0.9752402 204.0054 
  0.9697646 198.9809 
  0.9728971 195.0505 
  0.9458834 193.1145 
  0.8592821 192.1537 
  0.6998821 192.1537 
  0.5456204 192.1537 
  0.08132181 193.1145 
  0.1155103 194.0801 
  0.2647048 194.0801 
  0.09375455 194.0801 
  0.1762042 194.0801 
  0.08522207 195.0505 
  0.5183715 194.0801 
  0.6865504 188.3582 
  0.6346841 182.8051 
  0.6153145 173.046 
  0.8825903 164.6269 
  0.9791968 161.3751 
  0.9571829 161.3751 
  0.930056 162.9929 
  0.9307542 165.4501 
  0.9604903 167.1087 
  0.8871869 168.784 
  0.6605726 171.3284 
  0.06970716 174.7808 
  0.02773464 178.3027 
  -0.02167023 181.8956 
  -0.0795456 185.5609 
  -0.1536856 189.3 
  -0.2002333 193.1145 
  -0.06729098 197.0059 
  0.09802319 200.9756 
  -0.005230639 205.0254 
  -0.2101132 209.1568 
  -0.1446361 213.3714 
  0.5621833 216.5879 
  0.8012262 214.4382 
  0.8107596 209.1568 
  0.9725537 202.9904 
  0.9972725 199.9758 
  0.9857799 199.9758 
  0.9087175 200.9756 
  0.7589434 205.0254 
  0.6064935 213.3714 
  0.8021271 222.057 
  0.9342777 229.9466 
  0.9636706 232.2518 
  0.9964893 233.4131 
  0.9984416 233.4131 
  0.9973484 232.2518 
  0.9889016 231.0963 
  0.9709235 227.6642 
  0.9417599 222.057 
  0.9136396 214.4382 
  0.8734039 208.1162 
  0.7522686 202.9904 
  0.4492271 198.9809 
  0.1950669 195.0505 
  0.3233919 192.1537 
  0.2393715 189.3 
  0.08131846 186.4887 
  -0.1920232 182.8051 
  -0.1451375 179.1942 
  0.01076512 175.6547 
  0.156745 172.185 
  0.05715051 168.784 
  0.03388696 165.4501 
  0.0005266084 162.9929 
  0.07707474 160.5723 
  -0.05561607 158.1876 
  0.4558112 155.063 
  0.5604005 156.6175 
  0.7867178 159.7734 
  0.9611994 160.5723 
  0.9345051 158.9785 
  0.9193325 156.6175 
  0.9717754 154.2915 
  0.9540058 152.7601 
  0.971851 151.2439 
  0.9743738 148.9977 
  0.9544745 147.5188 
  0.9431734 146.0546 
  0.9101236 145.328 
  0.8640202 145.328 
  0.9344802 146.0546 
  0.9952257 147.5188 
  0.9825883 148.2564 
  0.7602441 148.9977 
  0.3142587 149.7427 
  0.04472852 150.4914 
  0.0307614 151.2439 
  0.2324758 152.0001 
  0.4514846 152.0001 
  0.6808921 152.0001 
  0.8503927 152.0001 
  0.825899 152.0001 
  0.6940072 152.0001 
  0.1484482 152.0001 
  0.09125707 152.0001 
  -0.1352461 152.0001 
  -0.09878023 152.0001 
  0.04304865 152.0001 
  0.05699009 152.0001 
  0.1623408 152.0001 
  0.06299983 152.0001 
  -0.3117426 152.0001 
  -0.2664201 152.0001 
  -0.03532169 152.0001 
  -0.07399645 152.0001 
  0.2369895 152.0001 
  -0.1499246 152.0001 
  -0.2938651 152.0001 
  -0.1247189 152.0001 
  -0.09489255 152.0001 
  -0.3652949 152.0001 
  -0.4394563 152.0001 
  -0.05690659 152.0001 
  0.1387496 152.0001 
  -0.02912984 152.0001 
  -0.05738903 152.0001 
  -0.0613551 152.0001 
  -0.05787362 152.0001 
  0.1011522 152.0001 
  0.038855 152.0001 
  -0.05271009 152.0001 
  0.02677018 152.0001 
  -0.1168055 152.0001 
  -0.150109 152.0001 
  0.07292666 152.0001 
  0.002524367 152.0001 
  -0.23007 152.0001 
  -0.1850578 152.0001 
  0.03284582 152.0001 ]
