 [
  0.1286861 117.2759 
  0.3374595 117.2759 
  0.3504398 117.2759 
  0.3755425 117.2759 
  0.1608473 117.2759 
  -0.07404265 117.2759 
  0.007464009 117.2759 
  -0.2073138 117.2759 
  -0.3265787 117.2759 
  -0.08704759 117.2759 
  -0.09531313 117.2759 
  0.3016493 117.2759 
  -0.2509656 117.2759 
  0.7548292 117.8622 
  0.8596961 117.8622 
  0.9489318 116.6924 
  0.892363 113.8184 
  0.931152 112.6886 
  0.9018803 112.6886 
  0.8708166 112.128 
  0.8931646 112.128 
  0.893867 112.6886 
  0.9185101 113.2521 
  0.8984048 114.3874 
  0.9132476 116.1118 
  0.8125747 117.8622 
  0.832189 120.2372 
  0.8395156 122.0498 
  0.7794306 124.5092 
  0.6703296 128.9329 
  0.8730253 131.531 
  0.9202379 133.5138 
  0.8190236 136.2042 
  0.8181134 140.3417 
  0.8791959 144.605 
  0.8952747 147.5188 
  0.9568639 148.9977 
  0.9299077 150.4914 
  0.918824 151.2439 
  0.9292339 152.0001 
  0.957781 152.0001 
  0.96928 152.0001 
  0.9760542 152.0001 
  0.9845158 152.0001 
  0.9922041 151.2439 
  0.9936375 151.2439 
  0.9917723 150.4914 
  0.9745018 148.9977 
  0.9540847 147.5188 
  0.9296499 145.328 
  0.8529608 143.8855 
  0.5795344 143.1697 
  0.1123121 143.1697 
  -0.05457554 142.4574 
  0.1524694 141.7487 
  -0.0458034 141.0434 
  -0.08315014 141.0434 
  -0.07119015 141.0434 
  0.04944753 141.7487 
  0.08694965 142.4574 
  0.1040888 142.4574 
  -0.02713321 143.1697 
  -0.003700243 143.8855 
  -0.02610073 143.8855 
  0.04288491 143.8855 
  -0.006618463 143.1697 
  0.6435936 143.1697 
  0.4725052 130.2255 
  0.8691271 128.2915 
  0.9759533 127.6532 
  0.9831201 127.0181 
  0.9867671 126.3862 
  0.9893766 126.3862 
  0.990135 127.0181 
  0.9883994 127.0181 
  0.9931272 127.6532 
  0.9915446 127.6532 
  0.9915656 128.2915 
  0.9819865 128.9329 
  0.9826398 129.5776 
  0.9820507 129.5776 
  0.9732652 129.5776 
  0.962898 128.9329 
  0.9267767 127.6532 
  0.8764578 126.3862 
  0.6945984 125.1317 
  -0.04692805 124.5092 
  -0.05824983 123.8897 
  0.009230427 123.2734 
  0.1609717 122.6601 
  0.1476159 122.0498 
  0.1374411 121.4426 
  0.1811015 120.2372 
  0.7272521 120.2372 
  0.6310872 117.8622 
  0.6294053 116.1118 
  0.859888 113.2521 
  0.9270049 112.6886 
  0.840754 111.5702 
  0.7403884 109.9132 
  0.7451524 108.8223 
  0.8422362 108.8223 
  0.8553704 109.3664 
  0.9112692 109.9132 
  0.9078211 111.0151 
  0.9293929 111.5702 
  0.9455898 112.128 
  0.9570802 111.5702 
  0.9616774 111.0151 
  0.9638546 111.0151 
  0.9692689 111.0151 
  0.9691296 111.0151 
  0.9812316 111.0151 
  0.9763953 111.5702 
  0.9730778 112.128 
  0.9934385 112.6886 
  0.9699308 113.2521 
  0.9460099 113.8184 
  0.941296 113.8184 
  0.8759424 114.9594 
  0.793 114.3874 
  0.6913432 115.5342 
  0.9278508 112.128 
  0.7287893 112.6886 
  0.5161228 113.8184 
  0.784523 114.9594 
  0.9021711 116.1118 
  0.9619582 116.6924 
  0.97317 116.6924 
  0.9598937 115.5342 
  0.892269 113.8184 
  0.8767339 112.6886 
  0.8679011 112.128 
  0.9169812 112.128 
  0.9536049 112.128 
  0.9288356 112.6886 
  0.9396465 113.2521 
  0.9363244 113.2521 
  0.9565623 112.6886 
  0.8614269 112.128 
  0.7855269 112.128 
  0.5398629 111.5702 
  0.7690535 114.3874 
  0.9209158 116.1118 
  0.9332086 116.1118 
  0.9662896 116.1118 
  0.9831555 116.1118 
  0.9881101 116.1118 
  0.9909034 116.1118 
  0.9904077 116.1118 
  0.9893389 115.5342 
  0.9777497 115.5342 
  0.9589978 115.5342 
  0.9252462 114.3874 
  0.9585131 113.8184 
  0.9653539 113.8184 
  0.9827179 114.3874 
  0.9791374 114.3874 
  0.9750668 114.9594 
  0.9532689 114.9594 
  0.9392317 114.9594 
  0.9292562 114.3874 
  0.9610577 113.8184 
  0.9709249 113.8184 
  0.8229559 113.8184 
  0.543152 113.2521 
  0.4360783 112.128 
  -0.2667577 111.0151 
  -0.1022687 110.4628 
  -0.2634273 109.9132 
  -0.11536 108.8223 
  -0.03570462 107.7421 
  -0.05906966 106.6728 
  0.09529254 106.142 
  -0.1653609 105.614 
  0.004451048 105.0885 
  0.0448309 104.5657 
  -0.008598842 104.0455 
  0.2375964 103.5278 
  0.122822 103.0128 
  -0.05042962 102.5003 
  0.6157792 102.5003 
  0.7587025 103.0128 
  0.9107164 102.5003 
  0.9126368 101.9903 
  0.9318388 100.978 
  0.8056874 99.97575 
  0.8064809 99.47836 
  0.7477678 98.491 
  0.9472095 98.491 
  0.953318 98.98344 
  0.9391444 98.98344 
  0.9480321 98.98344 
  0.97019 98.98344 
  0.9658375 99.47836 
  0.9440892 100.4756 
  0.9358135 101.9903 
  0.9466285 103.0128 
  0.9737355 103.5278 
  0.9579269 103.0128 
  0.8795073 101.9903 
  0.7924131 100.4756 
  0.7332691 98.00098 
  0.6776939 96.06523 
  0.7268586 93.6992 
  0.516167 92.7692 
  -0.02570696 93.23304 
  0.1889845 93.6992 
  -0.1336735 94.1677 
  -0.1639632 94.63854 
  0.1335619 95.11173 
  0.2135903 95.5873 
  0.1083276 96.54556 
  0.01972818 97.51342 
  -0.1370084 98.00098 
  -0.02815287 98.491 
  -0.02775396 98.98344 
  -0.02674399 99.47836 
  0.1849879 99.97575 
  0.1270985 100.4756 
  -0.05686793 100.978 
  -0.01917622 101.4829 
  -0.06180469 101.9903 
  -0.005129006 103.0128 
  -0.0407352 104.0455 
  -0.04616924 105.614 
  0.02901499 107.2061 
  0.2603078 108.8223 
  0.2260216 109.9132 
  0.5297652 110.4628 
  0.4690707 108.2809 
  0.7466654 105.0885 
  0.7375113 103.5278 
  0.7637164 101.4829 
  0.9679576 99.97575 
  0.9726793 99.47836 
  0.9468321 99.47836 
  0.9450078 99.47836 
  0.9210856 98.98344 
  0.7728379 98.491 
  0.6715087 97.51342 
  0.5687617 95.5873 
  0.3333766 96.06523 
  0.2981082 96.54556 
  0.1737986 96.54556 
  0.2383443 97.02828 
  -0.3132661 97.02828 
  0.02501987 97.51342 
  -0.04848599 98.00098 
  -0.009117231 98.491 
  -0.01316062 98.98344 
  -0.179167 99.47836 
  0.09396718 99.97575 
  0.1507729 99.97575 
  0.2419157 100.4756 
  -0.02641521 100.978 
  0.3358828 100.978 
  0.02493747 100.978 
  0.1314476 100.978 
  0.3048634 100.978 
  0.5841544 100.978 
  -0.004300552 100.978 
  -0.2207537 100.978 
  -0.08427432 100.978 
  -0.1794311 100.978 
  -0.119621 100.978 
  -0.1017564 100.978 
  -0.1381262 100.978 
  0.03947124 100.978 
  -0.09166996 100.978 
  0.02781485 100.978 
  0.3235323 100.978 
  0.0489168 100.978 
  0.2232802 100.978 
  -0.003814477 100.978 
  -0.01050836 100.978 
  -0.06805456 100.978 
  -0.09259889 100.978 
  -0.08855674 100.978 
  0.03830092 100.978 
  0.03304273 100.978 
  -0.0801903 100.978 
  -0.1238843 100.978 
  -0.148133 100.978 
  -0.1007951 100.978 
  -0.01644543 100.978 
  -0.05352236 100.978 
  -0.003802385 100.978 
  -0.05515411 100.978 
  -0.008951451 100.978 
  -0.05148643 100.978 
  0.1231674 100.978 
  -0.00551733 100.978 
  0.0955673 100.978 
  0.1048839 100.978 
  0.01604124 100.978 
  -0.2805291 100.978 
  -0.1654811 100.978 ]
