 [
  0.212941 121.4426 
  -0.02178098 121.4426 
  -0.01576454 121.4426 
  -0.07542686 121.4426 
  -0.1150711 121.4426 
  0.07369737 121.4426 
  -0.07777289 121.4426 
  -0.1623795 121.4426 
  -0.1238012 121.4426 
  0.07536102 121.4426 
  0.1048736 121.4426 
  0.1954052 121.4426 
  0.4012887 121.4426 
  0.329987 121.4426 
  0.1961744 121.4426 
  -0.01844596 121.4426 
  -0.02757051 121.4426 
  -0.08660144 121.4426 
  -0.1116764 121.4426 
  -0.2345488 121.4426 
  -0.2852816 121.4426 
  0.130085 121.4426 
  0.1692904 121.4426 
  -0.3397128 121.4426 
  -0.1346885 121.4426 
  0.06899498 121.4426 
  0.202637 121.4426 
  0.2965987 121.4426 
  0.3020198 121.4426 
  0.2105203 121.4426 
  -0.002880011 121.4426 
  0.08355791 121.4426 
  0.1861449 121.4426 
  0.08923178 121.4426 
  0.1132397 121.4426 
  0.01542523 121.4426 
  0.210982 122.0498 
  0.09159729 122.6601 
  0.3373249 123.2734 
  0.6770111 123.2734 
  0.641775 119.0438 
  0.7220188 116.1118 
  0.8586819 114.3874 
  0.8470731 113.2521 
  0.709051 112.6886 
  0.4810182 116.6924 
  0.9770789 118.4515 
  0.9983795 119.639 
  0.9999347 119.639 
  0.9996682 119.639 
  0.9944107 119.0438 
  0.9716637 117.8622 
  0.5969868 117.8622 
  0.6910154 117.2759 
  0.7964427 114.9594 
  0.8618282 113.2521 
  0.8409881 111.0151 
  0.7232242 108.8223 
  0.6369748 105.614 
  0.4293405 104.5657 
  0.8664104 104.5657 
  0.9004713 103.5278 
  0.9872996 102.5003 
  0.9845294 102.5003 
  0.9663531 102.5003 
  0.9282737 103.0128 
  0.8653787 102.5003 
  0.380307 98.491 
  0.6657968 94.1677 
  0.9109514 93.6992 
  0.9231245 93.6992 
  0.8907742 93.6992 
  0.8712814 93.23304 
  0.851782 93.6992 
  0.49001 93.6992 
  0.1685945 93.6992 
  0.2591013 94.1677 
  0.3154104 95.5873 
  0.4050231 100.978 
  0.3658377 105.0885 
  0.618591 112.6886 
  0.5314994 108.8223 
  0.2102973 108.2809 
  0.3104111 99.97575 
  0.9047736 98.98344 
  0.9701428 98.491 
  0.9633646 98.491 
  0.8678802 99.47836 
  0.825597 100.4756 
  0.8754582 101.9903 
  0.8554979 102.5003 
  0.70935 101.9903 
  0.09573482 101.4829 
  0.1121256 101.4829 
  0.09183717 101.4829 
  0.0172842 101.4829 
  0.01600668 100.978 
  0.07207803 100.4756 
  -0.03545135 99.97575 
  -0.004349235 99.97575 
  -0.1525362 99.47836 
  0.1107895 98.98344 
  0.7518766 98.491 
  0.7633542 96.06523 
  0.769228 94.63854 
  0.6140519 93.6992 
  0.001125801 92.7692 
  0.07011628 92.7692 
  0.1868885 93.23304 
  0.2336717 94.1677 
  0.2233398 95.5873 
  0.2892675 96.54556 
  0.2979153 96.54556 
  0.2726597 96.54556 
  0.08461168 96.54556 
  0.0727495 96.54556 
  -0.05444839 96.54556 
  -0.001675468 96.54556 
  0.122067 96.06523 
  0.3411768 94.1677 
  0.6292838 98.00098 
  0.6666766 98.491 
  0.7058645 98.00098 
  0.8793803 96.06523 
  0.9056332 95.11173 
  0.7065142 93.6992 
  0.6972497 90.48434 
  0.7876699 88.69706 
  0.7146943 86.51251 
  0.7068151 85.2277 
  0.5446755 83.12859 
  0.6121517 84.38177 
  0.1579038 85.2277 
  -0.0815753 86.0821 
  0.1997978 86.94508 
  0.3763165 87.8167 
  -0.1357046 88.69706 
  -0.07109863 89.58624 
  0.02768727 90.48434 
  -0.06610675 91.39146 
  0.06220252 92.30766 
  0.07621939 93.23304 
  0.1069627 94.1677 
  0.05369352 95.11173 
  -0.1730258 96.06523 
  -0.14248 97.02828 
  0.7461904 98.98344 
  0.4833337 95.5873 
  0.6191431 95.11173 
  0.8596556 94.1677 
  0.8441132 93.23304 
  0.9277395 92.30766 
  0.8465042 92.7692 
  0.9391865 94.1677 
  0.9189484 95.11173 
  0.8414779 95.11173 
  0.7273763 94.63854 
  0.7476262 94.63854 
  0.7112983 94.1677 
  0.04253978 93.6992 
  0.1249743 93.6992 
  0.08155759 93.23304 
  0.08686034 92.7692 
  0.223205 92.30766 
  0.05749587 91.84841 
  0.5098078 91.84841 
  0.501752 92.7692 
  0.6751511 91.84841 
  0.6368552 90.48434 
  0.2053142 90.03418 
  0.03538193 89.58624 
  -0.1033549 88.25578 
  0.2410691 87.3798 
  0.3900485 86.94508 
  0.189367 86.94508 
  0.2450923 86.94508 
  0.4649355 86.94508 
  0.07044004 86.94508 
  0.3179781 86.94508 
  0.2577732 86.94508 
  0.2745354 86.94508 
  0.3465177 86.94508 
  0.286757 86.94508 
  0.2965451 86.94508 
  0.2566343 86.94508 
  0.1953862 86.94508 
  -0.1588783 86.94508 
  0.1140054 86.94508 
  0.1309899 86.94508 
  0.0711261 86.94508 ]
