 [
  0.1215561 126.3862 
  -0.06907124 126.3862 
  0.2194829 126.3862 
  0.369028 126.3862 
  0.3163639 126.3862 
  0.01920961 126.3862 
  -0.2568521 126.3862 
  -0.1470013 126.3862 
  -0.2368835 126.3862 
  -0.4114297 126.3862 
  -0.1687104 126.3862 
  0.07384123 126.3862 
  0.0618667 126.3862 
  0.7850089 126.3862 
  0.473881 114.3874 
  0.7815502 114.3874 
  0.9631977 114.3874 
  0.9519513 113.2521 
  0.9255832 112.128 
  0.8574859 112.128 
  0.5606242 111.0151 
  0.4047039 113.8184 
  0.1063004 116.6924 
  -0.2030867 119.639 
  -0.4285071 122.6601 
  -0.196775 125.7574 
  0.07043223 128.9329 
  0.002328392 132.1886 
  -0.09120855 135.5266 
  0.05961085 138.9488 
  -0.2727195 142.4574 
  -0.001182734 146.0546 
  0.1839039 148.9977 
  0.6612381 148.9977 
  0.9174592 147.5188 
  0.9957985 147.5188 
  0.9800774 148.2564 
  0.936905 152.0001 
  0.8666266 158.9785 
  0.9269516 165.4501 
  0.9852157 169.6279 
  0.8781273 167.9442 
  0.8171914 162.9929 
  0.5547851 158.1876 
  0.512293 155.063 
  0.2115399 152.0001 
  -0.01247681 148.9977 
  0.02468552 146.0546 
  -0.02087024 143.1697 
  -0.04472976 140.3417 
  -0.01301668 137.5696 
  0.112309 134.8523 
  -0.2009 131.531 
  0.2686938 127.6532 
  0.4804104 124.5092 
  0.7793082 126.3862 
  0.8830611 128.2915 
  0.974469 128.9329 
  0.9728945 128.9329 
  0.9880205 128.2915 
  0.9827906 128.2915 
  0.9576737 129.5776 
  0.9450983 130.8766 
  0.9270006 130.2255 
  0.9230682 128.9329 
  0.9604171 128.2915 
  0.9676256 128.2915 
  0.946329 127.6532 
  0.9379613 126.3862 
  0.9172089 125.7574 
  0.8300819 124.5092 
  0.0712347 120.8384 
  0.1960611 111.5702 
  0.2524374 111.5702 
  0.1717993 112.128 
  0.197367 122.6601 
  0.5916336 125.1317 
  0.9867285 125.7574 
  0.9892959 126.3862 
  0.9042356 127.6532 
  0.8924348 130.2255 
  0.8517053 132.1886 
  0.8935766 134.8523 
  0.9720793 136.8852 
  0.9711521 138.2575 
  0.9804176 138.9488 
  0.9854744 139.6435 
  0.9297303 138.9488 
  0.8525139 137.5696 
  0.733916 138.2575 
  0.9975348 141.0434 
  0.9985752 141.0434 
  0.9625713 141.7487 
  0.9324509 141.0434 
  0.8769268 138.2575 
  0.9620973 136.2042 
  0.9878423 134.1814 
  0.9800411 132.1886 
  0.9226195 129.5776 
  0.8696147 125.1317 
  0.8502679 122.0498 
  0.8867299 119.0438 
  0.7983477 117.8622 
  0.3119083 117.8622 
  0.2182843 118.4515 
  0.04603371 119.0438 
  0.06306431 119.0438 
  0.1619167 119.0438 
  0.07366197 119.0438 
  0.01058973 119.0438 
  -0.004754922 119.0438 
  -0.04832365 119.0438 
  0.07395444 119.0438 
  0.04409136 119.639 
  -0.1259656 119.639 
  -0.1663638 120.2372 
  0.02995122 120.8384 
  0.7390398 120.8384 
  0.5958366 114.3874 
  0.8430302 109.9132 
  0.9182798 106.6728 
  0.9555468 105.0885 
  0.9644427 104.0455 
  0.9660614 103.0128 
  0.93009 101.4829 
  0.9452817 99.97575 
  0.9334269 98.98344 
  0.9051656 97.51342 
  0.980045 96.06523 
  0.9952307 95.5873 
  0.9809088 95.11173 
  0.9689932 94.63854 
  0.9862807 94.1677 
  0.9789191 93.6992 
  0.9846883 93.23304 
  0.9346681 92.7692 
  0.9514289 91.84841 
  0.797652 91.84841 
  0.4967561 92.30766 
  -0.3771687 93.23304 
  -0.129073 94.1677 
  -0.05205743 95.11173 
  0.2140592 96.06523 
  0.2166768 97.02828 
  0.2593589 98.00098 
  0.05052875 98.98344 
  -0.218833 99.97575 
  -0.038849 100.978 
  0.04610582 101.9903 
  -0.1000921 103.0128 
  -0.2739564 104.0455 
  -0.2189894 105.0885 
  -0.301229 106.142 
  -0.1869192 107.2061 
  -0.250068 108.2809 
  -0.05604373 109.3664 
  0.1302761 109.9132 
  0.300801 110.4628 
  0.3676212 111.0151 
  0.6693279 111.5702 
  0.4212688 112.128 
  0.1037072 112.6886 
  0.04994873 113.2521 
  0.05789752 113.8184 
  0.659089 113.8184 
  0.7854217 114.9594 
  0.9574757 114.9594 
  0.9737893 114.9594 
  0.9455766 112.6886 
  0.9396603 109.3664 
  0.9562362 108.2809 
  0.849069 106.6728 
  0.8194087 105.614 
  0.6609122 106.6728 
  0.9274899 109.9132 
  0.9636313 111.5702 
  0.9452256 112.128 
  0.602538 111.5702 
  0.1018121 111.5702 
  0.04532097 112.128 
  0.02864401 112.6886 
  0.1561392 114.9594 
  0.1787109 115.5342 
  0.06225387 116.1118 
  0.7313517 114.3874 
  0.8750297 113.8184 
  0.9681479 113.2521 
  0.9364079 113.8184 
  0.9507855 113.8184 
  0.9675283 113.8184 
  0.977001 113.8184 
  0.9608248 114.3874 
  0.8797861 116.6924 
  0.967015 117.8622 
  0.9639433 117.8622 
  0.9069491 117.8622 
  0.8208439 117.2759 
  0.8270522 112.128 
  0.7490532 113.8184 
  0.8923165 114.3874 
  0.9258813 114.3874 
  0.9039283 114.3874 
  0.9227858 114.3874 
  0.9672719 113.8184 
  0.9634723 113.2521 
  0.9764608 112.6886 
  0.9954457 112.128 
  0.9901906 112.128 
  0.981935 112.6886 
  0.9566687 112.128 
  0.9403581 111.0151 
  0.9762082 110.4628 
  0.9482229 109.3664 
  0.8440794 107.7421 
  0.805158 105.614 
  0.5232353 106.142 
  -0.06793214 106.142 
  -0.07024181 106.142 
  -0.01866306 106.142 
  0.04754087 106.142 
  -0.04114832 106.142 
  -0.1388737 106.142 
  0.09008774 106.142 
  0.2081569 106.142 
  0.02236329 106.6728 
  -0.1033411 106.6728 
  0.0742377 107.2061 
  -0.342019 107.7421 
  -0.253526 108.2809 
  0.4297493 108.8223 
  0.7727296 111.5702 
  0.9537018 111.0151 
  0.9837811 111.0151 
  0.980842 109.9132 
  0.9591048 108.8223 
  0.9219828 107.7421 
  0.8795201 106.6728 
  0.6674576 105.0885 
  0.3555951 104.5657 
  0.2705769 104.0455 
  0.1837183 103.5278 
  0.01343903 103.0128 
  0.04093563 102.5003 
  0.1482661 101.9903 
  0.2031152 101.4829 
  0.1382771 100.978 
  0.01331038 100.4756 
  0.05727866 99.97575 
  0.1903013 99.47836 
  0.6010889 100.4756 
  0.8405604 102.5003 
  0.9736341 104.0455 
  0.922505 103.0128 
  0.9025598 100.978 
  0.7949821 98.00098 
  0.1904561 94.63854 
  -0.03939714 90.93677 
  -0.2236238 87.3798 
  0.2419711 83.96195 
  -0.3481089 80.6778 
  -0.1930538 77.5221 
  -0.2156182 74.48985 
  -0.02902503 71.57619 
  -0.1057949 69.12038 
  0.09032641 66.74884 
  0.1030211 64.45866 
  -0.006820234 62.24707 
  0.6841446 58.924 
  0.594829 53.32993 
  0.7751061 52.80059 
  0.9006618 52.53791 
  0.9715605 52.27652 
  0.9793183 52.01644 
  0.963036 51.75765 
  0.7429418 51.50015 
  0.8010791 51.24393 
  0.7240429 51.50015 
  0.6704531 51.75765 
  0.8988722 51.75765 
  0.9679315 51.24393 
  0.9087421 51.24393 
  0.8903372 51.50015 
  0.9359862 51.50015 
  0.8299376 51.24393 
  0.7718698 51.24393 
  0.2607329 51.75765 
  0.2300772 52.01644 
  0.567765 52.01644 
  0.4507442 52.01644 
  0.2842726 52.01644 
  0.03579984 52.01644 
  -0.1706263 52.01644 
  0.1187199 52.01644 
  0.1176103 52.01644 
  0.108612 52.01644 
  0.1224893 52.01644 
  -0.00831597 52.01644 
  -0.08718347 52.01644 
  -0.1718495 52.01644 ]
