 [
  -0.000833265 218.7592 
  -0.1311228 218.7592 
  -0.3366585 218.7592 
  -0.1610497 218.7592 
  -0.2012956 218.7592 
  0.05782733 218.7592 
  0.03580741 218.7592 
  0.06575708 218.7592 
  -0.05346342 218.7592 
  -0.2222522 218.7592 
  -0.2109823 218.7592 
  0.1076516 218.7592 
  0.02920909 218.7592 
  0.584829 218.7592 
  0.7419688 214.4382 
  0.975216 212.3098 
  0.9914684 212.3098 
  0.9828327 214.4382 
  0.9814743 215.5104 
  0.9830921 217.6709 
  0.9613038 220.9523 
  0.9380502 223.1673 
  0.9321285 227.6642 
  0.940599 232.2518 
  0.9419437 235.753 
  0.9393606 240.5036 
  0.9360287 245.3498 
  0.9543815 251.5452 
  0.9608616 256.614 
  0.9732752 261.7849 
  0.9669674 267.06 
  0.9655629 273.8036 
  0.9692888 280.7175 
  0.9782219 286.3741 
  0.9856858 292.1447 
  0.9766999 293.6054 
  0.9919126 295.0734 
  0.993132 295.0734 
  0.9902107 293.6054 
  0.9787036 290.6912 
  0.9658817 287.806 
  0.8729652 284.9493 
  0.6034195 282.1211 
  0.1044141 279.3209 
  -0.1117756 276.5485 
  -0.05533735 273.8036 
  0.832724 271.0859 
  0.9317858 268.3953 
  0.9508091 264.4093 
  0.9848927 261.7849 
  0.9949109 260.4825 
  0.9928269 261.7849 
  0.994793 264.4093 
  0.9938733 264.4093 
  0.9878668 263.0938 
  0.9920452 260.4825 
  0.9964952 259.1866 
  0.9967489 257.8971 
  0.9964516 257.8971 
  0.9969634 259.1866 
  0.997576 259.1866 
  0.9986039 257.8971 
  0.9994665 257.8971 
  0.9994503 257.8971 
  0.9960491 259.1866 
  0.991492 260.4825 
  0.9939055 264.4093 
  0.998309 267.06 
  0.9990361 267.06 
  0.9990447 268.3953 
  0.9991709 268.3953 
  0.9993951 268.3953 
  0.9991277 268.3953 
  0.9975759 267.06 
  0.9914089 264.4093 
  0.9821152 261.7849 
  0.9636638 259.1866 
  0.9065861 257.8971 
  0.7252469 257.8971 
  0.02116559 257.8971 
  0.05587012 257.8971 
  -0.00852309 257.8971 
  0.08195466 257.8971 
  -0.1309804 257.8971 
  -0.06523775 257.8971 
  -0.06801218 257.8971 
  0.08858839 257.8971 
  0.170434 257.8971 
  0.07256579 257.8971 
  0.220804 257.8971 
  0.2128697 257.8971 
  0.137213 257.8971 
  -0.09342638 257.8971 
  -0.08459776 257.8971 
  -0.09455423 259.1866 
  -0.05448112 259.1866 
  0.04085531 259.1866 
  0.09300295 259.1866 
  0.01761406 259.1866 
  0.06644168 259.1866 
  0.002926411 259.1866 
  0.01447889 259.1866 
  0.5175547 259.1866 
  0.8814038 259.1866 
  0.940807 257.8971 
  0.9908103 257.8971 
  0.99857 257.8971 
  0.9978476 259.1866 
  0.9975414 260.4825 
  0.9965082 261.7849 
  0.9968814 264.4093 
  0.9973767 264.4093 
  0.9970948 265.7313 
  0.9947925 264.4093 
  0.9957479 264.4093 
  0.9946263 265.7313 
  0.993987 267.06 
  0.9965525 268.3953 
  0.9952271 269.7372 
  0.9931902 272.4414 
  0.9917058 273.8036 
  0.9820875 276.5485 
  0.9799793 279.3209 
  0.984243 283.5317 
  0.9923671 287.806 
  0.9965194 290.6912 
  0.9948343 292.1447 
  0.9985467 293.6054 
  0.9881814 292.1447 
  0.9471762 289.245 
  0.8293111 284.9493 
  0.9561568 279.3209 
  0.9834707 273.8036 
  0.9594129 268.3953 
  0.9054114 263.0938 
  0.7793244 257.8971 
  -0.1603422 252.8029 
  -0.09209456 247.8095 
  0.1309628 242.9146 
  0.4707048 239.307 
  0.5144231 234.5801 
  0.3467479 228.8026 
  -0.8231295 220.9523 
  0.4914632 213.3714 
  0.3035014 206.0505 
  0.02917725 198.9809 
  0.1413966 193.1145 
  -0.00444914 187.4211 
  0.02363341 181.8956 
  0.5342275 177.4156 
  0.6877737 177.4156 
  0.4585031 181.8956 
  0.4134709 189.3 
  0.5494809 196.0257 
  0.655607 199.9758 
  0.8226326 205.0254 
  0.9520727 210.2025 
  0.9911256 211.2535 
  0.9919728 211.2535 
  0.9943375 211.2535 
  0.9974893 211.2535 
  0.9941809 211.2535 
  0.9980838 210.2025 
  0.9986006 210.2025 
  0.9986628 210.2025 
  0.9874433 209.1568 
  0.9808515 209.1568 
  0.9896755 208.1162 
  0.9957192 208.1162 
  0.9956905 208.1162 
  0.9981544 209.1568 
  0.9940782 209.1568 
  0.9894312 210.2025 
  0.9886479 211.2535 
  0.9942498 212.3098 
  0.9943838 213.3714 
  0.9940721 213.3714 
  0.9909763 214.4382 
  0.9744037 215.5104 
  0.9765885 217.6709 
  0.9824741 220.9523 
  0.9923108 222.057 
  0.9924881 223.1673 
  0.9921808 224.2832 
  0.9936109 225.4046 
  0.9941353 225.4046 
  0.9962546 227.6642 
  0.9833146 229.9466 
  0.956718 233.4131 
  0.9671128 236.9318 
  0.9724835 238.1164 
  0.9831674 236.9318 
  0.9652187 235.753 
  0.8965426 234.5801 
  0.7220654 234.5801 
  0.3660018 234.5801 
  0.05472346 235.753 
  0.07358021 236.9318 
  0.142556 236.9318 
  0.06035056 236.9318 
  0.1390997 236.9318 
  0.1529534 236.9318 
  0.2669672 236.9318 
  0.1519141 236.9318 
  -0.0815245 236.9318 
  -0.1339991 236.9318 
  -0.03955769 236.9318 
  -0.04085471 236.9318 
  0.1662121 236.9318 
  0.07105981 236.9318 
  0.08974896 236.9318 
  0.0421833 236.9318 
  0.161726 236.9318 
  -0.1522434 236.9318 
  0.8751884 236.9318 
  0.8803364 231.0963 
  0.9350717 228.8026 
  0.9442744 224.2832 
  0.9472561 222.057 
  0.9713358 217.6709 
  0.9824325 215.5104 
  0.9892336 215.5104 
  0.9822213 215.5104 
  0.9877006 215.5104 
  0.9847224 217.6709 
  0.9825377 219.853 
  0.9848918 222.057 
  0.9863338 223.1673 
  0.988251 224.2832 
  0.9853216 225.4046 
  0.9880226 226.5316 
  0.9864736 227.6642 
  0.9911869 227.6642 
  0.9882873 228.8026 
  0.9919342 229.9466 
  0.9921061 229.9466 
  0.9933797 228.8026 
  0.9936675 227.6642 
  0.9764649 228.8026 
  0.9732515 232.2518 
  0.9845167 234.5801 
  0.9709302 232.2518 
  0.9480447 228.8026 
  0.9278442 226.5316 
  0.8534346 225.4046 
  0.7013046 224.2832 
  0.4667851 223.1673 
  0.2385527 222.057 
  0.08894908 220.9523 
  0.1238596 219.853 
  0.1454723 218.7592 
  0.01634673 217.6709 
  0.00288807 216.5879 
  0.411853 215.5104 
  0.6199415 214.4382 
  0.7205258 213.3714 
  0.8084992 212.3098 
  0.8305214 211.2535 
  0.7353318 210.2025 
  0.6636011 209.1568 
  0.6247755 208.1162 
  0.7063054 207.0808 
  0.876188 207.0808 
  0.95338 209.1568 
  0.9767293 211.2535 
  0.9908076 212.3098 
  0.9942085 213.3714 
  0.9960067 214.4382 
  0.9980415 215.5104 
  0.9998873 215.5104 
  0.9979819 215.5104 
  0.9967438 215.5104 
  0.9960446 214.4382 
  0.9945893 214.4382 
  0.9857012 214.4382 
  0.9614676 213.3714 
  0.9206418 212.3098 
  0.9226137 210.2025 
  0.7809321 209.1568 
  0.3547406 208.1162 
  0.2294999 207.0808 
  0.2534807 206.0505 
  0.2227501 205.0254 
  0.03025739 204.0054 
  0.008941326 202.9904 
  -0.2301986 201.9805 
  -0.3433411 200.9756 
  -0.06908031 199.9758 
  -0.1761105 198.9809 
  0.3386973 197.9909 
  0.1821429 196.0257 
  0.2033533 185.5609 
  0.6177679 188.3582 
  0.8972808 189.3 
  0.9515222 189.3 
  0.9676571 188.3582 
  0.961988 186.4887 
  0.9508112 184.6377 
  0.954749 181.8956 
  0.9687873 179.1942 
  0.959767 177.4156 
  0.9584274 175.6547 
  0.9706154 173.9112 
  0.9675294 171.3284 
  0.9712967 169.6279 
  0.9588179 167.1087 
  0.9616431 165.4501 
  0.9540211 162.9929 
  0.9228377 160.5723 
  0.9375098 158.1876 
  0.8769078 155.063 
  0.6806467 152.0001 
  0.445341 148.2564 
  0.07654765 148.2564 
  0.3449038 158.1876 
  0.03849684 162.9929 
  0.1631812 164.6269 
  0.2249183 165.4501 
  0.2566589 165.4501 
  0.2152229 165.4501 
  0.4454206 165.4501 
  -0.09666685 165.4501 
  -0.28245 165.4501 
  -0.3250178 165.4501 
  -0.2416299 165.4501 
  -0.2705013 165.4501 
  -0.6054164 165.4501 
  -0.2603183 165.4501 
  -0.1509522 165.4501 
  -0.02518735 165.4501 
  0.06505937 165.4501 
  -0.1631904 165.4501 
  -0.1617395 165.4501 
  -0.07971472 165.4501 
  -0.1342776 165.4501 
  -0.2560248 165.4501 
  -0.2072966 165.4501 
  -0.1939937 165.4501 
  -0.1596794 165.4501 
  0.001295092 165.4501 
  0.1245375 165.4501 
  0.09200522 165.4501 
  0.09036278 165.4501 
  0.2638237 165.4501 
  0.2142238 165.4501 
  0.2226138 165.4501 
  0.09284841 165.4501 
  -0.04606641 165.4501 
  -0.05146436 165.4501 
  -0.2436622 165.4501 
  -0.2345947 165.4501 
  0.05591404 165.4501 
  0.0626127 165.4501 
  -0.1244936 165.4501 
  -0.06064419 165.4501 
  -0.2566163 165.4501 ]
