 [
  -0.1987852 200.9756 
  0.1431017 200.9756 
  0.1727326 200.9756 
  0.2818318 200.9756 
  0.04576594 200.9756 
  -0.2655878 200.9756 
  -0.1324456 200.9756 
  -0.2284276 200.9756 
  -0.08856241 200.9756 
  0.04887337 200.9756 
  -0.2761294 200.9756 
  0.1567058 200.9756 
  -0.3514665 200.9756 
  -0.1231723 200.9756 
  0.3623042 200.9756 
  0.8498513 202.9904 
  0.9551185 204.0054 
  0.9889289 204.0054 
  0.9663945 204.0054 
  0.9262656 202.9904 
  0.8361489 204.0054 
  0.6527618 204.0054 
  0.8265321 204.0054 
  0.7460976 205.0254 
  0.62935 206.0505 
  0.484997 207.0808 
  0.2401783 209.1568 
  0.08240657 211.2535 
  -0.06644649 213.3714 
  -0.1593965 215.5104 
  -5.669403e-05 217.6709 
  -0.002147395 219.853 
  0.7132447 222.057 
  0.924873 224.2832 
  0.9375089 229.9466 
  0.9848949 232.2518 
  0.9957691 233.4131 
  0.9820942 232.2518 
  0.9610537 229.9466 
  0.977977 225.4046 
  0.9940044 224.2832 
  0.9913418 226.5316 
  0.9893907 229.9466 
  0.9879282 233.4131 
  0.9912134 235.753 
  0.9931335 239.307 
  0.9954453 241.7061 
  0.9624805 242.9146 
  0.9307308 245.3498 
  0.9144902 255.3373 
  0.8466564 254.067 
  0.9065541 260.4825 
  0.9542258 268.3953 
  0.9921404 272.4414 
  0.9927189 276.5485 
  0.9932245 277.9312 
  0.9920239 282.1211 
  0.9929922 284.9493 
  0.9953027 286.3741 
  0.9862362 286.3741 
  0.9745278 283.5317 
  0.9194931 277.9312 
  0.5833055 271.0859 
  0.1852989 264.4093 
  0.1892865 259.1866 
  0.3651527 255.3373 
  0.001428158 251.5452 
  -0.7836904 246.5766 
  -0.5452796 241.7061 
  -0.005352821 236.9318 
  0.1752555 232.2518 
  0.3246666 227.6642 
  -0.1265577 223.1673 
  0.3562173 219.853 
  0.3240947 219.853 
  0.2569017 224.2832 
  0.4450171 217.6709 
  0.8300095 215.5104 
  0.9929319 215.5104 
  0.9985827 215.5104 
  0.9957991 214.4382 
  0.9947463 213.3714 
  0.9907135 211.2535 
  0.9856856 210.2025 
  0.9925508 208.1162 
  0.990501 207.0808 
  0.9865986 205.0254 
  0.9870405 204.0054 
  0.9819706 202.9904 
  0.9728993 200.9756 
  0.8959727 199.9758 
  0.7332996 200.9756 
  0.9750903 204.0054 
  0.997431 204.0054 
  0.9943632 201.9805 
  0.9248145 199.9758 
  0.8120772 196.0257 
  0.8376829 191.1978 
  0.9463037 187.4211 
  0.9714345 184.6377 
  0.963624 182.8051 
  0.9753024 180.0902 
  0.9939481 178.3027 
  0.9922376 176.533 
  0.9896439 175.6547 
  0.9938238 174.7808 
  0.9922497 173.9112 
  0.991714 173.9112 
  0.9889398 172.185 
  0.9901572 171.3284 
  0.9883229 170.476 
  0.9898909 169.6279 
  0.9946513 169.6279 
  0.9889717 170.476 
  0.9564608 173.046 
  0.9194297 176.533 
  0.9066984 179.1942 
  0.9137331 183.7191 
  0.8229122 186.4887 
  0.5802057 188.3582 
  -0.03330177 190.2465 
  -0.02884529 192.1537 
  -0.09992317 194.0801 
  -0.2221661 196.0257 
  -0.273093 197.9909 
  -0.1681419 199.9758 
  0.1809259 201.9805 
  0.1555734 204.0054 
  0.06250745 206.0505 
  0.07849656 208.1162 
  0.07762111 210.2025 
  -0.08084825 212.3098 
  -0.126159 214.4382 
  -0.1768447 216.5879 
  -0.1337762 217.6709 
  0.2804788 218.7592 
  0.4284656 219.853 
  -0.3447683 220.9523 
  0.03869621 223.1673 
  0.3011639 225.4046 
  0.03495412 227.6642 
  0.6026237 228.8026 
  0.1646587 231.0963 
  0.1688881 229.9466 
  -0.2257048 225.4046 
  0.4913481 218.7592 
  0.8566706 214.4382 
  0.913481 213.3714 
  0.7719194 208.1162 
  0.8038832 201.9805 
  0.8882301 197.0059 
  0.9435622 194.0801 
  0.993282 193.1145 
  0.9805998 193.1145 
  0.9490418 195.0505 
  0.9309509 197.9909 
  0.9472706 199.9758 
  0.9258781 202.9904 
  0.9338716 205.0254 
  0.9150604 207.0808 
  0.7444522 211.2535 
  0.9445971 220.9523 
  0.9879695 225.4046 
  0.9879262 226.5316 
  0.977499 225.4046 
  0.9261559 224.2832 
  0.7297136 224.2832 
  0.3075235 224.2832 
  0.1471147 224.2832 
  0.7045866 225.4046 
  0.9494425 226.5316 
  0.9767379 228.8026 
  0.9902256 229.9466 
  0.9984788 231.0963 
  0.9984067 231.0963 
  0.9986127 229.9466 
  0.9980984 229.9466 
  0.9704199 228.8026 
  0.9398021 227.6642 
  0.7034745 224.2832 
  0.2217151 220.9523 
  0.7521702 218.7592 
  0.8875117 213.3714 
  0.9665527 211.2535 
  0.9710025 209.1568 
  0.9701266 207.0808 
  0.9813103 205.0254 
  0.9202428 202.9904 
  0.8670751 200.9756 
  0.4458005 199.9758 
  0.8337665 200.9756 
  0.1423915 201.9805 
  0.4239063 202.9904 
  0.4346913 204.0054 
  0.3709733 205.0254 
  0.2993822 206.0505 
  0.717678 207.0808 
  0.6758161 208.1162 
  0.1037488 209.1568 
  0.6337282 210.2025 
  0.2759539 211.2535 
  -0.1388721 212.3098 
  -0.09375096 212.3098 
  -0.1800278 212.3098 
  0.4848492 213.3714 
  0.8821802 213.3714 
  0.9013393 209.1568 
  0.9226124 204.0054 
  0.9464489 197.9909 
  0.9585785 194.0801 
  0.9601402 190.2465 
  0.9490577 187.4211 
  0.9028062 187.4211 
  0.9415998 188.3582 
  0.6053371 189.3 
  0.1542278 190.2465 
  0.09454767 191.1978 
  0.03178811 192.1537 
  -0.08294903 193.1145 
  -0.1677408 194.0801 
  -0.2937793 195.0505 
  -0.0413814 196.0257 
  0.0761933 197.0059 
  0.08466557 197.9909 
  -0.04834883 198.9809 
  -0.06019703 199.9758 
  -0.1111761 200.9756 
  -0.01251284 201.9805 
  0.7099223 202.9904 
  0.8593229 201.9805 
  0.9932618 200.9756 
  0.9868296 197.9909 
  0.9940691 196.0257 
  0.9968995 195.0505 
  0.997882 195.0505 
  0.9982157 194.0801 
  0.9963951 194.0801 
  0.9898375 194.0801 
  0.9745185 192.1537 
  0.9586657 188.3582 
  0.9482067 183.7191 
  0.8783239 179.1942 
  0.28565 174.7808 
  -0.2097031 169.6279 
  -0.1824583 164.6269 
  0.6582732 160.5723 
  0.5587198 158.1876 
  0.7073076 161.3751 
  0.7346643 166.2773 
  0.8122991 168.784 
  0.8627875 169.6279 
  0.8294473 169.6279 
  0.7673628 168.784 
  0.9283617 167.9442 
  0.9262471 167.9442 
  0.8130832 167.9442 
  0.5145321 167.9442 
  0.3688992 167.1087 
  -0.09744855 166.2773 
  -0.1512039 165.4501 
  0.1169756 164.6269 
  0.666551 170.476 
  0.7819138 172.185 
  0.9761258 173.9112 
  0.9559562 172.185 
  0.9272954 171.3284 
  0.9011854 171.3284 
  0.8104159 172.185 
  0.7310156 173.046 
  0.6779528 173.9112 
  0.7031006 174.7808 
  0.7109997 175.6547 
  0.1800336 176.533 
  0.3117476 177.4156 
  0.2146663 178.3027 
  -0.06104834 179.1942 
  0.4847755 180.0902 
  0.6083157 180.0902 
  0.8494593 179.1942 
  0.9674333 179.1942 
  0.982137 179.1942 
  0.9910098 180.0902 
  0.9676941 182.8051 
  0.8380947 184.6377 
  0.8659579 182.8051 
  0.8798958 180.0902 
  0.9692754 178.3027 
  0.9839115 178.3027 
  0.9889909 179.1942 
  0.9702616 180.0902 
  0.9651197 181.8956 
  0.9778585 183.7191 
  0.9211577 184.6377 
  0.8017012 189.3 
  0.8233867 195.0505 
  0.901129 199.9758 
  0.9212008 204.0054 
  0.8625816 202.9904 
  0.7199653 202.9904 
  0.1295046 204.0054 
  -0.09422866 204.0054 
  -0.09737051 204.0054 
  0.1382061 205.0254 
  0.04048869 206.0505 
  0.01753524 207.0808 
  -0.09276194 208.1162 
  0.02774573 209.1568 
  0.08977231 210.2025 
  0.09290795 211.2535 
  -0.04724896 212.3098 
  -0.01832217 213.3714 
  -0.1140191 214.4382 
  0.4298916 215.5104 
  0.7674472 216.5879 
  0.8863825 216.5879 
  0.9884979 215.5104 
  0.9944485 213.3714 
  0.9970007 211.2535 
  0.9962716 210.2025 
  0.996433 209.1568 
  0.9966975 208.1162 
  0.8378764 208.1162 
  0.9009144 207.0808 
  0.9400126 207.0808 
  0.9908883 207.0808 
  0.994464 207.0808 
  0.9876679 207.0808 
  0.9744773 206.0505 
  0.8493147 205.0254 
  0.2756893 202.9904 
  -0.323019 200.9756 
  -0.3037736 198.9809 
  -0.07662433 197.0059 
  -0.1311189 195.0505 
  -0.1521924 193.1145 
  0.03548254 191.1978 
  0.02686423 190.2465 
  -0.2206463 189.3 
  -0.2299863 188.3582 
  0.02511863 187.4211 
  0.1800565 186.4887 
  0.153514 185.5609 
  0.1427059 184.6377 
  0.05402824 183.7191 
  0.3780596 182.8051 
  0.7410344 181.8956 
  0.3059736 180.9906 
  0.7454659 180.0902 
  0.9241447 180.0902 
  0.9622188 179.1942 
  0.9637972 177.4156 
  0.9208301 175.6547 
  0.9394647 173.9112 
  0.9826043 173.046 
  0.994998 173.046 
  0.9974577 173.046 
  0.9954937 173.046 
  0.993773 173.046 
  0.9832339 173.046 
  0.9726533 173.9112 
  0.9696124 174.7808 
  0.9812831 174.7808 
  0.9758183 174.7808 
  0.9732914 174.7808 
  0.9762326 176.533 
  0.9852808 177.4156 
  0.9516518 178.3027 
  0.9197676 180.0902 
  0.8011043 180.9906 
  0.3218544 180.9906 
  0.08335418 180.9906 
  0.02768072 180.9906 
  0.01963997 181.8956 
  0.2364651 182.8051 
  -0.008043244 183.7191 
  -0.1968314 184.6377 
  0.05590268 184.6377 
  0.1479234 184.6377 
  -0.01814415 184.6377 
  -0.08639266 184.6377 
  -0.1669629 184.6377 
  -0.05803061 184.6377 
  0.2834395 184.6377 
  0.104963 184.6377 
  0.1974878 184.6377 
  0.7077847 185.5609 
  0.8493717 184.6377 
  0.982708 181.8956 
  0.9897894 181.8956 
  0.9770585 181.8956 
  0.9257445 182.8051 
  0.887352 183.7191 
  0.1451423 182.8051 
  0.03950207 181.8956 
  -0.04758961 180.9906 
  -0.04199138 180.0902 
  0.01083528 179.1942 
  -0.0196066 178.3027 
  0.04239162 178.3027 
  0.2809348 178.3027 
  0.7214134 178.3027 
  0.8540876 177.4156 
  0.729956 176.533 
  0.8972335 175.6547 
  0.9431633 174.7808 
  0.9656054 174.7808 
  0.9773159 174.7808 
  0.9620583 173.046 
  0.9068984 171.3284 
  0.9197753 168.784 
  0.9692546 167.1087 
  0.9866345 166.2773 
  0.982617 166.2773 
  0.9588203 164.6269 
  0.9663165 163.8079 
  0.9635016 162.182 
  0.9863443 161.3751 
  0.9853938 160.5723 
  0.9833406 159.7734 
  0.9682916 158.9785 
  0.9699892 157.4006 
  0.9798287 156.6175 
  0.9867252 155.8383 
  0.9728506 155.063 
  0.9784436 154.2915 
  0.9734364 152.7601 
  0.9337361 151.2439 
  0.9256513 149.7427 
  0.9403245 148.2564 
  0.948832 146.0546 
  0.9135792 146.0546 
  0.8683883 146.7849 
  0.9083258 148.9977 
  0.5623587 149.7427 
  0.451761 149.7427 
  0.07781579 149.7427 
  -0.06328776 149.7427 
  -0.2656362 149.7427 
  -0.3101533 149.7427 
  -0.1447186 149.7427 
  0.1682005 149.7427 
  0.1956519 149.7427 
  0.1928154 149.7427 
  0.0109568 149.7427 
  0.02621144 149.7427 
  -0.03468224 149.7427 
  0.01544886 149.7427 
  0.1542537 149.7427 
  0.08751222 149.7427 
  0.004421702 149.7427 
  -0.03889218 149.7427 
  0.002816454 149.7427 
  -0.05386561 149.7427 
  -0.06807349 149.7427 
  0.06787424 149.7427 
  0.1426249 149.7427 
  0.2433636 149.7427 
  -0.001340868 149.7427 
  -0.01745461 149.7427 
  -0.03379115 149.7427 
  -0.06615853 149.7427 
  -0.06331286 149.7427 
  -0.06782907 149.7427 
  0.05923531 149.7427 
  -0.05325413 149.7427 
  -0.2973339 149.7427 
  -0.1716259 149.7427 
  -0.09448883 149.7427 
  -0.1081628 149.7427 
  0.06486974 149.7427 
  0.007939447 149.7427 
  -0.1989505 149.7427 
  -0.217913 149.7427 
  -0.05778531 149.7427 
  0.03012921 149.7427 
  -0.01055989 149.7427 
  -0.07178038 149.7427 
  0.03346089 149.7427 
  -0.126259 149.7427 
  0.02304828 149.7427 
  0.01608744 149.7427 
  -0.164364 149.7427 
  -0.0820409 149.7427 
  -0.002316145 149.7427 
  -0.1096339 149.7427 
  -0.1430208 149.7427 
  0.00223463 149.7427 
  0.1042718 149.7427 ]
