 [
  -0.251386 103.0128 
  -0.2763504 103.0128 
  -0.2266058 103.0128 
  -0.01029003 103.0128 
  -0.1566794 103.0128 
  -0.06879808 103.0128 
  -0.2785668 103.0128 
  0.2120975 103.0128 
  -0.1898058 103.0128 
  -0.1748794 103.0128 
  -0.36869 103.0128 
  -0.09927332 103.0128 
  -0.165672 103.0128 
  -0.09764217 103.0128 
  -0.04326471 103.0128 
  -0.1649011 103.0128 
  -0.1052115 103.0128 
  0.144729 103.0128 
  0.02575228 103.0128 
  0.03027507 103.0128 
  0.1466301 103.0128 
  -0.04055753 103.0128 
  0.7011287 103.0128 
  0.3954682 103.0128 
  0.5889019 105.614 
  0.8537365 105.614 
  0.9082299 105.0885 
  0.9396548 104.0455 
  0.9283608 103.5278 
  0.9145381 102.5003 
  0.8896537 100.978 
  0.906855 99.97575 
  0.9516977 98.98344 
  0.9841521 98.491 
  0.984187 98.491 
  0.9899493 98.00098 
  0.9746835 97.51342 
  0.9303558 97.51342 
  0.8569366 97.02828 
  0.7192813 97.02828 
  0.9281763 98.00098 
  0.9123772 98.491 
  0.8445731 99.47836 
  0.8943398 99.47836 
  0.9520047 99.97575 
  0.965391 99.97575 
  0.9546348 100.978 
  0.8844343 101.4829 
  0.9040406 103.0128 
  0.9451886 103.5278 
  0.9192681 104.5657 
  0.938383 105.614 
  0.843488 106.6728 
  0.7244368 108.2809 
  0.7977672 110.4628 
  0.893723 112.128 
  0.9490915 113.2521 
  0.9408224 113.8184 
  0.8597981 114.9594 
  0.9209986 116.1118 
  0.9381462 116.6924 
  0.9315169 116.1118 
  0.937709 116.1118 
  0.9407741 115.5342 
  0.8965318 114.3874 
  0.8943503 112.6886 
  0.9212285 113.2521 
  0.9057637 114.3874 
  0.6166538 116.1118 
  0.6572238 117.8622 
  0.6344281 119.639 
  0.3905675 121.4426 
  0.2058107 122.6601 
  0.4092951 125.1317 
  0.1222436 128.2915 
  0.1914018 129.5776 
  0.3074187 113.8184 
  0.365823 100.4756 
  0.3049912 94.1677 
  0.2159606 98.491 
  0.6107125 99.47836 
  0.9291998 99.97575 
  0.7846872 101.4829 
  0.7429124 102.5003 
  0.8118956 104.5657 
  0.8572168 105.614 
  0.8996254 106.142 
  0.8026587 106.6728 
  0.6277008 107.2061 
  0.5853835 106.6728 
  0.2081889 104.0455 
  0.8543564 103.5278 
  0.8902203 103.0128 
  0.8809571 103.0128 
  0.9049681 103.0128 
  0.9676958 103.0128 
  0.2992301 103.5278 
  0.407519 103.0128 
  0.4952276 110.4628 
  0.7241651 110.4628 
  0.9336696 110.4628 
  0.9530663 110.4628 
  0.9594017 111.0151 
  0.9605327 111.5702 
  0.9703928 111.5702 
  0.9662766 111.5702 
  0.9535629 111.0151 
  0.9613226 111.0151 
  0.9727374 110.4628 
  0.9536212 111.0151 
  0.9500368 111.0151 
  0.9714859 112.128 
  0.9356511 112.6886 
  0.9478785 113.8184 
  0.9298247 114.9594 
  0.9715677 116.1118 
  0.9745 116.6924 
  0.9429793 116.1118 
  0.8829837 115.5342 
  0.8134604 113.2521 
  0.5587014 112.128 
  0.9871074 112.128 
  0.9687778 111.0151 
  0.9338218 109.9132 
  0.9324206 108.2809 
  0.9253683 107.2061 
  0.7366826 107.2061 
  0.1414649 109.3664 
  0.7132747 109.3664 
  0.8375826 108.8223 
  0.8423388 108.2809 
  0.7158502 108.2809 
  0.2892526 107.2061 
  0.03521347 106.142 
  0.07330123 105.0885 
  0.01387589 104.0455 
  0.1409237 103.0128 
  0.246926 101.9903 
  0.2726395 100.978 
  -0.1076774 99.97575 
  0.03476671 98.98344 
  -0.05017837 98.00098 
  0.1516827 96.54556 
  0.02321958 95.11173 
  -0.1259016 94.1677 
  0.4968535 94.1677 
  0.5972296 91.84841 
  0.4021454 89.58624 
  0.1278517 93.6992 
  0.6451891 94.1677 
  0.4456554 95.5873 
  0.6411753 85.2277 
  0.3918991 84.80367 
  0.3449762 82.71502 
  0.1438187 80.27641 
  0.8803366 75.99085 
  0.495909 74.86229 
  0.5311775 73.38358 
  0.8757852 72.29374 
  0.7863918 71.22009 
  0.5142697 70.51319 
  0.3068769 69.46598 
  0.3125528 68.09386 
  0.1990107 68.7765 
  0.2595247 67.41799 
  0.278799 67.41799 
  -0.07417841 67.41799 
  -0.1849769 67.41799 
  -0.0263886 67.41799 
  -0.05228968 67.41799 
  0.07995663 67.41799 
  0.1451773 67.41799 
  0.03762724 67.41799 
  0.06495917 67.41799 
  0.1163877 67.41799 
  0.1848241 67.41799 
  0.07121237 67.41799 
  -0.0584319 67.41799 
  -0.1112691 67.41799 
  -0.2014394 67.41799 
  -0.05162727 67.41799 
  0.03892313 67.41799 
  0.02538843 67.41799 
  0.07122672 67.41799 
  -0.01586678 67.41799 
  0.006782439 67.41799 
  -0.05764599 67.41799 
  0.005921762 67.41799 
  -0.2219296 67.41799 
  -0.1486866 67.41799 
  -0.1034154 67.41799 
  0.02943518 67.41799 
  -0.05803147 67.41799 
  -0.07827818 67.41799 
  0.0262708 67.41799 ]
