 [
  -0.3440172 286.3741 
  -0.1328525 286.3741 
  -0.1433746 286.3741 
  -0.3020042 286.3741 
  -0.1482258 286.3741 
  -0.1487385 286.3741 
  -0.01875809 286.3741 
  0.1935372 286.3741 
  -0.03544115 286.3741 
  -0.1977503 286.3741 
  -0.03722209 286.3741 
  -0.1844351 286.3741 
  0.1184973 286.3741 
  0.05351321 286.3741 
  0.05321428 286.3741 
  0.1713561 286.3741 
  0.1119991 286.3741 
  0.1524599 286.3741 
  0.1945607 286.3741 
  0.0981031 286.3741 
  0.426419 286.3741 
  0.2739027 286.3741 
  0.2382835 286.3741 
  0.1580009 286.3741 
  0.09836509 286.3741 
  0.3172312 286.3741 
  0.2793514 286.3741 
  0.1000129 286.3741 
  0.01576477 286.3741 
  0.1494264 286.3741 
  0.08485268 286.3741 
  0.3303297 286.3741 
  0.4850417 286.3741 
  0.3784063 286.3741 
  0.1038443 286.3741 
  -0.04466178 286.3741 
  0.3052602 286.3741 
  0.3179545 286.3741 
  0.288049 286.3741 
  0.2744897 286.3741 
  0.1850707 286.3741 
  -0.2908446 286.3741 
  -0.1688658 286.3741 
  0.02130426 286.3741 
  0.02161797 286.3741 
  0.2065834 286.3741 
  0.02417186 286.3741 
  -0.1238633 286.3741 
  -0.1086693 286.3741 
  0.1161297 286.3741 
  0.1829136 286.3741 
  -0.05149209 287.806 
  0.09598407 287.806 
  0.09625414 287.806 
  -0.1332587 287.806 
  -0.2416928 287.806 
  -0.1009032 287.806 
  0.8449291 289.245 
  0.790557 286.3741 
  0.8737102 283.5317 
  0.9868319 277.9312 
  0.9883065 273.8036 
  0.9961188 271.0859 
  0.9906029 268.3953 
  0.9771659 264.4093 
  0.9651674 259.1866 
  0.9161006 256.614 
  0.7196761 257.8971 
  0.1842179 260.4825 
  0.110212 264.4093 
  0.2449436 267.06 
  0.23976 269.7372 
  0.09331601 272.4414 
  0.05251644 276.5485 
  -0.007735037 280.7175 
  0.01570913 284.9493 
  0.1267292 289.245 
  0.1008086 293.6054 
  -0.1645239 298.0316 
  0.1879474 302.5244 
  0.03449769 304.037 
  0.03853064 304.037 
  0.1004661 302.5244 
  0.7482974 301.0193 
  0.9185319 301.0193 
  0.9592272 305.5572 
  0.9654336 310.1635 
  0.9900889 311.7143 
  0.9973688 313.2729 
  0.9974268 313.2729 
  0.9945135 314.8393 
  0.9797431 317.9955 
  0.9632923 324.4033 
  0.9349166 330.9402 
  0.9271522 339.2969 
  0.9716153 346.1339 
  0.9197135 347.8645 
  0.5730375 334.2579 
  -0.1070651 314.8393 
  -0.009672569 308.6204 
  -0.7392716 314.8393 
  0.1924959 321.1834 
  -0.1962793 327.6555 
  -0.4017798 334.2579 
  -0.08729713 340.9934 
  0.3654716 346.1339 
  0.6821523 351.3519 
  0.2118375 356.6486 
  -0.09807391 362.0251 
  0.6262249 367.4827 
  0.8709629 367.4827 
  0.9040656 362.0251 
  0.9725701 354.8742 
  0.9788219 349.6039 
  0.9922139 346.1339 
  0.9871631 344.4118 
  0.9748923 339.2969 
  0.9718142 332.5949 
  0.9948769 326.0254 
  0.9975007 321.1834 
  0.9915287 316.4135 
  0.9890552 310.1635 
  0.9853307 302.5244 
  0.9757589 295.0734 
  0.9151837 284.9493 
  0.938859 276.5485 
  0.9772618 271.0859 
  0.9792631 267.06 
  0.9746399 261.7849 
  0.9784105 256.614 
  0.9805386 251.5452 
  0.9802975 247.8095 
  0.9858519 244.1292 
  0.9752318 244.1292 
  0.9600645 245.3498 
  0.9413893 250.2938 
  0.814997 251.5452 
  -0.05171435 254.067 
  0.06952529 256.614 
  -0.0272614 259.1866 
  -0.05036327 261.7849 
  -0.05860624 264.4093 
  0.05648318 267.06 
  0.2554427 269.7372 
  0.2946437 272.4414 
  0.2868053 275.1726 
  0.01345485 277.9312 
  0.09511869 280.7175 
  0.103316 284.9493 
  0.1254799 289.245 
  0.1047906 293.6054 
  0.2625398 298.0316 
  0.2967732 301.0193 
  0.01535624 305.5572 
  -0.0208578 310.1635 
  0.2037532 314.8393 
  0.6084042 319.5855 
  0.7176127 313.2729 
  0.8820206 308.6204 
  0.9622094 307.085 
  0.9910536 311.7143 
  0.9921325 314.8393 
  0.9911344 317.9955 
  0.9950027 319.5855 
  0.9956882 319.5855 
  0.9891402 319.5855 
  0.9829858 319.5855 
  0.9788092 316.4135 
  0.9988419 314.8393 
  0.9994911 313.2729 
  0.9989786 311.7143 
  0.9387849 308.6204 
  0.9727177 307.085 
  0.9822714 305.5572 
  0.981588 302.5244 
  0.9699195 296.5488 
  0.9571748 290.6912 
  0.941623 283.5317 
  0.9309571 279.3209 
  0.9206045 271.0859 
  0.9871721 265.7313 
  0.9916839 263.0938 
  0.9908977 260.4825 
  0.9939372 259.1866 
  0.9826887 260.4825 
  0.8890374 263.0938 
  0.8851922 264.4093 
  0.8889992 264.4093 
  0.9535391 263.0938 
  0.8579384 263.0938 
  0.6497089 265.7313 
  0.3995449 268.3953 
  0.2179874 272.4414 
  0.1703281 276.5485 
  0.5923133 280.7175 
  0.8411932 286.3741 
  0.9336977 295.0734 
  0.9784243 298.0316 
  0.9881704 298.0316 
  0.9866083 296.5488 
  0.9923202 295.0734 
  0.9978083 293.6054 
  0.9988155 293.6054 
  0.9917523 292.1447 
  0.9992599 290.6912 
  0.9940118 289.245 
  0.9988236 289.245 
  0.9976577 287.806 
  0.9951091 286.3741 
  0.9890419 283.5317 
  0.9803544 279.3209 
  0.9702267 275.1726 
  0.9684928 269.7372 
  0.9610877 264.4093 
  0.7892556 256.614 
  0.7535485 250.2938 
  0.6928747 244.1292 
  0.484425 238.1164 
  0.4446231 232.2518 
  0.7125621 227.6642 
  0.8735618 222.057 
  0.8349595 215.5104 
  0.9265376 209.1568 
  0.9915842 204.0054 
  0.993438 202.9904 
  0.9972932 201.9805 
  0.9949777 202.9904 
  0.9930511 201.9805 
  0.992697 201.9805 
  0.9666861 201.9805 
  0.9416715 201.9805 
  0.8890954 200.9756 
  0.7580675 204.0054 
  0.7394103 207.0808 
  0.6806398 210.2025 
  0.4665995 214.4382 
  0.1127845 218.7592 
  0.7303279 223.1673 
  0.8321022 218.7592 
  0.9627561 216.5879 
  0.9786686 215.5104 
  0.9621912 215.5104 
  0.9457721 215.5104 
  0.9150485 214.4382 
  0.890564 214.4382 
  0.9553341 216.5879 
  0.9987531 217.6709 
  1.000313 218.7592 
  0.9990975 218.7592 
  0.9993424 219.853 
  0.9811047 220.9523 
  0.9588538 220.9523 
  0.9756763 219.853 
  0.9923227 218.7592 
  0.9976476 216.5879 
  0.9993311 215.5104 
  1.000405 214.4382 
  0.9998787 213.3714 
  0.9982344 214.4382 
  0.9930859 214.4382 
  0.9861667 215.5104 
  0.9755188 215.5104 
  0.8920749 216.5879 
  0.7781535 217.6709 
  0.6439521 219.853 
  0.009932008 222.057 
  0.1164323 224.2832 
  0.1892357 226.5316 
  -0.01613995 228.8026 
  0.0283214 231.0963 
  -0.03487631 233.4131 
  -0.2052456 235.753 
  -0.1976626 238.1164 
  0.2978382 239.307 
  0.2894932 241.7061 
  0.4264912 242.9146 
  0.08195382 245.3498 
  0.4304703 247.8095 
  0.7747934 247.8095 
  0.9195827 247.8095 
  0.9879812 249.0485 
  0.9891587 252.8029 
  0.9895053 257.8971 
  0.9869421 264.4093 
  0.9837444 271.0859 
  0.9887865 276.5485 
  0.9889678 282.1211 
  0.9885468 287.806 
  0.9903224 292.1447 
  0.9839754 293.6054 
  0.958504 296.5488 
  0.8622968 302.5244 
  0.9654385 311.7143 
  0.9844196 319.5855 
  0.9904964 322.7894 
  0.9936624 326.0254 
  0.9715035 326.0254 
  0.9487767 322.7894 
  0.8818421 317.9955 
  0.1609655 313.2729 
  -0.03140805 308.6204 
  -0.07568021 304.037 
  -0.1171908 299.5217 
  -0.008027028 295.0734 
  0.1341399 290.6912 
  0.05116288 286.3741 
  -0.02474823 282.1211 
  -0.1382558 277.9312 
  0.6211963 273.8036 
  0.6350148 268.3953 
  0.8397545 268.3953 
  0.9592161 264.4093 
  0.9764566 259.1866 
  0.9852322 255.3373 
  0.9870903 251.5452 
  0.9838111 247.8095 
  0.974836 245.3498 
  0.9588844 241.7061 
  0.7862108 240.5036 
  0.5468856 241.7061 
  0.5837117 242.9146 
  0.629427 244.1292 
  0.6178122 245.3498 
  0.4147746 246.5766 
  0.260747 249.0485 
  0.2682279 250.2938 
  -0.1512606 251.5452 
  0.1514925 254.067 
  0.7752982 256.614 
  0.8752276 260.4825 
  0.954566 264.4093 
  0.9667504 272.4414 
  0.978721 279.3209 
  0.9898994 284.9493 
  0.9976242 286.3741 
  0.9855585 283.5317 
  0.9577817 276.5485 
  0.9197687 265.7313 
  0.8881921 252.8029 
  0.8006746 240.5036 
  0.5667138 231.0963 
  0.09712984 226.5316 
  -0.4540574 225.4046 
  -0.595773 225.4046 
  -0.6201086 224.2832 
  -0.1345353 224.2832 
  0.1252583 223.1673 
  0.6138002 222.057 
  -0.09186315 220.9523 
  -0.09172975 219.853 
  -0.1932636 218.7592 
  -0.333799 217.6709 
  -0.1711433 216.5879 
  -0.2312348 215.5104 
  0.01847412 214.4382 
  -0.01829041 214.4382 
  0.0678905 214.4382 
  -0.09997561 215.5104 
  0.01646505 216.5879 
  0.0267584 217.6709 
  -0.05604289 218.7592 
  -0.02507617 219.853 
  -0.01310796 220.9523 
  -0.0347473 222.057 
  0.110754 223.1673 
  0.5801927 224.2832 
  0.8482292 224.2832 
  0.9755184 223.1673 
  0.9985865 223.1673 
  0.9960099 224.2832 
  0.996724 225.4046 
  0.9975106 226.5316 
  0.988378 224.2832 
  0.9849894 222.057 
  0.9928089 218.7592 
  0.9960356 216.5879 
  0.9987362 215.5104 
  0.9979835 215.5104 
  0.9975127 215.5104 
  0.9967469 215.5104 
  0.9931002 214.4382 
  0.9957236 213.3714 
  0.9960839 213.3714 
  0.9977791 213.3714 
  0.9964541 213.3714 
  0.995258 213.3714 
  0.9746733 216.5879 
  0.9678946 222.057 
  0.9764339 227.6642 
  0.9819773 233.4131 
  0.9729209 239.307 
  0.9442397 246.5766 
  0.9609753 255.3373 
  0.9836651 259.1866 
  0.998236 263.0938 
  0.9978814 264.4093 
  0.9940391 265.7313 
  0.9941633 267.06 
  0.9934697 267.06 
  0.9935527 267.06 
  0.9929748 267.06 
  0.9880363 267.06 
  0.9704378 265.7313 
  0.9703043 263.0938 
  0.9911168 261.7849 
  0.9875227 261.7849 
  0.9912187 260.4825 
  0.9924648 259.1866 
  0.9819096 259.1866 
  0.9749872 259.1866 
  0.953124 257.8971 
  0.9981838 256.614 
  0.9987698 255.3373 
  0.9974337 254.067 
  0.9960994 252.8029 
  0.9170579 251.5452 
  0.9567064 249.0485 
  0.9720163 247.8095 
  0.9929434 245.3498 
  0.9878259 241.7061 
  0.9813253 239.307 
  0.9681994 238.1164 
  0.9944774 236.9318 
  0.9987119 236.9318 
  0.9967574 236.9318 
  0.9950354 236.9318 
  0.9680732 238.1164 
  0.9100639 239.307 
  0.7715654 241.7061 
  0.3848608 244.1292 
  0.03553485 246.5766 
  0.1702287 249.0485 
  0.2203403 251.5452 
  0.1962314 254.067 
  -0.0345624 256.614 
  -0.09688666 259.1866 
  -0.1336759 261.7849 
  -0.05663761 264.4093 
  -0.1383637 267.06 
  0.04646214 269.7372 
  0.03127266 272.4414 
  0.4084246 275.1726 
  0.7979742 261.7849 
  0.8590245 255.3373 
  0.9442496 247.8095 
  0.9724673 244.1292 
  0.985377 241.7061 
  0.9914851 240.5036 
  0.9938845 240.5036 
  0.995501 240.5036 
  0.9952281 240.5036 
  0.9947466 239.307 
  0.9966587 239.307 
  0.9959741 239.307 
  0.9919685 238.1164 
  0.9863006 236.9318 
  0.983715 234.5801 
  0.9921137 232.2518 
  0.9890561 231.0963 
  0.9730326 228.8026 
  0.9537681 225.4046 
  0.8183098 220.9523 
  0.7631079 216.5879 
  0.3717355 209.1568 
  0.9693037 202.9904 
  0.9710264 197.0059 
  0.9106754 191.1978 
  0.1788867 185.5609 
  -0.04914445 180.0902 
  0.07796185 175.6547 
  0.4350806 174.7808 
  0.7516039 175.6547 
  0.874936 174.7808 
  0.5346221 173.046 
  0.2346372 169.6279 
  0.201737 168.784 
  0.04078222 169.6279 
  0.2224045 171.3284 
  0.1663142 173.046 
  0.1677866 173.9112 
  -0.1072292 173.9112 
  -0.2707935 173.9112 
  -0.5148438 173.9112 
  -0.3328188 173.9112 
  -0.2059283 173.9112 
  -0.1685721 173.9112 
  -0.05810028 173.9112 
  0.1977765 173.9112 
  0.1426549 173.9112 
  -0.02376726 173.9112 
  0.0478637 173.9112 
  -0.1453742 173.9112 
  -0.140184 173.9112 
  -0.1472214 173.9112 
  -0.1111284 173.9112 ]
