 [
  0.1704449 88.69706 
  -0.2050533 88.69706 
  0.07611389 88.69706 
  -0.176338 88.69706 
  -0.1434533 88.69706 
  0.1400021 88.69706 
  0.3226151 88.69706 
  0.3427702 88.69706 
  0.1617595 88.69706 
  0.1416825 88.69706 
  0.2505045 88.69706 
  -0.05971736 88.69706 
  -0.05871801 88.69706 
  -0.2840368 88.69706 
  0.4623506 89.14054 
  0.1829509 89.14054 
  0.2817599 103.0128 
  0.09803178 104.0455 
  0.5330842 115.5342 
  0.9318211 114.9594 
  0.929665 114.9594 
  0.9176579 114.9594 
  0.911346 113.2521 
  0.8613196 111.5702 
  0.8544046 109.9132 
  0.8837422 108.2809 
  0.8667765 106.142 
  0.7950567 101.9903 
  0.7468057 97.02828 
  0.8120121 92.7692 
  0.8748739 89.58624 
  0.7663542 87.3798 
  0.7406896 86.0821 
  0.881902 83.96195 
  0.938261 82.3035 
  0.9526254 81.08118 
  0.9244362 81.08118 
  0.7909827 81.08118 
  0.7476246 81.08118 
  0.1881049 79.47963 
  0.04956416 80.27641 
  -0.1579279 81.08118 
  -0.03804059 81.89403 
  -0.03661165 82.3035 
  0.0941992 82.71502 
  -0.02983368 83.54424 
  -0.04634403 83.96195 
  0.04801748 84.38177 
  -0.2862366 84.80367 
  0.3542115 85.2277 
  -0.06580187 85.65383 
  0.06613369 86.0821 
  0.1879161 86.51251 
  0.3716204 86.94508 
  0.4824448 87.3798 
  0.6971793 86.51251 
  0.837904 86.51251 
  0.9593047 86.51251 
  0.816569 87.8167 
  0.7104391 87.8167 
  0.7167539 86.51251 
  0.9089128 86.51251 
  0.9738086 86.51251 
  0.9849477 86.0821 
  0.9899722 86.0821 
  0.9807876 86.51251 
  0.9911238 86.51251 
  0.987106 86.51251 
  0.9699543 86.51251 
  0.9523759 85.65383 
  0.9642873 85.65383 
  0.9310589 85.2277 
  0.8542718 85.2277 
  0.9317024 84.80367 
  0.9749046 84.80367 
  0.9831356 84.80367 
  0.9748029 85.2277 
  0.979896 85.2277 
  0.9909365 85.65383 
  0.977855 85.65383 
  0.9757648 86.51251 
  0.9332268 86.94508 
  0.8359393 88.25578 
  0.8991029 89.58624 
  0.972792 90.03418 
  0.9708485 90.48434 
  0.9678988 90.48434 
  0.938629 90.48434 
  0.8644867 89.58624 
  0.8931281 88.69706 
  0.8402054 89.58624 
  0.7584153 92.30766 
  0.8194894 94.1677 
  0.9148715 95.5873 
  0.9280872 96.06523 
  0.9279702 96.54556 
  0.9311153 97.02828 
  0.9343805 98.00098 
  0.9339203 98.98344 
  0.9631276 99.97575 
  0.9721718 100.4756 
  0.9810378 100.978 
  0.9636809 100.978 
  0.9154875 100.978 
  0.7319711 100.4756 
  0.7981487 98.98344 
  0.8281468 97.51342 
  0.823358 96.06523 
  0.5138406 94.63854 
  0.2303325 93.23304 
  0.06092145 92.30766 
  0.03914451 91.39146 
  -0.1322224 90.48434 
  -0.02654845 89.58624 
  0.1363966 88.69706 
  0.07336129 87.8167 
  -0.01552812 86.94508 
  -0.03436875 86.0821 
  -0.1598382 85.2277 
  0.5476584 84.38177 
  0.3587226 82.71502 
  0.8148134 80.27641 
  0.7160295 79.87703 
  0.2588989 81.4866 
  0.4596036 85.65383 
  0.4300014 86.0821 
  0.04714198 86.94508 
  -0.05009327 87.8167 
  -0.06242963 88.69706 
  -0.04554093 89.58624 
  0.03562558 90.48434 
  0.129407 91.39146 
  0.0289376 92.30766 
  0.1067885 93.23304 
  0.06149643 94.1677 
  -0.07754014 95.11173 
  -0.05015189 96.06523 
  -0.08448776 97.02828 
  0.6605234 98.00098 
  0.5036401 94.63854 
  0.5130466 93.6992 
  0.6570256 90.03418 
  0.7706626 86.51251 
  0.9118509 84.80367 
  0.8810694 83.96195 
  0.8175548 83.12859 
  0.6564029 82.71502 
  -0.3087906 82.71502 
  0.009655467 83.12859 
  -0.145324 83.12859 
  -0.1364279 83.12859 
  0.3183115 83.54424 
  0.3256913 83.96195 
  0.5914204 82.3035 
  0.677527 81.89403 
  0.9024904 80.27641 
  0.9745625 79.08421 
  0.9549463 78.69076 
  0.8203349 78.29926 
  0.8038349 77.90971 
  0.6809675 77.5221 
  0.4603097 79.47963 
  0.3254882 81.89403 
  0.6276917 84.38177 
  0.781213 85.2277 
  0.8694224 84.80367 
  0.7281971 82.3035 
  0.9461724 81.89403 
  0.9221092 81.08118 
  0.9078485 80.6778 
  0.9472767 80.6778 
  0.9630332 80.27641 
  0.9589587 80.27641 
  0.9597408 80.27641 
  0.8708947 80.6778 
  0.8359835 81.08118 
  0.9212524 82.71502 
  0.8364163 82.71502 
  0.7023947 81.4866 
  0.692346 80.6778 
  0.5205848 79.87703 
  0.02021518 79.08421 
  -0.05941369 78.29926 
  -0.2003564 77.5221 
  -0.02782958 76.75266 
  0.07482705 75.99085 
  0.04350843 75.2366 
  -0.08662134 74.11925 
  0.1353807 73.01849 
  0.2932428 72.29374 
  -0.3511654 71.57619 
  0.3300091 70.16238 
  0.5585133 71.22009 
  0.6171457 71.22009 
  0.5695444 71.22009 
  0.9258827 80.27641 
  0.9612637 80.27641 
  0.9867141 80.6778 
  0.9561532 81.08118 
  0.9432244 81.4866 
  0.7739059 82.71502 
  0.7615823 84.80367 
  0.5507901 84.80367 
  0.294987 85.2277 
  -0.03787513 86.0821 
  0.220801 86.94508 
  0.1697815 87.8167 
  0.2931482 88.69706 
  0.5865686 89.14054 
  0.701262 89.14054 
  0.7068098 89.14054 
  0.5029388 89.14054 
  0.427179 89.14054 
  0.01300561 89.14054 
  -0.009508604 89.14054 
  -0.03079895 89.14054 
  0.208162 89.14054 
  -0.07646121 89.14054 
  0.02412923 89.14054 
  0.1418893 89.14054 ]
