 [
  0.1268866 208.1162 
  0.1053506 208.1162 
  -0.05352117 208.1162 
  -0.04873712 208.1162 
  -0.2167368 208.1162 
  0.02560648 208.1162 
  -0.2722734 208.1162 
  -0.2045713 208.1162 
  0.01330415 208.1162 
  0.3210312 208.1162 
  0.03204622 208.1162 
  0.09681506 208.1162 
  -0.01518864 208.1162 
  -0.141335 208.1162 
  0.0563769 208.1162 
  0.04626872 208.1162 
  -0.1948062 208.1162 
  -0.09068931 208.1162 
  0.5923942 208.1162 
  0.7957321 208.1162 
  0.871261 207.0808 
  0.9847747 205.0254 
  0.987082 205.0254 
  0.9875848 206.0505 
  0.9739578 210.2025 
  0.9390012 216.5879 
  0.9387764 226.5316 
  0.9505634 232.2518 
  0.9694266 238.1164 
  0.9885374 241.7061 
  0.9976599 244.1292 
  0.999631 245.3498 
  0.9970171 245.3498 
  0.9968907 246.5766 
  0.9939409 249.0485 
  0.9897931 252.8029 
  0.9919289 255.3373 
  0.9823567 259.1866 
  0.9744335 260.4825 
  0.9346057 260.4825 
  0.6949745 250.2938 
  0.9234221 252.8029 
  0.8784566 249.0485 
  0.8478147 242.9146 
  0.950228 233.4131 
  0.959132 228.8026 
  0.9772804 225.4046 
  0.9863631 223.1673 
  0.9916294 223.1673 
  0.9867445 224.2832 
  0.9907786 224.2832 
  0.9914984 224.2832 
  0.9827356 224.2832 
  0.9763666 226.5316 
  0.9636337 228.8026 
  0.9117044 232.2518 
  0.9135359 236.9318 
  0.9493663 242.9146 
  0.9542089 245.3498 
  0.9297439 247.8095 
  0.8806913 240.5036 
  0.4995356 238.1164 
  0.01013966 239.307 
  -0.1228724 240.5036 
  -0.1882053 241.7061 
  -0.1363792 244.1292 
  -0.08555107 247.8095 
  -0.1802664 251.5452 
  -0.06159616 255.3373 
  -0.2230536 257.8971 
  -0.03058289 261.7849 
  0.8263551 265.7313 
  0.8972147 263.0938 
  0.8665611 255.3373 
  0.8639072 245.3498 
  0.9455297 238.1164 
  0.9454693 234.5801 
  0.9123912 229.9466 
  0.8846738 225.4046 
  0.9735405 219.853 
  0.9765729 214.4382 
  0.9706162 209.1568 
  0.9739238 204.0054 
  0.9762794 198.9809 
  0.8247684 195.0505 
  0.9037622 193.1145 
  0.9800697 193.1145 
  0.996079 193.1145 
  0.9909785 193.1145 
  0.976496 194.0801 
  0.9794077 194.0801 
  0.982435 196.0257 
  0.9741291 197.0059 
  0.9808652 198.9809 
  0.986334 200.9756 
  0.993222 201.9805 
  0.9945334 202.9904 
  0.9166371 204.0054 
  0.8415551 204.0054 
  0.28607 201.9805 
  0.9189167 200.9756 
  0.9281284 202.9904 
  0.9517983 202.9904 
  0.9733487 200.9756 
  0.9808505 198.9809 
  0.9270095 197.0059 
  0.883004 195.0505 
  0.9465415 192.1537 
  0.9883559 191.1978 
  0.9922666 190.2465 
  0.9870139 190.2465 
  0.9656352 190.2465 
  0.9278044 191.1978 
  0.8037333 192.1537 
  0.6664936 194.0801 
  0.09757621 196.0257 
  -0.0151539 197.9909 
  -0.1051329 199.9758 
  0.1452056 201.9805 
  0.07315038 204.0054 
  -0.1743265 206.0505 
  -0.05617775 208.1162 
  0.1660053 209.1568 
  -0.200674 211.2535 
  -0.285296 212.3098 
  -0.1811528 213.3714 
  0.08705714 214.4382 
  0.7441612 214.4382 
  0.8772065 213.3714 
  0.9870657 211.2535 
  0.9967312 209.1568 
  0.9985021 207.0808 
  0.9956855 206.0505 
  0.9798648 202.9904 
  0.9660544 198.9809 
  0.9909189 196.0257 
  0.9956133 195.0505 
  0.9945338 195.0505 
  0.9924095 195.0505 
  0.9269589 192.1537 
  0.8739429 193.1145 
  0.8687029 194.0801 
  0.978434 197.0059 
  0.9559178 197.9909 
  0.9278027 198.9809 
  0.9236428 200.9756 
  0.8550195 200.9756 
  0.5919679 197.9909 
  0.3143591 195.0505 
  0.1175838 192.1537 
  0.005445789 190.2465 
  -0.1071882 189.3 
  0.04045399 187.4211 
  -0.005327342 184.6377 
  0.03240375 180.0902 
  0.2503911 177.4156 
  0.3636637 178.3027 
  0.5433241 183.7191 
  0.6913403 194.0801 
  0.9329284 197.0059 
  0.7299612 189.3 
  0.3528142 181.8956 
  0.4889671 166.2773 
  0.6126876 155.8383 
  0.4381641 149.7427 
  0.2256308 141.0434 
  -0.005318939 136.2042 
  0.1442994 131.531 
  0.2267464 128.9329 
  0.3415932 130.2255 
  0.5501972 130.8766 
  0.3094377 134.1814 
  0.3567548 145.328 
  0.6238978 148.9977 
  0.6769501 148.9977 
  0.6344866 146.7849 
  -0.01692939 147.5188 
  -0.1209971 148.2564 
  0.7207999 149.7427 
  0.3372793 151.2439 
  0.03061129 152.0001 
  0.4126817 152.7601 
  0.3241194 153.5239 
  -0.1749579 154.2915 
  0.1771385 155.063 
  0.4041073 155.8383 
  0.4939481 156.6175 
  0.2246308 157.4006 
  -0.1831035 158.9785 
  -0.02991528 160.5723 
  -0.0803467 162.182 
  0.03478104 163.8079 
  -0.1094286 164.6269 
  -0.1698003 165.4501 
  -0.03193479 166.2773 
  -0.1064363 167.1087 
  -0.1809731 167.9442 
  0.1138677 168.784 
  0.2693866 169.6279 
  0.1122918 170.476 
  0.103955 171.3284 
  0.2711307 173.046 
  0.07388651 174.7808 
  0.02330199 176.533 
  0.1025446 178.3027 
  0.0482331 180.0902 
  0.3064499 180.9906 
  0.1253096 181.8956 
  0.2067731 182.8051 
  0.0216243 183.7191 
  -0.1687058 184.6377 
  -0.1964952 186.4887 
  0.1184929 188.3582 
  0.1160197 190.2465 
  0.6393955 192.1537 
  0.8231981 192.1537 
  0.9936047 193.1145 
  0.9815356 192.1537 
  0.9889932 190.2465 
  0.9956038 189.3 
  0.97075 189.3 
  0.8908736 190.2465 
  0.6194615 191.1978 
  0.1449099 193.1145 
  -0.2491458 195.0505 
  -0.1685955 197.0059 
  0.06247568 198.9809 
  0.1523979 200.9756 
  0.1995193 202.9904 
  0.1742329 205.0254 
  -0.1616326 207.0808 
  -0.3046099 209.1568 
  -0.3072247 212.3098 
  -0.1338128 215.5104 
  -0.04625721 218.7592 
  0.1444635 222.057 
  0.2204275 225.4046 
  0.3182812 227.6642 
  0.7718432 229.9466 
  0.907308 227.6642 
  0.9765069 227.6642 
  1.000227 228.8026 
  1.000307 228.8026 
  1.000257 228.8026 
  0.9999784 228.8026 
  0.998798 229.9466 
  0.9997457 229.9466 
  0.9985343 229.9466 
  0.9985595 231.0963 
  0.9992365 232.2518 
  0.9982809 233.4131 
  0.996632 234.5801 
  0.9902639 236.9318 
  0.9862944 240.5036 
  0.9776142 240.5036 
  0.9243309 235.753 
  0.9000457 225.4046 
  0.9063838 215.5104 
  0.8266728 208.1162 
  0.7822822 202.9904 
  0.7856716 199.9758 
  0.8138435 198.9809 
  0.8526034 201.9805 
  0.8615377 208.1162 
  0.9430604 212.3098 
  0.9798588 214.4382 
  0.9725296 213.3714 
  0.855399 208.1162 
  0.9168559 202.9904 
  0.992237 199.9758 
  0.992938 199.9758 
  0.9940023 199.9758 
  0.9948844 199.9758 
  0.9957929 200.9756 
  0.9912756 202.9904 
  0.9848304 205.0254 
  0.9918039 208.1162 
  0.993138 208.1162 
  0.9280742 204.0054 
  0.5502974 195.0505 
  0.2982077 185.5609 
  -0.273216 182.8051 
  0.3095476 181.8956 
  0.08023149 181.8956 
  -0.05484531 181.8956 
  0.04579806 181.8956 
  0.3560494 181.8956 
  0.1021953 181.8956 
  -0.2745125 181.8956 
  -0.03965206 181.8956 
  0.07289183 181.8956 
  0.144104 181.8956 
  0.09338833 181.8956 
  -0.04476813 181.8956 
  -0.294302 181.8956 
  0.02250431 181.8956 
  -0.02887477 181.8956 
  -0.05847615 181.8956 
  -0.08003311 181.8956 
  0.002367795 181.8956 
  -0.1738667 181.8956 
  -0.0474254 181.8956 
  -0.2843049 181.8956 
  0.7161556 181.8956 
  0.8564019 180.0902 
  0.9842587 179.1942 
  0.9871415 178.3027 
  0.9448537 177.4156 
  0.8995565 176.533 
  0.59309 174.7808 
  0.1818941 176.533 
  0.1855551 178.3027 
  0.2754196 180.0902 
  0.5211114 181.8956 
  0.8816601 180.0902 
  0.9107637 182.8051 
  0.9607933 183.7191 
  0.972654 183.7191 
  0.9786804 182.8051 
  0.97343 182.8051 
  0.9730013 184.6377 
  0.99354 186.4887 
  0.9921142 186.4887 
  0.9855476 186.4887 
  0.9753681 187.4211 
  0.9683121 190.2465 
  0.9707291 193.1145 
  0.9742725 196.0257 
  0.9924684 197.9909 
  0.9979959 198.9809 
  0.9979107 198.9809 
  0.9977117 198.9809 
  0.9940655 199.9758 
  0.9898353 200.9756 
  0.9828012 200.9756 
  0.9428436 199.9758 
  0.6651966 197.9909 
  0.1805929 196.0257 
  0.02796574 195.0505 
  0.1120722 194.0801 
  0.01107702 194.0801 
  0.2415952 194.0801 
  0.07620226 195.0505 
  -0.05756156 196.0257 
  0.001390721 197.0059 
  0.1333418 197.0059 
  -0.03466009 197.0059 
  -0.04954915 197.0059 
  -0.07549457 197.0059 
  -0.1611402 197.0059 
  0.2019862 197.0059 
  0.238201 197.0059 
  0.3666688 197.9909 
  0.7360948 196.0257 
  0.8411001 193.1145 
  0.8789613 188.3582 
  0.9733878 183.7191 
  0.993248 181.8956 
  0.9743578 180.9906 
  0.98226 180.0902 
  0.9994561 179.1942 
  0.9926301 180.0902 
  0.9724867 180.9906 
  0.975182 182.8051 
  0.9977557 184.6377 
  0.9960199 185.5609 
  0.9934763 185.5609 
  0.9900689 186.4887 
  0.9924327 187.4211 
  0.9916966 187.4211 
  0.9717494 186.4887 
  0.9619613 184.6377 
  0.9868031 182.8051 
  0.9964158 181.8956 
  0.995509 181.8956 
  0.9940003 180.9906 
  0.9921218 180.9906 
  0.9841211 180.9906 
  0.9074212 181.8956 
  0.8938186 181.8956 
  0.7987511 177.4156 
  0.8640193 173.046 
  0.9269593 168.784 
  0.9795793 167.1087 
  0.9868219 166.2773 
  0.9747747 166.2773 
  0.9757554 165.4501 
  0.9750041 165.4501 
  0.9843571 165.4501 
  0.9856784 165.4501 
  0.9861679 164.6269 
  0.9472525 164.6269 
  0.8725045 163.8079 
  0.231165 162.9929 
  0.7160941 162.182 
  0.2952779 162.182 
  0.3148853 161.3751 
  0.2361233 160.5723 
  0.1024984 159.7734 
  0.3692249 157.4006 
  0.4057198 149.7427 
  0.699828 149.7427 
  0.8110391 147.5188 
  0.8307775 145.328 
  0.8772591 142.4574 
  0.9564432 140.3417 
  0.9696897 139.6435 
  0.9634785 139.6435 
  0.9695968 141.0434 
  0.9694784 142.4574 
  0.9397789 143.1697 
  0.9545581 144.605 
  0.9438013 145.328 
  0.9729834 146.7849 
  0.9054564 148.2564 
  0.8793958 148.9977 
  0.919884 149.7427 
  0.8284017 150.4914 
  -0.01847716 151.2439 
  0.03466081 152.0001 
  0.4803584 152.7601 
  0.7595535 152.7601 
  0.7110111 152.7601 
  0.4915389 152.7601 
  0.2607251 152.7601 
  0.102231 152.7601 
  0.08800519 152.7601 
  0.140296 152.7601 
  0.1563956 152.7601 
  0.09036769 152.7601 
  0.1232075 152.7601 
  -0.0829488 152.7601 
  -0.1503054 152.7601 
  -0.05553844 152.7601 
  -0.08511553 152.7601 
  0.07618032 152.7601 
  0.2985082 152.7601 
  0.1171089 152.7601 
  0.08809201 152.7601 
  0.01866807 152.7601 
  -0.1899976 152.7601 
  0.2249061 152.7601 
  0.1916521 152.7601 
  0.04365031 152.7601 
  0.03809363 152.7601 
  0.1622729 152.7601 
  -0.2908598 152.7601 
  0.3394446 152.7601 
  0.3229596 152.7601 
  0.09592687 152.7601 
  0.1147476 152.7601 
  0.09927517 152.7601 
  0.08075708 152.7601 
  0.07797159 152.7601 
  0.08310577 152.7601 
  0.3614323 152.7601 
  0.2535511 152.7601 
  0.1523672 152.7601 
  -0.1534366 152.7601 
  -0.1997942 152.7601 
  -0.07271801 152.7601 
  -0.0477718 152.7601 
  -0.1601559 152.7601 
  -0.1910211 152.7601 
  -0.2405594 152.7601 
  -0.1952593 152.7601 
  -0.0459987 152.7601 
  -0.04788487 152.7601 
  -0.1811846 152.7601 
  -0.191527 152.7601 
  -0.2756167 152.7601 
  -0.3366728 152.7601 
  -0.2537021 152.7601 
  -0.06112104 152.7601 
  0.08664504 152.7601 
  -0.1613089 152.7601 
  -0.1894382 152.7601 
  -0.2076129 152.7601 
  -0.06787618 152.7601 
  -0.1038604 152.7601 
  -0.1882557 152.7601 
  -0.1788693 152.7601 
  -0.09001991 152.7601 
  -0.1532448 152.7601 
  -0.06727769 152.7601 
  -0.08647642 152.7601 
  -0.2289286 152.7601 
  -0.2112221 152.7601 
  -0.2668034 152.7601 
  -0.2336804 152.7601 
  -0.07660438 152.7601 
  0.00985456 152.7601 
  0.2019261 152.7601 
  0.0143353 152.7601 
  -0.04267768 152.7601 
  0.05525866 152.7601 
  -0.03996668 152.7601 ]
