 [
  -0.3395024 128.9329 
  -0.1511092 128.9329 
  0.2395908 128.9329 
  0.3547963 128.9329 
  0.5971411 128.9329 
  0.3335997 128.9329 
  0.4707391 128.9329 
  0.4244553 128.9329 
  -0.1811113 128.9329 
  0.1661317 128.9329 
  0.2223412 128.9329 
  0.3934442 128.9329 
  -0.1891596 128.9329 
  0.8406616 128.9329 
  0.9079752 129.5776 
  0.9686484 130.2255 
  0.9910292 131.531 
  0.9904621 131.531 
  0.940695 131.531 
  0.8651812 132.1886 
  0.775607 133.5138 
  0.2217395 132.8496 
  0.6761618 132.8496 
  0.02425949 132.8496 
  -0.5139995 132.8496 
  0.02689774 132.8496 
  0.0304685 132.8496 
  0.1267995 133.5138 
  0.4083193 133.5138 
  0.3246072 133.5138 
  0.4603079 134.1814 
  -0.0200978 134.8523 
  0.4531474 135.5266 
  -0.1076624 136.2042 
  0.2299246 137.5696 
  0.712034 135.5266 
  0.8926392 132.8496 
  0.97179 131.531 
  0.9838281 130.2255 
  0.9926365 129.5776 
  0.9959731 129.5776 
  0.9969264 128.9329 
  0.9989345 128.9329 
  0.998784 128.9329 
  0.9981295 128.9329 
  0.997714 129.5776 
  0.9984046 129.5776 
  0.9974898 129.5776 
  0.996516 130.2255 
  0.9914867 130.2255 
  0.935909 130.2255 
  0.8638868 129.5776 
  0.7778497 125.1317 
  0.5142245 123.2734 
  -0.04952108 122.0498 
  0.06653108 120.8384 
  0.1770713 120.2372 
  0.5154601 119.639 
  0.682994 119.0438 
  0.3109383 117.8622 
  0.2906623 116.6924 
  0.06146443 116.1118 
  0.1819313 115.5342 
  0.138623 114.9594 
  -0.02924151 114.3874 
  -0.1678606 113.8184 
  -0.1595527 113.2521 
  0.7147146 112.128 
  0.8222388 111.5702 
  0.9131448 110.4628 
  0.8902358 108.8223 
  0.9168799 106.6728 
  0.9232751 105.0885 
  0.952163 104.0455 
  0.9788143 103.0128 
  0.9895376 103.0128 
  0.977582 103.5278 
  0.9145117 105.0885 
  0.9087129 106.6728 
  0.8987595 108.8223 
  0.8481714 111.5702 
  0.8606795 112.6886 
  0.8903801 113.2521 
  0.859023 114.3874 
  0.827316 116.1118 
  0.8635743 118.4515 
  0.8670323 120.2372 
  0.7267069 123.2734 
  0.8052794 126.3862 
  0.8160242 127.6532 
  0.7410571 128.2915 
  0.4953678 126.3862 
  0.4953459 128.9329 
  0.3874796 132.1886 
  0.4142413 136.2042 
  0.7793211 140.3417 
  0.9101709 141.7487 
  0.9735414 142.4574 
  0.9602762 142.4574 
  0.9554356 141.7487 
  0.9889312 140.3417 
  0.9897296 140.3417 
  0.9808077 141.0434 
  0.9767326 141.0434 
  0.9759841 141.0434 
  0.9696085 141.7487 
  0.9668617 142.4574 
  0.9568809 142.4574 
  0.9554027 141.7487 
  0.9612528 140.3417 
  0.982416 140.3417 
  0.9915727 139.6435 
  0.9861115 138.9488 
  0.9757128 138.2575 
  0.9562958 138.2575 
  0.9539946 138.2575 
  0.9402351 137.5696 
  0.9304549 137.5696 
  0.8623412 138.9488 
  0.9103303 141.7487 
  0.907084 142.4574 
  0.8822839 139.6435 
  0.7734907 136.2042 
  -0.1562167 134.8523 
  -0.1367158 133.5138 
  -0.03757071 132.1886 
  0.1212251 130.8766 
  -0.0560998 129.5776 
  -0.2914615 128.2915 
  -0.2205938 127.0181 
  0.02499951 125.7574 
  0.37287 124.5092 
  0.02256714 123.2734 
  -0.002629326 122.0498 
  -0.002722493 120.8384 
  -0.06070062 119.639 
  -0.1196769 118.4515 
  0.06302891 117.2759 
  0.02595211 116.1118 
  0.007809013 114.9594 
  -0.060466 113.8184 
  -0.02180108 112.6886 
  0.04874665 111.5702 
  -0.03752363 110.4628 
  0.4853897 109.3664 
  0.2479027 115.5342 
  0.5848292 116.6924 
  0.8877228 116.1118 
  0.9519366 114.9594 
  0.9865795 114.3874 
  0.9865537 114.3874 
  0.9839897 114.3874 
  0.974867 114.3874 
  0.9359422 114.9594 
  0.7796214 113.8184 
  0.7614024 114.9594 
  0.7300452 113.2521 
  0.8572816 112.128 
  0.8558945 111.5702 
  0.722438 110.4628 
  0.4615817 109.3664 
  -0.01278351 108.8223 
  0.810182 108.2809 
  0.6861655 108.2809 
  0.4630472 108.8223 
  0.2083523 109.3664 
  -0.09010078 110.4628 
  -0.04746935 111.5702 
  0.7345183 112.6886 
  0.7942757 111.5702 
  0.9195247 111.0151 
  0.9496992 111.0151 
  0.95502 111.5702 
  0.9553707 112.128 
  0.9409569 111.5702 
  0.8854446 111.0151 
  0.7863708 110.4628 
  0.7180884 108.8223 
  -0.08799224 108.8223 
  0.1496157 109.3664 
  -0.1204897 109.3664 
  0.04897382 109.3664 
  -0.005373339 109.3664 
  -0.1214011 109.3664 
  0.0458938 109.3664 
  -0.1574538 109.3664 
  -0.1399507 109.3664 
  0.007438334 109.9132 
  0.1850628 110.4628 
  0.837054 111.0151 
  0.8324461 111.5702 
  0.602838 112.128 
  0.3519434 112.6886 
  -0.02181646 113.2521 
  0.4435126 113.8184 
  0.1699397 109.3664 
  0.5223002 103.5278 
  0.9289998 101.9903 
  0.9858321 100.978 
  0.9862128 100.4756 
  0.9410981 99.47836 
  0.8815835 98.491 
  0.7926897 98.00098 
  0.07361834 98.98344 
  0.2606495 99.97575 
  -0.1904656 100.978 
  -0.5124636 101.9903 
  -0.5429053 103.0128 
  -0.3346398 104.0455 
  -0.04170468 105.0885 
  0.666316 106.142 
  0.5838 107.2061 
  0.01970596 108.2809 
  -0.5246624 109.3664 
  0.416864 110.4628 
  0.6835409 116.1118 
  0.5870931 113.2521 
  0.7424635 111.5702 
  0.9231855 111.0151 
  0.9450526 111.0151 
  0.9585602 111.5702 
  0.9533943 112.128 
  0.9588884 112.6886 
  0.8948113 113.2521 
  0.8529797 114.9594 
  0.8917682 117.2759 
  0.9022954 119.0438 
  0.9397894 120.8384 
  0.9552289 122.0498 
  0.9677842 123.2734 
  0.9450516 123.2734 
  0.8874909 123.8897 
  0.8308452 125.1317 
  0.8179311 127.0181 
  0.6513397 124.5092 
  0.5747563 123.8897 
  0.6863101 123.2734 
  0.4019372 122.6601 
  0.07477035 122.0498 
  -0.03611419 122.0498 
  0.001355818 121.4426 
  0.6964478 120.8384 
  0.842015 118.4515 
  0.8776087 116.1118 
  0.876921 113.8184 
  0.8625543 111.0151 
  0.9243261 108.2809 
  0.8878266 108.2809 
  0.9329195 109.3664 
  0.9579506 109.3664 
  0.9769623 108.8223 
  0.9702783 108.2809 
  0.9702442 106.6728 
  0.9767746 105.614 
  0.9932256 105.0885 
  0.9909996 104.5657 
  0.9816197 104.0455 
  0.9917536 103.0128 
  0.9508329 101.9903 
  0.9577169 100.978 
  0.9663378 99.97575 
  0.9664296 99.47836 
  0.9723023 98.491 
  0.8904331 98.00098 
  0.8598995 97.02828 
  0.6752931 97.02828 
  0.9362993 97.51342 
  0.9607457 98.491 
  0.9555204 99.47836 
  0.957772 99.97575 
  0.919783 100.4756 
  0.8547266 100.978 
  0.695375 101.4829 
  0.8205323 101.9903 
  0.7490636 102.5003 
  0.6590321 102.5003 
  0.4972795 102.5003 
  0.4844495 102.5003 
  0.2631329 102.5003 
  0.0109996 102.5003 
  -0.4594119 102.5003 
  -0.5503737 102.5003 
  -0.556132 102.5003 
  -0.1485151 102.5003 
  0.07695357 102.5003 
  -0.1710297 102.5003 
  0.443166 102.5003 
  0.4274513 102.5003 
  -0.2605084 102.5003 
  -0.0829744 102.5003 
  -0.001348917 102.5003 
  0.1339513 102.5003 
  0.6779495 99.97575 
  0.6225124 101.9903 
  0.5056963 105.614 
  0.7170473 106.142 
  0.8036035 106.142 
  0.84505 105.0885 
  0.802788 103.0128 
  0.858939 101.9903 
  0.7844054 101.4829 
  0.7216781 100.978 
  0.6622582 100.978 
  0.6198523 100.4756 
  0.6709719 99.97575 
  -0.2202211 99.97575 
  -0.2099803 99.97575 
  -0.0359492 99.97575 
  -0.02162449 100.4756 
  -0.02087595 100.4756 
  -0.01449206 100.4756 
  0.00631793 100.4756 
  -0.02026474 100.4756 
  -0.3395941 100.4756 
  0.1657053 100.4756 
  0.4879648 100.4756 
  0.8473318 101.4829 
  0.8312894 103.0128 
  0.7767747 105.0885 
  0.6045755 107.2061 
  0.5013763 105.614 
  0.6962835 104.5657 
  0.9457884 103.5278 
  0.9398083 103.0128 
  0.8886009 101.9903 
  0.9099246 100.978 
  0.9756843 100.4756 
  0.9537897 99.97575 
  0.875555 98.98344 
  0.7818922 98.491 
  0.6600083 97.51342 
  0.1925051 93.6992 
  0.1583506 91.84841 
  0.3458781 90.03418 
  0.6535986 90.48434 
  0.7838673 90.03418 
  0.8507677 89.58624 
  0.6654044 87.8167 
  0.9677888 86.0821 
  0.8045224 85.2277 
  0.7737907 83.96195 
  0.720691 82.71502 
  0.8341671 81.89403 
  0.2520241 81.89403 
  -0.4078503 81.89403 
  -0.2459873 81.89403 
  -0.04340059 81.89403 
  0.01561366 81.89403 
  -0.1133939 81.89403 
  -0.001730492 81.89403 
  -0.1451614 81.89403 
  -0.0561641 81.89403 
  -0.05596684 81.89403 
  -0.1112409 81.89403 
  -0.1854634 81.89403 
  -0.0254584 81.89403 
  -0.084159 81.89403 
  0.0141843 81.89403 
  -0.03223391 81.89403 
  0.1672533 81.89403 
  -0.2021252 81.89403 
  0.2523628 81.89403 ]
