 [
  -0.2294203 204.0054 
  -0.1817506 204.0054 
  -0.05480492 204.0054 
  -0.1788121 204.0054 
  -0.259127 204.0054 
  0.01757013 204.0054 
  -0.003711803 204.0054 
  0.1227597 204.0054 
  0.008957583 204.0054 
  -0.01992409 204.0054 
  -0.2483829 204.0054 
  -0.0316627 204.0054 
  0.6173024 204.0054 
  0.7557746 204.0054 
  0.7977127 204.0054 
  0.9036751 204.0054 
  0.9880214 204.0054 
  0.9384952 207.0808 
  0.961973 210.2025 
  0.9550016 215.5104 
  0.9533054 217.6709 
  0.9740831 224.2832 
  0.9915127 227.6642 
  0.9924133 231.0963 
  0.9923043 235.753 
  0.9937144 238.1164 
  0.9949498 241.7061 
  0.9924364 244.1292 
  0.9937386 247.8095 
  0.9917517 250.2938 
  0.97115 249.0485 
  0.9436667 246.5766 
  0.7261375 245.3498 
  0.7550281 245.3498 
  0.5149955 245.3498 
  -0.1635966 245.3498 
  0.8096023 245.3498 
  0.8722011 245.3498 
  0.9232029 241.7061 
  0.989664 238.1164 
  0.996644 235.753 
  0.996359 233.4131 
  0.969491 232.2518 
  0.9780651 229.9466 
  0.9955596 228.8026 
  1.000565 228.8026 
  0.9991636 227.6642 
  0.9998555 226.5316 
  0.9998774 226.5316 
  0.9992344 225.4046 
  0.9973624 224.2832 
  0.9971392 222.057 
  0.9963982 219.853 
  0.9982939 218.7592 
  0.9987454 216.5879 
  0.9976764 215.5104 
  0.996788 214.4382 
  0.9835578 211.2535 
  0.9696527 208.1162 
  0.9831449 204.0054 
  0.9973909 201.9805 
  0.9960061 201.9805 
  0.9958639 202.9904 
  0.9951465 202.9904 
  0.9971193 202.9904 
  0.9985795 202.9904 
  0.995467 201.9805 
  0.9904102 200.9756 
  0.9926546 198.9809 
  0.9870021 197.0059 
  0.9847459 195.0505 
  0.9821929 192.1537 
  0.9808987 190.2465 
  0.9732319 187.4211 
  0.9716526 184.6377 
  0.9391158 182.8051 
  0.8972797 180.0902 
  0.7218688 178.3027 
  0.7506359 179.1942 
  0.6101963 180.0902 
  0.4609931 181.8956 
  0.3100737 183.7191 
  0.1316654 185.5609 
  -0.02104742 187.4211 
  -0.05865444 189.3 
  0.8310642 190.2465 
  0.9340658 189.3 
  0.9844417 189.3 
  0.9903049 190.2465 
  0.9947422 191.1978 
  0.9939766 191.1978 
  0.9948395 192.1537 
  0.9906536 192.1537 
  0.9775726 190.2465 
  0.9550632 188.3582 
  0.9324467 183.7191 
  0.9499227 180.9906 
  0.9484708 176.533 
  0.9103589 173.046 
  0.9339924 169.6279 
  0.9099348 166.2773 
  0.8130317 162.182 
  0.7240208 157.4006 
  0.8004158 155.063 
  0.8555682 153.5239 
  0.7941229 158.9785 
  0.6998383 161.3751 
  0.8801627 165.4501 
  0.852702 168.784 
  0.9320664 168.784 
  0.8903155 168.784 
  0.7493587 168.784 
  0.277335 168.784 
  -0.05584397 169.6279 
  0.003600316 170.476 
  0.05055293 170.476 
  -0.001814154 170.476 
  0.1946508 170.476 
  0.1914722 170.476 
  -0.01421671 170.476 
  -0.2012605 170.476 
  -0.2243508 171.3284 
  -0.07094474 172.185 
  -0.006068621 173.046 
  0.02339268 173.046 
  0.1436551 173.046 
  0.2291639 173.046 
  0.1571554 173.046 
  -0.02547188 173.046 
  -0.06254391 173.046 
  0.006983957 173.046 
  0.043869 173.046 
  0.03300117 173.046 
  -0.1009796 173.046 
  -0.04713978 173.046 
  0.1243487 173.046 
  -0.1657144 173.046 
  0.1601719 173.046 
  0.1144582 173.046 
  0.1084794 173.046 
  0.1341973 173.046 
  0.03627041 173.046 
  0.04057158 173.046 
  0.1368386 173.046 
  0.1018444 173.046 
  -0.01305766 173.046 
  -0.1392291 173.046 
  -0.1331698 173.046 ]
