 [
  -0.07622354 108.2809 
  0.02730861 108.2809 
  0.1007412 108.2809 
  -0.1048917 108.2809 
  -0.1175663 108.2809 
  0.04655093 108.2809 
  0.03011035 108.2809 
  0.1965523 108.2809 
  0.269688 108.2809 
  0.1563393 108.2809 
  0.3837661 108.2809 
  0.03099686 108.2809 
  0.1118247 108.2809 
  0.03968639 107.7421 
  0.0195788 106.6728 
  0.1205931 105.0885 
  0.4913854 107.7421 
  0.7591631 106.6728 
  0.639483 105.614 
  0.4766357 103.5278 
  0.4092331 105.614 
  0.2910307 108.8223 
  -0.06455602 112.128 
  -0.08451245 115.5342 
  0.277 119.0438 
  0.1143194 122.6601 
  -0.01286647 126.3862 
  -0.005121426 130.8766 
  0.2465548 134.8523 
  0.2768386 135.5266 
  0.3798665 135.5266 
  0.330621 135.5266 
  0.2367624 138.2575 
  -0.02011164 141.0434 
  -0.1229308 144.605 
  -0.2439334 148.2564 
  -0.1513135 152.0001 
  -0.05321648 155.8383 
  0.7373022 158.9785 
  0.8770867 159.7734 
  0.9609762 160.5723 
  0.9747899 162.9929 
  0.972617 164.6269 
  0.9850804 167.1087 
  0.9981668 168.784 
  0.9964685 169.6279 
  0.9949604 170.476 
  0.9992126 171.3284 
  0.9989678 171.3284 
  0.9984126 171.3284 
  0.9983119 170.476 
  0.9989382 170.476 
  0.999081 170.476 
  0.9269899 170.476 
  0.8641088 169.6279 
  0.506215 165.4501 
  0.9470934 161.3751 
  0.9241708 157.4006 
  0.9087971 153.5239 
  0.7814803 150.4914 
  0.6804649 147.5188 
  0.54267 144.605 
  0.8914053 142.4574 
  0.9433594 141.0434 
  0.9744079 139.6435 
  0.9913312 138.9488 
  0.9961588 138.2575 
  0.9932734 138.2575 
  0.9882302 137.5696 
  0.9488885 136.8852 
  0.5454975 142.4574 
  0.7599658 141.7487 
  0.8651829 141.0434 
  0.9785001 141.0434 
  0.986577 141.7487 
  0.9900813 142.4574 
  0.9905679 143.1697 
  0.9897737 143.8855 
  0.9946911 143.8855 
  0.9748521 143.1697 
  0.9654998 141.7487 
  0.947436 139.6435 
  0.9275633 137.5696 
  0.9257214 135.5266 
  0.824035 133.5138 
  0.7312965 131.531 
  0.4616171 122.0498 
  0.8657097 119.639 
  0.7782805 117.2759 
  0.640641 113.8184 
  0.7214557 108.8223 
  0.9219404 106.6728 
  0.9462724 105.0885 
  0.9361103 104.0455 
  0.9782361 103.0128 
  0.9673851 103.0128 
  0.977784 103.5278 
  0.9749881 103.5278 
  0.919744 102.5003 
  0.9495936 101.4829 
  0.9674975 100.978 
  0.9455584 100.978 
  0.9401454 100.978 
  0.926607 100.4756 
  0.9454849 100.978 
  0.9785316 100.4756 
  0.9469351 101.4829 
  0.8940024 103.0128 
  0.9112715 104.5657 
  0.9320199 106.142 
  0.920808 107.2061 
  0.9178662 107.7421 
  0.8949364 107.7421 
  0.8695325 106.6728 
  0.9575809 105.614 
  0.9743649 106.142 
  0.9404456 107.2061 
  0.9639878 108.8223 
  0.9799528 109.3664 
  0.9898855 109.9132 
  0.9913449 109.3664 
  0.9786913 109.3664 
  0.8903673 109.3664 
  0.8274949 108.8223 
  0.6657528 108.8223 
  0.9787368 108.8223 
  0.9887899 108.2809 
  0.9848742 107.7421 
  0.9375855 107.2061 
  0.8041487 107.2061 
  0.4259132 107.7421 
  -0.004679563 108.2809 
  -0.1050771 108.8223 
  0.4191631 108.8223 
  0.2478394 108.8223 
  0.7506443 109.3664 
  0.7864899 112.128 
  0.8143072 114.9594 
  0.8445193 116.1118 
  0.9113841 116.6924 
  0.9395449 116.1118 
  0.9466252 117.2759 
  0.8970814 119.0438 
  0.9770674 119.639 
  0.9558312 120.2372 
  0.9275919 120.2372 
  0.9748296 121.4426 
  0.8942412 122.0498 
  0.7869641 122.6601 
  0.4401497 122.0498 
  0.947578 121.4426 
  0.9779501 120.2372 
  0.9809024 119.0438 
  0.9620981 117.8622 
  0.9401444 116.6924 
  0.5929129 116.1118 
  0.8259956 116.1118 
  0.9112734 116.1118 
  0.9633493 115.5342 
  0.9824457 114.9594 
  0.9866384 113.8184 
  0.9877774 113.8184 
  0.9916675 113.2521 
  0.9937905 112.6886 
  0.9779502 112.128 
  0.9630584 110.4628 
  0.9577171 109.9132 
  0.9559655 109.3664 
  0.9574305 108.8223 
  0.9657044 109.3664 
  0.9760989 109.3664 
  0.9800072 109.9132 
  0.9824355 109.9132 
  0.965178 111.0151 
  0.9388884 112.6886 
  0.9420971 114.9594 
  0.9470536 116.1118 
  0.9209901 117.2759 
  0.947337 118.4515 
  0.9715553 118.4515 
  0.9648554 119.0438 
  0.8792983 119.639 
  0.7702811 120.2372 
  0.1228636 119.639 
  0.3202272 119.639 
  0.06669375 119.639 
  0.2744749 119.639 
  0.7565954 119.639 
  0.9697905 119.0438 
  0.9720953 118.4515 
  0.9882617 117.8622 
  0.9957574 116.6924 
  0.9879572 115.5342 
  0.9451742 114.9594 
  0.886507 114.3874 
  0.8283502 113.8184 
  0.7160654 113.8184 
  0.5681956 113.8184 
  0.218134 114.3874 
  0.04561501 114.9594 
  0.0742225 114.9594 
  -0.02464196 114.9594 
  -0.02032493 114.9594 
  0.1914876 115.5342 
  0.2278062 116.1118 
  0.2713374 116.1118 
  -0.02025367 116.6924 
  0.0648544 117.2759 
  0.7015531 117.8622 
  0.8118445 118.4515 
  0.842267 118.4515 
  0.8031598 115.5342 
  0.9195547 113.8184 
  0.9364758 112.128 
  0.8230857 110.4628 
  0.8130535 108.2809 
  0.9563828 106.6728 
  0.973665 106.142 
  0.7308978 107.2061 
  0.4254449 109.3664 
  0.3198935 111.5702 
  0.1547721 110.4628 
  -0.005357472 105.0885 
  0.04957183 99.47836 
  0.2801983 95.5873 
  0.6020854 94.63854 
  0.3847159 94.63854 
  0.3561794 94.63854 
  0.610101 93.6992 
  0.6813241 93.6992 
  0.6040515 93.6992 
  0.06622112 92.30766 
  0.1063276 90.48434 
  0.3146721 90.03418 
  0.2997816 90.03418 
  0.07242727 90.48434 
  0.05756447 90.93677 
  0.08313119 90.93677 
  0.2748488 90.93677 
  0.1454007 90.93677 
  0.3115366 90.93677 
  0.1763914 90.93677 
  0.2713536 90.93677 
  0.2118306 90.93677 
  0.1601656 90.93677 
  0.2153562 90.93677 
  0.2071182 90.93677 
  0.4178391 90.93677 
  0.3570937 90.93677 
  0.222851 90.93677 ]
