 [
  -0.02335649 111.5702 
  -0.2066202 111.5702 
  -0.1291236 111.5702 
  0.137043 111.5702 
  0.0776202 111.5702 
  -0.2190498 111.5702 
  0.2836954 111.5702 
  0.1777496 111.5702 
  0.1289806 111.5702 
  -0.03995413 111.5702 
  -0.165681 111.5702 
  -0.1837101 111.5702 
  0.1749156 111.5702 
  0.1120932 112.6886 
  0.2388347 112.6886 
  0.2875002 112.6886 
  0.5965426 112.6886 
  0.6140289 113.2521 
  0.4286942 114.9594 
  0.6013347 108.8223 
  0.04109275 110.4628 
  0.2640486 112.6886 
  0.2953644 114.9594 
  -0.07984567 117.2759 
  0.02279159 119.639 
  -0.09012358 122.0498 
  -0.1220318 124.5092 
  -0.2136321 127.0181 
  -0.04844158 129.5776 
  0.1482381 131.531 
  0.3532945 133.5138 
  0.3431474 135.5266 
  0.8350595 137.5696 
  0.9005008 138.9488 
  0.9292861 140.3417 
  0.9356743 141.7487 
  0.9962402 143.8855 
  0.9952138 144.605 
  0.9940755 145.328 
  0.996456 146.0546 
  0.9955266 146.7849 
  0.9865224 148.2564 
  0.9919615 148.9977 
  0.9966931 149.7427 
  0.9933054 150.4914 
  0.9547641 152.0001 
  0.9671116 153.5239 
  0.9753092 155.8383 
  0.9887053 157.4006 
  0.9942312 158.1876 
  0.9874032 158.9785 
  0.9793881 158.1876 
  0.9613928 157.4006 
  0.9062074 152.0001 
  0.3156537 145.328 
  -0.06304191 138.9488 
  -0.07410927 133.5138 
  0.1778594 128.2915 
  0.2675003 123.2734 
  -0.009164518 118.4515 
  -0.05940392 113.2521 
  0.2270632 108.2809 
  0.1228322 103.5278 
  -0.08754133 98.98344 
  -0.148267 94.63854 
  -0.0241061 90.48434 
  0.06749816 86.51251 
  -0.06433643 82.71502 
  0.1464854 79.47963 
  0.7317558 77.90971 
  0.5388608 79.08421 
  0.4143309 80.6778 
  0.4255379 109.9132 
  0.8301397 134.8523 
  0.6064851 131.531 
  0.7991589 127.0181 
  0.8742781 123.8897 
  0.9153873 122.0498 
  0.904218 120.2372 
  0.9340418 117.8622 
  0.8693274 116.1118 
  0.8418984 114.3874 
  0.8144053 112.6886 
  0.6374058 111.5702 
  0.7418742 107.7421 
  0.4750567 105.0885 
  0.2883273 103.5278 
  0.2634297 102.5003 
  0.04421712 102.5003 
  0.01905936 106.6728 
  0.7359889 108.8223 
  0.3099083 110.4628 
  0.1501594 111.5702 
  -0.02338487 112.6886 
  -0.02622874 114.3874 
  -0.4497901 116.1118 
  -0.1204104 117.8622 
  -0.05543947 119.0438 
  -0.03228939 120.2372 
  -0.006481024 121.4426 
  0.2497998 122.6601 
  -0.1553752 124.5092 
  -0.006250667 126.3862 
  0.3272803 128.2915 
  0.0686789 129.5776 
  -0.11556 130.8766 
  0.03316967 132.8496 
  0.01582224 134.1814 
  0.1263688 135.5266 
  0.6779498 138.9488 
  0.4383013 125.7574 
  0.8086281 122.6601 
  0.960411 120.8384 
  0.9827253 120.2372 
  0.9876663 120.8384 
  0.9855177 121.4426 
  0.9893493 122.0498 
  0.992186 122.6601 
  0.9922177 123.2734 
  0.9807593 123.8897 
  0.9816962 125.1317 
  0.9924067 125.1317 
  0.9699856 125.7574 
  0.8766046 125.7574 
  0.7471169 126.3862 
  0.9617441 130.2255 
  0.9950174 130.8766 
  0.993875 130.2255 
  0.9300951 128.2915 
  0.7489587 124.5092 
  0.7737305 119.0438 
  0.497919 114.3874 
  0.4138007 111.0151 
  -0.08897796 112.128 
  -0.01310797 116.1118 
  0.1409839 119.0438 
  0.2892755 119.0438 
  0.301425 120.2372 
  0.2591436 120.2372 
  0.3151795 119.639 
  0.3939359 118.4515 
  0.3139804 113.8184 
  0.5245807 114.9594 
  0.8289409 116.6924 
  0.8323895 116.1118 
  0.764963 114.9594 
  0.678075 112.6886 
  0.9274977 112.6886 
  0.9966147 111.5702 
  0.9969384 111.5702 
  0.9946237 111.5702 
  0.9790251 111.0151 
  0.9368113 110.4628 
  0.80999 110.4628 
  0.3369357 110.4628 
  -0.08285706 110.4628 
  0.5868647 110.4628 
  0.1480833 111.0151 
  0.1164213 112.128 
  0.1007724 113.8184 
  0.05048509 115.5342 
  0.1162265 117.2759 
  0.20658 119.0438 
  0.320782 120.8384 
  0.7219114 123.2734 
  0.8330966 122.6601 
  0.9470059 122.0498 
  0.9937432 120.8384 
  0.9933568 121.4426 
  0.9935027 122.6601 
  0.9939921 123.2734 
  0.9883412 123.2734 
  0.9595044 122.0498 
  0.9443796 120.2372 
  0.9100089 118.4515 
  0.9196734 116.6924 
  0.9011649 116.6924 
  0.8858094 119.0438 
  0.876757 122.6601 
  0.9486251 123.8897 
  0.9718095 124.5092 
  0.9609858 123.8897 
  0.9536359 122.6601 
  0.9925327 120.8384 
  0.9840866 120.2372 
  0.965069 119.639 
  0.950169 117.2759 
  0.9074382 116.1118 
  0.5834322 116.6924 
  0.1549482 117.8622 
  0.1818825 119.0438 
  0.125524 120.2372 
  0.03319535 120.8384 
  -0.1379069 121.4426 
  0.06119779 122.0498 
  0.06268159 123.2734 
  0.06700813 123.8897 
  0.3152263 124.5092 
  0.05246016 125.1317 
  0.538252 125.1317 
  0.5486546 116.1118 
  0.6249466 112.128 
  0.5987425 108.2809 
  0.8790503 105.614 
  0.9870275 104.5657 
  0.9952686 104.5657 
  0.9801931 104.0455 
  0.9804059 104.0455 
  0.9763634 104.0455 
  0.9551743 103.5278 
  0.9052331 102.5003 
  0.9106203 100.978 
  0.9856554 99.97575 
  0.9563875 98.98344 
  0.9154935 98.98344 
  0.7661172 98.491 
  0.7081321 99.47836 
  0.6840948 100.4756 
  0.1085027 99.97575 
  -0.2718973 99.97575 
  -0.1296097 99.97575 
  -0.04362869 99.97575 
  0.03406656 99.97575 
  -0.1780985 99.97575 
  -0.3669994 99.97575 
  0.1191277 99.97575 
  -0.1459029 99.97575 
  -0.2507296 99.97575 
  -0.3687531 99.97575 
  -0.3411469 99.97575 
  0.02390432 99.97575 
  -0.006839402 99.97575 
  0.1238804 99.97575 
  -0.0524544 99.97575 
  0.09912059 99.97575 
  -0.03012109 99.97575 
  -0.1693899 99.97575 
  0.02420706 99.97575 
  -0.139907 99.97575 
  -0.07756893 99.97575 
  -0.1191751 99.97575 
  -0.1539711 99.97575 
  -0.09848824 99.97575 ]
