 [
  0.1621754 134.8523 
  0.3204545 134.8523 
  0.3105107 134.8523 
  0.06907238 134.8523 
  0.3296078 134.8523 
  0.2481227 134.8523 
  0.283111 134.8523 
  0.201718 134.8523 
  0.09647347 134.8523 
  0.2255087 134.8523 
  0.08648852 134.8523 
  0.253963 134.8523 
  0.006588451 134.8523 
  0.02076952 134.8523 
  0.7396779 135.5266 
  0.7505044 131.531 
  0.9184795 128.9329 
  0.8935109 127.6532 
  0.8322429 126.3862 
  0.4777521 125.7574 
  0.4594342 125.7574 
  0.3773094 125.7574 
  0.2792212 125.7574 
  0.2768479 125.7574 
  0.2300631 125.7574 
  0.4301142 126.3862 
  0.5538556 127.0181 
  0.865288 127.0181 
  0.9357368 126.3862 
  0.9828596 125.1317 
  0.9593818 125.1317 
  0.9024233 127.6532 
  0.9126196 127.0181 
  0.9576911 127.0181 
  0.9804188 128.2915 
  0.9949425 128.9329 
  0.9957841 128.9329 
  0.9949005 129.5776 
  0.9964393 129.5776 
  0.9953714 129.5776 
  0.9883185 129.5776 
  0.9845416 128.9329 
  0.9680721 128.2915 
  0.9485077 127.6532 
  0.9244725 125.1317 
  0.8934152 123.8897 
  0.7823222 123.8897 
  0.5493137 125.1317 
  0.3785655 126.3862 
  0.5679257 127.6532 
  0.03154778 128.9329 
  0.1533036 130.8766 
  0.606491 130.2255 
  0.8128678 129.5776 
  0.7420732 127.0181 
  0.7686738 123.2734 
  0.9049674 119.0438 
  0.8982399 115.5342 
  0.8373398 113.2521 
  0.7507011 111.5702 
  0.9842279 112.6886 
  0.992709 112.128 
  0.9889552 111.0151 
  0.9244096 110.4628 
  0.7436337 110.4628 
  0.7771516 108.8223 
  0.6803427 107.2061 
  0.5924233 106.142 
  0.1717732 109.3664 
  0.278872 112.128 
  -0.2941362 114.9594 
  -0.101569 117.8622 
  -0.2852354 120.8384 
  -0.09970345 123.8897 
  -0.03398477 127.0181 
  0.1346787 130.2255 
  0.04161721 132.8496 
  -0.1109912 136.2042 
  -0.1238186 138.9488 
  0.1200927 141.7487 
  0.3472837 144.605 
  0.7288384 143.1697 
  0.8106523 139.6435 
  0.9113244 136.2042 
  0.9624946 134.1814 
  0.9800336 132.1886 
  0.9715533 131.531 
  0.9819254 130.2255 
  0.9888605 129.5776 
  0.981308 128.9329 
  0.936614 127.0181 
  0.9417015 124.5092 
  0.9366274 122.6601 
  0.9223611 120.8384 
  0.9062649 117.8622 
  0.9128971 115.5342 
  0.9536252 113.8184 
  0.9020896 114.3874 
  0.7757843 117.2759 
  0.7620565 122.6601 
  0.8198276 125.1317 
  0.8160381 125.1317 
  0.4874178 125.7574 
  0.3404742 132.1886 
  0.4259701 134.8523 
  0.3564566 140.3417 
  0.5068256 141.7487 
  0.4108086 137.5696 
  0.3393934 135.5266 
  0.3570739 136.2042 
  0.4901009 128.9329 
  0.6155646 128.2915 
  0.4891013 127.0181 
  0.7083666 120.2372 
  0.8686511 117.8622 
  0.850372 116.6924 
  0.96333 116.1118 
  0.9704289 116.6924 
  0.9733945 116.6924 
  0.9814394 116.6924 
  0.9714473 116.1118 
  0.9687542 116.1118 
  0.9902855 116.1118 
  0.9066824 115.5342 
  0.8322002 114.3874 
  0.7704152 112.128 
  0.7007973 108.8223 
  0.1562397 109.9132 
  0.1974585 111.0151 
  0.1900634 112.128 
  -0.01226315 113.2521 
  0.03062632 114.3874 
  -0.0008067829 115.5342 
  -0.06604147 116.6924 
  -0.1306672 117.8622 
  -0.3284701 119.0438 
  -0.08409294 120.2372 
  -0.2468746 121.4426 
  -0.01934785 122.0498 
  0.06018349 122.6601 
  0.1050329 122.6601 
  0.1006701 122.6601 
  0.1565131 122.6601 
  -0.08032175 122.0498 
  0.5511337 122.0498 
  0.7387583 120.2372 
  0.9153048 118.4515 
  0.9665258 117.2759 
  0.9809587 116.6924 
  0.9927607 116.1118 
  0.9859412 116.6924 
  0.9553741 118.4515 
  0.9443066 120.8384 
  0.9562669 122.6601 
  0.9694719 123.2734 
  0.9787344 123.8897 
  0.9706217 123.2734 
  0.9306742 122.0498 
  0.9439957 120.8384 
  0.9478173 119.639 
  0.9359616 118.4515 
  0.9397969 117.2759 
  0.8164215 116.1118 
  0.7118577 114.3874 
  0.2081224 111.0151 
  0.2058399 111.5702 
  0.7305112 111.5702 
  0.8824821 111.5702 
  0.9743013 111.0151 
  0.9887781 111.0151 
  0.975832 112.128 
  0.9784056 112.6886 
  0.9870259 113.8184 
  0.977222 113.8184 
  0.8941228 112.6886 
  0.7944005 109.9132 
  0.7667619 106.6728 
  0.4664806 105.0885 
  -0.4739736 105.614 
  -0.1982917 106.142 
  -0.0511679 106.6728 
  -0.1662028 107.2061 
  -0.331558 107.7421 
  -0.270253 108.2809 
  -0.02999331 108.8223 
  0.129572 109.9132 
  0.1672527 111.0151 
  0.2130733 112.6886 
  0.1549648 114.3874 
  0.2306553 116.1118 
  0.2466275 117.8622 
  0.184278 119.639 
  0.09298632 121.4426 
  0.07741317 122.6601 
  -0.2389307 124.5092 
  0.2725315 126.3862 
  0.1585549 128.2915 
  0.004283576 130.2255 
  0.02187702 131.531 
  0.0992791 132.8496 
  0.1472039 133.5138 
  0.555761 132.1886 
  0.7464935 129.5776 
  0.9643083 129.5776 
  0.9825761 129.5776 
  0.984063 129.5776 
  0.9783952 128.2915 
  0.9729488 127.6532 
  0.9494805 126.3862 
  0.9484318 124.5092 
  0.9636235 123.2734 
  0.9591945 121.4426 
  0.9185746 119.0438 
  0.9242625 117.2759 
  0.9041443 114.9594 
  0.9414512 113.2521 
  0.978054 112.128 
  0.9744397 111.5702 
  0.9803016 110.4628 
  0.9690761 109.3664 
  0.9371811 108.8223 
  0.8201401 108.8223 
  0.5529664 108.8223 
  0.4184799 107.7421 
  0.3548353 106.6728 
  -0.4357452 106.6728 
  -0.4573621 106.6728 
  -0.1914504 106.6728 
  -0.0532653 106.6728 
  -0.06023217 106.6728 
  -0.014989 106.6728 
  -0.02961493 106.6728 
  0.0004260526 106.6728 
  0.05804399 106.6728 
  0.05078487 106.6728 
  0.1006953 106.6728 
  0.01690062 106.6728 
  0.1875855 106.6728 
  0.2993593 106.6728 
  0.1717699 106.6728 
  0.2525561 106.6728 
  0.124333 106.6728 
  0.1354022 106.6728 
  0.07911945 106.6728 
  -0.08375465 106.6728 
  -0.2699634 107.2061 
  -0.1535222 107.7421 
  -0.0790429 108.2809 
  0.03522661 108.2809 
  -0.08648977 108.2809 
  0.09570188 108.8223 
  0.1238613 108.8223 
  0.05408987 108.8223 
  -0.1481829 108.8223 
  -0.1559265 109.3664 
  -0.06595519 109.9132 
  -0.1192215 110.4628 
  0.1394024 111.0151 
  0.1776401 111.5702 
  0.005648674 112.128 
  -0.09465805 112.6886 
  0.05005174 113.2521 
  0.3166261 113.8184 
  0.3499181 114.3874 
  0.1045971 114.9594 
  0.1868736 115.5342 
  0.3172712 116.1118 
  0.2365105 116.6924 
  0.2979188 117.2759 
  0.1913846 117.8622 
  0.04353403 118.4515 
  -0.01904655 119.0438 
  -0.2076401 119.639 
  0.3471435 120.2372 
  0.1422303 120.2372 
  0.3553461 120.8384 
  0.3118133 121.4426 
  0.2996881 122.0498 
  0.4370069 123.2734 
  0.7729353 125.7574 
  0.8602648 124.5092 
  0.9370638 123.2734 
  0.9873502 122.6601 
  0.9852555 121.4426 
  0.9880556 121.4426 
  0.9932208 120.8384 
  0.9731828 119.639 
  0.949037 118.4515 
  0.8485681 117.2759 
  0.6456397 114.9594 
  0.8749688 117.8622 
  0.9957628 117.2759 
  0.9978793 116.6924 
  0.9982269 116.1118 
  0.9965583 115.5342 
  0.9873226 114.3874 
  0.9631526 112.6886 
  0.9347681 111.0151 
  0.9271759 109.3664 
  0.8298365 108.2809 
  0.5534367 108.8223 
  0.06538797 109.9132 
  0.05444811 111.5702 
  0.1024177 113.2521 
  0.1437674 114.9594 
  0.3111245 116.6924 
  0.8241418 119.0438 
  0.9549164 119.639 
  0.9771804 119.639 
  0.9880486 119.639 
  0.9957881 119.639 
  0.9939056 119.0438 
  0.9876827 118.4515 
  0.9841164 117.2759 
  0.9880925 116.6924 
  0.9874999 115.5342 
  0.9842125 114.9594 
  0.9678725 113.8184 
  0.9375538 112.6886 
  0.8700228 110.4628 
  0.4932938 109.9132 
  0.527154 110.4628 
  0.6962126 111.5702 
  0.4240085 112.6886 
  0.1041754 113.8184 
  -0.1624021 115.5342 
  -0.3115078 117.2759 
  -0.03038277 119.0438 
  0.3983027 120.8384 
  0.03542854 122.6601 
  0.2585013 124.5092 
  0.5986311 127.0181 
  0.4392039 123.2734 
  0.4400678 118.4515 
  0.8260206 116.1118 
  0.9612541 114.3874 
  0.9507895 113.2521 
  0.9818218 112.128 
  0.9970168 112.128 
  0.9903403 112.128 
  0.9852968 111.5702 
  0.9849719 111.5702 
  0.9928582 111.5702 
  0.9955598 111.0151 
  0.9916075 111.5702 
  0.9902054 112.128 
  0.9950423 112.128 
  0.9934343 112.128 
  0.9940832 111.5702 
  0.9882715 111.0151 
  0.9721226 110.4628 
  0.9579511 109.9132 
  0.8372911 108.8223 
  0.7243088 106.6728 
  0.7114529 107.2061 
  0.9815272 106.6728 
  0.9897614 105.614 
  0.9864796 104.5657 
  0.9516369 103.5278 
  0.9125155 103.0128 
  0.8988806 101.9903 
  0.9515669 100.4756 
  0.9774727 98.98344 
  0.967532 98.00098 
  0.9726887 97.51342 
  0.9790734 97.02828 
  0.964377 96.54556 
  0.9698081 96.06523 
  0.959474 96.54556 
  0.9786036 97.02828 
  0.9736577 98.00098 
  0.9786227 98.491 
  0.9888217 98.98344 
  0.9453845 98.491 
  0.8653635 98.00098 
  0.6844017 97.51342 
  0.6541541 97.51342 
  0.8447979 97.51342 
  0.8889087 97.51342 
  0.714133 97.51342 
  0.413088 97.51342 
  0.232248 97.51342 
  -0.1702294 97.51342 
  -0.1756472 97.51342 
  0.04667307 97.51342 
  0.09181446 97.51342 ]
