 [
  0.3885184 117.2759 
  0.2612387 117.2759 
  0.07801571 117.2759 
  0.08597195 117.2759 
  0.2448557 117.2759 
  0.1663058 117.2759 
  -0.0132466 117.2759 
  -0.1968876 117.2759 
  -0.3051541 117.2759 
  -0.1589809 117.2759 
  0.03112237 117.2759 
  0.1876472 117.2759 
  0.3041876 118.4515 
  0.357781 128.2915 
  0.5745462 126.3862 
  0.8726251 127.0181 
  0.8321167 125.7574 
  0.7862372 124.5092 
  0.6208407 122.6601 
  0.07252036 124.5092 
  0.02475076 126.3862 
  0.001124532 128.2915 
  -0.2417824 130.2255 
  -0.2264293 132.1886 
  -0.1230888 133.5138 
  -0.05895229 134.8523 
  -0.09695987 135.5266 
  0.4752401 136.2042 
  0.4259327 136.8852 
  0.6053934 136.8852 
  0.1386291 138.2575 
  0.09418943 138.2575 
  0.03848076 138.2575 
  -0.04032077 138.2575 
  -0.05270202 138.2575 
  -0.1174132 138.2575 
  0.1203197 138.2575 
  0.1887231 138.2575 
  0.2235706 138.2575 
  0.1798443 137.5696 
  -0.01662522 135.5266 
  -0.00383829 132.8496 
  0.6806961 130.2255 
  0.7717977 130.2255 
  0.9249869 129.5776 
  0.7964256 127.0181 
  0.8280024 123.8897 
  0.8542098 122.0498 
  0.8718665 119.639 
  0.8528289 117.2759 
  0.9760718 116.1118 
  0.9985948 116.1118 
  0.985577 117.2759 
  0.9360372 118.4515 
  0.8071026 120.2372 
  0.8248882 120.8384 
  0.9129194 121.4426 
  0.9509028 121.4426 
  0.9849877 120.8384 
  0.9757857 121.4426 
  0.9543368 122.0498 
  0.9752311 123.2734 
  0.9780043 123.8897 
  0.973902 123.8897 
  0.9751213 124.5092 
  0.9827325 124.5092 
  0.9836456 124.5092 
  0.9747928 123.8897 
  0.955218 123.2734 
  0.9425936 122.6601 
  0.9548128 121.4426 
  0.9678134 120.8384 
  0.9528745 120.2372 
  0.9724658 119.0438 
  0.9117385 117.2759 
  0.890479 114.9594 
  0.8674527 113.2521 
  0.8570654 111.0151 
  0.7504234 108.8223 
  0.6781527 106.6728 
  0.5915635 103.0128 
  0.1716793 100.4756 
  0.2750401 101.4829 
  0.7120058 103.0128 
  0.5134506 98.98344 
  0.4966791 96.06523 
  0.6951315 94.1677 
  0.8848724 91.39146 
  0.9715504 90.03418 
  0.97852 89.58624 
  0.990909 89.58624 
  0.9923524 89.58624 
  0.9942192 90.03418 
  0.987211 90.48434 
  0.9730699 90.93677 
  0.9771671 91.39146 
  0.958372 90.93677 
  0.8952953 90.48434 
  0.7313659 90.48434 
  0.04418663 90.93677 
  -0.2722582 91.84841 
  -0.08889171 92.7692 
  0.2936531 93.6992 
  0.1424214 94.63854 
  0.362797 95.5873 
  0.1895035 96.54556 
  -0.2284575 97.02828 
  -0.2719339 97.51342 
  -0.297314 98.00098 
  -0.1356568 98.491 
  -0.2442649 98.98344 
  -0.1811806 99.47836 
  -0.03871586 99.97575 
  -0.0528362 100.4756 
  -0.08558999 100.978 
  0.01900802 101.4829 
  0.1642163 101.9903 
  0.186045 102.5003 
  0.6260141 103.5278 
  0.3291875 105.0885 
  0.5694956 105.0885 
  0.7910397 104.5657 
  0.8866796 103.5278 
  0.9432441 101.9903 
  0.9585899 100.978 
  0.9352641 100.4756 
  0.9324608 99.47836 
  0.9374768 98.491 
  0.9507214 98.00098 
  0.7735735 97.51342 
  0.6840717 96.54556 
  0.8571335 96.54556 
  0.9759842 96.06523 
  0.8174267 96.06523 
  0.7033657 96.06523 
  0.4932449 94.1677 
  0.7151174 92.7692 
  0.8413816 92.30766 
  0.8013178 92.7692 
  0.7491945 92.30766 
  0.6863451 91.39146 
  0.7519276 90.03418 
  0.8699021 89.58624 
  0.7861943 90.48434 
  0.805943 91.84841 
  0.7456978 92.7692 
  0.8170649 93.6992 
  0.6551216 95.5873 
  0.7405372 97.51342 
  0.7109718 98.491 
  0.6853678 99.97575 
  0.7543803 100.978 
  0.6013003 100.978 
  0.4428465 99.47836 
  0.3993545 98.00098 
  0.5721175 97.02828 
  0.5984325 96.54556 
  0.5025573 96.54556 
  0.04867217 96.54556 
  -0.4064025 96.54556 
  -0.1523118 96.54556 
  0.2017165 96.54556 
  0.2006274 96.54556 
  -0.04112527 96.54556 ]
