 [
  0.1865867 133.5138 
  -0.1082779 133.5138 
  -0.2236735 133.5138 
  -0.2385717 133.5138 
  -0.04407207 133.5138 
  0.4451872 133.5138 
  0.7386011 133.5138 
  0.870045 133.5138 
  0.8734015 133.5138 
  0.8434294 133.5138 
  0.7385503 133.5138 
  0.6277421 134.1814 
  0.08265303 134.8523 
  0.5509058 136.2042 
  0.847572 132.1886 
  0.94715 131.531 
  0.9932141 131.531 
  0.9937856 131.531 
  0.9987477 130.2255 
  0.9963578 130.8766 
  0.9925572 131.531 
  0.9583702 133.5138 
  0.8255866 134.8523 
  0.6996369 136.2042 
  -0.1933382 134.8523 
  0.6584266 133.5138 
  0.2054134 132.1886 
  0.1954181 130.8766 
  0.2496512 129.5776 
  -0.1782527 127.6532 
  0.01613393 125.7574 
  0.1296487 124.5092 
  0.6460633 129.5776 
  0.5897088 126.3862 
  0.7342883 123.8897 
  0.8366605 120.2372 
  0.6968597 120.2372 
  0.9327293 122.0498 
  0.9981799 122.6601 
  0.9842412 123.8897 
  0.9243461 127.0181 
  0.8334841 132.1886 
  0.7918188 130.2255 
  0.8876914 130.2255 
  0.9239736 130.8766 
  0.9789067 131.531 
  0.9846536 131.531 
  0.988466 131.531 
  0.9616125 130.2255 
  0.9199592 128.9329 
  0.9038308 126.3862 
  0.8517889 123.2734 
  0.799123 120.2372 
  0.6615131 117.2759 
  0.7782167 113.8184 
  0.7978516 111.5702 
  0.07494643 113.2521 
  0.05472304 112.6886 
  0.1241073 112.6886 
  0.1187149 112.6886 
  0.07231546 112.6886 
  -0.122666 112.6886 
  -0.02320162 112.6886 
  0.1521802 113.2521 
  0.168872 113.2521 
  0.02445906 112.6886 
  0.1356075 112.128 
  0.2391749 112.6886 
  0.193502 113.2521 
  0.1966858 113.8184 
  0.2704881 113.8184 
  0.1277767 113.8184 
  0.2130085 113.8184 
  0.2331544 113.2521 
  0.5715809 114.3874 
  0.9590756 115.5342 
  0.9856947 116.1118 
  0.9253725 114.9594 
  0.7619019 113.8184 
  0.6596295 112.128 
  0.1414467 109.9132 
  0.613827 108.8223 
  0.5994403 107.7421 
  0.1568865 107.2061 
  0.02919398 107.2061 
  -0.02720356 106.6728 
  0.4727938 105.614 
  0.7179372 104.5657 
  0.7429067 103.0128 
  0.7498976 101.4829 
  0.6276634 100.4756 
  0.170483 101.9903 
  0.07477842 104.0455 
  0.02620821 106.142 
  0.0827269 108.2809 
  0.2360363 109.9132 
  0.1853238 112.128 
  0.06438698 115.5342 
  0.7923735 120.2372 
  0.3280126 111.0151 
  0.4098991 107.7421 
  0.5607162 105.614 
  0.8268688 105.0885 
  0.8169284 104.0455 
  0.7490622 103.0128 
  0.9405646 101.4829 
  0.9740483 100.978 
  0.9713655 100.4756 
  0.9582579 99.97575 
  0.8244485 99.47836 
  0.7138237 98.491 
  0.1935724 98.491 
  0.08853597 93.6992 
  0.2942783 96.06523 
  0.7152123 94.63854 
  0.8180271 96.06523 
  0.7617727 97.51342 
  0.6669605 99.97575 
  0.7367834 103.5278 
  0.8024821 106.142 
  0.6841724 106.6728 
  0.4181073 108.2809 
  0.8088636 109.9132 
  0.6600051 111.0151 
  0.4632557 111.5702 
  0.5064188 111.5702 
  0.4876544 111.5702 
  0.2246545 111.5702 
  -0.1039286 111.5702 
  0.1006482 111.5702 
  -0.0386043 111.5702 
  -0.1723859 111.5702 
  -0.1825527 111.5702 
  -0.139578 111.5702 
  0.2884161 111.5702 
  0.3022133 111.5702 
  0.1098265 111.5702 
  0.2235679 111.5702 
  0.07136852 111.5702 
  0.03432503 111.5702 
  -0.1241092 111.5702 
  0.003541855 111.5702 
  0.04179631 111.5702 
  -0.01442799 111.5702 
  -0.01972706 111.5702 ]
