 [
  0.01453093 194.0801 
  -0.1654707 194.0801 
  -0.373934 194.0801 
  -0.2823474 194.0801 
  -0.1382222 194.0801 
  0.03962903 194.0801 
  -0.1528927 194.0801 
  -0.1461809 194.0801 
  0.1466996 194.0801 
  0.8153331 194.0801 
  0.7687889 194.0801 
  0.8706195 193.1145 
  0.979295 193.1145 
  0.9887617 195.0505 
  0.9908226 197.9909 
  0.9749511 202.9904 
  0.8521803 212.3098 
  0.9340105 213.3714 
  0.9405984 217.6709 
  0.9458539 222.057 
  0.9726527 227.6642 
  0.990832 231.0963 
  0.9943447 231.0963 
  0.9819206 229.9466 
  0.9709469 226.5316 
  0.970351 223.1673 
  0.9667997 218.7592 
  0.9363686 214.4382 
  0.8879915 208.1162 
  0.8187878 200.9756 
  0.8564571 192.1537 
  0.7984028 185.5609 
  0.6943926 179.1942 
  0.7283969 170.476 
  0.362205 167.1087 
  0.05293547 172.185 
  -0.02800616 173.046 
  -0.7422669 173.046 
  -0.08526523 173.046 
  -0.07493788 173.046 
  -0.0622279 173.046 
  -0.0973198 172.185 
  -0.1524416 172.185 
  -0.0446135 172.185 
  0.1288594 172.185 
  0.1607845 172.185 
  -0.1400446 172.185 
  -0.09382734 172.185 
  -0.1028916 172.185 
  -0.1210294 172.185 
  -0.1427313 172.185 
  -0.133569 172.185 
  0.1692446 172.185 
  0.154628 172.185 
  -0.1048226 172.185 
  0.005836893 172.185 
  -0.0260825 172.185 
  -0.02601356 172.185 
  0.1840194 172.185 
  0.08578514 172.185 
  0.09002104 172.185 
  0.1990927 172.185 
  0.1984329 172.185 
  0.002616398 172.185 
  0.01740208 172.185 
  -0.0155709 172.185 
  0.1545518 172.185 
  -0.07502199 172.185 
  -0.266999 172.185 
  -0.226525 172.185 
  0.0113378 172.185 
  -0.1299955 172.185 
  -0.3459279 172.185 
  -0.06420556 172.185 
  0.003327348 172.185 
  -0.1589523 172.185 
  0.387028 172.185 
  0.1393447 172.185 
  0.3398946 172.185 
  0.05665899 172.185 
  -0.08500292 172.185 
  0.1796036 172.185 
  -0.07768852 172.185 
  0.4757463 172.185 
  0.8554292 173.9112 
  0.9399875 176.533 
  0.9473004 180.9906 
  0.9582676 183.7191 
  0.9735125 186.4887 
  0.9699986 190.2465 
  0.9544734 194.0801 
  0.973214 198.9809 
  0.9824824 202.9904 
  0.9833255 208.1162 
  0.9885481 214.4382 
  0.9917675 217.6709 
  0.9933028 218.7592 
  0.993252 220.9523 
  0.9937142 223.1673 
  0.9948472 224.2832 
  0.9980916 225.4046 
  0.9985223 225.4046 
  0.9966143 225.4046 
  0.9870423 225.4046 
  0.9336528 225.4046 
  0.8704174 220.9523 
  0.9803829 218.7592 
  0.9959084 215.5104 
  0.968178 213.3714 
  0.9387268 209.1568 
  0.9351639 206.0505 
  0.9879459 202.9904 
  0.9635642 198.9809 
  0.9249997 195.0505 
  0.9280318 190.2465 
  0.945794 185.5609 
  0.9760629 183.7191 
  0.9714249 180.9906 
  0.9679328 180.9906 
  0.9744477 180.0902 
  0.9532582 179.1942 
  0.8833334 178.3027 
  0.5349513 180.0902 
  0.401283 181.8956 
  -0.2154531 184.6377 
  -0.2977556 187.4211 
  -0.1148668 190.2465 
  -0.05326438 193.1145 
  0.1897183 196.0257 
  0.7304005 197.9909 
  0.8828801 198.9809 
  0.9718475 199.9758 
  0.9957575 200.9756 
  0.9970523 201.9805 
  0.832612 205.0254 
  0.8864803 204.0054 
  0.9409064 206.0505 
  0.9830633 207.0808 
  0.9911538 208.1162 
  0.9911751 208.1162 
  0.9930267 209.1568 
  0.9980016 209.1568 
  0.9951428 209.1568 
  0.9851235 211.2535 
  0.9605078 213.3714 
  0.9325365 217.6709 
  0.9691587 224.2832 
  0.9349217 224.2832 
  0.8583137 220.9523 
  0.4863231 216.5879 
  0.07963419 213.3714 
  0.1035699 210.2025 
  0.1188206 207.0808 
  -0.1564521 204.0054 
  -0.3569083 200.9756 
  0.07397185 197.9909 
  -0.05541385 195.0505 
  -0.0001475886 192.1537 
  0.0219451 189.3 
  0.07819605 187.4211 
  0.1224304 185.5609 
  -0.0405596 183.7191 
  0.6877247 187.4211 
  0.830631 186.4887 
  0.9330978 183.7191 
  0.8863973 180.0902 
  0.8052437 175.6547 
  0.3405218 174.7808 
  0.6522098 173.9112 
  0.3251595 173.046 
  0.4938579 172.185 
  0.8677614 170.476 
  0.9247215 170.476 
  0.9612402 170.476 
  0.9661342 170.476 
  0.946394 170.476 
  0.9353179 167.9442 
  0.9187498 166.2773 
  0.8375989 163.8079 
  0.9815345 163.8079 
  0.9844059 163.8079 
  0.9693879 164.6269 
  0.8411136 165.4501 
  0.9008625 165.4501 
  0.9543839 164.6269 
  0.9726007 165.4501 
  0.9647846 167.1087 
  0.9699003 167.9442 
  0.9736778 169.6279 
  0.9774375 170.476 
  0.9695643 172.185 
  0.9792194 173.046 
  0.9669675 174.7808 
  0.960987 175.6547 
  0.952287 178.3027 
  0.9275841 180.9906 
  0.8827639 182.8051 
  0.8530766 188.3582 
  0.8840178 194.0801 
  0.799521 197.9909 
  0.574319 198.9809 
  0.04981162 198.9809 
  -0.04384442 198.9809 
  0.004083059 198.9809 
  -0.03904849 198.9809 
  -0.0200644 198.9809 
  0.07085471 198.9809 
  0.09724805 198.9809 
  -0.02196401 198.9809 
  -0.01255718 198.9809 
  -0.4937221 198.9809 
  0.7636217 198.9809 
  0.8545604 196.0257 
  0.9857359 194.0801 
  0.9941757 192.1537 
  0.9919164 191.1978 
  0.9900438 191.1978 
  0.9936143 191.1978 
  0.9924722 191.1978 
  0.980224 191.1978 
  0.9740537 191.1978 
  0.9896144 191.1978 
  0.9739333 191.1978 
  0.9689251 190.2465 
  0.9722155 189.3 
  0.9947287 189.3 
  0.9837204 189.3 
  0.5462201 189.3 
  0.7420812 189.3 
  0.8920875 188.3582 
  0.9674264 186.4887 
  0.9783023 183.7191 
  0.9746399 180.9906 
  0.9717786 179.1942 
  0.9795656 177.4156 
  0.9783481 176.533 
  0.9789211 176.533 
  0.9620633 177.4156 
  0.9762683 177.4156 
  0.9643258 176.533 
  0.9366525 173.9112 
  0.9412245 170.476 
  0.9380925 167.9442 
  0.9487473 165.4501 
  0.979064 163.8079 
  0.9626493 161.3751 
  0.9799486 160.5723 
  0.9915193 159.7734 
  0.9865066 159.7734 
  0.9895797 158.9785 
  0.9913129 158.1876 
  0.9865689 157.4006 
  0.9828609 156.6175 
  0.966945 156.6175 
  0.9513628 156.6175 
  0.9377161 156.6175 
  0.9431999 156.6175 
  0.9696983 157.4006 
  0.9611433 158.1876 
  0.9553896 158.1876 
  0.9371372 158.1876 
  0.9314448 158.9785 
  0.8452734 159.7734 
  0.783867 160.5723 
  0.7204815 161.3751 
  0.4715042 161.3751 
  0.168182 161.3751 
  -0.02659315 161.3751 
  0.1274063 161.3751 
  0.01080953 161.3751 
  0.09165235 161.3751 
  -0.1183552 161.3751 
  -0.2389717 161.3751 
  -0.1522062 161.3751 
  0.01940964 161.3751 ]
