 [
  -0.06733184 126.3862 
  0.07933661 126.3862 
  0.05516728 126.3862 
  0.131739 126.3862 
  -0.1663645 126.3862 
  0.1000315 126.3862 
  0.01115802 126.3862 
  0.3096765 126.3862 
  0.3681566 126.3862 
  0.3068646 126.3862 
  0.01953599 126.3862 
  0.1923088 126.3862 
  0.02061261 126.3862 
  -0.0120577 126.3862 
  0.2228561 126.3862 
  0.2644098 126.3862 
  0.1374008 126.3862 
  0.1728885 126.3862 
  0.4178027 123.2734 
  0.3906033 123.2734 
  0.7471057 123.8897 
  0.3930047 125.7574 
  0.9535508 128.9329 
  0.6080319 132.1886 
  0.0290774 135.5266 
  0.6592202 134.8523 
  0.8408364 136.2042 
  0.9262055 138.2575 
  0.9710027 141.0434 
  0.9460992 143.8855 
  0.9435871 146.7849 
  0.9496313 149.7427 
  0.9249358 153.5239 
  0.8080294 157.4006 
  0.4779701 159.7734 
  -0.1661992 159.7734 
  -0.37905 156.6175 
  -0.1219287 153.5239 
  0.1311641 149.7427 
  0.5590193 146.0546 
  0.913331 143.1697 
  0.8690844 139.6435 
  0.5952299 134.1814 
  0.4524722 129.5776 
  0.383416 127.6532 
  0.5596691 128.2915 
  0.1693156 128.9329 
  -0.0743527 129.5776 
  -0.06949971 130.2255 
  -0.01126061 130.8766 
  0.1124386 131.531 
  -0.1985331 132.8496 
  -0.207725 134.1814 
  0.3977452 135.5266 
  0.5771399 136.8852 
  0.7921666 137.5696 
  0.9796296 138.2575 
  0.9820758 138.2575 
  0.9753448 137.5696 
  0.9617944 136.2042 
  0.9166093 134.1814 
  0.8879001 130.8766 
  0.8951211 128.9329 
  0.55549 129.5776 
  0.3003851 130.2255 
  -0.08824433 130.8766 
  0.6454523 132.1886 
  0.7252063 128.9329 
  0.8220888 125.7574 
  0.8660536 122.6601 
  0.7445778 119.639 
  0.7321046 117.2759 
  0.7575382 114.3874 
  0.547195 112.128 
  0.6753551 107.7421 
  0.7782845 108.8223 
  0.6654574 110.4628 
  0.6853687 112.128 
  0.7586185 114.3874 
  0.8860391 115.5342 
  0.9222611 116.6924 
  0.9060205 117.8622 
  0.9558207 118.4515 
  0.8454567 120.8384 
  0.8393947 123.8897 
  0.9340684 125.7574 
  0.9903957 126.3862 
  0.9716423 125.7574 
  0.9232913 123.8897 
  0.9341559 123.2734 
  0.9516309 122.0498 
  0.95388 122.0498 
  0.9447535 120.8384 
  0.9132572 119.639 
  0.8993714 119.639 
  0.8768061 117.8622 
  0.8475385 119.0438 
  0.7659489 116.6924 
  0.9432192 114.9594 
  0.7862803 113.8184 
  0.8116935 112.128 
  0.9400942 110.4628 
  0.8775201 110.4628 
  0.639948 110.4628 
  -0.1381346 107.7421 
  -0.1214152 105.0885 
  0.5853502 108.2809 
  0.6725084 108.2809 
  0.6706679 108.2809 
  -0.009653029 85.2277 
  0.3541312 66.74884 
  0.4358813 60.4119 
  0.3525452 60.71396 
  0.2705356 60.4119 
  0.2781591 62.5583 
  0.496687 62.5583 
  0.3794101 58.63084 
  0.4576069 58.63084 
  0.4880568 60.4119 
  0.6689272 60.71396 
  0.465543 60.71396 
  0.5251338 56.33751 
  0.6959054 56.33751 
  0.5935143 58.0489 
  0.6837002 58.33915 
  0.775534 54.40454 
  0.7981024 54.67657 
  0.8165594 54.94995 
  0.6226454 55.2247 
  0.2044131 51.50015 
  0.1201756 52.53791 
  0.2085932 53.86455 
  0.3749352 55.77833 
  0.1899021 56.05722 
  0.4034353 56.33751 
  0.7817764 56.05722 
  0.3173039 56.61919 
  0.3442602 56.90229 
  0.5175297 57.47274 
  0.315657 58.63084 
  0.07043916 59.81229 
  0.1892743 61.01753 
  -0.02329477 62.24707 
  0.1480676 63.50137 
  -0.01654425 65.10486 
  -0.015541 66.74884 
  -0.1061197 68.43433 
  0.2187808 70.16238 
  -0.1176877 71.93407 
  0.1730883 73.7505 
  0.2129027 75.61279 
  0.239419 77.5221 
  -0.1347555 79.47963 
  -0.2189136 81.4866 
  0.2363551 83.54424 
  -0.2697025 85.65383 
  0.07777262 87.8167 
  -0.1455722 90.03418 
  -0.4250399 92.30766 
  -0.05482046 94.63854 
  -0.2027095 97.02828 
  -0.2906581 99.47836 
  -0.1407202 101.9903 
  -0.003805458 104.5657 
  0.3357667 107.2061 
  0.2882824 112.128 
  0.2444862 114.9594 
  0.3888227 116.1118 
  0.1825265 120.2372 
  0.2558269 116.1118 
  0.4299418 115.5342 
  0.9541766 114.9594 
  0.9343423 112.6886 
  0.7920737 111.5702 
  0.657233 110.4628 
  0.4475169 108.2809 
  0.9108434 110.4628 
  0.9247696 112.6886 
  0.5390871 116.1118 
  0.7773184 115.5342 
  0.8875786 115.5342 
  0.9515027 115.5342 
  0.963063 115.5342 
  0.9115421 114.9594 
  0.8417711 114.9594 
  0.8989727 112.128 
  0.625979 111.5702 
  0.3960801 111.5702 
  0.1555705 111.5702 
  0.08705737 111.5702 
  -0.04548549 111.5702 
  -0.02667059 112.128 
  -0.1677915 112.6886 
  -0.001717431 113.2521 
  0.03894761 113.8184 
  0.6956874 114.3874 
  0.7946427 114.3874 
  0.6896417 113.8184 
  0.5300875 113.2521 
  0.3192758 114.3874 
  -0.1951077 116.1118 
  0.1278857 117.8622 
  0.1896692 119.0438 
  0.4435692 120.2372 
  0.2028688 122.0498 
  0.0278219 123.8897 
  -0.05893197 125.7574 
  -0.03963641 127.6532 
  -0.03771909 130.2255 
  0.8243518 132.8496 
  0.3620879 120.2372 
  0.4863799 122.6601 
  0.8137888 123.2734 
  0.9280484 125.1317 
  0.9841402 126.3862 
  0.9709106 127.0181 
  0.9620335 127.0181 
  0.9567216 127.6532 
  0.9874139 128.2915 
  0.9901243 128.2915 
  0.9892523 128.2915 
  0.9944721 127.6532 
  0.990573 127.6532 
  0.9763134 127.0181 
  0.9708641 127.0181 
  0.8547542 126.3862 
  0.7881539 125.7574 
  0.6857349 124.5092 
  0.9733593 124.5092 
  0.9823834 124.5092 
  0.9876369 123.8897 
  0.9704481 123.2734 
  0.4639443 124.5092 
  0.7141417 120.8384 
  0.8542513 120.8384 
  0.9894432 120.8384 
  0.9849942 121.4426 
  0.9751931 122.0498 
  0.9917358 122.6601 
  0.9920337 123.2734 
  0.9877357 122.6601 
  0.9797467 122.0498 
  0.9896656 121.4426 
  0.9918653 121.4426 
  0.971736 120.8384 
  0.9727197 120.2372 
  0.9889422 119.639 
  0.9796423 119.0438 
  0.9771677 118.4515 
  0.9943416 117.8622 
  0.9824044 117.8622 
  0.9886493 117.2759 
  0.9751624 117.2759 
  0.8085329 116.1118 
  0.6731203 114.9594 
  0.7588379 112.128 
  -0.06173259 114.9594 
  -0.3111924 116.6924 
  0.08889994 117.8622 
  -0.04114298 119.0438 
  -0.109538 120.8384 
  -0.0745983 122.6601 
  -0.04497609 123.8897 
  -0.1040413 125.1317 
  0.02834143 126.3862 
  -0.0696975 127.6532 
  0.2272343 129.5776 
  0.8398086 131.531 
  0.6592532 128.9329 
  0.6105412 124.5092 
  0.8549886 121.4426 
  0.9032081 117.8622 
  0.870965 115.5342 
  0.9162134 113.2521 
  0.9618312 112.128 
  0.970432 111.5702 
  0.9678969 111.5702 
  0.9680061 111.5702 
  0.9054809 113.2521 
  0.9065266 116.1118 
  0.9487764 117.2759 
  0.9461824 119.0438 
  0.9046096 120.2372 
  0.9339167 122.0498 
  0.9461111 123.8897 
  0.920478 125.1317 
  0.9546409 125.7574 
  0.9703141 127.0181 
  0.9849938 128.2915 
  0.9794644 127.6532 
  0.9668127 127.0181 
  0.8990998 125.7574 
  0.8860286 122.6601 
  0.8464297 120.2372 
  0.8479922 117.2759 
  0.944683 114.9594 
  0.9705434 113.2521 
  0.7885252 111.5702 
  0.8818304 110.4628 
  0.9552325 109.3664 
  0.960724 108.8223 
  0.9792044 108.2809 
  0.985459 107.7421 
  0.9844046 107.7421 
  0.8171003 106.6728 
  0.7114911 106.142 
  0.6753395 106.6728 
  0.9945794 107.7421 
  0.9950348 107.7421 
  0.9951276 107.2061 
  0.9959381 106.6728 
  0.978144 105.614 
  0.970177 105.0885 
  0.9320712 105.0885 
  0.8751131 105.0885 
  0.6748467 106.142 
  0.5369502 107.2061 
  0.6462857 108.2809 
  0.5471526 109.3664 
  0.3567865 110.4628 
  0.1588597 111.5702 
  0.2543829 112.6886 
  0.08376877 113.8184 
  0.1345764 114.9594 
  0.1533307 116.1118 
  0.07319033 117.2759 
  -0.01483933 118.4515 
  -0.1732476 119.639 
  -0.1783425 120.8384 
  0.1075411 122.0498 
  -0.06951721 123.2734 
  0.1539587 125.1317 
  0.2069693 127.0181 
  0.0551711 128.2915 
  -0.003130351 130.2255 
  -0.01127808 132.1886 
  0.06889085 134.1814 
  -0.589422 136.2042 
  -0.1805808 138.2575 
  0.5980425 139.6435 
  0.7874152 138.2575 
  0.6852334 132.1886 
  0.6669517 125.1317 
  0.8654708 120.8384 
  0.9691141 119.0438 
  0.9336171 116.1118 
  0.8559929 114.3874 
  0.8143322 113.2521 
  0.6328744 112.6886 
  0.4989674 111.0151 
  0.9948345 110.4628 
  0.9939253 110.4628 
  0.991659 110.4628 
  0.9886422 110.4628 
  0.9868968 109.9132 
  0.9726732 108.8223 
  0.939728 107.7421 
  0.8844188 106.6728 
  0.8017389 106.142 
  0.5263963 106.142 
  0.3596031 106.142 
  0.06254894 106.142 
  0.03211173 105.614 
  0.1291538 107.2061 
  0.3941369 108.8223 
  0.9365541 110.4628 
  0.9838902 110.4628 
  0.9900342 110.4628 
  0.9881815 109.9132 
  0.9634497 108.8223 
  0.8052968 107.7421 
  0.4422845 106.6728 
  0.2237335 106.6728 
  0.4698098 107.2061 
  0.4637883 107.7421 
  0.3980697 108.8223 
  0.2246572 109.9132 
  0.06837996 111.0151 
  0.2870513 112.128 
  -0.1429261 112.6886 
  0.6054989 111.5702 
  0.6927541 112.128 
  0.8830856 112.128 
  0.9651635 111.0151 
  0.9640552 111.5702 
  0.9562182 112.128 
  0.9859802 112.128 
  0.9904357 112.128 
  0.9637424 111.0151 
  0.9601194 110.4628 
  0.9545053 108.8223 
  0.9719287 108.2809 
  0.9813675 107.2061 
  0.9760697 106.6728 
  0.9641457 106.142 
  0.494707 104.0455 
  0.4632349 98.98344 
  0.4240119 98.00098 
  0.3230452 113.8184 
  0.02544033 119.0438 
  0.352153 116.6924 
  0.2047324 112.6886 
  0.2768456 112.6886 
  0.3395924 112.6886 
  0.3202823 111.0151 
  0.6004732 116.1118 
  0.3322131 116.1118 
  0.3412312 115.5342 
  0.1538201 109.3664 
  0.05356998 112.6886 
  0.07091705 114.3874 
  0.3732683 116.1118 
  -0.1451289 116.6924 
  -0.1639518 117.2759 
  0.08555385 117.2759 
  0.3094141 117.2759 
  0.1529242 117.2759 
  0.3222999 117.2759 
  0.4474765 117.2759 
  0.188105 117.2759 
  0.541407 117.2759 
  0.7422376 117.2759 
  0.515285 117.2759 ]
