 [
  -0.2198246 112.128 
  -0.1497822 112.128 
  0.07942857 112.128 
  -0.07130475 112.128 
  -0.2440314 112.128 
  -0.04279161 112.128 
  -0.1715863 112.128 
  0.05428887 112.128 
  -0.1809107 112.128 
  -0.227084 112.128 
  -0.1420354 112.128 
  0.122479 112.128 
  0.2710912 112.128 
  0.2609392 112.6886 
  0.6633012 109.9132 
  0.7873599 109.3664 
  0.8252315 109.3664 
  0.7869994 110.4628 
  0.8049535 112.128 
  0.898524 109.9132 
  0.8271496 109.3664 
  0.2768809 113.2521 
  0.01969876 120.2372 
  -0.07639675 130.8766 
  0.06066197 138.9488 
  0.2311691 147.5188 
  0.08763402 155.8383 
  -0.01734567 165.4501 
  0.03340114 175.6547 
  -0.1799409 186.4887 
  -0.05876262 197.9909 
  0.09117509 210.2025 
  0.3384234 223.1673 
  0.7482542 236.9318 
  0.8924364 239.307 
  0.9369493 235.753 
  0.9499066 231.0963 
  0.9427876 226.5316 
  0.9651438 225.4046 
  0.9977893 224.2832 
  0.9983434 224.2832 
  0.9994457 224.2832 
  0.9983956 224.2832 
  0.9989076 224.2832 
  0.9972569 224.2832 
  0.9982059 224.2832 
  0.9986581 225.4046 
  0.9986901 225.4046 
  0.9949849 225.4046 
  0.9393694 225.4046 
  0.8870578 225.4046 
  0.4722237 223.1673 
  0.3025164 224.2832 
  -0.06427001 225.4046 
  -0.06990549 226.5316 
  -0.008342411 228.8026 
  -0.1942904 231.0963 
  0.3087683 233.4131 
  0.03656339 234.5801 
  -0.01136034 234.5801 
  -0.162479 232.2518 
  -0.1737937 231.0963 
  0.1303084 231.0963 
  0.8573939 232.2518 
  0.8099954 229.9466 
  0.8812103 227.6642 
  0.9397423 223.1673 
  0.9978337 223.1673 
  0.9965826 222.057 
  0.9836146 220.9523 
  0.9409117 222.057 
  0.8280835 225.4046 
  0.2033214 231.0963 
  0.3367212 236.9318 
  0.2827908 241.7061 
  -0.2445488 246.5766 
  -0.2442428 251.5452 
  -0.1603738 252.8029 
  -0.2277557 252.8029 
  0.2524715 251.5452 
  0.8801083 250.2938 
  0.8677466 241.7061 
  0.8954652 235.753 
  0.9914784 228.8026 
  0.9899984 226.5316 
  0.9755659 224.2832 
  0.9669392 220.9523 
  0.9758199 217.6709 
  0.9926718 216.5879 
  0.9902513 216.5879 
  0.9927555 214.4382 
  0.9946236 213.3714 
  0.9963595 212.3098 
  0.9972261 210.2025 
  0.9969665 208.1162 
  0.9993269 207.0808 
  0.9999241 206.0505 
  0.9981781 206.0505 
  0.9976619 204.0054 
  0.9974356 202.9904 
  0.9965819 201.9805 
  0.9894427 200.9756 
  0.974017 199.9758 
  0.9349151 198.9809 
  0.7583475 199.9758 
  0.288665 201.9805 
  0.1337077 204.0054 
  0.1402611 206.0505 
  -0.1913402 208.1162 
  -0.2255877 210.2025 
  -0.02140814 212.3098 
  -0.01971401 214.4382 
  0.0415719 216.5879 
  0.2670122 219.853 
  0.735446 223.1673 
  0.572039 211.2535 
  0.7157153 204.0054 
  0.9491393 199.9758 
  0.9823325 196.0257 
  0.9938731 193.1145 
  0.9960401 192.1537 
  0.995526 191.1978 
  0.9939429 190.2465 
  0.9982347 188.3582 
  0.9979556 188.3582 
  0.9957383 188.3582 
  0.964106 188.3582 
  0.917732 189.3 
  0.703537 194.0801 
  0.7461303 199.9758 
  0.7131448 206.0505 
  0.7147874 212.3098 
  0.6762207 219.853 
  0.5041286 227.6642 
  0.1945098 223.1673 
  0.2226103 239.307 
  0.3390144 251.5452 
  0.2830943 255.3373 
  0.2448645 263.0938 
  0.1778795 268.3953 
  0.08443622 271.0859 
  -0.2988233 273.8036 
  0.0694233 276.5485 
  0.05537388 279.3209 
  0.5196798 282.1211 
  0.4504627 283.5317 
  0.05724894 284.9493 
  0.5924823 287.806 
  0.5421272 287.806 
  0.4614208 284.9493 
  0.1823262 267.06 
  0.2650183 255.3373 
  0.1080015 247.8095 
  0.06553645 240.5036 
  0.365669 234.5801 
  0.7549118 227.6642 
  0.7230529 215.5104 
  0.7933385 211.2535 
  0.9374743 206.0505 
  0.9597343 202.9904 
  0.9886431 200.9756 
  0.9813094 199.9758 
  0.9746749 198.9809 
  0.9854766 197.0059 
  0.9901168 196.0257 
  0.9789708 195.0505 
  0.9861811 194.0801 
  0.9815252 195.0505 
  0.9825869 194.0801 
  0.9887412 194.0801 
  0.9893537 195.0505 
  0.9797506 196.0257 
  0.971137 197.9909 
  0.9752977 199.9758 
  0.9685138 201.9805 
  0.8839982 206.0505 
  0.4489946 204.0054 
  -0.1076665 185.5609 
  -0.1519004 164.6269 
  -0.2309566 145.328 
  0.09222794 130.8766 
  0.3247637 120.2372 
  0.249365 111.5702 
  0.5538474 105.0885 
  0.9012406 101.9903 
  0.9782889 101.4829 
  0.9848568 101.4829 
  0.9503832 100.978 
  0.9267851 100.4756 
  0.9355451 98.98344 
  0.9639379 98.491 
  0.9865364 98.491 
  0.9953644 98.491 
  0.9876429 98.98344 
  0.9911621 98.98344 
  0.9954313 98.98344 
  0.9962761 98.98344 
  0.9967248 98.98344 
  0.995961 99.47836 
  0.9933844 99.97575 
  0.9801844 100.978 
  0.9699862 101.9903 
  0.9720372 103.5278 
  0.9626095 105.0885 
  0.8896712 107.2061 
  0.673786 110.4628 
  0.1425488 113.8184 
  -0.1359981 117.8622 
  0.2120874 122.0498 
  0.1064407 126.3862 
  -0.01614805 130.2255 
  0.06521861 134.1814 
  0.18202 138.2575 
  0.07998379 142.4574 
  -0.008345409 146.7849 
  -0.01886055 151.2439 
  -0.1912588 155.8383 
  -0.3279864 160.5723 
  -0.3266186 165.4501 
  -0.1029067 170.476 
  -0.1529119 175.6547 
  -0.157469 180.9906 
  0.0489363 186.4887 
  0.2261948 193.1145 
  0.6893075 198.9809 
  0.7517201 205.0254 
  0.8570264 205.0254 
  0.9250742 201.9805 
  0.9923973 197.0059 
  0.9975317 195.0505 
  0.9984654 194.0801 
  0.9988236 193.1145 
  0.998445 194.0801 
  0.9989071 194.0801 
  0.9728208 194.0801 
  0.9420323 193.1145 
  0.8994434 189.3 
  0.8903587 188.3582 
  0.946358 189.3 
  0.9799899 190.2465 
  0.9928346 191.1978 
  0.9961755 191.1978 
  0.9978433 191.1978 
  0.9957744 190.2465 
  0.9944736 190.2465 
  0.9899757 189.3 
  0.9865765 189.3 
  0.9909449 188.3582 
  0.9982691 188.3582 
  0.9986289 188.3582 
  0.9986837 187.4211 
  0.9987953 186.4887 
  0.974847 185.5609 
  0.9163468 185.5609 
  0.9324512 184.6377 
  0.9888618 184.6377 
  0.9777305 185.5609 
  0.9573722 186.4887 
  0.9414533 187.4211 
  0.956014 187.4211 
  0.9740045 187.4211 
  0.9855083 186.4887 
  0.9900054 186.4887 
  0.9926103 187.4211 
  0.9887263 188.3582 
  0.9892262 190.2465 
  0.9916444 192.1537 
  0.964705 194.0801 
  0.9110847 195.0505 
  0.8618602 196.0257 
  0.6943314 196.0257 
  0.3665793 196.0257 
  0.4398654 196.0257 
  0.4329982 196.0257 
  0.3396691 196.0257 
  -0.07518042 196.0257 
  -0.4364612 196.0257 
  -0.2859887 196.0257 
  -0.127327 196.0257 
  -0.06344143 196.0257 
  -0.01499786 196.0257 
  -0.03579172 196.0257 ]
