 [
  -0.1047943 120.2372 
  -0.0917861 120.2372 
  -0.03697702 120.2372 
  0.02503717 120.2372 
  0.1282046 120.2372 
  0.2212805 120.2372 
  0.1405358 120.2372 
  -0.466913 120.2372 
  -0.2720386 120.2372 
  -0.1853335 120.2372 
  0.3894483 120.2372 
  0.6773939 120.2372 
  0.06857159 120.2372 
  0.7150991 119.639 
  0.770049 118.4515 
  0.8918246 117.8622 
  0.9478673 116.6924 
  0.9359498 114.9594 
  0.9636149 113.2521 
  0.9665096 112.6886 
  0.9655779 112.6886 
  0.9724557 113.2521 
  0.9880856 113.8184 
  0.9868979 113.8184 
  0.9766843 113.8184 
  0.9532064 113.2521 
  0.8769324 112.6886 
  0.7376961 110.4628 
  0.6847234 107.2061 
  0.05955677 107.7421 
  0.0599383 109.9132 
  0.05682921 112.6886 
  0.1122256 115.5342 
  -0.1359624 117.8622 
  -0.03668106 120.2372 
  0.344976 123.2734 
  0.8034564 125.1317 
  0.918961 125.1317 
  0.992376 125.1317 
  0.98142 127.0181 
  0.5887135 131.531 
  0.8038346 135.5266 
  0.8732641 137.5696 
  0.9492759 138.2575 
  0.9015182 140.3417 
  0.8712643 143.1697 
  0.9302579 146.0546 
  0.8997924 146.7849 
  0.8244992 148.2564 
  0.7723588 151.2439 
  0.4285969 145.328 
  0.5839357 145.328 
  0.1431076 145.328 
  -0.08951519 145.328 
  0.1439213 145.328 
  0.004607443 145.328 
  -0.05720959 146.0546 
  -0.08530722 146.7849 
  -0.06532419 147.5188 
  0.509073 148.2564 
  0.6882614 143.8855 
  0.8546515 140.3417 
  0.8769751 138.2575 
  0.9062779 135.5266 
  0.9619474 134.1814 
  0.9934603 133.5138 
  0.9930404 132.1886 
  0.9809377 130.2255 
  0.9680969 128.2915 
  0.9580945 126.3862 
  0.7961582 128.2915 
  0.7136697 135.5266 
  0.895302 136.2042 
  0.9309787 137.5696 
  0.9057681 139.6435 
  0.9720972 141.7487 
  0.9663332 142.4574 
  0.9560602 143.8855 
  0.9460065 146.0546 
  0.9600735 148.2564 
  0.9708009 149.7427 
  0.9782863 151.2439 
  0.9864229 152.0001 
  0.9804142 152.0001 
  0.9645101 150.4914 
  0.9628862 148.2564 
  0.9252613 146.0546 
  0.8104981 144.605 
  0.3989755 146.0546 
  0.08446433 147.5188 
  0.04820608 148.9977 
  -0.001664391 150.4914 
  -0.01575806 152.0001 
  -0.1397089 153.5239 
  -0.04262625 154.2915 
  0.04128415 155.063 
  0.4770648 154.2915 
  0.638086 152.7601 
  0.8901743 151.2439 
  0.9844433 150.4914 
  0.9950423 148.9977 
  0.9917216 148.2564 
  0.99209 147.5188 
  0.9961792 146.7849 
  0.9950339 146.7849 
  0.9950203 146.7849 
  0.9943374 146.0546 
  0.982778 145.328 
  0.9669515 143.1697 
  0.941812 140.3417 
  0.8674142 137.5696 
  0.8147061 135.5266 
  0.8077387 133.5138 
  0.7093142 131.531 
  0.1953245 129.5776 
  -0.008501568 127.6532 
  0.04605806 125.7574 
  0.02945308 124.5092 
  -0.08408669 123.2734 
  -0.1006504 121.4426 
  0.2343604 119.639 
  0.3450177 117.8622 
  0.184422 116.1118 
  -0.07433861 114.3874 
  0.2601536 112.6886 
  0.7309268 111.5702 
  0.9148005 111.0151 
  0.9827393 111.0151 
  0.9780704 111.5702 
  0.9722325 112.6886 
  0.9825991 114.3874 
  0.9923663 116.1118 
  0.9953496 117.2759 
  0.9922863 119.0438 
  0.6719799 123.2734 
  0.7773166 128.2915 
  0.8479151 127.6532 
  0.8910985 129.5776 
  0.8328922 131.531 
  0.8676374 134.1814 
  0.8985247 136.8852 
  0.9547628 138.9488 
  0.925801 138.9488 
  0.8109736 138.9488 
  0.5480059 135.5266 
  -0.2279546 134.1814 
  0.6849096 132.8496 
  0.2270163 131.531 
  0.08183879 130.2255 
  0.0758324 128.9329 
  0.08198128 127.6532 
  -0.1688231 126.3862 
  -0.123889 125.1317 
  -0.1933353 123.8897 
  0.4788757 122.0498 
  0.537519 120.8384 
  0.8576646 119.639 
  0.8328478 118.4515 
  0.5128093 119.0438 
  0.1569569 119.639 
  -0.1113376 120.8384 
  0.04354675 122.0498 
  0.04640806 123.2734 
  0.1188193 124.5092 
  0.2239824 125.7574 
  0.2230946 126.3862 
  0.2878564 127.0181 
  0.26417 127.6532 
  0.2743439 128.9329 
  0.6553072 130.2255 
  0.2871779 131.531 
  0.03588797 132.8496 
  0.03571863 134.1814 
  -0.4002385 135.5266 
  0.002970593 136.8852 
  -0.005735422 137.5696 
  0.7592872 136.2042 
  0.8582199 135.5266 
  0.9466201 134.8523 
  0.9366279 134.1814 
  0.9300497 133.5138 
  0.8640572 132.1886 
  0.9094243 129.5776 
  0.9287639 127.0181 
  0.9165901 125.1317 
  0.9432451 122.6601 
  0.9479571 120.2372 
  0.9182894 117.8622 
  0.9019944 115.5342 
  0.8355352 113.2521 
  0.7879829 109.9132 
  0.8782584 107.2061 
  0.9769125 106.142 
  0.9842889 105.0885 
  0.8798431 103.5278 
  0.841231 101.9903 
  0.9519874 100.4756 
  0.8498718 98.491 
  0.7341794 96.06523 
  0.7324163 93.6992 
  0.4188908 92.30766 
  -0.1723886 92.30766 
  0.02828159 92.30766 
  0.3981572 92.30766 
  0.3427653 92.30766 
  0.3254845 92.30766 
  0.221039 92.30766 
  0.4899839 92.30766 
  0.4699375 92.30766 
  0.1872551 92.30766 
  0.2149975 92.30766 
  0.0311571 92.30766 
  0.2000186 92.30766 ]
