 [
  0.0527388 146.7849 
  -0.00743665 146.7849 
  -0.2403443 146.7849 
  -0.2223515 146.7849 
  -0.3229999 146.7849 
  -0.0002464931 146.7849 
  0.04073696 146.7849 
  0.01132327 146.7849 
  0.0930978 146.7849 
  0.01675109 146.7849 
  0.1317004 146.7849 
  -0.03149741 146.7849 
  -0.004325027 146.7849 
  -0.2815299 146.7849 
  0.6652601 146.7849 
  0.5104628 143.8855 
  0.01766486 136.8852 
  0.3376412 130.2255 
  0.7055436 127.0181 
  0.5779588 127.0181 
  0.3762106 127.6532 
  0.3224185 128.9329 
  0.2300931 130.8766 
  0.284906 133.5138 
  0.5156821 136.2042 
  0.6692648 138.9488 
  0.7970906 141.7487 
  0.7910275 137.5696 
  0.8574432 139.6435 
  0.930024 139.6435 
  0.9360554 138.9488 
  0.9701058 138.2575 
  0.955157 139.6435 
  0.9707606 140.3417 
  0.9931382 141.0434 
  0.9937783 141.0434 
  0.987478 141.0434 
  0.9694963 140.3417 
  0.9665529 141.0434 
  0.9592851 141.0434 
  0.9751793 141.7487 
  0.9411097 141.7487 
  0.9344522 141.7487 
  0.9595871 143.1697 
  0.9285486 143.8855 
  0.8679731 143.8855 
  0.7807916 144.605 
  0.6301694 141.7487 
  0.02737876 142.4574 
  0.5106779 143.8855 
  0.7666569 144.605 
  0.8498883 146.7849 
  0.8993967 147.5188 
  0.9794393 148.9977 
  0.9761317 149.7427 
  0.9899574 148.9977 
  0.9918548 148.9977 
  0.9932905 148.2564 
  0.9922947 147.5188 
  0.9711207 146.0546 
  0.9759239 143.8855 
  0.971234 141.7487 
  0.9746524 140.3417 
  0.9860829 138.9488 
  0.9889699 138.2575 
  0.9739684 137.5696 
  0.9234875 135.5266 
  0.9362739 133.5138 
  0.9698787 132.1886 
  0.9257415 130.2255 
  0.8993098 127.6532 
  0.9497074 125.1317 
  0.9390893 123.2734 
  0.8947659 122.6601 
  0.5950193 123.8897 
  0.1834081 126.3862 
  -0.06902577 128.9329 
  -0.2130834 131.531 
  -0.1861492 134.8523 
  -0.01793293 137.5696 
  -0.02471006 140.3417 
  -0.06248124 143.1697 
  -0.09657842 146.0546 
  -0.0428358 148.9977 
  0.0700562 152.0001 
  0.07004762 155.063 
  0.01059868 158.1876 
  -0.1122086 161.3751 
  0.1385172 164.6269 
  0.7289879 167.9442 
  0.6685796 162.182 
  0.8210458 156.6175 
  0.9080762 152.0001 
  0.9179107 149.7427 
  0.9702457 147.5188 
  0.9846381 146.0546 
  0.9910774 145.328 
  0.9877158 145.328 
  0.9748291 144.605 
  0.9230515 143.8855 
  0.889688 141.7487 
  0.8221904 137.5696 
  0.7761109 137.5696 
  0.8026041 138.9488 
  0.8484718 140.3417 
  0.7020953 141.7487 
  0.2389109 143.1697 
  0.6109511 144.605 
  0.8869522 145.328 
  0.961558 145.328 
  0.9807994 144.605 
  0.9827734 143.8855 
  0.9718269 142.4574 
  0.9653054 141.7487 
  0.9620253 141.0434 
  0.9463689 140.3417 
  0.9249639 141.0434 
  0.8955611 142.4574 
  0.9109948 143.1697 
  0.909879 143.1697 
  0.8619717 142.4574 
  0.8541554 141.7487 
  0.846689 140.3417 
  0.915482 141.0434 
  0.9550424 140.3417 
  0.9751588 138.9488 
  0.9849813 138.9488 
  0.9970233 138.9488 
  0.9947646 138.9488 
  0.9871056 138.9488 
  0.941245 138.2575 
  0.8596523 136.8852 
  0.4257928 135.5266 
  0.358631 134.8523 
  0.6982902 134.1814 
  0.6959133 133.5138 
  0.8218338 133.5138 
  0.8308052 133.5138 
  0.8352495 132.8496 
  0.7909907 130.2255 
  0.8891776 129.5776 
  0.9082168 128.9329 
  0.8916939 127.0181 
  0.9358158 125.1317 
  0.8772555 123.2734 
  0.8605548 120.8384 
  0.7045494 120.2372 
  0.9437414 121.4426 
  0.9944072 122.0498 
  0.9916524 122.6601 
  0.9832827 123.2734 
  0.9561481 123.8897 
  0.9149126 124.5092 
  0.9620734 125.7574 
  0.9699069 127.0181 
  0.9721233 128.2915 
  0.9694737 129.5776 
  0.9641106 130.8766 
  0.9504799 132.1886 
  0.9302205 132.8496 
  0.9037049 133.5138 
  0.8970957 134.1814 
  0.9310043 134.1814 
  0.9449911 133.5138 
  0.9551115 132.1886 
  0.9655293 130.8766 
  0.9651841 129.5776 
  0.982509 128.9329 
  0.8797318 128.9329 
  0.8149771 128.9329 
  0.8654748 128.2915 
  0.9480492 128.9329 
  0.9763029 128.2915 
  0.9803881 128.2915 
  0.974623 127.6532 
  0.9636993 127.0181 
  0.9713587 126.3862 
  0.980318 126.3862 
  0.9818273 125.7574 
  0.9715395 125.1317 
  0.9875422 124.5092 
  0.9914045 123.8897 
  0.9284071 122.6601 
  0.8699924 121.4426 
  0.9381307 119.639 
  0.9209365 120.2372 
  0.9843724 121.4426 
  0.988246 121.4426 
  0.9941716 121.4426 
  0.9855069 120.8384 
  0.9796971 120.2372 
  0.9817023 119.639 
  0.9911317 119.0438 
  0.9888648 119.0438 
  0.9641285 118.4515 
  0.939753 118.4515 
  0.907921 119.0438 
  0.9750384 120.2372 
  0.8943831 122.0498 
  0.7310852 123.8897 
  0.4148179 125.7574 
  0.01158262 127.6532 
  -0.08116824 129.5776 
  0.06099541 131.531 
  0.137458 133.5138 
  -0.08236949 135.5266 
  0.032864 137.5696 
  -0.0308358 138.9488 
  0.0168407 140.3417 
  0.6292917 141.7487 
  0.7066699 140.3417 
  0.8767961 138.9488 
  0.9374462 136.2042 
  0.8941525 134.1814 
  0.8393865 132.8496 
  0.4127173 131.531 
  0.1596896 130.2255 
  -0.01707651 128.9329 
  0.1444447 127.6532 
  -0.009525683 126.3862 
  0.06257766 125.1317 
  0.199355 123.8897 
  0.1610328 122.6601 
  -0.00633822 121.4426 
  0.04924466 120.2372 
  -0.03123446 119.0438 
  -0.1129866 117.8622 
  0.09767133 116.6924 
  0.06202086 115.5342 
  0.1933676 114.3874 
  0.3897848 112.6886 
  0.3378468 111.5702 
  0.3727548 110.4628 
  -0.02654888 108.8223 
  0.3614541 107.2061 
  0.32019 106.142 
  0.2354896 105.0885 
  -0.2087803 104.0455 
  0.2202997 103.0128 
  0.2218686 101.9903 
  0.2610115 105.614 
  0.429774 105.0885 
  0.3846732 103.5278 
  0.2612595 103.0128 
  0.6014541 100.4756 
  0.1495575 96.54556 
  0.2863345 91.39146 
  0.6190135 89.58624 
  0.5755543 89.14054 
  0.6306728 88.25578 
  -0.2365519 86.51251 
  -0.6414669 84.38177 
  -0.008333229 82.3035 
  0.0591328 80.27641 
  0.1007824 78.69076 
  0.1222006 76.75266 
  0.7685063 74.86229 
  0.6149693 73.38358 
  0.6095555 72.6552 
  0.6734828 71.57619 
  -0.09248871 71.57619 
  -0.4762734 71.57619 
  -0.1991768 71.57619 
  0.0413187 71.57619 
  -0.04290525 71.57619 
  -0.4061297 71.57619 
  0.01913159 71.57619 
  0.03099051 71.57619 
  0.01817614 71.57619 
  0.03934106 71.57619 
  -0.04484144 71.57619 
  -0.1820477 71.57619 
  0.1676458 71.57619 ]
