 [
  -0.004899426 98.98344 
  -0.09307097 98.98344 
  -0.09330502 98.98344 
  -0.4333595 98.98344 
  -0.3747961 98.98344 
  0.2264054 98.98344 
  -0.115536 98.98344 
  0.1603469 98.98344 
  0.2637377 98.98344 
  -0.1496099 98.98344 
  -0.06790917 98.98344 
  -0.1521386 98.98344 
  0.08256198 98.98344 
  0.1279275 99.47836 
  0.06448667 100.4756 
  0.7507262 101.9903 
  0.8342115 103.5278 
  0.8798749 104.0455 
  0.8480877 103.5278 
  0.8627286 102.5003 
  0.9517627 102.5003 
  0.9557852 102.5003 
  0.8257834 103.0128 
  0.4802573 104.0455 
  0.001016303 105.0885 
  -0.1352102 106.6728 
  -0.03750875 108.2809 
  0.08431324 109.9132 
  0.03394092 111.5702 
  -0.03440539 113.8184 
  0.445712 115.5342 
  0.7381075 113.2521 
  0.5584934 116.6924 
  0.6139346 119.0438 
  0.8406813 122.0498 
  0.832112 123.8897 
  0.7808983 126.3862 
  0.765488 127.6532 
  0.7117627 125.7574 
  0.1577926 124.5092 
  -0.006768989 123.2734 
  -0.05208549 121.4426 
  0.1430688 119.639 
  0.04703464 117.8622 
  0.2087244 116.6924 
  0.1107425 115.5342 
  0.06944137 114.3874 
  -0.1566433 113.2521 
  -0.1479175 112.128 
  0.07755789 111.0151 
  0.09503356 109.9132 
  0.4508909 111.5702 
  0.7821504 111.0151 
  0.9523683 109.3664 
  0.9477209 108.2809 
  0.893311 108.2809 
  0.6054564 107.7421 
  -0.008804961 107.7421 
  -0.05271655 107.7421 
  -0.1761625 107.7421 
  -0.03040086 108.2809 
  -0.1149516 108.8223 
  0.01031464 109.9132 
  0.1651241 111.0151 
  0.1824177 111.5702 
  0.1899548 112.128 
  0.2714422 112.6886 
  0.1610271 113.8184 
  0.7468469 116.1118 
  0.938362 116.1118 
  0.7408942 115.5342 
  0.6852621 114.3874 
  0.4357704 111.5702 
  0.09981312 111.5702 
  0.1276024 111.5702 
  0.2281329 111.5702 
  0.06353837 111.5702 
  -0.01362355 111.5702 
  0.4646443 112.128 
  0.3410755 104.0455 
  0.4775816 104.5657 
  0.7310201 105.0885 
  0.6049849 106.142 
  0.006258489 107.2061 
  -0.5321636 108.2809 
  -0.3323371 109.3664 
  0.1638857 110.4628 
  0.104962 111.5702 
  0.218644 112.6886 
  0.07298666 114.3874 
  0.02538084 116.1118 
  0.03874443 117.8622 
  0.2216562 119.639 
  0.1054226 121.4426 
  0.8045408 120.2372 
  0.8704736 118.4515 
  0.7198817 116.1118 
  0.8646269 114.9594 
  0.967214 114.9594 
  0.9269271 115.5342 
  0.8916587 116.1118 
  0.9380794 117.2759 
  0.9081666 117.2759 
  0.9419958 118.4515 
  0.9256734 117.8622 
  0.8559539 115.5342 
  0.7393519 113.8184 
  0.3731315 112.6886 
  0.247021 109.3664 
  0.7800089 106.6728 
  0.568347 102.5003 
  0.6413364 99.97575 
  0.8803033 98.00098 
  0.9264664 96.06523 
  0.943524 94.63854 
  0.9444119 93.6992 
  0.9626787 92.30766 
  0.9133865 91.84841 
  0.8246151 90.93677 
  0.5105116 90.93677 
  0.1046149 91.39146 
  -0.09667222 91.84841 
  0.06238212 92.30766 
  0.1663714 92.7692 
  0.4028383 93.23304 
  0.3957362 93.6992 
  0.2488342 93.6992 
  0.114916 93.6992 
  0.2439831 93.6992 
  0.1477705 93.6992 
  -0.1906562 93.6992 
  -0.1683124 93.6992 
  0.08189303 93.6992 
  0.1769218 93.6992 
  -0.008257747 93.6992 
  0.2519358 93.6992 
  0.6216649 94.63854 
  0.7346774 96.06523 
  0.9605968 97.02828 
  0.9712858 97.02828 
  0.9578564 96.06523 
  0.9307534 95.11173 
  0.8812281 94.1677 
  0.6482336 94.1677 
  0.1820481 94.63854 
  0.02890856 95.5873 
  0.234475 96.54556 
  -0.04868969 97.51342 
  -0.04861804 98.98344 
  0.05733808 99.97575 
  0.2345183 100.978 
  0.227815 101.4829 
  0.07078706 102.5003 
  -0.02388664 103.5278 
  0.02748366 104.5657 
  0.7074504 106.142 
  0.2025608 98.00098 
  0.4903434 98.00098 
  0.8958765 98.00098 
  0.9514073 97.02828 
  0.9447468 97.02828 
  0.9103225 95.5873 
  0.9900211 94.63854 
  0.9762316 94.63854 
  0.8142398 93.6992 
  0.6601128 92.7692 
  -0.04807425 93.23304 
  0.5092638 97.02828 
  0.5442747 93.23304 
  0.753355 92.7692 
  0.983572 92.30766 
  0.9513513 91.84841 
  0.9447538 91.39146 
  0.8745417 90.93677 
  0.7497598 90.48434 
  0.07933518 90.93677 
  0.4706323 91.84841 
  0.07787789 92.7692 
  0.3344772 94.1677 
  0.5187569 95.11173 
  0.5781373 96.06523 
  0.3184636 96.54556 
  0.185364 96.54556 
  0.131035 96.54556 
  -0.05288839 96.54556 
  0.1157397 97.02828 
  0.1011816 99.47836 
  0.802658 102.5003 
  0.5577844 97.02828 
  0.752341 95.5873 
  0.8741934 94.1677 
  0.952144 93.23304 
  0.9680225 93.23304 
  0.9348189 93.23304 
  0.8725889 92.7692 
  0.7745463 92.30766 
  0.6231745 91.84841 
  0.1325248 88.69706 
  0.4581971 87.8167 
  0.1266701 86.94508 
  0.6087722 90.03418 
  0.8234136 89.14054 
  0.8148094 87.8167 
  0.814231 86.51251 
  0.8707216 85.65383 
  0.945549 84.80367 
  0.9458642 85.65383 
  0.9140014 86.51251 
  0.8151296 89.14054 
  0.8057598 91.84841 
  0.9179596 92.7692 
  0.9186997 92.7692 
  0.9112112 91.84841 
  0.9631125 91.39146 
  0.9838676 90.93677 
  0.9595623 90.93677 
  0.9314691 91.39146 
  0.9351759 92.30766 
  0.9516764 92.7692 
  0.9606202 93.6992 
  0.9591903 94.1677 
  0.922113 94.63854 
  0.8861597 95.11173 
  0.8258353 95.5873 
  0.9024847 95.5873 
  0.8745688 95.5873 
  0.8786122 95.5873 
  0.9435498 95.5873 
  0.9369297 95.5873 
  0.890486 95.5873 
  0.7716112 95.5873 
  0.5798944 95.5873 
  0.3965178 95.5873 
  0.2033596 95.5873 
  -0.08023527 95.5873 
  -0.2657446 95.5873 
  0.2001579 95.5873 
  0.02886023 95.5873 
  -0.02434736 95.5873 
  -0.04319391 95.5873 
  -0.02601089 95.5873 
  -0.1998344 95.5873 
  -0.3071617 95.5873 ]
