 [
  -0.1979272 205.0254 
  -0.4149539 205.0254 
  -0.3613802 205.0254 
  -0.3770165 205.0254 
  -0.04353652 205.0254 
  0.2915452 205.0254 
  0.7935761 205.0254 
  0.9281738 205.0254 
  0.8675965 205.0254 
  0.7832228 205.0254 
  0.6264678 205.0254 
  0.4678291 205.0254 
  0.436837 205.0254 
  -0.03626538 205.0254 
  -0.1635031 205.0254 
  0.2904083 205.0254 
  0.5665974 205.0254 
  0.6880863 209.1568 
  0.7544848 205.0254 
  0.7562571 202.9904 
  0.9123926 200.9756 
  0.9743496 200.9756 
  0.9636404 204.0054 
  0.9471859 207.0808 
  0.9675791 210.2025 
  0.9581469 213.3714 
  0.9449009 217.6709 
  0.9602641 220.9523 
  0.9795732 223.1673 
  0.9019299 222.057 
  0.8557956 219.853 
  0.7236086 214.4382 
  0.5570503 145.328 
  0.6704717 105.0885 
  0.8359092 101.4829 
  0.6860847 98.491 
  0.5683674 94.63854 
  0.8050665 91.84841 
  0.9529053 90.93677 
  0.8998232 90.93677 
  0.829231 91.39146 
  0.6921581 92.30766 
  -0.2119985 98.98344 
  -0.07943213 106.142 
  0.0454837 113.8184 
  0.1479525 122.0498 
  0.02695514 130.8766 
  -0.2955168 140.3417 
  -0.01512181 150.4914 
  -0.02918988 161.3751 
  0.02200329 173.046 
  -0.2431618 185.5609 
  0.07066294 198.9809 
  0.5915792 213.3714 
  0.8046018 212.3098 
  0.7559937 205.0254 
  0.6229245 192.1537 
  0.590998 184.6377 
  0.6033275 179.1942 
  0.4634217 175.6547 
  0.3018646 178.3027 
  0.03862641 181.8956 
  -0.6534101 175.6547 
  0.2685766 172.185 
  0.2962195 168.784 
  -0.3018023 165.4501 
  0.09664974 162.182 
  0.04335967 158.9785 
  0.1439467 156.6175 
  0.1368913 153.5239 
  -0.09818514 150.4914 
  -0.04606462 147.5188 
  -0.3812417 144.605 
  -0.06702368 141.7487 
  0.07244153 138.9488 
  0.1397244 136.2042 
  -0.03571075 132.8496 
  0.02599128 129.5776 
  0.6242521 126.3862 
  0.568661 118.4515 
  0.7816236 116.1118 
  0.9104277 115.5342 
  0.8769124 113.8184 
  0.7784007 111.5702 
  0.8671073 109.3664 
  0.9427679 107.7421 
  0.9836947 107.2061 
  0.9822245 107.2061 
  0.9844018 106.6728 
  0.9775571 106.142 
  0.9675609 105.614 
  0.9164469 105.0885 
  0.8330199 103.5278 
  0.8539736 101.9903 
  0.9256991 100.4756 
  0.9694754 99.97575 
  0.9390246 99.47836 
  0.9148672 98.491 
  0.9046618 97.51342 
  0.8650681 96.54556 
  0.902809 95.11173 
  0.9169583 94.1677 
  0.899857 93.23304 
  0.853759 92.30766 
  0.8549154 91.84841 
  0.8507789 90.93677 
  0.7941726 90.03418 
  0.6838515 90.03418 
  0.8435735 89.58624 
  0.8724146 88.69706 
  0.9591751 88.25578 
  0.9568055 88.25578 
  0.9560242 88.69706 
  0.9587375 89.58624 
  0.9683913 90.48434 
  0.9785002 90.93677 
  0.9664078 90.93677 
  0.9182158 90.48434 
  0.8730848 88.69706 
  0.929358 88.25578 
  0.9203478 87.3798 
  0.9154537 86.51251 
  0.8342583 85.2277 
  0.7961326 83.54424 
  0.8912337 81.89403 
  0.9516635 81.08118 
  0.9649845 80.27641 
  0.978309 79.47963 
  0.9151269 79.47963 
  0.7867757 79.47963 
  0.6236963 80.6778 
  0.3602055 83.54424 
  0.308425 87.8167 
  -0.1360076 92.7692 
  -0.3444488 98.491 
  -0.3163639 104.5657 
  -0.3351617 111.0151 
  -0.4423534 117.8622 
  0.06457274 125.1317 
  0.6235198 130.8766 
  0.303492 134.8523 
  0.2534537 141.7487 
  0.749107 146.0546 
  0.8342283 147.5188 
  0.6873016 149.7427 
  0.2723631 152.7601 
  0.3213046 156.6175 
  -0.82811 160.5723 
  0.185848 164.6269 
  0.4050333 168.784 
  -0.4446418 173.046 
  0.7537639 176.533 
  0.8387473 183.7191 
  0.861937 193.1145 
  0.9730595 197.9909 
  0.9940838 201.9805 
  0.9942099 204.0054 
  0.9978755 206.0505 
  1.000464 206.0505 
  0.9999297 206.0505 
  0.9968254 205.0254 
  0.9921184 202.9904 
  0.9792308 198.9809 
  0.9200445 193.1145 
  0.8487668 182.8051 
  0.8080962 174.7808 
  0.6580192 168.784 
  0.564211 158.1876 
  0.8616398 151.2439 
  0.7879595 148.2564 
  0.6599616 196.0257 
  0.3458953 295.0734 
  0.5767973 310.1635 
  0.4093987 319.5855 
  0.5985183 314.8393 
  0.5645086 308.6204 
  0.6208794 302.5244 
  0.6774189 289.245 
  0.560056 279.3209 
  0.3266212 259.1866 
  0.3786151 246.5766 
  0.2759061 238.1164 
  0.2933271 232.2518 
  0.5135022 228.8026 
  0.3750802 226.5316 
  0.007332056 227.6642 
  -0.02526826 227.6642 
  -0.1249608 226.5316 
  0.09678373 225.4046 
  -0.06021118 224.2832 
  -0.08693965 223.1673 
  -0.1192601 222.057 
  -0.1855505 220.9523 
  -0.05363253 219.853 
  0.06477005 218.7592 
  -0.01229744 217.6709 
  -0.09781399 216.5879 
  0.05480216 215.5104 
  0.2308822 214.4382 
  0.2851939 213.3714 
  0.01191049 212.3098 
  -0.1859919 211.2535 
  -0.0367052 210.2025 
  0.1072528 209.1568 
  0.3966421 208.1162 
  0.202713 207.0808 
  0.3361395 205.0254 
  0.2220751 202.9904 
  0.3491265 200.9756 
  0.3658974 198.9809 
  -0.138832 197.0059 
  0.217412 195.0505 
  0.4289369 193.1145 
  0.6676551 191.1978 
  0.7776423 187.4211 
  0.9569151 183.7191 
  0.940737 181.8956 
  0.8959448 181.8956 
  0.8544245 182.8051 
  0.6488298 184.6377 
  -0.1342823 186.4887 
  0.1681306 188.3582 
  0.1586977 190.2465 
  -0.02913433 192.1537 
  0.06667348 194.0801 
  0.07071266 196.0257 
  0.2834431 198.9809 
  0.3976895 201.9805 
  0.608714 205.0254 
  0.8753711 207.0808 
  0.8867543 206.0505 
  0.7850518 200.9756 
  0.7385617 192.1537 
  0.7776945 187.4211 
  0.7601244 184.6377 
  0.7502357 181.8956 
  0.8129982 180.9906 
  0.8605866 180.0902 
  0.8925698 178.3027 
  0.8838288 174.7808 
  0.8137601 173.046 
  0.7164979 170.476 
  0.6413256 168.784 
  0.4466477 167.9442 
  0.6770128 166.2773 
  0.12736 165.4501 
  0.2688844 165.4501 
  0.5530229 165.4501 
  0.848872 164.6269 
  0.736555 162.182 
  0.6283077 159.7734 
  0.6132153 155.8383 
  0.2936411 151.2439 
  0.3276498 152.0001 
  0.2608469 152.0001 
  0.3493024 152.0001 
  0.3626382 152.0001 
  0.5566103 152.7601 
  0.3220841 154.2915 
  0.3832919 155.063 
  0.5841922 155.8383 
  0.6949912 156.6175 
  0.2888908 157.4006 
  0.1951413 158.9785 
  0.1323586 160.5723 
  -0.04918686 162.182 
  -0.128293 163.8079 
  -0.1419422 164.6269 
  -0.1742321 165.4501 
  -0.1611256 166.2773 
  0.2155713 167.1087 
  0.7248772 167.9442 
  0.8279129 168.784 
  0.5670041 162.182 
  0.2573599 157.4006 
  0.3380339 164.6269 
  0.2010001 160.5723 
  0.3012121 157.4006 
  0.607716 154.2915 
  0.6287782 151.2439 
  0.8091325 148.2564 
  0.6508838 146.7849 
  0.7764608 145.328 
  0.4301959 146.0546 
  0.4698682 136.2042 
  0.3581836 138.2575 
  0.1820375 141.7487 
  0.1419533 146.7849 
  0.3000846 155.063 
  0.1295615 151.2439 
  0.2921858 149.7427 
  -0.008728098 150.4914 
  0.2816522 150.4914 
  0.554562 150.4914 
  0.217187 150.4914 
  0.01432462 150.4914 
  0.1393818 150.4914 
  -0.000457943 150.4914 
  -0.2081835 150.4914 
  0.008427758 150.4914 
  0.03331494 150.4914 
  0.2079891 150.4914 
  0.09227584 150.4914 
  0.1990092 149.7427 
  0.4567574 148.9977 
  0.1378635 148.9977 
  -0.01884023 148.2564 
  0.0506091 148.2564 
  0.02513767 148.2564 
  0.1384698 148.2564 
  0.05371701 148.2564 
  0.2671433 148.2564 
  0.2508401 148.2564 
  0.01614584 148.2564 
  -0.01887023 148.2564 
  0.1985717 148.2564 
  -0.01058995 148.2564 
  -0.06416069 148.2564 
  -0.1303509 148.2564 
  -0.0415176 148.2564 
  -0.2653352 148.2564 
  -0.2214028 148.2564 
  -0.3303983 148.2564 
  -0.1062258 148.2564 
  -0.08910592 148.2564 
  -0.05902351 148.2564 
  0.1238757 148.2564 
  0.1730417 148.2564 
  -0.1331405 148.2564 
  -0.2275126 148.2564 
  0.05961279 148.2564 
  0.1575725 148.2564 
  0.3319165 148.2564 
  0.08674707 148.2564 
  -0.2325124 148.2564 
  -0.3087252 148.2564 
  -0.230895 148.2564 
  0.06863567 148.2564 
  0.05507543 148.2564 
  0.132255 148.2564 ]
