 [
  0.1884398 132.1886 
  -0.1098608 132.1886 
  -0.1721917 132.1886 
  0.04879138 132.1886 
  -0.07209221 132.1886 
  0.01881265 132.1886 
  -0.03689017 132.1886 
  0.1346209 132.1886 
  0.1041385 132.1886 
  0.527656 132.1886 
  0.8554728 132.1886 
  -0.03984445 132.1886 
  0.7002254 132.1886 
  0.756027 140.3417 
  0.8003039 144.605 
  0.7886992 151.2439 
  0.8440022 155.063 
  0.9394076 157.4006 
  0.9623903 158.1876 
  0.7798964 155.8383 
  0.5672522 152.0001 
  0.2796685 136.8852 
  0.1892825 150.4914 
  0.1243773 156.6175 
  0.08654267 157.4006 
  0.6211911 157.4006 
  0.7445718 157.4006 
  0.1794363 157.4006 
  0.2396063 157.4006 
  0.1302347 157.4006 
  0.04240758 157.4006 
  -0.03210409 156.6175 
  -0.07906757 155.8383 
  0.1049408 155.063 
  0.4746298 153.5239 
  0.6898323 145.328 
  0.7473321 142.4574 
  0.8424684 137.5696 
  0.8864567 132.8496 
  0.9463699 128.2915 
  0.9619136 126.3862 
  0.9751888 125.1317 
  0.9763311 125.1317 
  0.9409068 127.0181 
  0.9395534 130.8766 
  0.8891835 134.8523 
  0.8697609 138.9488 
  0.9247057 141.7487 
  0.9523582 142.4574 
  0.9805318 143.1697 
  0.9721378 143.8855 
  0.9811441 145.328 
  0.9832835 146.7849 
  0.9846946 147.5188 
  0.9783198 147.5188 
  0.9401305 146.7849 
  0.9085829 145.328 
  0.8567186 143.1697 
  0.7536243 141.7487 
  0.3979333 141.0434 
  0.1634493 141.0434 
  0.3734805 141.0434 
  0.2426793 141.0434 
  -0.1087874 140.3417 
  0.06444042 139.6435 
  0.09068324 138.9488 
  0.05502053 138.2575 
  0.1491227 137.5696 
  0.1483269 137.5696 
  0.2336042 137.5696 
  0.06340473 137.5696 
  0.6923299 137.5696 
  0.743939 137.5696 
  0.8157611 134.1814 
  0.9820035 130.8766 
  0.9898914 128.9329 
  0.9655389 127.6532 
  0.8611841 126.3862 
  0.6880223 124.5092 
  -0.09016819 122.6601 
  0.5599608 121.4426 
  0.1896484 120.2372 
  -0.04539998 119.639 
  0.4431367 119.0438 
  0.7942536 118.4515 
  0.8578315 117.2759 
  0.7964391 116.6924 
  0.3268423 117.8622 
  0.07999802 119.639 
  0.2783568 122.0498 
  0.5212461 124.5092 
  0.0377175 127.0181 
  0.02507976 129.5776 
  0.0515323 132.1886 
  0.2554073 133.5138 
  0.2463482 135.5266 
  0.1017275 137.5696 
  0.127724 141.0434 
  0.1465185 146.0546 
  0.7397171 151.2439 
  0.8434548 150.4914 
  0.9471819 149.7427 
  0.9604484 148.9977 
  0.9647497 147.5188 
  0.9853181 146.0546 
  0.9887909 146.0546 
  0.9854791 144.605 
  0.9873555 143.8855 
  0.9937395 143.8855 
  0.9842914 143.1697 
  0.9849093 142.4574 
  0.9864092 141.7487 
  0.983688 141.0434 
  0.9501491 140.3417 
  0.9249335 138.9488 
  0.9259623 138.2575 
  0.977702 137.5696 
  0.9840108 135.5266 
  0.9656339 132.8496 
  0.9166434 130.8766 
  0.8902663 127.6532 
  0.902339 125.7574 
  0.9549318 123.2734 
  0.9829061 122.0498 
  0.9868351 120.2372 
  0.9799759 119.0438 
  0.9856514 117.8622 
  0.9780862 115.5342 
  0.968456 113.8184 
  0.9421118 112.128 
  0.9386503 109.9132 
  0.9751068 108.8223 
  0.9636613 108.8223 
  0.9328921 108.2809 
  0.9498358 107.7421 
  0.9775777 107.2061 
  0.9845624 106.6728 
  0.9799942 107.2061 
  0.9724466 107.7421 
  0.9699231 107.7421 
  0.9642699 108.8223 
  0.9281249 109.3664 
  0.8166678 111.5702 
  0.5395929 115.5342 
  0.118451 120.2372 
  0.2270579 125.1317 
  0.2414246 130.2255 
  -0.1630015 135.5266 
  -0.1502936 141.0434 
  0.380228 146.0546 
  0.3556542 148.2564 
  0.2334998 151.2439 
  0.1119231 152.0001 
  -0.1108178 152.7601 
  -0.1108218 154.2915 
  -0.07260787 156.6175 
  0.09678473 158.1876 
  0.403924 160.5723 
  0.7184622 146.0546 
  0.8451965 145.328 
  0.9695094 144.605 
  0.9865837 143.8855 
  0.9918096 143.1697 
  0.9900076 141.7487 
  0.9891981 141.7487 
  0.9971396 141.0434 
  0.9963808 141.0434 
  0.9952501 141.0434 
  0.9957229 141.0434 
  0.9970324 140.3417 
  0.9962102 140.3417 
  0.9945226 140.3417 
  0.9922002 138.9488 
  0.9922187 138.2575 
  0.9904085 137.5696 
  0.9860939 136.2042 
  0.9701241 135.5266 
  0.9418994 133.5138 
  0.848935 132.1886 
  0.656761 131.531 
  0.2515903 130.8766 
  0.1905764 129.5776 
  0.1870206 128.2915 
  0.09334691 127.6532 
  0.1076669 127.6532 
  0.09149365 128.2915 
  0.07970197 129.5776 
  0.107674 130.8766 
  0.1559439 132.1886 
  0.09378849 132.8496 
  0.09112046 134.1814 
  0.02423544 134.8523 
  0.2578574 134.8523 
  0.1142175 134.8523 
  0.1320615 134.1814 
  0.6304361 133.5138 
  0.8138928 130.8766 
  0.9394926 128.9329 
  0.9485772 127.0181 
  0.9211942 124.5092 
  0.9473262 122.6601 
  0.946075 121.4426 
  0.9657953 119.639 
  0.9555606 118.4515 
  0.979645 117.2759 
  0.9791808 117.2759 
  0.9812593 117.2759 
  0.9832488 117.2759 
  0.9797292 117.8622 
  0.9806504 117.8622 
  0.8555622 116.6924 
  0.8047937 113.8184 
  0.6285848 112.6886 
  0.2714154 112.6886 
  0.05471416 113.2521 
  0.03377351 113.8184 
  0.03291953 114.3874 
  0.2231289 114.3874 
  0.3355359 114.3874 
  0.2007997 114.9594 
  0.07166173 115.5342 
  0.05835788 115.5342 
  -0.07794231 115.5342 
  -0.07381012 115.5342 
  -0.07233489 115.5342 
  0.02507809 115.5342 
  0.08990777 114.9594 
  0.5968122 113.2521 
  0.6763235 115.5342 
  0.8523358 116.6924 
  0.880599 116.1118 
  0.7942492 114.3874 
  0.5954933 113.2521 
  0.809842 113.2521 
  0.7266164 113.2521 
  0.6852739 113.8184 
  0.7177207 114.9594 
  0.6127303 116.6924 
  0.4366997 118.4515 
  0.3151606 120.8384 
  0.5267437 123.2734 
  0.8317184 123.2734 
  0.9369684 122.0498 
  0.9783222 120.8384 
  0.9932492 119.639 
  0.9887002 119.639 
  0.9778411 119.639 
  0.957629 119.0438 
  0.8834473 117.2759 
  0.8891754 114.9594 
  0.8870295 112.128 
  0.8716395 110.4628 
  0.954635 108.8223 
  0.9529068 108.2809 
  0.9119354 107.7421 
  0.886672 107.7421 
  0.8340744 107.7421 
  0.4841192 108.8223 
  0.2973571 111.0151 
  0.3776619 113.2521 
  0.1268254 115.5342 
  -0.00274642 117.8622 
  0.3123208 120.2372 
  0.7743384 122.6601 
  0.9162127 123.8897 
  0.9435897 124.5092 
  0.9684609 124.5092 
  0.9824815 125.1317 
  0.9091095 125.1317 
  0.8151308 124.5092 
  0.6709441 122.6601 
  0.615701 125.1317 
  0.8628957 128.9329 
  0.7030048 125.7574 
  0.8110314 123.8897 
  0.8944387 122.0498 
  0.8268477 119.0438 
  0.9045177 116.6924 
  0.9384764 114.9594 
  0.9787905 113.8184 
  0.9806588 113.2521 
  0.972826 112.6886 
  0.9543329 111.5702 
  0.93946 110.4628 
  0.7879305 109.3664 
  0.6781369 108.8223 
  0.06462848 111.0151 
  0.7471329 113.8184 
  0.559505 117.2759 
  0.2833892 120.8384 
  0.02767053 124.5092 
  -0.009033354 128.2915 
  0.5081522 130.8766 
  0.8165268 130.2255 
  0.9529433 129.5776 
  0.9939404 128.2915 
  0.9959266 128.9329 
  0.9960555 128.9329 
  0.986643 127.6532 
  0.9770235 125.7574 
  0.979672 125.1317 
  0.9454755 123.8897 
  0.8442639 121.4426 
  0.82902 116.1118 
  0.7941552 112.6886 
  0.7745126 109.9132 
  0.906202 107.7421 
  0.9771387 106.142 
  0.9531966 105.614 
  0.9508361 105.0885 
  0.9388076 104.0455 
  0.9493387 104.0455 
  0.8854022 103.0128 
  0.7733783 102.5003 
  0.7312855 101.4829 
  0.5539201 102.5003 
  0.5120442 103.5278 
  0.3515478 104.5657 
  0.3634039 105.614 
  0.5474862 106.142 
  0.4542918 106.142 
  0.4592348 106.142 
  0.1051134 106.142 
  -0.1171495 106.142 
  -0.01460059 106.142 
  0.1687171 106.142 ]
