 [
  0.1861694 105.0885 
  0.2648175 105.0885 
  0.1172965 105.0885 
  0.02379536 105.0885 
  0.3777608 105.0885 
  0.3620676 105.0885 
  0.1866202 105.0885 
  0.2110029 105.0885 
  0.136347 105.0885 
  -0.1701207 105.0885 
  0.1487824 105.0885 
  0.1341246 105.0885 
  -0.009279468 105.0885 
  0.01290265 105.0885 
  0.04309686 105.0885 
  0.1054286 105.0885 
  0.1213136 105.0885 
  0.2691857 105.0885 
  -0.1789573 105.0885 
  -0.2715921 105.0885 
  -0.1703207 105.0885 
  -0.05230286 105.0885 
  -0.3234788 105.0885 
  0.1337827 104.5657 
  0.7220813 106.6728 
  0.5608185 117.8622 
  0.8614501 116.6924 
  0.9663259 116.6924 
  0.972599 117.8622 
  0.9814795 118.4515 
  0.9885718 118.4515 
  0.9641997 117.8622 
  0.9628441 117.2759 
  0.9676843 117.2759 
  0.9507817 117.2759 
  0.880006 117.2759 
  0.6888958 114.9594 
  0.6070244 111.0151 
  0.7941871 108.2809 
  0.8829195 107.2061 
  0.8028381 107.2061 
  0.8279899 108.2809 
  0.8373904 107.7421 
  0.7841002 108.8223 
  0.7295304 107.7421 
  0.6772923 107.2061 
  0.731334 107.2061 
  0.9575796 108.8223 
  0.419358 109.9132 
  -0.3073082 117.8622 
  0.2015577 127.6532 
  0.629365 130.8766 
  0.4075205 132.8496 
  0.3099419 131.531 
  0.5303796 130.8766 
  0.2564805 131.531 
  0.4710268 130.2255 
  0.6721631 127.0181 
  0.7960913 123.2734 
  0.9308652 123.2734 
  0.8841267 126.3862 
  0.8598115 130.2255 
  0.7939045 136.2042 
  0.8728912 141.0434 
  0.9439245 145.328 
  0.9777378 146.7849 
  0.9772102 146.7849 
  0.9502398 145.328 
  0.8518745 144.605 
  0.3255027 141.7487 
  0.5481271 142.4574 
  0.4500311 143.1697 
  0.0865653 143.8855 
  0.1964193 144.605 
  0.15849 145.328 
  0.07701308 146.0546 
  0.0944287 146.7849 
  0.2662638 147.5188 
  0.2276071 148.2564 
  -0.01921466 149.7427 
  0.4476299 148.9977 
  0.6760691 147.5188 
  0.9078975 145.328 
  0.8776652 143.8855 
  0.8195525 141.7487 
  0.8470587 141.0434 
  0.8529773 140.3417 
  0.8789724 138.2575 
  0.5948777 133.5138 
  0.2929368 128.2915 
  0.335684 125.1317 
  -0.302934 123.2734 
  0.329375 122.0498 
  0.1225668 120.2372 
  0.03439419 118.4515 
  0.6988583 116.6924 
  0.8673719 115.5342 
  0.9249854 114.3874 
  0.929862 112.6886 
  0.969659 110.4628 
  0.9257693 108.2809 
  0.9206732 105.614 
  0.7203397 102.5003 
  0.7958138 98.98344 
  0.5085596 96.06523 
  0.605612 95.5873 
  0.6668485 98.491 
  0.5280918 103.5278 
  0.5329221 108.2809 
  0.7878233 111.5702 
  0.5683626 117.2759 
  0.7062769 121.4426 
  0.8953667 123.2734 
  0.9582012 125.1317 
  0.8889083 126.3862 
  0.8998005 128.9329 
  0.9801327 130.8766 
  0.9922154 131.531 
  0.98905 132.1886 
  0.9884745 132.8496 
  0.9920991 132.8496 
  0.9915136 132.8496 
  0.9926874 133.5138 
  0.9933028 133.5138 
  0.9938356 132.8496 
  0.983792 133.5138 
  0.9716771 133.5138 
  0.9235281 134.1814 
  0.8650908 132.8496 
  0.820132 131.531 
  0.456827 129.5776 
  -0.1240647 127.0181 
  0.2599939 124.5092 
  0.01333038 122.6601 
  0.3172885 122.0498 
  0.4824799 121.4426 
  0.35688 121.4426 
  -0.0909438 121.4426 
  -0.5250151 121.4426 
  0.4723011 122.0498 
  0.6548376 123.8897 
  0.7924235 124.5092 
  0.7754606 121.4426 
  0.9379436 120.2372 
  0.9094602 121.4426 
  0.9241729 123.8897 
  0.9663103 126.3862 
  0.9717141 127.0181 
  0.9760473 126.3862 
  0.9828863 125.7574 
  0.9760794 125.1317 
  0.9729413 123.8897 
  0.9480027 123.8897 
  0.9287807 123.2734 
  0.9521881 123.2734 
  0.9620844 123.2734 
  0.9428868 122.0498 
  0.888032 120.8384 
  0.626673 119.0438 
  0.1970788 114.9594 
  0.4543785 114.3874 
  0.152142 114.3874 
  -0.08608785 114.9594 
  0.1051378 116.1118 
  -0.4845505 117.2759 
  -0.4481318 118.4515 
  -0.0726667 119.639 
  -0.05159001 120.8384 
  -0.1423406 122.0498 
  0.08182195 123.2734 
  0.1203303 124.5092 
  0.1356067 125.7574 
  -0.1940047 127.0181 
  0.04739949 128.9329 
  -0.276826 130.8766 
  -0.1444892 132.8496 
  -0.177846 134.8523 
  -0.164194 136.2042 
  0.6558205 136.8852 
  0.4296813 128.2915 
  0.7044941 127.6532 
  0.8055757 125.7574 
  0.7174685 123.2734 
  0.7051091 119.0438 
  0.325016 114.3874 
  0.3510397 108.2809 
  0.5444325 105.0885 
  0.2532279 102.5003 
  0.3447577 96.06523 
  0.2885499 106.6728 
  0.6335421 105.614 
  0.6307737 107.7421 
  0.06584452 109.9132 
  0.08357526 112.6886 
  0.2304323 114.3874 
  0.41157 116.1118 
  0.2576181 117.8622 
  0.7357247 119.639 
  0.3085898 121.4426 
  -0.004160767 123.2734 
  -0.03728634 125.7574 
  0.08577421 128.2915 
  0.1377412 130.8766 
  -0.05245892 132.8496 
  -0.003669906 135.5266 
  0.04630096 138.2575 
  0.152883 141.0434 
  -0.08409166 143.8855 
  -0.1374433 146.7849 
  -0.2480477 149.7427 
  0.4740456 150.4914 
  0.6648782 145.328 
  0.8288118 143.1697 
  0.9660123 141.7487 
  0.8529439 139.6435 
  0.796466 136.8852 
  0.7575617 134.1814 
  0.7384976 132.1886 
  0.7452202 132.1886 
  0.7187191 130.8766 
  0.4120695 128.2915 
  -0.03102809 128.9329 
  0.1882638 130.2255 
  0.05069159 131.531 
  -0.01984577 132.8496 
  -0.07695233 134.1814 
  0.6933059 134.8523 
  0.6766855 131.531 
  0.6766722 128.9329 
  0.8139446 124.5092 
  0.9291323 120.2372 
  0.9481652 118.4515 
  0.9297153 118.4515 
  0.932496 118.4515 
  0.8809396 116.6924 
  0.8563333 113.2521 
  0.5131127 110.4628 
  0.05247589 111.0151 
  -0.3322411 116.1118 
  0.06974699 119.0438 
  0.2549605 117.2759 
  0.6857482 118.4515 
  0.9707725 120.2372 
  0.9822861 120.8384 
  0.9736778 122.0498 
  0.947428 124.5092 
  0.9602642 127.0181 
  0.9687131 128.9329 
  0.8967971 130.2255 
  0.8152546 131.531 
  0.8039253 134.8523 
  0.9288753 138.9488 
  0.9592569 141.7487 
  0.9351817 142.4574 
  0.8230758 141.0434 
  0.5661313 141.0434 
  0.574674 141.7487 
  0.8087954 141.7487 
  0.8813812 139.6435 
  0.9819285 138.9488 
  0.9906377 139.6435 
  0.9798764 140.3417 
  0.9501304 141.0434 
  0.8715782 140.3417 
  0.7339923 136.8852 
  0.2093466 136.8852 
  0.09596576 138.2575 
  -0.2182012 139.6435 
  -0.1299559 141.0434 
  -0.1917281 143.1697 
  -0.001482584 145.328 
  -0.2144299 147.5188 
  -0.2145845 149.7427 
  -0.1042812 151.2439 
  0.1028861 153.5239 
  0.4130802 152.7601 
  0.7076259 156.6175 
  0.88964 155.063 
  0.8183481 152.7601 
  0.8894905 148.2564 
  0.9627903 146.0546 
  0.9174335 143.8855 
  0.9000715 141.7487 
  0.8197289 138.9488 
  0.8122461 135.5266 
  0.9407529 132.8496 
  0.9587026 131.531 
  0.9156431 130.2255 
  0.7774422 127.6532 
  0.5920779 126.3862 
  0.7006423 123.8897 
  0.8969854 123.8897 
  0.9195942 123.2734 
  0.8583494 121.4426 
  0.744295 119.639 
  0.6743496 117.2759 
  0.6936196 112.6886 
  0.7382452 109.3664 
  0.7075278 106.6728 
  0.7475355 104.0455 
  0.8742692 102.5003 
  0.8025123 100.978 
  0.8601077 99.47836 
  0.7614345 97.51342 
  0.6145154 95.5873 
  0.7986883 93.6992 
  0.8792053 93.23304 
  0.6678179 95.5873 
  0.8618588 98.491 
  0.837268 99.47836 
  0.7557353 99.97575 
  0.3047556 101.4829 
  0.008360384 103.5278 
  0.01924599 105.614 
  0.02281107 107.7421 
  0.02827123 109.9132 
  0.05926323 111.5702 
  -0.04601119 113.2521 
  -0.04995666 114.9594 
  0.03865686 117.2759 
  0.1397656 119.0438 
  -0.0444881 121.4426 
  -0.1684531 123.2734 
  -0.3048823 125.1317 
  -0.07077587 127.0181 
  0.6496068 128.9329 
  0.5396318 123.2734 
  0.7789532 122.6601 
  0.7121112 123.2734 
  0.6847829 121.4426 
  0.7439985 120.2372 
  0.8873525 119.0438 
  0.9176319 118.4515 
  0.9411502 117.8622 
  0.9050297 117.8622 
  0.8886619 119.0438 
  0.8700922 119.639 
  0.8274073 119.639 
  0.7099148 119.0438 
  0.6233542 117.2759 
  0.5264826 115.5342 
  0.3321917 116.1118 
  0.1451066 117.8622 
  -0.03997633 119.0438 
  -0.02142799 120.2372 
  -0.226401 121.4426 
  -0.2928551 122.6601 
  -0.06484627 123.8897 
  -0.004566921 125.1317 
  0.1620964 126.3862 
  0.09638524 127.6532 
  0.07110927 128.9329 
  0.01702481 130.2255 
  0.5867263 131.531 
  0.7013471 128.9329 
  0.7824129 125.7574 
  0.8773763 122.6601 
  0.9451281 120.2372 
  0.9705357 119.0438 
  0.960324 119.0438 
  0.690491 117.2759 
  0.4176627 114.9594 
  0.5037426 110.4628 
  0.7890199 109.3664 
  0.9653348 109.3664 
  0.9691358 109.9132 
  0.9145625 111.0151 
  0.9079594 112.6886 
  0.9288257 114.9594 
  0.9336141 117.2759 
  0.9791096 119.0438 
  0.9878224 119.0438 
  0.9843163 118.4515 
  0.9641643 117.8622 
  0.9072818 116.6924 
  0.7536669 115.5342 
  0.389013 116.6924 
  0.167157 118.4515 
  0.1129066 120.2372 
  0.1728474 122.0498 
  0.108017 123.8897 
  0.1586974 126.3862 
  0.2278854 128.9329 
  0.008350923 130.8766 
  0.1067813 133.5138 
  0.04574072 135.5266 
  0.0486947 138.2575 
  0.4175138 141.0434 
  0.7772924 142.4574 
  0.9261385 141.7487 
  0.8063369 141.0434 
  0.499328 136.8852 
  0.4120301 130.8766 
  0.6394644 126.3862 
  0.7904124 123.8897 
  0.6753726 121.4426 
  0.6217942 118.4515 
  0.4819986 113.2521 
  0.1942982 108.2809 
  0.1759648 103.0128 
  0.6228635 97.02828 
  0.8293356 96.06523 
  0.5940448 97.51342 
  0.02676313 92.30766 
  0.540834 90.93677 
  0.2645291 89.14054 
  0.3102647 86.51251 
  0.3641337 85.2277 
  0.1608624 82.71502 
  0.2693635 82.3035 
  0.2819506 82.3035 
  0.3580693 82.3035 
  0.2263797 81.89403 
  -0.02644629 81.4866 
  -0.02357886 81.4866 
  0.05339779 81.4866 
  0.3832735 81.4866 
  -0.01495345 81.4866 
  0.05126472 81.4866 
  0.1032851 81.4866 
  -0.0005039364 81.4866 
  -0.07123782 81.4866 
  -0.1799322 81.4866 
  0.07031722 81.4866 
  -0.0786357 81.4866 
  -0.3345581 81.4866 
  0.1126836 81.4866 
  -0.01434454 81.4866 
  0.1478138 81.4866 
  0.145653 81.4866 
  0.0670657 81.4866 
  0.1611603 81.4866 
  -0.02148277 81.4866 
  0.2663756 81.4866 ]
