 [
  0.07027067 101.4829 
  0.1049619 101.4829 
  0.1061601 101.4829 
  -0.02657188 101.4829 
  -0.146524 101.4829 
  0.0531288 101.4829 
  0.02605117 101.4829 
  0.09883885 101.4829 
  -0.01025313 101.4829 
  0.09047438 101.4829 
  0.06843279 101.4829 
  -0.03993957 101.4829 
  -0.06523595 101.4829 
  0.01167125 101.4829 
  0.1148157 101.4829 
  0.6825209 104.5657 
  0.8678242 105.614 
  0.9271058 105.0885 
  0.9368752 105.614 
  0.9563786 106.142 
  0.9764968 106.6728 
  0.9531796 105.614 
  0.8829011 104.0455 
  0.9255142 101.9903 
  0.7832026 99.47836 
  0.4910846 98.491 
  0.4170461 96.06523 
  0.7188255 100.4756 
  0.6521005 101.4829 
  0.9514248 105.0885 
  0.9890718 105.614 
  0.9723806 105.0885 
  0.9073753 103.5278 
  0.7647332 101.9903 
  0.7542475 98.98344 
  0.89166 95.5873 
  0.8223823 96.06523 
  0.8659745 98.00098 
  0.8774372 99.47836 
  0.8883083 98.98344 
  0.914326 98.00098 
  0.9512658 97.51342 
  0.8921461 96.54556 
  0.8678063 95.11173 
  0.8936853 94.1677 
  0.9509648 94.1677 
  0.9325857 93.6992 
  0.7696405 93.23304 
  0.4121878 93.6992 
  0.6287895 94.63854 
  0.4265978 96.06523 
  0.1224382 97.51342 
  -0.01922533 98.98344 
  -0.01337903 100.4756 
  -0.08642926 101.9903 
  0.6401845 106.6728 
  0.8518524 106.142 
  0.9238177 105.0885 
  0.8910222 103.5278 
  0.8871238 101.9903 
  0.9252564 100.978 
  0.882277 99.97575 
  0.9259719 98.491 
  0.9643682 97.51342 
  0.9320378 96.54556 
  0.8666481 95.5873 
  0.8475475 94.1677 
  0.8646584 93.6992 
  0.9913546 94.63854 
  0.992641 94.1677 
  0.9827542 94.1677 
  0.9091593 95.11173 
  0.9372671 95.5873 
  0.929545 94.1677 
  0.9807155 93.6992 
  0.9640486 93.6992 
  0.8751003 92.7692 
  0.6751928 91.39146 
  0.4571074 91.84841 
  -0.3911818 92.7692 
  0.2242472 93.6992 
  0.116686 94.63854 
  -0.07575855 95.5873 
  -0.2274152 96.54556 
  -0.212229 97.51342 
  0.0003566984 98.491 
  0.07625122 99.97575 
  0.01608016 101.4829 
  0.1867612 102.5003 
  0.172142 103.5278 
  0.7326312 104.5657 
  0.21145 99.97575 
  0.7551442 95.5873 
  0.6549581 96.54556 
  0.3970402 96.06523 
  0.6403918 96.06523 
  0.09397127 96.06523 
  0.07749166 96.06523 
  -0.0104423 96.54556 
  0.01098651 96.54556 
  -0.04294153 96.54556 
  -0.1109685 96.54556 
  0.06160572 96.54556 
  -0.1298393 96.54556 
  0.09565789 96.54556 
  -0.1130831 96.54556 
  -0.0147372 96.54556 
  0.1620786 96.54556 
  -0.03595485 96.54556 
  0.507898 95.5873 
  0.6980052 96.06523 
  0.7984469 96.06523 
  0.7557029 95.11173 
  0.7175056 93.6992 
  0.9201105 92.30766 
  0.9734128 91.84841 
  0.9617626 91.39146 
  0.9554164 91.39146 
  0.9461973 91.84841 
  0.9546882 92.7692 
  0.9831656 92.7692 
  0.9711799 92.7692 
  0.9312176 92.30766 
  0.9301705 91.84841 
  0.9477164 91.84841 
  0.9606872 91.39146 
  0.973934 91.39146 
  0.9647279 91.39146 
  0.9285152 91.39146 
  0.8763365 91.39146 
  0.8195856 90.48434 
  0.8099532 88.69706 
  0.4611339 88.69706 
  0.537106 89.58624 
  0.3686381 90.93677 
  0.2141834 91.84841 
  0.04746785 92.7692 
  0.01632577 94.1677 
  -0.02341643 95.5873 
  0.6175669 97.02828 
  0.7233893 99.47836 
  0.5429084 99.97575 
  0.2408158 98.98344 
  0.551609 92.7692 
  0.8958368 91.39146 
  0.9895206 91.84841 
  0.987921 92.30766 
  0.9928824 92.30766 
  0.9945637 92.30766 
  0.9949465 92.30766 
  0.5841572 92.7692 
  0.6278244 91.84841 
  0.610968 91.84841 
  0.8715851 91.39146 
  0.9714721 90.48434 
  0.9418439 90.03418 
  0.9640236 89.58624 
  0.9705058 89.58624 
  0.9079185 89.14054 
  0.9285239 88.69706 
  0.8899173 88.25578 
  0.803851 87.8167 
  0.7827045 86.94508 
  0.8826541 87.3798 
  0.8494407 86.94508 
  0.591699 86.94508 
  0.1506331 86.94508 
  -0.08798996 86.94508 
  -0.08046944 86.94508 
  -0.02905675 86.94508 
  0.1379494 86.94508 
  0.1120697 86.94508 
  0.0800517 86.94508 
  0.1506473 86.94508 
  0.05528941 86.94508 
  -0.3332421 86.94508 
  -0.05365464 86.94508 
  -0.0345476 86.94508 
  -0.07815453 86.94508 
  -0.2279221 86.94508 
  0.06207067 86.94508 
  0.2267689 86.94508 
  0.05350639 86.94508 
  -0.07900836 86.94508 
  -0.02859546 86.94508 
  -0.1198635 86.94508 
  -0.3211012 86.94508 
  -0.1031756 86.94508 
  -0.04781177 86.94508 
  -0.1209117 86.94508 ]
