 [
  0.0813593 197.9909 
  0.01866532 197.9909 
  -0.08220641 197.9909 
  -0.06801585 197.9909 
  0.007580917 197.9909 
  0.04192406 197.9909 
  0.008914379 197.9909 
  -0.03033352 197.9909 
  0.1813608 197.9909 
  -0.1578472 197.9909 
  0.1371327 197.9909 
  0.07150223 197.9909 
  -0.08466862 197.9909 
  -0.1914696 197.9909 
  0.01766818 197.9909 
  -0.03919923 197.9909 
  0.4901749 197.9909 
  0.1623352 197.9909 
  0.05317912 197.9909 
  0.1203943 197.9909 
  -0.01539103 197.9909 
  -0.0807007 197.9909 
  -0.03470984 197.9909 
  0.009374087 197.9909 
  0.01092013 197.9909 
  -0.05677055 199.9758 
  0.0134531 201.9805 
  0.3012011 205.0254 
  -0.146144 210.2025 
  0.007092554 215.5104 
  0.06641471 220.9523 
  0.6592342 227.6642 
  0.7910016 231.0963 
  0.8810253 227.6642 
  0.9379908 225.4046 
  0.9756869 222.057 
  0.9879482 219.853 
  0.9942216 219.853 
  0.9938464 219.853 
  0.9953918 219.853 
  0.9953672 219.853 
  0.9956561 219.853 
  0.9571242 218.7592 
  0.9254924 217.6709 
  0.8031406 218.7592 
  0.9952431 223.1673 
  0.9900172 224.2832 
  0.9488655 224.2832 
  0.7617701 225.4046 
  0.6308908 228.8026 
  0.8767028 231.0963 
  0.9249122 227.6642 
  0.9646629 225.4046 
  0.990645 222.057 
  0.9904536 219.853 
  0.9789379 217.6709 
  0.9281708 214.4382 
  0.9303487 212.3098 
  0.9871135 214.4382 
  1.000856 213.3714 
  1.000077 213.3714 
  0.9986632 212.3098 
  0.9947233 211.2535 
  0.8880036 213.3714 
  0.901099 212.3098 
  0.9419967 209.1568 
  0.9593993 207.0808 
  0.9949058 205.0254 
  0.9918794 205.0254 
  0.9856801 206.0505 
  0.9795927 205.0254 
  0.9726459 206.0505 
  0.9591154 206.0505 
  0.9120834 207.0808 
  0.8114677 209.1568 
  0.4219242 212.3098 
  0.02799177 214.4382 
  0.3367851 217.6709 
  0.01678198 219.853 
  0.1139161 223.1673 
  0.5669749 226.5316 
  0.7636266 219.853 
  0.9208297 215.5104 
  0.9425971 210.2025 
  0.9613917 206.0505 
  0.9700451 200.9756 
  0.9235457 197.0059 
  0.8624677 195.0505 
  0.8465591 194.0801 
  0.8505821 194.0801 
  0.8793001 194.0801 
  0.9118134 194.0801 
  0.878653 195.0505 
  0.8908424 195.0505 
  0.9658734 195.0505 
  0.9834767 195.0505 
  0.980074 195.0505 
  0.9702983 196.0257 
  0.9269418 195.0505 
  0.8981047 193.1145 
  0.9557169 189.3 
  0.9729553 187.4211 
  0.98813 186.4887 
  0.9876609 187.4211 
  0.9858999 188.3582 
  0.9899789 189.3 
  0.9875353 191.1978 
  0.9725538 192.1537 
  0.9945236 194.0801 
  0.986626 195.0505 
  0.9364531 195.0505 
  0.8769847 195.0505 
  0.8028495 197.0059 
  0.9771483 202.9904 
  0.9942092 206.0505 
  0.9976638 208.1162 
  0.9968323 209.1568 
  0.9756268 210.2025 
  0.9256516 212.3098 
  0.7940575 214.4382 
  0.6751426 216.5879 
  0.7909569 218.7592 
  0.9137717 223.1673 
  0.9776943 225.4046 
  0.9934962 228.8026 
  0.9931321 232.2518 
  0.9918395 234.5801 
  0.9852826 239.307 
  0.9858073 242.9146 
  0.9879186 247.8095 
  0.9917755 251.5452 
  0.9881926 255.3373 
  0.9820033 259.1866 
  0.9787354 264.4093 
  0.9794829 268.3953 
  0.9850007 272.4414 
  0.9916657 273.8036 
  0.9896377 273.8036 
  0.9771495 272.4414 
  0.9491071 271.0859 
  0.9015568 271.0859 
  0.7800988 271.0859 
  -0.0119261 271.0859 
  -0.2374989 271.0859 
  -0.1766483 271.0859 
  0.1203461 271.0859 
  0.1061328 271.0859 
  0.07539307 271.0859 
  0.1266417 271.0859 
  0.1465115 271.0859 
  0.1341782 271.0859 
  -0.08296095 271.0859 
  0.04732445 271.0859 
  -0.02840842 271.0859 
  0.08772517 271.0859 
  0.0762762 271.0859 
  0.01607896 271.0859 ]
