 [
  -0.02974198 279.3209 
  -0.09595643 279.3209 
  -0.04263172 279.3209 
  -0.04021824 279.3209 
  -0.1652791 279.3209 
  -0.1735542 279.3209 
  0.03307633 279.3209 
  0.09293653 279.3209 
  0.0304647 279.3209 
  -0.01532581 279.3209 
  0.01123835 279.3209 
  0.1946549 279.3209 
  -0.01219353 279.3209 
  0.01724213 279.3209 
  0.1096544 279.3209 
  0.1197371 279.3209 
  -0.06711301 279.3209 
  -0.09965551 279.3209 
  -0.2545236 279.3209 
  0.1600699 279.3209 
  0.171827 279.3209 
  0.14166 279.3209 
  -0.06936271 279.3209 
  -0.05331524 279.3209 
  0.04338403 279.3209 
  -0.2158988 279.3209 
  -0.1296381 279.3209 
  0.1980022 279.3209 
  0.1169967 279.3209 
  -0.04450848 279.3209 
  0.08616796 279.3209 
  0.1107858 279.3209 
  -0.08820365 279.3209 
  -0.01895165 279.3209 
  -0.0284163 279.3209 
  0.1524296 277.9312 
  0.4064312 275.1726 
  0.8484911 273.8036 
  0.8532145 264.4093 
  0.9348192 259.1866 
  0.9846961 257.8971 
  0.9914649 257.8971 
  0.9838211 259.1866 
  0.9657878 259.1866 
  0.9288965 259.1866 
  0.9644659 260.4825 
  0.9975609 261.7849 
  0.9867958 263.0938 
  0.9585719 265.7313 
  0.8241597 272.4414 
  0.07127723 280.7175 
  -0.3184756 289.245 
  -0.01307044 298.0316 
  -0.0774702 307.085 
  -0.02190747 316.4135 
  0.02270712 322.7894 
  0.7046155 326.0254 
  0.8309207 304.037 
  0.8805174 293.6054 
  0.9697064 286.3741 
  0.9764938 279.3209 
  0.9591141 271.0859 
  0.9771324 261.7849 
  0.9927713 255.3373 
  0.990192 250.2938 
  0.9911071 246.5766 
  0.996012 241.7061 
  0.9872696 236.9318 
  0.9647309 229.9466 
  0.9802912 227.6642 
  0.9741662 225.4046 
  0.9723425 220.9523 
  0.9547579 215.5104 
  0.956709 211.2535 
  0.9595881 207.0808 
  0.9871228 205.0254 
  0.995415 204.0054 
  0.9931874 205.0254 
  0.9482842 208.1162 
  0.9597217 211.2535 
  0.9645283 213.3714 
  0.9602959 215.5104 
  0.9247425 215.5104 
  0.8357973 210.2025 
  0.5460179 209.1568 
  -0.1341087 209.1568 
  -0.1048183 209.1568 
  -0.09313022 209.1568 
  -0.08477198 209.1568 
  -0.02489888 210.2025 
  0.08226848 210.2025 
  0.1070302 211.2535 
  0.3079405 212.3098 
  0.126036 213.3714 
  0.02099662 214.4382 
  0.05564412 215.5104 
  0.05451765 216.5879 
  -0.02358684 217.6709 
  -0.1179909 218.7592 
  0.21866 219.853 
  0.7797437 217.6709 
  0.7954257 213.3714 
  0.9317545 209.1568 
  0.8621559 207.0808 
  0.3485748 207.0808 
  -0.0328376 207.0808 
  0.1619257 207.0808 
  0.07841314 208.1162 
  0.2253992 210.2025 
  0.1260017 212.3098 
  0.142453 215.5104 
  -0.1270196 218.7592 
  -0.1731006 222.057 
  -0.04274689 224.2832 
  0.1044274 227.6642 
  0.1530722 231.0963 
  -0.03944522 234.5801 
  -0.07216373 238.1164 
  -0.1033311 241.7061 
  -0.02753858 244.1292 
  0.572374 245.3498 
  0.7257059 223.1673 
  0.7650987 213.3714 
  0.9629064 207.0808 
  0.9831855 206.0505 
  0.979194 205.0254 
  0.9639191 202.9904 
  0.9543046 200.9756 
  0.9880701 197.9909 
  0.9966146 197.0059 
  0.9950777 197.0059 
  0.9821265 197.9909 
  0.9881955 199.9758 
  0.9864976 200.9756 
  0.9627305 200.9756 
  0.9121932 199.9758 
  0.7645467 201.9805 
  0.5813091 205.0254 
  0.1457069 208.1162 
  0.00819982 211.2535 
  0.1106652 214.4382 
  0.1304644 217.6709 
  0.02565228 220.9523 
  0.2247067 223.1673 
  0.1675015 226.5316 
  0.390351 229.9466 
  0.7348408 217.6709 
  0.8265345 210.2025 
  0.9765947 206.0505 
  0.9896815 202.9904 
  0.9747536 200.9756 
  0.9579756 198.9809 
  0.8766663 197.0059 
  0.90563 196.0257 
  0.8390171 196.0257 
  0.07089603 196.0257 
  0.1659307 196.0257 
  0.1561651 195.0505 
  0.05515102 194.0801 
  0.7715784 193.1145 
  0.9131301 192.1537 
  0.9614729 192.1537 
  0.9828813 193.1145 
  0.9881447 195.0505 
  0.9892159 197.0059 
  0.9841309 197.9909 
  0.9826449 197.9909 
  0.9632158 195.0505 
  0.8967291 190.2465 
  0.9159527 184.6377 
  0.9497313 180.0902 
  0.9564412 177.4156 
  0.9680864 173.9112 
  0.9743033 173.046 
  0.9888897 171.3284 
  0.9886712 171.3284 
  0.9895836 171.3284 
  0.9811932 170.476 
  0.9620326 169.6279 
  0.9772947 167.9442 
  0.9762897 167.1087 
  0.9639502 168.784 
  0.9609565 171.3284 
  0.9668531 173.9112 
  0.9872338 176.533 
  0.9862992 179.1942 
  0.9943537 180.9906 
  0.9930362 182.8051 
  0.9767321 184.6377 
  0.9460039 186.4887 
  0.850817 188.3582 
  0.139586 190.2465 
  -0.07505184 192.1537 
  0.05293722 194.0801 
  0.1810846 196.0257 
  0.2828478 197.9909 
  0.2961966 199.9758 
  0.0571223 201.9805 
  0.04881695 204.0054 
  0.04615971 206.0505 
  0.1817968 208.1162 
  0.2450361 209.1568 
  0.08267548 210.2025 
  0.1639192 211.2535 
  0.3443535 212.3098 
  0.2598075 214.4382 
  0.1206316 216.5879 
  -0.02659826 218.7592 
  -0.07267334 220.9523 
  0.04894599 222.057 
  -0.03460131 223.1673 
  0.09945821 224.2832 
  -0.07287571 225.4046 
  -0.09778133 226.5316 
  -0.3450837 227.6642 
  -0.06446876 228.8026 
  0.5344135 229.9466 
  0.2043472 231.0963 
  0.1300496 232.2518 
  0.1084185 233.4131 
  -0.04879442 234.5801 
  0.07816899 235.753 
  0.3138928 236.9318 
  0.5096979 238.1164 
  0.6684757 215.5104 
  0.8082516 209.1568 
  0.9851285 206.0505 
  0.9920287 206.0505 
  0.993983 206.0505 
  0.9881867 205.0254 
  0.9772413 204.0054 
  0.9641502 202.9904 
  0.9168396 204.0054 
  0.6657246 206.0505 
  0.6847878 209.1568 
  0.5072563 212.3098 
  0.637099 215.5104 
  0.2346234 218.7592 
  -0.001861258 222.057 
  0.0637115 225.4046 
  0.1629697 228.8026 
  -0.03048771 232.2518 
  -0.009436283 235.753 
  0.589452 236.9318 
  0.6506349 223.1673 
  0.8559774 216.5879 
  0.9857679 210.2025 
  0.9906851 208.1162 
  0.9902581 206.0505 
  0.9898998 202.9904 
  0.9906359 201.9805 
  0.9891788 199.9758 
  0.9907061 197.9909 
  0.9948825 196.0257 
  0.9956993 196.0257 
  0.9953784 196.0257 
  0.9936148 197.0059 
  0.9955224 197.0059 
  0.9920556 196.0257 
  0.9942669 196.0257 
  0.9952303 196.0257 
  0.9986132 195.0505 
  0.9970696 195.0505 
  0.9888233 196.0257 
  0.9749665 196.0257 
  0.9573398 197.0059 
  0.8972845 196.0257 
  0.690303 197.0059 
  0.4798265 198.9809 
  0.07402043 200.9756 
  -0.104821 201.9805 
  0.1559724 202.9904 
  -0.03852466 204.0054 
  -0.01904826 205.0254 
  0.2745106 206.0505 
  0.1281976 207.0808 
  0.6038254 208.1162 
  0.8450097 207.0808 
  0.9198653 204.0054 
  0.9905701 200.9756 
  0.9868873 200.9756 
  0.8109826 205.0254 
  0.9111494 201.9805 
  0.9488626 200.9756 
  0.9943218 199.9758 
  0.9955838 199.9758 
  0.9839843 201.9805 
  0.9942446 202.9904 
  0.9931055 204.0054 
  0.9847084 205.0254 
  0.9824608 208.1162 
  0.983677 211.2535 
  0.9890667 214.4382 
  0.9766376 214.4382 
  0.9408038 214.4382 
  0.8040378 215.5104 
  0.4811082 217.6709 
  0.2155543 219.853 
  0.06387706 220.9523 
  0.1413286 222.057 
  0.09912407 224.2832 
  0.07808208 225.4046 
  0.003274163 227.6642 
  0.19331 229.9466 
  0.1347086 232.2518 
  0.1360404 234.5801 
  0.1648981 236.9318 
  0.1032095 239.307 
  0.6464448 241.7061 
  0.6410458 236.9318 
  0.6845891 226.5316 
  0.9273363 217.6709 
  0.930732 212.3098 
  0.8752342 208.1162 
  0.9032799 200.9756 
  0.9436737 195.0505 
  0.949031 191.1978 
  0.9659415 188.3582 
  0.9642813 185.5609 
  0.962631 182.8051 
  0.9746431 180.0902 
  0.9468236 177.4156 
  0.9317243 174.7808 
  0.9681907 172.185 
  0.9877084 171.3284 
  0.9870445 170.476 
  0.9858073 169.6279 
  0.9886984 169.6279 
  0.9760129 170.476 
  0.9167171 170.476 
  0.8625902 172.185 
  0.9274643 173.046 
  0.9697547 173.9112 
  0.9579524 174.7808 
  0.9174182 174.7808 
  0.01355889 174.7808 
  0.03286715 174.7808 
  0.0162462 175.6547 
  0.05852683 177.4156 
  0.1542603 180.0902 
  0.6843786 183.7191 
  0.3130517 187.4211 
  0.4215927 191.1978 
  0.3287696 195.0505 
  0.243726 199.9758 
  0.1819462 192.1537 
  0.6849184 183.7191 
  0.8680797 188.3582 
  0.8530933 193.1145 
  0.9301963 195.0505 
  0.8628638 196.0257 
  0.8644813 196.0257 
  0.897224 194.0801 
  0.995411 194.0801 
  0.9993261 194.0801 
  0.9978184 194.0801 
  0.9970341 194.0801 
  0.9912845 192.1537 
  0.965105 189.3 
  0.9457183 186.4887 
  0.9691689 183.7191 
  0.9935005 182.8051 
  0.9929205 181.8956 
  0.992775 180.9906 
  0.9925306 180.0902 
  0.9918637 180.0902 
  0.9891243 180.0902 
  0.9545156 180.9906 
  0.9043189 182.8051 
  0.643188 184.6377 
  0.2001268 187.4211 
  0.09025915 189.3 
  0.5295619 192.1537 
  0.01009429 195.0505 
  -0.1311387 197.0059 
  0.04045211 198.9809 
  0.04278554 200.9756 
  0.09698704 202.9904 
  0.05306324 206.0505 
  0.1139284 210.2025 
  0.1515742 214.4382 
  0.02760799 218.7592 
  -0.1830569 223.1673 
  -0.04632258 226.5316 
  0.1307948 229.9466 
  0.765535 233.4131 
  0.8843196 231.0963 
  0.92243 227.6642 
  0.9936138 224.2832 
  0.9915034 220.9523 
  0.989076 218.7592 
  0.998278 218.7592 
  0.9991803 218.7592 
  0.9993353 218.7592 
  0.9991478 217.6709 
  0.9929094 216.5879 
  0.9839118 215.5104 
  0.9775373 215.5104 
  0.9995823 215.5104 
  0.9995936 215.5104 
  1.000362 214.4382 
  0.9993672 214.4382 
  0.9994612 213.3714 
  0.999147 212.3098 
  0.963515 211.2535 
  0.9714957 210.2025 
  0.9892486 209.1568 
  0.9928012 208.1162 
  0.991302 206.0505 
  0.988701 205.0254 
  0.9704719 202.9904 
  0.9660147 198.9809 
  0.9792216 197.0059 
  0.9754996 195.0505 
  0.9826812 194.0801 
  0.9887996 192.1537 
  0.9936931 191.1978 
  0.9901483 190.2465 
  0.9906007 189.3 
  0.9914063 189.3 
  0.9862146 189.3 
  0.9747808 190.2465 
  0.9781214 193.1145 
  0.9501126 194.0801 
  0.9145218 195.0505 
  0.8667175 195.0505 
  0.8918633 196.0257 
  -0.06341711 197.0059 
  0.04980016 197.0059 
  -0.1737609 197.9909 
  -0.1056044 198.9809 
  0.06597698 199.9758 
  0.05719467 200.9756 
  0.009507995 201.9805 
  0.1117858 202.9904 
  0.0474642 204.0054 
  0.03365415 205.0254 
  0.0135244 206.0505 
  0.1981228 207.0808 
  0.08593311 208.1162 
  0.1228596 209.1568 
  0.1297967 210.2025 
  0.1506644 211.2535 
  -0.1430397 212.3098 
  0.6796129 200.9756 
  0.5961524 192.1537 
  0.7733954 187.4211 
  0.9018767 181.8956 
  0.906705 178.3027 
  0.9115856 175.6547 
  0.9403669 173.046 
  0.9317365 172.185 
  0.95323 170.476 
  0.9593382 171.3284 
  0.9463243 171.3284 
  0.8497998 173.9112 
  0.5575304 176.533 
  0.1919732 182.8051 
  0.02883259 190.2465 
  0.1474091 196.0257 
  0.2456992 199.9758 
  0.2993412 202.9904 
  0.3541121 205.0254 
  0.4576079 207.0808 
  0.5088929 209.1568 
  0.4572472 212.3098 
  0.3789023 214.4382 
  0.3443549 215.5104 
  0.3596363 216.5879 
  0.4169778 218.7592 
  0.5421682 219.853 
  0.4022371 218.7592 
  0.2554684 216.5879 
  0.3183147 214.4382 
  0.2547785 213.3714 
  0.9407037 214.4382 
  0.8569267 215.5104 
  0.03147432 216.5879 
  0.496134 217.6709 
  -0.06907906 218.7592 
  -0.08393157 219.853 
  -0.09555278 220.9523 
  -0.01420156 222.057 
  0.18776 223.1673 
  0.1422734 224.2832 
  -0.003715707 225.4046 
  0.073227 226.5316 
  0.0218711 227.6642 
  0.03273688 228.8026 
  -0.05218901 231.0963 
  -0.06012826 233.4131 
  0.02820151 235.753 
  -0.1428571 238.1164 
  -0.03674087 240.5036 
  -0.03754592 241.7061 
  -0.2370206 242.9146 
  -0.2715597 244.1292 
  0.01342436 245.3498 
  0.003257488 246.5766 
  0.2643237 247.8095 
  0.4177007 249.0485 
  0.3631254 250.2938 
  0.2732268 251.5452 
  0.2386406 252.8029 
  0.3770689 252.8029 
  -0.01608797 252.8029 
  -0.002031237 252.8029 
  -0.2958173 252.8029 
  -0.2529022 252.8029 
  -0.08567166 252.8029 
  -0.1464735 252.8029 
  -0.1700958 252.8029 
  -0.02419384 252.8029 
  -0.03623949 252.8029 
  -0.07199851 252.8029 
  -0.0262408 252.8029 
  0.1785882 252.8029 
  -0.1525408 252.8029 ]
