 [
  -0.1543365 177.4156 
  0.0856144 177.4156 
  -0.03687034 177.4156 
  -0.141638 177.4156 
  -0.06692728 177.4156 
  0.1785227 177.4156 
  0.06254346 177.4156 
  0.1911728 177.4156 
  0.3074516 177.4156 
  0.2815452 177.4156 
  0.06645456 177.4156 
  0.05875012 177.4156 
  0.07930513 177.4156 
  0.1245436 177.4156 
  0.1342762 177.4156 
  0.02562951 177.4156 
  0.1496695 177.4156 
  0.4483947 176.533 
  0.5633585 176.533 
  0.453712 175.6547 
  0.2248898 174.7808 
  0.1430021 173.046 
  0.04301927 171.3284 
  0.04070022 169.6279 
  0.119982 167.9442 
  0.2200071 167.1087 
  0.2263805 168.784 
  0.1902864 172.185 
  0.2319127 177.4156 
  0.07530671 183.7191 
  0.7503718 190.2465 
  0.4201679 156.6175 
  0.4422617 158.9785 
  0.743417 162.182 
  0.8925165 159.7734 
  0.9564288 158.9785 
  0.9789242 157.4006 
  0.9810128 157.4006 
  0.9637861 157.4006 
  0.9541142 158.1876 
  0.9712813 159.7734 
  0.9935065 160.5723 
  0.9958514 160.5723 
  0.991495 159.7734 
  0.9776917 158.1876 
  0.9765854 155.063 
  0.9828113 154.2915 
  0.9855233 152.7601 
  0.9845915 152.0001 
  0.9824309 150.4914 
  0.9680021 148.9977 
  0.9452405 147.5188 
  0.914116 146.0546 
  0.8455544 144.605 
  0.8113503 141.7487 
  0.889275 139.6435 
  0.928738 137.5696 
  0.9587735 136.2042 
  0.9731135 136.2042 
  0.9762942 136.2042 
  0.9740577 135.5266 
  0.9726538 135.5266 
  0.980664 134.1814 
  0.9880778 133.5138 
  0.9819602 132.8496 
  0.9813764 132.1886 
  0.9755423 131.531 
  0.9788051 131.531 
  0.9889155 130.8766 
  0.9894567 130.8766 
  0.987198 130.8766 
  0.9823412 130.2255 
  0.9846156 129.5776 
  0.9850468 130.2255 
  0.9760708 130.8766 
  0.9557637 130.8766 
  0.9124483 133.5138 
  0.9194034 136.2042 
  0.9735628 137.5696 
  0.9453582 137.5696 
  0.9053383 136.8852 
  0.8235991 135.5266 
  0.8712679 135.5266 
  0.8468932 135.5266 
  0.7822149 135.5266 
  0.6868382 135.5266 
  0.5515109 136.2042 
  0.3510337 136.8852 
  0.1844925 137.5696 
  0.1220943 138.2575 
  0.06945374 138.9488 
  -0.09393906 139.6435 
  0.2426304 140.3417 
  0.07394171 141.0434 
  0.3250765 141.7487 
  0.07613789 142.4574 
  0.07833378 143.1697 
  0.558689 143.8855 
  0.7356302 141.7487 
  0.8338612 138.9488 
  0.9507923 136.2042 
  0.9714977 134.8523 
  0.9741633 133.5138 
  0.9760118 132.1886 
  0.9819312 130.8766 
  0.9908136 130.2255 
  0.9899279 130.2255 
  0.9914725 130.2255 
  0.9927443 130.8766 
  0.9937225 130.8766 
  0.9830742 131.531 
  0.9788585 132.1886 
  0.9749098 132.8496 
  0.9089328 134.1814 
  0.8105057 134.1814 
  0.6391621 134.1814 
  0.330263 134.8523 
  0.282495 128.2915 
  0.3241231 125.1317 
  0.8611965 124.5092 
  0.8398535 123.2734 
  0.7144992 122.6601 
  0.3555237 122.6601 
  0.2989374 123.2734 
  0.28804 123.8897 
  0.1909381 123.8897 
  0.2773136 123.8897 
  0.5286395 123.8897 
  0.6193877 123.2734 
  0.7090723 120.8384 
  0.9291883 119.0438 
  0.9641194 117.8622 
  0.967026 116.6924 
  0.943826 116.1118 
  0.942956 115.5342 
  0.9420134 115.5342 
  0.9580699 114.9594 
  0.9729847 114.9594 
  0.9845679 114.9594 
  0.9829519 114.9594 
  0.9441357 113.8184 
  0.793178 112.6886 
  0.6685241 110.4628 
  0.1369643 108.8223 
  0.03484473 111.0151 
  -0.06350303 113.2521 
  -0.1370885 115.5342 
  0.067774 117.8622 
  0.2415077 119.639 
  -0.005406129 121.4426 
  -0.01361216 123.2734 
  0.06977991 125.1317 
  0.05870554 127.0181 
  0.02400305 128.9329 
  0.07598411 130.8766 
  0.1136408 132.1886 
  0.1043344 132.1886 
  0.04097729 133.5138 
  -0.1741096 136.2042 
  0.1520346 138.2575 
  0.2815062 140.3417 
  0.628653 138.2575 
  0.8273736 136.8852 
  0.9648927 136.2042 
  0.969225 135.5266 
  0.9855769 134.8523 
  0.9932374 134.8523 
  0.9958248 134.8523 
  0.9865777 135.5266 
  0.9586236 136.2042 
  0.7620084 139.6435 
  0.4610904 142.4574 
  0.4070365 144.605 
  0.4211944 142.4574 
  0.6838738 141.7487 
  0.8171956 142.4574 
  0.9384843 143.8855 
  0.9526055 142.4574 
  0.9693663 140.3417 
  0.9575197 137.5696 
  0.8137468 133.5138 
  0.9215391 130.8766 
  0.9688442 130.8766 
  0.9839088 130.2255 
  0.9754871 129.5776 
  0.9854876 128.2915 
  0.9869421 126.3862 
  0.9863228 125.7574 
  0.99412 125.1317 
  0.9916276 124.5092 
  0.9679923 124.5092 
  0.9186406 123.2734 
  0.8028328 122.0498 
  0.6425167 120.8384 
  0.369944 120.8384 
  0.08495647 120.8384 
  0.3725165 120.8384 
  -0.06405293 120.8384 
  0.3442591 121.4426 
  0.3380787 119.639 
  0.3662894 119.0438 
  0.1198413 119.639 
  0.155009 122.6601 
  0.0807873 122.6601 
  -0.02747765 123.2734 
  0.2221376 128.9329 
  0.4169844 129.5776 
  0.3968916 130.8766 
  0.3777545 132.1886 
  0.8551046 133.5138 
  0.8529142 131.531 
  0.8114338 129.5776 
  0.8419839 127.0181 
  0.8922621 124.5092 
  0.9048613 123.2734 
  0.9576833 122.0498 
  0.96866 120.8384 
  0.9256417 119.0438 
  0.9393763 117.8622 
  0.9069861 116.1118 
  0.8746384 114.3874 
  0.9584956 113.2521 
  0.9682174 112.128 
  0.9760442 111.5702 
  0.9724008 110.4628 
  0.9540851 109.3664 
  0.9194871 108.8223 
  0.8920665 107.2061 
  0.9036268 106.142 
  0.8663741 104.5657 
  0.9021241 103.5278 
  0.9371051 102.5003 
  0.9476739 101.9903 
  0.9788049 101.4829 
  0.9631231 100.978 
  0.949665 100.978 
  0.9462942 100.978 
  0.9392052 100.4756 
  0.9667954 99.47836 
  0.9811806 98.98344 
  0.9780415 98.98344 
  0.9686357 99.47836 
  0.9665521 99.97575 
  0.9423748 100.978 
  0.9338828 101.9903 
  0.8781902 103.0128 
  0.7461082 103.5278 
  0.4688219 104.0455 
  0.3338107 104.5657 
  0.1832665 105.0885 
  0.1222507 105.614 
  0.08819591 106.142 
  -0.05479579 106.6728 
  0.01094567 107.2061 
  -0.07056738 107.7421 
  -0.2122722 108.2809 
  -0.3782238 108.8223 
  0.008192047 109.3664 
  -0.005786121 109.9132 
  -0.0587471 110.4628 
  -0.1409484 111.0151 
  -0.1457796 111.5702 
  -0.1903123 112.128 
  -0.1842499 112.6886 
  -0.05661843 113.2521 
  -0.02369085 113.8184 
  -0.1239232 114.3874 
  0.1471818 114.9594 
  0.1310848 115.5342 
  0.05940944 116.1118 
  0.02435378 116.6924 
  0.0435559 117.2759 
  0.0235367 117.8622 
  -0.1347712 118.4515 
  -0.1890762 119.0438 
  -0.1590075 119.639 
  0.1275026 120.2372 
  0.245767 120.8384 
  0.08702254 121.4426 
  0.03509719 122.0498 
  0.03037216 122.6601 
  0.124022 123.2734 
  0.04573944 123.8897 
  0.01626522 124.5092 
  -0.04803691 125.1317 
  -0.1174876 125.7574 
  0.02666894 126.3862 
  -0.009226767 126.3862 
  -0.1111628 126.3862 
  -0.2183752 126.3862 
  0.2370953 126.3862 
  0.1902931 126.3862 
  -0.01308544 126.3862 
  -0.1707476 126.3862 
  -0.2279341 126.3862 
  -0.1808161 127.0181 
  -0.1698236 127.6532 
  0.1989443 128.2915 
  0.3665417 128.9329 
  0.3644823 128.9329 
  0.207445 129.5776 
  0.7361817 127.6532 
  0.7602498 123.2734 
  0.8411595 120.8384 
  0.835977 116.6924 
  0.9330648 114.3874 
  0.9465414 114.9594 
  0.9409182 116.1118 
  0.9595405 116.6924 
  0.945514 116.6924 
  0.9277548 116.1118 
  0.8328632 113.8184 
  0.8112907 112.128 
  0.5710683 113.2521 
  0.506043 118.4515 
  0.2011937 116.6924 
  0.2932971 117.2759 
  0.3729325 117.8622 
  0.1409963 114.3874 
  0.01204658 116.6924 
  0.4200545 125.1317 
  0.3728367 123.8897 
  0.5398818 124.5092 
  0.7420983 119.639 
  0.952987 119.0438 
  0.985202 118.4515 
  0.9853255 117.8622 
  0.9838958 117.2759 
  0.9699908 118.4515 
  0.9806821 119.0438 
  0.9815164 119.0438 
  0.9676774 119.0438 
  0.9608715 119.639 
  0.9373968 120.2372 
  0.8682015 119.0438 
  0.8299671 118.4515 
  0.8175119 119.639 
  0.706169 122.6601 
  0.4110793 126.3862 
  0.2848117 130.2255 
  0.1288265 134.8523 
  -0.08944458 139.6435 
  -0.1589563 144.605 
  -0.1172963 149.7427 
  -0.236182 155.063 
  -0.03461257 160.5723 
  0.1264382 166.2773 
  -0.1522821 172.185 
  -0.0721956 178.3027 
  -0.1674771 184.6377 
  0.1838969 191.1978 
  0.1944725 196.0257 
  0.200931 198.9809 
  0.5502419 199.9758 
  0.5179774 199.9758 
  0.5123658 200.9756 
  0.364673 204.0054 
  0.2776083 205.0254 
  0.2662122 206.0505 
  0.2059157 208.1162 
  -0.1153498 209.1568 
  -0.0217008 209.1568 
  0.08567411 209.1568 
  -0.00329954 209.1568 
  -0.003089756 209.1568 
  -0.6786554 209.1568 
  -0.7815167 209.1568 
  -0.2617314 209.1568 
  -0.1727656 209.1568 
  -0.3739625 209.1568 
  -0.3949741 209.1568 
  -0.08419858 209.1568 ]
