 [
  -0.02514119 241.7061 
  -0.1214895 241.7061 
  -0.3854182 241.7061 
  -0.2120601 241.7061 
  -0.1345368 241.7061 
  -0.08931215 241.7061 
  -0.04350058 241.7061 
  -0.1722825 241.7061 
  0.1761993 241.7061 
  0.04946367 241.7061 
  -0.02332686 241.7061 
  0.007364423 241.7061 
  -0.1337669 241.7061 
  0.008406123 241.7061 
  0.7622386 241.7061 
  0.2468027 228.8026 
  0.3783009 213.3714 
  0.7479643 212.3098 
  0.9409196 210.2025 
  0.9490343 208.1162 
  0.935199 205.0254 
  0.8043289 204.0054 
  0.4727949 205.0254 
  0.1562088 227.6642 
  0.1817411 247.8095 
  0.1993414 251.5452 
  0.8023955 247.8095 
  0.226527 242.9146 
  -0.05109894 238.1164 
  0.05488778 233.4131 
  0.148745 228.8026 
  0.5927435 224.2832 
  0.2784732 220.9523 
  0.4159633 217.6709 
  0.7349635 213.3714 
  0.914095 214.4382 
  0.9550624 215.5104 
  0.9868515 216.5879 
  0.9917035 217.6709 
  0.9886437 217.6709 
  0.9899679 217.6709 
  0.986773 218.7592 
  0.9635208 217.6709 
  0.9546129 216.5879 
  0.9118789 214.4382 
  0.9511621 214.4382 
  0.9260563 215.5104 
  0.9752229 217.6709 
  0.9871688 220.9523 
  0.7572449 224.2832 
  0.527783 227.6642 
  0.8550407 231.0963 
  0.9450265 233.4131 
  0.9899125 234.5801 
  0.9964727 234.5801 
  0.9958932 234.5801 
  0.9982316 233.4131 
  0.9920731 234.5801 
  0.9908794 235.753 
  0.9850664 235.753 
  0.9779378 234.5801 
  0.9336332 233.4131 
  0.7796546 231.0963 
  0.4666887 227.6642 
  0.2059025 224.2832 
  0.1310543 220.9523 
  -0.1271614 217.6709 
  -0.2350686 214.4382 
  0.1966201 210.2025 
  0.1867896 206.0505 
  0.07462543 201.9805 
  0.4267567 197.9909 
  0.5092583 189.3 
  0.7053603 181.8956 
  0.8923671 176.533 
  0.9556888 173.046 
  0.9892651 171.3284 
  0.9766369 171.3284 
  0.9352896 173.046 
  0.9033278 176.533 
  0.8903443 182.8051 
  0.9221332 189.3 
  0.8962536 191.1978 
  0.7513859 191.1978 
  0.1830862 191.1978 
  0.1646995 192.1537 
  0.08169422 193.1145 
  0.1148283 194.0801 
  -0.08302183 194.0801 
  -0.05509886 194.0801 
  0.2782125 194.0801 
  0.2653939 194.0801 
  0.07569816 191.1978 
  0.7452295 186.4887 
  0.8532688 182.8051 
  0.8963605 180.0902 
  0.9553431 178.3027 
  0.970722 177.4156 
  0.9718927 177.4156 
  0.8690305 179.1942 
  0.8667607 180.0902 
  0.9058385 181.8956 
  0.9665738 179.1942 
  0.9771617 175.6547 
  0.9423939 175.6547 
  0.8267854 178.3027 
  0.8355979 181.8956 
  0.8682736 184.6377 
  0.7130321 187.4211 
  0.6008382 188.3582 
  0.4484012 176.533 
  0.7188964 174.7808 
  0.8980049 174.7808 
  0.9507691 173.9112 
  0.9025593 175.6547 
  0.6719044 178.3027 
  0.5273966 180.0902 
  0.1701562 179.1942 
  0.08361176 178.3027 
  0.1693523 177.4156 
  0.3111995 176.533 
  0.09400778 175.6547 
  0.1887467 173.9112 
  0.1105471 173.046 
  0.1134525 172.185 
  0.09903841 171.3284 
  0.4914618 179.1942 
  0.6714897 176.533 
  0.8276483 174.7808 
  0.9695882 173.046 
  0.9910673 171.3284 
  0.9772774 169.6279 
  0.9520061 167.9442 
  0.9454117 163.8079 
  0.9408082 161.3751 
  0.9637575 158.9785 
  0.9913672 157.4006 
  0.9924437 157.4006 
  0.9814774 156.6175 
  0.9796943 157.4006 
  0.9706905 157.4006 
  0.914874 156.6175 
  0.8428417 157.4006 
  0.6897972 158.1876 
  0.4753136 158.1876 
  0.3041218 157.4006 
  0.3520777 163.8079 
  0.1735028 161.3751 
  0.2286018 148.2564 
  0.2197364 143.8855 
  0.2432992 139.6435 
  -0.01628531 135.5266 
  -0.07602575 131.531 
  0.2053952 127.6532 
  -0.05967211 123.8897 
  -0.1747788 120.2372 
  -0.02226747 116.6924 
  -0.1290027 112.6886 
  -0.00766179 108.8223 
  0.04767805 105.614 
  0.1981069 102.5003 
  -0.1129951 99.47836 
  -0.2242348 96.54556 
  0.2447415 93.6992 
  0.07012976 91.39146 
  0.1413318 86.51251 
  0.3230725 81.89403 
  0.5367035 81.89403 
  0.5408553 82.71502 
  0.6655331 82.71502 
  0.9345491 82.71502 
  0.9409773 82.71502 
  0.9109491 83.12859 
  0.8807128 83.96195 
  0.9696717 84.38177 
  0.869472 84.80367 
  0.6960671 85.65383 
  0.595365 87.8167 
  0.61274 92.7692 
  0.6954513 93.6992 
  0.6860773 92.7692 
  0.1031687 92.7692 
  -0.03943975 92.7692 
  0.1418895 92.7692 
  0.1425178 92.7692 
  0.06135083 93.23304 
  0.03678687 93.6992 
  0.09473799 93.6992 
  -0.02156139 93.6992 
  0.1038546 94.1677 
  -0.1659559 94.1677 
  -0.100541 94.1677 
  -0.1318183 94.1677 
  -0.1754427 94.1677 
  0.01982481 94.1677 
  0.05874766 94.1677 
  0.1044543 95.11173 
  0.6141592 87.8167 
  0.8905568 87.8167 
  0.9690907 87.3798 
  0.9661249 87.3798 
  0.94971 87.3798 
  0.9419909 87.8167 
  0.8967309 88.25578 
  0.7943736 89.14054 
  0.5804728 90.48434 
  -0.1152637 88.69706 
  0.1165125 85.65383 
  -0.01294853 82.71502 
  -0.1230826 80.27641 
  0.1588831 77.90971 
  -0.4670774 75.61279 
  -0.06813355 73.38358 
  -0.01376552 71.22009 
  0.01489198 69.12038 
  0.08125841 67.75508 
  0.6187676 67.75508 
  0.3773795 68.09386 
  0.6161548 67.41799 
  0.3294623 82.71502 
  0.4677465 93.6992 
  0.4695635 95.5873 
  0.7459249 96.54556 
  0.7494754 96.54556 
  0.7845896 96.54556 
  0.8930559 97.02828 
  0.9562401 97.51342 
  0.9634054 97.51342 
  0.9091567 97.51342 
  0.6214038 96.54556 
  0.4404685 109.3664 
  0.5995637 108.2809 
  0.3071103 114.3874 
  -0.03987233 125.1317 
  -0.178614 137.5696 
  0.0816339 150.4914 
  0.02898281 165.4501 
  -0.01532169 180.9906 
  -0.157097 197.9909 
  0.374667 216.5879 
  0.6380818 218.7592 
  0.8460046 218.7592 
  0.9633473 220.9523 
  0.9704119 225.4046 
  0.9780555 229.9466 
  0.9880325 234.5801 
  0.9953097 236.9318 
  0.9931297 238.1164 
  0.9939547 239.307 
  1.000059 240.5036 
  0.9977287 241.7061 
  0.9947762 240.5036 
  0.9877527 238.1164 
  0.9732938 233.4131 
  0.9554875 226.5316 
  0.9422597 216.5879 
  0.9135321 206.0505 
  0.8454679 193.1145 
  0.7614628 179.1942 
  0.6814366 169.6279 
  0.8179926 160.5723 
  0.6338504 157.4006 
  0.3326498 161.3751 
  0.3347541 168.784 
  0.4921333 175.6547 
  0.4764032 174.7808 
  0.5728659 171.3284 
  0.5721642 166.2773 
  0.1945672 159.7734 
  0.557019 148.9977 
  0.9243824 149.7427 
  0.9565266 148.9977 
  0.9390051 148.2564 
  0.8558231 147.5188 
  0.8181958 147.5188 
  0.7478059 148.9977 
  0.5757661 153.5239 
  0.5421241 159.7734 
  0.483251 166.2773 
  0.6968272 169.6279 
  0.7478281 169.6279 
  0.2868098 168.784 
  0.04241262 168.784 
  0.18912 168.784 
  0.08510347 168.784 
  -0.2727096 168.784 
  -0.09104802 168.784 
  -0.2770016 168.784 
  -0.1113745 168.784 
  -0.1298005 168.784 
  -0.2653994 168.784 
  -0.1271641 168.784 ]
