 [
  0.2511564 161.3751 
  0.2737388 161.3751 
  0.351059 161.3751 
  0.2569504 161.3751 
  0.06322353 161.3751 
  0.1405277 161.3751 
  -0.0970747 161.3751 
  -0.3231987 161.3751 
  -0.21178 161.3751 
  0.2221939 161.3751 
  0.08951129 161.3751 
  -0.02665185 161.3751 
  -0.328428 161.3751 
  0.006621925 161.3751 
  0.1766348 161.3751 
  0.01791305 161.3751 
  -0.007036945 161.3751 
  -0.1120691 161.3751 
  -0.1062974 161.3751 
  0.1324106 161.3751 
  -0.007553864 161.3751 
  0.2027729 161.3751 
  0.2907531 161.3751 
  0.1699654 161.3751 
  0.2652834 162.182 
  0.6806644 163.8079 
  0.8173693 162.182 
  0.9854506 162.182 
  0.9939767 162.182 
  0.9973986 162.182 
  0.9920498 162.182 
  0.9927589 162.9929 
  0.9522043 162.182 
  0.8615849 161.3751 
  0.743426 158.1876 
  0.1805497 156.6175 
  0.1404842 155.8383 
  -0.2391792 155.063 
  0.0110741 154.2915 
  0.004449285 153.5239 
  0.01108718 152.7601 
  0.01166856 152.0001 
  0.01626663 151.2439 
  0.1716397 150.4914 
  0.1094639 149.7427 
  -0.005337761 148.9977 
  -0.07355934 148.2564 
  0.005965779 147.5188 
  0.06163912 146.7849 
  0.0543353 146.0546 
  0.04120729 145.328 
  0.03680144 144.605 
  0.06649141 143.8855 
  0.04950094 143.1697 
  0.1653877 142.4574 
  0.07463704 141.7487 
  -0.04417071 141.0434 
  -0.1973136 140.3417 
  -0.2933546 139.6435 
  -0.2778614 138.9488 
  0.06283988 138.2575 
  0.1128213 137.5696 
  0.1804655 136.8852 
  -0.3898863 136.2042 
  -0.3586321 135.5266 
  -0.1694433 134.8523 
  0.01928425 134.1814 
  0.1488381 132.8496 
  0.7813005 130.8766 
  0.7958032 132.8496 
  0.9228663 132.8496 
  0.9752927 132.8496 
  0.9703831 132.8496 
  0.9104246 134.8523 
  0.9075985 136.8852 
  0.9505922 138.2575 
  0.8670204 141.0434 
  0.8613824 142.4574 
  0.8168392 143.8855 
  0.7030239 143.1697 
  0.006924218 142.4574 
  -0.1868844 141.0434 
  -0.1116261 140.3417 
  0.1381597 139.6435 
  0.1094519 138.9488 
  0.3099411 138.2575 
  0.04046576 137.5696 
  0.1184808 136.8852 
  0.08617927 136.2042 
  -0.05208886 134.8523 
  0.1563971 133.5138 
  0.4529967 132.1886 
  0.6708441 131.531 
  0.7526875 130.2255 
  0.9039039 128.2915 
  0.9827114 126.3862 
  0.9898403 124.5092 
  0.9824373 122.6601 
  0.9603245 120.8384 
  0.9449428 119.639 
  0.9527428 119.639 
  0.9681665 120.2372 
  0.9900247 120.8384 
  0.9918244 120.8384 
  0.9929309 120.8384 
  0.9866617 120.2372 
  0.9821942 119.639 
  0.9872069 119.0438 
  0.9588662 117.8622 
  0.9388983 116.6924 
  0.9421761 114.3874 
  0.9198556 112.6886 
  0.8660805 111.5702 
  0.7944615 111.5702 
  0.8195633 113.2521 
  0.8971261 116.1118 
  0.9202112 117.8622 
  0.925083 119.0438 
  0.9046036 119.0438 
  0.8055876 117.8622 
  0.7697961 115.5342 
  0.8790444 113.8184 
  0.9706828 113.2521 
  0.9866778 112.6886 
  0.9909589 112.128 
  0.9870633 111.5702 
  0.9761099 111.5702 
  0.9210176 111.0151 
  0.8410122 109.9132 
  0.9120742 109.3664 
  0.9552085 109.9132 
  0.9411613 111.0151 
  0.9259418 112.6886 
  0.9425021 112.6886 
  0.9538953 112.6886 
  0.9713009 112.6886 
  0.962503 112.128 
  0.855552 110.4628 
  0.7917702 107.7421 
  0.7940246 105.614 
  0.2894413 106.6728 
  0.04625463 107.7421 
  -0.04892714 108.8223 
  0.01959957 109.9132 
  0.1072163 111.0151 
  0.1075519 112.128 
  -0.0189591 113.2521 
  0.02878495 113.8184 
  0.1043642 114.3874 
  0.09735962 116.1118 
  -0.07922814 119.0438 
  0.3419496 122.0498 
  0.5237581 123.2734 
  0.76977 123.2734 
  0.7041453 122.6601 
  0.3648213 123.2734 
  -0.04172808 124.5092 
  -0.06732533 126.3862 
  -0.1991749 127.6532 
  0.257012 128.9329 
  0.1740632 130.8766 
  0.01974854 132.8496 
  0.02701248 134.8523 
  -0.0212167 137.5696 
  0.08820875 140.3417 
  0.0250947 143.8855 
  -0.006491934 146.7849 
  -0.05861333 148.2564 
  0.6831807 149.7427 
  0.8852927 148.2564 
  0.943371 149.7427 
  0.9612911 151.2439 
  0.9426079 153.5239 
  0.9221295 156.6175 
  0.9892608 159.7734 
  0.9909604 160.5723 
  0.9965665 161.3751 
  0.990702 161.3751 
  0.9597949 160.5723 
  0.7527075 156.6175 
  0.2253576 149.7427 
  0.3549179 140.3417 
  0.7786648 136.8852 
  0.9007394 135.5266 
  0.9112227 134.1814 
  0.9346341 132.8496 
  0.9475999 130.8766 
  0.9564708 128.9329 
  0.9778138 126.3862 
  0.9824181 125.1317 
  0.9937708 124.5092 
  0.9598781 125.1317 
  0.8004544 127.0181 
  0.7180834 127.0181 
  0.7745145 123.8897 
  0.9337845 123.2734 
  0.9553329 122.6601 
  0.9662892 123.2734 
  0.9825356 123.2734 
  0.9811577 122.6601 
  0.972861 122.0498 
  0.9155862 121.4426 
  0.834345 120.2372 
  0.676526 119.639 
  0.9762072 119.0438 
  0.9954537 118.4515 
  0.9664357 117.8622 
  0.8136542 117.2759 
  0.3877796 117.2759 
  0.02058203 117.2759 
  0.08660145 117.8622 
  0.3167356 118.4515 
  0.8075479 119.0438 
  0.8572714 119.639 
  0.8701969 120.2372 
  0.8924993 121.4426 
  0.9303064 121.4426 
  0.9598923 121.4426 
  0.9833911 120.8384 
  0.9186901 120.2372 
  0.7665296 119.639 
  0.5929775 118.4515 
  -0.02555419 116.1118 
  0.1831151 114.9594 
  0.2486318 114.3874 
  -0.04018776 113.2521 
  -0.08550914 112.128 
  0.2442468 111.0151 
  0.2631581 110.4628 
  0.2815362 109.9132 
  0.2196901 108.8223 
  0.2511601 108.2809 
  0.2510903 107.7421 
  0.04408802 107.2061 
  0.1303391 106.6728 
  0.2141928 106.6728 
  0.2166852 107.2061 
  0.4602024 108.2809 
  -0.1357712 108.8223 
  -0.0879066 109.3664 
  -0.02474252 109.9132 
  0.03135061 110.4628 
  0.06213353 111.0151 
  -0.06026595 112.128 
  -0.1446591 112.6886 
  0.5761501 113.8184 
  0.3889813 115.5342 
  0.2749361 113.8184 
  0.375367 109.3664 
  0.6112393 106.6728 
  0.849017 104.5657 
  0.9046648 104.5657 
  0.897671 103.5278 
  0.8902956 101.9903 
  0.8322029 101.4829 
  0.6037737 99.97575 
  0.8012587 99.47836 
  0.8233899 101.4829 
  0.938896 103.0128 
  0.9422093 103.0128 
  0.9123816 102.5003 
  0.8586652 101.9903 
  0.7763766 101.9903 
  0.7248418 101.4829 
  0.5429465 101.4829 
  0.3115969 101.4829 
  -0.1484842 101.4829 
  -0.100711 101.4829 
  0.0325533 101.4829 
  0.2467483 101.4829 
  0.1330426 101.4829 
  0.1654643 101.4829 
  0.0241834 101.4829 
  -0.05455289 101.4829 
  -0.02888742 101.4829 
  -0.1244477 101.4829 
  -0.1163354 101.4829 
  0.0102882 101.4829 
  0.01958401 101.4829 
  0.1849058 101.4829 
  0.3111022 101.4829 ]
