 [
  0.1563236 110.4628 
  0.257169 110.4628 
  0.04053355 110.4628 
  0.0576399 110.4628 
  0.05485324 110.4628 
  -0.1039502 110.4628 
  -0.07146126 110.4628 
  -0.1085831 110.4628 
  0.1492828 110.4628 
  0.4076577 110.4628 
  0.7705979 110.4628 
  0.4963085 110.4628 
  0.4753433 108.2809 
  0.7164864 105.614 
  0.9330224 104.5657 
  0.8447809 104.0455 
  0.8104681 103.5278 
  0.8279338 101.4829 
  0.8836525 100.4756 
  0.8373828 100.4756 
  0.8097417 99.97575 
  0.7830215 98.98344 
  0.8190435 97.51342 
  0.8354801 96.06523 
  0.9016818 95.5873 
  0.9348515 95.11173 
  0.9019986 96.06523 
  0.7000696 98.00098 
  0.5604122 101.4829 
  0.7275899 106.6728 
  0.7378643 108.8223 
  0.8298938 112.128 
  0.9361511 113.8184 
  0.9588135 114.9594 
  0.9742074 116.1118 
  0.9744886 116.1118 
  0.9646931 115.5342 
  0.9356369 114.3874 
  0.8959458 112.6886 
  0.9074273 109.9132 
  0.4819492 108.8223 
  0.2806526 108.2809 
  0.0410149 107.7421 
  -0.02705539 107.2061 
  -0.1049548 106.6728 
  0.0761954 106.142 
  0.1186923 105.614 
  -0.03439289 104.5657 
  0.01230393 104.0455 
  0.1732076 103.5278 
  0.560596 104.5657 
  0.6751267 105.614 
  0.4848088 103.5278 
  0.2329298 98.98344 
  0.5314834 95.5873 
  0.2568836 90.48434 
  0.3292165 95.11173 
  0.2901879 96.54556 
  0.2866241 96.54556 
  0.2309242 96.54556 
  0.301661 95.11173 
  0.4678912 95.11173 
  0.3874886 94.63854 
  0.3305362 96.06523 
  0.3938615 100.978 
  0.5076388 103.0128 
  0.811789 103.5278 
  0.9403382 104.5657 
  0.7749818 103.0128 
  0.7901785 103.5278 
  0.8760493 104.0455 
  0.9592365 104.0455 
  0.9439767 104.0455 
  0.9456036 104.5657 
  0.9722047 104.5657 
  0.937406 104.0455 
  0.9331111 102.5003 
  0.9016168 100.978 
  0.6740685 99.47836 
  0.1169726 101.9903 
  0.3430915 102.5003 
  0.3439897 103.5278 
  0.408422 105.0885 
  0.1556772 105.614 
  8.565839e-05 105.614 
  -0.02696169 105.614 
  0.1230803 106.142 
  0.1677492 106.6728 
  0.3153559 107.7421 
  0.3153581 108.8223 
  0.2680608 109.9132 
  0.1924861 110.4628 
  0.0631189 111.5702 
  0.7038878 110.4628 
  0.8573431 109.9132 
  0.9357737 108.2809 
  0.9536284 107.2061 
  0.9527711 106.142 
  0.9674889 105.0885 
  0.9242105 104.0455 
  0.8428899 102.5003 
  0.7778586 100.4756 
  0.1118277 99.97575 
  -0.3522739 99.97575 
  0.001639459 99.97575 
  0.008653535 99.97575 
  -0.03209294 99.97575 
  0.07900764 99.97575 
  0.1254983 99.97575 
  0.0671814 99.97575 
  0.1568267 99.97575 
  0.1435292 99.97575 
  0.09655901 100.4756 
  0.08314442 100.978 
  0.07101763 101.4829 
  0.002946678 101.9903 
  -0.07724498 102.5003 
  -0.01918806 103.0128 
  0.07280087 103.5278 
  0.71964 104.0455 
  0.7556434 106.142 
  0.32527 105.0885 
  0.3813479 104.5657 
  0.1653084 100.978 
  0.2632381 107.2061 
  0.6069404 114.9594 
  0.291481 115.5342 
  0.6290166 115.5342 
  0.1203455 114.9594 
  -0.04225091 114.3874 
  -0.113641 113.8184 
  0.1718465 113.2521 
  0.1837823 112.6886 
  0.09648248 112.128 
  0.1880092 111.5702 
  0.1439729 111.0151 
  0.0682817 111.0151 
  -0.05814629 110.4628 
  -0.1254909 109.9132 
  -0.1834752 109.3664 
  0.4924544 108.8223 
  0.2499159 108.2809 
  0.2431755 107.7421 
  0.2228336 107.2061 
  -0.07376836 106.6728 
  0.1145357 106.142 
  0.2626172 104.0455 
  0.6168184 90.48434 
  0.4390546 90.03418 
  0.4057096 100.978 
  0.3680304 102.5003 
  0.2477353 91.39146 
  0.5877647 95.5873 
  0.8858922 96.06523 
  0.8730454 94.63854 
  0.8020607 93.6992 
  0.774682 92.30766 
  -0.3542202 92.30766 
  -0.1255077 92.30766 
  -0.1212747 92.7692 
  0.02314398 93.23304 
  -0.01590895 93.6992 
  0.1288144 94.1677 
  -0.1031499 94.63854 
  -0.01072506 94.63854 
  -0.05329767 95.11173 
  -0.2299489 95.5873 
  0.02876795 96.06523 
  0.1334008 96.54556 
  0.4476052 99.97575 
  0.4867387 92.30766 
  0.9340016 91.84841 
  0.8213695 90.93677 
  0.9137771 90.48434 
  0.9667941 90.03418 
  0.9718549 90.48434 
  0.9457517 90.48434 
  0.9389051 90.48434 
  0.9139301 91.39146 
  0.8248866 92.7692 
  0.4846589 93.23304 
  -0.02421214 91.84841 
  0.01642383 91.84841 
  -0.05492987 91.84841 
  0.132071 91.84841 
  -0.2605049 91.84841 
  -0.2361223 91.84841 
  0.1281562 91.84841 
  0.0581953 91.84841 
  -0.07793039 91.84841 
  -0.06319317 91.84841 ]
