 [
  -0.220694 176.533 
  -0.1915651 176.533 
  0.007763598 176.533 
  -0.3047549 176.533 
  -0.1888574 176.533 
  -0.1326119 176.533 
  0.08123799 176.533 
  0.1176972 176.533 
  0.1622241 176.533 
  0.2252565 176.533 
  0.01321083 176.533 
  -0.2981585 176.533 
  -0.3299847 176.533 
  -0.07054441 176.533 
  0.495699 176.533 
  0.6241623 191.1978 
  0.8452477 192.1537 
  0.980589 193.1145 
  0.9850824 194.0801 
  0.9845536 196.0257 
  0.9867238 197.9909 
  0.9852742 197.9909 
  0.9748874 197.0059 
  0.9540395 197.0059 
  0.9890528 199.9758 
  0.9985943 201.9805 
  0.9984758 201.9805 
  0.9924858 200.9756 
  0.9747454 199.9758 
  0.9145928 197.9909 
  0.5061635 196.0257 
  -0.009174823 193.1145 
  0.2057129 190.2465 
  0.2392468 187.4211 
  0.1201873 184.6377 
  0.09636321 181.8956 
  0.0005258452 179.1942 
  -0.0948021 180.0902 
  -0.2910899 185.5609 
  0.060754 192.1537 
  0.118942 197.0059 
  0.1731861 198.9809 
  0.7561945 201.9805 
  0.8538828 197.0059 
  0.919942 192.1537 
  0.941305 186.4887 
  0.9417576 180.9906 
  0.9406161 175.6547 
  0.9346784 171.3284 
  0.8781268 167.9442 
  0.7259877 167.9442 
  0.3932003 171.3284 
  0.4098654 176.533 
  0.3310658 182.8051 
  0.545577 189.3 
  0.8343981 196.0257 
  0.8979458 199.9758 
  0.9239898 205.0254 
  0.9597713 207.0808 
  0.9700884 209.1568 
  0.9815036 211.2535 
  0.975143 213.3714 
  0.9728171 216.5879 
  0.9547811 219.853 
  0.9555183 224.2832 
  0.9124525 228.8026 
  0.8727905 231.0963 
  0.8368852 226.5316 
  0.5792882 218.7592 
  0.05086847 210.2025 
  0.006985779 201.9805 
  0.3914098 201.9805 
  0.3322607 205.0254 
  0.1248501 206.0505 
  0.1817305 206.0505 
  -0.02346406 206.0505 
  0.1560439 206.0505 
  -0.08625419 206.0505 
  -0.09878476 206.0505 
  0.1909343 206.0505 
  -0.08987031 206.0505 
  0.05498568 206.0505 
  0.3557525 206.0505 
  0.2938564 205.0254 
  0.1027805 204.0054 
  -0.006201877 202.9904 
  -0.08899011 202.9904 
  0.106854 202.9904 
  0.5291045 204.0054 
  0.4694893 201.9805 
  0.6600574 197.0059 
  0.75378 187.4211 
  0.9423657 180.0902 
  0.9743794 174.7808 
  0.9847163 170.476 
  0.9813452 167.9442 
  0.9828761 165.4501 
  0.8805636 163.8079 
  0.8343691 162.9929 
  0.8331756 162.9929 
  0.6376189 163.8079 
  -0.07333191 163.8079 
  -0.05047834 163.8079 
  0.01421154 163.8079 
  0.003406864 164.6269 
  -0.161452 165.4501 
  -0.02001511 166.2773 
  -0.1067597 167.1087 
  0.01358938 167.9442 
  -0.1073222 168.784 
  -0.02050896 169.6279 
  -0.03663426 170.476 
  -0.06128366 170.476 
  0.4101588 170.476 
  0.2042844 162.9929 
  0.571373 163.8079 
  0.9736253 163.8079 
  0.9189883 162.182 
  0.8422668 159.7734 
  0.8576779 156.6175 
  0.7895126 153.5239 
  0.5434763 153.5239 
  0.4305664 150.4914 
  0.6526587 146.0546 
  0.4572506 146.7849 
  0.336034 152.0001 
  0.2221904 156.6175 
  0.07235616 174.7808 
  0.5507472 182.8051 
  0.6041377 183.7191 
  0.4974082 183.7191 
  0.5395152 185.5609 
  0.5275713 185.5609 
  0.3421726 186.4887 
  0.2749576 187.4211 
  0.06445516 188.3582 
  0.08285209 189.3 
  -0.06421997 191.1978 
  -0.04992722 193.1145 
  0.1489789 195.0505 
  0.07879378 197.0059 
  0.04235878 197.9909 
  -0.04110007 198.9809 
  -0.015962 199.9758 
  0.1054007 200.9756 
  -0.009414792 201.9805 
  -0.07030512 202.9904 
  -0.0514047 204.0054 
  -0.01244187 205.0254 
  0.05891874 206.0505 
  0.03322185 207.0808 
  -0.0491624 208.1162 
  -0.02708536 209.1568 
  0.2609505 210.2025 
  0.4663989 211.2535 
  0.3478324 212.3098 
  0.2181281 213.3714 
  0.2402649 215.5104 
  0.05954123 217.6709 
  0.3164807 218.7592 
  0.1214544 219.853 
  0.1431622 222.057 
  -0.019045 224.2832 
  -0.1071925 226.5316 
  -0.02527224 228.8026 
  0.01810622 231.0963 
  0.0049234 233.4131 
  -0.0396072 235.753 
  -0.0188743 238.1164 
  -0.04401577 240.5036 
  -0.05885907 242.9146 
  0.0513092 244.1292 
  0.3102967 245.3498 
  0.3274126 246.5766 
  0.1717724 247.8095 
  0.073751 249.0485 
  0.1241674 250.2938 
  0.1546423 251.5452 
  0.15016 252.8029 
  0.276938 254.067 
  0.03985079 255.3373 
  0.1987741 256.614 
  0.2756149 257.8971 
  0.4124794 259.1866 
  0.09927609 260.4825 
  -0.08769182 261.7849 
  -0.1101528 263.0938 
  0.08459722 265.7313 
  0.1933539 268.3953 
  0.2459645 271.0859 
  0.0565117 275.1726 
  -0.04991948 280.7175 
  0.0468773 287.806 
  0.2367014 295.0734 
  0.8077034 299.5217 
  0.911135 299.5217 
  0.9776518 301.0193 
  0.9879418 302.5244 
  0.986239 305.5572 
  0.9949259 305.5572 
  0.9932353 305.5572 
  0.9808972 302.5244 
  0.9249832 296.5488 
  0.8554884 287.806 
  0.7732817 276.5485 
  0.5908079 261.7849 
  0.4752969 244.1292 
  0.4382274 226.5316 
  0.4047487 212.3098 
  0.396927 195.0505 
  0.4652058 175.6547 
  0.3129266 155.063 
  0.5210542 143.8855 
  0.2084478 137.5696 
  0.4576235 134.8523 
  0.3814427 134.8523 
  0.4350143 134.8523 
  0.4091052 134.8523 
  0.2174242 133.5138 
  0.3227917 132.8496 
  0.2988327 132.1886 
  0.1135968 131.531 
  0.0550258 130.8766 
  -0.1177452 130.2255 
  -0.05998402 130.2255 
  0.1770718 130.2255 
  0.09603237 130.2255 
  0.1805882 130.2255 
  -0.0627063 130.2255 
  0.2351645 130.2255 ]
