 [
  0.1563015 254.067 
  0.2946692 254.067 
  0.08754396 254.067 
  0.100924 254.067 
  0.1215794 254.067 
  0.2307193 254.067 
  0.3317942 254.067 
  0.0938326 254.067 
  0.3084865 254.067 
  0.2602183 254.067 
  0.7100449 254.067 
  0.927537 254.067 
  0.9599829 257.8971 
  0.9839735 256.614 
  0.9938911 255.3373 
  0.9964864 255.3373 
  0.9985934 254.067 
  0.993589 252.8029 
  0.9953275 250.2938 
  0.9956347 249.0485 
  0.9844559 247.8095 
  0.9750667 245.3498 
  0.9759116 241.7061 
  0.9883513 244.1292 
  0.9925626 249.0485 
  0.9749182 255.3373 
  0.9751708 263.0938 
  0.9857887 269.7372 
  0.9963583 272.4414 
  0.999801 273.8036 
  0.9997 273.8036 
  0.9943753 273.8036 
  0.9775511 272.4414 
  0.9564984 268.3953 
  0.9995193 265.7313 
  0.9998514 264.4093 
  0.9992985 263.0938 
  0.9973942 260.4825 
  0.9947869 256.614 
  0.9854962 251.5452 
  0.9666006 247.8095 
  0.9268781 245.3498 
  0.7649739 245.3498 
  -0.02782224 245.3498 
  -0.08875309 245.3498 
  -0.2581657 246.5766 
  0.3597481 246.5766 
  0.8933904 246.5766 
  0.9646901 245.3498 
  0.9916846 246.5766 
  0.995801 245.3498 
  0.9955078 244.1292 
  0.9932134 241.7061 
  0.9768124 239.307 
  0.9488841 236.9318 
  0.8369085 232.2518 
  0.9866916 232.2518 
  0.9955095 234.5801 
  0.9975761 236.9318 
  0.9979287 240.5036 
  0.9986156 242.9146 
  0.998766 245.3498 
  0.998859 246.5766 
  0.9951693 247.8095 
  0.9713916 247.8095 
  0.7957214 247.8095 
  0.2207989 249.0485 
  -0.1827626 250.2938 
  -0.05238922 250.2938 
  0.1340531 249.0485 
  0.6401817 247.8095 
  0.9150985 246.5766 
  0.9893211 245.3498 
  0.9969707 244.1292 
  0.9942256 241.7061 
  0.9910641 238.1164 
  0.9914707 233.4131 
  0.9951423 228.8026 
  0.9978604 225.4046 
  0.9988896 224.2832 
  0.9989568 224.2832 
  0.9989473 225.4046 
  0.9994831 225.4046 
  1.000029 226.5316 
  1.000003 227.6642 
  0.9999721 228.8026 
  1.000087 228.8026 
  0.9998603 229.9466 
  0.9997066 229.9466 
  0.9995973 229.9466 
  1.000123 231.0963 
  0.9996909 229.9466 
  0.9988087 229.9466 
  0.9967538 228.8026 
  0.9929674 227.6642 
  0.9785243 226.5316 
  0.9530603 225.4046 
  0.9298499 225.4046 
  0.7648386 225.4046 
  0.1239934 225.4046 
  -0.1455319 225.4046 
  -0.1516196 225.4046 
  0.1489698 224.2832 
  0.1450569 223.1673 
  0.2044721 223.1673 
  0.2081773 223.1673 
  0.1863565 223.1673 
  0.6725507 222.057 
  0.8883447 220.9523 
  0.9087195 219.853 
  0.9592468 218.7592 
  0.976216 219.853 
  0.9856911 222.057 
  0.9812263 223.1673 
  0.9884797 224.2832 
  0.9879953 223.1673 
  0.9899856 223.1673 
  0.9918292 222.057 
  0.9876267 220.9523 
  0.9728987 220.9523 
  0.9669941 224.2832 
  0.9870219 228.8026 
  0.9768077 232.2518 
  0.9827699 233.4131 
  0.8777544 233.4131 
  0.4514525 228.8026 
  -0.5665528 228.8026 
  0.05675907 231.0963 
  0.1735183 232.2518 
  0.3098121 233.4131 
  0.2631367 234.5801 
  0.4462654 234.5801 
  0.2926835 234.5801 
  0.5838035 235.753 
  0.09430002 235.753 
  -0.02986961 235.753 
  -0.2117208 236.9318 
  -0.06771994 238.1164 
  -0.08029005 239.307 
  -0.3327297 239.307 
  0.3450561 239.307 
  0.8302037 241.7061 
  0.9137036 238.1164 
  0.9811073 234.5801 
  0.9857656 231.0963 
  0.9970753 227.6642 
  0.999578 226.5316 
  0.9997525 225.4046 
  0.9998538 225.4046 
  0.9987417 226.5316 
  0.9997038 226.5316 
  1.00053 226.5316 
  0.9988774 226.5316 
  0.9882395 225.4046 
  0.970556 224.2832 
  0.9342588 223.1673 
  0.5209621 223.1673 
  0.1235127 223.1673 
  0.1615772 223.1673 
  0.04898357 223.1673 
  -0.1441417 223.1673 
  -0.1970309 223.1673 
  0.0375116 223.1673 
  -0.07313089 223.1673 
  0.1396696 223.1673 
  0.3213531 223.1673 
  0.2360232 223.1673 
  0.4326941 223.1673 
  -0.09307586 223.1673 
  0.08304571 223.1673 
  0.2018129 223.1673 
  0.09680723 223.1673 
  -0.2056042 223.1673 
  -0.07451668 223.1673 
  0.3376161 223.1673 
  0.798055 225.4046 
  0.9054809 220.9523 
  0.9567897 218.7592 
  0.9834118 216.5879 
  0.981499 215.5104 
  0.9925649 213.3714 
  0.9910349 212.3098 
  0.9951984 211.2535 
  0.9977261 211.2535 
  0.9970916 211.2535 
  0.9905025 212.3098 
  0.988562 213.3714 
  0.9941539 214.4382 
  0.9931647 214.4382 
  0.9951432 214.4382 
  0.9931046 214.4382 
  0.981285 213.3714 
  0.9628881 212.3098 
  0.9551799 212.3098 
  0.9870083 215.5104 
  0.9854113 217.6709 
  0.9843278 216.5879 
  0.9896161 216.5879 
  0.9935757 216.5879 
  0.968864 215.5104 
  0.9385568 213.3714 
  0.9180439 211.2535 
  0.9943717 210.2025 
  0.9945738 210.2025 
  0.989867 211.2535 
  0.9824657 212.3098 
  0.757368 215.5104 
  0.9078298 217.6709 
  0.9553025 217.6709 
  0.9877675 217.6709 
  0.9863032 216.5879 
  0.9901296 216.5879 
  0.9878573 215.5104 
  0.9879963 214.4382 
  0.9936041 213.3714 
  0.989531 212.3098 
  0.9852727 211.2535 
  0.9932382 209.1568 
  0.9958869 208.1162 
  0.9910527 208.1162 
  0.9915095 208.1162 
  0.992481 208.1162 
  0.9939359 207.0808 
  0.9946714 207.0808 
  0.9964572 207.0808 
  0.98911 208.1162 
  0.9849042 209.1568 
  0.9924947 210.2025 
  0.9916007 209.1568 
  0.988212 208.1162 
  0.9328077 206.0505 
  0.8602045 205.0254 
  0.4866577 204.0054 
  0.9274178 204.0054 
  0.8608723 205.0254 
  0.8028461 206.0505 
  0.7750802 207.0808 
  0.1007969 208.1162 
  0.2317942 210.2025 
  0.7723511 212.3098 
  0.9295263 209.1568 
  0.9679625 208.1162 
  0.9928925 206.0505 
  0.9898621 204.0054 
  0.9944927 200.9756 
  0.9956027 198.9809 
  0.997182 197.9909 
  0.9983718 196.0257 
  0.9990465 195.0505 
  0.9988068 194.0801 
  0.9994559 194.0801 
  0.9997742 194.0801 
  0.999948 194.0801 
  1.000004 195.0505 
  0.9979471 196.0257 
  0.9879063 197.0059 
  0.9779747 197.0059 
  0.9499999 197.0059 
  0.8691861 197.0059 
  0.2718635 197.0059 
  0.006970251 197.0059 
  -0.02711042 197.0059 
  0.06990252 197.0059 
  -0.0656773 197.0059 
  -0.003399598 197.9909 
  0.0526599 198.9809 
  0.03751853 199.9758 
  -0.03090539 199.9758 
  0.01856945 200.9756 
  0.1198921 201.9805 
  0.22657 202.9904 
  0.3177095 202.9904 
  0.6886915 204.0054 
  0.8970438 204.0054 
  0.944671 202.9904 
  0.9851189 201.9805 
  0.9976653 199.9758 
  0.9967522 198.9809 
  0.9913152 197.9909 
  0.9840801 197.0059 
  0.9398624 197.0059 
  0.826776 197.0059 
  0.8091072 197.9909 
  0.9103656 199.9758 
  0.9649116 202.9904 
  0.9902166 205.0254 
  0.9943617 206.0505 
  0.9966872 206.0505 
  0.9932357 205.0254 
  0.9836742 201.9805 
  0.9702218 198.9809 
  0.9416044 197.0059 
  0.9272192 195.0505 
  0.3804932 193.1145 
  0.2783625 191.1978 
  0.3497497 189.3 
  0.06540222 187.4211 
  0.2804805 185.5609 
  0.005853847 185.5609 
  -0.01819997 187.4211 
  -0.07848427 190.2465 
  -0.07647824 191.1978 
  0.05274015 192.1537 
  0.4501429 194.0801 
  0.6933335 195.0505 
  0.7442587 196.0257 
  0.8256776 196.0257 
  0.9416108 197.0059 
  0.9459427 196.0257 
  0.9719766 195.0505 
  0.9762064 194.0801 
  0.9847174 192.1537 
  0.9907166 191.1978 
  0.9863437 191.1978 
  0.9790624 191.1978 
  0.9779096 190.2465 
  0.9706861 190.2465 
  0.9705918 190.2465 
  0.9829425 191.1978 
  0.9768524 190.2465 
  0.9779274 189.3 
  0.982135 189.3 
  0.9841291 190.2465 
  0.9862996 190.2465 
  0.9844992 190.2465 
  0.9891811 190.2465 
  0.9919853 190.2465 
  0.9929504 190.2465 
  0.9819692 190.2465 
  0.9674432 190.2465 
  0.9426907 190.2465 
  0.9281894 190.2465 
  0.1892577 190.2465 
  0.01536379 190.2465 
  -0.005114007 190.2465 
  0.1262137 190.2465 
  -0.08480167 190.2465 
  -0.129591 190.2465 
  -0.1527767 190.2465 
  -0.2366972 190.2465 
  -0.2249041 190.2465 
  -0.04085401 190.2465 
  0.05990165 190.2465 
  0.0860597 190.2465 
  -0.08464039 190.2465 
  -0.06160212 190.2465 
  0.08354345 190.2465 
  -0.02986014 190.2465 
  0.2539223 190.2465 
  0.09521087 190.2465 
  -0.1103649 190.2465 ]
