 [
  0.08118061 244.1292 
  -0.1153033 244.1292 
  -0.273619 244.1292 
  -0.324167 244.1292 
  -0.2916645 244.1292 
  -0.2086183 244.1292 
  -0.08092215 244.1292 
  -0.02294456 244.1292 
  -0.03143938 244.1292 
  -0.1823428 244.1292 
  -0.09950156 244.1292 
  0.08170044 244.1292 
  -0.1898209 244.1292 
  -0.05297 244.1292 
  -0.01846068 244.1292 
  0.131359 244.1292 
  0.0334507 244.1292 
  -0.00330819 244.1292 
  -0.09637529 244.1292 
  -0.0901536 244.1292 
  -0.09081072 244.1292 
  -0.2252291 244.1292 
  -0.1575089 244.1292 
  0.06284496 244.1292 
  0.3860566 244.1292 
  0.8771091 246.5766 
  0.945866 246.5766 
  0.9528594 244.1292 
  0.9602721 240.5036 
  0.9814134 238.1164 
  0.989726 239.307 
  0.988202 240.5036 
  0.9798365 242.9146 
  0.9849784 245.3498 
  0.9873912 247.8095 
  0.9899915 250.2938 
  0.9826803 252.8029 
  0.9844149 256.614 
  0.9875477 259.1866 
  0.9938298 261.7849 
  0.9945064 264.4093 
  0.993623 267.06 
  0.9928407 267.06 
  0.9943889 269.7372 
  0.9952714 269.7372 
  0.9953219 271.0859 
  0.9954628 269.7372 
  0.9928994 268.3953 
  0.988827 264.4093 
  0.9833808 259.1866 
  0.9754268 254.067 
  0.9547068 251.5452 
  0.8718377 250.2938 
  0.5376541 250.2938 
  0.273406 250.2938 
  0.06342444 251.5452 
  0.1850721 251.5452 
  0.4238671 251.5452 
  0.3984425 252.8029 
  0.2341255 254.067 
  0.1155138 255.3373 
  0.02958765 256.614 
  -0.1019272 256.614 
  0.02830048 255.3373 
  0.456831 251.5452 
  0.7350359 245.3498 
  0.9389688 240.5036 
  0.9824551 238.1164 
  0.9648347 234.5801 
  0.93775 229.9466 
  0.6901796 227.6642 
  0.7346119 225.4046 
  0.8005382 223.1673 
  0.5361868 220.9523 
  0.07461411 218.7592 
  -0.02995175 217.6709 
  -0.04734518 215.5104 
  0.1798754 213.3714 
  0.1311447 211.2535 
  0.7029071 208.1162 
  0.8487219 206.0505 
  0.9924909 204.0054 
  0.9936349 202.9904 
  0.9862191 200.9756 
  0.9587553 198.9809 
  0.9119167 197.9909 
  0.7805231 198.9809 
  0.4098648 200.9756 
  0.07724952 202.9904 
  0.05071767 205.0254 
  0.09900582 207.0808 
  0.09586223 209.1568 
  0.2602976 212.3098 
  0.09076411 215.5104 
  0.02031993 218.7592 
  -0.1560714 222.057 
  -0.1736588 224.2832 
  -0.2091035 226.5316 
  -0.002887823 228.8026 
  0.454711 231.0963 
  0.6501666 232.2518 
  0.8634826 227.6642 
  0.9763413 225.4046 
  0.9958712 224.2832 
  0.9926729 224.2832 
  0.9921982 223.1673 
  0.9900274 219.853 
  0.9886252 218.7592 
  0.9960855 216.5879 
  0.9907513 215.5104 
  0.9921731 213.3714 
  0.9846429 212.3098 
  0.9647165 209.1568 
  0.9634607 206.0505 
  0.966052 202.9904 
  0.9796932 199.9758 
  0.9746055 197.0059 
  0.9678311 195.0505 
  0.9790083 192.1537 
  0.9760862 190.2465 
  0.9771422 187.4211 
  0.9882185 186.4887 
  0.9933496 184.6377 
  0.9856588 183.7191 
  0.9901164 182.8051 
  0.9958076 182.8051 
  0.9914833 182.8051 
  0.9894531 182.8051 
  0.9844004 182.8051 
  0.9745346 183.7191 
  0.9530325 184.6377 
  0.9698138 186.4887 
  0.949635 187.4211 
  0.9604779 187.4211 
  0.9424404 187.4211 
  0.9009444 187.4211 
  0.8087149 187.4211 
  0.6420465 187.4211 
  0.1720459 187.4211 
  -0.07344636 187.4211 
  -0.09534295 187.4211 
  -0.2056558 187.4211 
  -0.02033657 187.4211 
  -0.00576424 187.4211 
  0.02307737 187.4211 
  -0.1157597 187.4211 
  0.04170217 187.4211 
  -0.03248008 187.4211 
  -0.05669182 187.4211 
  0.1452459 187.4211 
  -0.114556 187.4211 
  -0.1792721 187.4211 
  0.01592286 187.4211 
  0.19265 187.4211 
  0.295731 187.4211 
  0.2118255 188.3582 
  0.01048536 188.3582 
  -0.007767172 188.3582 
  -0.112555 189.3 
  -0.06231948 189.3 
  -0.0629238 189.3 
  0.1809052 190.2465 
  0.01747841 191.1978 
  -0.1984605 192.1537 
  -0.3581285 193.1145 
  -0.2413681 194.0801 
  -0.1651185 195.0505 
  -0.03937216 196.0257 
  0.06013986 197.0059 
  0.3047415 197.9909 
  0.0999622 198.9809 
  0.1204645 199.9758 
  0.1327037 200.9756 
  0.1414432 201.9805 
  0.1025069 202.9904 
  0.1564155 204.0054 
  0.2524717 205.0254 
  0.05725791 206.0505 
  0.06871811 207.0808 
  0.2471999 208.1162 
  0.5885122 209.1568 
  0.07160714 209.1568 
  0.7143998 207.0808 
  0.7998552 204.0054 
  0.9243835 200.9756 
  0.9790756 198.9809 
  0.9439763 198.9809 
  0.9191837 198.9809 
  0.7932658 199.9758 
  0.7094529 201.9805 
  0.4754832 204.0054 
  0.1210223 207.0808 
  -0.04663083 210.2025 
  -0.005776722 212.3098 
  -0.1208963 214.4382 
  0.07208124 216.5879 
  0.2529746 219.853 
  0.7300996 223.1673 
  0.7635212 216.5879 
  0.8141621 211.2535 
  0.9726784 205.0254 
  0.9913878 202.9904 
  0.9826213 201.9805 
  0.9840958 200.9756 
  0.9893371 199.9758 
  0.987522 197.9909 
  0.9509559 197.0059 
  0.9016082 195.0505 
  0.7836908 194.0801 
  0.7805927 194.0801 
  0.8183121 195.0505 
  0.6435519 196.0257 
  0.1121266 197.0059 
  -0.1764182 197.0059 
  0.8315957 197.9909 
  0.9130353 198.9809 
  0.9899882 199.9758 
  0.9978392 199.9758 
  0.9953837 200.9756 
  0.9901247 199.9758 
  0.9651214 201.9805 
  0.9441018 205.0254 
  0.9500063 206.0505 
  0.8981747 204.0054 
  0.5109497 196.0257 
  0.6315539 185.5609 
  0.6377323 180.9906 
  0.2900246 180.0902 
  0.1479637 178.3027 
  0.5139229 184.6377 
  -0.1103278 191.1978 
  -0.1216546 197.9909 
  0.3786331 206.0505 
  0.4694204 213.3714 
  0.7336411 220.9523 
  0.9037679 224.2832 
  0.9583627 223.1673 
  0.9910376 222.057 
  0.9897637 222.057 
  0.9875211 219.853 
  0.9905828 217.6709 
  0.9391797 216.5879 
  0.8727943 214.4382 
  0.7924853 210.2025 
  0.8345636 210.2025 
  0.3906837 211.2535 
  0.3261537 212.3098 
  0.1225556 213.3714 
  0.005357218 214.4382 
  -0.100308 216.5879 
  -0.02707224 218.7592 
  -0.02933044 220.9523 
  0.1025366 223.1673 
  -0.01908422 225.4046 
  0.3915749 227.6642 
  0.3059011 228.8026 
  0.1177866 228.8026 
  -0.04825947 226.5316 
  -0.04954063 223.1673 
  0.5651162 219.853 
  0.7847845 216.5879 
  0.8415666 209.1568 
  0.9063014 207.0808 
  0.9680651 204.0054 
  0.9596145 200.9756 
  0.971978 198.9809 
  0.9878641 197.0059 
  0.9953235 196.0257 
  0.9925768 195.0505 
  0.9796451 195.0505 
  0.9885548 195.0505 
  0.9489906 194.0801 
  0.8812071 194.0801 
  0.8018973 195.0505 
  0.2543197 196.0257 
  0.03543402 197.0059 
  0.1754159 198.9809 
  0.1444719 200.9756 
  0.1201653 201.9805 
  0.1157681 202.9904 
  0.5816245 204.0054 
  0.6042424 205.0254 
  0.6968951 197.0059 
  0.8299843 194.0801 
  0.9215096 191.1978 
  0.8319199 188.3582 
  0.9637889 189.3 
  0.9796294 189.3 
  0.9867598 188.3582 
  0.9922923 187.4211 
  0.9958076 186.4887 
  0.995633 185.5609 
  0.9931679 184.6377 
  0.9884216 183.7191 
  0.9862442 182.8051 
  0.9807556 183.7191 
  0.9828488 184.6377 
  0.9819984 185.5609 
  0.9475678 186.4887 
  0.8732808 187.4211 
  0.3855887 188.3582 
  -0.02609305 190.2465 
  -0.3755745 192.1537 
  -0.2745177 193.1145 
  -0.158013 194.0801 
  -0.05978311 195.0505 
  0.348802 196.0257 
  0.3810218 195.0505 
  0.6027642 192.1537 
  0.9580114 189.3 
  0.9173837 187.4211 
  0.8154864 187.4211 
  0.9842427 188.3582 
  0.9431469 188.3582 
  0.9411271 188.3582 
  0.9619227 187.4211 
  0.9912922 187.4211 
  0.9908139 187.4211 
  0.9903426 186.4887 
  0.990263 186.4887 
  0.9855189 186.4887 
  0.9783113 187.4211 
  0.9753444 188.3582 
  0.9774427 188.3582 
  0.9817829 188.3582 
  0.9866573 188.3582 
  0.9910017 187.4211 
  0.9545089 186.4887 
  0.9177664 184.6377 
  0.7200642 185.5609 
  0.90867 192.1537 
  0.9619716 194.0801 
  0.9869869 195.0505 
  0.9942432 195.0505 
  0.9966237 196.0257 
  0.9965704 196.0257 
  0.9922159 196.0257 
  0.983712 196.0257 
  0.9620426 195.0505 
  0.9421593 194.0801 
  0.8487791 193.1145 
  0.9630446 195.0505 
  0.9547426 197.0059 
  0.9383482 198.9809 
  0.7490693 200.9756 
  0.8960107 200.9756 
  0.9365228 198.9809 
  0.9909362 197.9909 
  0.98623 197.0059 
  0.9795203 196.0257 
  0.9776762 195.0505 
  0.9735047 193.1145 
  0.9780958 192.1537 
  0.9737406 191.1978 
  0.9649105 191.1978 
  0.9263813 191.1978 
  0.954012 192.1537 
  0.9334005 192.1537 
  0.9596121 192.1537 
  0.9775094 192.1537 
  0.9871812 192.1537 
  0.9944975 191.1978 
  0.9922588 190.2465 
  0.9935817 190.2465 
  0.9950691 190.2465 
  0.9962478 189.3 
  0.9984576 188.3582 
  0.9964736 187.4211 
  0.9945517 187.4211 
  0.9928812 186.4887 
  0.9932935 186.4887 
  0.9918168 185.5609 
  0.9909383 184.6377 
  0.9501978 184.6377 
  0.9036583 182.8051 
  0.7267255 182.8051 
  0.8867099 182.8051 
  0.2653764 182.8051 
  0.07346937 182.8051 
  0.07161678 182.8051 
  0.1995791 182.8051 
  0.2332868 182.8051 
  0.1312918 182.8051 
  0.2279975 182.8051 
  0.2826744 182.8051 
  0.7086468 181.8956 
  0.7040154 180.9906 
  0.8424432 180.0902 
  0.8350559 178.3027 
  0.9449945 177.4156 
  0.9534538 176.533 
  0.9618248 175.6547 
  0.9590998 174.7808 
  0.9578595 173.9112 
  0.9363725 173.046 
  0.9683495 171.3284 
  0.9461655 170.476 
  0.8900811 169.6279 
  0.8952457 169.6279 
  0.9264488 168.784 
  0.9214249 168.784 
  0.925796 167.9442 
  0.9306968 167.9442 
  0.8955826 167.1087 
  0.8897535 167.1087 
  0.8861614 167.1087 
  0.9065048 166.2773 
  0.8721803 165.4501 
  0.8757602 165.4501 
  0.8625183 165.4501 
  0.8090752 163.8079 
  0.8102944 164.6269 
  0.8548108 166.2773 
  0.8537283 166.2773 
  0.7125372 166.2773 
  0.4805246 165.4501 
  0.3125627 164.6269 
  0.04377045 163.8079 
  -0.004331981 163.8079 
  0.2698561 163.8079 
  0.3752728 163.8079 
  0.3481115 163.8079 
  0.140931 163.8079 
  -0.008714675 163.8079 
  -0.08821382 163.8079 
  0.1998787 163.8079 
  -0.06949263 163.8079 
  0.06289943 163.8079 
  0.05748662 163.8079 
  0.03444624 163.8079 
  -0.1026911 163.8079 
  0.03121418 163.8079 
  0.06360113 163.8079 
  0.1410096 163.8079 
  0.06376387 163.8079 
  -0.05233379 163.8079 
  -0.09858187 163.8079 
  -0.1181221 163.8079 
  -0.0754914 163.8079 
  0.02458886 163.8079 
  0.2344322 163.8079 
  0.01033427 163.8079 
  -0.04074855 163.8079 
  -0.1136321 163.8079 
  -0.05607215 163.8079 ]
