 [
  0.1607604 112.128 
  0.1102225 112.128 
  0.04598638 112.128 
  -0.1732849 112.128 
  -0.03461183 112.128 
  -0.01255189 112.128 
  0.1465956 112.128 
  0.2758831 112.128 
  0.1052285 112.128 
  -0.09938389 112.128 
  -0.270509 112.128 
  0.02769782 112.128 
  -0.03593156 112.128 
  -0.2789362 112.128 
  -0.3655427 112.128 
  -0.1515134 112.128 
  0.1005455 112.128 
  0.02851622 112.128 
  0.1541698 112.128 
  0.1691881 112.128 
  0.1793887 112.128 
  0.5616205 112.128 
  0.7212341 113.2521 
  0.9130445 113.2521 
  0.9401839 112.6886 
  0.8530415 111.5702 
  0.824535 109.3664 
  0.8451075 107.2061 
  0.8468423 105.0885 
  0.7311327 103.0128 
  0.7410589 100.978 
  0.6256968 101.4829 
  0.6686836 104.0455 
  0.7610728 107.2061 
  0.8026519 110.4628 
  0.747315 114.9594 
  0.5582557 122.0498 
  0.6983854 129.5776 
  0.7585028 132.8496 
  0.6015441 136.8852 
  0.4628196 143.8855 
  0.5241057 154.2915 
  0.6244118 163.8079 
  0.7187302 174.7808 
  0.7621552 181.8956 
  0.8836011 190.2465 
  0.9450259 197.0059 
  0.9235967 202.9904 
  0.8758939 206.0505 
  0.8933545 207.0808 
  0.5604159 206.0505 
  -0.2677078 205.0254 
  -0.05923411 204.0054 
  0.362314 202.9904 
  0.2705364 206.0505 
  0.5813779 234.5801 
  0.733233 224.2832 
  0.6592191 213.3714 
  0.7944282 202.9904 
  0.8331549 195.0505 
  0.9162138 188.3582 
  0.9716246 185.5609 
  0.9924771 183.7191 
  0.9472847 182.8051 
  0.8984641 181.8956 
  0.7786053 173.9112 
  0.7897471 165.4501 
  0.87164 158.1876 
  0.7506852 151.2439 
  0.7060128 144.605 
  0.8450789 138.2575 
  0.8541487 132.1886 
  0.926641 127.6532 
  0.9440986 124.5092 
  0.9768823 122.6601 
  0.9891336 122.0498 
  0.5390869 123.2734 
  0.7170646 123.8897 
  0.7879737 125.1317 
  0.8491062 125.7574 
  0.7976063 128.9329 
  0.9482479 130.8766 
  0.9785333 131.531 
  0.9529607 131.531 
  0.9183009 132.8496 
  0.9326488 134.8523 
  0.8867555 136.8852 
  0.9398816 138.9488 
  0.9637187 140.3417 
  0.9773002 141.0434 
  0.9790305 142.4574 
  0.9814255 142.4574 
  0.9257554 143.1697 
  0.879933 143.1697 
  0.8781191 143.1697 
  0.8610654 141.0434 
  0.6429843 138.2575 
  0.2642746 135.5266 
  0.144793 133.5138 
  -0.09202626 131.531 
  -0.07276645 128.9329 
  -0.07718699 126.3862 
  0.02669454 123.8897 
  0.1541955 121.4426 
  0.1881711 119.0438 
  0.03425833 117.2759 
  0.01793353 115.5342 
  -0.01905176 113.2521 
  -0.008735348 111.5702 
  0.6675901 107.7421 
  0.7155335 106.6728 
  0.5630578 105.0885 
  0.7223058 103.0128 
  0.752734 104.0455 
  0.7721062 104.5657 
  0.7942724 105.0885 
  0.6696972 103.5278 
  0.5491419 101.9903 
  0.473072 99.97575 
  0.3236074 98.491 
  0.3309439 93.23304 
  0.3099871 87.8167 
  0.7898849 82.71502 
  0.6512866 75.2366 
  0.7550918 69.46598 
  0.6437997 69.46598 
  0.6331179 68.7765 
  0.4273044 68.09386 
  0.4834034 71.57619 
  0.7077614 71.57619 
  0.3485424 70.51319 
  0.2548343 71.22009 
  0.166218 72.29374 
  0.3262815 73.7505 
  0.03931829 74.48985 
  -0.2221843 75.61279 
  -0.02306353 76.75266 
  0.065247 77.5221 
  0.09882036 78.29926 
  0.05546172 79.08421 
  0.2579013 79.87703 
  0.1437667 80.6778 
  0.04647191 81.4866 
  -0.05911787 82.3035 
  -0.2675064 83.12859 
  -0.06661354 83.96195 
  -0.03558099 84.80367 
  -0.01723271 85.65383 
  0.1457585 86.51251 
  0.0191932 87.3798 
  -0.2043398 88.25578 
  -0.09619933 89.14054 
  0.02598383 90.03418 
  -0.05092541 90.93677 
  -0.08901002 91.84841 
  0.0008020143 92.7692 
  -0.2051557 93.6992 
  -0.3281118 94.63854 
  -0.1815513 95.5873 
  -0.2092151 96.54556 
  -0.005545254 97.51342 
  0.07308313 98.491 
  0.2964692 99.47836 
  0.1258667 100.4756 
  0.1574755 101.4829 
  0.7311347 102.5003 
  0.05005093 103.5278 
  0.7853131 104.5657 
  -0.06512893 105.614 
  0.5024837 105.614 
  0.8919283 105.0885 
  0.918794 105.614 
  0.9430248 106.6728 
  0.9724001 107.2061 
  0.9405226 106.6728 
  0.8900959 105.614 
  0.8525853 103.5278 
  0.7764858 103.0128 
  0.4796706 104.5657 
  0.3609992 106.6728 
  0.446409 109.3664 
  0.6431291 112.128 
  0.8149293 114.9594 
  0.8186832 118.4515 
  0.808776 123.2734 
  0.9078552 126.3862 
  0.9617646 128.2915 
  0.973865 130.2255 
  0.9837329 131.531 
  0.9820799 133.5138 
  0.9916767 134.8523 
  0.9953725 135.5266 
  0.9814125 136.2042 
  0.9594448 137.5696 
  0.9640805 138.9488 
  0.9726252 138.9488 
  0.9754043 139.6435 
  0.9726373 140.3417 
  0.9748389 141.7487 
  0.9661258 141.7487 
  0.9824907 142.4574 
  0.9832538 142.4574 
  0.9867187 141.7487 
  0.9853869 141.0434 
  0.9800408 140.3417 
  0.9766738 138.9488 
  0.9819808 138.2575 
  0.9764988 137.5696 
  0.9783248 136.8852 
  0.9800174 135.5266 
  0.9312211 132.8496 
  0.9083441 128.2915 
  0.8285968 123.2734 
  0.7646294 119.0438 
  0.6111255 114.3874 
  0.4491106 109.3664 
  0.6034656 104.5657 
  0.8165914 102.5003 
  0.7597574 100.978 
  0.6184366 98.98344 
  0.2937526 100.978 
  0.1551774 103.0128 
  0.1610756 105.614 
  -0.02892171 107.7421 
  -0.1270991 110.4628 
  0.05988668 113.2521 
  -0.1269708 116.1118 
  -0.305758 119.0438 
  -0.2713546 122.0498 
  0.06208796 125.1317 
  0.236521 128.2915 
  -0.08533285 131.531 
  0.04153726 134.8523 
  0.1249582 138.2575 
  -0.1360545 141.7487 
  0.3872101 145.328 
  0.7030029 149.7427 
  0.7116202 152.7601 
  0.7913645 150.4914 
  0.8183078 150.4914 
  0.8598769 151.2439 
  0.7765355 155.063 
  0.6825497 160.5723 
  0.6828821 167.1087 
  0.7549543 173.046 
  0.8950031 178.3027 
  0.8935525 181.8956 
  0.9067235 184.6377 
  0.8770043 187.4211 
  0.8497351 192.1537 
  0.9529614 192.1537 
  0.9660695 190.2465 
  0.9655725 187.4211 
  0.9468368 184.6377 
  0.9486029 181.8956 
  0.9149019 177.4156 
  0.811663 172.185 
  0.8266005 167.9442 
  0.735314 162.182 
  0.496301 160.5723 
  0.3383386 158.9785 
  0.2502693 156.6175 
  0.08232202 154.2915 
  0.1681218 152.0001 
  0.2008748 149.7427 
  0.1651082 147.5188 
  -0.04935123 145.328 
  0.1186207 143.8855 
  -0.03095557 142.4574 
  0.628348 141.7487 
  0.4055349 132.8496 
  0.7439671 127.6532 
  0.9216604 123.8897 
  0.9249365 121.4426 
  0.9462399 117.8622 
  0.9846828 116.1118 
  0.99346 115.5342 
  0.9952424 114.9594 
  0.9974848 114.3874 
  0.9973111 113.8184 
  0.99725 113.2521 
  0.936621 112.6886 
  0.9332361 112.128 
  0.9062778 111.0151 
  0.9366281 111.0151 
  0.9670005 110.4628 
  0.9645693 110.4628 
  0.9705517 109.9132 
  0.9736689 109.9132 
  0.9790634 109.9132 
  0.953344 111.0151 
  0.9606615 112.128 
  0.9421229 112.6886 
  0.8946078 114.3874 
  0.8548642 116.6924 
  0.906867 119.639 
  0.8818876 123.2734 
  0.9112386 126.3862 
  0.9047468 128.9329 
  0.9248393 132.1886 
  0.9085928 134.8523 
  0.8742481 135.5266 
  0.6726905 134.1814 
  0.05346219 132.1886 
  -0.05016779 130.2255 
  -0.07665123 128.2915 
  0.2247179 126.3862 
  0.5984189 125.1317 
  0.652306 124.5092 
  0.4438013 123.8897 
  0.1765283 123.2734 
  0.1402602 122.0498 
  0.1664239 120.8384 
  -0.1776405 119.639 
  -0.08075856 119.0438 
  -0.02754528 117.8622 
  -0.07842463 116.6924 
  0.03816055 116.1118 
  -0.1103546 115.5342 
  0.01561802 114.9594 
  0.02130615 114.3874 
  0.0808489 113.8184 
  0.03205623 113.2521 
  0.0302922 112.6886 
  0.2627665 112.6886 
  0.7397047 113.8184 
  0.8465304 114.3874 
  0.8399282 114.3874 
  0.8791842 113.8184 
  0.9283417 113.8184 
  0.8926488 113.2521 
  0.8651795 112.128 
  0.9481321 111.0151 
  0.9658641 109.9132 
  0.9533044 108.8223 
  0.9695439 107.7421 
  0.9897649 107.7421 
  0.9799289 107.7421 
  0.9665372 108.2809 
  0.9901004 108.8223 
  0.9818099 109.3664 
  0.9525562 109.9132 
  0.9179834 111.0151 
  0.9145776 112.128 
  0.9113888 113.8184 
  0.8394517 116.1118 
  0.9146226 117.8622 
  0.91361 119.0438 
  0.8989171 120.2372 
  0.8941212 121.4426 
  0.7812359 124.5092 
  0.8194155 128.2915 
  0.8314041 132.8496 
  0.8265418 137.5696 
  0.836117 141.7487 
  0.7888727 144.605 
  0.6470617 145.328 
  0.5614927 143.8855 
  0.47328 141.7487 
  0.3027758 138.9488 
  0.1552804 136.2042 
  -0.02953034 132.8496 
  -0.03067011 129.5776 
  0.4454466 127.0181 
  0.3352963 124.5092 
  0.04460575 122.0498 
  -0.1252834 119.639 
  -0.1725599 116.6924 
  0.08815177 114.3874 
  0.113076 112.128 
  0.1054512 109.3664 
  0.2545937 107.2061 
  0.6475316 107.2061 
  0.2266229 109.9132 
  0.5022326 99.97575 
  0.7685496 99.97575 
  0.873737 101.4829 
  0.8510779 101.9903 
  0.8653961 101.9903 
  0.8838949 101.9903 
  0.906021 101.9903 
  0.9261235 101.4829 
  0.919834 100.978 
  0.8411201 100.4756 
  0.7969726 99.47836 
  0.8023661 98.00098 
  0.5860139 96.06523 
  0.4567394 94.1677 
  0.5183348 92.30766 
  0.3559147 94.1677 
  -0.3407757 97.02828 
  -0.3344466 100.978 
  -0.3565471 105.0885 
  -0.2537414 109.3664 
  0.2629114 113.8184 
  0.2482429 118.4515 
  0.1534357 123.2734 
  0.06457901 128.2915 
  -0.005477645 133.5138 
  -0.09232836 138.9488 
  0.1830347 144.605 
  0.250864 149.7427 
  -0.0681793 155.063 
  -0.1391683 161.3751 
  -0.03261066 167.9442 
  0.5824273 174.7808 
  0.8396137 181.8956 
  0.9469126 184.6377 
  0.9914131 183.7191 
  0.9664651 180.9906 
  0.9430242 177.4156 
  0.9608102 171.3284 
  0.9848184 167.9442 
  0.9923371 165.4501 
  0.9782572 162.182 
  0.9188614 158.1876 
  0.7533529 150.4914 
  0.5707803 138.2575 
  0.3626505 126.3862 
  0.2092671 119.639 
  -0.08235345 117.8622 
  0.09446514 117.2759 
  0.6405802 117.2759 
  0.6745802 117.2759 
  0.07328517 117.2759 
  0.2786936 117.2759 
  0.3980678 117.2759 
  0.1435481 117.2759 
  0.07446752 117.2759 
  -0.06654552 117.2759 
  0.1637754 117.2759 
  -0.04281048 117.2759 
  -0.1092681 117.2759 
  -0.1216414 117.2759 
  -0.00805624 117.2759 
  -0.1623485 117.2759 
  0.007861946 117.2759 
  0.2799258 117.2759 
  -0.1359634 117.2759 
  0.06253809 117.2759 
  0.1331041 117.2759 
  0.07434108 117.2759 
  0.04345664 117.2759 
  0.06498303 117.2759 
  0.1757191 117.2759 ]
