 [
  -0.1474893 78.69076 
  -0.257294 78.69076 
  -0.2390558 78.69076 
  -0.08153364 78.69076 
  -0.1357954 78.69076 
  -0.2387453 78.69076 
  -0.2990667 78.69076 
  -0.05252671 78.69076 
  -0.1211212 78.69076 
  -0.2364701 78.69076 
  -0.1229643 78.69076 
  -0.1831739 78.69076 
  0.03268404 78.69076 
  0.08430122 78.69076 
  0.2838733 78.69076 
  0.2648348 78.69076 
  0.3622332 79.47963 
  0.3222111 79.87703 
  0.272094 85.65383 
  0.5735239 87.8167 
  0.5849241 87.8167 
  0.5581445 86.0821 
  0.1554255 87.8167 
  0.5486822 90.48434 
  0.9847227 91.84841 
  0.9856695 92.30766 
  0.9831816 92.7692 
  0.9954074 92.7692 
  0.99462 92.7692 
  0.9939315 92.30766 
  0.601868 91.84841 
  0.2601922 91.39146 
  0.6663513 92.30766 
  0.8625934 92.7692 
  0.7472112 94.63854 
  0.5583286 96.54556 
  0.2571786 97.51342 
  0.223617 106.6728 
  0.4237362 107.7421 
  0.3573193 109.9132 
  0.2004732 116.6924 
  0.3871369 122.0498 
  0.6274137 127.6532 
  0.8553432 131.531 
  0.8777844 133.5138 
  0.7014056 135.5266 
  0.8935751 136.8852 
  0.7370819 137.5696 
  0.3392983 138.2575 
  0.1178786 138.9488 
  0.1039392 139.6435 
  -0.02202716 139.6435 
  -0.0006609547 139.6435 
  0.08726375 140.3417 
  0.1533715 141.0434 
  0.09998399 141.7487 
  -0.05149741 142.4574 
  -0.06530186 143.8855 
  -0.21304 145.328 
  0.5605179 146.7849 
  0.5347118 148.2564 
  0.01725804 149.7427 
  0.0103619 151.2439 
  0.01417975 152.7601 
  -0.00600639 154.2915 
  -0.002691448 155.8383 
  -0.05570531 157.4006 
  0.1724341 158.1876 
  0.5947634 157.4006 
  0.6120501 147.5188 
  0.8199247 142.4574 
  0.8362185 139.6435 
  0.6974847 138.2575 
  0.6607383 137.5696 
  0.6045038 133.5138 
  0.4704478 131.531 
  0.3555704 129.5776 
  0.415723 128.2915 
  0.4141505 127.0181 
  0.1345724 126.3862 
  -0.03964477 126.3862 
  0.008648453 126.3862 
  0.07792075 126.3862 
  0.01069593 127.0181 
  0.2034547 127.6532 
  0.1713338 128.2915 
  0.1242545 128.9329 
  0.04096816 129.5776 
  -0.08679394 130.8766 
  -0.175161 132.1886 
  0.2347723 133.5138 
  0.5093629 134.8523 
  0.7327499 134.8523 
  0.5903043 127.0181 
  0.7144793 123.8897 
  0.8158103 120.8384 
  0.9105858 118.4515 
  0.9503908 117.2759 
  0.9375453 116.1118 
  0.9074084 114.9594 
  0.8644477 112.6886 
  0.7531464 109.9132 
  0.8163857 107.2061 
  0.7153762 104.5657 
  0.6189129 101.9903 
  0.586036 98.98344 
  0.4155658 95.5873 
  0.3677078 98.98344 
  0.6825717 98.491 
  0.7515503 96.06523 
  0.9461813 94.63854 
  0.956861 93.23304 
  0.9775912 92.7692 
  0.9583495 92.30766 
  0.8173919 90.93677 
  0.8143796 89.14054 
  0.7621598 88.25578 
  0.5361354 88.25578 
  0.1974189 88.25578 
  0.193414 89.14054 
  -0.0694212 90.03418 
  0.005324133 90.93677 
  0.2336031 91.84841 
  0.1928772 92.7692 
  0.1502517 93.6992 
  -0.02737822 94.63854 
  0.06956264 95.5873 
  -0.1585743 96.54556 
  -0.1528069 97.51342 
  -0.1403227 98.491 
  0.2722217 99.47836 
  -0.2882521 100.4756 
  0.4610582 100.4756 
  0.7495263 102.5003 
  0.8551598 102.5003 
  0.7946404 100.978 
  0.9412814 99.47836 
  0.9685059 98.98344 
  0.9284328 98.491 
  0.8494936 98.491 
  0.654483 98.491 
  0.6387652 99.47836 
  0.9610065 101.9903 
  0.9392779 102.5003 
  0.7723022 104.5657 
  0.8546188 105.614 
  0.8998684 104.5657 
  0.9204252 103.5278 
  0.8480263 102.5003 
  0.7496081 101.9903 
  0.5335128 100.4756 
  0.1663728 101.9903 
  -0.129411 104.0455 
  -0.1664503 106.142 
  0.08890656 108.2809 
  0.3047537 109.9132 
  0.03366267 112.128 
  0.001841155 113.8184 
  0.04812415 116.1118 
  0.01542524 117.8622 
  0.2930034 120.2372 
  0.271629 120.8384 
  0.3356203 120.8384 
  -0.1543981 119.0438 
  0.03046822 117.2759 
  0.7215554 114.3874 
  0.2582266 103.0128 
  0.5078647 101.9903 
  0.8128973 101.4829 
  0.953765 99.97575 
  0.9886111 99.47836 
  0.9847763 99.97575 
  0.9828343 99.97575 
  0.963756 100.4756 
  0.9238542 100.978 
  0.9158572 101.4829 
  0.8523766 102.5003 
  0.7822603 101.4829 
  0.4620395 100.978 
  -0.08778816 99.97575 
  -0.1333591 99.47836 
  0.1168704 99.47836 
  0.1110426 99.47836 
  -0.0899986 99.47836 
  -0.1326374 99.47836 
  -0.1470641 99.47836 
  -0.007507262 99.47836 
  -0.1052033 99.47836 
  0.3000634 99.47836 
  0.2989012 99.47836 
  0.05007285 99.47836 
  -0.4258085 99.47836 
  -0.2304353 99.47836 
  -0.2481556 99.47836 
  0.5266656 99.47836 
  0.7921824 98.491 
  0.8166849 97.02828 
  0.9207348 94.63854 
  0.9220737 93.23304 
  0.8762353 92.7692 
  0.8939264 91.84841 
  0.8317219 90.48434 
  0.821416 91.39146 
  0.9439032 91.84841 
  0.7856225 91.39146 
  0.7057672 90.03418 
  0.599292 89.14054 
  0.7687987 90.48434 
  0.9809921 92.30766 
  0.9477187 93.23304 
  0.9718719 94.1677 
  0.9825901 95.11173 
  0.8812391 96.06523 
  0.6303689 98.491 
  0.8083132 99.97575 
  0.9242214 99.97575 
  0.9394138 100.4756 
  0.9023733 102.5003 
  0.9344727 104.5657 
  0.9665717 106.6728 
  0.9325379 107.7421 
  0.9110979 108.8223 
  0.8731495 109.9132 
  0.7201666 111.5702 
  0.9471994 113.8184 
  0.9880095 115.5342 
  0.9852797 116.1118 
  0.9969321 116.6924 
  0.9910392 116.6924 
  0.743005 116.1118 
  0.7918614 114.3874 
  0.8503107 113.2521 
  0.9477276 112.128 
  0.886876 110.4628 
  0.7973149 109.3664 
  0.5695621 108.2809 
  0.9753253 109.9132 
  0.9975533 111.0151 
  0.6732718 112.6886 
  0.822823 112.6886 
  0.9130828 112.6886 
  0.970701 112.128 
  0.9874853 112.128 
  0.9928224 112.128 
  0.98466 112.128 
  0.9825833 112.128 
  0.962245 111.5702 
  0.9625701 110.4628 
  0.9852237 109.3664 
  0.9964398 108.8223 
  0.996932 108.8223 
  0.9792783 109.3664 
  0.9852738 110.4628 
  0.9904781 110.4628 
  0.9925952 110.4628 
  0.9937718 110.4628 
  0.9936422 109.9132 
  0.9883765 109.3664 
  0.9834181 109.3664 
  0.9402738 108.2809 
  0.9274964 107.2061 
  0.952118 105.0885 
  0.9618985 104.0455 
  0.9453319 103.0128 
  0.9634168 102.5003 
  0.9272448 101.4829 
  0.8855009 100.4756 
  0.9229593 99.47836 
  0.9312986 99.47836 
  0.9403265 99.47836 
  0.9609652 99.47836 
  0.9330235 98.98344 
  0.9538808 98.98344 
  0.9538535 99.97575 
  0.9356344 101.4829 
  0.9531311 103.0128 
  0.9311637 103.0128 
  0.927175 101.9903 
  0.9353272 100.978 
  0.9705542 99.97575 
  0.9795974 99.97575 
  0.9847217 99.47836 
  0.9689863 98.98344 
  0.9701783 98.491 
  0.9510047 98.00098 
  0.9636083 97.02828 
  0.9772209 96.54556 
  0.9558212 95.5873 
  0.9791226 95.11173 
  0.9870294 95.11173 
  0.9814386 94.63854 
  0.9718768 94.1677 
  0.9207849 93.23304 
  0.9374769 92.30766 
  0.9754354 91.84841 
  0.9819599 91.39146 
  0.9807609 91.39146 
  0.9752909 91.39146 
  0.9425637 91.39146 
  0.8793437 90.93677 
  0.7343838 90.03418 
  0.7092491 88.25578 
  0.704093 87.3798 
  0.5570518 87.3798 
  0.660651 87.8167 
  0.6727446 88.25578 
  0.8798987 88.69706 
  0.7872282 89.14054 
  0.1144552 89.58624 
  0.009785241 90.03418 
  -0.05934991 90.48434 
  0.569921 90.93677 
  0.436281 90.48434 
  0.3048306 85.2277 
  0.7452894 83.96195 
  0.7129747 85.2277 
  0.4588101 86.0821 
  0.1709376 86.94508 
  0.1368089 87.8167 
  0.1091968 88.69706 
  0.1053809 89.58624 
  0.02165348 90.48434 
  -0.07819045 91.84841 
  0.1353207 93.23304 
  0.2179995 94.1677 
  0.2523509 95.11173 
  0.3483558 95.5873 
  0.1876517 96.06523 
  0.1623105 96.54556 
  0.08198305 97.51342 
  -0.1576754 98.491 
  -0.08828123 99.47836 
  0.1614433 99.97575 
  -0.2314778 100.978 
  0.2012573 101.9903 
  0.1343852 102.5003 
  0.07319702 103.0128 
  0.03110738 103.5278 
  0.1557244 104.0455 
  0.6812319 102.5003 
  0.7915191 101.4829 
  0.9462276 101.4829 
  0.9677271 101.4829 
  0.9648105 101.9903 
  0.97251 102.5003 
  0.9865001 103.0128 
  0.9693377 103.5278 
  0.951507 104.0455 
  0.9241276 104.5657 
  0.8602949 105.0885 
  0.8251759 106.142 
  0.8105611 107.2061 
  0.8108469 106.6728 
  0.7687138 106.6728 
  0.7451944 108.2809 
  0.860382 111.5702 
  0.8745601 112.6886 
  0.9256461 112.6886 
  0.980459 112.128 
  0.968067 112.6886 
  0.9751158 113.8184 
  0.9965432 114.9594 
  0.9804934 114.3874 
  0.9086614 112.6886 
  0.826546 111.0151 
  0.7641864 108.8223 
  0.3295298 106.142 
  0.2325289 104.5657 
  0.1098221 103.0128 
  0.6469091 98.491 
  0.6267115 95.5873 
  0.6042148 93.6992 
  0.7444506 91.84841 
  0.9047366 89.58624 
  0.9641342 88.69706 
  0.9733073 88.25578 
  0.9077624 87.3798 
  0.9282437 86.94508 
  0.8060303 86.94508 
  0.6033227 87.8167 
  0.1898616 88.25578 
  0.9056773 88.69706 
  0.9908742 89.14054 
  0.9364963 90.03418 
  0.6963854 91.39146 
  0.8635155 91.84841 
  0.8849223 93.23304 
  0.9523153 94.1677 
  0.9394491 95.5873 
  0.8937494 96.54556 
  0.8915498 98.00098 
  0.8554173 98.98344 
  0.790124 99.97575 
  0.56057 101.4829 
  0.9665064 104.0455 
  0.9831463 105.0885 
  0.9883834 105.614 
  0.9911867 105.614 
  0.9917566 105.614 
  0.9738255 105.0885 
  0.8319497 105.0885 
  0.5201642 106.142 
  0.1373037 108.2809 
  0.2563848 110.4628 
  0.4735532 119.639 
  0.6478306 114.3874 
  0.9183258 113.2521 
  0.8300396 112.128 
  0.7907681 109.9132 
  0.7962062 107.7421 
  0.5979251 106.6728 
  -0.08430506 106.142 
  0.05946296 105.614 
  -0.07251769 105.0885 
  0.2528112 104.5657 
  0.2763052 104.5657 
  0.1591243 105.0885 
  0.1678346 106.142 
  0.2175851 106.6728 
  0.2355492 106.6728 
  0.04607891 105.614 
  -0.1003284 104.5657 
  0.2988273 103.0128 
  0.7309309 104.5657 
  0.7767237 104.0455 
  0.7437613 101.9903 
  0.7836043 100.4756 
  0.8951957 99.47836 
  0.9613899 98.491 
  0.9317238 98.00098 
  0.956697 97.51342 
  0.9479198 97.02828 
  0.9161563 96.54556 
  0.9209556 95.5873 
  0.9425853 94.63854 
  0.9416763 94.63854 
  0.8333267 94.1677 
  0.7127285 92.7692 
  0.9149758 92.7692 
  0.9352461 92.7692 
  0.6665518 92.7692 
  0.778009 92.30766 
  0.7708567 91.39146 
  0.737882 90.48434 
  0.7363544 89.58624 
  0.572783 88.69706 
  0.9270774 88.25578 
  0.9491601 87.8167 
  0.9742425 87.3798 
  0.9676282 86.94508 
  0.958288 86.0821 
  0.9363457 85.2277 
  0.1011582 84.38177 
  0.3209741 83.54424 
  0.3151425 84.38177 
  0.6035476 87.8167 
  0.912115 87.8167 
  0.9622262 87.3798 
  0.9442368 87.8167 
  0.9491025 87.8167 
  0.953773 87.8167 
  0.9731675 87.3798 
  0.9573281 87.8167 
  0.796995 88.25578 
  0.3045686 88.25578 
  0.1631125 88.69706 
  -0.1606762 89.14054 
  -0.1257589 89.58624 
  0.05524474 89.58624 
  0.1564266 89.14054 
  0.1031365 88.69706 
  0.1579449 88.25578 
  -0.01730697 87.8167 
  -0.3017803 87.8167 
  0.02899755 87.8167 
  0.05248489 87.8167 
  0.1087163 87.8167 
  0.01296481 87.8167 
  0.3291086 87.8167 
  0.1709766 87.8167 
  0.2834998 87.8167 
  0.0603995 87.8167 
  -0.005194118 87.8167 
  -0.001805235 87.8167 ]
