 [
  -0.1315345 105.0885 
  -0.2111473 105.0885 
  -0.190773 105.0885 
  0.02497907 105.0885 
  0.0661042 105.0885 
  -0.1220635 105.0885 
  0.01793129 105.0885 
  0.2206501 105.0885 
  0.1193839 105.0885 
  0.02394139 105.0885 
  -0.01160022 105.0885 
  -0.08985189 105.0885 
  -0.04650157 105.0885 
  0.02270749 105.0885 
  0.7882339 105.0885 
  0.8967479 105.614 
  0.9138373 107.2061 
  0.9591322 107.2061 
  0.8900123 107.2061 
  0.8700411 105.614 
  0.8551102 104.0455 
  0.9463429 103.5278 
  0.9954131 103.5278 
  0.9921696 103.5278 
  0.9913843 103.5278 
  0.9868726 104.0455 
  0.9261059 105.614 
  0.9181019 107.2061 
  0.9582371 107.7421 
  0.9811004 108.2809 
  0.9733456 109.9132 
  0.9665971 111.5702 
  0.9865406 113.2521 
  0.9859767 113.8184 
  0.9889371 114.9594 
  0.9950097 115.5342 
  0.9956301 116.1118 
  0.9923931 116.1118 
  0.9834458 114.9594 
  0.9737866 114.3874 
  0.9775151 113.8184 
  0.9841241 113.2521 
  0.9790464 113.2521 
  0.9654568 113.2521 
  0.945296 113.2521 
  0.9639335 112.128 
  0.9721699 111.5702 
  0.9843442 111.5702 
  0.9806997 111.5702 
  0.98005 112.128 
  0.9837199 112.128 
  0.9816958 112.6886 
  0.9747669 112.128 
  0.9753647 112.128 
  0.9765517 111.5702 
  0.973552 111.5702 
  0.9712024 111.0151 
  0.962413 111.0151 
  0.9280145 109.9132 
  0.8453693 109.3664 
  0.6650571 106.6728 
  0.381238 105.614 
  0.8553658 105.614 
  0.7751363 106.6728 
  0.697073 108.2809 
  0.4796417 110.4628 
  0.8235509 113.8184 
  0.9503616 116.1118 
  0.9779298 116.6924 
  0.9915205 116.1118 
  0.9995917 116.1118 
  0.9980476 116.1118 
  0.9955092 115.5342 
  0.9911 114.3874 
  0.9806921 113.2521 
  0.9768289 112.128 
  0.963465 110.4628 
  0.9563115 109.3664 
  0.9645767 107.7421 
  0.9553462 106.6728 
  0.87129 105.0885 
  0.7165099 102.5003 
  0.8157928 98.98344 
  0.9423618 97.02828 
  0.8981366 95.5873 
  0.8095079 93.6992 
  0.8336231 92.30766 
  0.8334223 90.48434 
  0.7663541 89.14054 
  0.1442956 88.69706 
  0.2936582 90.03418 
  -0.1974249 91.84841 
  -0.5160962 94.1677 
  -0.6575539 96.54556 
  -0.1527607 98.98344 
  -0.02563804 101.4829 
  0.04132167 103.5278 
  0.3615686 106.142 
  0.3238862 105.614 
  0.2629973 100.978 
  0.8321657 98.00098 
  0.7501707 100.4756 
  0.853763 102.5003 
  0.9047301 104.5657 
  0.9240035 106.6728 
  0.9651647 107.7421 
  0.9809881 108.2809 
  0.9896766 108.8223 
  0.9865072 108.8223 
  0.9892904 108.2809 
  0.9737325 107.7421 
  0.9370978 106.6728 
  0.8499077 106.142 
  0.791218 103.5278 
  0.4954803 99.97575 
  0.0235381 98.98344 
  -0.04258121 98.491 
  0.1924218 98.00098 
  -0.3135768 97.51342 
  0.0129094 97.02828 
  0.0425384 96.54556 
  -0.09187666 96.06523 
  -0.02148596 95.5873 
  0.4281256 95.11173 
  0.2351624 94.1677 
  0.3628365 94.1677 
  0.7674357 96.54556 
  0.9383569 96.06523 
  0.717805 93.23304 
  0.9020479 90.48434 
  0.8334734 89.14054 
  0.7270498 87.3798 
  0.5358025 85.65383 
  0.141748 85.65383 
  -0.1971969 86.94508 
  0.1649352 88.25578 
  0.01537819 89.14054 
  0.114439 90.03418 
  0.1357889 91.84841 
  0.1143116 95.11173 
  0.2820361 96.06523 
  0.454494 93.23304 
  0.5026537 95.11173 
  0.5061542 98.491 
  0.9126249 100.4756 
  0.97795 101.9903 
  0.9801068 103.0128 
  0.983005 103.5278 
  0.9958581 104.0455 
  0.9843731 104.0455 
  0.867304 103.0128 
  0.8176807 101.9903 
  0.812667 99.97575 
  0.9663857 100.4756 
  0.9410617 99.47836 
  0.8770375 98.00098 
  0.6258859 97.02828 
  0.5170544 96.06523 
  0.1284985 95.5873 
  0.1069817 95.5873 
  0.2636058 95.11173 
  0.1835361 95.11173 
  0.1828654 95.11173 
  0.06843185 95.11173 
  0.1728906 95.11173 
  0.04904891 95.11173 
  0.05616572 95.11173 
  -0.07171906 95.11173 
  0.05176194 94.63854 
  0.5645974 93.6992 
  0.5803463 95.11173 
  0.9234462 98.491 
  0.9857726 98.491 
  0.9727371 99.47836 
  0.9848365 100.978 
  0.9917972 101.4829 
  0.9891361 100.978 
  0.9934738 100.4756 
  0.9927198 100.4756 
  0.9958952 100.4756 
  0.9906996 99.97575 
  0.9954971 99.47836 
  0.8485019 99.47836 
  0.6438848 102.5003 
  0.588963 98.491 
  0.9431105 97.51342 
  0.9898916 97.02828 
  0.9859574 97.02828 
  0.984599 97.02828 
  0.97163 96.54556 
  0.9638093 96.06523 
  0.9519262 96.06523 
  0.92381 95.5873 
  0.8983766 95.11173 
  0.8220406 94.63854 
  0.7602481 93.23304 
  0.7701524 91.84841 
  0.8411468 89.58624 
  0.840136 88.25578 
  0.9262015 86.51251 
  0.9896845 85.65383 
  0.8829355 86.51251 
  0.9022985 87.3798 
  0.8055115 86.94508 
  0.7982413 86.51251 
  0.8527926 85.65383 
  0.8602915 85.65383 
  0.8758512 86.0821 
  0.7158082 84.80367 
  0.8353394 84.80367 
  0.6264558 83.96195 
  0.4922279 82.3035 
  0.9348072 81.08118 
  0.6265615 78.69076 
  0.7107431 75.99085 
  0.9254616 74.11925 
  0.9684455 74.11925 
  0.7132757 74.86229 
  0.2427842 75.61279 
  0.5563579 72.6552 
  0.4956251 73.38358 
  0.6338507 74.11925 
  0.4998849 74.48985 
  0.6665543 74.86229 
  0.2530032 75.61279 
  0.3388626 75.99085 
  0.1516985 75.99085 
  0.09392308 75.99085 
  0.1301174 75.99085 
  0.1703404 75.99085 
  0.106409 75.99085 
  0.05091448 75.99085 
  -0.1567505 75.99085 
  -0.08186243 75.99085 
  -0.1933483 75.99085 
  -0.1194989 75.99085 
  -0.05186203 75.99085 
  0.01381421 75.99085 
  0.349876 75.99085 
  0.255403 75.99085 
  0.2630415 75.99085 
  0.1724014 75.99085 
  0.04175701 75.99085 
  0.1903999 75.99085 
  0.1712337 75.99085 
  -0.03489763 75.99085 
  -0.02479835 75.99085 
  0.1944775 75.99085 
  0.2647237 75.99085 
  0.04286978 75.99085 
  0.1379082 75.99085 ]
