 [
  -0.1300631 240.5036 
  -0.04629029 240.5036 
  -0.06494584 240.5036 
  -0.008950817 240.5036 
  -0.1821089 240.5036 
  -0.006067219 240.5036 
  0.1102172 240.5036 
  0.2258625 240.5036 
  0.03211936 240.5036 
  0.09196033 240.5036 
  -0.167333 240.5036 
  -0.03709882 240.5036 
  0.3020532 240.5036 
  0.3086838 240.5036 
  0.1114216 240.5036 
  0.1889353 240.5036 
  0.4936948 239.307 
  0.7549812 240.5036 
  0.828812 245.3498 
  0.9581311 249.0485 
  0.9813646 250.2938 
  0.93433 250.2938 
  0.7883294 251.5452 
  0.1298965 256.614 
  0.2043589 261.7849 
  0.01597245 267.06 
  -0.1904948 272.4414 
  -0.1522527 277.9312 
  -0.08627853 283.5317 
  -0.03626874 289.245 
  0.1124633 295.0734 
  0.05579286 301.0193 
  0.1462607 307.085 
  0.9204314 313.2729 
  0.9681171 317.9955 
  0.9929401 319.5855 
  0.9954207 321.1834 
  0.9932583 321.1834 
  0.9918408 319.5855 
  0.9912764 317.9955 
  0.9867947 316.4135 
  0.9941933 311.7143 
  0.9979228 308.6204 
  0.993818 304.037 
  0.9811267 299.5217 
  0.9702425 293.6054 
  0.8680541 289.245 
  0.5867518 284.9493 
  0.3836734 280.7175 
  0.1292032 276.5485 
  0.1772966 275.1726 
  0.2005806 275.1726 
  -0.1102432 276.5485 
  0.1446363 279.3209 
  0.6621307 282.1211 
  0.9377807 284.9493 
  0.963526 282.1211 
  0.9573011 276.5485 
  0.9322401 267.06 
  0.9580672 259.1866 
  0.9728076 252.8029 
  0.9810324 247.8095 
  0.9826709 244.1292 
  0.9603637 241.7061 
  0.932084 239.307 
  0.8931761 235.753 
  0.9943942 233.4131 
  0.9961746 231.0963 
  0.996951 228.8026 
  0.9982997 226.5316 
  0.9992067 225.4046 
  0.9782934 224.2832 
  0.9469654 222.057 
  0.8952829 219.853 
  0.8253732 216.5879 
  0.5990374 214.4382 
  0.173608 213.3714 
  0.2797485 213.3714 
  -0.08616892 213.3714 
  0.1716911 213.3714 
  0.778555 213.3714 
  0.9629518 214.4382 
  0.9759548 218.7592 
  0.9851146 222.057 
  0.9929276 223.1673 
  0.996027 224.2832 
  0.9928728 224.2832 
  0.969678 226.5316 
  0.9701558 229.9466 
  0.9488477 229.9466 
  0.9125134 225.4046 
  0.8081642 219.853 
  0.6121662 216.5879 
  0.5077635 214.4382 
  0.3452782 212.3098 
  0.3477581 210.2025 
  0.3952322 209.1568 
  0.5060148 209.1568 
  0.5385723 211.2535 
  0.6789253 217.6709 
  0.8820845 220.9523 
  0.9703527 220.9523 
  0.973255 219.853 
  0.9837397 218.7592 
  0.9833346 215.5104 
  0.9850649 214.4382 
  0.9873152 212.3098 
  0.9770577 210.2025 
  0.987461 208.1162 
  0.9865589 207.0808 
  0.9737273 205.0254 
  0.9573366 201.9805 
  0.942908 198.9809 
  0.9641296 196.0257 
  0.9861027 195.0505 
  0.9654253 193.1145 
  0.9718655 191.1978 
  0.9592565 189.3 
  0.9499779 186.4887 
  0.9708105 184.6377 
  0.9660457 182.8051 
  0.9514893 180.0902 
  0.9692504 177.4156 
  0.968437 174.7808 
  0.9880448 171.3284 
  0.9962136 170.476 
  1.000196 169.6279 
  0.9995446 169.6279 
  0.9966018 170.476 
  0.9922171 170.476 
  0.9704003 170.476 
  0.9469181 169.6279 
  0.8485842 171.3284 
  0.2302852 173.9112 
  0.3326742 177.4156 
  0.1149256 180.9906 
  -0.1546632 184.6377 
  -0.1192273 188.3582 
  0.05662356 192.1537 
  -0.3263236 196.0257 
  -0.1183025 199.9758 
  0.1011433 204.0054 
  0.1208701 207.0808 
  0.4117195 210.2025 
  0.6862739 206.0505 
  0.879207 202.9904 
  0.9857107 199.9758 
  0.9946381 198.9809 
  0.9963914 197.9909 
  0.9944788 197.9909 
  0.9948432 197.0059 
  0.9882556 197.9909 
  0.9799662 197.9909 
  0.9745902 197.9909 
  0.9772364 198.9809 
  0.993671 200.9756 
  0.9981382 201.9805 
  0.9987462 201.9805 
  0.99691 202.9904 
  0.9909636 205.0254 
  0.9821694 207.0808 
  0.974481 208.1162 
  0.9043033 208.1162 
  0.6961467 207.0808 
  -0.1136868 207.0808 
  0.0140141 207.0808 
  0.0271683 207.0808 
  -0.007934971 207.0808 
  -0.3947088 207.0808 
  -0.1879484 207.0808 
  -0.2033455 207.0808 
  -0.210071 207.0808 
  0.5416986 207.0808 
  0.6624677 201.9805 
  0.7134794 195.0505 
  0.9296479 191.1978 
  0.9583785 187.4211 
  0.9531435 185.5609 
  0.9699062 183.7191 
  0.9477916 181.8956 
  0.9646314 180.9906 
  0.9652941 180.0902 
  0.9560602 178.3027 
  0.9788053 176.533 
  0.9687335 174.7808 
  0.9542569 173.046 
  0.9398361 173.046 
  0.9491799 174.7808 
  0.9346275 175.6547 
  0.937165 175.6547 
  0.9150566 173.9112 
  0.882822 173.046 
  0.4198833 173.9112 
  0.06927886 175.6547 
  -0.08190487 177.4156 
  0.5608795 179.1942 
  0.1838754 180.9906 
  0.7520387 181.8956 
  0.8566854 180.0902 
  0.8901588 176.533 
  0.9217764 173.046 
  0.9594096 169.6279 
  0.9793203 167.1087 
  0.9834118 166.2773 
  0.985148 166.2773 
  0.9601936 166.2773 
  0.9527847 165.4501 
  0.9704406 165.4501 
  0.9869066 165.4501 
  0.9895772 164.6269 
  0.9436219 163.8079 
  0.9236075 162.9929 
  0.8652054 162.9929 
  0.9870409 163.8079 
  0.9920589 163.8079 
  0.9893432 163.8079 
  0.9931207 163.8079 
  0.9914379 163.8079 
  0.9916874 163.8079 
  0.9976648 163.8079 
  0.9964821 163.8079 
  0.9959958 163.8079 
  0.8948205 163.8079 
  0.895372 163.8079 
  0.9258059 163.8079 
  0.947861 162.9929 
  0.9750277 162.9929 
  0.9779385 162.182 
  0.9727622 162.182 
  0.9815643 160.5723 
  0.936339 159.7734 
  0.9496977 158.9785 
  0.9254999 157.4006 
  0.8953133 155.8383 
  0.706967 154.2915 
  0.4528928 151.2439 
  0.4835703 149.7427 
  0.6820202 150.4914 
  0.8121309 153.5239 
  0.863224 155.8383 
  0.7486992 155.8383 
  0.6156296 155.8383 
  0.7098255 156.6175 
  0.4585133 155.8383 
  0.5114066 155.8383 
  0.521006 155.8383 
  0.2744095 155.8383 
  0.1307267 155.8383 
  0.09088959 155.8383 
  0.1308148 155.8383 
  -0.06272137 155.8383 
  -0.1037189 155.8383 
  -0.08493111 155.8383 
  -0.3108014 155.8383 
  0.1246317 155.8383 
  0.0442089 155.8383 
  0.1298572 155.8383 
  0.08391989 155.8383 ]
