 [
  0.07768305 275.1726 
  -0.1176431 275.1726 
  -0.269848 275.1726 
  -0.2529922 275.1726 
  -0.09017328 275.1726 
  0.1062461 275.1726 
  0.147665 275.1726 
  -0.2590396 275.1726 
  -0.144656 275.1726 
  0.01505579 275.1726 
  -0.3248861 275.1726 
  -0.06262403 275.1726 
  0.01739098 275.1726 
  0.5690365 275.1726 
  0.5982597 275.1726 
  0.5581816 275.1726 
  0.1608922 275.1726 
  0.08096412 275.1726 
  0.1085999 275.1726 
  0.1338906 275.1726 
  0.03946425 275.1726 
  0.09145757 275.1726 
  0.005821537 275.1726 
  -0.3228645 275.1726 
  0.1008476 275.1726 
  0.865008 275.1726 
  0.8977332 272.4414 
  0.953207 269.7372 
  0.9785169 267.06 
  0.9820302 265.7313 
  0.9797935 268.3953 
  0.9966043 271.0859 
  0.9937167 273.8036 
  0.9892554 276.5485 
  0.9892886 277.9312 
  0.9926043 280.7175 
  0.9803796 284.9493 
  0.9708772 289.245 
  0.9833461 295.0734 
  0.9886425 296.5488 
  0.9894733 298.0316 
  0.9896747 298.0316 
  0.9872668 296.5488 
  0.9862764 295.0734 
  0.9909683 293.6054 
  0.9951105 292.1447 
  0.9942709 292.1447 
  0.9979764 292.1447 
  0.9962438 292.1447 
  0.997135 292.1447 
  0.9974064 293.6054 
  0.9905612 296.5488 
  0.9861803 299.5217 
  0.9511603 299.5217 
  0.8881978 295.0734 
  0.8616156 290.6912 
  0.01281913 286.3741 
  -0.1518958 282.1211 
  -0.009636353 277.9312 
  0.09383301 273.8036 
  0.162697 269.7372 
  0.08293691 265.7313 
  -0.1362018 261.7849 
  0.03148498 257.8971 
  -0.07033752 254.067 
  0.1580311 250.2938 
  0.07809497 246.5766 
  0.05182823 242.9146 
  0.06506968 239.307 
  0.08521102 235.753 
  0.4229968 232.2518 
  0.3884435 229.9466 
  0.7806549 231.0963 
  0.9180231 232.2518 
  0.9303762 228.8026 
  0.9322737 224.2832 
  0.9758087 219.853 
  0.9414552 217.6709 
  0.9475183 213.3714 
  0.9818964 211.2535 
  0.973774 210.2025 
  0.9837398 208.1162 
  0.9743807 206.0505 
  0.9712031 202.9904 
  0.9819246 199.9758 
  0.921849 197.9909 
  0.9057907 196.0257 
  0.8615981 197.0059 
  0.988246 197.9909 
  0.9967322 197.0059 
  0.9983095 196.0257 
  0.9981886 196.0257 
  0.9900796 197.0059 
  0.9914968 197.9909 
  0.9970379 198.9809 
  0.9985743 199.9758 
  0.9980806 200.9756 
  0.9965222 202.9904 
  0.9968588 204.0054 
  0.9974847 205.0254 
  1.000051 206.0505 
  0.9983886 208.1162 
  0.9985585 209.1568 
  0.9953817 210.2025 
  0.9914797 212.3098 
  0.921362 216.5879 
  0.7079583 218.7592 
  0.8469942 222.057 
  0.9598361 223.1673 
  0.9859878 225.4046 
  0.9918005 227.6642 
  0.9957259 228.8026 
  0.9965767 229.9466 
  0.9877828 229.9466 
  0.9726239 226.5316 
  0.9592731 223.1673 
  0.9318238 219.853 
  0.9109486 214.4382 
  0.9201748 208.1162 
  0.9238453 204.0054 
  0.9369059 199.9758 
  0.9508398 196.0257 
  0.9685925 194.0801 
  0.9914955 192.1537 
  0.9932598 191.1978 
  0.9913353 191.1978 
  0.9901276 192.1537 
  0.9656847 191.1978 
  0.8529035 188.3582 
  0.7695305 183.7191 
  0.6146898 179.1942 
  0.6306045 166.2773 
  -0.263694 165.4501 
  0.3349319 165.4501 
  0.06363013 165.4501 
  -0.02792091 165.4501 
  0.011661 165.4501 
  0.03591906 165.4501 
  -0.1234905 165.4501 
  0.02401034 165.4501 
  -0.006254015 165.4501 
  0.2097549 165.4501 
  0.3258338 165.4501 
  0.1132678 165.4501 
  -0.05931758 165.4501 
  -0.09668846 165.4501 
  -0.1548663 165.4501 
  -0.1322815 166.2773 
  -0.1558508 167.1087 
  0.008937134 167.9442 
  0.1736597 168.784 
  0.0003928398 169.6279 
  -0.18824 170.476 
  -0.213302 171.3284 
  -0.07708032 172.185 
  -0.03995927 172.185 
  0.04873971 172.185 
  -0.2933342 172.185 
  -0.2755547 172.185 
  -0.02813472 172.185 
  -0.01417877 172.185 
  0.5032452 173.046 
  0.4657179 173.9112 
  -0.1686505 174.7808 
  -0.3383892 175.6547 
  0.3098008 176.533 
  0.5445098 177.4156 
  0.8367135 180.0902 
  0.9073944 182.8051 
  0.9752564 185.5609 
  0.9370894 187.4211 
  0.8804211 187.4211 
  0.8853199 185.5609 
  0.9108643 182.8051 
  0.9476326 181.8956 
  0.9763838 180.0902 
  0.9773467 178.3027 
  0.9748502 175.6547 
  0.9761845 173.9112 
  0.9205084 172.185 
  0.8643753 171.3284 
  0.1144204 172.185 
  0.6149417 173.9112 
  0.8374714 175.6547 
  0.9811857 177.4156 
  0.998866 179.1942 
  0.9984696 180.0902 
  0.9962432 180.9906 
  0.9942265 181.8956 
  0.9967002 182.8051 
  0.9950716 184.6377 
  0.9897051 186.4887 
  0.9851344 188.3582 
  0.8668848 190.2465 
  0.7068012 192.1537 
  0.8700426 193.1145 
  0.9406737 194.0801 
  0.9344063 196.0257 
  0.9511017 198.9809 
  0.9529835 201.9805 
  0.9597879 204.0054 
  0.9828191 206.0505 
  0.97913 208.1162 
  0.9806908 210.2025 
  0.9898182 211.2535 
  0.9930776 213.3714 
  0.9993076 213.3714 
  0.9918579 212.3098 
  0.9894149 211.2535 
  0.9954239 210.2025 
  0.9934783 209.1568 
  0.9844304 208.1162 
  0.9677764 206.0505 
  0.9619684 205.0254 
  0.9471668 202.9904 
  0.9406624 200.9756 
  0.9847409 198.9809 
  0.9845666 197.0059 
  0.9774364 194.0801 
  0.9750696 191.1978 
  0.8620518 188.3582 
  0.7470618 184.6377 
  0.8718565 180.9906 
  0.982555 179.1942 
  0.9894528 178.3027 
  0.9871032 177.4156 
  0.9900475 176.533 
  0.9807682 175.6547 
  0.9511045 174.7808 
  0.421849 173.046 
  0.8224773 170.476 
  0.8896568 168.784 
  0.9778445 167.1087 
  0.9793923 166.2773 
  0.966835 167.1087 
  0.9801258 169.6279 
  0.9743347 171.3284 
  0.964509 174.7808 
  0.9335639 178.3027 
  0.787111 181.8956 
  0.5226566 183.7191 
  0.1213468 183.7191 
  0.1807518 183.7191 
  -0.002577838 183.7191 
  0.1239734 183.7191 
  -0.05422178 183.7191 
  0.1076893 183.7191 
  0.1639339 183.7191 
  0.1836381 183.7191 
  0.1716215 183.7191 
  -0.09855898 183.7191 
  0.0545489 183.7191 
  -0.1569513 183.7191 
  0.1547986 183.7191 
  0.1671146 183.7191 
  0.2367812 183.7191 
  -0.02921041 183.7191 
  0.1417063 183.7191 
  -0.00402577 183.7191 
  -0.1097209 183.7191 
  0.3722942 183.7191 
  0.6993141 180.9906 
  0.9786371 178.3027 
  0.9793284 177.4156 
  0.9546758 176.533 
  0.9437696 173.9112 
  0.9793757 172.185 
  0.9898661 171.3284 
  0.9900605 171.3284 
  0.9831441 171.3284 
  0.9553454 172.185 
  0.9143389 173.046 
  0.7542215 175.6547 
  0.3398384 176.533 
  0.8944184 177.4156 
  0.6621335 178.3027 
  0.5691696 179.1942 
  0.4735838 180.0902 
  0.0592632 180.9906 
  0.4294038 181.8956 
  0.2488519 182.8051 
  -0.1491873 183.7191 
  -0.4868882 184.6377 
  0.1341144 185.5609 
  0.4712735 185.5609 
  0.8376529 186.4887 
  0.9948217 186.4887 
  1.000207 187.4211 
  0.9978902 186.4887 
  0.9881172 184.6377 
  0.9823968 182.8051 
  0.9682675 179.1942 
  0.9500266 175.6547 
  0.9489196 171.3284 
  0.9609786 167.9442 
  0.9369313 163.8079 
  0.9010155 158.9785 
  0.8405482 153.5239 
  0.7685059 146.7849 
  0.8721268 141.0434 
  0.6741309 135.5266 
  0.7274978 130.2255 
  0.8646699 127.0181 
  0.9222845 125.1317 
  0.7009918 125.7574 
  0.2901626 128.2915 
  0.1279591 132.1886 
  -0.1596072 133.5138 
  -0.01682436 133.5138 
  -0.02500308 133.5138 
  -0.0691724 133.5138 
  -0.1169941 133.5138 
  -0.07710864 133.5138 
  0.03673714 133.5138 
  0.0176492 133.5138 
  0.101393 133.5138 
  -0.1464787 133.5138 
  -0.2964079 133.5138 
  -0.1543342 133.5138 
  -0.0890141 133.5138 
  -0.1381718 133.5138 
  -0.03963728 133.5138 
  -0.05839644 133.5138 
  -0.02239716 133.5138 
  -0.09867753 133.5138 
  -0.07139405 133.5138 
  5.141174e-05 133.5138 
  0.02197914 133.5138 
  0.02132714 133.5138 ]
