 [
  -0.1151946 244.1292 
  -0.06471651 244.1292 
  -0.08614345 244.1292 
  -0.2474061 244.1292 
  -0.2784189 244.1292 
  -0.1948158 244.1292 
  -0.02986446 244.1292 
  0.1192078 244.1292 
  0.2431832 244.1292 
  0.05922626 244.1292 
  0.1048867 244.1292 
  -0.05964635 244.1292 
  0.2089911 244.1292 
  0.2474153 244.1292 
  0.130335 244.1292 
  0.1245446 244.1292 
  -0.2073012 244.1292 
  -0.09476761 244.1292 
  -0.007882279 244.1292 
  0.2700217 244.1292 
  0.1481499 244.1292 
  -0.01806101 244.1292 
  -0.03972963 244.1292 
  -0.06581057 244.1292 
  -0.191509 244.1292 
  0.5143518 244.1292 
  0.8906276 241.7061 
  0.9628416 242.9146 
  0.9854203 246.5766 
  0.9926864 249.0485 
  0.9970612 249.0485 
  0.9934174 247.8095 
  0.9759835 244.1292 
  0.94667 238.1164 
  0.9778985 233.4131 
  0.9923698 233.4131 
  0.9871839 233.4131 
  0.9675352 233.4131 
  0.9202025 232.2518 
  0.6098208 232.2518 
  0.6223629 234.5801 
  0.566209 236.9318 
  0.5372402 239.307 
  0.1486278 241.7061 
  0.2774203 244.1292 
  0.2837003 245.3498 
  0.8283651 245.3498 
  0.9476252 250.2938 
  0.9656821 252.8029 
  0.9820948 251.5452 
  0.9756321 249.0485 
  0.9814142 245.3498 
  0.9933499 245.3498 
  0.9847465 246.5766 
  0.9728586 250.2938 
  0.9663978 254.067 
  0.9759298 256.614 
  0.9785888 256.614 
  0.990013 256.614 
  0.9854145 257.8971 
  0.9922466 259.1866 
  0.9919304 260.4825 
  0.995472 261.7849 
  0.997329 261.7849 
  0.9779899 261.7849 
  0.9624337 259.1866 
  0.9586603 256.614 
  0.9950174 256.614 
  0.9858007 256.614 
  0.9676154 256.614 
  0.2973939 256.614 
  -0.1667368 256.614 
  0.6321272 255.3373 
  0.9306282 254.067 
  0.9637834 252.8029 
  0.8525905 245.3498 
  0.7758704 233.4131 
  0.8811328 219.853 
  0.8887467 213.3714 
  0.9158067 208.1162 
  0.9200884 201.9805 
  0.9480183 200.9756 
  0.9846058 201.9805 
  0.9930956 204.0054 
  0.9881691 206.0505 
  0.9353797 210.2025 
  0.9267411 208.1162 
  0.9562677 208.1162 
  0.9841048 208.1162 
  0.9851964 207.0808 
  0.9844484 205.0254 
  0.9704882 202.9904 
  0.9823195 200.9756 
  0.9943936 199.9758 
  0.9914056 200.9756 
  0.9852543 201.9805 
  0.9690088 204.0054 
  0.9611104 207.0808 
  0.9849113 208.1162 
  0.993295 209.1568 
  0.9663069 211.2535 
  0.9250386 214.4382 
  0.9299704 218.7592 
  0.9220806 222.057 
  0.8540727 224.2832 
  0.685139 222.057 
  0.3439086 223.1673 
  -0.0359355 224.2832 
  0.1256914 225.4046 
  0.08168885 226.5316 
  0.05473214 226.5316 
  0.05374281 226.5316 
  0.00597699 226.5316 
  0.006176322 226.5316 
  0.1643271 226.5316 
  0.1211262 227.6642 
  -0.08540084 227.6642 
  -0.2107136 227.6642 
  0.008998571 227.6642 
  0.7858154 227.6642 
  0.9042118 227.6642 
  0.9728085 225.4046 
  0.9922426 222.057 
  0.9833256 218.7592 
  0.9130147 216.5879 
  0.9370909 215.5104 
  0.9979024 215.5104 
  1.000078 215.5104 
  0.998272 214.4382 
  0.9989694 213.3714 
  0.9940246 211.2535 
  0.9897399 208.1162 
  0.9964341 206.0505 
  0.9921703 205.0254 
  0.9871953 205.0254 
  0.9693443 202.9904 
  0.9690126 199.9758 
  0.9739736 197.9909 
  0.9314864 196.0257 
  0.9495783 195.0505 
  0.9483556 192.1537 
  0.956841 192.1537 
  0.9814595 192.1537 
  0.975872 192.1537 
  0.9804416 192.1537 
  0.9760732 193.1145 
  0.8899002 193.1145 
  0.8272856 191.1978 
  0.2651358 191.1978 
  0.5894446 191.1978 
  0.4008338 191.1978 
  0.492488 191.1978 
  -0.278694 191.1978 
  -0.0098052 191.1978 
  -0.01394661 191.1978 
  0.07358495 191.1978 
  -0.1892671 191.1978 
  -0.01567518 191.1978 
  0.275095 191.1978 
  -0.01141943 192.1537 
  -0.01697666 193.1145 
  -0.2112902 194.0801 
  -0.1144021 195.0505 
  -0.1424164 196.0257 
  -0.1830765 197.0059 
  0.05546686 197.9909 
  0.2675756 198.9809 
  0.1243424 199.9758 
  -0.00867496 199.9758 
  0.1691098 200.9756 
  0.8302352 200.9756 
  0.9010636 198.9809 
  0.9539894 196.0257 
  0.980721 193.1145 
  0.9929312 191.1978 
  0.9893143 190.2465 
  0.9958252 189.3 
  0.9945588 189.3 
  0.9916244 188.3582 
  0.9851527 186.4887 
  0.9904663 185.5609 
  0.9856308 184.6377 
  0.9786036 184.6377 
  0.9846467 183.7191 
  0.9900576 182.8051 
  0.9869215 182.8051 
  0.9644213 181.8956 
  0.9625588 180.9906 
  0.9884579 179.1942 
  0.9914877 180.0902 
  0.9833155 179.1942 
  0.9546431 178.3027 
  0.9451703 177.4156 
  0.9612678 176.533 
  0.9480507 176.533 
  0.9029589 175.6547 
  0.8226107 174.7808 
  0.2625961 174.7808 
  0.7331818 174.7808 
  0.7391465 174.7808 
  0.8766372 174.7808 
  0.6371881 174.7808 
  0.2503965 174.7808 
  0.10476 174.7808 
  -0.003191198 174.7808 
  0.5098965 174.7808 
  -0.1063162 174.7808 
  -0.2591281 174.7808 
  -0.278827 174.7808 ]
