 [
  0.113999 167.1087 
  0.155526 167.1087 
  -0.2325953 167.1087 
  -0.1113681 167.1087 
  -0.1492608 167.1087 
  -0.2446903 167.1087 
  -0.1402881 167.1087 
  0.009200575 167.1087 
  0.05210193 167.1087 
  0.1124038 167.1087 
  0.1538409 167.1087 
  -0.01943913 167.1087 
  0.04852784 167.1087 
  0.1544676 167.1087 
  -0.01449925 167.1087 
  0.0797584 167.1087 
  0.1610317 167.1087 
  0.02931165 166.2773 
  -0.2006162 165.4501 
  -0.1355136 164.6269 
  0.08604654 162.9929 
  0.4217452 160.5723 
  0.7939686 162.182 
  0.9305837 161.3751 
  0.9573085 160.5723 
  0.972771 158.9785 
  0.9325383 159.7734 
  0.905694 162.182 
  0.9206327 163.8079 
  0.9345374 162.9929 
  0.6075982 162.9929 
  0.2106725 162.182 
  0.03426636 162.182 
  0.02527803 161.3751 
  0.190563 160.5723 
  0.06502938 159.7734 
  0.2388803 158.9785 
  -0.04368129 158.1876 
  0.1880445 157.4006 
  -0.1053063 156.6175 
  -0.02097729 155.8383 
  -0.08138613 155.063 
  -0.03667302 155.063 
  -0.03816216 155.063 
  -0.01028014 155.063 
  0.05206819 155.063 
  0.1249596 155.063 
  0.2169137 155.063 
  -0.001725729 155.063 
  -0.07900238 155.063 
  0.1005088 155.063 
  -0.1338561 155.063 
  0.708473 158.1876 
  0.8281611 155.063 
  0.9603053 152.0001 
  0.9908518 149.7427 
  0.99569 148.2564 
  0.9965011 146.7849 
  0.9946055 146.0546 
  0.9487223 143.8855 
  0.879895 140.3417 
  0.8103719 133.5138 
  0.7965961 130.8766 
  0.543991 132.1886 
  0.2248424 144.605 
  0.6081048 150.4914 
  0.5598798 152.7601 
  0.4518434 152.0001 
  0.378024 145.328 
  0.5420477 138.9488 
  0.9332937 138.9488 
  0.9059533 140.3417 
  0.8974945 144.605 
  0.9258691 147.5188 
  0.9337839 151.2439 
  0.9737632 152.7601 
  0.9729608 152.7601 
  0.9633644 151.2439 
  0.9595494 148.9977 
  0.9739066 148.2564 
  0.9824667 147.5188 
  0.9796947 147.5188 
  0.9900976 147.5188 
  0.9875022 147.5188 
  0.9888817 147.5188 
  0.9781429 148.2564 
  0.9626259 150.4914 
  0.9655235 152.0001 
  0.9780763 152.7601 
  0.9718403 152.7601 
  0.958891 150.4914 
  0.9501143 149.7427 
  0.9035267 146.7849 
  0.8545467 146.0546 
  0.9599938 142.4574 
  0.9989223 142.4574 
  0.9986402 142.4574 
  0.8205204 144.605 
  0.8355795 145.328 
  0.9125933 143.1697 
  0.9587233 143.1697 
  0.9962159 143.1697 
  0.9979348 143.1697 
  0.9973996 143.1697 
  0.9970911 142.4574 
  0.998718 142.4574 
  0.9982595 142.4574 
  0.9952006 142.4574 
  0.9960533 142.4574 
  0.994801 142.4574 
  0.9927428 142.4574 
  0.9915573 141.7487 
  0.991747 141.7487 
  0.9730777 141.0434 
  0.907995 141.0434 
  0.7921232 139.6435 
  0.570342 138.2575 
  0.9414275 138.9488 
  0.9683201 138.9488 
  0.9841051 139.6435 
  0.9850788 140.3417 
  0.9944658 141.0434 
  0.9978868 141.0434 
  0.9865654 139.6435 
  0.9740843 138.2575 
  0.9865007 136.8852 
  0.9892336 135.5266 
  0.9898995 134.1814 
  0.986287 133.5138 
  0.9814041 132.8496 
  0.9419733 131.531 
  0.9015428 129.5776 
  0.9174984 127.6532 
  0.8322112 127.6532 
  0.3250496 129.5776 
  0.09304266 132.8496 
  -0.08118518 136.8852 
  -0.1280777 141.0434 
  0.06699988 145.328 
  -0.1486094 149.7427 
  0.2941063 154.2915 
  0.4303559 158.1876 
  0.4897369 161.3751 
  0.3854544 166.2773 
  0.4164407 178.3027 
  0.5219187 182.8051 
  0.90531 183.7191 
  0.1879222 178.3027 
  -0.1632365 173.046 
  -0.04735207 167.9442 
  -0.3849247 162.9929 
  0.2449159 158.1876 
  0.0627102 153.5239 
  0.3913164 148.2564 
  0.5106001 145.328 
  0.4459815 144.605 
  0.3764701 138.2575 
  0.5471903 124.5092 
  0.8880908 125.1317 
  0.9871133 125.7574 
  0.9825416 125.1317 
  0.9386672 123.2734 
  0.9115183 121.4426 
  0.9130484 119.639 
  0.8892581 117.8622 
  0.8391124 116.1118 
  0.9195931 113.2521 
  0.7506092 112.128 
  0.3674266 112.6886 
  0.1441659 119.639 
  0.09725952 120.2372 
  0.1188012 120.8384 
  0.1718799 121.4426 
  0.09382711 121.4426 
  -0.2495464 121.4426 
  -0.1390634 121.4426 
  -0.0473639 121.4426 
  -0.03708325 121.4426 
  -0.02872586 122.0498 
  0.2434004 122.6601 
  0.2245123 123.2734 
  0.1962502 123.8897 
  -0.1026932 124.5092 
  -0.07059858 125.1317 
  0.0389213 125.7574 
  0.1368638 126.3862 
  0.1933797 127.0181 
  0.04730113 127.6532 
  0.02201793 128.2915 
  0.1512556 128.9329 
  0.2909093 128.9329 
  0.2015591 128.9329 
  0.1307445 128.2915 
  0.1981014 127.6532 
  0.2349403 127.6532 
  0.1021605 127.6532 
  -0.009308299 127.6532 
  -0.02168513 127.6532 
  -0.2979505 127.6532 
  -0.1601182 127.6532 
  -0.0413554 127.6532 
  0.2333318 127.6532 
  0.2429589 127.6532 
  0.1309607 127.6532 
  0.01202848 127.6532 
  -0.1797488 127.6532 
  -0.04598512 127.6532 
  -0.1163108 127.6532 
  -0.2750548 127.6532 
  -0.1710687 127.6532 
  -0.06033801 127.6532 
  -0.146523 127.6532 
  -0.165681 127.6532 
  -0.2287303 127.6532 
  -0.07950421 127.6532 
  -0.08087754 127.6532 
  -0.2946652 127.6532 
  -0.2599689 127.6532 
  0.05489069 127.6532 
  0.08595857 127.6532 
  0.1202063 127.6532 
  -0.03967384 127.6532 
  0.3712534 127.6532 
  0.4912012 127.6532 
  0.3574388 127.6532 
  -0.2075464 127.6532 
  0.285971 127.6532 
  0.5094728 127.6532 
  0.1975914 127.6532 
  -0.2066392 127.6532 
  -0.1548387 127.6532 
  0.04598012 127.6532 
  0.2287405 127.6532 
  -0.0761807 127.6532 
  -0.2008519 127.6532 
  0.008284519 127.6532 
  0.007647075 127.6532 
  -0.07702245 127.6532 
  -0.1072771 127.6532 
  -0.1187974 127.6532 
  -0.04062903 127.6532 
  0.00509331 127.6532 
  0.0006532161 127.6532 
  -0.08187038 127.6532 
  0.05672614 127.6532 
  0.0207631 127.6532 
  -0.01934764 127.6532 
  0.02663315 127.6532 
  -0.1640084 127.6532 
  -0.203678 127.6532 
  -0.01146721 127.6532 
  0.1132574 127.6532 
  -0.1248373 127.6532 
  -0.2605359 127.6532 
  -0.1550055 127.6532 
  0.1118152 127.6532 
  0.1326842 127.6532 
  0.1863908 127.6532 
  0.2432583 127.6532 
  0.1517208 127.6532 
  -0.0889078 127.6532 
  0.2583051 127.6532 
  -0.07995293 127.6532 
  -0.2152087 127.6532 
  -0.1759309 127.6532 
  -0.2480612 127.6532 ]
