 [
  -0.2406693 105.614 
  -0.1136159 105.614 
  -0.02974803 105.614 
  -0.08196187 105.614 
  -0.07374757 105.614 
  -0.1404735 105.614 
  -0.1835711 105.614 
  -0.1878205 105.614 
  -0.6284148 105.614 
  -0.4998986 105.614 
  0.09842331 105.614 
  0.5232393 106.142 
  0.4382421 109.3664 
  0.5635519 108.2809 
  0.7876145 107.7421 
  0.9045686 106.142 
  0.9374692 105.614 
  0.879874 106.6728 
  0.9634818 108.8223 
  0.9706304 109.9132 
  0.9581621 111.5702 
  0.946142 113.2521 
  0.9414744 115.5342 
  0.9647023 117.8622 
  0.9928059 118.4515 
  0.9692093 117.8622 
  0.9348135 116.1118 
  0.883876 114.3874 
  0.8505255 110.4628 
  0.9487908 107.2061 
  0.9462364 106.142 
  0.839928 106.142 
  0.2470444 108.2809 
  0.6795274 112.6886 
  0.9355814 115.5342 
  0.9773935 116.1118 
  0.9969091 116.1118 
  0.9927627 116.6924 
  0.6866223 118.4515 
  0.6358862 120.2372 
  0.7983481 119.639 
  0.9797095 119.0438 
  0.9734426 118.4515 
  0.9572174 116.6924 
  0.8981526 113.8184 
  0.8995129 111.0151 
  0.8397322 109.3664 
  0.8129572 106.142 
  0.7621798 103.0128 
  0.2261166 101.4829 
  0.05119803 99.47836 
  -0.01135745 97.51342 
  -0.02393762 95.11173 
  -0.05087113 92.7692 
  -0.2440837 90.03418 
  -0.0031146 87.8167 
  -0.6339436 85.2277 
  -0.3865866 82.71502 
  -0.05423093 80.27641 
  -0.1440548 77.90971 
  0.2069185 75.61279 
  0.429121 74.86229 
  0.5121971 67.75508 
  0.5361856 68.7765 
  0.7249568 68.7765 
  0.793667 69.12038 
  0.8595814 69.46598 
  0.8473533 69.12038 
  0.8569344 68.7765 
  0.7315127 67.41799 
  0.3693847 93.6992 
  0.4053571 116.1118 
  0.5007231 116.6924 
  0.2193821 121.4426 
  0.5929692 119.639 
  0.6355088 118.4515 
  0.6937918 114.3874 
  0.8116812 111.0151 
  0.7392256 108.2809 
  0.4296432 105.614 
  0.7392826 99.97575 
  0.8732842 97.51342 
  0.7772207 97.51342 
  0.7601213 98.98344 
  0.7572629 100.978 
  0.8927838 102.5003 
  0.9382837 102.5003 
  0.9352381 100.978 
  0.9347863 99.47836 
  0.9822202 98.491 
  0.9910728 98.491 
  0.9951534 98.98344 
  0.9871567 98.491 
  0.9698374 98.00098 
  0.9077395 97.02828 
  0.8151096 96.06523 
  0.572125 95.5873 
  0.03839506 97.02828 
  -0.275734 98.491 
  0.205868 99.97575 
  0.02507624 101.4829 
  0.1386378 103.0128 
  0.03195617 104.0455 
  0.1672359 103.5278 
  0.355318 101.9903 
  0.254577 101.4829 
  0.2004862 100.4756 
  0.7546772 109.3664 
  0.4641853 102.5003 
  0.6989783 100.978 
  0.7717353 98.491 
  0.8442035 96.54556 
  0.846287 95.5873 
  0.8324923 94.63854 
  0.7771065 93.6992 
  0.8039794 92.7692 
  0.7099469 91.84841 
  0.08583213 90.48434 
  0.006013702 90.93677 
  -0.2267324 91.39146 
  -0.0362034 91.84841 
  0.01526973 92.30766 
  0.06237866 92.7692 
  0.09709412 92.7692 
  0.2131533 92.7692 
  0.1443531 92.7692 
  0.0392505 93.23304 
  0.1078111 93.6992 
  0.3803449 93.6992 
  0.04302995 93.6992 
  0.09859143 93.6992 
  0.09429168 93.6992 
  0.1598908 93.6992 
  0.2953145 93.6992 
  -0.007959282 93.6992 
  0.004965524 93.6992 
  0.05915999 93.6992 
  0.114577 93.6992 
  0.1093895 94.1677 
  -0.02229781 94.63854 
  0.1270694 95.11173 
  0.1442183 95.11173 
  0.222048 94.63854 
  -0.02379883 93.6992 
  0.3172629 99.97575 
  0.448697 100.978 
  0.7789922 103.0128 
  0.7397067 103.0128 
  0.983734 103.0128 
  0.9965342 103.0128 
  0.9970884 103.0128 
  0.9920723 103.5278 
  0.949651 104.0455 
  0.9374981 104.0455 
  0.9468492 104.0455 
  0.9889042 104.0455 
  0.9753791 104.5657 
  0.9687839 105.0885 
  0.9668639 105.614 
  0.913434 104.5657 
  0.8473219 103.0128 
  0.8942062 101.9903 
  0.6402913 103.5278 
  0.8814433 104.5657 
  0.8767288 103.5278 
  0.8878758 101.4829 
  0.8783478 99.47836 
  0.9255322 98.00098 
  0.9382432 97.51342 
  0.9249719 97.51342 
  0.8716812 96.54556 
  0.7167099 96.54556 
  0.6114348 97.02828 
  0.5735357 98.00098 
  0.486025 98.491 
  0.1937228 99.97575 
  -0.1862629 101.9903 
  -0.08073792 103.5278 
  0.09777267 105.0885 
  0.1173755 106.6728 
  -0.2000209 108.2809 
  0.03768525 109.9132 
  -0.09984004 111.5702 
  0.2672804 113.2521 
  0.1882681 115.5342 
  0.7490795 117.2759 
  0.7533113 114.3874 
  0.8706559 113.8184 
  0.9663115 113.8184 
  0.9247136 113.8184 
  0.5626518 114.3874 
  0.2235962 116.6924 
  0.2853537 129.5776 
  0.3063111 119.0438 
  0.4411466 117.2759 
  0.2682203 117.8622 
  0.7838617 117.8622 
  0.565771 117.8622 
  -0.1343044 117.8622 
  -0.5085033 117.8622 
  -0.04805811 117.8622 
  0.1154054 117.8622 
  0.1102231 117.8622 
  0.1836987 117.8622 
  0.06073671 117.8622 
  -0.007615085 117.8622 
  -0.1000129 117.8622 
  -0.07627308 117.8622 
  0.199236 117.8622 
  0.2307267 117.8622 
  0.09961562 117.8622 
  0.05385077 117.8622 
  0.3967777 117.8622 
  -0.01087882 117.8622 
  -0.1120314 117.8622 
  -0.2619486 117.8622 
  -0.2538839 117.8622 
  -0.1894758 117.8622 
  -0.1193436 117.8622 
  0.04289481 117.8622 
  0.1572209 117.8622 
  0.1655428 117.8622 
  0.107913 117.8622 
  -0.1247809 117.8622 
  0.2806646 117.8622 
  -0.02398144 117.8622 
  0.006563355 117.8622 
  0.08876866 117.8622 
  0.05159892 117.8622 ]
