 [
  0.2463973 137.5696 
  0.5153754 137.5696 
  0.5806707 137.5696 
  0.4196557 137.5696 
  0.3562611 137.5696 
  0.0548249 137.5696 
  0.08124701 137.5696 
  0.03951771 137.5696 
  0.1398834 137.5696 
  -0.07801317 137.5696 
  0.01709398 137.5696 
  0.4777701 137.5696 
  -0.09686416 137.5696 
  0.2605867 137.5696 
  0.4705447 136.2042 
  0.2161096 143.1697 
  0.1677523 130.2255 
  0.4982542 120.8384 
  0.8824951 122.0498 
  0.9710267 121.4426 
  0.9525931 122.6601 
  0.9392533 122.6601 
  0.8591936 120.8384 
  0.9404594 117.8622 
  0.9674649 117.2759 
  0.9376398 118.4515 
  0.9305186 120.8384 
  0.9190766 123.8897 
  0.9517827 126.3862 
  0.9687955 127.0181 
  0.9693012 127.0181 
  0.9729562 126.3862 
  0.977309 125.7574 
  0.9669669 125.1317 
  0.9188259 124.5092 
  0.8663961 122.0498 
  0.8400698 117.2759 
  0.759149 113.8184 
  0.4965374 113.2521 
  0.1854531 113.8184 
  0.2422383 114.9594 
  0.3756874 116.6924 
  0.6220345 119.639 
  0.8486755 122.6601 
  0.8953004 125.7574 
  0.9354302 128.9329 
  0.9804317 130.8766 
  0.9917605 130.8766 
  0.9866141 130.2255 
  0.8915638 130.2255 
  0.7520503 134.1814 
  0.7456046 130.2255 
  0.8764408 128.9329 
  0.9700859 128.9329 
  0.9727961 128.9329 
  0.9591771 129.5776 
  0.9699735 130.2255 
  0.973464 131.531 
  0.9383892 133.5138 
  0.983351 134.1814 
  0.9959126 134.1814 
  0.9664079 133.5138 
  0.9721848 132.8496 
  0.9470303 131.531 
  0.8228315 129.5776 
  0.808436 127.0181 
  0.6438756 123.8897 
  0.5610747 119.639 
  0.3838275 114.9594 
  0.4703942 110.4628 
  0.2989457 108.2809 
  0.7124326 98.98344 
  0.579399 96.54556 
  0.1535417 95.5873 
  0.1883683 95.11173 
  0.6357038 95.11173 
  0.150802 96.06523 
  0.3130098 97.02828 
  0.3608991 98.00098 
  0.1716143 98.98344 
  0.0900132 99.97575 
  0.2248937 100.978 
  -0.04291269 101.9903 
  -0.2545473 103.0128 
  -0.2726383 104.0455 
  -0.1932658 105.0885 
  0.02369034 106.142 
  0.03190392 107.2061 
  0.05187651 108.2809 
  0.06434826 109.3664 
  0.3031937 110.4628 
  0.03238361 111.5702 
  -0.09419022 112.6886 
  -0.1848253 113.8184 
  -0.1797699 114.9594 
  -0.0602513 116.1118 
  0.1114669 117.2759 
  0.05879875 118.4515 
  -0.01667517 119.639 
  0.0709276 120.8384 
  0.07708317 122.0498 
  0.04912784 123.2734 
  -0.2874019 124.5092 
  -0.4858597 125.7574 
  -0.1991808 127.0181 
  -0.180932 128.2915 
  0.6530758 128.9329 
  0.33581 120.2372 
  0.5876829 118.4515 
  0.7798908 116.6924 
  0.8352118 114.3874 
  0.9253117 113.2521 
  0.7786189 113.8184 
  0.6087132 113.8184 
  0.3097146 116.6924 
  0.7451492 120.2372 
  0.8684105 119.639 
  0.9348378 119.639 
  0.9858161 119.0438 
  0.9935983 119.639 
  0.9943667 119.639 
  0.9823334 119.639 
  0.9589981 118.4515 
  0.8701415 116.6924 
  0.7443228 114.3874 
  0.9117568 111.0151 
  0.908861 109.9132 
  0.8853465 108.8223 
  0.8360432 109.3664 
  0.9213584 110.4628 
  0.8542328 113.2521 
  0.8460431 112.128 
  0.8768841 111.5702 
  0.8281299 111.0151 
  0.8011854 108.8223 
  0.7317215 106.6728 
  0.4855132 104.5657 
  -0.445592 105.614 
  -0.1202429 106.6728 
  0.1576979 108.2809 
  -0.1087013 109.3664 
  -0.440714 110.4628 
  -0.3362759 111.5702 
  0.1091818 112.6886 
  0.1540511 113.8184 
  0.1134171 114.9594 
  0.1894181 116.1118 
  0.02388968 117.8622 
  0.1430247 119.0438 
  -0.05831886 120.2372 
  0.3448394 121.4426 
  0.7343142 125.7574 
  0.8302394 121.4426 
  0.9437474 119.639 
  0.9638743 118.4515 
  0.9351972 117.2759 
  0.9669168 116.1118 
  0.9850895 114.9594 
  0.9751574 114.3874 
  0.9511907 113.2521 
  0.9612669 112.6886 
  0.9725834 112.128 
  0.9714938 111.5702 
  0.9835221 111.5702 
  0.979944 111.5702 
  0.9618134 112.128 
  0.9590852 111.5702 
  0.9717535 111.5702 
  0.9693884 111.0151 
  0.9148683 110.4628 
  0.9245428 109.9132 
  0.8870074 108.8223 
  0.8320027 108.2809 
  0.915428 106.142 
  0.9239146 104.0455 
  0.8610238 101.9903 
  0.8555302 100.978 
  0.688219 99.97575 
  0.7592637 98.98344 
  0.8730977 98.98344 
  0.9134591 98.98344 
  0.9463164 98.98344 
  0.9262772 99.47836 
  0.8614247 98.98344 
  0.5750439 97.51342 
  0.4784559 95.11173 
  0.2958626 95.11173 
  0.06531097 96.06523 
  0.2437097 97.02828 
  -0.01541427 98.00098 
  -0.01605015 98.98344 
  -0.06693394 99.97575 
  -0.05868584 100.978 
  0.2686128 101.9903 
  0.2280827 103.0128 
  -0.08635809 104.0455 
  0.2558067 105.0885 
  0.1025595 105.614 
  0.01547706 106.6728 
  -0.07927562 108.2809 
  -0.0344047 109.9132 
  0.1301893 111.5702 
  0.1032303 113.2521 
  0.7056003 116.6924 
  0.7231765 114.9594 
  0.8631824 113.8184 
  0.9104055 112.128 
  0.8710274 111.0151 
  0.9420418 108.8223 
  0.9618878 107.7421 
  0.9872936 107.2061 
  0.9740242 106.6728 
  0.9915023 106.142 
  0.9761913 106.6728 
  0.8896787 107.7421 
  0.9196336 109.3664 
  0.9285296 109.3664 
  0.8511535 108.2809 
  0.7587823 106.6728 
  0.7423621 105.0885 
  0.4471638 104.5657 
  -0.1010393 103.5278 
  0.9165765 103.0128 
  0.8918595 102.5003 
  0.8978064 101.4829 
  0.90533 100.978 
  0.8262335 100.4756 
  0.4977732 99.97575 
  -0.08593212 99.47836 
  0.5563543 99.47836 
  0.7192199 98.98344 
  0.7381206 97.51342 
  0.7535998 96.54556 
  0.7269344 96.54556 
  0.7280609 96.06523 
  0.7704744 95.5873 
  0.9683161 95.11173 
  0.9540408 95.11173 
  0.9570712 95.11173 
  0.9054487 95.11173 
  0.9370614 94.1677 
  0.915844 93.6992 
  0.8268479 93.6992 
  0.8204265 93.23304 
  0.818637 94.63854 
  0.6113153 94.63854 
  -0.04372114 95.5873 
  0.3831229 97.02828 
  -0.3785872 98.491 
  0.0002606589 99.97575 
  0.1178423 101.4829 
  -0.008460349 103.0128 
  -0.1107141 104.5657 
  -0.1276107 106.6728 
  -0.2218775 108.8223 
  -0.09409345 111.0151 
  -0.1095773 113.2521 
  0.0270529 115.5342 
  0.4532315 117.2759 
  0.7333947 111.5702 
  0.8518378 109.9132 
  0.8797805 108.2809 
  0.9349765 106.142 
  0.9437379 105.0885 
  0.9473397 104.0455 
  0.9451063 103.5278 
  0.9899838 102.5003 
  0.9533534 101.9903 
  0.9726605 101.4829 
  0.9859008 100.978 
  0.9507344 100.978 
  0.9427366 99.97575 
  0.9341475 98.98344 
  0.8026134 98.00098 
  0.8827164 96.54556 
  0.889321 95.11173 
  0.8834371 95.11173 
  0.8918121 94.1677 
  0.7123193 94.63854 
  0.48469 94.1677 
  0.3650441 95.5873 
  0.8993398 91.39146 
  0.8344475 91.39146 
  0.4784 91.84841 
  0.2938465 97.51342 
  0.2280735 100.978 
  0.2259303 103.0128 
  0.1275551 104.5657 
  0.1453074 105.0885 
  0.01735822 107.2061 
  0.01446001 109.9132 
  0.05698431 111.0151 
  0.291027 111.0151 
  0.2773029 111.0151 
  0.1602657 110.4628 
  0.05361283 110.4628 
  0.196943 110.4628 
  0.05247473 110.4628 
  0.1536888 110.4628 
  0.1622692 110.4628 
  0.006788291 110.4628 
  -0.1853971 109.9132 
  0.02014032 109.3664 
  -0.07107233 108.8223 
  0.02249486 108.2809 
  -0.03925186 107.7421 
  0.05260893 107.7421 
  0.01568754 107.7421 
  0.2339233 107.7421 
  0.1788594 107.7421 
  0.1371625 107.7421 
  0.1460197 107.7421 
  0.05422073 107.7421 
  0.05412505 107.7421 
  0.04921753 107.7421 
  0.08247123 107.7421 
  -0.06215079 107.7421 
  0.0615161 107.7421 
  0.1570824 107.7421 
  0.03975339 107.7421 
  -0.1208214 107.7421 
  -0.109 107.7421 
  -0.01416828 107.7421 
  -0.02695048 107.7421 ]
