 [
  -0.1272484 214.4382 
  -0.09032415 214.4382 
  -0.1882888 214.4382 
  -0.1998093 214.4382 
  -0.04835104 214.4382 
  -0.07100055 214.4382 
  0.02271112 214.4382 
  -0.1633841 214.4382 
  0.2231337 214.4382 
  0.04879015 214.4382 
  -0.1116197 214.4382 
  0.1949998 214.4382 
  -0.2337919 214.4382 
  0.4312424 213.3714 
  0.6197973 220.9523 
  0.8967696 225.4046 
  0.9738052 227.6642 
  0.9195927 229.9466 
  0.8854322 236.9318 
  0.9872435 239.307 
  0.9898298 238.1164 
  0.9968863 236.9318 
  0.9677978 238.1164 
  0.9488199 239.307 
  0.8312259 242.9146 
  0.9652052 246.5766 
  0.8732998 251.5452 
  0.7793801 259.1866 
  0.929922 267.06 
  0.9594028 269.7372 
  0.964289 267.06 
  0.9682317 264.4093 
  0.9270766 261.7849 
  0.8273947 259.1866 
  0.9643558 263.0938 
  0.968604 261.7849 
  0.9746802 259.1866 
  0.9881772 256.614 
  0.9831182 254.067 
  0.9545794 251.5452 
  0.8591656 250.2938 
  0.6597124 250.2938 
  0.6814567 250.2938 
  0.727372 250.2938 
  0.1139586 250.2938 
  -0.002658193 250.2938 
  0.3251315 250.2938 
  0.1400497 256.614 
  0.1683768 260.4825 
  0.230921 261.7849 
  0.05916761 264.4093 
  0.09055747 267.06 
  0.2598444 271.0859 
  0.7446567 275.1726 
  0.8585939 264.4093 
  0.7931994 255.3373 
  0.8335859 245.3498 
  0.9714105 235.753 
  0.9940514 234.5801 
  0.9943702 235.753 
  0.9953349 236.9318 
  0.9912058 236.9318 
  0.9874953 238.1164 
  0.984417 238.1164 
  0.9821292 238.1164 
  0.9718984 239.307 
  0.9710261 240.5036 
  0.974309 242.9146 
  0.982671 244.1292 
  0.9890044 245.3498 
  0.9953541 246.5766 
  0.9966643 246.5766 
  0.9980751 246.5766 
  0.998818 246.5766 
  0.9985079 246.5766 
  0.9972419 246.5766 
  0.9963177 246.5766 
  0.990401 247.8095 
  0.9789324 250.2938 
  0.9938673 251.5452 
  0.996625 251.5452 
  0.9933891 250.2938 
  0.9903908 249.0485 
  0.9901615 247.8095 
  0.9910781 245.3498 
  0.9900501 244.1292 
  0.9824717 245.3498 
  0.9731698 247.8095 
  0.991259 249.0485 
  0.9935092 247.8095 
  0.9980868 246.5766 
  0.9926121 247.8095 
  0.9887117 250.2938 
  0.9960369 254.067 
  0.9937809 255.3373 
  0.9607 254.067 
  0.9098014 254.067 
  0.3869626 256.614 
  -0.1168415 259.1866 
  -0.04623553 261.7849 
  0.07791504 264.4093 
  -0.321743 267.06 
  -0.05428239 269.7372 
  0.3062745 273.8036 
  0.7603875 268.3953 
  0.8151037 263.0938 
  0.9806461 257.8971 
  0.9950218 254.067 
  0.9949572 252.8029 
  0.9817478 251.5452 
  0.971682 251.5452 
  0.9369615 252.8029 
  0.994237 252.8029 
  0.9980865 252.8029 
  0.9976385 252.8029 
  0.9144562 252.8029 
  0.9013996 249.0485 
  0.8631621 244.1292 
  0.8499886 235.753 
  0.6082092 224.2832 
  0.6400571 215.5104 
  0.3163227 209.1568 
  0.1775292 207.0808 
  0.2673706 207.0808 
  -0.3469644 208.1162 
  -0.3237742 209.1568 
  -0.2853297 210.2025 
  -0.1647603 210.2025 
  0.1530458 208.1162 
  0.7039666 206.0505 
  0.9285417 207.0808 
  0.5893961 209.1568 
  0.7640561 213.3714 
  0.8671052 213.3714 
  0.9392208 213.3714 
  0.9910319 212.3098 
  0.9970871 213.3714 
  0.9903941 214.4382 
  0.9867337 214.4382 
  0.9817703 215.5104 
  0.9796183 216.5879 
  0.9857785 218.7592 
  0.9842798 218.7592 
  0.8227274 216.5879 
  0.7408799 212.3098 
  0.5247201 205.0254 
  -0.006644233 207.0808 
  0.09015489 209.1568 
  0.2681561 211.2535 
  0.3956493 214.4382 
  0.530014 217.6709 
  0.3354362 219.853 
  0.3244805 222.057 
  0.2851774 223.1673 
  0.2489037 224.2832 
  0.4151641 225.4046 
  0.6988442 227.6642 
  0.92191 233.4131 
  0.9714029 233.4131 
  0.9508741 231.0963 
  0.9258338 226.5316 
  0.9656032 223.1673 
  0.9876906 220.9523 
  0.9968697 219.853 
  0.9915464 219.853 
  0.9966587 220.9523 
  0.9978086 220.9523 
  0.9966394 220.9523 
  0.9671066 219.853 
  0.9249427 217.6709 
  0.9201146 216.5879 
  0.9327104 213.3714 
  0.9275163 209.1568 
  0.9398715 205.0254 
  0.9567013 200.9756 
  0.9651948 197.9909 
  0.9814749 194.0801 
  0.9931656 192.1537 
  0.9979668 191.1978 
  0.9970815 191.1978 
  0.9968298 190.2465 
  0.9957463 191.1978 
  0.9959996 192.1537 
  0.9871356 194.0801 
  0.9805271 196.0257 
  0.969063 197.9909 
  0.9737313 198.9809 
  0.9822867 198.9809 
  0.9906778 198.9809 
  0.9953683 198.9809 
  0.996344 199.9758 
  0.9960794 199.9758 
  0.9918381 199.9758 
  0.9841995 200.9756 
  0.9825528 201.9805 
  0.9824371 202.9904 
  0.957301 205.0254 
  0.9080361 209.1568 
  0.9447305 214.4382 
  0.967941 217.6709 
  0.9067651 218.7592 
  0.5285639 219.853 
  0.1144116 220.9523 
  -0.0266571 223.1673 
  0.01976428 224.2832 
  0.1040076 226.5316 
  0.005977249 228.8026 
  0.05652373 231.0963 
  0.01898014 232.2518 
  0.4414215 233.4131 
  0.4506713 234.5801 
  0.7593083 234.5801 
  0.9454139 232.2518 
  0.9868476 229.9466 
  0.9943582 228.8026 
  0.9916922 228.8026 
  0.9944308 229.9466 
  0.9981708 231.0963 
  0.9891827 232.2518 
  0.9863856 234.5801 
  0.9798329 235.753 
  0.9524959 233.4131 
  0.9031756 232.2518 
  0.822594 232.2518 
  0.583122 232.2518 
  0.267275 232.2518 
  0.0163877 232.2518 
  -0.1177596 232.2518 
  -0.05205894 232.2518 
  -0.1179355 232.2518 
  -0.05843682 232.2518 
  -0.00474127 232.2518 
  -0.005036431 232.2518 
  0.3051123 232.2518 
  0.156776 232.2518 
  0.2570445 232.2518 
  0.2040325 232.2518 
  0.2680685 232.2518 
  0.09014311 232.2518 
  0.07538774 232.2518 
  -0.1459327 232.2518 
  -0.03210015 232.2518 
  0.07049112 232.2518 
  0.1852594 232.2518 
  0.09346017 232.2518 
  0.005908547 232.2518 
  -0.2272044 232.2518 
  -0.1363955 232.2518 
  0.1692572 232.2518 ]
