 [
  0.1597422 143.1697 
  0.08918482 143.1697 
  0.05937256 143.1697 
  0.0631221 143.1697 
  0.04735323 143.1697 
  -0.01208403 143.1697 
  0.03841902 143.1697 
  -0.03578938 143.1697 
  -0.02689068 143.1697 
  -0.0776502 143.1697 
  0.09951057 143.1697 
  0.05188822 143.1697 
  0.04655698 143.1697 
  0.04718444 143.1697 
  -0.02608754 143.1697 
  -0.0003235368 143.1697 
  0.02211653 143.1697 
  0.1513821 143.1697 
  0.1851993 143.1697 
  -0.07049286 143.1697 
  0.02602112 143.1697 
  0.1128465 143.1697 
  -0.00522935 143.1697 
  -0.2191855 143.1697 
  -0.2420942 143.1697 
  -0.2035763 143.1697 
  0.04458367 143.1697 
  -0.0200096 143.1697 
  -0.003903048 143.1697 
  -0.09449603 143.1697 
  0.0893861 143.1697 
  -0.07712955 143.1697 
  -0.1221172 143.1697 
  0.001343179 143.1697 
  0.1137935 143.1697 
  -0.03712101 143.1697 
  -0.08750661 143.1697 
  -0.1612067 143.1697 
  -0.4253805 143.1697 
  -0.2082735 143.1697 
  -0.07282069 143.1697 
  -0.2453012 143.1697 
  -0.1936644 143.1697 
  -0.1138605 143.1697 
  0.06962574 143.1697 
  -0.1701071 143.1697 
  -0.126014 143.1697 
  0.07319807 143.1697 
  0.04738751 143.1697 
  -0.1288687 143.1697 
  0.08770715 143.1697 
  0.886934 143.1697 
  0.5231733 132.1886 
  0.6863077 130.2255 
  0.8999256 129.5776 
  0.9197507 130.2255 
  0.9138932 130.8766 
  0.9010215 132.1886 
  0.8650519 134.1814 
  0.9076093 136.2042 
  0.82886 136.8852 
  0.6583537 137.5696 
  0.06028243 141.0434 
  0.917065 145.328 
  0.8172681 149.7427 
  0.284673 155.063 
  0.8202457 160.5723 
  0.765962 166.2773 
  0.8422003 169.6279 
  0.9403736 172.185 
  0.9740822 173.9112 
  0.971366 174.7808 
  0.9495351 177.4156 
  0.9615225 179.1942 
  0.9764125 180.9906 
  0.9590456 183.7191 
  0.9687929 185.5609 
  0.9766202 187.4211 
  0.9574276 188.3582 
  0.906063 189.3 
  0.375365 190.2465 
  0.5450037 192.1537 
  0.3200349 194.0801 
  0.07408419 197.0059 
  -0.1431631 199.9758 
  -0.04089613 202.9904 
  0.6265833 206.0505 
  0.772657 200.9756 
  0.836315 197.9909 
  0.9390615 193.1145 
  0.9500544 188.3582 
  0.9612134 183.7191 
  0.9855008 180.9906 
  0.9871539 180.9906 
  0.9881592 181.8956 
  0.9617435 181.8956 
  0.8885918 180.9906 
  0.4170909 179.1942 
  0.1580862 178.3027 
  0.119998 177.4156 
  0.005145186 176.533 
  0.0723829 175.6547 
  0.3025279 174.7808 
  0.21473 173.046 
  0.2136699 171.3284 
  -0.2144372 169.6279 
  -0.06979608 167.9442 
  0.3617627 166.2773 
  0.7702428 164.6269 
  0.92977 164.6269 
  0.9792219 165.4501 
  0.9937215 166.2773 
  0.9906898 166.2773 
  0.9821779 166.2773 
  0.9655131 166.2773 
  0.894832 163.8079 
  0.9150475 161.3751 
  0.9225786 158.1876 
  0.9296861 156.6175 
  0.963084 155.063 
  0.9763204 154.2915 
  0.984502 155.063 
  0.9546624 155.8383 
  0.916015 157.4006 
  0.9292589 159.7734 
  0.9047132 161.3751 
  0.8235307 160.5723 
  0.4670261 156.6175 
  0.882711 159.7734 
  0.950029 162.182 
  0.9963148 162.9929 
  0.9982402 162.182 
  0.9945719 161.3751 
  0.9884706 160.5723 
  0.807945 158.9785 
  0.8482018 156.6175 
  0.9606709 155.063 
  0.9814408 153.5239 
  0.9920882 152.7601 
  0.995381 152.0001 
  0.9938357 152.0001 
  0.9934615 151.2439 
  0.9923183 151.2439 
  0.9874676 151.2439 
  0.9608494 152.0001 
  0.9211393 155.8383 
  0.957424 158.9785 
  0.9157346 158.9785 
  0.8331825 157.4006 
  0.6223756 155.063 
  0.7290844 152.7601 
  0.6346985 151.2439 
  0.6015214 149.7427 
  0.5109082 148.2564 
  0.5371706 146.7849 
  0.02579167 145.328 
  0.06423885 143.8855 
  0.0567351 142.4574 
  -0.05174383 141.0434 
  0.6659353 138.9488 
  0.8456115 138.9488 
  0.9788592 138.9488 
  0.9729096 138.9488 
  0.970214 138.2575 
  0.9700175 136.8852 
  0.9805794 136.2042 
  0.9251352 134.8523 
  0.86312 133.5138 
  0.650964 134.8523 
  0.9017095 137.5696 
  0.9908667 138.9488 
  0.9806877 139.6435 
  0.8903056 140.3417 
  0.76912 140.3417 
  0.4622229 140.3417 
  0.08231831 141.0434 
  0.006128578 141.7487 
  -0.1621255 141.7487 
  0.1207142 141.7487 
  0.08408019 141.7487 
  0.06070311 141.7487 
  0.08440688 141.7487 
  0.04874364 141.7487 
  0.02766737 141.7487 
  -0.04144386 141.7487 
  0.01301829 141.7487 
  0.01961951 141.7487 
  -0.3560628 141.7487 
  0.693061 141.7487 
  0.8117599 141.7487 
  0.8928688 140.3417 
  0.8723131 137.5696 
  0.9262434 134.1814 
  0.9812256 132.8496 
  0.9728147 131.531 
  0.9813572 130.2255 
  0.9884216 130.2255 
  0.9459202 128.9329 
  0.8420368 127.0181 
  0.8636262 123.8897 
  0.8434076 121.4426 
  0.8364559 122.0498 
  0.8475445 120.8384 
  0.9063603 121.4426 
  0.9602997 121.4426 
  0.9391335 122.0498 
  0.9476422 122.6601 
  0.9495589 123.8897 
  0.9213803 123.8897 
  0.8946604 122.6601 
  0.9129474 120.8384 
  0.7709538 120.8384 
  0.7006898 121.4426 
  -0.09278479 122.0498 
  -0.127528 122.6601 
  -0.1767862 123.2734 
  -0.1486016 123.8897 
  -0.1532466 124.5092 
  -0.03033966 125.1317 
  0.05118415 125.7574 
  0.04555603 126.3862 
  -0.03509741 126.3862 
  -0.2706713 126.3862 
  0.310342 127.0181 
  0.08148083 127.0181 
  0.3863679 127.0181 
  0.5019926 126.3862 
  0.6601892 123.8897 
  0.4844424 119.0438 
  0.8802511 116.1118 
  0.906076 117.2759 
  0.9437859 117.8622 
  0.943012 119.0438 
  0.9432399 117.8622 
  0.8322225 115.5342 
  0.7331013 113.2521 
  0.6736571 110.4628 
  0.594244 111.0151 
  0.5803238 112.128 
  0.6865234 113.2521 
  0.4262965 114.3874 
  0.1009788 115.5342 
  -0.06796066 116.6924 
  0.1669538 117.8622 
  -0.07287075 119.0438 
  -0.5088743 120.2372 
  -0.03677205 121.4426 
  -0.1599223 122.0498 
  0.3531286 122.6601 
  -0.05685002 121.4426 
  0.1579404 117.2759 
  0.7102317 114.3874 
  0.9760907 114.9594 
  0.8876491 117.2759 
  0.4268729 122.6601 
  0.6975867 132.1886 
  0.9720486 134.1814 
  0.9726675 135.5266 
  0.9413402 138.2575 
  0.9517866 140.3417 
  0.9760042 143.1697 
  0.9841167 144.605 
  0.9797357 145.328 
  0.9076036 144.605 
  0.8217436 143.1697 
  0.2607232 141.7487 
  0.9201921 140.3417 
  0.8451975 138.9488 
  0.7325313 137.5696 
  0.5825381 136.2042 
  0.4388015 134.8523 
  0.3452194 134.1814 
  0.1969963 133.5138 
  0.3162604 132.8496 
  0.3648941 132.1886 
  0.4312426 131.531 
  0.4727852 130.8766 
  0.6407117 130.2255 
  0.6228795 129.5776 
  0.7368301 128.9329 
  0.4935057 128.9329 
  0.6763241 128.2915 
  0.6879322 126.3862 
  0.8038446 125.7574 
  0.9381949 126.3862 
  0.9428343 127.6532 
  0.8521117 128.9329 
  0.9368813 130.2255 
  0.9642313 131.531 
  0.9590262 132.8496 
  0.9655192 132.8496 
  0.9628865 132.1886 
  0.9862896 131.531 
  0.9547948 130.8766 
  0.9566493 130.2255 
  0.9745482 129.5776 
  0.9752191 129.5776 
  0.9461659 129.5776 
  0.9060752 128.2915 
  0.7925505 127.0181 
  0.6895397 125.7574 
  0.4513329 122.6601 
  0.8071582 121.4426 
  0.91734 120.2372 
  0.5937406 119.639 
  0.04244173 119.0438 
  0.7713133 117.8622 
  0.8241865 115.5342 
  0.9439533 114.3874 
  0.9585333 113.2521 
  0.9489113 111.5702 
  0.9145924 109.9132 
  0.8967201 107.7421 
  0.8617966 105.614 
  0.8508835 103.5278 
  0.8546783 101.4829 
  0.8128174 100.4756 
  0.5990161 100.4756 
  0.649188 100.4756 
  0.4005594 100.4756 
  0.1988497 100.4756 
  0.1915023 100.4756 
  -0.001987186 100.4756 
  -0.01919912 100.4756 
  0.01305393 100.978 
  -0.2166953 101.4829 
  -0.1708083 101.9903 
  -0.3075705 102.5003 
  -0.03950356 103.0128 
  -0.03152791 103.5278 
  0.2263529 104.0455 
  0.4134443 104.5657 
  0.8425827 106.142 
  0.9562312 105.614 
  0.9744039 105.0885 
  0.9804988 104.5657 
  0.9723153 104.0455 
  0.9602379 103.5278 
  0.9298183 102.5003 
  0.9306253 100.978 
  0.9422302 99.47836 
  0.926695 98.491 
  0.9575108 97.51342 
  0.962239 96.06523 
  0.9732064 95.5873 
  0.9719555 95.5873 
  0.9241698 94.63854 
  0.9107418 93.23304 
  0.868858 91.39146 
  0.9488332 90.48434 
  0.9402432 90.03418 
  0.9468123 89.58624 
  0.9381161 89.58624 
  0.933199 89.58624 
  0.9192754 89.58624 
  0.8992248 89.58624 
  0.8427426 89.58624 
  0.7482523 89.58624 
  0.7761875 89.58624 
  0.7950509 90.03418 
  0.761529 90.03418 
  0.6351864 90.03418 
  0.5563508 90.03418 
  0.5730489 90.03418 
  0.7432584 90.03418 
  0.8742493 90.03418 
  0.8599681 90.03418 
  0.7454978 90.03418 
  0.391683 90.03418 ]
