 [
  0.3980279 125.7574 
  0.2972255 125.7574 
  -0.1017413 125.7574 
  0.3083794 125.7574 
  0.2594707 125.7574 
  0.1129408 125.7574 
  0.1384027 125.7574 
  0.3774611 125.7574 
  0.2851506 125.7574 
  0.2868633 125.7574 
  0.05209101 125.7574 
  -0.09621259 125.7574 
  0.1656367 125.1317 
  0.461613 123.2734 
  0.8003492 123.2734 
  0.9374674 122.6601 
  0.9409813 123.8897 
  0.9331885 123.8897 
  0.9622971 123.2734 
  0.9836586 123.2734 
  0.9640213 123.8897 
  0.881772 123.8897 
  0.7650634 123.2734 
  0.8926799 124.5092 
  0.8498518 125.7574 
  0.5881943 123.8897 
  0.6536003 123.2734 
  0.854753 122.6601 
  0.9668756 123.8897 
  0.9120166 125.7574 
  0.8388889 129.5776 
  0.8825958 132.1886 
  0.9425427 132.8496 
  0.9414017 131.531 
  0.9565427 131.531 
  0.9755746 131.531 
  0.9893792 132.8496 
  0.9888741 133.5138 
  0.9890248 134.8523 
  0.9854597 136.2042 
  0.9856691 138.2575 
  0.9806021 139.6435 
  0.991163 141.0434 
  0.9875993 141.0434 
  0.9680468 141.0434 
  0.9121735 138.2575 
  0.7934 133.5138 
  0.9368055 131.531 
  0.86957 130.2255 
  0.6737452 127.0181 
  0.8346252 123.2734 
  0.9364671 122.0498 
  0.9634876 121.4426 
  0.9839872 121.4426 
  0.9884374 121.4426 
  0.9937047 122.0498 
  0.9927745 121.4426 
  0.9868176 120.8384 
  0.9741863 120.2372 
  0.967364 119.639 
  0.9859642 118.4515 
  0.9791157 117.8622 
  0.933505 117.2759 
  0.8790596 116.6924 
  0.7690573 115.5342 
  -0.1606606 116.6924 
  -0.00580144 117.8622 
  0.08124313 119.639 
  0.0534832 120.8384 
  0.06806682 122.0498 
  -0.08206458 123.8897 
  0.08963359 125.1317 
  0.2146073 126.3862 
  0.08297391 127.6532 
  0.08271641 128.9329 
  0.04688735 130.2255 
  0.09837494 131.531 
  -0.001914702 132.8496 
  -0.2336609 134.1814 
  -0.1479966 135.5266 
  0.01484149 136.2042 
  0.06309813 136.2042 
  -0.07229874 136.2042 
  -0.03207783 136.8852 
  0.02160455 136.8852 
  -0.01620678 136.8852 
  0.3846693 136.8852 
  0.5346001 137.5696 
  0.5903383 133.5138 
  0.8191675 129.5776 
  0.8456887 124.5092 
  0.8808635 120.2372 
  0.9531405 119.0438 
  0.9374846 118.4515 
  0.919183 119.0438 
  0.8767563 119.0438 
  0.9902811 119.0438 
  0.9998939 119.639 
  0.9973562 120.2372 
  0.9917366 120.8384 
  0.7208543 122.0498 
  0.8764788 119.639 
  0.9562809 120.2372 
  0.9920865 120.8384 
  0.9843956 120.2372 
  0.9714292 119.639 
  0.9868777 118.4515 
  0.9898325 118.4515 
  0.9910496 118.4515 
  0.9946606 119.0438 
  0.9913952 119.639 
  0.9934614 120.2372 
  0.9851729 119.639 
  0.8269774 118.4515 
  0.7158611 116.6924 
  0.5397069 114.9594 
  0.2158791 116.1118 
  -0.05306701 117.2759 
  -0.04442906 118.4515 
  0.08540058 119.639 
  0.2540555 120.2372 
  0.2108854 120.8384 
  0.1630333 121.4426 
  0.05134671 122.0498 
  -0.002422222 122.6601 
  -0.1173117 122.6601 
  -0.1233904 122.6601 
  -0.1670619 122.6601 
  0.4959077 127.0181 
  0.7325691 125.7574 
  0.8738099 122.0498 
  0.9589465 119.0438 
  0.9828155 116.6924 
  0.9789151 115.5342 
  0.9875274 114.9594 
  0.9916112 114.9594 
  0.9933852 114.9594 
  0.9905231 114.3874 
  0.9888017 114.3874 
  0.9976448 113.8184 
  0.9953259 113.8184 
  0.986223 113.8184 
  0.9018351 113.8184 
  0.8146173 113.8184 
  0.7001326 113.8184 
  0.3781999 113.2521 
  0.5882666 113.2521 
  0.2945659 113.2521 
  0.2705724 113.2521 
  0.7199056 114.3874 
  0.684742 116.1118 
  0.7457754 116.1118 
  0.8471975 117.2759 
  0.905231 116.6924 
  0.9169011 115.5342 
  0.9682959 114.9594 
  0.9880918 114.9594 
  0.9679976 114.9594 
  0.9539666 114.9594 
  0.8521413 114.9594 
  0.8080636 113.8184 
  0.8691158 111.0151 
  0.8821596 109.3664 
  0.5071804 112.6886 
  0.5666956 117.8622 
  0.9050171 122.6601 
  0.9095937 125.1317 
  0.8934445 127.0181 
  0.952925 128.2915 
  0.9882013 129.5776 
  0.9796665 128.9329 
  0.9497682 127.6532 
  0.8613151 126.3862 
  0.710542 124.5092 
  0.05502712 125.7574 
  -0.1008405 127.6532 
  -0.137822 129.5776 
  -0.01470962 130.8766 
  0.08648139 132.1886 
  0.009609105 133.5138 
  0.1678267 134.8523 
  0.1547253 136.2042 
  0.04425865 138.2575 
  0.2544638 140.3417 
  0.3056293 141.7487 
  0.3747613 143.8855 
  0.6844522 146.0546 
  0.5381023 141.0434 
  0.1983257 132.1886 
  0.5991266 123.2734 
  0.9787989 119.0438 
  0.9957069 117.8622 
  0.9959541 117.2759 
  0.9913641 116.6924 
  0.994388 116.1118 
  0.995602 115.5342 
  0.9843263 114.3874 
  0.9703735 113.2521 
  0.9731501 112.128 
  0.9112564 112.128 
  0.8228451 111.0151 
  0.8532506 108.8223 
  0.8351244 107.2061 
  0.7666403 105.614 
  0.873879 103.0128 
  0.9075607 101.4829 
  0.8662423 99.97575 
  0.8215097 99.97575 
  0.8539791 99.97575 
  0.9117401 99.47836 
  0.9077967 98.491 
  0.9362442 98.00098 
  0.9413509 97.51342 
  0.9360414 96.54556 
  0.9298087 95.5873 
  0.9259143 94.63854 
  0.830929 94.1677 
  0.7574757 93.23304 
  0.4098289 93.23304 
  0.3895908 93.6992 
  0.01641074 94.1677 
  -0.01657736 95.11173 
  0.01128049 96.06523 
  0.541766 97.51342 
  0.6120076 95.5873 
  0.5762904 92.7692 
  0.7434862 91.84841 
  0.7590624 90.93677 
  0.7896823 90.93677 
  0.7613001 91.39146 
  0.8647137 92.30766 
  0.8205217 92.30766 
  0.7233644 92.30766 
  0.374124 95.11173 
  0.7155003 98.491 
  0.4964508 99.97575 
  -0.0023121 103.5278 
  0.3284355 106.6728 
  0.4543972 107.2061 
  0.5001973 106.142 
  0.5335414 105.614 
  0.1525788 105.614 
  0.523788 105.614 
  0.5259464 105.614 
  0.315148 105.614 
  0.388104 105.614 
  0.3376609 105.614 
  0.1343589 105.614 
  -0.04102178 105.614 
  0.03436091 105.614 
  0.001856223 105.614 
  -0.07232744 105.614 
  -0.06358682 105.614 
  -0.007542904 105.614 
  0.03898884 105.614 
  -0.09044763 105.614 
  -0.1066428 105.614 
  -0.1404785 105.614 
  -0.1614671 105.614 
  -0.1008464 105.614 
  0.108085 105.614 
  0.07317732 105.614 
  0.03209437 105.614 
  -0.1071824 105.614 ]
