 [
  -0.01296457 232.2518 
  0.06700707 232.2518 
  0.152723 232.2518 
  -0.4021532 232.2518 
  -0.3152251 232.2518 
  -0.0346807 232.2518 
  0.01062096 232.2518 
  -0.2522742 232.2518 
  -0.2012691 232.2518 
  -0.1423911 232.2518 
  0.1741488 232.2518 
  -0.2956969 232.2518 
  -0.09216717 232.2518 
  0.5377942 233.4131 
  0.7214274 238.1164 
  0.7095827 238.1164 
  0.7362713 235.753 
  0.4085481 228.8026 
  0.2606483 220.9523 
  -0.08248787 213.3714 
  -0.5828028 205.0254 
  -0.1340795 197.0059 
  -0.03296605 190.2465 
  0.09707434 183.7191 
  -0.01000715 177.4156 
  0.2546255 171.3284 
  0.0030615 165.4501 
  0.008170038 159.7734 
  0.1100718 154.2915 
  -0.126397 149.7427 
  -0.1118369 144.605 
  0.3224167 141.0434 
  0.7511164 140.3417 
  0.9509615 140.3417 
  0.9828006 139.6435 
  0.9889222 139.6435 
  0.9960872 138.9488 
  0.9851428 138.2575 
  0.9798332 136.8852 
  0.9943529 136.2042 
  0.9973634 136.2042 
  0.9944714 136.8852 
  0.9754094 137.5696 
  0.979851 138.9488 
  0.9897343 140.3417 
  0.9729211 141.0434 
  0.965178 143.1697 
  0.9528239 145.328 
  0.9833219 146.7849 
  0.9696181 148.2564 
  0.9561794 149.7427 
  0.9656016 152.0001 
  0.986896 152.7601 
  0.9848353 154.2915 
  0.9943781 155.063 
  0.9972399 155.063 
  0.9956246 155.063 
  0.9905767 155.8383 
  0.9877096 155.8383 
  0.9738107 156.6175 
  0.9460595 156.6175 
  0.9109814 156.6175 
  0.9160754 157.4006 
  0.6366321 155.8383 
  0.3619773 153.5239 
  0.17484 151.2439 
  0.1332929 148.9977 
  -0.1987154 146.0546 
  -0.00245992 143.1697 
  -0.08111285 141.0434 
  -0.08590555 138.9488 
  -0.1874948 136.8852 
  -0.1910707 134.8523 
  -0.1202814 132.8496 
  0.227024 130.8766 
  0.1094892 128.9329 
  0.4581101 127.0181 
  0.1351201 125.1317 
  0.05898369 122.6601 
  -0.019436 120.8384 
  0.3338895 119.0438 
  0.7295501 117.8622 
  0.7651718 119.639 
  0.671785 122.0498 
  0.7669474 125.7574 
  0.9448828 127.6532 
  0.9656196 128.9329 
  0.9845379 129.5776 
  0.978497 130.2255 
  0.9543856 130.2255 
  0.9126145 130.2255 
  0.7268682 129.5776 
  0.9278429 130.8766 
  0.9884691 131.531 
  0.9945275 131.531 
  0.988437 131.531 
  0.9559338 131.531 
  0.9654981 131.531 
  0.9784852 131.531 
  0.9243299 131.531 
  0.8858466 130.2255 
  0.9045467 129.5776 
  0.9051217 128.2915 
  0.9109427 127.0181 
  0.9429674 125.7574 
  0.9454086 124.5092 
  0.9225096 123.2734 
  0.940556 122.0498 
  0.8785894 120.8384 
  0.8391867 119.639 
  0.7413711 117.2759 
  0.7356392 118.4515 
  0.5760238 116.6924 
  0.05243633 114.9594 
  0.1157366 113.2521 
  -0.2893037 111.5702 
  -0.1387043 109.9132 
  -0.1525367 108.2809 
  -0.03943786 106.6728 
  0.21965 105.0885 
  0.5736806 101.4829 
  0.3813468 95.5873 
  0.5239438 90.03418 
  0.4802306 85.65383 
  0.6733273 83.12859 
  0.7833045 82.3035 
  0.8084048 84.38177 
  0.328569 86.94508 
  0.08231105 89.58624 
  0.08691805 90.93677 
  -0.1038908 91.39146 
  0.1381368 91.39146 
  0.4992 91.84841 
  0.2192873 92.30766 
  -0.2794673 92.7692 
  -0.151793 93.23304 
  0.008632602 93.6992 
  0.1056759 94.1677 
  0.1552747 94.63854 
  0.2378567 95.11173 
  0.1283656 95.5873 
  0.1687186 96.06523 
  -0.0510144 96.54556 
  0.1228707 97.02828 
  0.09825099 97.51342 
  -0.1086906 98.00098 
  -0.3611251 98.491 
  -0.2448894 98.98344 
  0.03981654 99.47836 
  0.4096849 99.97575 
  0.2788839 100.4756 
  0.1976679 100.978 
  -0.06135121 101.4829 
  -0.1067474 101.9903 
  -0.09746822 102.5003 
  -0.08576003 103.0128 
  0.05292127 103.5278 
  0.5043314 103.5278 
  0.7012479 103.5278 
  0.7245913 103.0128 
  0.7273101 103.0128 
  0.735691 105.614 
  -0.04229962 108.2809 
  0.02744463 111.0151 
  -0.2300878 113.8184 
  0.2059098 117.2759 
  0.09285387 120.2372 
  0.1345814 123.2734 
  0.1523327 126.3862 
  0.173217 128.9329 
  0.1880163 131.531 
  -0.06241592 134.1814 
  0.4443562 136.8852 
  0.7126013 129.5776 
  0.9077193 127.0181 
  0.6628354 123.8897 
  0.3325116 120.8384 
  0.6883739 116.1118 
  0.9294582 114.9594 
  0.8656373 116.1118 
  0.8420744 117.2759 
  0.9293372 119.639 
  0.956741 120.8384 
  0.9416122 123.2734 
  0.92383 123.2734 
  0.9134331 123.2734 
  0.9617835 122.0498 
  0.9043567 121.4426 
  0.802992 120.2372 
  0.5722347 119.0438 
  0.4537003 120.2372 
  -0.06310093 122.0498 
  -0.1713013 123.2734 
  0.1222933 124.5092 
  0.006750173 125.7574 
  0.003282048 127.0181 
  -0.06014571 128.9329 
  -0.04201216 130.8766 
  -0.008350481 132.8496 
  0.711515 134.8523 
  0.2771333 128.2915 
  0.4555356 123.8897 
  0.8614551 121.4426 
  0.9672188 119.639 
  0.988381 119.639 
  0.9890153 119.639 
  0.9908834 119.639 
  0.985793 120.2372 
  0.9430719 120.2372 
  0.8971567 120.8384 
  0.7789584 120.8384 
  0.7644647 121.4426 
  0.8469125 121.4426 
  0.8608147 120.2372 
  0.8761763 119.0438 
  0.9020619 117.8622 
  0.8965239 116.6924 
  0.9524494 114.9594 
  0.9200518 113.8184 
  0.9106032 113.8184 
  0.919471 113.2521 
  0.9164625 113.2521 
  0.9098371 112.6886 
  0.9077563 112.128 
  0.7975854 110.4628 
  0.9262228 108.8223 
  0.9771286 108.8223 
  0.8987719 108.2809 
  0.889782 107.2061 
  0.8736477 106.142 
  0.8298284 104.5657 
  0.8554629 103.0128 
  0.8519883 101.9903 
  0.7859735 100.4756 
  0.7124627 98.491 
  0.9655491 97.51342 
  0.9507048 97.51342 
  0.9056202 97.51342 
  0.8901209 97.51342 
  0.8802379 96.54556 
  0.84737 96.54556 
  0.930352 95.11173 
  0.9211542 94.1677 
  0.9594512 93.6992 
  0.9537123 94.1677 
  0.9456336 95.11173 
  0.980529 96.06523 
  0.9860711 96.54556 
  0.9772542 97.02828 
  0.9557068 97.51342 
  0.9311936 98.00098 
  0.7802826 98.491 
  0.5811615 98.491 
  0.5407535 98.491 
  0.4886016 98.491 
  0.4846237 98.491 
  0.5323461 98.491 
  0.5858063 98.491 
  0.4904995 98.491 
  0.1936799 98.491 
  0.09472761 98.491 
  -0.0201627 98.491 
  0.1496279 98.491 
  0.2339807 98.491 
  0.07404294 98.491 ]
