 [
  -0.0241367 152.0001 
  0.104539 152.0001 
  0.1230628 152.0001 
  0.08372849 152.0001 
  0.1425145 152.0001 
  0.1292147 152.0001 
  0.08029747 152.0001 
  0.1228223 152.0001 
  0.1846733 152.0001 
  -0.0206854 152.0001 
  0.2441552 152.0001 
  -0.1319019 152.0001 
  0.04648666 152.0001 
  0.05668147 152.0001 
  -0.009852862 152.0001 
  0.03236081 152.0001 
  -0.184218 152.0001 
  0.1368662 151.2439 
  0.3868969 144.605 
  0.7732131 141.0434 
  0.8678282 143.1697 
  0.896251 145.328 
  0.9828238 148.2564 
  0.9609101 150.4914 
  0.9024767 152.0001 
  0.8767524 152.0001 
  0.6817622 147.5188 
  0.9632006 143.8855 
  0.5266293 140.3417 
  0.3152528 136.8852 
  0.3368247 134.1814 
  0.4847806 131.531 
  0.7702119 129.5776 
  0.8015587 128.2915 
  0.8420728 128.9329 
  0.9379914 130.2255 
  0.9327664 132.1886 
  0.9235151 132.1886 
  0.9421164 131.531 
  0.9693356 130.8766 
  0.9793585 130.8766 
  0.9844716 130.8766 
  0.9613643 130.2255 
  0.9636033 129.5776 
  0.9927604 128.2915 
  0.9953456 128.2915 
  0.9952377 128.2915 
  0.9952579 128.2915 
  0.9939466 128.2915 
  0.9883268 128.2915 
  0.9918169 127.0181 
  0.9898582 126.3862 
  0.9939078 126.3862 
  0.9910772 126.3862 
  0.9833969 126.3862 
  0.9461176 127.6532 
  0.948389 129.5776 
  0.98234 130.8766 
  0.9901629 132.1886 
  0.9926267 132.8496 
  0.9952534 132.8496 
  0.9924583 132.1886 
  0.9812256 131.531 
  0.9764994 130.2255 
  0.9770578 128.9329 
  0.9702202 127.6532 
  0.9615234 125.7574 
  0.9698111 123.8897 
  0.9556784 123.2734 
  0.9373257 122.6601 
  0.9104023 121.4426 
  0.8356813 119.0438 
  0.7892652 116.6924 
  0.8383133 113.8184 
  0.8638778 111.5702 
  0.7540704 109.9132 
  0.4151482 108.2809 
  0.7883602 108.8223 
  0.9234598 107.2061 
  0.9703384 105.614 
  0.9418104 104.0455 
  0.8042958 104.0455 
  0.8735988 103.5278 
  0.9481367 103.5278 
  0.9713733 104.5657 
  0.9795007 105.0885 
  0.9849199 105.0885 
  0.9901391 105.0885 
  0.9568466 104.5657 
  0.9470554 104.5657 
  0.9463133 104.0455 
  0.9189552 105.614 
  0.8576432 107.2061 
  0.8282952 109.3664 
  0.9209002 111.0151 
  0.9723241 111.0151 
  0.9760525 111.5702 
  0.9631894 112.128 
  0.9757025 113.2521 
  0.967482 113.8184 
  0.9590465 114.3874 
  0.9618896 114.9594 
  0.9593556 115.5342 
  0.9363949 116.6924 
  0.8846627 117.8622 
  0.7904636 116.6924 
  0.4531145 114.3874 
  0.6778336 114.3874 
  0.4775589 114.9594 
  0.6848171 115.5342 
  0.7990007 114.3874 
  0.9600263 112.128 
  0.9878805 111.5702 
  0.9855949 111.5702 
  0.9710404 111.5702 
  0.9374329 112.128 
  0.8906536 112.128 
  0.8779921 112.6886 
  0.83355 113.2521 
  0.8333027 112.128 
  0.91195 111.5702 
  0.9659002 111.5702 
  0.9839666 111.0151 
  0.9879695 111.5702 
  0.9906471 111.5702 
  0.990246 112.128 
  0.9723954 112.6886 
  0.9739658 113.2521 
  0.9821949 113.2521 
  0.9806554 113.2521 
  0.9095015 112.6886 
  0.7613033 112.128 
  0.6766576 111.0151 
  0.4866218 109.9132 
  0.5311506 111.0151 
  0.7747223 112.6886 
  0.8676076 112.128 
  0.9101059 112.6886 
  0.9473924 113.2521 
  0.9685673 112.6886 
  0.9806101 112.128 
  0.976683 111.5702 
  0.9684774 111.5702 
  0.9734852 111.5702 
  0.950186 111.0151 
  0.9026055 109.9132 
  0.8238432 108.8223 
  0.4899917 107.7421 
  0.08616021 107.7421 
  0.0864657 107.7421 
  0.05480097 107.7421 
  0.05451068 107.7421 
  0.1133761 107.7421 
  0.1845668 107.7421 
  0.2604662 107.7421 
  0.0774039 107.7421 
  -0.05700269 107.7421 
  -0.1536556 107.7421 
  -0.1420015 107.7421 
  0.03154353 107.7421 
  0.1040282 107.7421 
  0.04896745 107.7421 
  0.1120126 107.7421 
  0.05507728 107.7421 
  0.2812773 107.2061 
  0.3206992 106.6728 
  0.5730323 106.142 
  0.737299 106.6728 
  0.8352213 106.6728 
  0.9032136 106.142 
  0.9909017 106.142 
  0.800139 107.2061 
  0.8722094 108.2809 
  0.8670596 107.2061 
  0.945947 106.6728 
  0.9745924 106.6728 
  0.9841121 106.142 
  0.970194 106.6728 
  0.953682 107.7421 
  0.9403027 109.3664 
  0.9818062 111.0151 
  0.9893066 111.5702 
  0.9932494 111.5702 
  0.9941559 111.5702 
  0.9940149 111.5702 
  0.982434 110.4628 
  0.9897992 109.3664 
  0.9757895 108.2809 
  0.9592302 106.6728 
  0.9140052 106.142 
  0.8569118 105.614 
  0.6700222 106.142 
  -0.02226584 107.2061 
  -0.009940509 107.7421 
  0.1031295 108.8223 
  0.1076548 109.9132 
  0.142095 111.0151 
  -0.02970811 112.128 
  -0.08758096 113.2521 
  -0.2072401 114.3874 
  -0.1149745 115.5342 
  -0.04852181 116.6924 
  -0.003099325 117.8622 
  0.02522633 119.0438 
  0.1444265 120.2372 
  0.7919964 121.4426 
  0.8500312 122.0498 
  0.8552619 120.2372 
  0.9067114 117.2759 
  0.9790359 116.1118 
  0.9740869 114.9594 
  0.9772748 113.8184 
  0.9943244 112.6886 
  0.9964345 112.128 
  0.9965546 111.5702 
  0.9950095 111.0151 
  0.9886582 110.4628 
  0.9919007 109.9132 
  0.9933542 109.3664 
  0.9833344 108.8223 
  0.9662256 107.7421 
  0.9522742 106.142 
  0.940876 105.0885 
  0.8775399 104.0455 
  0.7494455 103.5278 
  0.6459428 104.0455 
  -0.052539 105.0885 
  0.09718596 106.142 
  0.04919757 106.6728 
  0.05638636 107.2061 
  0.1429005 108.2809 
  -0.1055653 109.3664 
  0.1662004 110.4628 
  -0.1070791 111.5702 
  0.1922004 112.6886 
  0.1103092 113.8184 
  0.09176333 115.5342 
  -0.1818217 120.2372 
  0.2160398 125.1317 
  0.8139718 130.2255 
  0.4529015 118.4515 
  0.4917652 114.9594 
  0.5992413 112.128 
  0.4216661 108.2809 
  0.4960915 102.5003 
  0.5049684 100.4756 
  0.4606539 99.97575 
  0.2924144 98.98344 
  0.2267249 98.491 
  0.04336876 98.491 
  -0.08755977 98.491 
  0.1530015 98.491 
  0.0122418 98.491 
  -0.01068528 98.491 
  0.1461491 98.491 
  -0.07428669 98.491 
  -0.09304648 98.491 
  0.1309407 98.98344 
  0.1104879 98.98344 
  0.7203246 99.97575 
  0.4095008 111.0151 
  0.5302713 114.3874 
  0.6639026 117.2759 
  0.6634061 115.5342 
  0.746478 112.128 
  0.8071479 109.9132 
  0.7823184 107.2061 
  0.8462008 104.5657 
  0.9190715 103.0128 
  0.9653599 101.9903 
  0.9749424 101.9903 
  0.8889028 102.5003 
  0.7177417 102.5003 
  0.6067101 103.0128 
  0.7634066 99.47836 
  0.2574927 99.97575 
  0.03472953 100.978 
  0.1935234 101.4829 
  0.3034483 101.9903 
  0.03271814 103.0128 
  -0.01409534 104.0455 
  0.3526118 105.0885 
  0.05177736 106.142 
  0.0693984 107.2061 
  0.04900547 108.2809 
  0.09083469 109.3664 
  0.7164721 110.4628 
  0.867783 109.3664 
  0.7934796 107.2061 
  0.9326193 105.0885 
  0.9182031 103.5278 
  0.9314943 101.9903 
  0.8930489 101.9903 
  0.9724239 101.9903 
  0.9651931 101.4829 
  0.9701813 100.978 
  0.9860821 100.4756 
  0.972344 100.978 
  0.9888648 100.978 
  0.9749951 100.4756 
  0.9835382 100.4756 
  0.8973976 99.47836 
  0.8362084 98.98344 
  0.5741687 97.51342 
  0.3475502 96.54556 
  0.06604185 95.11173 
  0.5596582 96.06523 
  0.5200269 97.51342 
  0.903736 98.491 
  0.9112403 98.98344 
  0.901092 98.98344 
  0.7501611 99.47836 
  0.6546461 100.4756 
  0.3995888 100.978 
  -0.1241337 100.978 
  -0.1202451 100.978 
  -0.2585019 100.978 
  -0.1916421 100.978 
  -0.01542134 101.4829 
  -0.06316413 101.4829 
  0.0179308 101.4829 
  0.1977212 101.4829 
  -0.02015906 101.4829 
  0.01878656 101.4829 
  0.006715944 101.4829 
  0.571886 101.4829 
  0.6937448 103.5278 
  0.6671098 105.614 
  0.7705647 106.142 
  0.8433701 104.0455 
  0.9531813 103.0128 
  0.980316 102.5003 
  0.9445297 101.9903 
  0.898422 100.4756 
  0.5472719 99.47836 
  0.04161071 103.0128 
  0.05165184 104.0455 
  0.05425181 103.0128 
  0.1648172 101.4829 
  0.1264559 100.978 
  0.04057346 98.00098 
  0.1671761 96.54556 
  0.2996039 96.54556 
  0.3008688 97.51342 
  0.1815972 98.491 
  -0.05865532 98.98344 
  0.2003312 99.47836 
  0.4551045 99.97575 
  0.1684085 100.978 
  0.2252242 101.9903 
  0.4628605 102.5003 
  0.616944 103.0128 
  0.5013888 103.0128 
  0.3466833 103.0128 
  0.3195378 103.0128 
  0.2326093 103.0128 
  0.3926252 103.0128 
  0.09484334 103.0128 
  0.2429715 103.0128 
  -0.09548332 103.0128 
  -0.2110876 103.0128 
  -0.426343 103.0128 
  -0.1840341 103.0128 
  -0.4067616 103.0128 
  -0.3696153 103.0128 ]
