 [
  0.1680012 166.2773 
  0.03381821 166.2773 
  -0.1540017 166.2773 
  -0.211056 166.2773 
  -0.1421809 166.2773 
  0.3173043 166.2773 
  -0.03530958 166.2773 
  -0.2227676 166.2773 
  -0.3422444 166.2773 
  -0.346255 166.2773 
  0.1471918 166.2773 
  -0.1118232 166.2773 
  -0.05728464 166.2773 
  -0.1232998 166.2773 
  -0.02197989 166.2773 
  -0.0101955 166.2773 
  0.06061648 166.2773 
  0.06560376 166.2773 
  0.06977664 166.2773 
  -0.06218775 166.2773 
  0.0611121 165.4501 
  0.2496458 166.2773 
  0.5142719 176.533 
  0.9630236 177.4156 
  0.9884882 175.6547 
  0.9970086 174.7808 
  0.9916512 174.7808 
  0.9875487 175.6547 
  0.9884597 177.4156 
  0.9892828 178.3027 
  0.9874859 177.4156 
  0.9742358 176.533 
  0.9770746 175.6547 
  0.9747366 173.9112 
  0.9705434 172.185 
  0.9763288 170.476 
  0.9856141 169.6279 
  0.9911898 168.784 
  0.9950002 168.784 
  0.9957463 168.784 
  0.9962665 168.784 
  0.9910443 168.784 
  0.9890728 169.6279 
  0.977105 169.6279 
  0.9851397 171.3284 
  0.9969447 172.185 
  0.9992267 173.046 
  0.9896319 174.7808 
  0.9649261 175.6547 
  0.9774897 176.533 
  0.9771376 177.4156 
  0.9838239 179.1942 
  0.9899665 180.0902 
  0.9910222 180.9906 
  0.991487 182.8051 
  0.9890254 184.6377 
  0.9884049 186.4887 
  0.9833735 189.3 
  0.9772652 191.1978 
  0.9836706 194.0801 
  0.9896381 196.0257 
  0.9952279 197.0059 
  0.9933714 198.9809 
  0.9911194 199.9758 
  0.9900004 201.9805 
  0.9852008 204.0054 
  0.9816435 206.0505 
  0.9868913 208.1162 
  0.9937801 209.1568 
  0.9942325 210.2025 
  0.9752244 211.2535 
  0.9480432 211.2535 
  0.827002 213.3714 
  0.9869907 213.3714 
  0.9941857 213.3714 
  0.9752923 211.2535 
  0.8758482 207.0808 
  0.3108858 198.9809 
  0.226034 193.1145 
  0.1642154 189.3 
  0.1300327 187.4211 
  0.1599487 185.5609 
  0.1386856 187.4211 
  0.2857584 181.8956 
  0.2579918 173.9112 
  0.4866936 175.6547 
  0.7798471 174.7808 
  0.935905 173.9112 
  0.9708573 173.9112 
  0.967793 173.046 
  0.8922602 173.046 
  0.7557594 173.9112 
  0.6315477 174.7808 
  0.4932827 176.533 
  0.4386699 178.3027 
  0.2266778 180.0902 
  0.3692967 181.8956 
  0.5004733 184.6377 
  0.3478023 186.4887 
  0.3413685 188.3582 
  0.2142186 190.2465 
  0.536974 193.1145 
  0.8575888 196.0257 
  0.9358487 195.0505 
  0.9915605 195.0505 
  0.998206 195.0505 
  0.9963315 194.0801 
  0.9961993 192.1537 
  0.9987019 191.1978 
  0.998944 191.1978 
  0.9980132 191.1978 
  0.9983431 192.1537 
  0.9957753 192.1537 
  0.9889274 190.2465 
  0.9815071 186.4887 
  0.965506 183.7191 
  0.9355356 180.9906 
  0.8019305 180.0902 
  0.2951679 180.0902 
  0.1368221 180.9906 
  0.07307106 181.8956 
  0.1202653 182.8051 
  -0.1781172 183.7191 
  -0.2062379 184.6377 
  -0.1684541 185.5609 
  0.03679261 186.4887 
  0.3800927 186.4887 
  0.4533475 186.4887 
  0.7632852 185.5609 
  0.8858249 183.7191 
  0.9964495 181.8956 
  0.955552 180.9906 
  0.9233508 180.0902 
  0.9389628 179.1942 
  0.965219 180.0902 
  0.989349 180.0902 
  0.9910173 180.0902 
  0.9938355 180.0902 
  0.9931085 179.1942 
  0.9924049 179.1942 
  0.9860529 178.3027 
  0.9862325 178.3027 
  0.9845463 176.533 
  0.9770662 175.6547 
  0.9775733 173.9112 
  0.9394657 171.3284 
  0.4102828 113.8184 
  0.8989632 84.80367 
  0.9096716 83.96195 
  0.8742554 82.71502 
  0.9160889 81.89403 
  0.961033 81.08118 
  0.7067205 81.4866 
  0.6637497 82.71502 
  0.7217079 83.54424 
  0.752798 81.4866 
  0.6820285 80.27641 
  0.5915774 78.29926 
  0.3631289 77.90971 
  0.3175611 78.29926 
  0.1633851 78.69076 
  0.2360617 79.08421 
  0.1543991 79.47963 
  0.1523364 79.87703 
  -0.1283206 80.27641 
  -0.1500274 80.6778 
  -0.1891117 81.08118 
  -0.09163347 81.4866 
  0.03293913 81.89403 
  0.01731519 82.3035 
  0.1349037 82.71502 
  0.189467 83.12859 
  0.2231036 83.54424 
  -0.00859187 83.96195 
  0.1121012 84.80367 
  0.2045031 85.65383 
  0.2478759 86.51251 
  0.1836102 87.3798 
  0.2556447 88.25578 
  0.04062061 88.69706 
  0.1084803 89.14054 
  0.1364732 89.58624 
  0.02945768 90.03418 
  -0.009794249 90.48434 
  0.2517899 90.93677 
  -0.05997504 91.39146 
  0.7035009 91.84841 
  0.8527384 90.93677 
  0.9383063 89.58624 
  0.9425048 88.25578 
  0.9919123 87.3798 
  0.993962 86.94508 
  0.9915003 86.51251 
  0.9932073 86.0821 
  0.9811401 85.65383 
  0.9724028 84.80367 
  0.9736432 83.96195 
  0.9834443 83.54424 
  0.9792118 82.71502 
  0.9837151 81.89403 
  0.9816231 81.4866 
  0.9839968 81.4866 
  0.9821908 81.4866 
  0.9805412 81.4866 
  0.8499286 81.4866 
  0.4282979 82.71502 
  -0.3873546 86.0821 
  -0.2598524 89.58624 
  0.07060395 93.23304 
  0.08867384 97.51342 
  0.08112814 101.9903 
  -0.137917 106.142 
  0.1309782 110.4628 
  -0.02050632 114.9594 
  -0.0312143 119.639 
  0.06212886 124.5092 
  -0.07274599 129.5776 
  -0.01341651 134.8523 
  0.004755249 140.3417 
  -0.2352406 146.0546 
  -0.09718122 152.0001 
  -0.04614847 158.1876 
  -0.06607877 164.6269 
  -0.06428056 171.3284 
  0.1394635 178.3027 
  0.2357846 185.5609 
  0.4794259 193.1145 
  0.8730609 197.9909 
  0.9393005 196.0257 
  0.9866081 194.0801 
  0.9937696 193.1145 
  0.9952918 191.1978 
  0.9949833 190.2465 
  0.9949377 188.3582 
  0.9948568 187.4211 
  0.9951509 187.4211 
  0.9953234 187.4211 
  0.9967394 187.4211 
  0.9970604 187.4211 
  0.9968958 187.4211 
  0.9982623 186.4887 
  0.9952563 186.4887 
  0.9950786 185.5609 
  0.9897029 184.6377 
  0.9854363 182.8051 
  0.9762589 180.9906 
  0.9442756 180.0902 
  0.8333985 179.1942 
  0.3899084 179.1942 
  0.01035809 179.1942 
  0.07374216 179.1942 
  0.100791 179.1942 
  0.03136292 179.1942 
  0.1621387 179.1942 
  -0.02936286 179.1942 
  -0.06316818 179.1942 
  -0.1615481 179.1942 
  -0.1147193 179.1942 
  0.08955486 179.1942 
  0.05262917 179.1942 
  0.7015879 178.3027 
  0.7904757 176.533 
  0.8261092 176.533 
  0.8874361 173.9112 
  0.9662554 171.3284 
  0.9844543 170.476 
  0.9899194 170.476 
  0.9940786 170.476 
  0.996227 169.6279 
  0.9979239 169.6279 
  0.991048 168.784 
  0.983279 167.1087 
  0.9619213 164.6269 
  0.9175714 163.8079 
  0.7535203 163.8079 
  0.3158047 163.8079 
  0.3290323 164.6269 
  0.1613014 165.4501 
  0.1366567 166.2773 
  0.1278131 167.1087 
  -0.05166703 167.9442 
  -0.01697486 168.784 
  0.01384441 169.6279 
  0.03224197 170.476 
  -0.2637897 171.3284 
  -0.2133308 172.185 
  -0.2203752 173.046 
  0.05260083 173.9112 
  0.09659596 174.7808 
  -0.2164221 175.6547 
  -0.1572631 176.533 
  -0.1165216 177.4156 
  -0.03247315 178.3027 
  -0.03137694 179.1942 
  -0.2129901 180.0902 
  0.4154723 171.3284 
  0.6484218 168.784 
  0.9603559 166.2773 
  0.9744442 165.4501 
  0.9830006 165.4501 
  0.9874115 164.6269 
  0.9876798 163.8079 
  0.991428 164.6269 
  0.9935887 163.8079 
  0.9954002 162.9929 
  0.9921234 162.9929 
  0.9882966 162.182 
  0.9870951 161.3751 
  0.7857229 163.8079 
  0.457061 167.9442 
  0.144617 183.7191 
  0.2976524 194.0801 
  0.3548009 196.0257 
  0.3019432 197.0059 
  0.1753615 197.0059 
  0.05825397 196.0257 
  -0.04706626 195.0505 
  0.04267694 195.0505 
  0.004615983 195.0505 
  0.03037985 195.0505 
  -0.1199618 195.0505 
  -0.1040741 195.0505 
  -0.286128 195.0505 
  -0.1169056 195.0505 
  -0.1319451 195.0505 
  -0.1189072 195.0505 
  -0.283154 195.0505 
  -0.005530426 195.0505 
  0.06270407 195.0505 
  0.157944 195.0505 
  0.1509814 195.0505 
  0.1209994 195.0505 
  0.03801231 195.0505 
  0.04381029 195.0505 
  0.08786191 195.0505 
  -0.02494879 195.0505 
  0.07334856 195.0505 
  -0.1258615 195.0505 
  0.1448137 195.0505 
  0.01304612 195.0505 
  0.1393525 195.0505 ]
