 [
  -0.2168714 269.7372 
  -0.2360113 269.7372 
  -0.1401269 269.7372 
  0.1266066 269.7372 
  0.1534974 269.7372 
  0.2156335 269.7372 
  0.008727099 269.7372 
  0.06207531 269.7372 
  0.0813653 269.7372 
  0.1559086 269.7372 
  -0.09819733 269.7372 
  0.0724393 269.7372 
  0.2866223 269.7372 
  0.06159239 269.7372 
  0.2090503 269.7372 
  0.07680634 269.7372 
  0.1149097 269.7372 
  -0.1091899 269.7372 
  -0.04626993 269.7372 
  0.523236 269.7372 
  0.6046069 263.0938 
  0.7531124 256.614 
  0.9691309 252.8029 
  0.9957983 251.5452 
  0.9930365 249.0485 
  0.9827188 246.5766 
  0.9671811 244.1292 
  0.9519037 241.7061 
  0.9662164 240.5036 
  0.9786906 241.7061 
  0.974007 245.3498 
  0.9849219 249.0485 
  0.9765039 249.0485 
  0.9494611 245.3498 
  0.9417428 239.307 
  0.9340336 233.4131 
  0.9090911 228.8026 
  0.4995798 213.3714 
  -0.07516111 193.1145 
  0.171246 175.6547 
  0.4095558 172.185 
  0.4387873 170.476 
  0.5015057 148.9977 
  -0.5814192 139.6435 
  -0.3099304 131.531 
  0.03858423 123.8897 
  0.6963318 116.1118 
  0.3007964 114.9594 
  0.4722181 113.8184 
  0.660157 113.8184 
  0.8034014 114.9594 
  0.9368931 116.1118 
  0.9881835 233.4131 
  0.9910808 234.5801 
  0.9947119 235.753 
  0.9950725 236.9318 
  0.9870779 238.1164 
  0.9897062 239.307 
  0.9737693 241.7061 
  0.9608393 244.1292 
  0.9189734 247.8095 
  0.8705148 254.067 
  0.9096363 259.1866 
  0.9462888 263.0938 
  0.8830703 265.7313 
  0.9321743 264.4093 
  0.8984036 263.0938 
  0.7288226 264.4093 
  -0.03652556 265.7313 
  -0.255183 267.06 
  -0.08554588 268.3953 
  -0.05256087 269.7372 
  -0.04553145 271.0859 
  0.2382881 272.4414 
  0.1885688 273.8036 
  0.2385559 275.1726 
  0.801334 272.4414 
  0.7774862 259.1866 
  0.9312542 252.8029 
  0.9858885 247.8095 
  0.9831946 245.3498 
  0.978175 241.7061 
  0.9699206 236.9318 
  0.9548851 234.5801 
  0.9136526 234.5801 
  0.6793677 233.4131 
  0.9102042 232.2518 
  0.9933319 232.2518 
  0.9940531 232.2518 
  0.9955826 232.2518 
  0.989135 233.4131 
  0.8083217 234.5801 
  0.9189333 234.5801 
  0.963474 235.753 
  0.9920684 236.9318 
  0.992864 238.1164 
  0.9893175 240.5036 
  0.9814411 241.7061 
  0.9726035 245.3498 
  0.9566089 250.2938 
  0.8870382 256.614 
  0.8310614 267.06 
  0.9179227 276.5485 
  0.9788724 282.1211 
  0.9614575 282.1211 
  0.8831893 282.1211 
  0.4200045 283.5317 
  0.1149878 284.9493 
  0.09445047 286.3741 
  0.4686857 287.806 
  0.1919889 289.245 
  0.1076345 292.1447 
  -0.0204723 293.6054 
  -0.1254944 295.0734 
  -0.1699381 296.5488 
  0.008347288 298.0316 
  -0.02095056 299.5217 
  0.06422092 301.0193 
  0.4758848 304.037 
  0.7074175 280.7175 
  0.8610818 271.0859 
  0.9877397 265.7313 
  0.9978386 264.4093 
  0.9993924 263.0938 
  0.9991593 263.0938 
  0.9990565 263.0938 
  0.9971079 263.0938 
  0.9958897 261.7849 
  0.9959136 260.4825 
  0.9955826 259.1866 
  0.9927307 256.614 
  0.9950621 255.3373 
  0.9945068 254.067 
  0.9965582 251.5452 
  0.9945695 249.0485 
  0.9957958 246.5766 
  0.9987372 245.3498 
  0.9998567 244.1292 
  0.9999608 244.1292 
  0.999732 244.1292 
  1.000085 242.9146 
  0.9995993 242.9146 
  0.9951362 245.3498 
  0.9938148 246.5766 
  0.9907224 249.0485 
  0.9723926 250.2938 
  0.9576259 250.2938 
  0.8275606 250.2938 
  0.3850807 250.2938 
  0.1325603 250.2938 
  0.5317407 250.2938 
  0.318974 250.2938 
  0.1883986 250.2938 
  0.03298772 250.2938 
  -0.01292828 250.2938 
  0.02668231 250.2938 
  0.09348038 251.5452 
  0.05924527 252.8029 
  0.05794212 252.8029 
  0.5073828 252.8029 
  0.8753548 250.2938 
  0.8182808 242.9146 
  0.7973154 234.5801 
  0.8928465 222.057 
  0.9713541 215.5104 
  0.9898525 213.3714 
  0.9918775 213.3714 
  0.9919696 214.4382 
  0.9917107 215.5104 
  0.9865145 216.5879 
  0.9650582 217.6709 
  0.9281569 218.7592 
  0.8554401 219.853 
  0.703315 220.9523 
  0.7480959 222.057 
  0.5361837 223.1673 
  0.3504598 224.2832 
  0.2223105 225.4046 
  0.1378391 226.5316 
  -0.1364485 227.6642 
  -0.1268826 229.9466 
  -0.04070994 232.2518 
  0.2344522 234.5801 
  0.01425067 236.9318 
  0.01111383 239.307 
  -0.001268286 242.9146 
  0.2540583 246.5766 
  0.7626831 250.2938 
  0.8485721 245.3498 
  0.876177 239.307 
  0.8621055 233.4131 
  0.933472 228.8026 
  0.9776945 226.5316 
  0.9860289 225.4046 
  0.984074 225.4046 
  0.9827001 224.2832 
  0.9788016 223.1673 
  0.9868345 222.057 
  0.990586 222.057 
  0.9840646 222.057 
  0.9789624 223.1673 
  0.9742818 223.1673 
  0.9184801 223.1673 
  0.8308679 223.1673 
  0.7668081 224.2832 
  0.5534455 225.4046 
  0.1370501 226.5316 
  -0.1709071 227.6642 
  -0.04168913 228.8026 
  0.06115799 229.9466 
  0.2216079 231.0963 
  0.3492296 232.2518 
  0.1864568 233.4131 
  -0.03112537 234.5801 
  -0.2419504 235.753 
  -0.3095812 236.9318 
  -0.3047124 239.307 
  -0.04592 241.7061 
  0.06304119 242.9146 
  0.5483104 244.1292 
  0.7912152 239.307 
  0.8880543 238.1164 
  0.9963669 235.753 
  0.9882631 235.753 
  0.974063 234.5801 
  0.9428962 232.2518 
  0.8843625 231.0963 
  0.760883 231.0963 
  0.4995967 232.2518 
  0.4688895 234.5801 
  0.6179738 236.9318 
  0.863757 240.5036 
  0.942188 244.1292 
  0.97006 245.3498 
  0.9511965 241.7061 
  0.9251161 234.5801 
  0.935774 227.6642 
  0.9835129 223.1673 
  0.984032 222.057 
  0.9684518 222.057 
  0.9565498 222.057 
  0.9223859 224.2832 
  0.9985215 225.4046 
  0.9982634 225.4046 
  0.9985805 225.4046 
  0.9982957 225.4046 
  0.9970911 224.2832 
  0.9950948 223.1673 
  0.9960684 222.057 
  0.8455189 222.057 
  0.9135149 222.057 
  0.9494987 222.057 
  0.9921742 222.057 
  0.9932446 220.9523 
  0.9991675 220.9523 
  0.9979284 220.9523 
  0.9982175 220.9523 
  0.9972249 219.853 
  0.9971321 219.853 
  0.9956788 219.853 
  0.9959776 219.853 
  0.9973229 219.853 
  0.9969019 219.853 
  0.9910482 218.7592 
  0.9725679 216.5879 
  0.9492694 213.3714 
  0.9336998 209.1568 
  0.561134 204.0054 
  0.09458395 199.9758 
  0.0953738 195.0505 
  -0.212746 191.1978 
  0.6955673 188.3582 
  0.7637867 182.8051 
  0.8034359 178.3027 
  0.9054755 174.7808 
  0.9422077 170.476 
  0.9200442 169.6279 
  0.8107494 168.784 
  0.611279 167.9442 
  0.3652248 167.9442 
  0.3111495 167.9442 
  0.2948489 169.6279 
  0.4427572 172.185 
  0.5774758 174.7808 
  0.7253865 176.533 
  0.6255848 177.4156 
  0.7891175 177.4156 
  0.3113395 177.4156 
  0.1130073 177.4156 
  0.08604717 177.4156 
  0.3182814 177.4156 
  -0.05253535 177.4156 
  0.2198936 177.4156 
  0.1479298 177.4156 
  0.3166592 177.4156 
  -4.773587e-05 177.4156 
  -0.1716738 177.4156 
  -0.05639338 177.4156 ]
