 [
  0.07279588 62.24707 
  -0.1790383 62.24707 
  -0.2496351 62.24707 
  0.02447164 62.24707 
  0.1954229 62.24707 
  -0.4451855 62.24707 
  -0.3034515 62.24707 
  -0.4762672 62.24707 
  -0.3025124 62.24707 
  -0.1053992 62.24707 
  -0.07514966 62.24707 
  -0.06022127 62.24707 
  0.1312962 62.24707 
  -0.003451273 62.24707 
  -0.05887062 62.24707 
  0.04672808 62.24707 
  0.09204045 62.24707 
  0.03804963 62.5583 
  0.6282517 63.18545 
  0.8499135 63.81888 
  0.4246744 65.75754 
  0.6761039 68.09386 
  0.1533206 69.46598 
  0.3033205 74.48985 
  -0.1790855 79.87703 
  -0.108211 85.65383 
  -0.1509233 92.30766 
  -0.04468635 99.47836 
  -0.006922239 106.6728 
  0.249306 114.3874 
  0.7559302 117.2759 
  0.918985 119.0438 
  0.9088421 118.4515 
  0.9359985 119.0438 
  0.9594806 119.0438 
  0.9676653 118.4515 
  0.9706591 117.8622 
  0.9920912 117.8622 
  0.9904742 117.2759 
  0.9512745 116.6924 
  0.9248221 114.3874 
  0.8956691 113.2521 
  0.9482796 113.8184 
  0.994323 114.3874 
  0.9986359 114.3874 
  0.9981501 114.3874 
  0.9795423 115.5342 
  0.809175 117.8622 
  0.6968333 124.5092 
  0.8464943 123.8897 
  0.8969976 123.8897 
  0.9638166 124.5092 
  0.9883106 125.1317 
  0.9908751 125.7574 
  0.9892192 125.7574 
  0.9693625 127.0181 
  0.9670658 128.2915 
  0.9881953 128.9329 
  0.9920014 129.5776 
  0.9816207 130.8766 
  0.9803961 131.531 
  0.9730095 131.531 
  0.943458 131.531 
  0.8131109 130.2255 
  0.7775276 125.7574 
  0.4671049 122.0498 
  0.377616 120.2372 
  0.1941581 118.4515 
  0.08310901 117.2759 
  0.01788859 115.5342 
  0.03958419 114.3874 
  0.2236142 113.2521 
  0.1051773 112.128 
  -0.08862296 111.0151 
  -0.1375338 109.9132 
  0.2431332 109.3664 
  0.3918811 109.3664 
  0.5849181 110.4628 
  0.8823604 112.6886 
  0.9305899 114.9594 
  0.9727262 115.5342 
  0.9800141 115.5342 
  0.9695376 114.9594 
  0.9789548 114.3874 
  0.9804348 113.8184 
  0.9289915 113.2521 
  0.8935539 112.6886 
  0.9122388 112.6886 
  0.9741772 113.2521 
  0.9773269 113.8184 
  0.987879 114.3874 
  0.9877411 114.3874 
  0.9803919 114.3874 
  0.9612083 113.8184 
  0.9837782 112.128 
  0.9807604 111.5702 
  0.9776388 111.5702 
  0.9903157 111.0151 
  0.9760711 109.9132 
  0.89096 108.8223 
  0.7853116 107.7421 
  0.5256422 107.2061 
  0.01774034 108.2809 
  0.004716968 109.9132 
  -0.1630206 111.5702 
  -0.01376049 113.2521 
  0.007464491 114.9594 
  0.03601342 116.6924 
  0.03534109 118.4515 
  0.06522414 120.2372 
  0.07345795 121.4426 
  -0.06733701 122.0498 
  0.0007962426 122.6601 
  0.4338306 123.2734 
  0.7300979 122.6601 
  0.863261 121.4426 
  0.8887148 119.0438 
  0.9336227 117.8622 
  0.9788235 117.2759 
  0.9639019 116.6924 
  0.9557401 115.5342 
  0.9315861 114.3874 
  0.9164332 112.6886 
  0.9369999 111.5702 
  0.9254599 111.0151 
  0.9449701 108.8223 
  0.9202324 107.2061 
  0.856765 105.614 
  0.7702863 103.0128 
  0.2752022 102.5003 
  -0.183559 103.5278 
  0.08997927 105.0885 
  -0.1781093 106.142 
  -0.1573859 107.2061 
  0.005527318 108.2809 
  -0.2809383 109.9132 
  0.2016434 111.0151 
  0.3041954 112.6886 
  0.4112014 113.8184 
  0.2141254 115.5342 
  0.2857688 116.6924 
  0.6463399 117.8622 
  0.6689302 114.9594 
  0.8121411 112.6886 
  0.9912313 111.5702 
  0.9887658 111.0151 
  0.9451923 109.9132 
  0.9127496 108.2809 
  0.898025 105.614 
  0.8594775 103.0128 
  0.8542041 101.4829 
  0.8429632 101.4829 
  0.8797166 103.0128 
  0.8768151 106.142 
  0.9313589 106.6728 
  0.9496347 106.142 
  0.9257516 104.5657 
  0.9366717 103.0128 
  0.8842494 102.5003 
  0.933111 103.0128 
  0.9979605 103.5278 
  0.9931697 103.5278 
  0.9918299 103.5278 
  0.9906168 103.5278 
  0.9034873 104.5657 
  0.6516984 108.2809 
  0.5825382 105.0885 
  0.7257374 105.0885 
  0.9474204 104.5657 
  0.9394581 105.614 
  0.9309054 106.142 
  0.9718443 107.2061 
  0.9706123 107.2061 
  0.9874929 107.7421 
  0.9940752 108.2809 
  0.9998051 108.2809 
  0.9995226 108.2809 
  0.998318 108.2809 
  0.9964497 108.2809 
  0.9893277 107.7421 
  0.9808422 107.7421 
  0.9715484 106.6728 
  0.9729897 106.142 
  0.9854792 105.614 
  0.9841568 105.614 
  0.974317 105.0885 
  0.7559907 104.0455 
  0.6878973 101.4829 
  0.7515663 102.5003 
  0.9825858 102.5003 
  0.9440393 102.5003 
  0.8799968 102.5003 
  0.8103939 100.4756 
  0.8528849 98.98344 
  0.7948028 97.02828 
  0.9102162 96.06523 
  0.9028264 97.02828 
  0.9199063 98.00098 
  0.920709 98.491 
  0.9667433 98.98344 
  0.9488541 98.98344 
  0.8954735 98.98344 
  0.8353103 98.98344 
  0.838232 99.47836 
  0.9538445 99.97575 
  0.9831911 100.4756 
  0.9918689 100.978 
  0.9923558 101.4829 
  0.9670193 101.9903 
  0.7137029 103.5278 
  0.8438531 105.0885 
  0.9380854 106.6728 
  0.9459291 108.2809 
  0.9615886 109.9132 
  0.9934406 109.9132 
  0.9937547 109.9132 
  0.9675097 109.3664 
  0.8598065 108.8223 
  0.7839754 106.6728 
  0.7757767 103.5278 
  0.3387289 103.0128 
  0.247881 103.0128 
  0.1052215 103.0128 
  0.03336477 103.5278 
  0.09480861 104.0455 
  -0.0276355 104.0455 
  0.01307887 104.5657 
  0.08311152 105.0885 
  -0.06409843 105.614 
  -0.07914601 106.142 
  -0.1469971 106.6728 
  -0.0007869266 107.2061 
  0.2082222 107.7421 
  0.1385702 108.8223 
  0.6961271 113.2521 
  0.8231229 111.5702 
  0.8126987 108.8223 
  0.9369605 107.7421 
  0.975194 107.2061 
  0.9331888 106.6728 
  0.9422703 106.142 
  0.9587964 105.614 
  0.931231 105.0885 
  0.9739811 104.0455 
  0.9620752 103.5278 
  0.9601187 103.0128 
  0.9728315 102.5003 
  0.9623222 101.9903 
  0.9631542 101.4829 
  0.9354181 100.978 
  0.8992105 100.4756 
  0.7896103 99.97575 
  0.668682 98.491 
  0.5913135 95.11173 
  0.5270854 94.63854 
  0.5856397 94.63854 
  0.2150149 95.11173 
  0.4857949 95.5873 
  0.441736 96.54556 
  0.5777816 96.06523 
  0.7942687 95.5873 
  0.8799367 95.5873 
  0.8387218 95.5873 
  0.7609559 96.06523 
  0.5123651 96.54556 
  0.1634715 97.02828 
  0.4196497 98.00098 
  0.5821847 98.98344 
  0.4942268 99.97575 
  -0.1071489 100.978 
  0.05009274 101.9903 
  -0.0138879 103.0128 
  0.08717361 104.0455 
  0.2127091 104.0455 
  0.2169574 103.5278 
  0.05747464 103.0128 
  0.2791095 103.0128 
  0.3349156 103.0128 
  0.5882441 105.614 
  0.899102 106.142 
  0.9513478 105.614 
  0.9534909 105.0885 
  0.9691613 105.0885 
  0.9008377 105.614 
  0.9554551 106.142 
  0.9675651 106.6728 
  0.9515116 105.614 
  0.9231099 105.0885 
  0.9427971 104.0455 
  0.9596676 103.0128 
  0.8525706 102.5003 
  0.7728832 100.978 
  0.7366788 101.4829 
  0.9943447 101.9903 
  0.9959698 101.9903 
  0.9970425 101.9903 
  0.9979183 101.9903 
  0.9899664 102.5003 
  0.7186086 104.0455 
  0.8246562 104.0455 
  0.9210573 104.0455 
  0.9674793 104.5657 
  0.9841135 104.5657 
  0.9823811 104.0455 
  0.9683238 104.0455 
  0.9472635 104.0455 
  0.936402 104.0455 
  0.970225 104.0455 
  0.9565336 103.5278 
  0.9476047 102.5003 
  0.9547961 101.9903 
  0.9534586 101.4829 
  0.8574811 101.4829 
  0.7115055 100.978 
  0.5782339 99.97575 
  -0.06827636 100.4756 
  0.2860385 100.978 
  0.1986398 100.978 
  0.1924455 101.4829 
  0.2883815 101.9903 
  0.2297648 102.5003 
  0.3248945 103.0128 
  0.04328251 103.5278 
  0.1698562 104.0455 
  0.0198599 104.5657 
  0.1971946 105.0885 
  0.1873679 105.0885 
  -0.02753753 105.0885 
  0.0141158 105.0885 
  0.2670292 104.0455 
  -0.09122961 103.5278 
  0.2355532 101.4829 
  0.713459 99.47836 
  0.8990464 98.00098 
  0.8707572 96.54556 
  0.7059597 95.5873 
  0.3895803 95.11173 
  0.3246161 95.11173 
  0.1487711 95.11173 
  -0.02159872 95.11173 
  0.09590906 95.11173 
  0.1324261 95.5873 
  0.06792496 96.06523 
  0.05511251 96.54556 
  0.04430696 97.02828 
  0.09873191 97.02828 
  0.164187 97.02828 
  0.04593302 97.02828 
  0.003043491 97.02828 
  0.4746875 97.51342 
  0.5197288 103.5278 
  0.7153795 105.614 
  0.9718462 105.614 
  0.9586235 105.0885 
  0.9841326 104.5657 
  0.9806964 103.5278 
  0.9820201 102.5003 
  0.9696375 101.4829 
  0.9770876 100.978 
  0.9561636 99.97575 
  0.9134918 98.491 
  0.9266093 97.51342 
  0.8518713 97.51342 
  0.7743617 97.51342 
  0.702994 97.02828 
  0.3223434 94.1677 
  0.4399841 89.58624 
  0.1756096 86.0821 
  0.359326 83.12859 
  0.1846823 81.4866 
  0.05587154 77.90971 
  0.2700616 76.3708 
  0.2715737 76.75266 
  0.2539015 77.13642 
  0.04380057 77.13642 
  -0.01950873 77.13642 
  0.3385949 77.13642 
  0.3677437 77.13642 
  0.1127003 77.13642 
  -0.06185817 77.13642 
  0.09255311 77.13642 
  -0.02982017 77.13642 
  0.02852219 77.13642 
  -0.04390781 77.13642 
  0.011846 77.13642 
  -0.1106786 77.13642 
  0.1039671 77.13642 
  0.1986586 77.13642 
  0.1210773 77.13642 
  0.03220351 77.13642 
  -0.2616966 77.13642 
  -0.0754046 77.13642 
  0.1442877 77.13642 
  -0.1174122 77.13642 
  0.03731858 77.13642 
  -0.03316401 77.13642 
  -0.02464091 77.13642 
  -0.09154411 77.13642 
  0.0422456 77.13642 
  -0.02287367 77.13642 
  0.02066331 77.13642 
  -0.1101544 77.13642 
  0.01248109 77.13642 
  -0.04531648 77.13642 
  -0.003783393 77.13642 
  -0.01164021 77.13642 
  0.1548583 77.13642 
  0.006583196 77.13642 
  -0.001053981 77.13642 
  -0.1194763 77.13642 
  -0.1232829 77.13642 
  -0.04292462 77.13642 
  0.1739795 77.13642 
  0.1096313 77.13642 
  0.03860785 77.13642 
  -0.07649688 77.13642 
  0.04986983 77.13642 
  -0.04026188 77.13642 
  -0.1078566 77.13642 
  0.1475318 77.13642 
  0.1593388 77.13642 
  0.05304819 77.13642 
  0.08721807 77.13642 
  0.01819921 77.13642 
  -0.02426385 77.13642 
  -0.1993775 77.13642 
  -0.09554055 77.13642 
  0.06191162 77.13642 
  0.2618509 77.13642 
  0.04426968 77.13642 
  0.09807658 77.13642 
  -0.04815826 77.13642 
  -0.002326313 77.13642 
  -0.05485316 77.13642 
  -0.2393475 77.13642 
  -0.2567262 77.13642 
  -0.2342365 77.13642 
  -0.1367246 77.13642 
  -0.2563533 77.13642 
  -0.1483244 77.13642 
  -0.0651568 77.13642 
  -0.2137798 77.13642 
  0.05969383 77.13642 
  0.2235536 77.13642 
  -0.06298637 77.13642 
  -0.2384149 77.13642 
  0.07789258 77.13642 
  0.1506236 77.13642 
  0.05515329 77.13642 
  -0.2920019 77.13642 
  -0.1498444 77.13642 
  -0.1480303 77.13642 
  -0.02304615 77.13642 
  -0.1223919 77.13642 
  0.02706862 77.13642 
  0.1381899 77.13642 
  0.163483 77.13642 
  0.02068872 77.13642 
  -0.1163215 77.13642 
  -0.006138982 77.13642 
  0.22194 77.13642 
  0.04081495 77.13642 
  -0.08885223 77.13642 
  -0.2122836 77.13642 
  -0.1780773 77.13642 ]
