 [
  0.09898658 162.9929 
  0.005489439 162.9929 
  0.3075494 162.9929 
  0.3955292 162.9929 
  0.2296442 162.9929 
  -0.0119409 162.9929 
  -0.08191701 162.9929 
  -0.05683764 162.9929 
  -0.07114542 162.9929 
  -0.2157051 162.9929 
  -0.0315163 162.9929 
  -0.1050924 162.9929 
  -0.1035849 162.9929 
  0.302891 162.9929 
  0.05093836 162.9929 
  0.06324688 162.9929 
  0.1915606 162.9929 
  0.08890725 162.9929 
  0.05988959 162.9929 
  -0.1164618 162.9929 
  -0.04180323 162.9929 
  0.1961645 162.9929 
  0.1833203 162.9929 
  0.1102915 162.9929 
  0.7139906 162.9929 
  0.453538 162.9929 
  0.4762799 162.9929 
  -0.1262364 163.8079 
  -0.3793823 163.8079 
  0.123517 164.6269 
  -0.06147105 164.6269 
  -0.04731504 164.6269 
  -0.3473285 164.6269 
  0.05264186 164.6269 
  0.07446823 164.6269 
  0.0883996 166.2773 
  0.1728378 170.476 
  0.7071227 176.533 
  0.8876619 177.4156 
  0.9650217 177.4156 
  0.9828947 177.4156 
  0.9942077 178.3027 
  0.9900299 178.3027 
  0.987107 179.1942 
  0.9900463 180.0902 
  0.977662 181.8956 
  0.9347556 183.7191 
  0.9646448 185.5609 
  0.9713342 186.4887 
  0.973968 183.7191 
  0.9645984 180.9906 
  0.9538968 177.4156 
  0.9435823 172.185 
  0.931529 165.4501 
  0.8925619 158.1876 
  0.8959513 151.2439 
  0.9170908 145.328 
  0.8898432 141.0434 
  0.913901 137.5696 
  0.9404414 135.5266 
  0.9215553 132.8496 
  0.9174479 129.5776 
  0.9424068 127.6532 
  0.9687241 125.1317 
  0.9897331 123.8897 
  0.9847524 122.6601 
  0.9431224 122.0498 
  0.8484067 122.0498 
  0.5391854 123.2734 
  -0.2480296 125.7574 
  -0.05430727 128.2915 
  -0.2527834 130.8766 
  -0.02512233 134.1814 
  0.331254 137.5696 
  0.1211762 140.3417 
  -0.250688 145.328 
  -0.29429 151.2439 
  0.1673582 155.063 
  0.3222573 157.4006 
  0.601487 159.7734 
  0.6124255 142.4574 
  0.7792559 138.9488 
  0.8700004 136.8852 
  0.8930942 134.8523 
  0.8435177 132.1886 
  0.9435549 129.5776 
  0.9545242 128.2915 
  0.9579562 127.6532 
  0.9668936 126.3862 
  0.8804011 125.7574 
  0.8095181 125.1317 
  0.5247759 123.2734 
  0.9913588 123.8897 
  0.9896087 123.8897 
  0.9873438 123.2734 
  0.9648438 122.0498 
  0.6489997 120.8384 
  0.7780562 120.2372 
  0.9505707 119.0438 
  0.9554294 118.4515 
  0.9481733 117.2759 
  0.898815 114.9594 
  0.8617296 112.128 
  0.8381107 108.8223 
  0.6333413 107.2061 
  0.4612335 107.2061 
  0.8391333 108.8223 
  0.8956129 109.9132 
  0.8090381 108.8223 
  0.6579388 107.2061 
  0.7681165 104.5657 
  0.9570421 102.5003 
  0.9505808 101.9903 
  0.9456069 101.4829 
  0.9726369 100.4756 
  0.9484203 100.978 
  0.8921928 102.5003 
  0.9016213 104.0455 
  0.9493134 105.614 
  0.9534052 106.6728 
  0.9435677 108.2809 
  0.898194 110.4628 
  0.8363203 112.6886 
  0.8508678 115.5342 
  0.8586317 117.8622 
  0.8635616 120.2372 
  0.9002643 121.4426 
  0.94519 122.0498 
  0.9744184 122.0498 
  0.9573967 122.6601 
  0.9317192 123.2734 
  0.9168781 123.2734 
  0.8996429 122.6601 
  0.8802518 122.0498 
  0.8683778 120.8384 
  0.8878657 119.0438 
  0.9282187 117.8622 
  0.9402571 115.5342 
  0.9613375 114.3874 
  0.9554356 113.2521 
  0.9339039 112.128 
  0.9092108 110.4628 
  0.6513301 108.8223 
  0.6324303 102.5003 
  0.49927 99.47836 
  0.4980693 93.6992 
  0.7029865 90.48434 
  0.9451141 88.69706 
  0.9733294 88.25578 
  0.8485346 89.14054 
  0.7695659 90.48434 
  0.8770291 92.30766 
  0.9030832 92.7692 
  0.9269774 92.7692 
  0.9489174 92.7692 
  0.9634687 92.7692 
  0.9615867 92.30766 
  0.974458 91.84841 
  0.986366 91.39146 
  0.9883683 90.93677 
  0.9788187 90.48434 
  0.9807494 90.03418 
  0.9900815 89.58624 
  0.9882755 89.58624 
  0.9743896 90.03418 
  0.9865554 90.48434 
  0.9847864 90.93677 
  0.8936173 90.48434 
  0.7824755 90.48434 
  0.4538297 90.48434 
  0.2628121 90.48434 
  -0.01073961 90.48434 
  0.07239618 90.48434 
  0.05901763 90.48434 
  0.01765974 90.48434 
  0.08868223 90.48434 
  -0.001798974 90.93677 
  0.2653211 91.39146 
  0.6168879 92.7692 
  0.9116716 92.7692 
  0.862076 91.84841 
  0.8857094 90.48434 
  0.8917353 90.03418 
  0.9627846 90.03418 
  0.9565076 90.03418 
  0.9675022 89.58624 
  0.9876171 89.14054 
  0.9803803 88.69706 
  0.9721314 88.25578 
  0.8831834 88.25578 
  0.6845344 88.69706 
  0.5604093 89.58624 
  0.6135342 90.93677 
  0.588704 92.7692 
  0.7750897 94.63854 
  0.8693953 96.06523 
  0.9260467 96.54556 
  0.9529455 96.54556 
  0.9244896 95.11173 
  0.9720672 94.1677 
  0.9617636 93.6992 
  0.8485334 93.23304 
  0.6133568 93.23304 
  0.1502711 93.23304 
  0.5766949 93.6992 
  0.5816717 94.1677 
  0.1017408 94.63854 
  0.01404639 95.11173 
  -0.01850445 95.5873 
  0.05192883 95.5873 
  0.01942997 95.5873 
  -0.1353731 95.5873 
  0.3630735 96.06523 
  0.6982245 95.5873 
  0.8638779 94.63854 
  0.9271876 94.1677 
  0.9110255 94.1677 
  0.8614842 93.6992 
  0.8638433 92.7692 
  0.9335774 92.7692 
  0.9600407 92.7692 
  0.9692678 92.7692 
  0.8907412 94.1677 
  0.9738211 94.63854 
  0.9737637 94.1677 
  0.9242877 93.23304 
  0.9012572 92.30766 
  0.9009901 91.39146 
  0.9134778 90.48434 
  0.8810434 89.58624 
  0.9006513 88.69706 
  0.9689506 87.8167 
  0.8764634 89.14054 
  0.8457599 90.93677 
  0.5731221 94.63854 
  0.7200668 98.491 
  0.8137245 100.978 
  0.8462164 101.9903 
  0.7601839 101.9903 
  0.3892121 101.9903 
  0.2917088 101.9903 
  0.3299544 101.9903 
  0.3697765 101.9903 
  0.1916333 101.9903 
  0.07478562 101.9903 
  0.007278074 101.9903 
  -0.2311139 101.9903 
  -0.02456374 101.9903 
  0.01639631 101.9903 
  0.1495308 101.9903 
  0.2986691 101.9903 
  0.1786581 101.9903 
  0.1597086 101.9903 ]
