 [
  0.3142923 120.2372 
  0.07864221 120.2372 
  0.0949481 120.2372 
  -0.005883682 120.2372 
  -0.02527522 120.2372 
  -0.05005202 120.2372 
  -0.07736848 120.2372 
  -0.07194351 120.2372 
  0.1745482 120.2372 
  -0.2116019 120.2372 
  -0.1656194 120.2372 
  -0.2523162 120.2372 
  -0.1438626 120.2372 
  0.049872 120.2372 
  0.5986765 120.2372 
  0.609907 120.2372 
  0.417208 120.2372 
  0.3929849 120.2372 
  0.09913707 120.2372 
  -0.1061347 120.8384 
  -0.1017565 121.4426 
  0.3528719 122.0498 
  0.8119177 122.0498 
  0.8627844 119.639 
  0.9189661 117.2759 
  0.9657822 116.1118 
  0.99023 115.5342 
  0.9898933 114.9594 
  0.9860415 114.3874 
  0.9891336 113.8184 
  0.9974126 113.2521 
  0.9894028 113.2521 
  0.9375514 112.128 
  0.8642166 109.9132 
  0.836178 107.2061 
  0.8187377 104.0455 
  0.6809393 100.4756 
  0.498399 96.06523 
  0.5435425 94.1677 
  0.7447857 94.63854 
  0.5904267 96.54556 
  0.6698484 100.4756 
  0.8462924 102.5003 
  0.9071304 102.5003 
  0.9476278 101.9903 
  0.9642802 101.4829 
  0.9695956 101.4829 
  0.9588048 101.9903 
  0.935614 101.9903 
  0.7843421 100.978 
  0.4943446 99.97575 
  0.3939202 96.54556 
  0.3936182 93.6992 
  0.3242323 101.9903 
  0.31768 99.97575 
  0.337655 99.97575 
  0.4679213 99.97575 
  0.2803962 99.97575 
  0.1387855 99.47836 
  0.04925049 98.98344 
  0.2332123 98.00098 
  0.6897037 99.97575 
  0.8105214 101.4829 
  0.8539333 103.5278 
  0.8590516 105.614 
  0.6937768 109.3664 
  0.8414974 112.128 
  0.9313462 113.2521 
  0.9111823 114.3874 
  0.9545098 115.5342 
  0.9519184 116.1118 
  0.9677045 117.2759 
  0.9512225 117.8622 
  0.8759029 119.639 
  0.9088297 121.4426 
  0.938167 123.2734 
  0.8747415 125.1317 
  0.8967927 127.6532 
  0.9612797 128.9329 
  0.9831297 128.9329 
  0.9650995 129.5776 
  0.9078504 130.2255 
  0.9005674 132.1886 
  0.9244539 133.5138 
  0.9016442 131.531 
  0.7526057 130.2255 
  0.1091999 130.2255 
  0.2289928 130.2255 
  0.1582559 130.2255 
  0.09933715 130.2255 
  -0.0941285 130.2255 
  -0.1582826 130.2255 
  -0.07385909 130.2255 
  -0.1118871 130.2255 
  0.1678179 130.2255 
  0.2374975 130.2255 
  0.2816027 130.2255 
  0.2433225 130.2255 
  0.05076565 129.5776 
  0.1280055 128.9329 
  -0.007839813 128.2915 
  0.5705332 127.0181 
  0.7129897 125.1317 
  0.8139997 123.2734 
  0.9490606 120.8384 
  0.9578782 119.0438 
  0.9540244 116.6924 
  0.9454705 114.9594 
  0.9602996 113.2521 
  0.9769743 112.128 
  0.9827572 111.0151 
  0.9877749 109.9132 
  0.9758597 108.2809 
  0.9103911 106.142 
  0.8324592 104.5657 
  0.7580647 103.0128 
  0.09489246 102.5003 
  0.1281665 101.9903 
  0.2271633 101.9903 
  0.6922647 100.4756 
  0.3459305 93.23304 
  0.7039664 90.48434 
  0.9003539 90.03418 
  0.9679303 89.14054 
  0.8831595 88.25578 
  0.8389019 86.94508 
  0.7093504 85.65383 
  0.2682951 84.80367 
  0.609983 84.38177 
  0.9135227 83.96195 
  0.8303207 83.54424 
  0.07449295 83.12859 
  -0.07890556 82.71502 
  -0.05579387 82.3035 
  0.1319965 82.3035 
  0.3183023 82.3035 
  0.4618354 82.3035 
  0.3516555 81.89403 
  -0.2285066 81.89403 
  -0.1772401 81.89403 
  -0.01975561 81.89403 
  0.1124579 81.89403 
  0.09714863 81.89403 
  -0.03222451 81.89403 
  0.01343084 81.89403 
  0.1316634 81.89403 
  0.1348266 81.89403 
  0.09828752 81.89403 
  -0.04413684 81.89403 
  -0.09113025 81.89403 
  0.1929333 81.89403 
  0.1882279 81.89403 
  0.2086401 81.89403 
  0.1831366 81.89403 
  0.04355317 81.89403 
  -0.06813616 81.89403 
  0.1134354 81.89403 
  0.311565 81.89403 
  0.2449463 81.89403 
  0.04833739 81.89403 
  -0.06650293 81.89403 
  0.05906845 81.89403 
  -0.006033308 81.89403 
  0.01621286 81.89403 
  -0.07673116 81.89403 
  -0.3422165 81.89403 ]
