 [
  -0.1170217 134.1814 
  0.0234201 134.1814 
  0.2819242 134.1814 
  0.2815494 134.1814 
  -0.2561447 134.1814 
  0.1850714 134.1814 
  0.2000096 134.1814 
  0.188731 134.1814 
  0.1112862 134.1814 
  0.09711461 134.1814 
  -0.06093429 134.1814 
  -0.2183514 134.1814 
  -0.09219107 134.1814 
  0.01189618 134.1814 
  0.01649755 134.1814 
  -0.007743415 134.1814 
  0.06187788 134.1814 
  0.03028808 134.8523 
  0.5718484 136.2042 
  0.8578398 139.6435 
  0.9470538 138.9488 
  0.9441394 139.6435 
  0.928589 139.6435 
  0.8341503 139.6435 
  0.7926905 138.9488 
  0.732414 139.6435 
  0.953478 138.2575 
  0.9629717 136.8852 
  0.9600307 134.8523 
  0.8504086 133.5138 
  0.6204964 133.5138 
  0.5689758 132.8496 
  0.6642829 130.8766 
  0.706355 130.8766 
  0.6114839 135.5266 
  0.7692486 141.0434 
  0.8011115 144.605 
  0.7820695 148.2564 
  0.9242994 153.5239 
  0.860683 151.2439 
  0.6900305 146.7849 
  0.8582202 143.1697 
  0.9414188 142.4574 
  0.9568775 143.8855 
  0.9824769 144.605 
  0.9954541 145.328 
  0.9890599 145.328 
  0.9617362 143.8855 
  0.9156049 142.4574 
  0.8638374 139.6435 
  0.8206381 136.2042 
  0.7600678 132.8496 
  0.7550232 128.2915 
  0.8210737 124.5092 
  0.8296323 122.0498 
  0.849483 119.639 
  0.6833796 116.1118 
  0.8933514 113.2521 
  0.9487804 111.5702 
  0.9818078 110.4628 
  0.9696274 110.4628 
  0.9139096 110.4628 
  0.9141841 111.0151 
  0.884267 111.0151 
  0.9059962 109.9132 
  0.9255789 109.3664 
  0.9337575 108.8223 
  0.8938866 108.2809 
  0.9278743 107.7421 
  0.9513395 107.7421 
  0.892195 108.2809 
  0.8905258 108.8223 
  0.9731573 109.9132 
  0.9576132 110.4628 
  0.9488881 111.0151 
  0.9104424 112.6886 
  0.9092665 113.8184 
  0.9489691 114.9594 
  0.9069867 115.5342 
  0.8204191 115.5342 
  0.6796902 116.1118 
  0.3592274 120.8384 
  0.8116404 120.8384 
  0.7872527 119.0438 
  0.8503358 116.6924 
  0.8924502 115.5342 
  0.9411034 114.9594 
  0.9521781 116.1118 
  0.9620796 116.6924 
  0.9706219 118.4515 
  0.9535685 120.2372 
  0.9655703 120.8384 
  0.9616429 122.0498 
  0.9590659 122.6601 
  0.9669522 123.8897 
  0.9613505 123.8897 
  0.9642029 123.8897 
  0.9551087 123.8897 
  0.9485883 123.8897 
  0.909312 122.6601 
  0.9391562 120.8384 
  0.9088563 119.0438 
  0.8462238 116.6924 
  0.7335379 112.6886 
  0.7035061 108.8223 
  0.6883656 105.614 
  0.6989473 101.9903 
  0.7129526 98.98344 
  0.7454045 95.5873 
  0.769017 93.23304 
  0.6994801 90.48434 
  0.9278508 88.25578 
  0.7237393 86.94508 
  0.9288871 84.38177 
  0.6692432 83.12859 
  0.5012919 81.89403 
  0.507358 81.4866 
  0.7307299 81.4866 
  0.1831295 81.4866 
  0.1566206 81.4866 
  0.2392389 81.4866 
  0.08562624 81.4866 
  -0.02389381 81.4866 
  -0.05521377 81.4866 
  0.002546106 81.4866 
  0.2328252 81.4866 
  0.1650496 81.4866 
  0.1919455 81.4866 
  0.06537776 81.4866 
  0.01852646 81.4866 
  -0.0007798065 81.4866 
  0.1553519 81.4866 
  -0.09505543 81.4866 
  -0.1400944 81.4866 
  -0.1818891 81.4866 
  0.01183377 81.4866 
  0.08665951 81.4866 
  0.02617949 81.4866 
  0.05710984 81.4866 
  -0.004413975 81.4866 
  -0.1216023 81.4866 
  0.2524633 81.4866 
  0.3521293 81.4866 
  0.2532805 81.4866 
  0.2443807 81.4866 
  0.3816625 81.4866 
  0.117217 81.4866 
  0.03780792 81.4866 
  0.1785801 81.4866 
  0.1931303 81.4866 
  -0.02204209 81.4866 
  -0.162804 81.4866 
  0.07992593 81.4866 
  0.1608558 81.4866 
  0.2750327 81.4866 
  0.05204341 81.4866 
  0.07816894 81.4866 
  0.06449378 81.4866 
  0.04853752 81.4866 
  0.06533128 81.4866 
  0.08065907 81.4866 
  -0.02175557 81.4866 
  -0.1457888 81.4866 
  0.09200609 81.4866 ]
