 [
  -0.1745523 207.0808 
  -0.1878377 207.0808 
  -0.09744387 207.0808 
  0.03434015 207.0808 
  -0.18573 207.0808 
  -0.03931493 207.0808 
  -0.152528 207.0808 
  -0.08264917 207.0808 
  -0.2856016 207.0808 
  0.07022238 207.0808 
  -0.07314816 207.0808 
  0.2179854 207.0808 
  -0.007999245 207.0808 
  -0.007794068 207.0808 
  0.7017283 207.0808 
  0.87525 205.0254 
  0.8805364 202.9904 
  0.8596724 201.9805 
  0.818285 198.9809 
  0.3714003 201.9805 
  0.3654597 205.0254 
  0.1173176 209.1568 
  0.1031877 213.3714 
  0.136245 217.6709 
  0.05573266 222.057 
  0.165309 226.5316 
  0.5806742 231.0963 
  0.8942785 226.5316 
  0.9524356 225.4046 
  0.9960454 224.2832 
  0.9978945 224.2832 
  0.9907052 224.2832 
  0.9438156 228.8026 
  0.9748552 232.2518 
  0.9727009 236.9318 
  0.9722897 241.7061 
  0.9686502 247.8095 
  0.9734029 254.067 
  0.9899493 259.1866 
  0.9950106 261.7849 
  0.9951116 265.7313 
  0.9962337 267.06 
  0.9965765 268.3953 
  0.9970542 269.7372 
  0.996718 268.3953 
  0.9866913 265.7313 
  0.9756469 261.7849 
  0.9663583 255.3373 
  0.9654419 249.0485 
  0.9711011 242.9146 
  0.9862354 239.307 
  0.9871923 239.307 
  0.9855176 241.7061 
  0.9756415 240.5036 
  0.8833549 234.5801 
  0.8971028 225.4046 
  0.9891472 222.057 
  0.9931931 220.9523 
  0.98263 219.853 
  0.9294722 215.5104 
  0.8633637 210.2025 
  0.9522344 205.0254 
  0.9943283 201.9805 
  0.9973676 201.9805 
  0.997588 201.9805 
  0.9981506 201.9805 
  0.9982575 201.9805 
  0.9991794 201.9805 
  0.9979421 201.9805 
  0.9926997 201.9805 
  0.9953218 202.9904 
  0.99445 204.0054 
  0.9979612 205.0254 
  0.9953973 205.0254 
  1.000889 205.0254 
  0.9940825 205.0254 
  0.9957634 206.0505 
  0.9924048 206.0505 
  0.9830213 207.0808 
  0.9802933 208.1162 
  0.9700723 209.1568 
  0.9332281 208.1162 
  0.8686298 206.0505 
  0.8868092 204.0054 
  0.9139739 201.9805 
  0.804146 199.9758 
  0.7100605 197.9909 
  0.1503293 196.0257 
  -0.02118878 194.0801 
  -0.02071694 192.1537 
  0.2499238 191.1978 
  0.7499218 189.3 
  0.8552247 186.4887 
  0.9694582 183.7191 
  0.987523 182.8051 
  0.9819724 183.7191 
  0.9731464 185.5609 
  0.9810792 185.5609 
  0.9749169 184.6377 
  0.9771173 183.7191 
  0.9835011 181.8956 
  0.9720897 181.8956 
  0.9504164 181.8956 
  0.8939681 180.9906 
  0.7813259 180.9906 
  0.4728925 180.9906 
  0.325139 180.9906 
  0.04781898 181.8956 
  0.01303548 181.8956 
  -0.006561807 181.8956 
  -0.002583542 181.8956 
  0.06070591 181.8956 
  0.06041893 181.8956 
  0.0626892 181.8956 
  -0.04271119 181.8956 
  -0.01779062 181.8956 
  0.2283345 182.8051 
  0.6547759 181.8956 
  0.840563 180.0902 
  0.9792452 177.4156 
  0.9596024 174.7808 
  0.9381521 173.046 
  0.8203481 173.046 
  0.4796275 175.6547 
  0.2255444 178.3027 
  -0.04311282 181.8956 
  -0.0389022 185.5609 
  -0.007126931 188.3582 
  -0.04335992 191.1978 
  -0.05122788 194.0801 
  0.0478299 197.0059 
  0.07527246 199.9758 
  0.1636611 202.9904 
  0.1613702 206.0505 
  0.2455795 209.1568 
  0.2741086 213.3714 
  0.4388917 217.6709 
  0.3618698 222.057 
  0.2303029 226.5316 
  -0.1607212 231.0963 
  0.5937915 235.753 
  0.04078019 240.5036 
  0.8772296 235.753 
  0.9374709 234.5801 
  0.9954185 234.5801 
  0.9736075 236.9318 
  0.9568712 241.7061 
  0.9836398 245.3498 
  0.9618623 244.1292 
  0.9370399 241.7061 
  0.7896086 241.7061 
  0.5340549 244.1292 
  0.1587928 246.5766 
  0.0645459 249.0485 
  -0.04354975 251.5452 
  0.04157566 252.8029 
  -0.01489348 254.067 
  0.03648737 255.3373 
  0.49111 256.614 
  0.8001216 257.8971 
  0.9057962 256.614 
  0.9848359 255.3373 
  0.9610237 252.8029 
  0.91379 251.5452 
  0.7524849 251.5452 
  0.6493816 251.5452 
  0.04540223 251.5452 
  -0.2216056 251.5452 
  -0.0438484 251.5452 
  -0.009456422 251.5452 
  0.1357482 251.5452 
  -0.1223331 251.5452 
  -0.1070811 251.5452 
  -0.03896861 251.5452 
  -0.02603406 251.5452 
  0.4650239 251.5452 
  0.8874076 250.2938 
  0.9478875 249.0485 
  0.9954021 247.8095 
  0.996232 246.5766 
  0.9965656 245.3498 
  0.9923531 242.9146 
  0.9934481 240.5036 
  0.9960227 239.307 
  0.995176 238.1164 
  0.9942784 236.9318 
  0.9926223 235.753 
  0.9434876 233.4131 
  0.8701204 229.9466 
  0.6576473 226.5316 
  0.6808676 223.1673 
  0.551433 219.853 
  0.7491872 216.5879 
  0.8938605 214.4382 
  0.2886686 212.3098 
  0.01627427 210.2025 
  0.5723224 207.0808 
  0.8313683 202.9904 
  0.9225727 198.9809 
  0.9753328 196.0257 
  0.9690585 194.0801 
  0.9781969 192.1537 
  0.9570921 190.2465 
  0.9643006 187.4211 
  0.9847817 185.5609 
  0.9898272 185.5609 
  0.98059 186.4887 
  0.9780162 187.4211 
  0.9894354 188.3582 
  0.9904296 189.3 
  0.9864739 189.3 
  0.9905931 190.2465 
  0.9731177 192.1537 
  0.964597 194.0801 
  0.9828756 196.0257 
  0.9906366 197.0059 
  0.9899647 197.0059 
  0.9894034 197.0059 
  0.9859519 197.9909 
  0.9801599 198.9809 
  0.9727028 199.9758 
  0.9323789 200.9756 
  0.9083794 204.0054 
  0.9857506 208.1162 
  0.9401941 208.1162 
  0.8801361 208.1162 
  0.1414344 208.1162 
  0.7803851 207.0808 
  0.5586853 206.0505 
  0.39663 205.0254 
  0.3075452 205.0254 
  0.1830545 204.0054 
  0.1837369 202.9904 
  0.4121891 201.9805 
  -0.2114803 200.9756 
  0.2642903 199.9758 
  0.2619672 198.9809 
  0.2559572 197.9909 
  0.2982271 196.0257 
  0.4255208 191.1978 
  0.2099802 182.8051 
  0.7446504 176.533 
  0.973536 173.9112 
  0.9743157 173.046 
  0.9486349 172.185 
  0.9344552 172.185 
  0.9920225 172.185 
  0.9988595 172.185 
  0.9995633 172.185 
  1.000001 172.185 
  0.9993721 172.185 
  0.9996763 172.185 
  1.000076 172.185 
  0.9984204 173.046 
  0.9960353 173.9112 
  0.996862 174.7808 
  0.9973632 175.6547 
  0.9971275 176.533 
  0.9989898 177.4156 
  0.9064418 179.1942 
  0.9301034 180.0902 
  0.9529154 180.9906 
  0.9956567 181.8956 
  0.9990171 182.8051 
  0.9992983 183.7191 
  0.9998577 184.6377 
  1.000582 184.6377 
  0.998178 183.7191 
  0.9954479 182.8051 
  0.9953098 180.9906 
  0.9965117 179.1942 
  0.996588 177.4156 
  0.9862505 175.6547 
  0.9860917 173.046 
  0.9867339 170.476 
  0.9897193 167.9442 
  0.9939713 165.4501 
  0.9935324 163.8079 
  0.9883338 162.182 
  0.9893445 160.5723 
  0.984219 158.9785 
  0.9773251 157.4006 
  0.9636517 156.6175 
  0.9736825 155.8383 
  0.9732895 155.8383 
  0.9869621 155.8383 
  0.9873616 155.8383 
  0.9865234 156.6175 
  0.9546776 156.6175 
  0.8372684 156.6175 
  0.7710722 156.6175 
  0.7909913 156.6175 
  0.8966537 156.6175 
  0.9274725 156.6175 
  0.9263247 156.6175 
  0.8954066 156.6175 
  0.7995783 156.6175 
  0.6600989 156.6175 
  0.4904413 156.6175 
  0.2716388 156.6175 
  -0.05097152 156.6175 
  -0.09501597 156.6175 
  -0.008638498 156.6175 
  0.08144861 156.6175 
  0.2962692 156.6175 ]
