 [
  0.2254732 157.4006 
  0.2552527 157.4006 
  0.01771542 157.4006 
  -0.05349375 157.4006 
  -0.06461918 157.4006 
  -0.459361 157.4006 
  0.05241138 157.4006 
  -0.1367143 157.4006 
  0.5761723 157.4006 
  -0.1371636 157.4006 
  0.2934873 157.4006 
  0.3322001 157.4006 
  0.3773892 157.4006 
  0.05929112 156.6175 
  0.2615113 155.063 
  0.2836122 153.5239 
  0.6065415 148.9977 
  0.7535698 143.8855 
  0.6300653 144.605 
  0.4068794 151.2439 
  0.7659373 155.063 
  0.8974806 157.4006 
  0.9581363 156.6175 
  0.9484035 158.1876 
  0.9693418 158.9785 
  0.9854467 159.7734 
  0.984495 160.5723 
  0.9951633 160.5723 
  0.995287 160.5723 
  0.980599 159.7734 
  0.9348013 158.9785 
  0.9231527 157.4006 
  0.9193414 157.4006 
  0.9675149 155.8383 
  0.9866418 155.063 
  0.9817722 153.5239 
  0.9859915 152.0001 
  0.9843405 149.7427 
  0.9836273 148.2564 
  0.9712068 145.328 
  0.9771679 142.4574 
  0.9693356 140.3417 
  0.9627339 138.2575 
  0.9624658 136.2042 
  0.9573552 134.8523 
  0.881906 134.8523 
  0.7723337 135.5266 
  0.6720479 136.8852 
  0.7457729 138.2575 
  0.4850202 140.3417 
  0.2006642 142.4574 
  0.6403654 144.605 
  0.8689872 143.8855 
  0.9483427 146.0546 
  0.9595113 147.5188 
  0.9649227 150.4914 
  0.9774801 152.7601 
  0.994629 153.5239 
  0.9935403 152.7601 
  0.9863745 151.2439 
  0.9875693 149.7427 
  0.983487 148.2564 
  0.9801561 146.7849 
  0.9640305 144.605 
  0.9467735 142.4574 
  0.9205257 139.6435 
  0.9096379 137.5696 
  0.9670678 134.8523 
  0.9611952 132.8496 
  0.9419941 130.8766 
  0.9473169 128.9329 
  0.9844468 127.6532 
  0.9845735 127.0181 
  0.9672208 125.7574 
  0.9651592 124.5092 
  0.9377714 123.2734 
  0.9104563 122.0498 
  0.8836871 122.0498 
  0.9464111 122.6601 
  0.9514461 123.8897 
  0.9655604 125.1317 
  0.9489079 127.0181 
  0.946555 128.2915 
  0.949867 129.5776 
  0.9215938 130.8766 
  0.8651775 132.1886 
  0.7618476 133.5138 
  0.4568282 134.8523 
  0.256168 136.2042 
  -0.1165668 137.5696 
  -0.0230501 138.9488 
  -0.1025589 141.0434 
  -0.08584316 143.1697 
  0.08206864 145.328 
  -0.2068748 147.5188 
  -0.1096512 148.9977 
  0.1553536 150.4914 
  0.2541428 152.0001 
  0.05007654 153.5239 
  0.01810355 155.063 
  -0.09484565 156.6175 
  0.3650444 158.1876 
  0.2080431 160.5723 
  0.2957719 161.3751 
  0.5280939 160.5723 
  0.3038474 146.7849 
  0.6271428 138.9488 
  0.9782956 138.2575 
  0.9877855 138.9488 
  0.9963481 139.6435 
  0.9941789 139.6435 
  0.9878928 138.2575 
  0.9887372 137.5696 
  0.9928291 136.2042 
  0.9918469 134.8523 
  0.9604574 133.5138 
  0.9317309 131.531 
  0.9256728 129.5776 
  0.7637892 128.9329 
  0.3134818 130.2255 
  -0.06324715 131.531 
  -0.1933825 132.8496 
  0.04566574 134.8523 
  0.2891406 136.8852 
  0.6919241 139.6435 
  0.8162687 142.4574 
  0.9132212 144.605 
  0.9470962 143.8855 
  0.9814894 143.1697 
  0.996837 141.7487 
  0.9900438 141.0434 
  0.9888741 140.3417 
  0.9964233 139.6435 
  0.9966081 139.6435 
  0.9987209 138.9488 
  0.9985006 138.9488 
  0.9990594 138.9488 
  0.9693247 138.2575 
  0.922125 138.2575 
  0.8847635 136.8852 
  0.7626684 135.5266 
  0.918678 134.1814 
  0.5107515 132.8496 
  0.7713458 131.531 
  0.9479213 130.8766 
  0.9748318 130.2255 
  0.9817238 129.5776 
  0.9813433 128.2915 
  0.983206 127.0181 
  0.9679185 126.3862 
  0.918757 126.3862 
  0.7534221 127.0181 
  0.3678102 127.6532 
  0.1348292 128.2915 
  0.07581006 128.9329 
  0.1635474 130.2255 
  0.09594172 131.531 
  -0.04259134 132.1886 
  -0.1552828 132.8496 
  -0.3268047 133.5138 
  -0.2422182 134.8523 
  -0.1073039 136.2042 
  -0.02873934 137.5696 
  -0.2074959 138.9488 
  -0.2121837 140.3417 
  0.3872423 141.7487 
  0.5140046 143.1697 
  0.7976186 145.328 
  0.4342241 135.5266 
  0.833588 134.1814 
  0.9774477 133.5138 
  0.9932346 132.8496 
  0.9954911 132.8496 
  0.9784549 132.1886 
  0.981625 132.1886 
  0.9880614 132.1886 
  0.9851744 132.1886 
  0.9678708 130.8766 
  0.9532754 129.5776 
  0.9478794 128.2915 
  0.9409047 127.0181 
  0.9528939 124.5092 
  0.9331473 123.2734 
  0.9052441 122.6601 
  0.8267474 123.8897 
  0.6217315 124.5092 
  0.05545444 125.7574 
  0.09176664 127.0181 
  -0.03339076 128.2915 
  -0.04085067 129.5776 
  -0.3450125 130.8766 
  -0.168072 132.1886 
  0.001188244 133.5138 
  0.2267497 134.8523 
  0.3891327 136.2042 
  0.2423512 137.5696 
  0.668761 138.9488 
  0.115062 139.6435 
  0.4134585 140.3417 
  0.5119363 136.2042 
  0.9221817 132.8496 
  0.9546359 130.8766 
  0.8884395 131.531 
  0.7781984 132.8496 
  0.3472179 133.5138 
  0.7635267 134.1814 
  0.7880754 134.8523 
  0.8537033 136.2042 
  0.7608693 136.8852 
  0.8565818 137.5696 
  0.7819842 138.2575 
  -0.003188786 138.9488 
  0.05452192 139.6435 
  0.04209883 140.3417 
  0.1959345 141.0434 
  -0.2607203 141.0434 
  0.6355721 145.328 
  0.7432783 137.5696 
  0.9344296 136.2042 
  0.9979753 134.8523 
  0.9969039 134.8523 
  0.9749123 133.5138 
  0.8970227 132.8496 
  0.8061324 132.1886 
  0.06242829 132.1886 
  0.6191889 132.1886 
  0.6980732 132.1886 
  0.8315572 132.1886 
  0.9425428 131.531 
  0.7498046 130.8766 
  0.2114415 130.2255 
  -0.3007402 130.2255 
  -0.3306454 130.8766 
  -0.3125668 130.8766 
  -0.2754312 130.8766 
  -0.3728408 130.8766 
  -0.4564518 130.8766 
  -0.2223071 130.8766 
  -0.1327601 130.8766 
  0.1205779 131.531 
  -0.4144499 132.1886 
  0.03791244 132.8496 
  0.1310629 133.5138 
  -0.01545586 134.1814 
  -0.02576231 134.8523 
  -0.153545 135.5266 
  -0.06631676 136.2042 
  0.07195985 136.8852 
  0.3019582 136.8852 
  0.482575 138.2575 
  0.4357666 131.531 
  0.7313788 128.9329 
  0.8806778 127.0181 
  0.9793106 126.3862 
  0.9884343 126.3862 
  0.9888951 126.3862 
  0.9723555 125.7574 
  0.7992669 124.5092 
  0.6990004 122.6601 
  0.3808443 122.0498 
  0.1322784 121.4426 
  0.1497839 113.2521 
  0.1013131 115.5342 
  0.07676895 116.6924 
  0.178555 120.2372 
  0.1686556 120.2372 
  0.1052725 120.2372 
  0.1948044 119.0438 
  0.3652544 117.2759 
  0.2203116 117.2759 
  0.3461942 123.8897 
  0.7654993 127.0181 
  0.9232304 127.0181 
  0.9199615 127.0181 
  0.8874058 127.6532 
  0.8752184 127.0181 
  0.909357 125.7574 
  0.8525266 123.8897 
  0.8419953 122.0498 
  0.9399992 120.8384 
  0.9781774 121.4426 
  0.9763255 120.8384 
  0.9769752 120.8384 
  0.9194689 122.0498 
  0.9359281 122.6601 
  0.9433703 122.0498 
  0.9318445 122.0498 
  0.9621558 122.0498 
  0.9563525 122.0498 
  0.9369611 122.0498 
  0.9259118 122.0498 
  0.9143342 122.0498 
  0.8843572 122.0498 
  0.5999879 122.0498 
  0.3363977 122.0498 
  0.02845088 122.0498 
  0.1701266 122.0498 
  0.1207135 122.0498 
  0.1360749 122.0498 
  0.2527998 122.0498 
  0.01002894 122.0498 
  0.0361927 122.0498 
  -0.0175532 122.0498 ]
