 [
  -0.117676 161.3751 
  0.05109243 161.3751 
  -0.003071358 161.3751 
  -0.05697834 161.3751 
  -0.1897538 161.3751 
  -0.3547217 161.3751 
  -0.5071459 161.3751 
  -0.3801655 161.3751 
  -0.09031644 161.3751 
  -0.02073406 161.3751 
  0.03873586 161.3751 
  0.09180056 161.3751 
  0.1037628 161.3751 
  0.2576315 161.3751 
  0.0320619 161.3751 
  -0.1510867 161.3751 
  -0.1407188 161.3751 
  -0.0677268 161.3751 
  -0.04986437 161.3751 
  -0.07526409 161.3751 
  -0.07958499 161.3751 
  -0.3573477 161.3751 
  -0.3359416 161.3751 
  -0.02885709 161.3751 
  -0.03950163 161.3751 
  -0.1101551 161.3751 
  -0.165337 161.3751 
  0.1238632 161.3751 
  0.08890041 161.3751 
  0.7143681 161.3751 
  0.7330315 159.7734 
  0.7804461 155.063 
  0.8196436 152.7601 
  0.8931338 148.9977 
  0.8950689 145.328 
  0.9303114 145.328 
  0.9881293 146.7849 
  0.9942698 148.2564 
  0.9957894 149.7427 
  0.9435478 152.0001 
  0.8103241 157.4006 
  0.8954865 158.9785 
  0.9482169 158.9785 
  0.9847699 158.9785 
  0.9945913 159.7734 
  0.9944589 159.7734 
  0.9947035 159.7734 
  0.9867036 160.5723 
  0.9785026 162.182 
  0.9850668 163.8079 
  0.995445 165.4501 
  0.9977155 166.2773 
  0.9967266 166.2773 
  0.9971835 167.1087 
  0.9969264 167.1087 
  0.9971882 167.1087 
  0.9970071 167.9442 
  0.9907498 168.784 
  0.9882651 169.6279 
  0.9926615 170.476 
  0.9950987 170.476 
  0.993888 169.6279 
  0.9787095 168.784 
  0.9374593 167.1087 
  0.9021195 165.4501 
  0.9718887 167.1087 
  0.9631187 167.9442 
  0.9054317 168.784 
  0.6394938 170.476 
  0.0982409 174.7808 
  0.5086179 179.1942 
  0.06825309 182.8051 
  -0.06234553 187.4211 
  -0.04541149 191.1978 
  -0.2712402 196.0257 
  0.2903132 199.9758 
  0.6907658 205.0254 
  0.7617776 202.9904 
  0.8829048 199.9758 
  0.9487677 197.0059 
  0.669495 190.2465 
  0.61761 177.4156 
  0.7945843 174.7808 
  0.8777828 173.046 
  0.9129294 170.476 
  0.9144996 167.9442 
  0.9491917 167.1087 
  0.9671859 165.4501 
  0.9615585 164.6269 
  0.9800276 163.8079 
  0.9801811 163.8079 
  0.9838933 163.8079 
  0.9878465 164.6269 
  0.9889563 165.4501 
  0.9757008 166.2773 
  0.9764052 166.2773 
  0.9723179 166.2773 
  0.9775862 166.2773 
  0.9783157 165.4501 
  0.9767234 164.6269 
  0.982965 164.6269 
  0.9843224 163.8079 
  0.9673442 162.9929 
  0.9114332 160.5723 
  0.9174163 158.1876 
  0.9421149 155.8383 
  0.9478463 154.2915 
  0.9720308 152.0001 
  0.974764 149.7427 
  0.9177138 149.7427 
  0.8282701 151.2439 
  0.8837847 150.4914 
  0.9800193 148.9977 
  0.9939008 148.2564 
  0.9962838 146.7849 
  0.9941529 146.0546 
  0.9912189 144.605 
  0.9914145 143.8855 
  0.9939794 143.1697 
  0.990003 142.4574 
  0.9330149 141.0434 
  0.8928982 139.6435 
  0.7927116 138.9488 
  0.8026878 139.6435 
  0.9607451 140.3417 
  0.8715051 141.7487 
  0.8018046 143.1697 
  0.7174278 144.605 
  0.5186492 146.0546 
  0.06982917 147.5188 
  0.05911776 148.9977 
  0.2011861 150.4914 
  0.1873803 152.0001 
  0.1972785 153.5239 
  0.07157892 155.063 
  0.09224604 155.8383 
  0.1226525 156.6175 
  0.1562211 156.6175 
  0.02261832 156.6175 
  0.1333864 156.6175 
  0.03308485 156.6175 
  -0.08893232 157.4006 
  -0.1336473 158.1876 
  -0.06320552 158.9785 
  0.002166969 159.7734 
  -0.04415849 160.5723 
  0.005188471 161.3751 
  0.03005259 162.182 
  -0.07289857 162.182 
  0.132425 162.182 
  -0.1720286 162.182 
  0.08150502 162.182 
  0.7409141 162.182 
  0.8405091 161.3751 
  0.9278725 160.5723 
  0.8730352 162.9929 
  0.8669292 160.5723 
  0.9024058 158.9785 
  0.9867796 157.4006 
  0.9809267 156.6175 
  0.9835014 155.063 
  0.9894603 154.2915 
  0.9926641 153.5239 
  0.9942178 152.7601 
  0.9924725 152.7601 
  0.9911289 152.0001 
  0.9864987 150.4914 
  0.9500302 148.9977 
  0.88372 147.5188 
  0.7955094 144.605 
  0.4100649 140.3417 
  0.9392511 138.2575 
  0.9654412 136.2042 
  0.9811171 135.5266 
  0.9829216 134.8523 
  0.9876407 134.8523 
  0.9844128 134.1814 
  0.9906927 133.5138 
  0.9935755 133.5138 
  0.9942487 133.5138 
  0.995555 133.5138 
  0.9959722 133.5138 
  0.974721 132.8496 
  0.9554385 131.531 
  0.9429309 130.8766 
  0.8876163 130.2255 
  0.7842464 129.5776 
  0.9320297 128.9329 
  0.4893697 128.2915 
  0.06305788 127.6532 
  0.4974594 127.0181 
  0.6544099 127.0181 
  0.6992421 127.0181 
  0.3940938 127.0181 
  0.178836 127.0181 
  0.1149906 127.0181 
  0.1831897 127.0181 
  0.2410004 127.0181 
  0.1399605 127.6532 
  0.001564236 127.6532 
  0.1342679 127.6532 
  0.173126 127.6532 
  -0.1598579 127.6532 
  -0.145483 127.6532 
  -0.03404616 127.6532 
  0.007248341 127.6532 
  -0.1036731 127.6532 
  0.0362305 127.6532 
  -0.1801666 127.6532 
  0.1785042 127.6532 
  0.1061694 127.6532 ]
