 [
  0.156098 122.6601 
  0.002091267 122.6601 
  0.02304349 122.6601 
  -0.07514907 122.6601 
  0.1197732 122.6601 
  0.05824024 122.6601 
  0.09080917 122.6601 
  0.08062101 122.6601 
  -0.02067634 122.6601 
  0.1039934 122.6601 
  0.05002298 122.6601 
  0.126144 122.6601 
  0.016179 122.6601 
  0.01773512 122.6601 
  0.05644122 122.6601 
  0.0258662 122.6601 
  0.07506817 122.6601 
  0.08128995 122.6601 
  -0.1212261 122.6601 
  0.09468037 122.6601 
  0.2201104 122.6601 
  0.2697286 122.6601 
  0.1040369 122.6601 
  -0.07605821 122.6601 
  -0.1206042 122.6601 
  -0.03385907 122.6601 
  -0.07848416 122.6601 
  0.07507625 122.6601 
  -0.002173975 122.6601 
  0.04284853 122.6601 
  0.2085803 122.6601 
  0.007230388 122.6601 
  0.01709343 122.6601 
  -0.001674433 122.6601 
  -0.1439471 122.6601 
  -0.05877546 122.6601 
  -0.08820099 122.6601 
  -0.01952504 122.6601 
  -0.03316595 122.6601 
  -0.1328543 122.6601 
  -0.108698 122.6601 
  -0.1145192 122.6601 
  -0.2426983 122.6601 
  -0.2608919 122.6601 
  -0.2125529 122.6601 
  -0.117662 122.6601 
  -0.0949802 122.6601 
  0.08815017 122.6601 
  -0.07715514 122.6601 
  0.2986673 122.6601 
  0.4111611 122.6601 
  0.2851902 122.6601 
  -0.2899919 122.6601 
  -0.1276076 122.6601 
  0.07048094 122.6601 
  -0.1418945 122.6601 
  0.7914702 122.6601 
  0.7702031 123.2734 
  0.6884727 121.4426 
  0.3107649 119.0438 
  0.1575209 118.4515 
  -0.1510931 119.639 
  0.1571712 121.4426 
  -0.01873645 123.2734 
  -0.04976536 124.5092 
  0.4590967 126.3862 
  0.2777368 127.6532 
  0.1405611 128.9329 
  -0.09721988 130.8766 
  -0.1427732 132.8496 
  -0.2235 134.8523 
  -0.03003984 136.8852 
  0.1109815 138.9488 
  0.09612992 141.0434 
  0.1739608 143.1697 
  0.01320609 145.328 
  -0.1302687 147.5188 
  0.002245909 149.7427 
  0.539591 152.0001 
  0.7558845 146.0546 
  0.7240223 143.1697 
  0.3940395 140.3417 
  0.4936421 127.6532 
  0.6182031 123.8897 
  0.6249424 120.8384 
  0.4576087 118.4515 
  -0.03130404 122.6601 
  0.2093002 128.2915 
  0.1614325 132.8496 
  0.6437382 138.9488 
  0.5136493 148.9977 
  0.6306839 158.1876 
  0.7959616 156.6175 
  0.7521853 154.2915 
  0.8889763 152.0001 
  0.9820384 149.7427 
  0.9668072 150.4914 
  0.9852556 150.4914 
  0.983991 150.4914 
  0.9809865 151.2439 
  0.978093 151.2439 
  0.9019458 150.4914 
  0.7837229 148.2564 
  0.7227371 145.328 
  0.04966947 146.0546 
  -0.02927415 145.328 
  0.1020279 144.605 
  0.1638894 143.8855 
  0.1393397 143.1697 
  0.1131791 143.1697 
  0.1962884 142.4574 
  0.1517189 141.7487 
  0.06262574 141.7487 
  0.03887273 141.7487 
  0.04099883 141.0434 
  -0.1858896 140.3417 
  -0.272653 140.3417 
  0.366617 139.6435 
  0.2911017 138.9488 
  0.3063408 136.8852 
  0.7305319 134.8523 
  0.628607 132.1886 
  0.9772717 130.8766 
  0.9959949 130.2255 
  0.9964164 129.5776 
  0.9969869 129.5776 
  0.9938935 130.2255 
  0.9917232 130.8766 
  0.9834871 132.1886 
  0.8097769 134.1814 
  0.683015 137.5696 
  0.7977491 138.2575 
  0.923473 138.9488 
  0.9624752 138.9488 
  0.9820281 140.3417 
  0.9810022 141.0434 
  0.9499986 142.4574 
  0.9523464 144.605 
  0.9663701 146.0546 
  0.9647316 147.5188 
  0.990473 148.9977 
  0.9989147 148.9977 
  0.9967332 148.9977 
  0.9952687 148.2564 
  0.9850172 148.2564 
  0.9771768 146.7849 
  0.9692376 146.0546 
  0.9602976 145.328 
  0.967293 143.8855 
  0.9686894 142.4574 
  0.9633184 141.0434 
  0.9244654 138.9488 
  0.8961603 136.8852 
  0.8617037 134.8523 
  0.8628237 132.8496 
  0.8240303 130.8766 
  -0.008178901 130.8766 
  -0.5128649 130.8766 
  0.2886355 130.8766 
  0.4231621 130.2255 
  0.4416818 129.5776 
  0.1010955 129.5776 
  -0.02876346 129.5776 
  -0.1732717 129.5776 
  -0.127177 129.5776 
  0.3968163 129.5776 
  0.4598215 128.2915 
  0.6694064 126.3862 
  0.8562608 125.1317 
  0.9770205 124.5092 
  0.966615 123.8897 
  0.9514867 122.6601 
  0.933128 120.8384 
  0.9587034 118.4515 
  0.867649 115.5342 
  0.7518961 112.6886 
  0.5817406 109.3664 
  0.5967655 106.6728 
  0.7620887 105.614 
  0.7199919 106.142 
  0.7567218 107.7421 
  0.7453265 110.4628 
  0.8150606 113.8184 
  0.8132854 117.2759 
  0.8499356 121.4426 
  0.8196185 125.1317 
  0.921837 127.6532 
  0.9694563 128.2915 
  0.9703264 128.2915 
  0.9695092 127.0181 
  0.9581241 126.3862 
  0.9593729 125.7574 
  0.946523 125.7574 
  0.9174693 125.7574 
  0.9023021 125.1317 
  0.9126567 125.1317 
  0.9419023 124.5092 
  0.9637201 123.8897 
  0.9767614 123.8897 
  0.984104 123.8897 
  0.9899756 124.5092 
  0.9838802 124.5092 
  0.9693007 125.1317 
  0.9325274 125.7574 
  0.8828529 124.5092 
  0.8757199 123.8897 
  0.8910534 123.2734 
  0.8946767 122.6601 
  0.8995759 120.8384 
  0.938034 119.639 
  0.9871087 118.4515 
  0.982605 118.4515 
  0.9577611 118.4515 
  0.9415243 118.4515 
  0.892525 117.8622 
  0.8584381 115.5342 
  0.850822 113.2521 
  0.9267502 112.128 
  0.844193 112.128 
  0.8233365 113.2521 
  0.7722239 113.2521 
  0.8520132 112.6886 
  0.8881751 112.6886 
  0.9148012 113.2521 
  0.9382398 113.8184 
  0.8676441 114.3874 
  0.6458257 115.5342 
  0.4594271 117.2759 
  -0.08255977 119.0438 
  0.08913949 120.8384 
  -0.1198207 122.6601 
  -0.3190739 124.5092 
  -0.3840822 126.3862 
  -0.2317459 128.2915 
  0.01252919 130.2255 
  0.1566103 132.1886 
  0.1737999 134.1814 
  0.1761488 136.2042 
  0.1168966 138.2575 
  0.1914012 140.3417 
  0.003668587 142.4574 
  0.05212376 144.605 
  -0.02926608 146.7849 
  -0.08533365 148.9977 
  -0.002429647 151.2439 
  0.5336204 152.7601 
  0.7392855 151.2439 
  0.873237 148.9977 
  0.8704571 145.328 
  0.9023083 141.0434 
  0.8654931 137.5696 
  0.8605475 134.1814 
  0.6146663 130.2255 
  0.4651372 126.3862 
  0.2181749 124.5092 
  0.5546643 127.6532 
  0.3163617 127.6532 
  -0.1794663 126.3862 
  -0.733601 126.3862 
  0.3276808 126.3862 
  0.1654563 126.3862 
  0.1882209 126.3862 
  0.1644437 126.3862 
  0.06555698 126.3862 
  0.09994286 126.3862 
  -0.06075015 126.3862 
  -0.3707643 126.3862 
  -0.1803121 126.3862 
  0.1033168 126.3862 ]
