 [
  0.006237946 127.6532 
  -0.0515626 127.6532 
  -0.109568 127.6532 
  -0.2738844 127.6532 
  -0.08815014 127.6532 
  0.0265118 127.6532 
  -0.5060826 127.6532 
  -0.510562 127.6532 
  -0.3280795 127.6532 
  0.2779182 127.6532 
  0.07318193 127.6532 
  0.4369578 127.6532 
  0.2199685 127.6532 
  0.7287225 127.0181 
  0.8775198 124.5092 
  0.9375293 123.2734 
  0.9231254 121.4426 
  0.9482342 120.2372 
  0.8746425 119.0438 
  0.7253996 118.4515 
  -0.2583664 122.0498 
  0.2145435 125.7574 
  0.5790702 128.9329 
  0.6155666 132.8496 
  0.2368389 136.8852 
  -0.1028282 141.0434 
  0.1244836 144.605 
  0.0999819 148.2564 
  0.234185 152.7601 
  0.5863773 158.1876 
  0.8282986 155.8383 
  0.8820429 152.7601 
  0.8936003 149.7427 
  0.9315623 146.0546 
  0.8617852 143.8855 
  0.7220657 139.6435 
  -0.1796371 141.0434 
  -0.2873144 143.8855 
  0.1991916 146.7849 
  -0.1383463 149.7427 
  0.06106796 152.0001 
  0.07733351 153.5239 
  0.7031867 154.2915 
  0.8101137 151.2439 
  0.6701027 143.8855 
  0.7111158 138.9488 
  0.798973 134.8523 
  0.790171 131.531 
  0.82903 127.0181 
  0.8820187 123.2734 
  0.9324251 122.0498 
  0.9394518 120.8384 
  0.9318653 119.0438 
  0.9750853 117.8622 
  0.9750237 117.2759 
  0.9270324 117.2759 
  0.7380694 114.9594 
  0.7876523 109.9132 
  0.9073972 108.2809 
  0.9194231 109.3664 
  0.9352293 109.9132 
  0.9628021 111.0151 
  0.9149103 112.128 
  0.9012628 112.6886 
  0.721126 111.0151 
  0.804065 109.9132 
  0.911091 108.8223 
  0.9298055 108.8223 
  0.7485171 107.7421 
  0.6914233 107.2061 
  0.8692248 107.7421 
  0.9051041 107.2061 
  0.8555485 106.142 
  0.8885847 104.0455 
  0.7688552 102.5003 
  0.9195485 100.978 
  0.8111754 100.4756 
  0.6900663 101.4829 
  0.3990008 100.4756 
  0.2941884 100.978 
  0.1220855 98.491 
  0.2147217 96.54556 
  0.2055333 94.1677 
  -0.00933383 92.7692 
  0.2562941 94.1677 
  0.567494 96.54556 
  0.2938692 97.02828 
  0.2322304 97.02828 
  0.150081 97.02828 
  0.6701687 97.02828 
  0.7828057 97.02828 
  0.6529745 97.02828 
  0.3969892 96.54556 
  0.2022548 96.06523 
  -0.1819882 96.06523 
  0.003369315 96.06523 
  0.01726555 95.5873 
  0.1062782 95.11173 
  -0.03245684 95.11173 
  -0.03240029 95.11173 
  0.03076435 94.63854 
  0.03525364 94.1677 
  0.5044254 94.1677 
  -0.02491887 94.1677 
  -0.3484839 94.1677 
  -0.0667096 94.1677 
  0.1161301 94.1677 
  0.04312867 94.1677 
  0.1602988 93.6992 
  0.1952308 91.39146 
  0.5005835 106.142 
  0.1728961 118.4515 
  0.4760352 119.0438 
  0.5995816 122.0498 
  0.8219491 125.1317 
  0.9496202 125.7574 
  0.9383078 125.7574 
  0.893424 127.0181 
  0.9086244 128.2915 
  0.9476483 128.2915 
  0.9125654 127.6532 
  0.832219 123.8897 
  0.917068 119.0438 
  0.8877259 116.1118 
  0.8369321 113.2521 
  0.9071271 112.128 
  0.8762416 113.2521 
  0.9396119 113.8184 
  0.9390471 112.6886 
  0.8516735 111.5702 
  0.7339181 109.3664 
  0.7522212 107.2061 
  0.7204061 104.5657 
  0.7976237 101.9903 
  0.6338671 101.9903 
  0.5873877 102.5003 
  0.5644028 102.5003 
  0.8089266 100.978 
  0.9011585 99.97575 
  0.6660624 99.97575 
  0.7811296 103.0128 
  0.7850855 104.0455 
  0.1464327 101.9903 
  0.4224612 97.02828 
  0.4047354 96.54556 
  0.3623154 96.54556 
  0.3281367 96.54556 
  0.3857233 93.6992 
  0.5001919 82.71502 
  0.1671188 79.47963 
  0.2254164 80.27641 
  0.2905251 84.80367 
  0.3140016 85.65383 
  0.3538306 86.51251 
  0.2002409 96.06523 
  0.3433138 98.00098 
  0.7626209 99.47836 
  0.8420347 100.978 
  0.7322781 100.978 
  0.05116872 100.978 
  -0.07852347 100.978 
  -0.0624206 101.4829 
  0.0206236 101.9903 
  0.001381316 102.5003 
  0.08744497 103.0128 
  0.1931314 103.5278 
  0.09385321 104.0455 
  0.09453703 104.5657 
  0.05374119 105.0885 
  -0.02041849 105.0885 
  0.2923434 105.0885 
  0.1158667 106.142 
  0.1266206 108.2809 
  0.08450331 109.3664 
  0.2228509 109.3664 
  0.2213197 107.7421 
  0.6934516 106.6728 
  0.3127985 104.5657 
  0.08093565 103.0128 
  0.128094 102.5003 
  -0.005278752 101.9903 
  -0.01403719 101.4829 
  -0.08005622 100.978 
  -0.2194068 100.4756 
  -0.1089356 99.97575 
  -0.02128487 99.47836 
  -0.05272365 98.98344 
  0.413113 98.491 
  0.30302 97.51342 
  0.3106184 101.4829 
  0.5916321 105.0885 
  0.9405565 107.2061 
  0.9587262 107.7421 
  0.8486964 107.7421 
  0.7132182 107.2061 
  0.5676503 108.8223 
  0.8991574 109.3664 
  0.9275073 108.2809 
  0.6558006 106.6728 
  0.2870618 105.0885 
  -0.2343979 103.5278 
  -0.5865313 102.5003 
  -0.1321838 100.978 
  -0.03715703 99.47836 
  0.09468172 98.00098 
  0.09066717 97.02828 
  -0.005536279 96.06523 
  0.3327074 95.11173 
  0.2184406 93.6992 
  0.1644622 92.7692 
  0.3569479 92.30766 
  0.1831784 93.23304 
  0.3534585 93.6992 
  0.5832654 93.23304 
  0.6483282 92.7692 
  0.7696262 92.30766 
  0.8295634 91.84841 
  0.9098564 91.39146 
  0.8273897 90.93677 
  0.4725302 90.93677 
  -0.07891183 90.93677 
  0.004950482 90.93677 
  0.4820484 90.93677 
  0.1892408 90.93677 
  0.349364 90.93677 
  -0.0170112 90.93677 
  0.02144246 90.93677 
  0.03831453 90.93677 
  0.1927101 90.93677 
  -0.08912497 90.93677 ]
