 [
  -0.04810495 161.3751 
  -0.1127738 161.3751 
  -0.1476532 161.3751 
  -0.3124006 161.3751 
  0.3147283 161.3751 
  0.0694746 161.3751 
  -0.02333483 161.3751 
  -0.09016621 161.3751 
  0.03609163 161.3751 
  0.2208533 161.3751 
  0.2424022 161.3751 
  0.1726807 161.3751 
  0.6132914 161.3751 
  0.2400362 160.5723 
  0.2248011 159.7734 
  0.4144305 158.9785 
  -0.379728 158.1876 
  -0.3173867 157.4006 
  -0.3597672 156.6175 
  0.1313033 155.8383 
  0.2155323 155.063 
  0.1246296 154.2915 
  0.05596252 153.5239 
  0.09934165 152.7601 
  -0.1147857 152.0001 
  -0.05482676 151.2439 
  0.07505545 150.4914 
  0.07244305 149.7427 
  0.1366293 148.9977 
  0.06864645 148.2564 
  -0.03852525 147.5188 
  0.1274701 147.5188 
  0.2202448 147.5188 
  0.1611558 147.5188 
  0.05296819 147.5188 
  0.03905722 147.5188 
  0.2087741 147.5188 
  0.152229 146.7849 
  -0.1306248 146.0546 
  0.7433246 140.3417 
  0.8888634 138.9488 
  0.990215 138.9488 
  0.994223 138.9488 
  0.994061 138.9488 
  0.9911315 139.6435 
  0.9838668 140.3417 
  0.9771133 141.7487 
  0.9715624 143.1697 
  0.9532422 145.328 
  0.9484729 146.7849 
  0.9562538 148.2564 
  0.948527 147.5188 
  0.9653327 147.5188 
  0.9745904 148.2564 
  0.9831686 148.9977 
  0.9808264 148.9977 
  0.9665431 148.9977 
  0.9740686 147.5188 
  0.9572062 146.0546 
  0.7883639 146.7849 
  0.4390346 148.2564 
  0.3018468 158.9785 
  0.3357 162.9929 
  0.2651055 162.182 
  0.09108237 148.2564 
  0.4599125 138.2575 
  0.3405241 131.531 
  0.8349147 130.2255 
  0.8841956 132.1886 
  0.9271686 132.8496 
  0.9784949 134.1814 
  0.9641995 135.5266 
  0.9025525 135.5266 
  0.8635767 136.2042 
  0.5588691 138.2575 
  0.9693693 143.8855 
  0.9970539 145.328 
  0.9799997 145.328 
  0.9456694 145.328 
  0.8857417 144.605 
  0.6611242 144.605 
  0.2125592 144.605 
  0.8777101 143.8855 
  0.9354749 144.605 
  0.9751112 145.328 
  0.9947841 146.0546 
  0.9966763 146.7849 
  0.9840152 147.5188 
  0.9834781 148.9977 
  0.9832134 148.9977 
  0.9789481 148.2564 
  0.9714622 148.2564 
  0.9747264 146.7849 
  0.9708427 145.328 
  0.9610196 143.1697 
  0.9704939 140.3417 
  0.9806327 138.2575 
  0.9916645 136.8852 
  0.9930307 135.5266 
  0.9946098 134.1814 
  0.9813597 133.5138 
  0.9638246 132.1886 
  0.9748912 129.5776 
  0.9667585 128.2915 
  0.9697356 127.6532 
  0.9231284 127.0181 
  0.9085337 127.0181 
  0.8820778 127.0181 
  0.789512 126.3862 
  0.8756424 123.8897 
  0.91992 123.2734 
  0.9300938 122.6601 
  0.895853 123.2734 
  0.8116279 121.4426 
  0.6127318 119.639 
  0.7272519 120.2372 
  0.8771346 120.8384 
  0.8578516 122.0498 
  0.6879278 123.2734 
  0.4455603 124.5092 
  0.7985945 125.7574 
  0.6846169 121.4426 
  0.8395599 120.2372 
  0.9708982 119.639 
  0.9713123 119.639 
  0.9618824 119.639 
  0.9690177 119.639 
  0.9924934 120.2372 
  0.991828 119.639 
  0.9951813 119.639 
  0.9932798 119.639 
  0.9947345 119.639 
  0.9932582 119.0438 
  0.9903457 119.639 
  0.9960896 119.639 
  0.9938229 119.639 
  0.9530179 120.2372 
  0.9255774 120.8384 
  0.9413022 122.0498 
  0.8181261 122.6601 
  0.7181907 123.8897 
  0.8196141 123.8897 
  0.8383225 123.2734 
  0.7730219 123.2734 
  0.737326 123.2734 
  0.6949981 123.2734 
  0.5718288 123.2734 
  0.2331921 123.2734 
  0.07436383 123.2734 
  0.1176438 123.2734 
  -0.06039234 123.2734 
  -0.1037929 123.2734 
  -0.1690248 123.2734 
  -0.2305651 123.2734 
  -0.2538748 123.2734 
  -0.001509825 123.2734 
  0.01427261 123.2734 
  0.1746297 123.2734 
  0.05049645 123.2734 
  0.1413719 123.2734 
  0.3699677 123.2734 
  0.7917449 123.2734 
  0.8982595 122.0498 
  0.9372607 120.8384 
  0.9072797 119.0438 
  0.8025386 117.8622 
  0.5919117 116.1118 
  0.4780635 119.639 
  0.8873643 122.0498 
  0.8655611 120.8384 
  0.9429704 120.8384 
  0.9615794 120.2372 
  0.8953679 121.4426 
  0.9178925 122.6601 
  0.8887451 122.6601 
  0.8914301 120.2372 
  0.7873415 118.4515 
  0.009993601 119.639 
  0.1747181 124.5092 
  0.2739379 127.0181 
  0.2620248 128.2915 
  0.4802194 128.9329 
  0.3297314 130.8766 
  0.1493316 130.8766 
  0.3930675 125.7574 
  0.7469177 123.8897 
  0.9312062 123.2734 
  0.8843873 121.4426 
  0.8202742 119.0438 
  0.5127777 118.4515 
  0.3896431 118.4515 
  -0.09776352 118.4515 
  -0.1607974 118.4515 
  0.02693086 118.4515 
  0.1065987 118.4515 
  -0.03856459 118.4515 
  0.01936003 118.4515 
  -0.0523869 118.4515 
  0.03553135 118.4515 
  0.1186251 118.4515 
  0.6050892 120.2372 
  0.8479007 120.2372 
  0.9935699 120.2372 
  0.9918724 120.8384 
  0.6028135 122.6601 
  0.7135854 125.7574 
  0.849321 124.5092 
  0.9716359 124.5092 
  0.9853414 124.5092 
  0.9864609 123.8897 
  0.9851341 123.8897 
  0.9742365 123.8897 
  0.9492709 123.2734 
  0.9344894 122.0498 
  0.9368662 120.2372 
  0.9423872 119.0438 
  0.8771465 117.8622 
  0.785953 116.6924 
  0.767922 114.9594 
  -0.07067984 115.5342 
  0.2659625 116.6924 
  0.7283897 117.8622 
  0.631128 113.8184 
  0.7525102 112.128 
  0.9406059 111.5702 
  0.9668075 111.0151 
  0.9399998 111.5702 
  0.939729 111.5702 
  0.9598578 112.128 
  0.9765523 112.6886 
  0.9388834 113.2521 
  0.884617 113.8184 
  0.7950874 113.8184 
  0.7057768 113.8184 
  0.495784 113.8184 
  0.03185262 113.8184 
  0.1876867 113.8184 
  0.2953704 113.8184 
  0.2177763 113.8184 
  -0.05874967 113.8184 
  -0.1924888 113.8184 
  -0.1564467 113.8184 
  -0.1061237 113.8184 
  0.03302765 113.8184 ]
