 [
  0.06248945 131.531 
  -0.3289004 131.531 
  -0.2727467 131.531 
  -0.3843392 131.531 
  -0.3682267 131.531 
  -0.2185149 131.531 
  0.07243916 131.531 
  0.1212953 131.531 
  0.1485232 131.531 
  0.2255578 131.531 
  0.2006684 131.531 
  0.41637 131.531 
  0.8381436 131.531 
  0.9199015 132.8496 
  0.9624284 133.5138 
  0.9817941 134.1814 
  0.9804813 133.5138 
  0.9784832 132.8496 
  0.9448265 132.1886 
  0.8727344 130.2255 
  0.8308908 128.9329 
  0.9547265 128.9329 
  0.9972649 129.5776 
  0.799974 131.531 
  0.5325905 135.5266 
  0.7070271 130.8766 
  0.8129822 128.9329 
  0.8801656 127.6532 
  0.9362029 127.6532 
  0.9485081 127.6532 
  0.9134464 127.0181 
  0.9456464 126.3862 
  0.8715887 125.7574 
  0.7731242 125.1317 
  0.5314854 125.7574 
  -0.04833813 124.5092 
  -0.1760437 125.1317 
  -0.1808047 125.1317 
  0.1743502 125.1317 
  0.3218759 125.7574 
  0.3001567 126.3862 
  0.4658018 127.0181 
  0.5143166 127.0181 
  0.7679892 127.0181 
  0.8542975 127.0181 
  0.9248535 128.2915 
  0.9404371 130.2255 
  0.9118568 133.5138 
  0.9016855 136.2042 
  0.8562559 137.5696 
  0.9076811 138.2575 
  0.9427235 138.2575 
  0.9696211 138.2575 
  0.9777822 138.2575 
  0.9618896 137.5696 
  0.9282266 135.5266 
  0.9180073 133.5138 
  0.8410456 131.531 
  0.8108765 128.9329 
  0.7220387 123.8897 
  0.6941117 123.2734 
  0.02815087 121.4426 
  -0.02869868 119.0438 
  0.07701659 116.6924 
  -0.00206752 114.9594 
  -0.02751562 112.6886 
  0.03453748 111.0151 
  0.0488445 109.9132 
  0.4090503 109.3664 
  0.3781703 114.9594 
  0.5973847 115.5342 
  0.939483 116.6924 
  0.9534848 116.6924 
  0.9627249 117.8622 
  0.9653754 118.4515 
  0.9269207 118.4515 
  0.8809395 117.8622 
  0.7454622 117.2759 
  0.6526393 117.2759 
  0.8790672 117.2759 
  0.6900352 117.2759 
  0.3370873 117.8622 
  0.04106303 118.4515 
  0.1149448 119.0438 
  0.06938919 119.639 
  0.08902702 120.2372 
  0.06644439 120.8384 
  -0.1547861 120.8384 
  -0.1338247 120.8384 
  0.1973248 120.8384 
  0.2792784 120.8384 
  0.08126899 120.8384 
  0.0743503 120.8384 
  0.140082 120.8384 
  0.1564023 120.8384 
  0.1127338 120.2372 
  0.1356669 119.639 
  0.2062019 119.639 
  -0.02636894 119.639 
  -0.2358002 120.2372 
  -0.1924306 120.2372 
  0.04755504 120.2372 
  0.1785818 120.2372 
  0.09870686 120.2372 
  0.1963276 120.2372 
  0.1115812 120.2372 
  0.2186707 120.2372 
  0.09802578 120.2372 
  0.1002096 120.2372 
  0.08072481 120.2372 
  0.1720308 120.2372 
  0.1312216 120.2372 
  0.01694082 120.2372 
  0.07200974 120.2372 
  0.1024326 120.2372 
  0.1412509 120.2372 
  0.3310064 120.2372 
  -0.07355399 120.2372 
  -0.156768 120.2372 
  0.5366849 121.4426 
  0.7381847 123.2734 
  0.9789543 123.8897 
  0.9564313 122.6601 
  0.883375 120.8384 
  0.7698342 119.639 
  0.5726906 119.639 
  -0.04053768 120.2372 
  0.07735785 120.8384 
  -0.1852243 121.4426 
  -0.02474625 121.4426 
  0.01543082 122.0498 
  -0.02660003 122.6601 
  -0.05354578 123.2734 
  -0.1436621 123.8897 
  -0.2160403 123.8897 
  -0.3189559 123.8897 
  0.3901189 123.8897 
  0.1639344 119.0438 
  0.4853148 119.0438 
  0.9301598 119.0438 
  0.9163178 119.639 
  0.9154449 121.4426 
  0.9087034 121.4426 
  0.8860598 120.2372 
  0.9593133 118.4515 
  0.9814153 117.8622 
  0.9919765 117.2759 
  0.9771401 117.8622 
  0.9770031 117.8622 
  0.9049711 117.2759 
  0.8030249 117.2759 
  0.5286773 116.6924 
  0.888765 117.2759 
  0.9073717 117.2759 
  0.8763358 117.2759 
  0.8196114 117.2759 
  0.8155806 117.2759 
  0.498511 117.2759 
  0.1973028 117.2759 
  0.07407754 117.2759 
  0.1604348 117.2759 
  0.1712047 117.2759 
  -0.01260625 117.2759 
  -0.04450723 117.2759 ]
