 [
  -0.1666931 271.0859 
  -0.1576601 271.0859 
  0.0317279 271.0859 
  -0.001715257 271.0859 
  -0.03949322 271.0859 
  0.2658834 271.0859 
  -0.01231571 271.0859 
  0.1288797 271.0859 
  0.3224397 271.0859 
  0.2785516 271.0859 
  -0.1440996 271.0859 
  0.0056818 271.0859 
  -0.07623227 271.0859 
  -0.1548306 271.0859 
  -0.07292643 271.0859 
  -0.1208997 271.0859 
  0.243157 271.0859 
  0.7928102 271.0859 
  0.9302568 272.4414 
  0.9558198 269.7372 
  0.9756392 264.4093 
  0.9804054 259.1866 
  0.9732828 252.8029 
  0.9597329 246.5766 
  0.9337267 241.7061 
  0.8648746 239.307 
  0.7788603 239.307 
  0.5864159 240.5036 
  0.3032214 241.7061 
  0.1249418 242.9146 
  0.04465712 244.1292 
  0.07122165 245.3498 
  -0.012712 246.5766 
  0.4075907 247.8095 
  0.8648797 249.0485 
  0.9661592 249.0485 
  0.9960437 250.2938 
  0.9949292 251.5452 
  0.992214 255.3373 
  0.8103687 260.4825 
  0.9097709 259.1866 
  0.9462269 256.614 
  0.9878651 256.614 
  0.9932408 256.614 
  0.9969962 256.614 
  0.9902754 257.8971 
  0.9945441 257.8971 
  0.9908112 259.1866 
  0.9907874 260.4825 
  0.9876886 263.0938 
  0.9899204 265.7313 
  0.9925659 267.06 
  0.9928405 269.7372 
  0.9950749 271.0859 
  0.9939007 272.4414 
  0.9729247 273.8036 
  0.9643058 276.5485 
  0.9717858 282.1211 
  0.9379718 279.3209 
  0.8402667 277.9312 
  0.907289 277.9312 
  0.8834294 279.3209 
  0.9520492 282.1211 
  0.9716104 284.9493 
  0.95191 286.3741 
  0.9523829 286.3741 
  0.7564708 286.3741 
  0.1709652 286.3741 
  0.1844265 286.3741 
  -0.1939761 286.3741 
  -0.1371126 286.3741 
  0.05540568 286.3741 
  -0.3103396 286.3741 
  -0.3698685 286.3741 
  -0.407754 286.3741 
  -0.1941312 287.806 
  0.4122107 289.245 
  0.7134965 290.6912 
  0.3262306 292.1447 
  0.1467534 293.6054 
  -0.1526718 295.0734 
  0.392641 296.5488 
  0.2587931 298.0316 
  -0.2082686 304.037 
  -0.09585728 308.6204 
  0.04075189 310.1635 
  -0.02538076 308.6204 
  0.2616879 304.037 
  0.3573897 296.5488 
  0.8160205 287.806 
  0.9472596 284.9493 
  0.9420471 280.7175 
  0.9409425 273.8036 
  0.9526423 267.06 
  0.9689047 261.7849 
  0.9843324 257.8971 
  0.9886985 255.3373 
  0.9913861 254.067 
  0.9902952 254.067 
  0.9885045 252.8029 
  0.9518673 252.8029 
  0.9262636 250.2938 
  0.8730506 249.0485 
  0.9880669 249.0485 
  0.9987713 249.0485 
  0.9976436 249.0485 
  0.9209432 249.0485 
  0.6324254 249.0485 
  0.1506907 249.0485 
  0.4806591 249.0485 
  -0.1241589 249.0485 
  0.0009392597 249.0485 
  0.02181952 249.0485 
  -0.2241343 249.0485 
  -0.07327043 249.0485 
  -0.0006631562 249.0485 
  0.1298363 250.2938 
  0.03100587 251.5452 
  -0.120803 252.8029 
  -0.1087527 254.067 
  0.02288808 255.3373 
  0.05145647 256.614 
  -0.1219433 257.8971 
  -0.1595238 259.1866 
  0.1061809 260.4825 
  0.1617069 261.7849 
  -0.1047285 263.0938 
  -0.08829747 264.4093 
  -0.005537095 265.7313 
  0.1833513 267.06 
  0.1837517 268.3953 
  0.7549129 269.7372 
  0.8276621 265.7313 
  0.8997368 259.1866 
  0.985973 252.8029 
  0.993223 247.8095 
  0.9946145 246.5766 
  0.9904432 249.0485 
  0.9932762 251.5452 
  0.9956561 251.5452 
  0.9927856 250.2938 
  0.9907798 247.8095 
  0.988567 245.3498 
  0.9932938 241.7061 
  0.9949033 239.307 
  0.9935178 236.9318 
  0.9877136 234.5801 
  0.9870188 231.0963 
  0.9841092 226.5316 
  0.9779755 223.1673 
  0.9674759 217.6709 
  0.9598407 212.3098 
  0.9669453 206.0505 
  0.9561895 200.9756 
  0.9559675 196.0257 
  0.9783975 192.1537 
  0.9948688 190.2465 
  0.9972131 189.3 
  0.9857375 190.2465 
  0.9633684 192.1537 
  0.8860925 195.0505 
  0.7710633 197.0059 
  0.7994772 197.9909 
  0.2358536 197.0059 
  -0.2949846 196.0257 
  -0.02297592 195.0505 
  0.2611131 194.0801 
  0.2638174 193.1145 
  0.2689343 192.1537 
  -0.0688568 191.1978 
  -0.265152 191.1978 
  -0.1940851 191.1978 
  -0.06268092 191.1978 
  -0.01855603 191.1978 
  -0.06209403 191.1978 
  -0.1161281 191.1978 
  -0.293087 191.1978 
  -0.1413681 191.1978 
  0.0637269 191.1978 
  -0.2190686 191.1978 
  0.6814706 190.2465 
  0.8369636 189.3 
  0.9738981 188.3582 
  0.9897474 186.4887 
  0.9627398 184.6377 
  0.982844 182.8051 
  0.9874912 181.8956 
  0.9871438 180.0902 
  0.9789984 179.1942 
  0.983781 177.4156 
  0.9867354 174.7808 
  0.9878941 173.9112 
  0.9861785 173.9112 
  0.9913266 173.9112 
  0.9853516 173.046 
  0.9721197 173.9112 
  0.9573824 175.6547 
  0.9891651 178.3027 
  0.9604796 181.8956 
  0.9046031 186.4887 
  0.9347948 191.1978 
  0.9272172 194.0801 
  0.8655052 196.0257 
  0.3967206 198.9809 
  0.168182 201.9805 
  -0.1075243 204.0054 
  -0.01338821 206.0505 
  0.04493821 208.1162 
  0.1272916 211.2535 
  0.1751482 213.3714 
  0.02603372 216.5879 
  -0.09261336 218.7592 
  -0.105477 220.9523 
  -0.255049 223.1673 
  -0.1161222 225.4046 
  -0.1082693 227.6642 
  -0.2638448 229.9466 
  -0.2437543 232.2518 
  -0.01218909 234.5801 
  -0.3643671 236.9318 
  -0.2625495 239.307 
  -0.08139126 241.7061 
  -0.2585195 244.1292 
  0.1502779 246.5766 
  0.3520125 249.0485 
  0.8227326 251.5452 
  0.7546506 241.7061 
  0.7731077 234.5801 
  0.9852591 225.4046 
  0.995045 223.1673 
  0.9930476 222.057 
  0.9842655 219.853 
  0.9655248 217.6709 
  0.9264289 217.6709 
  0.8360848 218.7592 
  0.8099316 220.9523 
  0.5699857 223.1673 
  -0.1156072 225.4046 
  0.01905296 227.6642 
  0.1352953 229.9466 
  0.1030256 232.2518 
  0.5732872 235.753 
  0.8633865 240.5036 
  0.9024787 239.307 
  0.9302307 236.9318 
  0.9710391 235.753 
  0.9901454 234.5801 
  0.9964883 234.5801 
  0.9973714 234.5801 
  0.9984853 234.5801 
  0.9975164 234.5801 
  0.9927759 234.5801 
  0.9891875 233.4131 
  0.9915617 233.4131 
  0.9932705 234.5801 
  0.9919998 235.753 
  0.9923505 235.753 
  0.9812661 236.9318 
  0.9625733 239.307 
  0.973244 242.9146 
  0.9820965 245.3498 
  0.989574 247.8095 
  0.9880874 247.8095 
  0.9870689 246.5766 
  0.9915386 245.3498 
  0.9946883 244.1292 
  0.9860519 244.1292 
  0.9653498 244.1292 
  0.8904782 245.3498 
  0.7641796 246.5766 
  0.414724 247.8095 
  -0.2741774 249.0485 
  0.1303165 250.2938 
  0.78359 252.8029 
  0.8297825 245.3498 
  0.93924 240.5036 
  0.9881929 239.307 
  0.9858437 238.1164 
  0.9833714 235.753 
  0.9908997 234.5801 
  0.9848691 233.4131 
  0.9857831 231.0963 
  0.9890416 229.9466 
  0.9940485 228.8026 
  0.9901775 228.8026 
  0.995045 228.8026 
  0.9971069 228.8026 
  0.9931661 229.9466 
  0.980779 231.0963 
  0.9716526 233.4131 
  0.9700889 235.753 
  0.9521905 236.9318 
  0.9006364 236.9318 
  0.6502811 236.9318 
  0.5292779 236.9318 
  0.1626323 236.9318 
  0.4204689 236.9318 
  0.2578943 236.9318 
  0.0120887 238.1164 
  -0.0434607 239.307 
  0.1191263 239.307 
  0.03714636 240.5036 
  -0.01949294 242.9146 
  -0.2558092 245.3498 
  0.1132575 247.8095 
  -0.1851576 250.2938 
  -0.06634438 252.8029 
  0.7263652 254.067 
  0.8210582 242.9146 
  0.879995 235.753 
  0.9502243 229.9466 
  0.9619402 223.1673 
  0.9677048 217.6709 
  0.9790915 214.4382 
  0.9790894 211.2535 
  0.9913482 209.1568 
  0.9957547 208.1162 
  0.9958968 208.1162 
  0.9918674 207.0808 
  0.9880927 206.0505 
  0.993736 204.0054 
  0.9933358 202.9904 
  0.9777802 200.9756 
  0.9837078 198.9809 
  0.982181 197.0059 
  0.9806495 194.0801 
  0.9742473 193.1145 
  0.9712071 193.1145 
  0.9743703 193.1145 
  0.9908974 193.1145 
  0.9873106 194.0801 
  0.9797127 195.0505 
  0.981439 196.0257 
  0.9833613 197.9909 
  0.9824123 199.9758 
  0.9737234 200.9756 
  0.820739 201.9805 
  0.3927125 204.0054 
  -0.2350338 206.0505 
  -0.09897552 208.1162 
  -0.07565793 210.2025 
  -0.1439351 212.3098 
  -0.1803074 214.4382 
  -0.2485631 216.5879 
  -0.04755822 218.7592 
  0.1668187 220.9523 
  0.1473238 223.1673 
  0.07710637 225.4046 
  0.1200457 227.6642 
  0.06314385 229.9466 
  -0.16569 232.2518 
  -0.06832687 234.5801 
  0.1449677 236.9318 
  0.1370658 239.307 
  0.1103799 241.7061 
  0.09614377 244.1292 
  0.497267 246.5766 
  0.8965724 250.2938 
  0.9374771 246.5766 
  0.9631689 241.7061 
  0.9706988 235.753 
  0.9807111 231.0963 
  0.9692987 227.6642 
  0.9470638 226.5316 
  0.9200927 224.2832 
  0.9979393 223.1673 
  0.9982579 223.1673 
  0.9983231 223.1673 
  0.9982692 223.1673 
  0.998065 224.2832 
  0.9983567 224.2832 
  0.9858255 224.2832 
  0.9824008 223.1673 
  0.9859853 222.057 
  0.9965653 220.9523 
  0.9858014 220.9523 
  0.9515845 222.057 
  0.8010537 225.4046 
  -0.08767205 229.9466 
  0.1301303 233.4131 
  0.561116 234.5801 
  0.6868243 224.2832 
  0.8975233 222.057 
  0.9563628 218.7592 
  0.9386867 215.5104 
  0.9756765 212.3098 
  0.9799776 211.2535 
  0.9744163 210.2025 
  0.9797306 210.2025 
  0.9768785 209.1568 
  0.9847561 209.1568 
  0.9906518 210.2025 
  0.9875418 210.2025 
  0.9947999 209.1568 
  0.9651083 208.1162 
  0.7206043 207.0808 
  0.3724411 206.0505 
  0.4510716 193.1145 
  -0.3599777 195.0505 
  -0.06735867 197.0059 
  0.04710402 198.9809 
  0.01711181 201.9805 
  0.2539372 205.0254 
  0.01631111 208.1162 
  0.27001 211.2535 
  -0.0601576 214.4382 
  0.03995779 216.5879 
  0.4869619 217.6709 
  0.6875325 217.6709 
  0.964417 217.6709 
  0.9980772 215.5104 
  0.9949466 213.3714 
  0.9693854 212.3098 
  0.8616586 210.2025 
  0.3037624 208.1162 
  0.09009431 206.0505 
  0.1321948 206.0505 
  0.4555236 206.0505 
  0.4437805 206.0505 
  0.2813065 206.0505 
  0.3248777 207.0808 
  0.4482999 210.2025 
  0.7898013 215.5104 
  0.8916495 215.5104 
  0.9344245 212.3098 
  0.9291263 209.1568 
  0.9623361 206.0505 
  0.9786798 202.9904 
  0.9722925 200.9756 
  0.980464 199.9758 
  0.9831683 198.9809 
  0.972006 197.9909 
  0.9609116 197.0059 
  0.9778087 195.0505 
  0.979569 195.0505 
  0.988729 194.0801 
  0.9922993 194.0801 
  0.9901146 194.0801 
  0.9544118 194.0801 
  0.9309834 193.1145 
  0.9155303 192.1537 
  0.988093 192.1537 
  0.9731016 192.1537 
  0.9418849 192.1537 
  0.864486 193.1145 
  0.4646306 195.0505 
  0.3019515 197.0059 
  0.4943141 198.9809 
  0.6223042 199.9758 
  0.664233 195.0505 
  0.6843534 187.4211 
  0.4886776 179.1942 
  0.8102548 173.9112 
  0.8819082 172.185 
  0.8866791 172.185 
  0.8428724 172.185 
  0.7563177 173.046 
  0.750449 173.9112 
  0.7482771 175.6547 
  0.6548028 177.4156 
  0.4951568 179.1942 
  0.3086169 180.9906 
  -0.07021456 181.8956 
  -0.2150644 182.8051 
  -0.3056018 182.8051 
  -0.2686671 182.8051 
  -0.1105678 182.8051 
  0.1761718 182.8051 
  -0.06924597 182.8051 
  -0.2495777 182.8051 ]
