 [
  -0.08666188 145.328 
  0.3340505 145.328 
  0.2851776 145.328 
  0.007933024 145.328 
  0.007222196 145.328 
  0.002097683 145.328 
  -0.05464529 145.328 
  -0.1402599 145.328 
  0.3062463 145.328 
  0.1028407 145.328 
  0.03657519 145.328 
  -0.08827227 145.328 
  0.3616287 145.328 
  -0.6189846 145.328 
  0.7259274 144.605 
  0.7980579 141.7487 
  0.8809998 141.0434 
  0.9102014 139.6435 
  0.9090563 139.6435 
  0.8484033 137.5696 
  0.796659 136.2042 
  0.1955675 136.2042 
  0.7391865 138.2575 
  0.4478021 140.3417 
  0.07151999 142.4574 
  -0.09972596 144.605 
  0.3311456 146.7849 
  0.04143767 148.9977 
  0.05272924 151.2439 
  0.01852109 154.2915 
  0.1304985 157.4006 
  0.2184604 160.5723 
  0.1152855 164.6269 
  0.4777319 168.784 
  0.7742627 167.1087 
  0.9692199 166.2773 
  0.9873351 167.1087 
  0.9962136 167.1087 
  0.996621 167.9442 
  0.9968655 168.784 
  0.995233 169.6279 
  0.9891754 171.3284 
  0.9856304 174.7808 
  0.9853591 177.4156 
  0.9922071 179.1942 
  0.937961 181.8956 
  0.8856702 183.7191 
  0.676497 185.5609 
  0.9483437 185.5609 
  0.9232384 185.5609 
  0.911683 185.5609 
  -0.06998631 185.5609 
  0.02646711 185.5609 
  -0.008874458 185.5609 
  -0.1396728 184.6377 
  -0.09843999 184.6377 
  -0.2335655 184.6377 
  -0.2174789 184.6377 
  -0.06984223 184.6377 
  0.02975365 184.6377 
  0.02597046 183.7191 
  0.09658687 182.8051 
  0.1976568 181.8956 
  0.2009867 180.9906 
  0.199298 180.9906 
  0.1283691 180.9906 
  0.1353854 180.9906 
  0.008767509 180.9906 
  -0.08710229 180.9906 
  -0.2259365 180.9906 
  -0.1856219 180.9906 
  0.01079447 180.9906 
  0.4804512 180.0902 
  0.7305204 174.7808 
  0.8800082 172.185 
  0.9693284 168.784 
  0.9746069 167.1087 
  0.9619603 167.1087 
  0.9702275 167.1087 
  0.9780626 167.1087 
  0.9912578 166.2773 
  0.9885251 164.6269 
  0.9795122 162.9929 
  0.9573047 160.5723 
  0.963668 158.1876 
  0.9822021 155.8383 
  0.9722908 153.5239 
  0.9447302 151.2439 
  0.9034978 148.2564 
  0.8339949 146.0546 
  0.7962878 140.3417 
  0.3581909 135.5266 
  0.8011178 132.8496 
  0.7838752 130.8766 
  0.7576603 130.2255 
  0.851666 132.1886 
  0.8796309 130.8766 
  0.8536206 128.2915 
  0.8740335 126.3862 
  0.8055589 123.8897 
  0.82201 120.2372 
  0.910539 118.4515 
  0.9764756 117.8622 
  0.9438236 117.2759 
  0.9076257 117.2759 
  0.8986408 117.2759 
  0.942 116.1118 
  0.9278635 114.9594 
  0.8613893 113.2521 
  0.6508639 110.4628 
  0.6003168 106.6728 
  0.6460142 104.5657 
  0.3624852 105.0885 
  0.1098278 106.142 
  0.4708599 106.142 
  0.2390498 106.142 
  0.1593786 106.142 
  0.05917643 106.142 
  0.07433487 106.142 
  0.09953686 106.142 
  -0.06419374 106.142 
  -0.03761519 106.142 
  -0.522729 106.142 
  -0.2503932 106.142 
  0.02772696 106.142 
  0.2794823 106.142 
  -0.028232 106.142 
  0.09763176 106.142 ]
