 [
  -0.08791473 194.0801 
  0.1324461 194.0801 
  -0.1067362 194.0801 
  0.04055259 194.0801 
  0.02829019 194.0801 
  0.05624587 194.0801 
  0.05636504 194.0801 
  -0.06050112 194.0801 
  0.2390076 194.0801 
  -0.1893589 194.0801 
  -0.2558574 194.0801 
  -0.08583222 194.0801 
  0.0002374754 194.0801 
  -0.012536 194.0801 
  -0.001399451 194.0801 
  0.1221061 194.0801 
  -0.004962106 194.0801 
  0.1302518 194.0801 
  0.7066139 195.0505 
  0.4385577 162.9929 
  0.6272519 160.5723 
  0.883714 160.5723 
  0.8883684 155.8383 
  0.6400211 153.5239 
  0.5939773 151.2439 
  0.4281664 147.5188 
  0.1301351 141.7487 
  0.0879018 135.5266 
  0.2579207 130.2255 
  0.4114036 127.0181 
  0.5054684 126.3862 
  0.5208645 127.0181 
  0.4924788 129.5776 
  0.3904867 134.1814 
  0.5217094 141.0434 
  0.3855934 143.8855 
  0.3597133 147.5188 
  0.4708806 163.8079 
  0.7527551 166.2773 
  0.9136589 167.1087 
  0.9532244 167.1087 
  0.9504201 168.784 
  0.9615746 170.476 
  0.9364494 172.185 
  0.8794125 173.9112 
  0.684603 178.3027 
  0.9655362 183.7191 
  0.9858845 189.3 
  0.9296976 194.0801 
  0.8724777 199.9758 
  0.9300107 201.9805 
  0.9890781 202.9904 
  0.9978148 205.0254 
  0.996833 206.0505 
  0.9962026 208.1162 
  0.9940373 210.2025 
  0.9938791 212.3098 
  0.9969862 213.3714 
  0.9269929 212.3098 
  0.7576189 205.0254 
  0.8744659 184.6377 
  0.6691887 165.4501 
  0.02767008 147.5188 
  -0.7098306 131.531 
  -0.1924771 116.6924 
  0.4703813 103.5278 
  0.3516094 98.491 
  0.5266132 94.1677 
  0.8581724 93.6992 
  0.9464372 93.23304 
  0.964278 92.7692 
  0.9900069 92.7692 
  0.9921957 92.7692 
  0.9733608 93.23304 
  0.9827977 93.23304 
  0.9703835 93.23304 
  0.9751573 93.6992 
  0.9295241 94.63854 
  0.951057 95.11173 
  0.940872 95.11173 
  0.9350749 95.5873 
  0.9576838 190.2465 
  0.9113038 192.1537 
  0.8345044 192.1537 
  0.2428093 201.9805 
  0.8470733 202.9904 
  0.9276063 202.9904 
  0.9892212 202.9904 
  0.999168 201.9805 
  0.9994611 202.9904 
  1.000204 202.9904 
  1.000259 202.9904 
  0.999252 202.9904 
  0.9948745 201.9805 
  0.9614832 200.9756 
  0.9042979 198.9809 
  0.7324251 197.0059 
  0.8151661 196.0257 
  0.7316302 195.0505 
  0.7028356 194.0801 
  0.5956925 193.1145 
  0.4901855 192.1537 
  0.434413 191.1978 
  0.1677527 191.1978 
  0.1034222 191.1978 
  0.195906 190.2465 
  0.6448539 189.3 
  0.7920606 186.4887 
  0.8531367 181.8956 
  0.9505577 178.3027 
  0.9459502 176.533 
  0.9465492 175.6547 
  0.9564635 174.7808 
  0.9585907 173.9112 
  0.9685153 172.185 
  0.9917819 170.476 
  0.9920686 169.6279 
  0.9930866 167.9442 
  0.9932203 167.1087 
  0.9849418 164.6269 
  0.9767264 162.9929 
  0.9786816 161.3751 
  0.9804367 158.9785 
  0.9817697 157.4006 
  0.9899753 156.6175 
  0.9761752 155.063 
  0.9896712 154.2915 
  0.9891003 154.2915 
  0.9788052 153.5239 
  0.9934897 152.0001 
  0.9845801 151.2439 
  0.9916133 150.4914 
  0.9941595 149.7427 
  0.9740844 149.7427 
  0.9546589 149.7427 
  0.7185633 148.9977 
  0.4847037 147.5188 
  0.4604568 146.7849 
  0.6693943 144.605 
  0.9216517 145.328 
  0.9775105 146.7849 
  0.9929361 146.0546 
  0.9857918 146.7849 
  0.9842186 146.7849 
  0.9888893 146.0546 
  0.9788259 146.7849 
  0.9587304 148.2564 
  0.936828 152.0001 
  0.9099979 156.6175 
  0.9466133 158.1876 
  0.9819633 158.9785 
  0.9939694 158.9785 
  0.9938888 159.7734 
  0.9967465 159.7734 
  0.9916711 160.5723 
  0.9933336 161.3751 
  0.9887248 162.182 
  0.9924923 162.9929 
  0.9929098 164.6269 
  0.9909368 165.4501 
  0.9913702 165.4501 
  0.9841208 166.2773 
  0.982844 167.9442 
  0.9886981 168.784 
  0.991212 169.6279 
  0.9955671 170.476 
  0.9984916 170.476 
  0.9200018 170.476 
  0.813473 170.476 
  0.5916049 169.6279 
  0.9889884 169.6279 
  0.9935098 169.6279 
  0.9950055 169.6279 
  0.9970502 168.784 
  0.9968712 167.9442 
  0.996478 167.1087 
  0.9974818 167.1087 
  0.968423 166.2773 
  0.8972074 165.4501 
  0.9154567 165.4501 
  0.9776884 166.2773 
  0.9951758 167.1087 
  0.9955521 167.1087 
  0.9941301 167.1087 
  0.9904157 167.9442 
  0.9863902 168.784 
  0.9910789 169.6279 
  0.9930311 169.6279 
  0.9937048 169.6279 
  0.9928107 169.6279 
  0.9909382 168.784 
  0.9913803 167.9442 
  0.9942655 167.1087 
  0.9970319 166.2773 
  0.9935303 165.4501 
  0.9897095 163.8079 
  0.9946862 162.9929 
  0.9880255 162.182 
  0.9419007 159.7734 
  0.7750219 152.7601 
  0.6176596 140.3417 
  0.4294372 128.2915 
  0.5250269 116.6924 
  -0.03341454 106.6728 
  -0.3600255 97.02828 
  0.3433208 88.25578 
  0.4828262 81.08118 
  0.6620179 78.29926 
  0.73626 77.90971 
  0.8094662 77.90971 
  0.85842 77.13642 
  0.9275904 76.3708 
  0.9379668 75.61279 
  0.9682465 75.2366 
  0.9726167 74.86229 
  0.9823935 74.86229 
  0.9523389 74.48985 
  0.9458512 74.48985 
  0.9013456 74.11925 
  0.9146754 73.7505 
  0.9653231 73.38358 
  0.9827701 73.01849 
  0.9904608 72.6552 
  0.9752966 72.29374 
  0.9819358 71.57619 
  0.9807889 71.22009 
  0.9780146 70.86576 
  0.9798136 70.51319 
  0.9784785 70.16238 
  0.9712217 70.16238 
  0.7686802 70.16238 ]
