 [
  0.09571365 124.5092 
  -0.0895915 124.5092 
  0.1966656 124.5092 
  0.3005354 124.5092 
  -0.1415971 124.5092 
  0.04843555 124.5092 
  -0.02686118 124.5092 
  0.1518849 124.5092 
  0.3173178 124.5092 
  0.279911 124.5092 
  0.0741729 124.5092 
  0.1100077 124.5092 
  0.08505887 124.5092 
  0.1686826 124.5092 
  0.1962875 124.5092 
  0.15231 124.5092 
  0.1511315 124.5092 
  0.2721805 124.5092 
  0.007616248 124.5092 
  0.03164806 124.5092 
  0.1646429 124.5092 
  0.2273449 124.5092 
  0.2900685 124.5092 
  0.1396952 124.5092 
  0.1063326 124.5092 
  0.09428427 124.5092 
  0.360136 128.9329 
  0.6625529 128.9329 
  0.8753858 125.7574 
  0.8689839 123.8897 
  0.9885867 122.0498 
  0.9625479 120.2372 
  0.9171294 119.0438 
  0.7847027 119.0438 
  -0.0363905 121.4426 
  -0.7469932 124.5092 
  -0.62033 128.2915 
  -0.2719153 132.1886 
  0.0007564537 136.2042 
  0.004688913 140.3417 
  -0.03343276 144.605 
  0.03167677 148.9977 
  0.03286777 153.5239 
  0.07624169 157.4006 
  0.0550579 161.3751 
  0.1087681 165.4501 
  0.1924232 169.6279 
  0.07379027 173.046 
  0.6074401 175.6547 
  0.4937966 166.2773 
  0.5905613 150.4914 
  0.8633758 147.5188 
  0.8488904 144.605 
  0.8648834 140.3417 
  0.9759046 136.2042 
  0.9677122 136.8852 
  0.9729186 138.2575 
  0.9643222 138.9488 
  0.9682601 141.7487 
  0.985052 142.4574 
  0.9903967 143.1697 
  0.9902986 143.1697 
  0.9888255 144.605 
  0.986323 145.328 
  0.9853394 144.605 
  0.9673241 145.328 
  0.9814076 146.7849 
  0.9832823 147.5188 
  0.9839198 147.5188 
  0.9761769 147.5188 
  0.9839137 148.2564 
  0.9840543 148.2564 
  0.9669408 147.5188 
  0.9869658 146.7849 
  0.9832389 146.7849 
  0.9718253 147.5188 
  0.9798586 148.2564 
  0.9672723 146.7849 
  0.9898655 146.0546 
  0.9939661 146.0546 
  0.9799717 146.0546 
  0.9335333 144.605 
  0.8713316 143.1697 
  0.735759 139.6435 
  0.7524345 134.8523 
  0.5362664 127.6532 
  -0.001131442 112.6886 
  0.3003153 105.0885 
  0.3698138 105.614 
  0.387005 107.7421 
  0.0781249 112.128 
  0.2424304 123.2734 
  0.5981738 129.5776 
  0.8671357 130.8766 
  0.9677225 132.8496 
  0.9450127 132.8496 
  0.9349282 133.5138 
  0.9180453 132.8496 
  0.9402443 131.531 
  0.9439855 131.531 
  0.9653805 132.8496 
  0.980804 132.8496 
  0.9905269 133.5138 
  0.9636247 132.8496 
  0.9643781 132.1886 
  0.986591 130.8766 
  0.9139575 130.2255 
  0.9371314 127.6532 
  0.9716698 126.3862 
  0.9170978 126.3862 
  0.79275 127.0181 
  0.9500353 128.9329 
  0.9949388 130.2255 
  0.9961905 130.8766 
  0.9931921 130.8766 
  0.9809024 129.5776 
  0.9947165 128.2915 
  0.9907228 127.0181 
  0.9437382 125.1317 
  0.735459 122.6601 
  0.3227444 119.639 
  0.07242183 116.1118 
  0.05803746 113.2521 
  0.1581 111.5702 
  0.6527497 110.4628 
  0.4237129 109.9132 
  0.3094323 108.8223 
  0.1557394 107.7421 
  0.1470655 106.6728 
  -0.1800924 105.614 
  -0.07357112 104.5657 
  0.1484249 103.5278 
  0.246401 102.5003 
  0.2613049 101.4829 
  0.1555749 100.4756 
  0.317252 99.47836 
  0.08211744 98.491 
  -0.02376641 97.51342 
  0.6014894 97.02828 
  0.2476799 104.0455 
  0.5481563 108.8223 
  0.6669863 112.6886 
  0.6397356 116.1118 
  0.6524495 115.5342 
  0.7454376 114.3874 
  0.5281842 118.4515 
  0.8075445 126.3862 
  0.9250991 127.6532 
  0.8994668 127.6532 
  0.8421387 126.3862 
  0.7905857 122.0498 
  0.9545792 120.8384 
  0.9857932 119.639 
  0.9845734 119.639 
  0.9893439 120.2372 
  0.9608958 121.4426 
  0.9686431 122.6601 
  0.9863375 123.2734 
  0.9806141 124.5092 
  0.9723672 126.3862 
  0.9889753 128.9329 
  0.5677023 132.8496 
  0.8384668 132.8496 
  0.9272394 132.8496 
  0.975117 133.5138 
  0.9398547 135.5266 
  0.9614615 137.5696 
  0.9877873 138.2575 
  0.9922202 138.9488 
  0.9863982 138.9488 
  0.9869515 138.9488 
  0.9812914 138.9488 
  0.9528892 139.6435 
  0.9656787 140.3417 
  0.9932852 141.0434 
  0.992705 139.6435 
  0.8972121 139.6435 
  0.7716514 138.2575 
  0.2173267 134.1814 
  0.9255135 133.5138 
  0.962024 133.5138 
  0.9773431 134.1814 
  0.9968569 134.8523 
  0.9988238 134.8523 
  0.997618 134.1814 
  0.9986891 133.5138 
  0.994911 134.8523 
  0.9927007 135.5266 
  0.9856648 136.2042 
  0.9787927 136.8852 
  0.8016777 131.531 
  0.7262818 125.7574 
  0.8021657 122.0498 
  0.8109679 118.4515 
  0.7083218 117.8622 
  0.295318 118.4515 
  0.1120545 96.06523 
  0.5267885 95.11173 
  0.953414 95.5873 
  0.5408542 96.06523 
  0.3481901 97.02828 
  0.3050845 101.9903 
  0.2890452 123.8897 
  0.945276 123.8897 
  0.9204808 123.8897 
  0.869521 124.5092 
  0.7928022 123.8897 
  0.8816996 125.7574 
  0.9896814 127.0181 
  0.9995404 127.0181 
  0.9969653 127.6532 
  0.9960411 128.2915 
  0.8596179 129.5776 
  0.8757322 129.5776 
  0.9048134 130.8766 
  0.9805762 132.1886 
  0.9924264 132.1886 
  0.9792384 132.1886 
  0.9850881 133.5138 
  0.9870043 132.1886 
  0.9828452 131.531 
  0.9852272 132.1886 
  0.9801464 132.1886 
  0.8551518 132.1886 
  0.7200315 132.8496 
  -0.1625629 132.8496 
  0.5352761 132.8496 
  -0.255389 133.5138 
  0.5822163 134.1814 
  0.8071834 132.1886 
  0.9314939 130.8766 
  0.9963959 130.2255 
  0.9977688 130.8766 
  0.9957486 130.8766 
  0.9843756 132.1886 
  0.8847675 132.1886 
  0.7420185 131.531 
  0.6783595 130.2255 
  0.9715491 129.5776 
  0.9377362 127.6532 
  0.8727404 125.1317 
  0.8867181 124.5092 
  0.9345254 124.5092 
  0.9121205 123.2734 
  0.8852957 122.0498 
  0.9151065 120.8384 
  0.9393657 120.8384 
  0.908854 119.0438 
  0.9261267 117.8622 
  0.9626014 117.8622 
  0.949336 118.4515 
  0.5186983 117.2759 
  0.4137551 114.3874 
  0.2641577 112.128 
  0.2952778 101.4829 
  0.04539477 108.8223 
  0.1261536 113.8184 
  0.4485797 115.5342 
  -0.1460871 116.6924 
  -0.1583464 117.8622 
  -0.1897791 119.0438 
  -0.3216065 120.2372 
  0.03023121 121.4426 
  0.4512899 122.6601 
  0.4409788 123.8897 
  0.4021648 125.1317 
  0.08126362 126.3862 
  0.131544 127.6532 
  0.07256039 128.2915 
  0.01933343 129.5776 
  0.1875258 130.8766 
  0.09861168 132.1886 
  -0.06199457 133.5138 
  -0.1229111 135.5266 
  -0.05552529 138.2575 
  0.3735324 142.4574 
  0.5921014 138.2575 
  0.8361866 134.1814 
  0.9088933 131.531 
  0.9247156 130.2255 
  0.9558977 127.6532 
  0.9684124 126.3862 
  0.9706671 126.3862 
  0.9858764 127.0181 
  0.9735721 126.3862 
  0.9244644 125.7574 
  0.914363 123.2734 
  0.9518021 122.0498 
  0.9208468 121.4426 
  0.9335486 120.2372 
  0.9032784 119.0438 
  0.5718468 115.5342 
  0.4932579 111.0151 
  0.2371688 110.4628 
  0.2116005 119.0438 
  0.347837 118.4515 
  0.309162 120.2372 
  0.1621119 125.1317 
  0.4827894 127.6532 
  0.07644249 127.6532 
  -0.03416998 127.6532 
  -0.01317124 127.0181 
  -0.0240222 126.3862 
  0.1847146 126.3862 
  0.1861944 126.3862 
  0.2782438 126.3862 
  0.2457834 126.3862 
  -0.1233998 126.3862 
  -0.01741052 126.3862 
  0.01958133 126.3862 
  0.1083661 126.3862 
  -0.1216508 126.3862 
  0.07376886 126.3862 
  0.07513088 126.3862 
  0.101609 126.3862 
  0.08944598 126.3862 
  0.09782495 126.3862 
  0.1091334 126.3862 
  0.04135541 126.3862 ]
