 [
  0.2705688 197.9909 
  0.2900281 197.9909 
  0.2305605 197.9909 
  0.1501523 197.9909 
  0.1497741 197.9909 
  0.199094 197.9909 
  0.1381402 197.9909 
  -0.08849785 197.9909 
  0.06104084 197.9909 
  0.2095657 197.9909 
  0.439047 197.9909 
  0.05986927 197.9909 
  0.365182 197.0059 
  0.7781557 197.9909 
  0.9571789 200.9756 
  0.949145 202.9904 
  0.8972944 204.0054 
  0.7436635 206.0505 
  0.02568826 209.1568 
  -0.2712178 213.3714 
  -0.3722485 217.6709 
  -0.05507852 220.9523 
  -0.05388459 224.2832 
  0.01143475 227.6642 
  0.00293854 231.0963 
  -0.1711254 235.753 
  0.2535871 239.307 
  0.230635 238.1164 
  0.1713511 244.1292 
  0.3537931 255.3373 
  0.845613 264.4093 
  0.9321969 267.06 
  0.9835498 265.7313 
  0.9582435 264.4093 
  0.9128584 259.1866 
  0.241191 259.1866 
  0.4205549 259.1866 
  0.3773847 259.1866 
  0.7618037 259.1866 
  -0.03262969 259.1866 
  -0.03330475 259.1866 
  0.261254 260.4825 
  0.27816 257.8971 
  0.3014827 252.8029 
  0.2146724 241.7061 
  0.8072278 233.4131 
  0.9588916 229.9466 
  0.9766709 227.6642 
  0.9752685 224.2832 
  0.9728057 220.9523 
  0.9345253 214.4382 
  0.9141356 209.1568 
  0.9291711 204.0054 
  0.9201146 199.9758 
  0.9170448 195.0505 
  0.9166057 190.2465 
  0.9367945 187.4211 
  0.9926291 186.4887 
  0.9929688 184.6377 
  0.9731845 182.8051 
  0.8809043 181.8956 
  0.871352 181.8956 
  0.9210711 180.9906 
  0.9773815 179.1942 
  0.9888559 178.3027 
  0.9628714 176.533 
  0.9420509 174.7808 
  0.9573189 173.046 
  0.968309 170.476 
  0.9788013 169.6279 
  0.991019 169.6279 
  0.9914918 170.476 
  0.9843608 172.185 
  0.9568793 173.9112 
  0.9629391 173.046 
  0.9747767 173.046 
  0.9930373 172.185 
  0.9943691 173.046 
  0.9845228 173.9112 
  0.9826113 174.7808 
  0.979533 175.6547 
  0.985872 176.533 
  0.9916624 178.3027 
  0.9727428 180.0902 
  0.9435696 182.8051 
  0.9187245 184.6377 
  0.9012988 189.3 
  0.9136569 194.0801 
  0.9544232 198.9809 
  0.9861484 201.9805 
  0.9542252 201.9805 
  0.9238745 200.9756 
  0.9500294 200.9756 
  0.9744317 200.9756 
  0.912088 200.9756 
  0.2712139 200.9756 
  0.2914736 200.9756 
  0.2045223 200.9756 
  0.2200143 199.9758 
  0.218648 197.9909 
  0.1627608 196.0257 
  0.09975728 193.1145 
  0.5284611 191.1978 
  0.8136897 191.1978 
  0.8979835 195.0505 
  0.8951175 195.0505 
  0.8234483 189.3 
  0.7893299 182.8051 
  0.9048625 178.3027 
  0.9890778 176.533 
  0.9930168 175.6547 
  0.9932154 175.6547 
  0.9952095 174.7808 
  0.9897075 174.7808 
  0.9841568 174.7808 
  0.963328 173.9112 
  0.9444853 173.046 
  0.8744744 172.185 
  0.9666557 174.7808 
  0.9925526 177.4156 
  0.9631618 180.0902 
  0.8854958 182.8051 
  0.3836045 185.5609 
  0.1663164 188.3582 
  0.3081087 190.2465 
  0.01859545 192.1537 
  0.001498792 193.1145 
  -0.006955686 194.0801 
  0.2437287 195.0505 
  0.3018578 196.0257 
  0.5010031 197.0059 
  0.732864 197.9909 
  0.6980782 198.9809 
  0.7548143 199.9758 
  0.07682572 200.9756 
  0.06651571 201.9805 
  0.2022234 202.9904 
  0.0182185 204.0054 
  -0.0830976 205.0254 
  0.1091037 204.0054 
  0.289441 200.9756 
  0.5807506 195.0505 
  0.7339809 190.2465 
  0.844053 186.4887 
  0.8369131 184.6377 
  0.9345881 182.8051 
  0.9640617 180.9906 
  0.9908013 178.3027 
  0.9879587 176.533 
  0.9847227 174.7808 
  0.96038 173.9112 
  0.7667701 173.046 
  0.250115 172.185 
  0.01917597 170.476 
  0.06345414 168.784 
  0.09560644 167.1087 
  0.5748377 165.4501 
  0.6899631 164.6269 
  0.6390904 165.4501 
  0.7117812 169.6279 
  0.8406081 176.533 
  0.8653046 181.8956 
  0.9137047 180.9906 
  0.9691539 179.1942 
  0.9874619 178.3027 
  0.9895484 178.3027 
  0.9910526 178.3027 
  0.9942263 178.3027 
  0.9961004 178.3027 
  0.9930667 177.4156 
  0.9932898 177.4156 
  0.993483 177.4156 
  0.9933821 178.3027 
  0.9924451 178.3027 
  0.9919251 178.3027 
  0.9933657 178.3027 
  0.9872528 178.3027 
  0.9767261 177.4156 
  0.9590282 175.6547 
  0.8678301 175.6547 
  0.784598 175.6547 
  0.3333938 175.6547 
  0.1240527 175.6547 
  0.2333763 175.6547 
  0.160831 175.6547 
  -0.0688878 175.6547 
  -0.03992529 176.533 
  0.3443136 177.4156 
  0.7346709 178.3027 
  0.7466512 175.6547 
  0.8433275 171.3284 
  0.89389 167.9442 
  0.9042016 164.6269 
  0.9717416 162.182 
  0.9765667 159.7734 
  0.9796689 158.1876 
  0.9852207 156.6175 
  0.9942932 155.063 
  0.9816185 154.2915 
  0.9619314 153.5239 
  0.8558202 152.7601 
  0.5301819 152.7601 
  0.2695483 152.7601 
  0.2352543 152.7601 
  -0.184004 152.0001 
  -0.2092148 151.2439 
  0.1642575 150.4914 
  -0.06040945 149.7427 
  0.05621603 148.9977 
  -0.03109527 148.2564 
  -0.05181187 148.2564 
  -0.2168392 148.2564 
  -0.2564921 148.2564 
  0.1314849 148.2564 
  0.1200387 148.2564 
  0.498518 148.2564 
  0.6846074 148.9977 
  0.9152356 146.7849 
  0.9027162 145.328 
  0.9621781 143.8855 
  0.9826239 143.1697 
  0.9723155 143.1697 
  0.9728952 142.4574 
  0.9862151 141.7487 
  0.9882599 141.7487 
  0.9803714 141.7487 
  0.9758332 141.7487 
  0.9712673 141.7487 
  0.9887183 141.7487 
  0.9864106 142.4574 
  0.9732245 142.4574 
  0.9191874 143.1697 
  0.8490279 144.605 
  0.8509751 145.328 
  0.9157482 145.328 
  0.794095 145.328 
  0.4770416 145.328 
  0.1819298 145.328 
  0.02247862 145.328 
  -0.1251833 145.328 
  -0.1631241 145.328 
  -0.1450208 145.328 
  -0.05634874 145.328 
  0.1443597 145.328 
  0.1932817 145.328 
  0.1876392 145.328 
  0.04703689 145.328 
  0.116722 145.328 
  0.1039935 145.328 
  0.08526717 145.328 
  0.006881967 145.328 
  -0.1328163 145.328 
  -0.1247472 145.328 
  -0.1463701 145.328 
  -0.2701617 145.328 
  -0.1059274 145.328 
  0.08100334 145.328 
  0.2269901 145.328 
  0.07630986 145.328 
  -0.1016425 145.328 
  0.006112766 145.328 
  -0.01464362 145.328 
  -0.1954184 145.328 
  -0.1826127 145.328 
  -0.122068 145.328 
  -0.09980235 145.328 ]
