 [
  -0.1803089 122.6601 
  -0.01008181 122.6601 
  0.03124236 122.6601 
  0.03365969 122.6601 
  -0.247326 122.6601 
  -0.2157245 122.6601 
  -0.006437583 122.6601 
  0.04253187 122.6601 
  0.2491963 122.6601 
  0.3537085 122.6601 
  0.574796 122.6601 
  0.6139669 122.6601 
  0.5533695 122.6601 
  0.5015433 122.0498 
  0.692683 120.8384 
  0.8280451 121.4426 
  0.8732408 123.2734 
  0.932036 122.6601 
  0.9476334 122.6601 
  0.9611825 123.2734 
  0.9636422 123.8897 
  0.9627536 125.1317 
  0.9765956 127.0181 
  0.9219824 128.9329 
  0.9032603 130.8766 
  0.9401306 133.5138 
  0.8833961 135.5266 
  0.7927284 138.9488 
  0.8578392 143.1697 
  0.953627 146.7849 
  0.9389831 148.2564 
  0.8201199 148.2564 
  0.727741 146.0546 
  0.4011436 146.0546 
  -0.2687216 143.8855 
  -0.1875109 142.4574 
  0.02134301 141.0434 
  0.117139 140.3417 
  0.01614034 139.6435 
  -0.09083144 138.9488 
  0.007892532 138.2575 
  -0.08381779 137.5696 
  0.2642204 136.8852 
  0.1348599 136.2042 
  0.1636768 135.5266 
  0.3763022 135.5266 
  -0.03163131 135.5266 
  0.3536564 135.5266 
  0.2642927 135.5266 
  0.3332425 135.5266 
  0.4350407 136.2042 
  0.3616559 136.8852 
  0.1705039 138.2575 
  0.1086615 135.5266 
  0.4668739 136.2042 
  0.77712 135.5266 
  0.9328753 134.8523 
  0.8538268 130.8766 
  0.7574071 127.0181 
  0.6241166 123.8897 
  0.04019583 121.4426 
  -0.1771244 123.8897 
  0.1087674 125.7574 
  0.3363202 127.6532 
  0.2422244 129.5776 
  0.155929 131.531 
  0.7603911 133.5138 
  0.8439306 131.531 
  0.898187 128.2915 
  0.9529681 127.0181 
  0.9824722 126.3862 
  0.9823194 126.3862 
  0.9322507 127.6532 
  0.8801057 132.1886 
  0.907656 135.5266 
  0.94908 137.5696 
  0.9287388 138.2575 
  0.861284 138.9488 
  0.9018892 136.2042 
  0.8870912 136.2042 
  0.7430315 137.5696 
  0.6018156 140.3417 
  -0.05989707 143.1697 
  0.1768702 146.0546 
  0.09862222 148.9977 
  0.1118312 151.2439 
  -0.02178023 152.7601 
  0.1091434 154.2915 
  0.1061104 155.8383 
  0.5127288 158.1876 
  0.5410721 149.7427 
  0.67299 144.605 
  0.8203183 143.1697 
  0.8356377 138.9488 
  0.2965965 135.5266 
  -0.138367 134.8523 
  0.1226978 134.1814 
  0.2376866 133.5138 
  0.2507857 132.8496 
  0.1585584 132.8496 
  0.06196971 133.5138 
  0.1677276 134.1814 
  0.1784142 133.5138 
  0.3011465 133.5138 
  0.2056167 133.5138 
  0.2342075 135.5266 
  0.4770703 138.9488 
  0.7048103 137.5696 
  0.7868526 134.8523 
  0.9281141 132.1886 
  0.9677727 130.8766 
  0.9690069 130.8766 
  0.9626433 131.531 
  0.9801434 132.1886 
  0.9762567 130.8766 
  0.9862852 129.5776 
  0.988409 128.2915 
  0.9932289 127.6532 
  0.9895525 127.0181 
  0.9861437 127.0181 
  0.9793816 127.0181 
  0.9518955 128.2915 
  0.9355763 127.6532 
  0.9379103 128.9329 
  0.9528251 128.9329 
  0.9146423 130.2255 
  0.887106 130.8766 
  0.9341391 132.8496 
  0.9458286 134.8523 
  0.9171717 132.8496 
  0.906969 132.1886 
  0.8700032 131.531 
  0.8946491 130.2255 
  0.5055766 132.8496 
  0.08911488 136.2042 
  0.03173963 139.6435 
  -0.2106 143.1697 
  0.01304122 146.7849 
  0.1978274 152.0001 
  0.2770002 152.7601 
  0.2525966 149.7427 
  0.2076201 139.6435 
  0.1199083 129.5776 
  0.5624056 120.8384 
  0.9125054 120.8384 
  0.885381 120.8384 
  0.8971879 121.4426 
  0.7996656 122.6601 
  0.3907182 127.0181 
  0.5478757 134.1814 
  0.522154 136.8852 
  0.3920535 137.5696 
  -0.1285479 136.8852 
  -0.1138673 135.5266 
  -0.1145748 133.5138 
  -0.166014 131.531 
  -0.1931692 129.5776 
  0.06724957 127.6532 
  0.7510016 126.3862 
  0.901178 126.3862 
  0.918704 128.2915 
  0.9601035 129.5776 
  0.9841017 130.2255 
  0.9805491 130.8766 
  0.9616842 132.1886 
  0.9455734 132.8496 
  0.8983396 132.1886 
  0.8716762 130.8766 
  -0.04333244 131.531 
  -0.3302481 133.5138 
  0.2492644 134.8523 
  0.0144902 136.8852 
  0.01528137 138.2575 
  -0.03225017 140.3417 
  -0.1448191 141.7487 
  0.1939045 143.8855 
  0.2541426 146.0546 
  0.154407 147.5188 
  0.05618415 149.7427 
  0.6289249 152.0001 
  0.7229344 148.2564 
  0.8460416 145.328 
  0.9205496 141.7487 
  0.9205593 137.5696 
  0.9266287 133.5138 
  0.9677219 130.2255 
  0.9594144 128.2915 
  0.9290031 127.0181 
  0.8004612 127.0181 
  0.7251899 127.6532 
  0.03657191 128.2915 
  0.003027674 129.5776 
  0.08763064 130.8766 
  0.2249032 131.531 
  0.1152221 132.8496 
  0.2552225 133.5138 
  0.1253418 134.8523 
  0.2151835 135.5266 
  0.1042144 136.2042 
  -0.04250033 137.5696 
  -0.03981189 138.9488 
  -0.07924543 140.3417 
  -0.07824627 141.7487 
  0.01676741 142.4574 
  0.007722294 143.1697 
  -0.1449516 143.8855 
  -0.03405356 144.605 
  0.5875096 144.605 
  0.78466 141.7487 
  0.9163201 139.6435 
  0.972537 137.5696 
  0.9894855 136.8852 
  0.9940323 136.2042 
  0.9909301 136.2042 
  0.9956675 135.5266 
  0.9933411 134.8523 
  0.9911257 133.5138 
  0.994603 132.8496 
  0.9937886 131.531 
  0.9968948 130.8766 
  0.9985912 130.8766 
  0.9966254 130.2255 
  0.9928275 131.531 
  0.9908689 131.531 
  0.968302 132.1886 
  0.9519568 132.8496 
  0.9659309 134.1814 
  0.9931904 134.8523 
  0.9842075 134.8523 
  0.9607362 132.8496 
  0.9451401 130.2255 
  0.974609 128.2915 
  0.9905648 127.6532 
  0.9787471 127.6532 
  0.9563906 127.0181 
  0.8385543 127.6532 
  0.7508497 129.5776 
  0.8063134 132.1886 
  0.9227889 134.8523 
  0.9395016 136.8852 
  0.9652283 136.8852 
  0.8922895 136.2042 
  0.8693389 134.1814 
  0.7322023 132.8496 
  0.9844175 135.5266 
  0.9897467 137.5696 
  0.9045945 139.6435 
  0.9124212 139.6435 
  0.9358442 138.9488 
  0.9104164 136.8852 
  0.8157067 134.8523 
  0.6178696 132.1886 
  0.2740829 132.1886 
  0.7500301 132.1886 
  0.3635338 132.1886 
  -0.2079117 132.1886 
  0.2725346 132.1886 
  -0.1662363 132.1886 
  -0.06254347 132.8496 
  -0.1341723 133.5138 
  0.0973773 134.1814 
  0.3715207 134.8523 
  0.6788406 130.2255 
  0.7310598 123.8897 
  0.8849109 120.2372 
  0.9753534 119.0438 
  0.9127876 120.8384 
  0.9466684 121.4426 
  0.9554656 122.0498 
  0.9888181 121.4426 
  0.9749202 120.8384 
  0.9719616 120.2372 
  0.9729875 119.0438 
  0.9553297 118.4515 
  0.9664211 117.2759 
  0.9744371 117.2759 
  0.9886224 117.2759 
  0.9884883 117.8622 
  0.9752233 118.4515 
  0.9743975 119.639 
  0.9677999 120.2372 
  0.9865882 120.8384 
  0.9759687 121.4426 
  0.9337392 122.0498 
  0.8828747 122.0498 
  0.9259996 120.8384 
  0.884891 120.2372 
  0.7895551 120.2372 
  0.5586997 120.8384 
  0.2232687 121.4426 
  0.07433511 122.0498 
  0.2088453 122.6601 
  -0.04888918 123.2734 
  -0.08785902 123.8897 
  0.04959993 124.5092 
  0.1194011 125.1317 
  0.06904718 125.7574 
  -0.08474781 126.3862 
  -0.2629795 127.0181 
  -0.2086305 127.6532 
  0.1488515 128.2915 
  0.249353 128.9329 
  0.4315173 129.5776 
  0.3724741 130.2255 
  0.3854369 130.8766 
  0.2883501 131.531 
  -0.1125687 132.1886 
  -0.1466877 132.8496 
  0.6041926 133.5138 
  0.4702064 133.5138 
  0.3973352 132.1886 
  0.6792569 127.0181 
  0.8083076 127.6532 
  0.9020478 127.0181 
  0.9690059 124.5092 
  0.953979 123.2734 
  0.8899177 121.4426 
  0.8181585 118.4515 
  0.8025305 113.8184 
  0.9265289 111.0151 
  0.9451375 109.3664 
  0.9394745 108.2809 
  0.9246773 108.2809 
  0.9312064 108.8223 
  0.9334151 109.9132 
  0.9222047 111.5702 
  0.9128051 113.8184 
  0.8612214 117.2759 
  0.7135118 123.2734 
  0.8010345 123.2734 
  0.8975797 122.6601 
  0.9900588 122.0498 
  0.9952546 122.0498 
  0.993812 122.0498 
  0.9947989 122.6601 
  0.9953644 122.6601 
  0.9956371 122.0498 
  0.9927223 122.0498 
  0.9923394 122.0498 
  0.9889163 122.0498 
  0.9874128 122.6601 
  0.9784841 123.2734 
  0.9551824 125.1317 
  0.9574354 126.3862 
  0.9555924 127.6532 
  0.9650804 128.9329 
  0.9702629 128.9329 
  0.9805706 129.5776 
  0.9842685 128.9329 
  0.9340229 128.2915 
  0.8898737 128.2915 
  0.8277766 127.6532 
  0.9743756 127.6532 
  0.9122619 126.3862 
  0.8599829 125.7574 
  0.708417 125.7574 
  0.5156475 126.3862 
  -0.0107203 127.0181 
  -0.02120752 127.6532 
  -0.1900977 128.2915 
  0.6440772 127.6532 
  0.5745401 121.4426 
  0.7391317 119.0438 
  0.8900689 116.1118 
  0.8509213 113.2521 
  0.8260188 110.4628 
  0.8336924 107.7421 
  0.930384 106.6728 
  0.8556406 108.2809 
  0.8824601 109.9132 
  0.8490053 112.128 
  0.8996816 114.3874 
  0.9161243 114.3874 
  0.948401 113.2521 
  0.9739896 112.6886 
  0.9699062 112.6886 
  0.9487886 111.5702 
  0.9781557 111.0151 
  0.980423 110.4628 
  0.9659199 109.9132 
  0.9819001 109.3664 
  0.9868312 108.8223 
  0.9535224 107.7421 
  0.9685333 106.6728 
  0.965788 105.614 
  0.9733753 105.0885 
  0.9835817 104.5657 
  0.9734865 104.0455 
  0.9825127 104.0455 
  0.9822477 103.5278 
  0.9837287 103.5278 
  0.9428346 103.0128 
  0.9314346 102.5003 
  0.9628962 101.9903 
  0.9546637 101.9903 
  0.9596658 102.5003 
  0.9103258 103.0128 
  0.8362395 102.5003 
  0.6635293 101.9903 
  0.6170722 101.9903 
  0.3468593 101.9903 
  0.6866017 101.9903 
  0.5246077 101.9903 
  0.1147477 101.9903 
  0.04561571 101.9903 
  -0.1293056 101.9903 
  0.1830288 101.9903 
  0.3692413 101.9903 
  0.2831862 101.9903 
  0.05332124 101.9903 
  -0.2024211 101.9903 
  -0.3982078 101.9903 
  -0.268488 101.9903 
  -0.1492941 101.9903 
  -0.1440857 101.9903 
  -0.06165361 101.9903 
  -0.0811836 101.9903 
  0.04948019 101.9903 
  0.02054083 101.9903 
  0.001492192 101.9903 
  0.01917083 101.9903 
  0.1594669 101.9903 
  0.2109097 101.9903 
  -0.06293785 101.9903 
  -0.008249166 101.9903 
  -0.1081861 101.9903 
  0.004133436 101.9903 
  0.009622914 101.9903 
  -0.09750849 101.9903 
  -0.150548 101.9903 
  0.206884 101.9903 
  0.1460032 101.9903 
  -0.05573002 101.9903 
  0.02506599 101.9903 
  -0.01114553 101.9903 ]
