 [
  -0.1751747 87.8167 
  0.1717116 87.8167 
  -0.05899744 87.8167 
  -0.05320523 87.8167 
  -0.2366067 87.8167 
  -0.1283222 87.8167 
  -0.02556572 87.8167 
  0.006403078 87.8167 
  0.1118311 87.8167 
  0.1008136 87.8167 
  0.02295835 87.8167 
  0.1264787 87.8167 
  0.2254938 87.8167 
  0.1201677 87.8167 
  0.3541852 87.8167 
  0.2935534 87.8167 
  0.4753496 88.25578 
  0.5203084 89.14054 
  0.9503163 90.03418 
  0.9049014 90.93677 
  0.8301369 91.84841 
  0.7596322 93.23304 
  0.5424843 94.63854 
  0.3805076 96.06523 
  0.1494713 98.00098 
  -0.09732598 100.4756 
  -0.2078836 103.0128 
  0.4019094 106.142 
  0.6456053 111.0151 
  0.8279008 112.6886 
  0.7931886 112.128 
  0.7935589 111.0151 
  0.8408576 110.4628 
  0.9133442 112.128 
  0.9118554 114.3874 
  0.8299895 116.6924 
  0.9536899 119.639 
  0.9526656 121.4426 
  0.9786878 122.6601 
  0.9813651 124.5092 
  0.9756745 125.7574 
  0.9883411 126.3862 
  0.9358605 127.0181 
  0.8972564 127.0181 
  0.8591215 128.2915 
  0.978986 130.8766 
  0.949916 134.1814 
  0.7941337 141.0434 
  0.8739704 145.328 
  0.9103464 147.5188 
  0.9616264 149.7427 
  0.9780179 151.2439 
  0.9861545 152.0001 
  0.8510878 148.9977 
  0.6598241 146.0546 
  0.6969501 140.3417 
  0.7357918 135.5266 
  0.232804 131.531 
  0.1231718 128.2915 
  0.2923291 125.7574 
  0.343739 123.2734 
  0.3699257 121.4426 
  0.4283841 120.2372 
  0.3049842 118.4515 
  0.3658168 117.2759 
  0.29754 117.2759 
  -0.05377569 123.8897 
  0.1374716 130.8766 
  0.5415015 132.8496 
  0.6498885 139.6435 
  0.7538906 141.0434 
  0.5971101 138.2575 
  0.9232396 134.1814 
  0.9712934 133.5138 
  0.8771649 131.531 
  0.8199318 128.9329 
  0.8341222 125.7574 
  0.7997202 122.6601 
  0.8462915 119.639 
  0.8581981 117.8622 
  0.8466772 115.5342 
  0.7790004 113.2521 
  0.8213648 111.0151 
  0.8740118 108.8223 
  0.9071993 107.7421 
  0.905284 107.2061 
  0.9399165 107.7421 
  0.9922619 108.2809 
  0.9958075 108.2809 
  0.9932734 108.2809 
  0.9945222 108.8223 
  0.9783373 108.8223 
  0.8004858 108.2809 
  0.444468 108.8223 
  0.1125198 109.3664 
  0.3600689 109.3664 
  0.2880547 109.3664 
  0.015658 109.3664 
  0.2900837 108.8223 
  0.1598737 108.8223 
  -0.2112982 108.8223 
  -0.2287641 108.8223 
  -0.2432753 108.8223 
  0.0302559 108.8223 
  0.008362164 108.8223 
  0.2652619 108.8223 
  0.2565144 109.9132 
  0.5887398 111.0151 
  0.8030359 111.5702 
  0.7426521 109.3664 
  0.706312 106.142 
  0.8597085 103.5278 
  0.9306227 101.4829 
  0.9330877 99.97575 
  0.8202016 99.47836 
  0.828308 99.47836 
  0.8789988 98.491 
  0.938373 97.51342 
  0.9313072 96.54556 
  0.8590525 95.11173 
  0.914619 94.63854 
  0.8942244 94.1677 
  0.8750267 93.23304 
  0.8603047 92.30766 
  0.8459036 91.84841 
  0.7021599 92.30766 
  0.6194323 91.39146 
  0.0412751 92.30766 
  0.135918 93.23304 
  -0.1625264 94.63854 
  -0.3432689 96.54556 
  -0.348709 98.491 
  -0.3458019 100.4756 
  -0.4674845 102.5003 
  0.2065924 104.5657 
  0.6750677 106.142 
  0.7395798 104.0455 
  0.8465849 103.5278 
  0.9182734 103.5278 
  0.8809983 104.0455 
  0.8432916 105.614 
  0.8707242 105.614 
  0.9105186 106.142 
  0.9432284 106.142 
  0.929456 106.142 
  0.8175397 107.2061 
  0.8508618 108.8223 
  0.9547634 109.3664 
  0.7963495 109.3664 
  0.5039378 109.3664 
  0.2499728 119.639 
  0.2018276 122.0498 
  -0.09051652 122.6601 
  -0.1636007 122.6601 
  -0.1002695 122.0498 
  -0.1411575 122.0498 
  0.02425527 122.0498 
  0.03357011 122.0498 
  -0.01890175 122.0498 
  0.06764363 122.0498 
  0.06364024 122.0498 
  0.01894618 122.0498 
  -0.01394529 122.0498 
  -0.09618489 122.0498 
  -0.08763243 122.0498 
  -0.03632542 122.0498 
  0.03879082 122.0498 
  -0.008573893 122.6601 
  0.02586312 123.2734 
  0.03840094 123.2734 
  -0.1286544 123.2734 
  0.08731198 123.2734 
  -0.003176427 123.2734 
  0.01890801 123.2734 
  0.01168256 123.2734 
  0.5033626 122.6601 
  0.3883542 111.0151 
  0.6015803 112.6886 
  0.6344799 112.128 
  0.5787084 108.2809 
  0.9140775 105.0885 
  0.8181008 104.0455 
  0.7999625 101.9903 
  0.8812044 100.978 
  0.9124466 99.97575 
  0.9069104 98.98344 
  0.8768952 98.00098 
  0.7317123 97.02828 
  0.4946049 95.5873 
  0.4257452 88.69706 
  0.5263181 86.94508 
  0.5232832 85.2277 
  0.6133582 85.2277 
  0.7470052 84.38177 
  0.8561156 83.96195 
  0.8069989 83.96195 
  0.6156689 81.4866 
  0.7996568 80.27641 
  0.5651128 79.47963 
  0.3914334 78.69076 
  0.5784476 78.29926 
  0.6483303 77.90971 
  0.573783 77.5221 
  0.1030626 77.13642 
  -0.07688154 76.75266 
  -0.2631345 76.75266 
  0.04310328 76.75266 
  0.1267886 76.75266 
  0.1764972 76.75266 
  0.1621462 76.75266 
  0.08508669 76.75266 
  0.2799841 76.75266 
  0.2682328 76.75266 
  0.4472425 76.75266 
  0.3002767 76.75266 
  -0.08069099 76.75266 
  -0.3046847 76.75266 
  -0.2657048 76.75266 
  -0.09309147 76.75266 
  0.0264188 76.75266 
  0.08730048 76.75266 
  0.08819221 76.75266 
  0.1796303 76.75266 
  0.1342162 76.75266 
  -0.03706494 76.75266 
  -0.1878377 76.75266 
  -0.2025775 76.75266 
  -0.1225653 76.75266 
  -0.1275737 76.75266 ]
