 [
  0.09664012 216.5879 
  -0.01695743 216.5879 
  0.008052823 216.5879 
  0.1159595 216.5879 
  -0.02730878 216.5879 
  0.07265894 216.5879 
  0.01573996 216.5879 
  0.1400611 216.5879 
  0.06541948 216.5879 
  0.08161682 216.5879 
  0.1259089 216.5879 
  0.1047093 216.5879 
  -0.07352607 216.5879 
  0.1026219 216.5879 
  0.1723308 216.5879 
  0.2367369 216.5879 
  0.3481266 216.5879 
  0.3325077 216.5879 
  0.2631696 216.5879 
  0.185573 216.5879 
  0.3555154 216.5879 
  0.2227839 216.5879 
  0.2636678 216.5879 
  0.2153517 216.5879 
  -0.03136768 216.5879 
  -0.106144 216.5879 
  0.009587724 216.5879 
  0.08049928 216.5879 
  0.08401768 216.5879 
  0.06565408 216.5879 
  -0.1347726 216.5879 
  -0.2183145 216.5879 
  0.05382448 216.5879 
  0.1783965 216.5879 
  0.2539487 216.5879 
  0.1734469 216.5879 
  0.1648982 216.5879 
  0.3721744 216.5879 
  0.386384 216.5879 
  0.2371917 216.5879 
  0.1046264 216.5879 
  0.06576681 216.5879 
  0.05650076 216.5879 
  0.04390989 216.5879 
  -0.02639891 216.5879 
  0.1311246 216.5879 
  0.2068912 216.5879 
  0.1607554 216.5879 
  -0.04341882 216.5879 
  0.01696495 216.5879 
  -0.01661689 216.5879 
  -0.02197226 216.5879 
  -0.03369574 216.5879 
  -0.2419853 216.5879 
  -0.1097564 216.5879 
  -0.4714956 216.5879 
  0.5101283 216.5879 
  0.6740956 209.1568 
  0.8439668 207.0808 
  0.7455295 213.3714 
  0.8606727 225.4046 
  0.9590592 229.9466 
  0.9154999 228.8026 
  0.6646723 228.8026 
  0.3698055 229.9466 
  0.160395 232.2518 
  0.1915646 234.5801 
  -0.0236065 236.9318 
  0.01371657 239.307 
  0.116643 241.7061 
  0.8514148 244.1292 
  0.96221 245.3498 
  0.953233 240.5036 
  0.9534747 234.5801 
  0.9814757 229.9466 
  0.9963619 227.6642 
  0.9969329 227.6642 
  0.9990559 228.8026 
  0.9973691 231.0963 
  0.9864546 232.2518 
  0.9315146 233.4131 
  0.7616835 235.753 
  0.8448277 236.9318 
  0.9517548 238.1164 
  0.9704779 241.7061 
  0.9911135 242.9146 
  0.9904186 241.7061 
  0.9954827 240.5036 
  0.9729592 242.9146 
  0.8854367 246.5766 
  0.9351577 251.5452 
  0.9828849 254.067 
  0.9661912 256.614 
  0.9537705 261.7849 
  0.9146072 268.3953 
  0.8657637 277.9312 
  0.7799335 290.6912 
  0.6686612 305.5572 
  0.7456709 324.4033 
  0.869027 340.9934 
  0.9604049 349.6039 
  0.9804 354.8742 
  0.9015852 351.3519 
  0.7065588 344.4118 
  0.1638351 337.6089 
  0.03175409 330.9402 
  -0.01524541 322.7894 
  -0.03940862 314.8393 
  -0.131632 307.085 
  -0.05181558 299.5217 
  -0.07504435 292.1447 
  -0.06328002 284.9493 
  0.006662318 279.3209 
  -0.2287944 273.8036 
  0.5636909 268.3953 
  0.6695731 263.0938 
  0.09220689 257.8971 
  -0.1316782 252.8029 
  -0.1324288 246.5766 
  0.6708201 240.5036 
  0.8924192 234.5801 
  0.9229715 228.8026 
  0.9413642 223.1673 
  0.9196278 216.5879 
  0.9503393 209.1568 
  0.9729959 202.9904 
  0.9404743 197.9909 
  0.9389364 195.0505 
  0.9285115 193.1145 
  0.8912668 191.1978 
  0.8568615 189.3 
  0.9087203 185.5609 
  0.9502786 182.8051 
  0.9859523 180.9906 
  0.9924966 180.0902 
  0.992524 180.9906 
  0.9849073 181.8956 
  0.9889014 182.8051 
  0.9395962 183.7191 
  0.8685359 184.6377 
  0.5266721 186.4887 
  0.9690189 188.3582 
  0.9373736 189.3 
  0.835722 189.3 
  0.8753093 188.3582 
  0.9672238 188.3582 
  0.9873247 189.3 
  0.9813873 189.3 
  0.9651636 189.3 
  0.9680877 187.4211 
  0.9899206 186.4887 
  0.9972143 185.5609 
  1.000117 184.6377 
  1.000042 184.6377 
  0.9968728 184.6377 
  0.9326241 184.6377 
  0.8332387 187.4211 
  0.6024164 193.1145 
  0.9227984 197.9909 
  0.9621054 200.9756 
  0.9575686 200.9756 
  0.9301311 198.9809 
  0.9052233 197.0059 
  0.7959678 197.0059 
  0.6610158 198.9809 
  0.5393499 202.9904 
  0.6593552 208.1162 
  0.7148914 213.3714 
  0.8404965 218.7592 
  0.9376332 225.4046 
  0.9302621 233.4131 
  0.9646656 236.9318 
  0.9885642 239.307 
  0.9328204 236.9318 
  0.8036698 232.2518 
  0.894453 225.4046 
  0.9802322 223.1673 
  0.9586973 224.2832 
  0.8555454 227.6642 
  0.7868039 234.5801 
  0.8957496 240.5036 
  0.9283752 242.9146 
  0.7945983 241.7061 
  -0.1224633 239.307 
  0.01587648 235.753 
  0.02164257 233.4131 
  0.04819693 231.0963 
  0.1383048 228.8026 
  0.09560833 226.5316 
  0.04043378 224.2832 
  0.146116 222.057 
  0.1218129 219.853 
  0.023956 216.5879 
  0.7605044 212.3098 
  0.8290349 207.0808 
  0.7513461 198.9809 
  0.7084538 189.3 
  0.7924818 181.8956 
  0.8185506 176.533 
  0.6268031 175.6547 
  0.2868806 178.3027 
  0.471044 181.8956 
  0.5009695 185.5609 
  0.8223728 188.3582 
  0.9290491 189.3 
  0.8948037 192.1537 
  0.8741854 196.0257 
  0.9369766 197.0059 
  0.9481645 198.9809 
  0.8637463 201.9805 
  0.7981208 205.0254 
  0.8151203 210.2025 
  0.8503876 215.5104 
  0.8277584 220.9523 
  0.9115636 226.5316 
  0.902959 229.9466 
  0.8935416 235.753 
  0.8943567 244.1292 
  0.8718301 247.8095 
  0.5845026 255.3373 
  0.6389408 261.7849 
  0.4981655 268.3953 
  0.4889005 275.1726 
  0.3858494 282.1211 
  -0.2262828 289.245 
  0.4618212 295.0734 
  0.3956652 295.0734 
  0.55143 298.0316 
  0.6762207 302.5244 
  0.3996506 296.5488 
  0.4995586 289.245 
  0.04509167 280.7175 
  0.04555712 272.4414 
  -0.1554538 265.7313 
  -0.106751 259.1866 
  -0.01512521 252.8029 
  -0.04439263 246.5766 
  -0.07133021 240.5036 
  -0.2483246 234.5801 
  -0.04074236 228.8026 
  -0.07983524 223.1673 
  -0.2024028 217.6709 
  -0.2809778 212.3098 
  -0.2015833 207.0808 
  -0.0184323 201.9805 
  -0.02275777 197.0059 
  -0.0622744 192.1537 
  0.7696323 187.4211 
  0.6891584 180.0902 
  0.7760802 177.4156 
  0.9509352 175.6547 
  0.9395823 174.7808 
  0.6990886 177.4156 
  0.6073943 180.9906 
  0.06734748 185.5609 
  -0.01647512 189.3 
  0.1799548 193.1145 
  0.1701534 197.0059 
  0.1904609 200.9756 
  0.05232665 206.0505 
  -0.004237431 211.2535 
  0.6166912 216.5879 
  0.2901635 222.057 
  0.3823297 227.6642 
  0.5488913 233.4131 
  0.8012701 229.9466 
  0.9575434 227.6642 
  0.995909 225.4046 
  0.9967709 225.4046 
  0.9822673 227.6642 
  0.9778684 229.9466 
  0.9816422 232.2518 
  0.9698933 234.5801 
  0.9834038 235.753 
  0.9900827 235.753 
  0.9814926 233.4131 
  0.9481091 228.8026 
  0.903557 223.1673 
  0.8506263 217.6709 
  0.3862173 212.3098 
  0.05325101 207.0808 
  0.455361 201.9805 
  0.6592639 193.1145 
  0.6378602 185.5609 
  0.6905562 178.3027 
  0.85534 171.3284 
  0.8957256 167.9442 
  0.8717803 165.4501 
  0.7281736 162.9929 
  0.5455689 162.182 
  0.8614536 162.182 
  0.3962526 162.182 
  0.1916886 162.182 
  0.3992723 162.182 
  0.04488626 161.3751 
  0.05775945 160.5723 
  0.06533481 159.7734 
  -0.1518538 158.9785 
  -0.1644413 158.1876 
  -0.2708115 157.4006 
  -0.09591755 157.4006 
  0.1586747 157.4006 
  0.183691 157.4006 
  0.7226956 157.4006 
  0.3322908 154.2915 
  0.422472 153.5239 
  0.2802074 158.9785 
  0.5260523 159.7734 
  0.5368953 161.3751 
  0.3504351 158.9785 
  0.203271 157.4006 
  0.4537416 156.6175 
  0.2560328 156.6175 
  0.2407517 157.4006 
  0.322662 158.9785 
  0.1857661 160.5723 
  0.1516922 160.5723 
  0.1617765 160.5723 
  -0.1252676 160.5723 
  -0.1071433 160.5723 
  -0.6153912 160.5723 
  -0.1184146 160.5723 
  -0.1751563 160.5723 
  -0.1643901 160.5723 
  -0.2210191 160.5723 
  -0.2449596 160.5723 
  -0.08874653 160.5723 
  -0.06797973 160.5723 
  -0.2241959 160.5723 
  -0.09267154 160.5723 
  -0.1570183 160.5723 
  -0.0684437 160.5723 
  0.09807802 160.5723 
  0.1188828 160.5723 
  0.1262124 160.5723 
  0.1510192 160.5723 
  0.0668125 160.5723 
  -0.004108938 160.5723 
  0.1397938 160.5723 
  0.2005363 160.5723 
  0.3049478 160.5723 
  0.3122879 160.5723 
  0.1651011 160.5723 
  -0.01486657 160.5723 
  0.1729826 160.5723 
  -0.06785215 160.5723 
  -0.2479159 160.5723 
  -0.08115756 160.5723 
  0.0143285 160.5723 
  -0.2397773 160.5723 
  -0.2165319 160.5723 
  -0.1760213 160.5723 
  -0.1530108 160.5723 
  -0.3017544 160.5723 
  -0.08633187 160.5723 
  -0.07497811 160.5723 
  0.09146192 160.5723 
  0.043015 160.5723 
  -0.02798657 160.5723 
  0.104494 160.5723 
  0.1128405 160.5723 
  -0.1035835 160.5723 
  0.02977458 160.5723 
  -0.05564876 160.5723 
  -0.001263931 160.5723 
  -0.1969571 160.5723 
  0.1667018 160.5723 
  0.1710064 160.5723 
  0.1244028 160.5723 
  -0.02305254 160.5723 
  -0.1951656 160.5723 
  -0.1839313 160.5723 ]
