 [
  -0.1998271 88.69706 
  -0.0693137 88.69706 
  -0.009758263 88.69706 
  0.0100688 88.69706 
  0.1051233 88.69706 
  -0.1314518 88.69706 
  -0.6459966 88.69706 
  0.05481887 88.69706 
  0.08900232 88.69706 
  0.2585855 88.69706 
  -0.1463532 88.69706 
  -0.006563812 88.25578 
  0.177149 89.14054 
  0.3839673 80.6778 
  0.3772195 80.6778 
  0.2708168 81.08118 
  0.5535635 88.69706 
  0.4726561 86.0821 
  0.327149 86.0821 
  0.2837981 84.80367 
  -0.04481994 83.12859 
  -0.1609595 81.08118 
  -0.310042 78.69076 
  -0.2113476 76.3708 
  0.2589094 74.48985 
  0.3499922 76.3708 
  0.522605 77.5221 
  0.57819 77.13642 
  0.864094 88.69706 
  0.8395704 89.58624 
  0.8868738 90.03418 
  0.9055039 90.03418 
  0.8930202 89.14054 
  0.7495545 88.25578 
  0.5381129 88.69706 
  0.09582058 90.03418 
  0.3842506 89.58624 
  -0.01719649 88.25578 
  0.3186147 86.0821 
  0.6504891 84.38177 
  0.6269359 86.94508 
  0.8123041 89.14054 
  0.9789609 89.58624 
  0.9816952 89.58624 
  0.8917075 88.69706 
  0.871128 86.51251 
  0.8496211 83.96195 
  0.6810094 84.38177 
  0.7734562 86.0821 
  0.7141685 86.0821 
  0.5586889 86.0821 
  0.3786928 86.51251 
  0.1581473 86.94508 
  -0.08262266 87.3798 
  -0.02933172 87.8167 
  0.09317437 87.8167 
  -0.1716155 88.25578 
  0.2716122 88.25578 
  0.4152709 91.84841 
  0.6191242 90.93677 
  0.6301454 90.03418 
  0.5453367 90.48434 
  0.5815192 93.6992 
  0.8222563 94.1677 
  0.8552332 92.7692 
  0.9581096 91.84841 
  0.949945 91.84841 
  0.8245083 90.48434 
  0.8014421 89.58624 
  0.7954558 90.03418 
  0.7808148 90.48434 
  0.6071706 91.39146 
  0.1905988 91.84841 
  0.1216009 92.30766 
  0.1167343 92.7692 
  0.2170099 94.1677 
  0.5350181 90.48434 
  0.7489046 90.03418 
  0.931711 90.03418 
  0.956351 90.48434 
  0.9873664 90.93677 
  0.9380751 91.84841 
  0.8821695 93.23304 
  0.8899977 95.11173 
  0.8706939 96.54556 
  0.90034 98.00098 
  0.9800344 98.98344 
  0.9856719 98.98344 
  0.9878128 99.47836 
  0.9885532 99.47836 
  0.9798805 98.98344 
  0.9495628 98.00098 
  0.8559096 97.51342 
  0.737252 96.06523 
  0.4744284 93.6992 
  0.6688107 94.1677 
  0.114687 95.11173 
  0.1656801 96.06523 
  -0.1457685 97.02828 
  -0.167786 97.51342 
  0.07987777 97.51342 
  0.5677833 97.51342 
  0.5379333 91.39146 
  0.6974466 92.7692 
  0.8753375 92.7692 
  0.8640848 92.30766 
  0.9065797 90.93677 
  0.9380531 90.03418 
  0.8916286 90.03418 
  0.8686678 91.39146 
  0.6850084 91.84841 
  0.2189083 96.54556 
  0.3124646 101.4829 
  0.141235 106.6728 
  -0.05091863 112.6886 
  0.5216985 119.0438 
  -0.04242686 125.1317 
  0.02357743 131.531 
  0.183492 138.9488 
  0.2023546 146.7849 
  0.3054374 150.4914 
  0.202255 172.185 
  0.3986824 204.0054 
  0.5581595 207.0808 
  0.6622732 202.9904 
  0.6526051 196.0257 
  0.4312905 195.0505 
  0.2624518 196.0257 
  -0.3226356 197.0059 
  -0.4436299 197.0059 
  0.03359983 197.9909 
  0.0121808 197.9909 
  0.01666263 198.9809 
  0.0499835 199.9758 
  0.4884878 201.9805 
  0.4253696 197.0059 
  0.3044823 191.1978 
  0.3806928 181.8956 
  0.4695679 181.8956 
  0.184282 186.4887 
  0.08492272 191.1978 
  0.2399516 195.0505 
  0.07497662 199.9758 
  0.06488839 205.0254 
  -0.04010778 211.2535 
  0.2872245 216.5879 
  -0.05092008 222.057 
  -0.1303378 227.6642 
  0.2709015 238.1164 
  0.3192661 254.067 
  0.2698969 265.7313 
  0.4977446 273.8036 
  0.4913838 287.806 
  0.4942285 296.5488 
  0.739223 299.5217 
  0.6537768 305.5572 
  0.6477028 299.5217 
  0.7063175 298.0316 
  0.5268858 290.6912 
  0.4986897 279.3209 
  -0.0499771 269.7372 
  0.09923587 263.0938 
  0.07530783 256.614 
  0.02395433 250.2938 
  0.2938292 247.8095 
  0.3102151 242.9146 
  0.2487449 239.307 
  0.1277262 234.5801 
  0.1021965 232.2518 
  -0.2589894 229.9466 
  -0.27323 227.6642 
  0.05214998 225.4046 
  -0.01099132 223.1673 
  -0.01051474 220.9523 
  -0.02495931 217.6709 
  -0.246308 213.3714 
  0.4111412 208.1162 
  0.4440453 207.0808 
  0.4694658 208.1162 
  0.04900254 211.2535 
  -0.5259706 216.5879 
  -0.4389338 222.057 
  -0.08782544 227.6642 
  -0.07749798 232.2518 
  -0.0540041 236.9318 
  -0.234412 242.9146 
  0.09086092 249.0485 
  0.2600727 255.3373 
  0.3062103 259.1866 
  0.3232892 268.3953 
  0.3671517 275.1726 
  0.6089568 280.7175 
  0.3770739 284.9493 
  0.4180574 286.3741 
  0.1489832 286.3741 
  0.3534339 289.245 
  -0.01317706 290.6912 
  0.1577442 293.6054 
  0.1170874 295.0734 
  0.10952 296.5488 
  0.2394398 296.5488 
  0.09439802 296.5488 
  0.05490647 296.5488 
  -0.03386789 296.5488 
  -0.1013067 296.5488 
  -0.04685283 296.5488 
  0.1160562 296.5488 ]
