 [
  -0.2927863 165.4501 
  0.07336987 165.4501 
  -0.01617466 165.4501 
  0.221225 165.4501 
  0.2303424 165.4501 
  0.2603393 165.4501 
  0.03064016 165.4501 
  0.03754283 165.4501 
  -0.02844151 165.4501 
  0.1767303 165.4501 
  0.1483485 165.4501 
  0.06925443 165.4501 
  0.1325982 165.4501 
  0.1781707 165.4501 
  -0.1333424 165.4501 
  -0.180169 165.4501 
  -0.2596987 165.4501 
  0.08935325 165.4501 
  0.1508654 165.4501 
  0.1426309 165.4501 
  0.02083706 165.4501 
  -0.04367139 165.4501 
  -0.1649028 165.4501 
  0.6503301 165.4501 
  0.4252587 165.4501 
  0.2355283 162.182 
  0.01778531 158.9785 
  0.0489722 159.7734 
  0.2003216 169.6279 
  0.5015814 180.9906 
  0.8523122 185.5609 
  0.9609889 186.4887 
  0.9789147 183.7191 
  0.9677562 180.9906 
  0.906534 178.3027 
  0.8739591 173.9112 
  0.8799775 168.784 
  0.9180729 165.4501 
  0.8978808 158.9785 
  0.8094357 151.2439 
  0.8095243 145.328 
  0.7761801 141.0434 
  0.8848414 137.5696 
  0.939192 134.8523 
  0.987414 132.1886 
  0.9947932 131.531 
  0.9856862 130.8766 
  0.9865448 129.5776 
  0.9783084 128.2915 
  0.9766423 127.0181 
  0.9922063 126.3862 
  0.9957452 125.7574 
  0.9571839 124.5092 
  0.9029953 123.8897 
  0.725626 123.8897 
  0.49311 125.1317 
  -0.02860229 127.0181 
  0.2555254 129.5776 
  0.1236023 132.1886 
  0.224168 135.5266 
  0.217289 138.9488 
  0.8089541 145.328 
  0.9088802 147.5188 
  0.8999664 148.9977 
  0.8861814 151.2439 
  0.915464 154.2915 
  0.9566296 155.8383 
  0.9289008 158.9785 
  0.9020287 160.5723 
  0.8663131 163.8079 
  0.9294805 167.9442 
  0.945832 167.9442 
  0.8591909 167.9442 
  0.8013326 162.9929 
  0.1348509 157.4006 
  0.1602851 152.7601 
  0.1332844 148.2564 
  0.1264571 143.8855 
  -0.001864359 139.6435 
  0.01539921 134.8523 
  0.03054419 130.8766 
  -0.1721376 126.3862 
  -0.3116304 122.0498 
  -0.1907526 117.8622 
  0.7408808 113.2521 
  0.2090832 116.6924 
  0.5524061 120.2372 
  0.844741 120.2372 
  0.9757205 119.0438 
  0.9766843 118.4515 
  0.9864025 117.8622 
  0.9713445 117.2759 
  0.9571585 116.6924 
  0.9573947 115.5342 
  0.8435342 114.3874 
  0.3025317 115.5342 
  0.1130678 117.8622 
  0.2119904 120.2372 
  0.02602698 122.0498 
  -0.1258136 123.8897 
  0.0377629 125.7574 
  -0.001638809 127.6532 
  -0.09313445 130.2255 
  0.1246429 132.1886 
  0.1194845 134.1814 
  0.1041317 135.5266 
  -0.1559401 136.8852 
  0.04919561 138.2575 
  0.5916091 139.6435 
  0.5655053 136.2042 
  0.7176189 132.8496 
  0.9816415 129.5776 
  0.9656459 127.0181 
  0.9719841 125.1317 
  0.9797903 123.2734 
  0.980067 122.0498 
  0.9607046 121.4426 
  0.9463742 120.2372 
  0.9297181 119.0438 
  0.930987 118.4515 
  0.9565772 119.0438 
  0.9633052 120.2372 
  0.9471184 122.0498 
  0.92843 123.2734 
  0.9193651 125.1317 
  0.9046194 127.6532 
  0.9110353 128.9329 
  0.9362595 129.5776 
  0.9356269 130.2255 
  0.9217069 131.531 
  0.9694 132.1886 
  0.977339 131.531 
  0.986185 131.531 
  0.9766142 131.531 
  0.9527583 132.1886 
  0.9158804 132.1886 
  0.8236983 132.1886 
  0.742512 130.2255 
  -0.1825023 128.9329 
  0.1802357 128.2915 
  0.08216394 127.6532 
  0.1035809 127.0181 
  0.1116287 126.3862 
  -0.01636929 125.1317 
  -0.1584496 124.5092 
  -0.251244 123.8897 
  -0.113908 123.2734 
  -0.01203418 122.6601 
  0.02912829 122.0498 
  -0.0287698 121.4426 
  -0.009779887 120.8384 
  0.1858026 120.2372 
  0.09490681 119.639 
  0.04084646 119.0438 
  0.4944984 117.8622 
  0.4332672 120.2372 
  0.5958806 122.0498 
  0.9384711 120.8384 
  0.9322518 119.639 
  0.897597 119.639 
  0.9502241 119.0438 
  0.9412904 118.4515 
  0.8542743 118.4515 
  0.7107466 119.0438 
  0.3732036 120.2372 
  0.1738602 121.4426 
  0.0765943 122.6601 
  -0.103831 123.8897 
  0.0270879 125.1317 
  0.07124041 126.3862 
  -0.1158968 127.0181 
  -0.08978073 128.2915 
  0.246469 128.9329 
  0.2977113 129.5776 
  0.2229289 129.5776 
  0.1450446 130.8766 
  0.7302829 129.5776 
  0.7582304 127.6532 
  0.7482944 125.1317 
  0.931147 122.6601 
  0.9627247 121.4426 
  0.9483262 120.2372 
  0.9295439 120.2372 
  0.9387861 121.4426 
  0.9731656 122.6601 
  0.9342997 123.2734 
  0.9555019 124.5092 
  0.960638 125.1317 
  0.9034777 125.7574 
  0.803043 125.1317 
  0.3873781 123.8897 
  0.04622466 122.6601 
  0.1944467 121.4426 
  -0.01947992 120.2372 
  0.1912189 119.0438 
  0.1037006 117.8622 
  0.09509 116.6924 
  -0.02862794 115.5342 
  0.06827296 114.3874 
  0.01365309 113.2521 
  0.1334512 112.128 
  0.6095927 111.5702 
  0.7013855 111.5702 
  0.9369468 111.5702 
  0.9352166 111.0151 
  0.910933 109.9132 
  0.870921 109.3664 
  0.8864062 109.3664 
  0.9780576 109.3664 
  0.9359938 109.3664 
  0.9067742 109.3664 
  0.9300402 109.3664 
  0.9324421 109.9132 
  0.9402126 110.4628 
  0.8350236 110.4628 
  0.7539669 110.4628 
  0.6512342 110.4628 ]
