 [
  0.1174629 136.2042 
  0.06031286 136.2042 
  0.0540499 136.2042 
  -0.1607859 136.2042 
  0.1117348 136.2042 
  0.1768108 136.2042 
  -0.07843639 136.2042 
  -0.2012589 136.2042 
  0.001281671 136.2042 
  -0.07709791 136.2042 
  0.2337646 136.2042 
  0.1485945 136.2042 
  -0.116845 136.2042 
  0.0504658 136.2042 
  0.03352302 136.2042 
  0.03576018 136.2042 
  0.003797913 136.2042 
  -0.07867382 136.2042 
  -0.004616922 136.2042 
  -0.04891075 136.2042 
  -0.06147485 136.2042 
  0.05864244 136.2042 
  0.08781261 136.8852 
  -0.06869017 137.5696 
  -0.1104437 138.2575 
  0.01830819 138.9488 
  0.03354089 139.6435 
  0.5526867 146.0546 
  0.7982178 146.7849 
  0.9051871 146.0546 
  0.9463309 142.4574 
  0.9301324 139.6435 
  0.8827763 138.9488 
  0.5688888 138.2575 
  0.9663286 137.5696 
  0.961454 136.8852 
  0.9303765 136.8852 
  0.4319309 136.8852 
  0.0592318 136.8852 
  -0.02776087 136.8852 
  0.7378877 136.8852 
  0.9429988 138.2575 
  0.966908 138.9488 
  0.9795226 140.3417 
  0.9665362 141.7487 
  0.8664131 143.1697 
  0.8948052 143.1697 
  0.9093647 143.1697 
  0.9808344 143.8855 
  0.9610025 145.328 
  0.9496005 146.7849 
  0.9834912 148.2564 
  0.9653411 150.4914 
  0.9682593 152.0001 
  0.9807444 153.5239 
  0.967083 155.063 
  0.9725383 156.6175 
  0.9856082 158.9785 
  0.9825514 158.9785 
  0.9408625 158.1876 
  0.9180167 155.063 
  0.8837031 150.4914 
  0.85252 145.328 
  0.7633666 141.0434 
  0.7181194 138.2575 
  0.7355612 136.8852 
  0.762697 136.8852 
  0.7990767 138.2575 
  0.8875059 140.3417 
  0.9283317 141.7487 
  0.9603578 143.1697 
  0.9759749 144.605 
  0.3980663 146.0546 
  0.5218552 147.5188 
  0.7985272 148.9977 
  0.9466883 149.7427 
  0.9773207 149.7427 
  0.9903598 150.4914 
  0.990554 151.2439 
  0.9866084 152.0001 
  0.9780943 153.5239 
  0.9801895 155.8383 
  0.9834144 157.4006 
  0.9848962 158.9785 
  0.9830544 160.5723 
  0.9824678 162.182 
  0.9874275 163.8079 
  0.9957102 164.6269 
  0.9967397 165.4501 
  0.9931107 165.4501 
  0.9644831 166.2773 
  0.930519 166.2773 
  0.8001522 163.8079 
  0.4962701 162.9929 
  0.815078 164.6269 
  0.8971867 162.182 
  0.94482 158.9785 
  0.9262041 155.8383 
  0.9248849 152.0001 
  0.915917 147.5188 
  0.8966038 143.1697 
  0.9204341 138.9488 
  0.900524 134.8523 
  0.9293028 130.8766 
  0.9674787 127.6532 
  0.8042487 127.6532 
  0.8945048 128.9329 
  0.9424804 128.2915 
  0.953173 126.3862 
  0.9020028 123.8897 
  0.9159409 120.8384 
  0.9260815 118.4515 
  0.5506391 117.8622 
  -0.04885069 119.0438 
  0.1280031 127.0181 
  0.3580872 127.6532 
  0.3929405 127.0181 
  0.3268378 127.6532 
  0.191929 128.2915 
  0.5380853 128.9329 
  0.7169445 129.5776 
  0.7438703 130.2255 
  0.6244794 130.8766 
  0.4742166 131.531 
  0.1447633 132.1886 
  -0.2512189 132.1886 
  -0.4181871 132.1886 
  0.02974259 132.1886 
  0.08066802 132.1886 
  0.03016367 132.1886 
  -0.0209218 132.1886 
  0.07783037 132.1886 
  0.05966014 132.8496 
  0.1106227 133.5138 
  -0.07606919 134.1814 
  -0.05623951 134.8523 
  -0.06182794 135.5266 
  -0.02912011 136.2042 
  -0.3175437 136.8852 
  -0.2980056 137.5696 
  -0.3898001 138.2575 
  -0.06498073 138.2575 
  0.2319385 138.2575 
  0.5313271 136.8852 
  0.7478671 135.5266 
  0.9706437 133.5138 
  0.9737762 133.5138 
  0.980732 132.8496 
  0.97854 132.1886 
  0.9306695 131.531 
  0.9160569 130.2255 
  0.8477282 130.2255 
  0.9821071 130.8766 
  0.9938741 131.531 
  0.9937013 132.1886 
  0.9927326 132.8496 
  0.9954067 133.5138 
  0.9967927 133.5138 
  0.9968893 134.1814 
  0.9980586 134.1814 
  0.9986138 134.1814 
  0.9972243 134.8523 
  0.9950826 135.5266 
  0.6837302 136.2042 
  0.8887827 138.9488 
  0.9471411 138.9488 
  0.9769954 139.6435 
  0.9793843 141.0434 
  0.9839854 141.7487 
  0.986774 143.1697 
  0.9843765 143.8855 
  0.9818636 145.328 
  0.9876777 146.7849 
  0.992125 147.5188 
  0.9914047 148.2564 
  0.9838883 148.2564 
  0.9555007 148.2564 
  0.9057885 148.2564 
  0.8155558 148.9977 
  0.9372182 146.7849 
  0.9912046 146.0546 
  0.9870155 144.605 
  0.9853871 143.1697 
  0.9305304 141.0434 
  0.7750933 137.5696 
  0.8277445 135.5266 
  0.9111016 133.5138 
  0.9234028 131.531 
  0.970347 129.5776 
  0.9827279 128.9329 
  0.9763759 128.2915 
  0.9751391 127.6532 
  0.9810858 126.3862 
  0.9744271 125.7574 
  0.9307643 123.8897 
  0.9025054 121.4426 
  0.9068041 119.639 
  0.8092005 119.639 
  0.4240052 120.2372 
  -0.04343124 120.8384 
  0.04578318 121.4426 
  0.7831093 122.0498 
  0.7868922 122.6601 
  0.7627513 123.2734 
  0.7471979 123.8897 
  0.6164901 124.5092 
  0.286694 125.1317 
  -0.1152155 125.7574 
  -0.01644318 126.3862 
  0.05919264 127.0181 
  -0.008613248 127.6532 
  0.03682907 128.2915 
  0.1037535 128.9329 
  -0.01690678 129.5776 
  0.09322128 130.2255 
  0.07962374 130.8766 
  -0.04432053 131.531 
  0.2330226 132.1886 
  0.1242593 132.8496 
  -0.07849804 133.5138 
  -0.2197067 134.1814 
  0.328195 135.5266 
  -0.01134383 138.9488 
  0.6213499 145.328 
  0.7903844 144.605 
  0.8814679 143.1697 
  0.9379778 141.0434 
  0.9837915 140.3417 
  0.9641773 141.0434 
  0.9660903 142.4574 
  0.9701713 143.8855 
  0.9623598 146.0546 
  0.9694977 146.7849 
  0.9684947 148.2564 
  0.9544644 148.9977 
  0.94096 149.7427 
  0.9129933 148.9977 
  0.9296042 148.9977 
  0.6902637 148.9977 
  0.1652389 148.9977 
  -0.02777939 148.9977 
  0.2551421 148.9977 
  0.1179454 148.9977 
  0.08200494 148.2564 
  -0.1285855 147.5188 
  -0.03840837 146.7849 
  0.3189674 146.0546 
  -0.009125087 145.328 
  0.3797141 137.5696 
  0.6539634 133.5138 
  0.9671344 131.531 
  0.989659 129.5776 
  0.9939944 128.2915 
  0.9892659 127.6532 
  0.9877461 127.0181 
  0.9643262 125.1317 
  0.9544961 123.2734 
  0.9438925 122.0498 
  0.648995 122.0498 
  0.3263991 123.8897 
  -0.1914023 127.0181 
  0.02113888 128.2915 
  0.2630052 128.2915 
  0.2522321 128.9329 
  -0.1589077 130.8766 
  0.003948832 132.8496 
  0.2626296 134.1814 
  0.3398813 135.5266 
  0.4127613 136.8852 
  -0.02824685 136.8852 
  -0.04530013 135.5266 
  -0.01090591 134.8523 
  0.4024018 135.5266 
  0.7220981 135.5266 
  0.1336297 136.8852 
  0.05981425 142.4574 
  0.09949866 144.605 
  0.3023747 137.5696 
  0.4326258 129.5776 
  0.7761093 125.7574 
  0.8092804 124.5092 
  0.9586612 122.6601 
  0.9525105 122.0498 
  0.9225338 122.0498 
  0.9102622 121.4426 
  0.9356685 120.2372 
  0.8462414 120.2372 
  0.6637143 120.8384 
  0.2128962 121.4426 
  0.1760189 122.6601 
  0.1895934 123.8897 
  0.09419222 125.1317 
  -0.03174917 126.3862 
  -0.06521892 127.6532 
  0.05172319 128.9329 
  -0.356102 129.5776 
  0.6364614 130.2255 
  0.7935348 130.2255 
  0.989938 130.2255 
  0.9834164 128.9329 
  0.9266954 128.2915 
  0.7399486 128.2915 
  0.5904283 128.2915 
  0.789609 128.9329 
  0.9200549 128.2915 
  0.9797592 128.2915 
  0.9913849 128.9329 
  0.9908773 129.5776 
  0.919438 130.8766 
  0.7712656 131.531 
  0.8735039 131.531 
  0.9825794 130.8766 
  0.9918188 131.531 
  0.9870813 131.531 
  0.9615301 132.8496 
  0.9521405 134.8523 
  0.9684544 136.2042 
  0.9765661 137.5696 
  0.982547 138.9488 
  0.9853131 139.6435 
  0.9893223 140.3417 
  0.9925708 141.7487 
  0.9910682 141.7487 
  0.9814079 141.7487 
  0.9908072 140.3417 
  0.9906017 139.6435 
  0.9785839 138.9488 
  0.9877875 138.2575 
  0.9882194 137.5696 
  0.9752398 137.5696 
  0.9456329 136.8852 
  0.9218885 135.5266 
  0.9283204 133.5138 
  0.9515425 132.8496 
  0.914178 132.1886 
  0.8117101 130.8766 
  0.8204606 129.5776 
  0.8452492 129.5776 
  0.882813 130.2255 
  0.9066487 131.531 
  0.9239595 132.8496 
  0.9193754 134.8523 
  0.9509602 136.2042 
  0.9658978 137.5696 
  0.971853 137.5696 
  0.9618452 136.8852 
  0.9721173 136.8852 
  0.9603947 136.2042 
  0.9227797 134.8523 
  0.9570203 133.5138 
  0.8874965 131.531 
  0.8213741 129.5776 
  0.7801746 125.1317 
  0.8380077 122.0498 
  0.7640221 121.4426 
  0.8335764 122.0498 
  0.7182263 122.6601 
  0.6616147 125.1317 
  0.8429972 127.6532 
  0.9471269 128.9329 
  0.969502 130.2255 
  0.9635344 130.2255 
  0.9777151 130.8766 
  0.9801313 131.531 
  0.9260189 132.8496 
  0.9669515 134.1814 
  0.95599 133.5138 
  0.9764292 132.8496 
  0.9814327 131.531 
  0.9422982 130.8766 
  0.8465511 128.2915 
  0.5285057 123.8897 
  0.5549216 116.1118 
  0.4078178 112.6886 
  0.6461936 108.2809 
  0.7297056 107.7421 
  0.498731 109.9132 
  0.4232855 113.8184 
  0.2928005 113.2521 
  -0.04412708 113.2521 
  -0.3825682 113.2521 
  0.3972822 113.2521 
  0.6100001 113.2521 
  0.4713963 113.2521 
  0.39083 113.2521 
  0.2590759 113.2521 
  0.06440939 113.2521 
  0.01368878 113.2521 
  -0.05875974 113.2521 
  -0.056033 113.2521 
  -0.002149949 113.2521 
  0.1154874 113.2521 
  0.1257336 113.2521 
  -0.132746 113.2521 
  -0.1306729 113.2521 
  -0.0611574 113.2521 ]
