 [
  0.4024455 259.1866 
  0.1532397 259.1866 
  0.1773992 259.1866 
  -0.03160856 259.1866 
  -0.04010459 259.1866 
  -0.1528449 259.1866 
  -0.1613177 259.1866 
  -0.2205227 259.1866 
  0.09717591 259.1866 
  0.2263849 259.1866 
  0.07444224 259.1866 
  -0.04019019 259.1866 
  0.1054401 259.1866 
  0.8007756 259.1866 
  0.8188491 271.0859 
  0.923605 275.1726 
  0.9846399 276.5485 
  1.001925 276.5485 
  0.9936772 277.9312 
  0.9814261 280.7175 
  0.9670254 284.9493 
  0.963162 290.6912 
  0.9804545 293.6054 
  0.9916528 296.5488 
  0.9973673 296.5488 
  0.9794621 298.0316 
  0.9637715 304.037 
  0.9835675 307.085 
  0.93547 305.5572 
  0.8668695 299.5217 
  0.5074049 296.5488 
  0.2396734 293.6054 
  0.05520354 290.6912 
  -0.05058526 287.806 
  -0.07960702 284.9493 
  -0.03592352 282.1211 
  -0.02826527 279.3209 
  0.02826163 276.5485 
  -0.09278782 273.8036 
  -0.1638148 271.0859 
  -0.0377945 269.7372 
  0.002393165 268.3953 
  0.3650291 267.06 
  0.8381317 265.7313 
  0.8457462 264.4093 
  0.9173474 259.1866 
  0.984162 255.3373 
  0.9863746 252.8029 
  0.9933534 247.8095 
  0.9976244 245.3498 
  1.00022 244.1292 
  0.9999146 242.9146 
  0.9991596 242.9146 
  0.9970618 240.5036 
  0.9705867 238.1164 
  0.9426503 235.753 
  0.8393642 232.2518 
  0.3912415 231.0963 
  0.09330474 229.9466 
  -0.2544852 229.9466 
  -0.2013015 229.9466 
  -0.1468134 229.9466 
  0.3087597 229.9466 
  0.2231487 229.9466 
  0.5072294 227.6642 
  0.8302055 225.4046 
  0.9902966 225.4046 
  0.9995767 225.4046 
  0.9993459 225.4046 
  0.9997391 226.5316 
  0.9993467 227.6642 
  0.9989709 227.6642 
  0.9930514 227.6642 
  0.9747103 226.5316 
  0.9239469 226.5316 
  0.684316 227.6642 
  0.09635045 229.9466 
  -0.2092485 232.2518 
  -0.2217755 234.5801 
  -0.1809813 236.9318 
  -0.04301982 239.307 
  0.08031816 241.7061 
  -0.04251425 244.1292 
  -0.1528352 245.3498 
  -0.08228236 246.5766 
  -0.1496886 247.8095 
  -0.1207958 249.0485 
  -0.1227638 250.2938 
  0.008754109 251.5452 
  0.08136678 252.8029 
  0.4920139 254.067 
  0.6166252 256.614 
  0.8190555 251.5452 
  0.884182 249.0485 
  0.9909673 245.3498 
  0.9889157 242.9146 
  0.9868453 239.307 
  0.9903354 236.9318 
  0.9930143 234.5801 
  0.9974571 232.2518 
  0.9977634 232.2518 
  0.9958757 232.2518 
  0.9968569 233.4131 
  0.9975569 233.4131 
  0.9966703 233.4131 
  0.9967144 233.4131 
  0.9954403 233.4131 
  0.9925954 234.5801 
  0.9954324 235.753 
  0.983107 236.9318 
  0.9548907 236.9318 
  0.9332578 235.753 
  0.7305267 234.5801 
  0.901538 233.4131 
  0.9518906 233.4131 
  0.9691959 233.4131 
  0.9378216 233.4131 
  0.7085762 233.4131 
  0.7824866 233.4131 
  0.8354228 233.4131 
  0.8386251 233.4131 
  0.7700188 233.4131 
  0.6292846 234.5801 
  0.5069603 236.9318 
  0.709717 239.307 
  0.886017 242.9146 
  0.9511108 249.0485 
  0.9741296 255.3373 
  0.9947984 257.8971 
  0.9952945 257.8971 
  0.993349 255.3373 
  0.979242 252.8029 
  0.9551538 249.0485 
  0.8640169 247.8095 
  0.6052893 247.8095 
  0.5033281 249.0485 
  0.3725328 250.2938 
  0.2944353 251.5452 
  0.2224991 252.8029 
  0.004013516 255.3373 
  0.3617109 257.8971 
  0.7809115 260.4825 
  0.9473603 261.7849 
  0.9814627 264.4093 
  0.9971899 265.7313 
  0.9982396 267.06 
  0.9991592 268.3953 
  0.999288 269.7372 
  0.9994032 269.7372 
  0.9990569 269.7372 
  0.9974276 269.7372 
  0.9897363 269.7372 
  0.9706228 267.06 
  0.9077018 264.4093 
  0.592019 264.4093 
  0.5462325 264.4093 
  0.3545582 264.4093 
  0.08343128 264.4093 
  0.1486032 264.4093 
  -0.007002914 264.4093 
  -0.09828615 264.4093 
  -0.07890106 264.4093 
  0.1293711 264.4093 
  -0.2135588 265.7313 
  -0.08840155 267.06 
  -0.07371025 268.3953 
  0.0642138 269.7372 
  -0.022228 271.0859 
  -0.1218657 272.4414 
  -0.002314603 272.4414 
  -0.014734 273.8036 
  -0.08797533 273.8036 
  -0.03753959 273.8036 
  0.3204377 273.8036 
  0.4391141 273.8036 
  0.215221 273.8036 
  0.02440341 273.8036 
  0.1588243 273.8036 
  0.3545364 273.8036 
  0.8788251 275.1726 
  0.95886 275.1726 
  0.9812835 276.5485 
  0.9884388 280.7175 
  0.992842 282.1211 
  0.9923152 280.7175 
  0.9916788 277.9312 
  0.9941101 273.8036 
  0.9953809 271.0859 
  0.9942123 268.3953 
  0.9893135 265.7313 
  0.985587 260.4825 
  0.9792165 255.3373 
  0.9563729 249.0485 
  0.9525062 240.5036 
  0.9674888 233.4131 
  0.9927651 227.6642 
  0.9994857 225.4046 
  0.9994615 225.4046 
  0.998844 225.4046 
  0.9989454 224.2832 
  0.9951224 223.1673 
  0.8750436 222.057 
  0.3643104 217.6709 
  -0.1149352 211.2535 
  0.2033617 206.0505 
  0.4790632 202.9904 
  0.5043862 202.9904 
  -0.06049203 204.0054 
  -0.07671505 205.0254 
  0.7659765 207.0808 
  0.8168821 209.1568 
  0.8754338 211.2535 
  0.4630873 212.3098 
  -0.2888903 213.3714 
  -0.1316419 215.5104 
  -0.1460463 217.6709 
  -0.09081611 219.853 
  -0.0251001 222.057 
  -0.15653 224.2832 
  -0.05092372 226.5316 
  0.08928342 227.6642 
  -0.123665 228.8026 
  0.02082383 229.9466 
  0.119346 231.0963 
  0.2277402 232.2518 
  -0.008240919 233.4131 
  0.06057427 234.5801 
  -0.1260177 235.753 
  -0.1418478 236.9318 
  -0.2081912 238.1164 
  -0.1000717 239.307 
  0.1774641 240.5036 
  0.1940698 241.7061 
  0.413096 244.1292 
  0.6971216 244.1292 
  0.845692 244.1292 
  0.9803423 244.1292 
  0.9935939 242.9146 
  0.9935831 242.9146 
  0.9951214 241.7061 
  0.9935899 240.5036 
  0.9932433 240.5036 
  0.9938884 239.307 
  0.9958358 238.1164 
  0.9863408 236.9318 
  0.9408862 236.9318 
  0.842374 236.9318 
  0.1468598 239.307 
  0.1103427 242.9146 
  0.2980304 246.5766 
  -0.005936946 250.2938 
  0.01605572 252.8029 
  -0.008136343 255.3373 
  -0.1767796 257.8971 
  -0.3382606 260.4825 
  -0.1511109 264.4093 
  0.143204 267.06 
  0.1960309 269.7372 
  0.1324636 272.4414 
  0.04357276 275.1726 
  0.6775463 277.9312 
  0.9095621 271.0859 
  0.9629702 269.7372 
  0.9933241 268.3953 
  0.9925666 265.7313 
  0.9790125 261.7849 
  0.9381897 257.8971 
  0.8878178 250.2938 
  0.6238576 247.8095 
  0.1524941 249.0485 
  -0.007338364 251.5452 
  0.1050084 254.067 
  -0.1079095 256.614 
  -0.1364787 259.1866 
  -0.05079875 261.7849 
  -0.07919882 264.4093 
  -0.2516374 267.06 
  -0.2446147 269.7372 
  0.03142411 272.4414 
  0.0825907 275.1726 
  0.2157065 277.9312 
  0.8928723 282.1211 
  0.960315 280.7175 
  0.9912937 279.3209 
  0.999409 279.3209 
  0.9995811 279.3209 
  0.999199 279.3209 
  1.000132 279.3209 
  0.9974268 277.9312 
  0.9924219 276.5485 
  0.9887745 272.4414 
  0.9530034 268.3953 
  0.8108521 264.4093 
  0.4633187 260.4825 
  0.3529735 279.3209 
  0.3961319 276.5485 
  0.2459441 272.4414 
  0.1062185 246.5766 
  0.3678295 238.1164 
  0.4209587 244.1292 
  0.8107359 252.8029 
  0.9685442 252.8029 
  0.9139295 250.2938 
  0.8605171 242.9146 
  0.8857987 238.1164 
  0.9939622 233.4131 
  0.9963149 232.2518 
  0.994752 232.2518 
  0.9948803 232.2518 
  0.9972042 231.0963 
  0.996979 232.2518 
  0.9970104 232.2518 
  0.9986433 232.2518 
  0.9989085 232.2518 
  0.9988871 233.4131 
  0.9969916 233.4131 
  0.9949423 232.2518 
  0.9796547 231.0963 
  0.9672992 229.9466 
  0.9268828 229.9466 
  0.9971842 229.9466 
  0.9671895 231.0963 
  0.8980728 232.2518 
  0.5633588 234.5801 
  0.1746222 236.9318 
  0.1729701 240.5036 
  0.3431309 244.1292 
  0.2964793 247.8095 
  0.2082167 251.5452 
  0.07484484 255.3373 
  0.06089694 259.1866 
  0.02965029 263.0938 
  -0.04158076 265.7313 
  0.07736316 269.7372 
  0.2722472 273.8036 
  0.601563 277.9312 
  0.9178329 282.1211 
  0.9679118 282.1211 
  0.9946129 282.1211 
  0.9989809 282.1211 
  0.9992604 283.5317 
  0.9921266 282.1211 
  0.9496637 279.3209 
  0.9024083 273.8036 
  0.6706128 263.0938 
  0.2182254 263.0938 
  0.1553536 261.7849 
  0.2779469 259.1866 
  0.4745074 256.614 
  0.61469 255.3373 
  0.08000991 254.067 
  -0.3287694 252.8029 
  -0.2103568 251.5452 
  0.003094875 250.2938 
  -0.08686081 249.0485 
  -0.1715371 247.8095 
  0.1239883 246.5766 
  0.1091222 245.3498 
  0.2024006 244.1292 
  0.2855472 242.9146 
  0.8575095 241.7061 
  0.8486483 235.753 
  0.9311843 232.2518 
  0.9780591 229.9466 
  0.9779966 228.8026 
  0.9800192 225.4046 
  0.9692881 222.057 
  0.9810015 217.6709 
  0.9891509 215.5104 
  0.9959975 213.3714 
  0.9961416 212.3098 
  0.9970412 212.3098 
  0.9984056 212.3098 
  0.9980521 212.3098 
  0.9991955 213.3714 
  0.9996856 214.4382 
  0.9956266 214.4382 
  0.9670821 214.4382 
  0.925922 214.4382 
  0.5816331 216.5879 
  0.7756302 218.7592 
  0.8552159 222.057 
  0.9050152 220.9523 
  0.943528 218.7592 
  0.9919971 216.5879 
  0.9918666 215.5104 
  0.9925251 215.5104 
  0.9961656 214.4382 
  0.9945682 213.3714 
  0.9812236 212.3098 
  0.9552272 211.2535 
  0.9145564 211.2535 
  0.9424431 212.3098 
  0.9574475 212.3098 
  0.9578271 210.2025 
  0.9512471 209.1568 
  0.959797 209.1568 
  0.9096352 211.2535 
  0.8673396 214.4382 
  0.9009041 218.7592 
  0.95784 224.2832 
  0.9659801 229.9466 
  0.9747531 232.2518 
  0.9527106 233.4131 
  0.8922256 232.2518 
  0.7610525 231.0963 
  0.2301348 231.0963 
  -0.09327529 231.0963 
  0.02942998 231.0963 
  -0.1064718 231.0963 
  -0.06745607 231.0963 
  -0.240022 231.0963 
  -0.2033315 231.0963 
  -0.2530774 231.0963 
  -0.1938427 231.0963 
  0.02551159 231.0963 
  0.5388956 229.9466 
  0.3308172 228.8026 
  0.5833015 229.9466 
  0.8901481 228.8026 
  0.9582556 228.8026 
  0.92281 227.6642 
  0.7185773 226.5316 
  0.692504 226.5316 
  0.6004462 226.5316 
  0.5107222 226.5316 
  0.1898281 226.5316 
  0.1207286 226.5316 
  0.4543454 226.5316 
  0.5974185 226.5316 
  0.8247561 224.2832 
  0.8759865 222.057 
  0.9502509 219.853 
  0.9775173 217.6709 
  0.9959329 216.5879 
  0.9914626 217.6709 
  0.9917297 217.6709 
  0.9943295 217.6709 
  0.9915987 217.6709 
  1.000126 217.6709 
  0.9931865 217.6709 
  0.993754 216.5879 
  0.9974068 216.5879 
  0.9839728 214.4382 
  0.9745659 212.3098 
  0.9602169 210.2025 
  0.9693109 207.0808 
  0.9901699 205.0254 
  0.9898375 202.9904 
  0.9850473 201.9805 
  0.9671699 199.9758 
  0.9621959 197.9909 
  0.9863167 197.0059 
  0.9800041 196.0257 
  0.9439036 194.0801 
  0.9116117 191.1978 
  0.4698426 187.4211 
  0.2686885 183.7191 
  0.3881046 181.8956 
  -0.411963 181.8956 
  -0.306596 181.8956 
  -0.1720042 181.8956 
  -0.1635578 181.8956 
  -0.1913061 181.8956 
  -0.2663949 181.8956 
  -0.3444377 181.8956 
  -0.3012538 181.8956 
  -0.2873224 181.8956 
  0.2017091 181.8956 
  0.128206 181.8956 
  0.1325158 181.8956 
  0.1047961 181.8956 
  0.1505421 181.8956 
  -0.1018213 181.8956 
  0.0827239 181.8956 
  -0.06816906 181.8956 
  -0.2905822 181.8956 
  -0.01804613 181.8956 
  -0.03511113 181.8956 
  -0.1073425 181.8956 
  -0.1145434 181.8956 
  -0.1442745 181.8956 
  -0.1862918 181.8956 
  -0.1869753 181.8956 
  0.005092162 181.8956 
  0.2842174 181.8956 
  0.3865093 181.8956 
  0.1303817 181.8956 
  0.03748525 181.8956 
  -0.02220331 181.8956 
  -0.007262764 181.8956 
  0.0902655 181.8956 
  0.2443866 181.8956 
  -0.01876415 181.8956 
  -0.1208445 181.8956 
  -0.02468574 181.8956 
  0.01168531 181.8956 
  0.05220037 181.8956 
  0.1017948 181.8956 
  0.08332434 181.8956 
  -0.1880376 181.8956 
  -0.2325703 181.8956 
  -0.01736827 181.8956 
  0.03999633 181.8956 
  -0.06327482 181.8956 
  -0.0984849 181.8956 
  0.04496954 181.8956 ]
