 [
  0.01194476 135.5266 
  -0.05945734 135.5266 
  -0.09142989 135.5266 
  0.251369 135.5266 
  0.06770961 135.5266 
  0.151188 135.5266 
  0.002125728 135.5266 
  0.09126658 135.5266 
  0.1513265 135.5266 
  -0.1197154 135.5266 
  -0.1717011 135.5266 
  -0.04020046 135.5266 
  -0.02226236 135.5266 
  -0.04603515 135.5266 
  -0.05402433 135.5266 
  0.1120483 134.8523 
  0.4213597 141.0434 
  0.5418289 141.7487 
  0.8301398 141.0434 
  0.4884643 142.4574 
  0.7154862 145.328 
  0.5151364 148.2564 
  0.361421 151.2439 
  0.1428566 154.2915 
  0.01947888 157.4006 
  -0.05007772 160.5723 
  -0.05717444 164.6269 
  0.136334 167.9442 
  0.4509572 172.185 
  0.6378436 155.063 
  0.7946772 155.063 
  0.9763101 155.063 
  0.9814396 156.6175 
  0.980884 158.1876 
  0.9872481 159.7734 
  0.9874201 160.5723 
  0.9899094 161.3751 
  0.9875752 160.5723 
  0.9193175 159.7734 
  0.8475761 158.1876 
  0.4136603 154.2915 
  0.9432743 152.7601 
  0.8238819 151.2439 
  0.8987974 150.4914 
  0.9568172 149.7427 
  0.9910288 149.7427 
  0.9947476 149.7427 
  0.9955269 149.7427 
  0.994243 149.7427 
  0.6506286 150.4914 
  0.8708769 151.2439 
  0.9481177 151.2439 
  0.9868957 151.2439 
  0.9815791 150.4914 
  0.9801402 150.4914 
  0.9845857 148.9977 
  0.9789602 148.2564 
  0.9783313 146.7849 
  0.9520355 144.605 
  0.9756619 142.4574 
  0.9128387 140.3417 
  0.9020663 137.5696 
  0.9548444 134.8523 
  0.973084 134.1814 
  0.9867861 132.8496 
  0.9136509 132.1886 
  0.8603523 132.1886 
  0.6577225 133.5138 
  0.9862959 134.8523 
  0.9910692 136.2042 
  0.9602434 137.5696 
  0.8462833 139.6435 
  0.6358954 141.7487 
  0.4318679 143.8855 
  0.4675474 146.0546 
  0.1868274 148.2564 
  0.02182279 150.4914 
  0.0229732 152.7601 
  -0.006457546 155.063 
  -0.1126648 157.4006 
  -0.06138919 160.5723 
  0.08515833 162.182 
  0.1220504 162.182 
  0.2733474 161.3751 
  0.7673715 160.5723 
  0.7321634 152.7601 
  0.882122 149.7427 
  0.8273914 146.0546 
  0.7990438 142.4574 
  0.8646868 139.6435 
  0.9623366 137.5696 
  0.9943676 136.2042 
  0.9918307 136.2042 
  0.9935316 136.2042 
  0.9862546 136.2042 
  0.9716481 136.8852 
  0.9863409 136.8852 
  0.9840075 136.2042 
  0.9842657 136.2042 
  0.9884877 136.2042 
  0.9899625 135.5266 
  0.9914117 135.5266 
  0.9735018 134.8523 
  0.9464452 134.8523 
  0.9462992 134.1814 
  0.9563132 132.8496 
  0.9765599 131.531 
  0.9825818 130.2255 
  0.9840288 129.5776 
  0.9911256 128.9329 
  0.9928567 128.9329 
  0.9863252 129.5776 
  0.9703608 129.5776 
  0.9225689 128.9329 
  0.8657632 127.6532 
  0.8719435 125.7574 
  0.9342192 124.5092 
  0.9095774 123.2734 
  0.9193481 122.0498 
  0.9428027 120.8384 
  0.3300976 119.639 
  0.3580281 117.8622 
  0.3909563 116.6924 
  0.7055831 120.2372 
  0.9305261 120.2372 
  0.8863693 119.639 
  0.8334004 119.0438 
  0.5359772 117.2759 
  0.283987 119.639 
  0.0833675 122.0498 
  0.2964027 124.5092 
  0.3110249 127.0181 
  -0.2575236 129.5776 
  0.04690669 132.1886 
  0.1492839 134.8523 
  0.07785145 137.5696 
  -0.086199 140.3417 
  -0.09128915 143.1697 
  -0.03664103 146.7849 
  0.06737959 148.9977 
  0.04597189 152.0001 
  0.146947 156.6175 
  0.3845055 158.9785 
  0.3068202 160.5723 
  0.1525523 162.9929 
  0.6411542 164.6269 
  0.5173517 143.8855 
  0.7623715 141.7487 
  0.9735704 141.0434 
  0.9765468 138.9488 
  0.9853024 137.5696 
  0.990893 136.2042 
  0.9872819 135.5266 
  0.9775461 135.5266 
  0.9408239 134.8523 
  0.7641926 134.8523 
  0.6154808 135.5266 
  0.05308991 136.2042 
  -0.02996279 137.5696 
  0.02595319 138.2575 
  0.1157664 138.9488 
  -0.04149706 138.9488 
  -0.2163877 138.2575 
  -0.06112126 137.5696 
  0.02655598 136.8852 
  -0.1059479 136.2042 
  0.1413245 134.8523 
  0.2127556 133.5138 
  0.2388724 132.1886 
  0.03093416 130.8766 
  0.5340844 129.5776 
  0.7286195 128.9329 
  0.9303659 128.2915 
  0.7659678 127.6532 
  0.6115294 124.5092 
  0.8225856 122.0498 
  0.8951207 122.0498 
  0.9635553 123.8897 
  0.9385235 124.5092 
  0.9382716 123.8897 
  0.9201365 122.0498 
  0.7263202 122.6601 
  0.7214887 123.2734 
  0.9178081 121.4426 
  0.9595895 121.4426 
  0.8818937 121.4426 
  0.7916619 121.4426 
  0.7098164 121.4426 
  0.9473803 121.4426 
  0.9561574 122.0498 
  0.8140377 123.2734 
  0.7609544 124.5092 
  0.7402468 126.3862 
  0.3948379 127.6532 
  0.6218563 128.9329 
  0.8522609 128.2915 
  0.8191156 125.7574 
  0.9163378 123.8897 
  0.9662408 123.8897 
  0.9446557 125.1317 
  0.924997 124.5092 
  0.7598296 126.3862 
  0.7732683 126.3862 
  0.8925704 125.1317 
  0.9424199 125.7574 
  0.9389523 124.5092 
  0.9555672 123.8897 
  0.9709919 123.8897 
  0.9789366 123.2734 
  0.9797716 123.8897 
  0.9781049 124.5092 
  0.9937745 123.8897 
  0.9932685 124.5092 
  0.989938 124.5092 
  0.9721803 124.5092 
  0.9356421 124.5092 
  0.8430189 124.5092 
  0.6808427 125.1317 
  0.7942615 125.7574 
  0.7615027 125.7574 
  0.3809199 125.7574 
  -0.02267482 125.7574 
  0.09645699 125.7574 
  0.07682596 125.7574 
  0.07077186 125.7574 
  -0.02809482 125.7574 
  0.1943911 125.7574 
  -0.2912453 125.7574 
  -0.2204585 125.7574 
  -0.1298734 125.7574 
  -0.04549013 125.7574 
  -0.1993992 125.7574 
  -0.18446 125.7574 
  -0.07174022 125.7574 
  0.005490724 125.7574 
  0.05178569 125.7574 
  0.0848736 126.3862 
  0.1410013 127.0181 
  0.1936896 127.6532 
  0.008029098 128.2915 
  0.003755771 128.9329 
  0.06234274 129.5776 
  -0.05048725 129.5776 
  -0.05671884 129.5776 
  -0.04727599 130.2255 
  0.1620098 130.8766 
  0.04234907 131.531 
  -0.09607542 131.531 
  0.06257901 131.531 
  0.0854288 131.531 
  -0.04829698 131.531 
  -0.03175341 131.531 
  0.1151221 131.531 
  -0.06794842 131.531 
  -0.2537298 131.531 
  -0.05371104 131.531 
  0.08543186 131.531 
  0.274011 131.531 
  0.3119044 131.531 
  0.002574912 131.531 
  0.5579311 131.531 
  0.7551991 128.2915 
  0.9662823 127.0181 
  0.9882871 126.3862 
  0.9959828 126.3862 
  0.9877816 126.3862 
  0.9025363 126.3862 
  0.8335354 126.3862 
  0.7625865 126.3862 
  0.9908088 126.3862 
  0.9505292 125.7574 
  0.8319139 125.1317 
  0.7468975 125.1317 
  0.8947301 124.5092 
  0.9274891 123.8897 
  0.9716133 123.8897 
  0.9787078 123.2734 
  0.9430147 123.2734 
  0.8882343 122.6601 
  0.770389 122.6601 
  0.4173009 123.2734 
  0.245263 123.8897 
  0.03072406 124.5092 
  0.004733735 125.1317 
  -0.106779 125.7574 
  -0.0804919 127.0181 
  0.1750261 128.2915 
  0.3615856 128.9329 
  0.2116448 130.2255 
  0.06178387 131.531 
  -0.06594877 132.8496 
  -0.06056915 134.1814 
  0.7241637 136.8852 
  0.7300164 134.8523 
  0.7744285 132.8496 
  0.919486 130.2255 
  0.9591738 128.9329 
  0.978748 128.2915 
  0.9817399 127.6532 
  0.9817095 128.2915 
  0.9871511 128.9329 
  0.9789164 129.5776 
  0.9760144 130.2255 
  0.9691156 130.2255 
  0.9060576 129.5776 
  0.8107767 128.2915 
  0.4071108 125.1317 
  0.9459805 125.7574 
  0.9636418 125.7574 
  0.9778627 126.3862 
  0.9575606 128.2915 
  0.9783517 129.5776 
  0.9507189 129.5776 
  0.8930606 128.2915 
  0.9011182 125.1317 
  0.9314358 123.2734 
  0.9551117 122.6601 
  0.8941956 122.6601 
  0.9307824 122.6601 
  0.9185264 123.2734 
  0.8269615 123.8897 
  0.9117455 124.5092 
  0.9330052 125.1317 
  0.9397526 125.1317 
  0.7439808 122.0498 
  0.8128291 122.0498 
  0.7801024 122.0498 
  0.709352 122.6601 
  -0.03505258 123.8897 
  0.8317218 125.7574 
  0.02957189 127.6532 
  0.1072658 128.9329 
  -0.04286612 130.2255 
  0.03576621 131.531 
  -0.07273088 133.5138 
  -0.08371053 134.8523 
  0.05423021 136.2042 
  0.0436599 137.5696 
  -0.01597336 138.9488 
  0.0005096197 141.0434 
  -0.03811854 143.1697 
  0.008434907 144.605 
  -0.007197872 145.328 
  0.1657797 145.328 
  0.4869702 144.605 
  0.5326544 141.0434 
  0.6485828 136.8852 
  0.9413621 134.1814 
  0.9425751 132.1886 
  0.9553925 130.2255 
  0.9815986 128.9329 
  0.8896487 127.6532 
  0.8548554 125.1317 
  0.8238355 122.0498 
  0.4463683 121.4426 
  0.6077556 120.8384 
  0.3492732 120.2372 
  0.0622592 119.639 
  0.1132235 119.0438 
  -0.1669673 118.4515 
  -0.2635467 117.8622 
  -0.03051995 117.2759 
  -0.01834266 116.6924 
  0.1904561 116.6924 
  0.1322303 116.6924 
  -0.126702 116.6924 
  0.2256885 116.6924 
  0.5818377 115.5342 
  0.2806931 118.4515 
  0.5347714 120.8384 
  0.8722762 120.8384 
  0.9152198 122.0498 
  0.8900974 123.8897 
  0.6457137 123.8897 
  0.06190589 124.5092 
  -0.1472958 125.1317 
  -0.1056593 125.7574 
  0.05798339 126.3862 
  0.0658297 127.0181 
  -0.03283115 127.6532 
  -0.0480073 128.2915 
  0.0674388 128.9329 
  0.01157204 129.5776 
  -0.2163864 130.2255 
  0.5392609 130.8766 
  0.6361004 127.6532 
  0.8124526 126.3862 
  0.9732018 124.5092 
  0.9605051 124.5092 
  0.9533581 123.2734 
  0.9333619 122.0498 
  0.9593861 120.2372 
  0.9869342 119.639 
  0.9778333 119.639 
  0.9493831 119.639 
  0.9389367 120.8384 
  0.8935342 121.4426 
  0.7753775 122.0498 
  0.7314319 122.6601 
  0.3791838 123.2734 
  -0.00322246 123.8897 
  0.3128523 124.5092 
  -0.1689206 125.1317 
  -0.1065518 125.7574 
  -0.1431823 126.3862 
  -0.1306401 127.0181 
  -0.1147195 127.6532 
  0.02086904 128.2915 
  -0.013247 128.9329 
  0.1029429 129.5776 
  0.533861 130.2255 
  0.7657247 130.8766 
  0.9165861 130.2255 
  0.8541006 129.5776 
  0.5851539 128.9329 
  0.03313721 131.531 
  0.4639816 134.1814 
  0.005532937 135.5266 
  0.4358721 135.5266 
  0.2755514 135.5266 
  0.1885878 135.5266 
  0.2114352 136.2042 
  0.2333519 136.8852 
  0.156206 137.5696 
  0.07503846 138.2575 
  0.3117025 138.9488 
  0.05081816 139.6435 
  -0.11993 140.3417 
  0.01743113 141.0434 
  -0.04022561 141.7487 
  -0.07787523 141.7487 
  -0.100203 141.7487 
  -0.1697037 141.7487 
  -0.08094609 141.7487 
  0.07621928 141.7487 
  0.2572918 142.4574 
  0.5536184 142.4574 
  0.7324746 137.5696 
  0.820539 134.1814 
  0.8954993 132.1886 
  0.9474528 130.2255 
  0.9732071 128.9329 
  0.9886155 128.2915 
  0.9484442 127.6532 
  0.9438964 125.7574 
  0.9206021 124.5092 
  0.9178534 123.8897 
  0.9649166 122.6601 
  0.9142967 123.2734 
  0.9266704 123.8897 
  0.9195206 123.2734 
  0.9814986 122.6601 
  0.9704444 122.6601 
  0.9750752 122.6601 
  0.9736381 123.2734 
  0.9770242 123.8897 
  0.9731365 124.5092 
  0.9644122 124.5092 
  0.9738903 124.5092 
  0.9777609 124.5092 
  0.9624055 124.5092 
  0.9452407 124.5092 
  0.9559217 124.5092 
  0.9724606 124.5092 
  0.9764242 124.5092 
  0.9331508 124.5092 
  0.8624795 124.5092 
  0.396296 124.5092 
  0.1393805 124.5092 
  0.2242894 124.5092 
  -0.04591795 124.5092 
  0.2800529 124.5092 
  -0.2274779 124.5092 ]
