 [
  -0.2916746 180.9906 
  -0.3197285 180.9906 
  0.03436669 180.9906 
  0.1144894 180.9906 
  0.1128428 180.9906 
  -0.05451276 180.9906 
  0.1221882 180.9906 
  -0.1114083 180.9906 
  -0.06470975 180.9906 
  0.06739717 180.9906 
  0.05673311 180.9906 
  0.0176445 180.9906 
  -0.07377815 180.9906 
  0.1014517 180.9906 
  0.08309422 180.9906 
  0.2000505 180.9906 
  0.1381979 180.9906 
  0.0583535 180.9906 
  0.08836991 180.9906 
  -0.03964278 180.9906 
  -0.009012375 180.9906 
  0.06387749 180.9906 
  -0.1570167 180.9906 
  0.2761844 180.9906 
  0.4296352 180.9906 
  0.348384 180.9906 
  0.411811 180.0902 
  -0.1660301 179.1942 
  -0.1985437 178.3027 
  -0.1800656 177.4156 
  -0.06896224 175.6547 
  -0.02392413 173.9112 
  -0.03963903 173.046 
  -0.004603812 172.185 
  -0.08351996 170.476 
  0.5034541 168.784 
  0.6572514 173.9112 
  0.8794394 173.046 
  0.9358368 173.046 
  0.9709996 172.185 
  0.9734817 171.3284 
  0.9633094 170.476 
  0.9783884 168.784 
  0.9934844 167.9442 
  0.9857575 167.9442 
  0.9850363 168.784 
  0.9895937 168.784 
  0.9892997 169.6279 
  0.9829544 170.476 
  0.982112 169.6279 
  0.9921768 169.6279 
  0.9752257 169.6279 
  0.9312378 169.6279 
  0.8261029 168.784 
  0.854677 167.9442 
  0.962119 167.9442 
  0.9577929 165.4501 
  0.9446416 163.8079 
  0.9632699 162.9929 
  0.9767788 163.8079 
  0.9859986 165.4501 
  0.9894562 166.2773 
  0.9624864 168.784 
  0.9803233 170.476 
  0.9730918 168.784 
  0.9628134 167.1087 
  0.9255785 163.8079 
  0.9551771 160.5723 
  0.9670013 158.1876 
  0.9503683 155.8383 
  0.9157053 152.0001 
  0.8891444 149.7427 
  0.7257141 148.9977 
  -0.1681811 148.9977 
  0.2135455 149.7427 
  0.1349871 149.7427 
  0.05896554 149.7427 
  -0.07866246 149.7427 
  0.1691144 149.7427 
  0.2218678 149.7427 
  0.1738471 149.7427 
  0.1337042 150.4914 
  0.4294983 151.2439 
  0.7358454 164.6269 
  0.850679 167.1087 
  0.9739442 167.9442 
  0.9618875 167.1087 
  0.9487214 164.6269 
  0.977656 162.9929 
  0.988811 162.9929 
  0.9858459 162.182 
  0.9873232 161.3751 
  0.9702009 160.5723 
  0.9559702 158.9785 
  0.9183229 157.4006 
  0.8471032 154.2915 
  0.8236131 151.2439 
  0.8619006 148.2564 
  0.1443466 146.7849 
  0.3219851 145.328 
  0.2671657 143.8855 
  0.3329007 142.4574 
  -0.1323117 141.0434 
  -0.03599925 139.6435 
  0.01166464 138.2575 
  -0.02502933 136.8852 
  0.1869841 135.5266 
  0.273428 135.5266 
  0.2888969 136.2042 
  0.5438073 138.2575 
  0.3406661 143.1697 
  0.21916 132.1886 
  0.6844175 132.8496 
  0.9559149 133.5138 
  0.8744551 135.5266 
  0.5182179 138.9488 
  0.7028458 150.4914 
  0.9609973 154.2915 
  0.9816903 155.8383 
  0.9840127 157.4006 
  0.9826115 158.1876 
  0.9851488 159.7734 
  0.9511754 161.3751 
  0.9012898 160.5723 
  0.7341588 155.8383 
  0.7778864 152.7601 
  0.7541224 151.2439 
  0.8594429 151.2439 
  0.9312352 152.7601 
  0.9414291 155.063 
  0.9748327 156.6175 
  0.9867265 156.6175 
  0.9723578 155.8383 
  0.901601 153.5239 
  0.8855233 151.2439 
  0.8789983 148.9977 
  0.4950961 147.5188 
  0.6289741 147.5188 
  0.2080522 147.5188 
  0.1009772 147.5188 
  0.1248221 147.5188 
  0.1046257 146.7849 
  0.1327018 146.0546 
  0.1766882 145.328 
  -0.4437245 144.605 
  0.3488056 143.8855 
  0.639531 141.7487 
  0.9373686 139.6435 
  0.9260021 137.5696 
  0.9117627 135.5266 
  0.8252845 134.8523 
  0.4181338 135.5266 
  0.03093758 136.2042 
  0.06461073 136.8852 
  0.123791 138.2575 
  -0.03554839 139.6435 
  -0.03529838 140.3417 
  -0.1088082 141.0434 
  -0.05248204 141.7487 
  0.08396488 142.4574 
  0.1997216 143.1697 
  0.172278 143.8855 
  0.08558029 144.605 
  -0.3205699 145.328 
  0.3296289 149.7427 
  0.6063531 152.7601 
  0.9732935 153.5239 
  0.9506878 151.2439 
  0.9400869 148.2564 
  0.9495822 144.605 
  0.9757199 142.4574 
  0.9818307 140.3417 
  0.9768945 138.9488 
  0.9769896 136.8852 
  0.9685695 136.2042 
  0.9612623 135.5266 
  0.9609361 135.5266 
  0.9441829 136.2042 
  0.9567376 136.2042 
  0.9827237 135.5266 
  0.9505687 133.5138 
  0.9510838 130.8766 
  0.8051939 126.3862 
  0.916151 123.2734 
  0.9712409 123.2734 
  0.9428554 125.1317 
  0.9258091 127.6532 
  0.9082557 131.531 
  0.9021577 136.2042 
  0.9428371 139.6435 
  0.9506419 142.4574 
  0.9390332 144.605 
  0.8872659 145.328 
  0.8865542 150.4914 
  0.9600426 155.8383 
  0.9732329 159.7734 
  0.9781967 162.182 
  0.9830679 163.8079 
  0.9923993 165.4501 
  0.9949768 167.1087 
  0.9978887 168.784 
  0.9996248 168.784 
  0.9985729 168.784 
  0.994786 167.9442 
  0.9900882 166.2773 
  0.9616928 163.8079 
  0.9111155 158.1876 
  0.7935757 148.9977 
  0.2485789 135.5266 
  -0.4187614 122.0498 
  -0.06941637 108.8223 
  0.2246264 98.98344 
  -0.02529236 88.69706 
  0.8606098 75.2366 
  0.8853326 75.61279 
  0.9042875 75.61279 
  0.8873891 75.61279 
  0.8686094 75.2366 
  0.8047064 74.48985 
  0.9068108 73.7505 
  0.958745 73.7505 
  0.9239494 73.01849 
  0.8854736 72.6552 
  0.9378468 71.93407 
  0.9451282 71.22009 
  0.8561944 70.51319 
  0.8284498 69.46598 
  0.8266675 68.43433 
  0.8470426 67.75508 
  0.9000125 67.08258 
  0.9276542 66.41676 
  0.9426894 65.75754 
  0.8752221 65.10486 
  0.9391837 64.45866 
  0.8428313 63.81888 
  0.9334326 63.18545 
  0.973833 62.87109 
  0.9516496 62.5583 
  0.9041756 62.24707 
  0.7202787 61.93738 
  0.5231992 61.62923 
  0.2623997 61.62923 
  0.2953275 62.5583 
  0.05654005 63.81888 
  -0.030468 65.10486 
  -0.2403653 66.41676 
  0.02754428 67.75508 
  -0.2117846 69.12038 
  -0.06607462 70.51319 
  -0.2413086 71.93407 
  -0.1130181 73.38358 
  -0.1034763 74.86229 
  -0.115453 76.3708 
  -0.0430881 77.90971 
  0.01448649 79.08421 
  0.1339007 80.27641 
  0.2469731 81.4866 
  0.31154 82.71502 
  0.1742607 83.96195 
  0.06361168 85.2277 
  -0.1272795 86.51251 
  -0.1607243 87.8167 
  -0.1241697 89.14054 
  0.05589082 90.48434 
  -0.03418837 91.84841 
  -0.2601395 93.6992 
  -0.04865376 95.11173 
  -0.1445013 96.54556 
  0.02535441 98.00098 
  0.2708813 99.97575 
  0.04632968 101.4829 
  -0.2850823 103.5278 
  -0.08788651 105.614 
  0.1677978 107.7421 
  0.3503509 109.3664 
  0.1473115 111.0151 
  0.08838765 112.6886 
  0.01836374 114.9594 
  -0.05822201 117.2759 
  -0.2441337 119.639 
  -0.2412167 122.0498 
  -0.08327463 124.5092 
  -0.01676582 127.0181 
  -0.125531 128.9329 
  0.19982 130.8766 
  -0.2700205 133.5138 
  -0.1438317 136.8852 
  0.5926877 139.6435 
  0.4886174 138.2575 
  0.6498603 135.5266 
  0.8479297 135.5266 
  0.8528833 136.2042 
  0.8183264 135.5266 
  0.7292801 136.2042 
  0.8929067 141.0434 
  0.9026926 145.328 
  0.9655858 148.9977 
  0.9698175 151.2439 
  0.9709619 153.5239 
  0.9776968 155.8383 
  0.9731387 157.4006 
  0.980222 159.7734 
  0.9562425 161.3751 
  0.8498924 164.6269 
  0.8901731 173.046 
  0.9173124 178.3027 
  0.9299446 177.4156 
  0.9422415 176.533 
  0.9687748 176.533 
  0.9631118 176.533 
  0.9347655 173.9112 
  0.9371045 167.9442 
  0.9330413 163.8079 
  0.9163471 160.5723 
  0.7925887 159.7734 
  0.4164164 160.5723 
  0.2067072 162.182 
  0.07586358 164.6269 
  0.001114557 167.1087 
  0.03813924 169.6279 
  0.04104267 172.185 
  -0.08586825 174.7808 
  -0.09705719 177.4156 
  0.09113453 180.0902 
  0.1333646 182.8051 
  -0.02522457 185.5609 
  -0.1356476 188.3582 
  0.3474586 183.7191 
  0.6199514 179.1942 
  0.8923975 176.533 
  0.9216971 173.9112 
  0.951399 173.046 
  0.9489883 171.3284 
  0.9784927 170.476 
  0.9892328 169.6279 
  0.9888858 168.784 
  0.9627929 167.1087 
  0.9394859 165.4501 
  0.9136039 162.182 
  0.8755175 158.9785 
  0.8700082 155.063 
  0.7286538 150.4914 
  0.5613979 146.7849 
  0.5885308 142.4574 
  0.5512021 137.5696 
  0.4208154 131.531 
  0.5018299 134.1814 
  0.5627079 126.3862 
  0.7062782 127.0181 
  0.7640901 128.2915 
  0.8325638 126.3862 
  0.8450366 127.0181 
  0.8586851 127.0181 
  0.8727163 125.7574 
  0.8510412 127.0181 
  0.8927265 127.0181 
  0.884597 126.3862 
  0.9061465 125.7574 
  0.8965741 123.8897 
  0.8350505 120.8384 
  0.7959527 118.4515 
  0.6769475 117.2759 
  -0.1178074 119.0438 
  -0.2154908 120.2372 
  0.2401025 121.4426 
  -0.02559576 122.6601 
  -0.01385293 123.8897 
  0.02370838 125.1317 
  -0.01875106 126.3862 
  -0.09905639 127.6532 
  -0.0003200922 128.9329 
  0.007445994 130.2255 
  0.006020571 131.531 
  0.01705196 133.5138 
  -0.2131947 134.8523 
  -0.1388195 136.2042 
  0.1371282 138.2575 
  0.2873707 140.3417 
  -0.05137592 141.7487 
  0.03415331 143.1697 
  0.04307904 145.328 
  0.01875098 147.5188 
  0.6587659 146.0546 
  0.8616124 146.7849 
  0.9070793 147.5188 
  0.8188595 144.605 
  0.864631 141.7487 
  0.9264724 140.3417 
  0.9453448 138.9488 
  0.9672964 138.2575 
  0.9938502 137.5696 
  0.9925628 137.5696 
  0.9652461 136.8852 
  0.9108957 136.2042 
  0.8193381 134.8523 
  0.7752877 133.5138 
  0.5150387 134.1814 
  -0.3224797 135.5266 
  -0.4304792 136.8852 
  0.04605826 137.5696 
  0.338307 138.2575 
  0.006004453 139.6435 
  0.1352624 141.7487 
  0.3164031 143.8855 
  0.7899826 146.0546 
  0.8283938 143.1697 
  0.792318 139.6435 
  0.8946636 136.2042 
  0.9574698 134.1814 
  0.8668445 132.1886 
  0.7964113 128.2915 
  0.5644034 127.0181 
  0.05427784 127.6532 
  -0.02368769 128.2915 
  0.07859902 128.9329 
  0.1205966 129.5776 
  -0.0657278 130.8766 
  0.05477125 132.1886 
  -0.4016167 133.5138 
  -0.02166034 134.8523 
  0.02685138 136.2042 
  -0.1168832 137.5696 
  0.6867213 138.9488 
  0.8205201 138.2575 
  0.9187205 137.5696 
  0.9724331 136.2042 
  0.9887071 136.2042 
  0.9880344 135.5266 
  0.9886833 135.5266 
  0.9901941 135.5266 
  0.9789591 135.5266 
  0.9849235 134.1814 
  0.9951664 133.5138 
  0.9829366 133.5138 
  0.9907568 132.1886 
  0.9906021 131.531 
  0.9786548 131.531 
  0.9102444 130.2255 
  0.8435181 128.2915 
  0.8658794 125.1317 
  0.4900355 122.6601 
  0.1576148 120.2372 
  -0.1172147 117.8622 
  0.1203557 115.5342 
  -0.04614161 113.2521 
  -0.1927114 111.0151 
  -0.09039367 108.8223 
  -0.1226175 106.6728 
  0.1194874 104.5657 
  0.1466429 102.5003 
  0.1070387 100.4756 
  -0.006328437 98.98344 
  0.4659505 97.51342 
  0.4593776 98.491 
  0.654737 99.97575 
  0.9012543 100.4756 
  0.9341111 99.97575 
  0.9251598 99.97575 
  0.9584568 100.4756 
  0.9257424 100.978 
  0.8545291 101.4829 
  0.7867572 101.4829 
  0.4665682 101.4829 
  0.02245096 101.4829 
  -0.264744 101.4829 
  -0.2019327 101.4829 
  -0.258597 101.4829 
  -0.304913 101.4829 
  -0.4617329 101.4829 
  -0.451721 101.4829 
  -0.3179359 101.4829 
  -0.07679252 101.4829 
  -0.175223 101.4829 
  -0.1771274 101.4829 ]
