 [
  -0.0626986 109.3664 
  0.04824785 109.3664 
  -0.06474157 109.3664 
  0.3736595 109.3664 
  0.4098147 109.3664 
  0.2323447 109.3664 
  -0.1475551 109.3664 
  -0.1475474 109.3664 
  0.1632056 109.3664 
  0.2047167 109.3664 
  0.3733695 109.3664 
  -0.2987985 109.3664 
  -0.3904916 109.3664 
  0.2878024 109.3664 
  0.7409437 106.142 
  0.9403358 106.142 
  0.9390602 107.2061 
  0.9513963 108.8223 
  0.9301756 110.4628 
  0.9484999 111.5702 
  0.9322316 112.6886 
  0.9257677 113.8184 
  0.9570481 115.5342 
  0.9608709 116.6924 
  0.9149322 117.8622 
  0.8928378 118.4515 
  0.8537611 117.8622 
  0.8961868 116.1118 
  0.8849781 116.6924 
  0.7420306 117.8622 
  0.2487658 119.639 
  0.1006534 122.0498 
  0.1160873 123.8897 
  0.2557136 126.3862 
  0.5402313 117.2759 
  0.8097985 115.5342 
  0.9695823 114.3874 
  0.9741153 113.8184 
  0.9795227 112.6886 
  0.9878051 111.5702 
  0.9961999 111.5702 
  0.9958722 111.0151 
  0.9967502 111.5702 
  0.9963797 111.5702 
  0.9955773 111.5702 
  0.9909245 111.0151 
  0.9804264 109.9132 
  0.9854411 109.3664 
  0.9828867 108.8223 
  0.9748154 108.2809 
  0.9855424 107.2061 
  0.9895614 106.6728 
  0.9827786 106.142 
  0.9789155 106.142 
  0.9843887 105.614 
  0.9786181 105.0885 
  0.9776013 104.0455 
  0.9696076 103.0128 
  0.9722061 101.9903 
  0.9644226 100.4756 
  0.9667907 98.98344 
  0.9820256 98.00098 
  0.9767909 97.51342 
  0.9548102 96.54556 
  0.950644 95.5873 
  0.9367556 95.11173 
  0.8605462 93.6992 
  0.8999005 92.30766 
  0.9030632 92.30766 
  0.8725663 92.30766 
  0.8384517 92.30766 
  0.8219886 92.30766 
  0.6766624 92.30766 
  0.3219659 92.30766 
  -0.2332709 92.7692 
  -0.4319867 93.23304 
  -0.2674875 93.23304 
  -0.02233884 93.23304 
  -0.1461488 93.23304 
  -0.1685681 93.23304 
  0.06759345 93.23304 
  0.2801528 93.23304 
  0.4440049 92.30766 
  0.3967276 95.5873 
  0.6405277 98.00098 
  0.9554744 98.98344 
  0.9670588 98.491 
  0.9823387 97.51342 
  0.9777961 97.02828 
  0.9705658 96.06523 
  0.9739181 95.5873 
  0.9572819 94.63854 
  0.9604619 93.6992 
  0.9508502 92.7692 
  0.9549124 91.84841 
  0.9412872 90.93677 
  0.918357 90.48434 
  0.8812196 90.03418 
  0.7766111 90.93677 
  0.8109044 94.1677 
  0.9121028 96.54556 
  0.9474515 97.51342 
  0.9671648 98.491 
  0.9450576 99.97575 
  0.9307481 101.9903 
  0.945218 104.0455 
  0.9571167 105.614 
  0.95034 106.6728 
  0.9539857 107.7421 
  0.9203038 108.2809 
  0.8633119 107.7421 
  0.7666985 105.614 
  0.4005024 104.0455 
  0.1770168 103.0128 
  0.1175275 102.5003 
  -0.1115903 102.5003 
  -0.1267311 103.0128 
  0.06560896 103.5278 
  0.03844878 103.5278 
  0.03865501 103.5278 
  0.07630608 104.0455 
  0.06755089 104.5657 
  -0.2406633 105.0885 
  -0.05857445 105.614 
  -0.170368 106.142 
  0.05386974 106.6728 
  -0.02707741 107.2061 
  -0.1171126 107.7421 
  -0.03906237 108.2809 
  0.01109603 108.8223 
  0.4266979 108.8223 
  0.6022012 91.39146 
  0.4238488 90.48434 
  0.32666 100.978 
  0.5947182 98.491 
  0.9848271 97.51342 
  0.9947625 97.51342 
  0.9709057 97.51342 
  0.9757686 98.00098 
  0.9925966 98.491 
  0.9853969 98.491 
  0.9863319 98.00098 
  0.9642465 97.51342 
  0.9130203 97.02828 
  0.754492 95.5873 
  0.8061709 94.1677 
  0.98325 92.7692 
  0.99129 92.7692 
  0.9775215 92.7692 
  0.9588743 92.7692 
  0.9104582 93.23304 
  0.9569103 94.1677 
  0.907856 93.6992 
  0.7414902 93.23304 
  0.2684123 93.6992 
  -0.4051862 94.63854 
  -0.1486879 95.5873 
  -0.1863766 97.02828 
  0.005780837 98.491 
  -0.1144559 99.97575 
  0.1057968 101.4829 
  0.07986471 102.5003 
  0.0008261278 104.0455 
  0.02798353 105.614 
  0.6690144 107.7421 
  0.3988575 108.2809 
  0.4378037 108.8223 
  -0.01285276 110.4628 
  0.05182149 109.3664 
  0.03544549 108.2809 
  -0.02700662 106.6728 
  0.0609818 105.614 
  0.001701837 104.5657 
  0.07512631 103.5278 
  0.1410131 102.5003 
  -0.08244472 101.4829 
  -0.1864018 99.97575 
  -0.008335892 98.98344 
  0.05495616 98.00098 
  0.3154927 97.02828 
  0.6955802 96.06523 
  0.5192193 97.02828 
  0.6039479 99.47836 
  0.9282044 100.978 
  0.9870874 99.97575 
  0.9919004 100.4756 
  0.9963434 100.4756 
  0.9941747 100.4756 
  0.9889581 100.4756 
  0.9736387 99.97575 
  0.9520677 98.98344 
  0.9661487 98.491 
  0.9742072 98.491 
  0.9540746 98.98344 
  0.9015912 98.98344 
  0.8966314 98.98344 
  0.9365848 98.491 
  0.8984937 98.00098 
  0.8386168 97.02828 
  0.9307272 96.06523 
  0.9196717 95.11173 
  0.8668222 94.1677 
  0.956171 92.7692 
  0.9829198 91.84841 
  0.9931433 91.39146 
  0.9883707 91.84841 
  0.9889435 92.30766 
  0.7250378 93.23304 
  0.8301589 93.23304 
  0.8759952 93.23304 
  0.9540619 93.6992 
  0.9726588 93.6992 
  0.984753 93.6992 
  0.9882931 93.6992 
  0.9895667 93.23304 
  0.977264 92.7692 
  0.9786668 91.84841 
  0.9783699 91.39146 
  0.9956837 90.93677 
  0.9850078 90.48434 
  0.9870805 90.48434 
  0.9879054 90.93677 
  0.980832 91.39146 
  0.9833624 91.84841 
  0.992832 91.84841 
  0.9934627 91.84841 
  0.9905885 91.84841 
  0.9839127 91.84841 
  0.9731968 91.39146 
  0.9471147 91.39146 
  0.9314397 90.93677 
  0.8595176 90.93677 
  0.6854228 91.39146 
  0.3478945 92.30766 
  0.1322701 94.1677 
  0.1908344 96.06523 
  -0.1865744 98.00098 
  -0.07705469 100.4756 
  0.02154299 102.5003 
  -0.03496787 105.0885 
  0.05193153 107.7421 
  -0.05105235 110.4628 
  0.05609414 113.2521 
  -0.05678653 116.1118 
  0.09045544 118.4515 
  0.08587799 120.8384 
  0.8135962 123.8897 
  0.4247888 123.8897 
  0.3422632 122.6601 
  0.1867534 108.8223 
  0.559738 105.614 
  0.2617584 106.6728 
  0.2417693 106.6728 
  0.1707832 106.142 
  0.184961 105.0885 
  0.1973638 105.0885 
  0.1529469 105.0885 
  -0.05560943 104.5657 
  -0.07603759 104.0455 
  -0.04446428 103.5278 
  -0.05359088 102.5003 
  0.1089518 101.9903 
  0.06653628 100.978 
  0.1705385 99.97575 
  0.1393715 99.47836 
  0.3617254 98.491 
  0.7317854 98.491 
  0.6389727 96.06523 
  0.781291 94.63854 
  0.5896744 94.63854 
  0.5126884 92.7692 
  0.05849897 93.23304 
  0.0781864 93.6992 
  0.05876021 94.1677 
  0.02575626 94.63854 
  0.1798795 95.11173 
  -0.07199351 95.5873 
  0.02166494 96.54556 
  -0.002148075 97.02828 
  0.6708099 97.02828 
  0.6849549 94.1677 
  0.8574345 93.23304 
  0.8832743 92.30766 
  0.7951061 92.30766 
  0.5118756 90.93677 
  -0.2274039 90.03418 
  -0.1954735 89.14054 
  -0.0442044 88.25578 
  0.1032856 87.3798 
  -0.08794888 86.51251 
  -0.03001073 85.65383 
  0.1855572 84.80367 
  0.2920891 84.38177 
  0.4086415 83.96195 
  0.1360127 83.54424 
  0.06639373 83.12859 
  -0.06987548 82.71502 
  -0.009246222 81.89403 
  0.02201781 81.4866 
  0.3953615 86.0821 
  0.2702806 90.48434 
  0.1896817 86.0821 
  0.1134841 83.96195 
  0.8252718 85.65383 
  0.5551707 85.65383 
  0.5257459 82.3035 
  0.2747019 81.89403 
  0.2743046 81.89403 
  0.1221706 84.80367 
  0.7268637 85.2277 
  0.9015195 85.2277 
  0.8072345 85.65383 
  0.7215228 85.2277 
  0.8428449 83.96195 
  0.796597 83.12859 
  0.78043 82.71502 
  0.7732449 82.3035 
  0.8163488 81.89403 
  0.9002489 81.4866 
  0.8882384 81.08118 
  0.8866308 80.6778 
  0.7771269 80.6778 
  0.5503618 80.6778 
  0.5237612 80.6778 
  0.3709969 80.6778 
  0.1994009 80.6778 
  0.2472595 80.6778 
  -0.1629983 80.6778 
  -0.1515897 80.6778 ]
