 [
  -0.04842972 102.5003 
  -0.01744942 102.5003 
  0.0188636 102.5003 
  -0.09995608 102.5003 
  -0.3664999 102.5003 
  -0.2200965 102.5003 
  -0.08536516 102.5003 
  0.01260896 102.5003 
  -0.1916908 102.5003 
  -0.4733969 102.5003 
  -0.151266 102.5003 
  -0.09912924 102.5003 
  -0.1503064 102.5003 
  0.0002119031 102.5003 
  -0.08713356 102.5003 
  0.01430925 102.5003 
  -0.3391862 102.5003 
  0.3088138 101.9903 
  0.5768042 105.0885 
  0.5965327 107.2061 
  0.8912895 108.8223 
  0.9749737 109.3664 
  0.9955199 108.8223 
  0.9934089 108.8223 
  0.9788346 107.7421 
  0.928546 106.6728 
  0.8755294 105.0885 
  0.8832154 103.5278 
  0.8574872 101.4829 
  0.8443248 99.47836 
  0.6357058 97.51342 
  0.5181122 96.54556 
  0.5817593 100.978 
  0.6954991 105.0885 
  0.6518284 110.4628 
  0.6854597 116.1118 
  0.8987084 117.8622 
  0.9424799 118.4515 
  0.785866 116.6924 
  0.8215851 115.5342 
  0.92638 115.5342 
  0.943635 116.6924 
  0.9881622 117.2759 
  0.9977492 117.8622 
  0.9965056 117.8622 
  0.983842 117.2759 
  0.9484262 116.6924 
  0.868233 115.5342 
  0.7500109 114.3874 
  0.843385 114.3874 
  0.9689587 113.8184 
  0.9797695 112.128 
  0.9758357 110.4628 
  0.8942147 108.2809 
  0.8221858 106.6728 
  0.7108451 105.614 
  0.2139077 105.0885 
  0.4953474 105.0885 
  0.4969739 106.142 
  0.6287966 106.6728 
  0.6551045 106.6728 
  0.7380259 104.0455 
  0.0453106 103.0128 
  -0.2537765 103.5278 
  -0.137428 104.0455 
  -0.1043342 104.5657 
  -0.1653166 105.0885 
  0.03583876 105.614 
  -0.1051111 106.142 
  -0.09779149 106.6728 
  -0.02142847 106.6728 
  0.1593231 106.6728 
  -0.03052249 107.7421 
  0.09546101 108.2809 
  0.5843024 111.5702 
  0.5938186 107.7421 
  0.8813068 103.5278 
  0.9277046 100.978 
  0.932136 98.98344 
  0.9120125 97.51342 
  0.8486972 96.54556 
  0.8697161 97.02828 
  0.976832 97.51342 
  0.9888064 97.02828 
  0.9726501 96.54556 
  0.8038709 96.54556 
  0.7585315 95.11173 
  0.7532598 94.1677 
  0.7146897 93.6992 
  0.6687635 93.23304 
  0.2356432 92.7692 
  0.427123 93.23304 
  0.4336655 93.6992 
  0.418981 94.1677 
  0.09765233 95.11173 
  0.003508437 96.06523 
  0.04846974 97.02828 
  0.03032944 98.00098 
  0.08585197 100.4756 
  0.5232598 104.0455 
  0.6403608 109.3664 
  0.5028567 103.5278 
  0.9193692 102.5003 
  0.994062 102.5003 
  0.9857593 102.5003 
  0.9843584 103.0128 
  0.988434 103.5278 
  0.9904007 103.5278 
  0.9919403 103.5278 
  0.9855888 104.0455 
  0.9830287 104.0455 
  0.96176 104.0455 
  0.9110967 103.5278 
  0.9125177 102.5003 
  0.9402008 100.978 
  0.9681303 100.978 
  0.9556381 100.978 
  0.8919107 103.0128 
  0.8765551 105.614 
  0.924584 107.2061 
  0.9479913 108.2809 
  0.923864 107.2061 
  0.9121347 106.142 
  0.9420907 104.5657 
  0.976099 103.5278 
  0.9762745 103.0128 
  0.9860123 101.9903 
  0.990389 101.4829 
  0.9856656 100.978 
  0.9904362 100.4756 
  0.9634408 100.4756 
  0.9320779 99.47836 
  0.8398037 98.00098 
  0.8592341 96.54556 
  0.8344589 94.63854 
  0.7801986 92.7692 
  0.04111911 93.6992 
  -0.07421835 96.06523 
  0.09549781 98.491 
  0.06784117 100.978 
  0.004195473 103.5278 
  -0.08650377 106.142 
  -0.1211357 109.3664 
  -0.005372182 112.6886 
  -0.1912056 116.1118 
  0.08067073 119.639 
  -0.01953132 122.6601 
  -0.06966065 126.3862 
  -0.1195547 130.2255 
  0.0361519 134.1814 
  0.208345 138.2575 
  0.2775359 142.4574 
  0.35412 147.5188 
  -0.20879 153.5239 
  0.0977641 159.7734 
  -0.02109029 167.1087 
  0.3618072 174.7808 
  -0.08042958 182.8051 
  -0.04888501 191.1978 
  0.04074911 198.9809 
  -0.2453029 208.1162 
  -0.1400996 217.6709 
  0.2160691 226.5316 
  0.1553935 234.5801 
  0.5089852 240.5036 
  0.5144204 245.3498 
  0.5207089 249.0485 
  0.3723366 259.1866 
  0.4065533 273.8036 
  0.4272259 293.6054 
  0.5036451 304.037 
  0.5728036 314.8393 
  0.5448968 321.1834 
  0.598277 327.6555 
  0.6282583 330.9402 
  0.6401503 339.2969 
  0.6154716 346.1339 
  0.5752368 346.1339 
  0.666453 346.1339 
  0.6740946 344.4118 
  0.712846 344.4118 
  0.6846783 342.6983 
  0.8150396 340.9934 
  0.6473069 330.9402 
  0.6512623 322.7894 
  0.5952037 307.085 
  0.642998 295.0734 
  0.6221866 286.3741 
  0.5482188 276.5485 
  0.5469233 269.7372 
  -0.04539828 264.4093 
  -0.05783635 261.7849 
  0.1704166 261.7849 
  0.1832794 261.7849 
  0.2891073 261.7849 
  0.04759308 261.7849 
  -0.0131374 261.7849 
  0.02921112 261.7849 
  -0.1271817 261.7849 
  -0.06524976 261.7849 
  0.09214847 261.7849 
  0.1433282 261.7849 
  -0.08334795 261.7849 
  0.006929884 261.7849 
  -0.04890875 261.7849 
  -0.07050936 261.7849 
  -0.08015117 261.7849 
  0.2024521 261.7849 
  0.1350752 261.7849 
  0.1767757 261.7849 
  0.2446388 261.7849 
  0.3417019 261.7849 
  0.2720813 261.7849 
  0.3711064 261.7849 
  0.3922595 261.7849 
  0.3174424 261.7849 
  0.09183322 261.7849 
  -0.04777867 261.7849 
  -0.137435 261.7849 
  0.01910597 261.7849 
  0.010546 261.7849 ]
