 [
  -0.03186549 129.5776 
  0.09462453 129.5776 
  0.02592646 129.5776 
  -0.1868538 129.5776 
  0.05536946 129.5776 
  0.4052765 129.5776 
  -0.1384022 129.5776 
  0.2500019 129.5776 
  0.1116928 129.5776 
  0.02522505 129.5776 
  0.398448 129.5776 
  0.5108459 129.5776 
  0.8009448 129.5776 
  0.5740852 125.1317 
  0.5823848 120.8384 
  0.8906301 119.639 
  0.9222457 119.0438 
  0.8963164 117.8622 
  0.9243807 116.6924 
  0.9474761 115.5342 
  0.9649818 115.5342 
  0.9718209 115.5342 
  0.9068846 117.8622 
  0.8996398 119.639 
  0.9185258 120.8384 
  0.947486 121.4426 
  0.9658613 121.4426 
  0.9788907 122.0498 
  0.9826704 122.0498 
  0.9297913 123.2734 
  0.9292772 125.1317 
  0.9731343 127.6532 
  0.9842608 129.5776 
  0.9843149 130.2255 
  0.9725385 130.8766 
  0.9317039 132.8496 
  0.9771014 135.5266 
  0.9871341 137.5696 
  0.9856562 139.6435 
  0.9924043 141.0434 
  0.9964742 142.4574 
  0.8770751 143.8855 
  0.6802775 145.328 
  0.5391585 146.0546 
  0.8920433 146.7849 
  0.9413103 147.5188 
  0.9748569 147.5188 
  0.9759218 147.5188 
  0.9449645 146.0546 
  0.9280141 144.605 
  0.9502781 141.0434 
  0.9404996 138.2575 
  0.9154763 135.5266 
  0.8464502 133.5138 
  0.7018284 132.1886 
  0.5718632 130.8766 
  0.5516402 130.2255 
  0.4952773 129.5776 
  0.63494 128.9329 
  0.4432192 128.2915 
  0.386203 128.2915 
  0.5021614 128.2915 
  0.02299399 127.6532 
  -0.05936993 127.6532 
  0.6703452 127.0181 
  0.8036521 125.1317 
  0.8755945 123.8897 
  0.9258729 121.4426 
  0.9777433 120.2372 
  0.8867774 121.4426 
  0.748494 120.2372 
  0.7997402 119.0438 
  0.9582319 118.4515 
  0.9656198 118.4515 
  0.9736534 119.0438 
  0.9763876 119.639 
  0.9624419 120.2372 
  0.8878528 120.8384 
  0.660296 122.0498 
  0.4079098 122.0498 
  0.1422644 122.6601 
  0.1374848 123.2734 
  0.06526938 123.2734 
  0.1576737 123.2734 
  0.3497389 123.2734 
  0.04293318 123.8897 
  0.06087419 124.5092 
  0.005691466 125.1317 
  -0.02539346 125.7574 
  -0.05373558 126.3862 
  0.06877945 127.0181 
  0.07100561 127.6532 
  0.1079904 128.2915 
  0.1037188 128.9329 
  0.01699964 128.9329 
  -0.1887947 128.9329 
  -0.2040644 128.9329 
  -0.0708511 128.9329 
  -0.05297171 128.2915 
  0.07916251 127.6532 
  0.1207625 127.0181 
  0.07091631 127.0181 
  0.007049297 127.6532 
  0.02936355 129.5776 
  0.2291171 125.1317 
  0.5579209 121.4426 
  0.8793443 122.0498 
  0.9520382 121.4426 
  0.9498671 121.4426 
  0.8930091 121.4426 
  0.8581452 120.2372 
  0.819258 119.639 
  0.6167914 119.0438 
  0.7605729 119.0438 
  0.984914 119.0438 
  0.9679433 119.0438 
  0.8942541 119.0438 
  0.8377095 119.0438 
  0.9080006 119.0438 
  0.9764949 119.0438 
  0.9614633 119.0438 
  0.3844436 119.0438 
  0.1454793 119.639 
  0.1763595 120.2372 
  0.4256188 120.8384 
  0.5328665 121.4426 
  0.3775032 122.6601 
  0.4863591 124.5092 
  0.5907381 117.8622 
  0.7015933 116.6924 
  0.7792362 114.9594 
  0.7226685 113.2521 
  0.5706912 111.0151 
  0.5028549 105.0885 
  0.4401597 101.9903 
  0.4513881 101.9903 
  0.2812798 103.5278 
  0.2514399 105.0885 
  0.2516976 107.2061 
  0.05289138 109.9132 
  0.009582578 112.128 
  0.2266009 114.9594 
  0.1627056 117.8622 
  0.6351851 119.639 
  0.6889034 117.8622 
  0.7541759 115.5342 
  0.9168225 114.3874 
  0.9310672 113.2521 
  0.9554192 112.128 
  0.9670409 112.128 
  0.958537 112.128 
  0.9331445 111.5702 
  0.8869446 110.4628 
  0.9242895 109.9132 
  0.9378546 109.9132 
  0.9061124 111.0151 
  0.8188951 112.128 
  0.1505105 78.29926 
  0.7440674 55.50082 
  0.6250305 54.67657 
  0.897558 54.13387 
  0.823476 53.86455 
  0.873773 53.32993 
  0.8298315 53.32993 
  0.8340407 53.0646 
  0.6175609 52.53791 
  0.7360259 52.01644 
  0.7186223 52.27652 
  0.8487075 52.53791 
  0.6827229 52.27652 
  0.4960659 51.50015 
  -0.3063219 52.80059 
  0.07579701 53.86455 
  0.2039363 54.67657 
  0.3710266 55.50082 
  0.1491662 56.33751 
  0.4966957 56.90229 
  0.1061748 57.47274 
  0.05073072 58.924 
  0.1624219 60.4119 
  0.07721925 61.01753 
  0.2133915 62.24707 
  0.3241822 63.18545 
  0.3307029 64.13797 
  0.03035708 65.75754 
  0.168474 67.41799 
  0.2863909 68.7765 
  0.2258429 70.51319 
  0.3320411 72.29374 
  0.0404711 74.48985 
  -0.2781524 76.75266 
  -0.0295571 79.08421 
  0.01042773 81.4866 
  0.3650721 83.96195 
  0.2203539 86.51251 
  0.05467778 89.14054 
  0.09089275 91.84841 
  -0.1955918 94.63854 
  0.1445344 97.51342 
  -0.04764068 100.4756 
  0.007976879 103.5278 
  0.3436186 107.7421 
  0.3301839 109.9132 
  0.4494171 111.0151 
  0.4928793 114.3874 
  -0.1380879 114.9594 
  -0.1036876 114.9594 
  -0.1208358 114.9594 
  0.4182525 114.9594 
  0.3316122 114.9594 
  0.2893068 114.9594 
  0.05045824 114.9594 
  0.0841976 114.3874 
  0.03277621 114.3874 
  0.05201077 114.3874 
  -0.07842425 114.9594 
  -0.07384139 115.5342 
  -0.008013144 115.5342 
  0.1314273 114.9594 
  0.5530393 116.1118 
  0.6773885 113.2521 
  0.7770028 112.128 
  0.4146944 109.9132 
  0.5641395 106.6728 
  0.9436904 105.614 
  0.9518601 106.142 
  0.8974722 106.6728 
  0.9190186 107.2061 
  0.8938518 105.614 
  0.8120834 106.142 
  0.9175002 107.7421 
  0.9351326 106.6728 
  0.9614593 106.6728 
  0.9890119 107.2061 
  0.9951122 107.2061 
  0.9905502 107.2061 
  0.9886595 107.2061 
  0.9737399 107.7421 
  0.9841738 107.7421 
  0.9839025 107.7421 
  0.9506561 107.7421 
  0.9024178 106.6728 
  0.8142467 105.0885 
  0.7323231 102.5003 
  0.6161802 101.9903 
  0.3253531 102.5003 
  0.1435813 103.5278 
  0.125139 104.5657 
  -0.05188794 105.614 
  -0.08822466 106.6728 
  0.0275358 107.7421 
  -0.007287726 108.8223 
  -0.177753 109.9132 
  0.2847527 111.0151 
  0.03898057 112.128 
  0.1078167 113.2521 
  0.5879042 114.3874 
  0.4169317 108.2809 
  0.76213 106.6728 
  0.6175337 104.0455 
  0.8675786 101.4829 
  0.862361 101.9903 
  0.8477101 99.97575 
  0.4832022 99.97575 
  0.1825855 100.4756 
  0.07078871 100.978 
  0.06771502 101.4829 
  -0.1431046 101.9903 
  0.02979522 102.5003 
  0.1574816 103.0128 
  0.06709377 104.0455 
  0.1169764 105.0885 
  -0.03029373 106.142 
  -0.06911571 107.2061 
  -0.3595912 108.8223 
  -0.3853319 109.9132 
  -0.1559699 111.0151 
  0.1978207 112.6886 
  0.6499418 113.8184 
  0.8044335 111.5702 
  0.4999851 108.8223 
  0.6674509 105.0885 
  0.9608441 103.5278 
  0.9920025 104.5657 
  0.9904364 104.5657 
  0.9674194 104.5657 
  0.7840177 105.614 
  0.6481969 106.142 
  0.1840928 104.5657 
  0.4060684 99.47836 
  0.3228853 98.00098 
  0.3240518 97.02828 
  0.4199396 96.06523 
  0.257598 96.06523 
  0.4984919 95.5873 
  0.188688 95.5873 
  0.4389629 96.54556 
  0.1272053 98.491 
  0.4630192 98.491 
  0.5173535 99.47836 
  0.9046227 100.4756 
  0.9718762 101.4829 
  0.971616 101.4829 
  0.9820946 100.978 
  0.9966188 100.4756 
  0.9898015 100.4756 
  0.9445475 100.4756 
  0.7575536 99.97575 
  0.7363588 99.47836 
  0.8066607 98.98344 
  0.9594722 99.47836 
  0.9791616 99.97575 
  0.9731374 99.97575 
  0.9342606 98.98344 
  0.2208711 97.02828 
  0.632795 93.23304 
  0.4283821 98.00098 
  0.7051449 98.491 
  0.9700279 98.98344 
  0.9577329 99.47836 
  0.9737669 99.97575 
  0.9876773 99.97575 
  0.9700959 99.97575 
  0.8605951 98.98344 
  0.922988 98.00098 
  0.9441295 97.51342 
  0.8407117 97.02828 
  0.6646872 96.54556 
  0.3152812 97.51342 
  0.6402146 98.00098 
  0.585169 98.00098 
  0.2237764 98.00098 
  0.1132479 97.02828 
  0.2293439 93.6992 
  0.5509412 92.7692 
  0.2784581 93.23304 
  0.1644298 94.1677 
  0.2546998 94.63854 
  0.4047442 95.11173 
  0.42762 95.5873 
  0.1355018 96.06523 
  -0.1861363 96.06523 
  -0.2877672 96.06523 
  -0.06177019 96.06523 
  -0.1395312 96.06523 
  -0.1619457 96.06523 
  -0.1988623 96.06523 
  0.01099969 96.06523 
  -0.03859441 96.06523 
  -0.05909345 96.06523 
  -0.2050226 96.06523 
  -0.1028042 96.06523 
  0.02992142 96.06523 
  -0.09282324 96.06523 
  -0.1695937 96.06523 
  -0.07738536 96.06523 
  -0.02058888 96.06523 
  0.03899464 96.06523 
  0.13354 96.06523 
  0.1626604 96.06523 
  -0.0293727 96.06523 
  -0.2791697 96.06523 
  -0.1291066 96.06523 
  0.07604361 96.06523 
  0.08767138 96.06523 
  0.03355265 96.06523 
  0.1422288 96.06523 
  -0.10706 96.06523 
  0.09196766 96.06523 
  0.009151714 96.06523 
  -0.08391367 96.06523 
  -0.1597047 96.06523 
  0.182754 96.06523 
  0.1870227 96.06523 
  -0.1944694 96.06523 
  -0.07194106 96.06523 
  -0.07408188 96.06523 
  0.0332968 96.06523 
  0.07743948 96.06523 
  -0.05769046 96.06523 ]
