 [
  0.2185511 126.3862 
  -0.04516621 126.3862 
  -0.03810607 126.3862 
  -0.04927392 126.3862 
  0.03285747 126.3862 
  -0.1193403 126.3862 
  -0.1235661 126.3862 
  -0.223931 126.3862 
  -0.2262458 126.3862 
  -0.252202 126.3862 
  -0.2207468 126.3862 
  -0.04403048 126.3862 
  -0.2851485 126.3862 
  0.3313582 127.0181 
  0.677806 125.7574 
  0.8120547 123.2734 
  0.9431746 122.6601 
  0.9766833 122.6601 
  0.9793068 123.2734 
  0.9822071 123.8897 
  0.9808109 123.2734 
  0.9796003 123.2734 
  0.9801152 123.2734 
  0.9853259 122.6601 
  0.9938478 122.6601 
  0.9925375 122.6601 
  0.9868383 123.2734 
  0.9613934 125.1317 
  0.9607325 126.3862 
  0.9512342 128.9329 
  0.9333318 131.531 
  0.9294357 133.5138 
  0.9276185 136.2042 
  0.9598898 138.9488 
  0.9674972 140.3417 
  0.9698926 141.7487 
  0.9826722 143.1697 
  0.9785283 144.605 
  0.97514 146.7849 
  0.9107379 148.9977 
  0.869532 152.0001 
  0.9336241 155.063 
  0.8467898 154.2915 
  0.7979727 151.2439 
  0.445192 148.2564 
  0.1330196 146.7849 
  0.005219122 146.0546 
  -0.08581494 145.328 
  0.002931296 144.605 
  0.03059789 143.8855 
  -0.08380394 143.1697 
  -0.3539841 142.4574 
  -0.2046267 141.7487 
  0.1217602 141.0434 
  0.1215117 140.3417 
  -0.06083706 139.6435 
  -0.1180482 138.9488 
  -0.09011047 138.2575 
  0.1987276 137.5696 
  0.1192158 136.8852 
  0.09477527 136.2042 
  0.7098943 139.6435 
  0.8814462 142.4574 
  0.9830804 143.1697 
  0.9819297 143.1697 
  0.9694832 143.8855 
  0.9726387 143.1697 
  0.9844937 143.8855 
  0.9899411 143.8855 
  0.9909715 143.8855 
  0.9916731 143.8855 
  0.9906888 143.8855 
  0.9905276 143.8855 
  0.9890209 143.8855 
  0.9926969 143.8855 
  0.989929 143.8855 
  0.9956993 144.605 
  0.9936037 145.328 
  0.9872757 144.605 
  0.9904157 143.8855 
  0.9920211 143.1697 
  0.9880373 143.1697 
  0.9959452 142.4574 
  0.9883578 142.4574 
  0.9862307 143.1697 
  0.9862232 143.1697 
  0.9803083 143.8855 
  0.9757522 144.605 
  0.9472564 146.0546 
  0.9669563 146.7849 
  0.9835082 147.5188 
  0.9582488 146.7849 
  0.9296009 145.328 
  0.8121535 143.1697 
  0.6248924 141.7487 
  0.3745489 141.0434 
  -0.04063745 140.3417 
  0.03423128 139.6435 
  -0.1075056 138.9488 
  -0.06885182 138.2575 
  -0.04613359 137.5696 
  0.06912909 136.8852 
  0.03608698 136.2042 
  0.2488279 135.5266 
  0.02915801 134.8523 
  0.07823094 134.1814 
  0.2209511 133.5138 
  0.1435684 132.8496 
  0.1080589 131.531 
  0.2983174 140.3417 
  0.465665 137.5696 
  0.8859931 133.5138 
  0.8380747 128.2915 
  0.8385121 122.0498 
  0.8591324 117.2759 
  0.9036007 113.8184 
  0.9032286 110.4628 
  0.9372676 107.7421 
  0.9724212 105.0885 
  0.985589 103.5278 
  0.978249 101.9903 
  0.9303437 99.97575 
  0.9344441 97.51342 
  0.5091991 95.11173 
  0.1340829 92.7692 
  0.3187473 92.30766 
  0.5015731 92.7692 
  0.548471 94.1677 
  -0.03084681 95.11173 
  0.1266849 96.06523 
  0.4884024 97.02828 
  0.02006615 98.00098 
  0.3750629 98.98344 
  0.3577039 99.97575 
  0.4553921 100.978 
  -0.03370921 101.9903 
  0.2772093 103.0128 
  0.1994272 104.0455 
  0.2216985 105.0885 
  0.1161486 106.142 
  0.1704887 107.2061 
  0.003311071 108.2809 
  -0.02707587 109.3664 
  -0.08799657 110.4628 
  0.1287498 112.128 
  0.4908946 113.2521 
  0.4240081 114.3874 
  0.3939872 113.8184 
  0.4475864 112.6886 
  0.4598071 109.9132 
  0.7076486 108.8223 
  0.7619154 107.7421 
  0.6428701 107.2061 
  0.4666117 107.2061 
  0.369767 107.7421 
  0.2070074 108.8223 
  0.6694429 109.9132 
  0.774109 106.6728 
  0.9598325 106.142 
  0.9778916 106.6728 
  0.9703896 107.7421 
  0.9426377 108.8223 
  0.9357824 109.3664 
  0.9329944 109.3664 
  0.9462035 108.8223 
  0.9084676 107.2061 
  0.8553066 105.614 
  0.9403099 103.5278 
  0.9635644 102.5003 
  0.9276741 101.9903 
  0.8555853 100.978 
  0.6962115 98.98344 
  -0.06015509 98.491 
  -0.5425494 98.491 
  -0.1099081 98.98344 
  0.01267281 99.47836 
  0.02391505 99.97575 
  0.2692165 100.4756 
  0.1088372 100.978 
  -0.166566 101.4829 
  0.3116964 101.9903 
  0.5742208 108.8223 
  0.7839212 109.9132 
  0.8003994 108.2809 
  0.8046824 106.142 
  0.9856806 104.5657 
  0.9821345 104.0455 
  0.9335295 103.5278 
  0.7297229 103.0128 
  0.5647728 101.4829 
  0.1840839 101.9903 
  0.4837055 102.5003 
  0.729799 103.5278 
  0.8790914 104.5657 
  0.9381923 104.5657 
  0.9923892 104.5657 
  0.9960167 104.5657 
  0.9961078 104.5657 
  0.992401 104.5657 
  0.9897096 104.0455 
  0.9734964 103.5278 
  0.9895328 102.5003 
  0.9904184 101.9903 
  0.9926579 101.4829 
  0.9940153 101.4829 
  0.9922627 101.4829 
  0.9909607 101.4829 
  0.9806325 101.9903 
  0.968209 102.5003 
  0.9546847 103.5278 
  0.976895 104.5657 
  0.9762975 104.5657 
  0.9331535 103.5278 
  0.9638487 103.5278 
  0.9795158 103.0128 
  0.9874645 103.0128 
  0.9955931 102.5003 
  0.9972093 102.5003 
  0.9955246 102.5003 
  0.9940139 103.0128 
  0.9947647 103.0128 
  0.9941358 103.0128 
  0.995346 103.5278 
  0.9967707 103.5278 
  0.9989225 103.5278 
  0.9802164 103.0128 
  0.8989965 102.5003 
  0.8169753 103.5278 
  0.9710505 104.5657 
  0.9952571 105.0885 
  0.9946682 105.0885 
  0.9916825 105.0885 
  0.8288623 106.6728 
  0.7963814 108.8223 
  0.8462118 109.3664 
  0.9305148 108.8223 
  0.9762222 108.8223 
  0.9704624 109.3664 
  0.9613984 109.3664 
  0.8435999 111.0151 
  0.8084412 114.3874 
  0.8537591 116.6924 
  0.6415789 117.2759 
  0.3376698 117.2759 
  0.06997551 117.8622 
  0.5450066 117.8622 
  0.7347863 117.8622 
  0.5019736 117.8622 
  0.2313881 117.8622 
  0.2317668 117.8622 
  0.1130416 117.8622 
  0.272194 117.8622 
  0.3370642 117.8622 
  0.1315892 117.8622 
  -0.009130436 117.8622 
  -0.1650175 117.8622 
  -0.1763389 117.8622 
  -0.225663 117.8622 
  0.005000656 117.8622 
  -0.06540856 117.8622 
  0.01459426 117.8622 
  0.1803887 117.8622 
  0.3554452 117.8622 
  0.1452193 117.8622 
  0.08604975 117.8622 ]
