 [
  0.00831447 80.27641 
  -0.1427934 80.27641 
  -0.1814914 80.27641 
  0.00176505 80.27641 
  -0.08991694 80.27641 
  0.08207604 80.27641 
  0.05815902 80.27641 
  -0.3065087 80.27641 
  -0.2525402 80.27641 
  -0.1657201 80.27641 
  -0.01490179 80.27641 
  0.003805284 80.27641 
  0.1099459 80.27641 
  0.1455448 80.6778 
  0.5657779 81.08118 
  0.04217693 81.89403 
  0.8177877 82.71502 
  0.5947645 84.38177 
  0.5647805 84.38177 
  0.1315037 96.54556 
  0.3873084 109.3664 
  0.7448786 107.7421 
  0.9220594 108.2809 
  0.9534245 108.2809 
  0.9324878 109.3664 
  0.9564754 109.3664 
  0.9460192 107.7421 
  0.9687797 106.6728 
  0.9208032 105.614 
  0.7373449 104.5657 
  0.7279153 101.9903 
  0.8037764 99.97575 
  0.6235176 101.4829 
  0.2915816 106.6728 
  0.4379822 112.128 
  0.5038416 113.8184 
  0.3236824 116.1118 
  0.2388092 119.639 
  0.7924718 127.6532 
  0.8198607 125.7574 
  0.9042741 125.1317 
  0.9587289 123.8897 
  0.9610552 123.2734 
  0.9468965 122.6601 
  0.915879 123.2734 
  0.8499638 123.2734 
  0.6519662 123.2734 
  -0.01602373 120.8384 
  -0.05103206 118.4515 
  0.1392386 116.1118 
  0.4175877 113.8184 
  0.5914665 110.4628 
  0.7308139 111.5702 
  0.8742347 111.5702 
  0.9236199 112.128 
  0.90379 111.5702 
  0.7364415 112.128 
  0.01952271 112.128 
  0.007147163 112.6886 
  -0.01576809 113.2521 
  0.08198393 113.8184 
  -0.2306218 114.3874 
  0.02481011 114.9594 
  0.1268018 115.5342 
  -0.01098929 116.1118 
  0.4894246 117.2759 
  0.7363557 122.6601 
  0.933984 123.2734 
  0.8303301 122.0498 
  0.8741284 120.8384 
  0.9734002 119.0438 
  0.915621 119.0438 
  0.7798237 117.8622 
  0.2948171 114.9594 
  0.7570824 119.639 
  0.8416511 121.4426 
  0.9549869 122.0498 
  0.9645784 122.6601 
  0.9281927 122.6601 
  0.8683252 122.6601 
  0.8140492 122.0498 
  0.4252595 119.639 
  0.3492278 119.0438 
  -0.06654565 118.4515 
  -0.05249123 117.2759 
  0.03359188 116.1118 
  -0.07374126 114.9594 
  0.2080886 113.8184 
  0.6597187 110.4628 
  0.7862228 109.9132 
  0.9556572 110.4628 
  0.9586842 110.4628 
  0.9724232 110.4628 
  0.9528124 109.9132 
  0.9865277 109.3664 
  0.9170023 108.2809 
  0.5983685 107.7421 
  -0.002188624 93.6992 
  0.1749797 85.2277 
  0.7329387 72.29374 
  0.6070393 71.93407 
  0.220366 72.29374 
  0.1082718 70.86576 
  0.4428237 66.74884 
  0.6385065 75.61279 
  0.3848974 87.8167 
  0.4678841 113.2521 
  0.7710773 114.3874 
  0.9700491 113.8184 
  0.9847946 114.3874 
  0.958362 114.3874 
  0.9393616 114.9594 
  0.8608778 114.9594 
  0.8192624 113.2521 
  0.871496 112.128 
  0.850253 113.8184 
  0.9219798 116.1118 
  0.9764996 117.2759 
  0.9900321 117.2759 
  0.9729647 116.6924 
  0.9416979 114.9594 
  0.9655776 113.8184 
  0.9612511 113.2521 
  0.9039758 112.128 
  0.8111929 109.9132 
  0.7561224 107.2061 
  0.2171093 104.5657 
  0.3662392 103.5278 
  0.3890208 103.0128 
  0.5622789 103.0128 
  0.4225344 103.0128 
  -0.03980166 103.5278 
  -0.1315745 104.0455 
  0.1144378 104.5657 
  -0.1560824 104.5657 
  0.4604827 105.614 
  0.7013294 108.8223 
  0.8121999 108.8223 
  0.9522582 109.3664 
  0.9770738 109.9132 
  0.9717428 109.9132 
  0.9750104 108.8223 
  0.9915689 108.8223 
  0.9936962 108.8223 
  0.9941857 108.8223 
  0.9946496 108.8223 
  0.9822111 108.2809 
  0.9562472 108.8223 
  0.9195943 108.2809 
  0.8189051 108.8223 
  0.5446618 109.3664 
  0.9091335 112.6886 
  0.9900627 112.6886 
  0.983954 112.6886 
  0.9702873 112.128 
  0.9276404 111.5702 
  0.7546184 111.0151 
  0.5984335 111.0151 
  0.6544793 111.0151 
  0.612701 110.4628 
  0.5732735 110.4628 
  0.6856353 111.0151 
  0.6837647 111.0151 
  0.8230271 109.9132 
  0.8348176 107.2061 
  0.7720814 104.0455 
  0.7734897 100.978 
  0.8112051 98.491 
  0.737729 97.51342 
  0.5666254 98.00098 
  -0.165184 99.97575 
  -0.4316415 101.9903 
  -0.4675806 104.5657 
  0.02413565 107.2061 
  0.1118289 109.9132 
  0.1077384 112.128 
  0.0315062 114.3874 
  -0.1656017 116.6924 
  -0.003864964 119.0438 
  0.1061466 121.4426 
  0.2166545 123.2734 
  0.242441 125.1317 
  0.04585906 127.0181 
  0.03678866 128.2915 
  0.8073435 130.2255 
  0.2088749 116.1118 
  0.7057888 114.9594 
  0.9354677 114.9594 
  0.9248946 114.3874 
  0.9132892 113.8184 
  0.9301314 112.6886 
  0.9666748 112.6886 
  0.9636917 113.2521 
  0.9501544 113.8184 
  0.9570389 115.5342 
  0.9784849 115.5342 
  0.9656991 115.5342 
  0.9293044 115.5342 
  0.9126006 116.1118 
  0.9249569 114.9594 
  0.9496529 115.5342 
  0.9168056 116.6924 
  0.8160315 116.1118 
  0.7520829 114.3874 
  0.8252267 112.6886 
  0.8461927 111.0151 
  0.8344767 109.9132 
  0.8276689 109.3664 
  0.9225718 108.2809 
  0.8794678 106.6728 
  0.8329341 104.5657 
  0.7207408 102.5003 
  0.8311012 101.4829 
  0.8447868 100.978 
  0.8278558 102.5003 
  0.4493409 103.0128 
  0.280569 109.9132 
  0.5162113 112.128 
  0.5483031 111.0151 
  0.4715049 109.3664 
  0.4697455 108.8223 
  0.2152632 106.142 
  0.6300725 104.5657 
  0.8341355 103.0128 
  0.942055 103.5278 
  0.9308291 103.5278 
  0.955179 104.5657 
  0.8191714 105.614 
  0.8217885 107.2061 
  0.8421991 108.2809 
  0.8096026 108.8223 
  0.8062501 108.8223 
  0.8075759 108.8223 
  0.7994056 107.7421 
  0.9036757 106.6728 
  0.8095196 106.142 
  0.7170853 105.0885 
  -0.1087959 106.142 
  0.02972366 108.2809 
  0.2471219 110.4628 
  0.5424696 112.6886 
  0.775997 113.2521 
  0.8712208 113.2521 
  0.9022509 113.8184 
  0.8992314 112.6886 
  0.9295109 111.0151 
  0.8834323 108.8223 
  0.7952852 105.614 
  0.9674964 104.5657 
  0.9855497 104.0455 
  0.932972 103.5278 
  0.78584 102.5003 
  0.713897 100.978 
  0.5111426 97.51342 
  -0.07554062 98.491 
  0.1090642 99.47836 
  0.05562468 100.4756 
  0.2601582 101.4829 
  0.1349571 102.5003 
  0.1439414 103.5278 
  -0.04258672 104.5657 
  -0.01267233 105.614 
  -0.02648542 106.6728 
  -0.01011534 107.7421 
  0.148517 108.2809 
  0.1530675 108.8223 
  -0.05696425 109.3664 
  0.4514596 110.4628 
  0.6542336 111.5702 
  0.9344205 111.5702 
  0.9803419 112.128 
  0.9884179 111.5702 
  0.9863167 111.5702 
  0.981048 111.5702 
  0.9433763 110.4628 
  0.8916535 109.9132 
  0.73825 109.9132 
  0.6639062 108.2809 
  0.9093488 107.7421 
  0.8112224 107.2061 
  0.4842571 108.2809 
  0.6178235 107.2061 
  0.7749856 107.2061 
  0.8554332 106.142 
  0.8821502 106.142 
  0.8972985 105.0885 
  0.8728253 105.0885 
  0.8672373 104.5657 
  0.6398695 106.142 
  0.5569583 105.0885 
  0.7796695 103.5278 
  0.8995264 102.5003 
  0.7504614 101.4829 
  0.3751581 99.47836 
  0.281309 101.9903 
  0.6576403 104.5657 
  0.9002482 105.614 
  0.9028099 105.614 
  0.8737032 104.0455 
  0.8523794 101.4829 
  0.899227 99.47836 
  0.9185663 98.00098 
  0.7599101 97.51342 
  0.3405566 96.54556 
  0.3146568 96.54556 
  0.234697 96.54556 
  0.1746197 96.54556 
  0.07437472 96.54556 
  0.1368035 96.54556 
  -0.187304 96.54556 
  0.03540958 96.54556 
  0.3110351 97.02828 
  -0.1432921 97.02828 
  0.2083346 97.02828 
  0.3039086 97.51342 
  0.09788459 98.00098 
  0.2384203 98.491 
  0.2044267 98.98344 
  0.1120789 98.98344 
  0.7727771 99.97575 
  0.8204524 100.4756 
  0.7092345 101.4829 
  0.761534 103.0128 
  0.6632925 105.0885 
  0.6322386 106.142 
  0.7782575 107.2061 
  0.935729 105.614 
  0.8365795 105.0885 
  0.7496231 102.5003 
  0.5989147 99.47836 
  0.5571961 97.02828 
  0.1976504 96.06523 
  -0.2255183 95.5873 
  0.1357573 95.11173 
  0.1607078 94.63854 
  0.0787637 94.1677 
  -0.2400339 93.6992 
  0.5161192 93.23304 
  0.4861411 93.6992 
  0.6994348 95.11173 
  0.4514428 95.5873 
  0.3826659 97.02828 
  0.3026677 103.5278 
  -0.03258403 103.0128 
  -0.1937865 103.0128 
  -0.06243681 103.0128 
  0.03263687 103.0128 
  0.04355414 103.0128 
  0.05392199 103.0128 
  0.09440277 103.0128 
  -0.01596566 103.0128 
  -0.04733346 103.0128 
  -0.05951167 103.0128 
  -0.1030357 103.0128 
  -0.1573267 103.0128 
  -0.06800678 103.0128 
  0.1075955 103.0128 
  0.04166863 103.0128 
  0.01609776 103.0128 
  0.03942162 103.0128 
  0.07009984 103.0128 
  -0.1092917 103.0128 
  -0.07667649 103.0128 
  -0.2015977 103.0128 
  -0.01470153 103.0128 
  -0.06946319 103.0128 
  -0.1981318 103.0128 
  -0.2666843 103.0128 
  -0.2010304 103.0128 
  -0.05915496 103.0128 
  -0.02648921 103.0128 
  -0.1379015 103.0128 ]
