 [
  0.357071 110.4628 
  -0.1646668 110.4628 
  -0.2528199 110.4628 
  -0.2047788 110.4628 
  0.1465132 110.4628 
  0.1376582 110.4628 
  0.09971391 110.4628 
  -0.020318 110.4628 
  0.01052474 110.4628 
  0.2500758 110.4628 
  0.2132184 110.4628 
  -0.1104539 110.4628 
  0.3786058 110.4628 
  0.2942871 110.4628 
  0.09897068 110.4628 
  0.4114129 115.5342 
  0.6161532 116.6924 
  0.8061628 118.4515 
  0.6030061 123.2734 
  0.8281814 123.2734 
  0.9511851 122.0498 
  0.9923164 122.0498 
  0.9854887 121.4426 
  0.9770868 120.8384 
  0.9601971 119.639 
  0.9348562 117.8622 
  0.9483334 116.6924 
  0.9462457 115.5342 
  0.937871 114.3874 
  0.9509429 113.8184 
  0.9542087 113.8184 
  0.9327801 113.2521 
  0.8294768 112.128 
  0.7292471 110.4628 
  0.7611744 108.8223 
  0.7235296 106.142 
  0.6525326 107.2061 
  0.7363012 106.6728 
  0.009198429 107.2061 
  0.1174278 107.7421 
  -0.05462625 108.2809 
  -0.07327559 108.8223 
  -0.005335517 109.3664 
  -0.1363131 109.9132 
  0.06590115 110.4628 
  0.1246317 111.0151 
  0.08707638 111.5702 
  -0.06431021 112.128 
  -0.134137 112.6886 
  -0.2834414 113.2521 
  -0.07567618 113.8184 
  0.1549653 114.3874 
  -0.03539655 114.9594 
  0.2968098 115.5342 
  0.6739165 115.5342 
  0.85086 114.9594 
  0.9387524 113.8184 
  0.5114037 113.2521 
  0.7663261 113.2521 
  0.8554031 114.3874 
  0.9624235 114.9594 
  0.9588991 116.1118 
  0.9383394 117.8622 
  0.9368786 119.0438 
  0.9633014 120.2372 
  0.962801 119.639 
  0.9379234 119.0438 
  0.901108 117.2759 
  0.8684219 115.5342 
  0.8404425 113.2521 
  0.9065993 111.0151 
  0.9329929 109.9132 
  0.9341059 108.8223 
  0.9378372 108.2809 
  0.9751627 107.7421 
  0.9775863 107.7421 
  0.9685856 108.2809 
  0.9083281 109.3664 
  0.8805354 110.4628 
  0.762704 114.3874 
  0.8417591 118.4515 
  0.869563 121.4426 
  0.8806567 124.5092 
  0.8767045 127.0181 
  0.8591729 131.531 
  0.9146521 134.8523 
  0.9346722 138.2575 
  0.8945506 141.7487 
  0.9281795 145.328 
  0.906888 146.7849 
  0.8210571 145.328 
  0.7417136 134.8523 
  0.7624664 132.8496 
  0.3990182 130.8766 
  0.1600878 128.9329 
  -0.0356685 127.0181 
  0.04094022 125.1317 
  0.2885398 123.2734 
  0.5047615 122.0498 
  0.7514772 120.2372 
  0.8636562 117.8622 
  0.8357002 114.9594 
  0.8810062 111.5702 
  0.847893 108.2809 
  0.497155 106.6728 
  0.7320957 103.5278 
  0.9274949 102.5003 
  0.9726913 101.4829 
  0.9455644 100.4756 
  0.859304 98.98344 
  0.7256349 97.51342 
  0.6739402 96.06523 
  0.606081 96.54556 
  0.1153301 97.02828 
  -0.3689603 97.51342 
  0.1171117 98.00098 
  0.0007726755 98.491 
  0.02849266 99.47836 
  0.1554433 100.4756 
  0.1446702 101.4829 
  0.763752 101.4829 
  0.7949822 99.97575 
  0.9480156 98.98344 
  0.8999114 98.98344 
  0.8420025 100.978 
  0.8057755 99.97575 
  0.8622873 99.47836 
  0.9743389 98.98344 
  0.927529 99.47836 
  0.7387406 100.4756 
  0.7767571 103.5278 
  0.9675038 105.0885 
  0.9452254 105.614 
  0.8820748 106.142 
  0.7830093 107.2061 
  0.6581447 106.6728 
  0.9010775 106.142 
  0.8329037 106.142 
  0.6874771 106.142 
  0.5309972 106.142 
  0.3472947 106.142 
  -0.0734668 106.142 
  -0.01673221 106.142 
  0.1423199 106.142 
  0.136714 106.142 
  0.1405736 106.142 
  -0.171168 106.142 
  0.03748915 106.142 
  0.03915771 106.142 
  0.01042789 106.142 
  -0.02431227 106.142 
  -0.046138 106.142 
  -0.1167947 106.142 
  -0.11088 106.142 
  0.06756141 106.142 
  0.01880817 106.142 
  -0.159271 106.142 
  -0.05569184 106.142 
  0.1159462 105.614 
  0.2166125 105.0885 
  0.1262203 104.5657 
  -0.1244377 104.5657 
  -0.06377147 104.5657 
  -0.07875305 104.5657 
  -0.1016616 104.5657 
  0.01551365 104.5657 
  0.02077286 104.5657 
  -0.1118097 104.5657 
  -0.1648385 104.5657 
  -0.1322073 104.5657 
  -0.3358718 104.5657 
  -0.07430387 104.5657 
  -0.1015621 104.5657 
  -0.2232202 104.5657 
  -0.2249515 104.5657 
  0.04225559 104.5657 
  0.3116352 104.5657 
  0.2825907 104.5657 
  0.229647 104.5657 
  0.2399646 104.5657 
  0.08063941 104.5657 
  0.07808209 104.0455 
  0.1132867 103.5278 
  0.04632077 103.5278 
  0.2818188 103.0128 
  0.1289142 103.0128 
  0.01001983 103.0128 
  -0.1167681 103.0128 
  -0.2543879 103.0128 
  -0.1798796 103.0128 
  0.09132463 103.0128 
  0.175752 103.0128 
  -0.04409732 103.0128 
  -0.06907532 103.0128 
  -0.04702448 103.0128 
  -0.01434807 103.0128 
  0.07305644 103.0128 
  -0.01751541 103.0128 
  0.05679346 103.0128 
  -0.2086922 103.0128 
  -0.2397228 103.0128 
  0.006106347 103.0128 
  -0.1579596 103.0128 
  -0.1454495 103.0128 
  0.03122401 103.0128 
  0.04677495 103.0128 
  0.09021287 103.0128 
  0.02714809 103.0128 
  0.06115011 103.0128 
  0.09945281 103.0128 
  -0.07083185 103.0128 
  -0.1955693 103.0128 
  0.003873147 103.0128 
  -0.04493931 103.0128 
  0.02696173 103.0128 
  -0.09767007 103.0128 
  -0.245192 103.0128 
  -0.2548161 103.0128 
  -0.0116294 103.0128 
  0.07768559 103.0128 
  0.1362443 103.0128 
  -0.02431626 103.0128 
  0.1869381 103.0128 
  0.3268094 103.0128 
  -0.02197666 103.0128 
  -0.1791527 103.0128 
  0.30148 102.5003 
  0.5451079 102.5003 
  0.752799 100.4756 
  0.882697 98.98344 
  0.8455091 98.491 
  0.7292901 97.51342 
  0.5012059 97.51342 
  0.06445336 98.491 
  0.1115469 98.98344 
  0.1254877 99.97575 
  0.08631133 100.978 
  0.03924623 101.9903 
  0.1334289 103.0128 
  -0.140335 104.0455 
  0.04561941 105.0885 
  -0.07449074 106.142 
  -0.06949471 107.2061 
  0.1556883 108.2809 
  0.1539331 109.3664 
  0.2196952 110.4628 
  0.207323 111.5702 
  -0.2080015 113.8184 
  0.3401698 116.1118 
  0.7471943 118.4515 
  0.7579521 116.6924 
  0.8253124 113.8184 
  0.9235584 111.5702 
  0.9373823 111.0151 
  0.7911474 114.3874 
  0.7633913 117.8622 
  0.7827689 122.6601 
  0.8691589 125.1317 
  0.9349313 126.3862 
  0.9306195 127.6532 
  0.8998525 129.5776 
  0.9368318 131.531 
  0.9707534 132.8496 
  0.9798988 134.1814 
  0.9691604 134.8523 
  0.9593709 136.2042 
  0.9271261 136.2042 
  0.8460572 133.5138 
  0.8037376 130.2255 
  0.609469 131.531 
  0.2860041 133.5138 
  -0.009469802 135.5266 
  -0.2284547 137.5696 
  -0.2153631 139.6435 
  -0.01320443 141.7487 
  0.2576107 143.8855 
  0.80177 148.2564 
  0.9056752 146.7849 
  0.9585716 144.605 
  0.991411 142.4574 
  0.9867597 140.3417 
  0.9828499 138.9488 
  0.9885709 136.8852 
  0.9777434 134.8523 
  0.9562896 132.1886 
  0.8997744 128.2915 
  0.8654137 123.2734 
  0.876928 119.0438 
  0.91706 116.6924 
  0.9631922 114.9594 
  0.9722252 114.9594 
  0.9267496 116.1118 
  0.899291 117.2759 
  0.9118507 119.639 
  0.9020879 120.8384 
  0.9283336 120.8384 
  0.9609532 120.8384 
  0.9828314 120.2372 
  0.9800682 119.639 
  0.9663232 119.639 
  0.8868825 119.639 
  0.7847388 120.8384 
  0.6385119 119.0438 
  -0.4260977 119.639 
  -0.04335031 119.639 
  -0.0218489 119.639 
  -0.02246902 119.639 
  0.1663654 120.2372 
  0.04916926 120.2372 
  0.03538134 120.2372 
  0.2348544 120.8384 
  0.2737033 120.8384 
  0.527952 118.4515 
  0.8020934 117.2759 
  0.9730886 114.9594 
  0.9220266 113.8184 
  0.9390598 111.0151 
  0.8466297 108.2809 
  0.8140936 105.0885 
  0.6260058 103.5278 
  0.03134508 103.0128 
  -0.01956351 102.5003 
  0.07813289 101.9903 
  0.06919149 101.4829 
  0.02198061 101.4829 
  -0.06413418 101.4829 
  -0.04226037 101.4829 
  0.09635325 101.4829 
  -0.09195776 101.4829 
  0.1353807 101.4829 
  0.2800688 101.4829 
  0.1860837 101.4829 
  0.05596457 101.4829 
  0.05073457 101.4829 
  0.5216651 100.978 
  0.6092552 92.7692 
  0.943014 92.7692 
  0.9561788 92.7692 
  0.9428222 91.84841 
  0.9607737 91.84841 
  0.9411216 92.30766 
  0.9413164 92.30766 
  0.9479235 92.7692 
  0.9344543 92.7692 
  0.9399782 92.7692 
  0.911002 92.30766 
  0.9304085 91.39146 
  0.9763727 90.93677 
  0.9381774 91.84841 
  0.6125103 95.11173 
  0.2250631 99.97575 
  0.6783896 103.0128 
  0.7154121 101.4829 
  0.7131658 99.97575 
  0.8270713 99.47836 
  0.9732413 99.47836 
  0.9591171 99.97575 
  0.9458802 100.978 
  0.90997 102.5003 
  0.8254871 104.5657 
  0.890395 106.142 
  0.8496656 108.2809 
  0.8676236 110.4628 
  0.9336255 111.5702 
  0.9161195 112.6886 
  0.8427108 112.6886 
  0.6956956 113.8184 
  0.04185879 118.4515 
  0.1740979 120.2372 
  -0.1349488 121.4426 
  -0.4259538 122.6601 
  0.01140128 124.5092 
  0.07631917 126.3862 
  0.02885883 128.2915 
  0.5365884 129.5776 
  0.6318253 130.8766 
  0.7274556 130.2255 
  0.8955873 128.2915 
  0.9490309 126.3862 
  0.9765061 125.7574 
  0.9478077 127.0181 
  0.938022 128.9329 
  0.934307 129.5776 
  0.9196591 130.2255 
  0.9225852 130.2255 
  0.9194003 130.2255 
  0.8129639 130.2255 
  0.4593883 130.2255 
  -0.07101633 130.2255 
  -0.2899454 130.2255 
  -0.173366 130.2255 
  -0.06966593 130.2255 
  0.1245853 130.2255 
  0.02791828 130.2255 
  -0.08709563 130.2255 ]
