 [
  0.09170462 335.9292 
  0.2483226 335.9292 
  0.03579104 335.9292 
  0.4939415 335.9292 
  0.4873964 335.9292 
  -0.04320272 335.9292 
  -0.03218724 335.9292 
  0.2523624 335.9292 
  0.02909106 335.9292 
  -0.04854134 335.9292 
  0.2513719 335.9292 
  0.8467259 335.9292 
  0.9836563 335.9292 
  0.9759207 337.6089 
  0.9789301 337.6089 
  0.9877965 334.2579 
  0.9906096 334.2579 
  0.9981099 332.5949 
  0.9871462 327.6555 
  0.9798623 322.7894 
  0.9331243 314.8393 
  0.856823 304.037 
  0.7714444 289.245 
  0.8017241 275.1726 
  0.8929881 257.8971 
  0.9133248 245.3498 
  0.9100176 232.2518 
  0.9012819 219.853 
  0.9195139 210.2025 
  0.9434148 202.9904 
  0.9652368 197.0059 
  0.9641355 192.1537 
  0.9804922 188.3582 
  0.9883779 185.5609 
  0.9899897 184.6377 
  0.9297698 183.7191 
  0.8750601 182.8051 
  0.7695377 180.9906 
  0.3329721 179.1942 
  0.0700424 177.4156 
  0.7036045 175.6547 
  0.5103887 173.9112 
  0.2377155 172.185 
  0.2311384 171.3284 
  0.2004942 171.3284 
  -0.02715596 171.3284 
  -0.01318109 173.046 
  0.2382677 174.7808 
  0.608299 175.6547 
  0.8760445 177.4156 
  0.9573402 179.1942 
  0.9770442 180.0902 
  0.9668099 180.0902 
  0.9196926 178.3027 
  0.9426701 175.6547 
  0.9433936 173.046 
  0.8926691 169.6279 
  0.8913108 165.4501 
  0.9117831 162.182 
  0.8681206 160.5723 
  -0.03592888 158.1876 
  0.03166039 155.8383 
  0.1232741 153.5239 
  0.01382774 151.2439 
  0.09274025 148.9977 
  0.01506808 146.7849 
  0.1268777 145.328 
  0.7157115 143.8855 
  0.518788 125.7574 
  0.7964137 125.1317 
  0.8119305 124.5092 
  0.803089 121.4426 
  0.08565951 119.639 
  0.175948 119.0438 
  0.56909 118.4515 
  0.8664325 119.0438 
  0.9721169 119.639 
  0.9783319 119.639 
  0.9427833 118.4515 
  0.9053273 116.6924 
  0.7629421 113.8184 
  0.2266931 112.6886 
  0.1228302 120.8384 
  0.3701137 122.0498 
  0.359924 123.2734 
  0.4074716 124.5092 
  0.3154569 125.7574 
  0.1150095 128.2915 
  0.03308249 130.8766 
  0.1427093 132.8496 
  0.1660451 134.1814 
  0.3194935 134.8523 
  0.1409958 134.8523 
  0.2607269 134.8523 
  0.2136182 134.8523 
  0.007071577 134.8523 
  -0.2116822 134.8523 
  -0.1880352 134.8523 
  -0.152963 134.8523 
  0.06599478 134.8523 
  -0.01762392 134.8523 
  0.1582356 134.8523 
  0.1323598 134.8523 
  0.2316012 134.8523 ]
