 [
  0.1420081 130.2255 
  -0.01371068 130.2255 
  -0.1353749 130.2255 
  -0.08350787 130.2255 
  0.01479808 130.2255 
  -0.1378112 130.2255 
  -0.154507 130.2255 
  -0.1943104 130.2255 
  -0.1762758 130.2255 
  -0.1010846 130.2255 
  -0.02721975 130.2255 
  -0.06237219 130.2255 
  -0.03444071 130.2255 
  0.3705168 130.2255 
  0.4367472 130.2255 
  0.7971603 128.9329 
  0.7588443 125.1317 
  0.9114515 123.2734 
  0.9069507 122.0498 
  0.801915 121.4426 
  0.6780033 119.639 
  0.8631546 120.2372 
  0.9523442 121.4426 
  0.9689258 122.6601 
  0.9704227 123.8897 
  0.9832393 124.5092 
  0.9597957 125.7574 
  0.9687434 126.3862 
  0.9621335 127.0181 
  0.9347715 128.9329 
  0.9033451 130.2255 
  0.9062212 130.8766 
  0.9065174 130.8766 
  0.9009511 130.8766 
  0.8824616 130.2255 
  0.7805248 129.5776 
  0.6765054 127.0181 
  0.1025262 128.2915 
  0.4783441 133.5138 
  0.6128448 127.6532 
  0.7246469 125.1317 
  0.8163558 123.8897 
  0.8817008 122.0498 
  0.9636369 121.4426 
  0.9831187 120.8384 
  0.9852313 120.8384 
  0.98876 120.8384 
  0.9797052 121.4426 
  0.9825567 121.4426 
  0.9882437 122.0498 
  0.9702074 122.0498 
  0.9674345 122.0498 
  0.926053 122.0498 
  0.9036651 120.8384 
  0.8911095 119.639 
  0.8620658 119.639 
  0.869523 120.2372 
  0.8810091 120.8384 
  0.8759983 120.8384 
  0.8872363 121.4426 
  0.8733671 120.2372 
  0.8376489 117.8622 
  0.6969686 116.1118 
  0.162125 116.1118 
  0.03915485 116.1118 
  -0.1077577 116.1118 
  -0.0607195 116.1118 
  -0.06356737 116.1118 
  0.03697884 116.1118 
  0.1141619 116.1118 
  -0.2546974 115.5342 
  -0.2277006 114.9594 
  -0.06747396 114.3874 
  0.1867621 113.8184 
  0.1191555 113.2521 
  0.6360306 113.2521 
  0.8107035 113.8184 
  0.8266072 112.6886 
  0.8495159 111.0151 
  0.9603825 109.9132 
  0.965964 110.4628 
  0.9682326 110.4628 
  0.9624398 110.4628 
  0.9463746 111.0151 
  0.9338043 110.4628 
  0.8638671 108.8223 
  0.883184 107.2061 
  0.9213622 106.142 
  0.9425438 106.142 
  0.9578116 106.6728 
  0.9715222 106.6728 
  0.9793111 107.2061 
  0.9769222 107.7421 
  0.955756 108.8223 
  0.939458 109.9132 
  0.9409027 111.0151 
  0.9236698 111.0151 
  0.9247549 111.0151 
  0.8669367 109.9132 
  0.8624322 109.3664 
  0.9170923 108.2809 
  0.7773208 107.2061 
  0.8791693 105.614 
  0.9548524 105.0885 
  0.9511974 104.5657 
  0.887239 103.5278 
  0.9331633 101.9903 
  0.9830365 100.978 
  0.914954 101.4829 
  0.4686091 100.978 
  0.3840098 98.98344 
  0.4491215 100.978 
  0.5315869 99.97575 
  0.4689586 101.9903 
  0.06343728 101.9903 
  0.5139604 101.9903 
  0.34663 101.9903 
  0.1616376 101.9903 
  0.06858002 101.9903 
  -0.04428257 101.9903 
  -0.06640354 101.9903 
  -0.04359683 101.9903 
  -0.07311058 101.9903 
  -0.02694651 101.9903 
  0.03393012 101.9903 
  0.05940929 101.9903 
  0.1382441 101.9903 
  0.04799271 101.9903 
  0.10826 101.9903 
  0.09474496 101.9903 
  -0.04389986 101.9903 ]
