 [
  -0.1078854 85.2277 
  0.07960529 85.2277 
  0.09739397 85.2277 
  0.09089932 85.2277 
  -0.03347398 85.2277 
  -0.09456308 85.2277 
  0.05699454 85.2277 
  -0.3625843 85.2277 
  -0.5021964 85.2277 
  -0.347066 85.2277 
  -0.2724309 85.2277 
  -0.08847319 85.2277 
  -0.03422065 85.2277 
  0.1734646 85.2277 
  0.5173526 85.2277 
  0.7525067 85.2277 
  0.8114595 85.2277 
  0.8462965 85.2277 
  0.7021518 86.0821 
  -0.1826209 88.25578 
  -0.01687825 90.48434 
  -0.007816956 92.7692 
  -0.04490718 95.11173 
  0.07963174 97.51342 
  0.2879405 99.97575 
  -0.3246398 102.5003 
  -0.0387887 105.0885 
  0.04357775 107.2061 
  0.02890857 109.3664 
  0.03459499 112.6886 
  0.3372763 115.5342 
  0.4184407 119.0438 
  0.8329675 119.639 
  0.7486131 116.6924 
  0.7425058 114.3874 
  0.7317992 111.5702 
  0.8227485 109.9132 
  0.924096 107.7421 
  0.950919 106.6728 
  0.9849309 105.614 
  0.9857357 105.0885 
  0.9839435 105.0885 
  0.9416752 104.5657 
  0.8832002 103.5278 
  0.8238471 101.4829 
  0.6918334 98.491 
  0.3203759 99.97575 
  0.2963891 101.9903 
  0.1908824 103.5278 
  0.06847323 105.0885 
  -0.02676434 105.614 
  -0.081442 106.142 
  -0.09325002 106.6728 
  0.0594502 107.2061 
  0.1632504 107.7421 
  0.06402318 108.2809 
  0.04181127 108.8223 
  0.003756252 109.3664 
  0.2782248 109.9132 
  0.6698815 109.9132 
  0.8423666 108.8223 
  0.9668887 106.6728 
  0.9747767 105.614 
  0.9899117 104.0455 
  0.9872035 103.5278 
  0.981119 102.5003 
  0.9584885 101.4829 
  0.966019 100.4756 
  0.9882355 99.47836 
  0.9844489 98.491 
  0.9707101 97.51342 
  0.8958237 96.54556 
  0.7360955 96.54556 
  0.1065874 97.02828 
  -0.04156842 98.00098 
  0.6698951 98.98344 
  0.1931049 99.47836 
  0.4683967 100.4756 
  0.7008296 100.4756 
  0.9243288 99.47836 
  0.9911231 98.98344 
  0.991281 98.98344 
  0.9903095 98.98344 
  0.9672918 99.47836 
  0.8773837 100.978 
  0.7418068 100.978 
  0.7675277 99.97575 
  0.9644054 98.491 
  0.98244 98.00098 
  0.9526579 97.02828 
  0.9711292 96.54556 
  0.9875712 96.06523 
  0.991087 96.06523 
  0.9802095 95.5873 
  0.9564731 94.63854 
  0.9411598 93.6992 
  0.9015178 92.30766 
  0.9198563 91.39146 
  0.9164714 90.48434 
  0.9207836 89.58624 
  0.8497145 89.14054 
  0.7775103 88.25578 
  0.7077724 86.51251 
  0.499047 82.3035 
  -0.1301417 83.12859 
  -0.2217771 83.96195 
  0.003541084 84.80367 
  -0.1038762 85.65383 
  0.2167075 86.51251 
  0.7078539 87.8167 
  0.4251198 87.8167 
  0.4927032 88.69706 
  0.007181489 92.30766 
  0.3420655 93.6992 
  0.1698131 95.5873 
  0.09959624 97.02828 
  0.06717923 98.491 
  0.1579186 99.97575 
  0.2369381 101.4829 
  0.151333 102.5003 
  0.2339563 103.5278 
  0.04317489 104.5657 
  -0.1389621 106.142 
  -0.04031434 107.2061 
  0.1907244 108.2809 
  0.6654127 109.3664 
  0.510014 111.5702 
  0.4745336 96.06523 
  0.9411216 96.54556 
  0.8046184 96.06523 
  0.6895132 93.23304 
  0.7267992 89.14054 
  -0.02024883 90.48434 
  0.1523402 92.7692 
  -0.2999088 94.63854 
  0.4274793 95.11173 
  0.3958032 90.48434 
  0.6355266 89.58624 
  0.9631242 89.58624 
  0.9585531 89.14054 
  0.944755 88.25578 
  0.9718912 86.94508 
  0.9603376 86.94508 
  0.9461559 87.8167 
  0.9425915 88.69706 
  0.8807552 88.69706 
  0.8635643 88.69706 
  0.8150353 86.94508 
  0.8136573 84.38177 
  0.7768908 82.3035 
  0.8194851 80.6778 
  0.6993235 80.27641 
  0.4933637 77.90971 
  0.517345 74.86229 
  0.3170926 73.38358 
  0.8122993 68.09386 
  0.7901044 68.09386 
  0.3758713 68.09386 
  0.2016568 67.75508 
  -0.06785046 67.75508 
  -0.0153808 67.75508 
  0.06418634 68.09386 
  0.1113492 68.43433 
  0.2494957 68.43433 
  0.3149993 68.43433 
  0.01117842 68.43433 
  -0.1000327 68.43433 
  -0.09795019 68.7765 
  0.04881373 68.7765 
  0.1295025 68.7765 
  0.2461649 68.7765 
  0.03807068 68.7765 
  -0.05475817 68.7765 
  -0.07389487 68.7765 
  -0.1578841 68.7765 
  -0.2577821 68.7765 
  -0.06264441 68.7765 
  -0.03045654 68.7765 
  -0.1192394 68.7765 
  0.02641969 68.7765 
  0.0618804 68.7765 
  0.03425208 68.7765 
  -0.06204163 68.7765 
  0.09742169 68.7765 
  0.05285006 68.7765 ]
