 [
  0.1126102 123.2734 
  0.02736278 123.2734 
  0.1433623 123.2734 
  0.2305455 123.2734 
  0.1669536 123.2734 
  0.02236437 123.2734 
  -0.05128732 123.2734 
  0.112575 123.2734 
  0.1743901 123.2734 
  0.2484375 123.2734 
  0.1855459 123.2734 
  0.1475748 123.2734 
  0.09703708 123.2734 
  0.2393783 123.2734 
  0.2683704 123.2734 
  0.6950021 123.2734 
  0.5297119 124.5092 
  0.7333549 125.7574 
  0.8835165 125.1317 
  0.8330029 122.6601 
  0.8120317 119.639 
  0.9200943 116.6924 
  0.912945 116.1118 
  0.8995228 116.6924 
  0.6746246 118.4515 
  0.48146 121.4426 
  0.6740469 124.5092 
  0.6928538 127.6532 
  0.7895262 130.8766 
  0.8213359 134.1814 
  0.74059 137.5696 
  0.321087 141.7487 
  0.6167861 145.328 
  0.8250704 149.7427 
  0.9080963 150.4914 
  0.9409257 153.5239 
  0.9624412 156.6175 
  0.9518605 158.9785 
  0.967473 162.182 
  0.9914638 163.8079 
  0.9701533 162.9929 
  0.9435339 160.5723 
  0.9326057 157.4006 
  0.8268088 157.4006 
  0.863308 158.1876 
  0.8273644 158.9785 
  0.7059501 159.7734 
  0.3810652 160.5723 
  0.3334804 161.3751 
  0.5566485 162.182 
  0.6696088 162.9929 
  0.8929929 163.8079 
  0.9816771 163.8079 
  0.9907447 163.8079 
  0.9962471 162.9929 
  0.862168 162.9929 
  0.8023491 163.8079 
  0.7658093 158.1876 
  0.8673377 155.8383 
  0.9682492 154.2915 
  0.9729365 152.7601 
  0.980681 151.2439 
  0.9778236 151.2439 
  0.9649482 150.4914 
  0.9224186 148.9977 
  0.8726328 145.328 
  0.7539006 141.7487 
  0.7917426 142.4574 
  0.1002823 143.1697 
  0.07083108 143.8855 
  0.0864661 144.605 
  0.0365164 145.328 
  0.2023983 146.0546 
  0.7770032 147.5188 
  0.9039968 146.7849 
  0.9255902 143.8855 
  0.8964298 141.0434 
  0.905389 137.5696 
  0.9674039 134.8523 
  0.9629961 132.8496 
  0.9487644 130.8766 
  0.971092 128.9329 
  0.9616532 128.2915 
  0.8598404 129.5776 
  0.6186486 130.8766 
  0.3258126 132.1886 
  0.1032111 134.1814 
  0.2698226 136.8852 
  0.6073105 141.0434 
  0.8410655 145.328 
  0.9589844 148.2564 
  0.9936029 148.9977 
  0.9920201 149.7427 
  0.9827306 149.7427 
  0.9835104 148.9977 
  0.9912145 148.2564 
  0.9459085 147.5188 
  0.8891472 146.7849 
  0.796661 146.0546 
  0.9732171 147.5188 
  0.9881639 148.2564 
  0.9876224 147.5188 
  0.9921911 146.7849 
  0.9929032 145.328 
  0.9885315 144.605 
  0.9554254 144.605 
  0.960992 145.328 
  0.9837144 146.0546 
  0.9990464 145.328 
  0.998632 144.605 
  0.9989903 144.605 
  0.9995645 144.605 
  0.9980509 145.328 
  0.9984174 145.328 
  0.9967252 146.0546 
  0.9959483 147.5188 
  0.9973407 148.9977 
  0.9992689 149.7427 
  1.000374 150.4914 
  1.000561 150.4914 
  1.000668 150.4914 
  0.9984447 149.7427 
  0.9927081 148.9977 
  0.9826337 146.0546 
  0.9702253 143.8855 
  0.936542 141.0434 
  0.9212583 137.5696 
  0.92502 134.8523 
  0.9563163 132.8496 
  0.9418655 132.8496 
  0.9436946 133.5138 
  0.9208004 135.5266 
  0.9313852 138.2575 
  0.970641 139.6435 
  0.9870507 139.6435 
  0.9822712 140.3417 
  0.9812348 141.0434 
  0.9837968 141.0434 
  0.9775066 139.6435 
  0.9855694 138.2575 
  0.9951162 136.8852 
  0.9979559 136.2042 
  0.995914 136.2042 
  0.9916493 136.2042 
  0.9726328 137.5696 
  0.9632113 138.9488 
  0.9488525 139.6435 
  0.7819793 135.5266 
  0.785811 132.1886 
  0.8592964 129.5776 
  0.8552902 127.6532 
  0.8126652 125.1317 
  0.03366376 126.3862 
  0.09649037 128.2915 
  -0.09580315 129.5776 
  0.5109707 131.531 
  0.4031059 133.5138 
  0.1161337 135.5266 
  0.1532764 137.5696 
  0.2820014 139.6435 
  0.4404034 141.7487 
  -0.01119585 143.8855 
  0.01035768 146.0546 
  0.1113048 148.2564 
  0.08450001 149.7427 
  0.0367754 151.2439 
  -0.005244998 155.063 
  0.06502874 158.9785 
  0.3357272 160.5723 
  0.1856372 160.5723 
  0.1625737 159.7734 
  0.1578721 158.9785 
  0.1282388 158.1876 
  0.661695 158.1876 
  0.7660658 158.9785 
  0.7377412 153.5239 
  0.7928492 150.4914 
  0.7197953 147.5188 
  0.5930598 146.0546 
  0.6450508 140.3417 
  0.9620829 137.5696 
  0.9794547 137.5696 
  0.9817488 137.5696 
  0.9795444 136.8852 
  0.9276032 137.5696 
  0.8855736 138.9488 
  0.9248755 140.3417 
  0.8395494 142.4574 
  0.8758851 143.1697 
  0.8409742 143.8855 
  0.8406534 144.605 
  0.8238966 145.328 
  0.8926366 146.0546 
  0.8874717 148.2564 
  0.9590486 151.2439 
  0.9756515 152.7601 
  0.9671358 153.5239 
  0.9566079 153.5239 
  0.9551828 152.7601 
  0.9297121 151.2439 
  0.9505356 150.4914 
  0.887701 148.9977 
  0.6866733 146.7849 
  0.5538885 142.4574 
  0.5091517 142.4574 
  0.5097326 142.4574 
  0.01755745 142.4574 
  -0.6644791 142.4574 
  0.1124801 142.4574 
  0.1208896 142.4574 
  -0.03763415 142.4574 
  0.1028449 142.4574 
  0.1403128 142.4574 
  0.09249164 142.4574 
  -0.03809932 142.4574 
  -0.2203194 142.4574 
  -0.1031233 142.4574 ]
