 [
  0.03883541 120.8384 
  -0.09616243 120.8384 
  0.05813449 120.8384 
  0.2611091 120.8384 
  0.09892835 120.8384 
  0.1699215 120.8384 
  0.2834736 120.8384 
  0.0906503 120.8384 
  -0.08849305 120.8384 
  -0.3684061 120.8384 
  0.04970241 120.8384 
  0.1873944 120.8384 
  0.03517682 120.8384 
  -0.567711 120.8384 
  0.01781194 120.8384 
  -0.01957744 120.8384 
  0.12045 120.8384 
  -0.153076 120.8384 
  0.001212841 120.8384 
  -0.307975 120.8384 
  -0.3127195 120.8384 
  -0.1762666 120.8384 
  0.1182965 120.8384 
  0.2887444 120.8384 
  0.4066601 120.8384 
  0.400873 107.7421 
  0.3721086 119.0438 
  0.7996615 117.2759 
  0.9716961 115.5342 
  0.9464366 114.9594 
  0.9334332 114.3874 
  0.9284241 113.2521 
  0.9325649 112.6886 
  0.9783019 112.128 
  0.9866705 111.5702 
  0.9799929 111.5702 
  0.9685897 111.5702 
  0.9558904 111.0151 
  0.9420433 109.9132 
  0.9292554 108.2809 
  0.9500496 107.2061 
  0.9108037 105.0885 
  0.8648663 103.5278 
  0.7544215 101.4829 
  0.201162 99.97575 
  0.2106743 100.978 
  0.0285251 102.5003 
  0.01614751 103.5278 
  -0.06644539 105.0885 
  -0.03861957 106.6728 
  0.06126593 108.2809 
  0.04355269 109.3664 
  0.03626794 111.0151 
  0.1124202 112.6886 
  0.0970291 113.2521 
  0.161878 113.8184 
  -0.2794624 115.5342 
  0.1059532 116.6924 
  -0.1303751 118.4515 
  -0.230499 119.639 
  -0.2326969 120.8384 
  -0.2014371 122.0498 
  -0.2184162 123.2734 
  -0.02276664 124.5092 
  0.2806107 125.7574 
  0.7764351 132.1886 
  0.8773314 131.531 
  0.9841425 131.531 
  0.9919968 131.531 
  0.9939691 131.531 
  0.9952244 132.1886 
  0.9855756 132.8496 
  0.9873687 134.1814 
  0.9944378 134.8523 
  0.9920537 135.5266 
  0.9689057 135.5266 
  0.8979236 134.8523 
  0.8405303 131.531 
  0.6008579 127.6532 
  0.877518 127.6532 
  0.8898959 127.0181 
  0.896255 126.3862 
  0.9459066 125.7574 
  0.9743863 124.5092 
  0.7007198 123.2734 
  0.4598866 122.0498 
  0.6332067 122.0498 
  0.6371714 113.8184 
  0.9509087 110.4628 
  0.9746985 108.8223 
  0.9794127 107.7421 
  0.9737307 106.6728 
  0.9872533 105.0885 
  0.9791364 104.0455 
  0.8722369 103.5278 
  0.7095685 103.0128 
  -0.02953627 104.0455 
  -0.2078907 105.614 
  0.2269037 107.7421 
  0.7704154 109.9132 
  0.7365749 112.128 
  -0.05936719 114.3874 
  -0.2333495 116.6924 
  -0.2408084 119.0438 
  -0.07483216 121.4426 
  0.06506948 123.8897 
  0.05565547 124.5092 
  0.1001231 124.5092 
  0.04616884 124.5092 
  0.01999278 124.5092 
  0.09257235 125.1317 
  -0.1135223 126.3862 
  0.5460361 127.6532 
  0.7092876 128.9329 
  0.7795342 127.0181 
  0.9201442 126.3862 
  0.9934065 125.7574 
  0.9952399 126.3862 
  0.9904394 126.3862 
  0.9843838 127.0181 
  0.9894992 127.0181 
  0.9866718 127.6532 
  0.9870748 127.6532 
  0.9918258 128.9329 
  0.982763 130.2255 
  0.9947677 130.8766 
  0.9909242 130.8766 
  0.9375863 130.2255 
  0.8649288 130.2255 
  0.9466563 132.8496 
  0.9978595 134.8523 
  0.9289059 136.8852 
  0.9296928 136.8852 
  0.9376118 135.5266 
  0.9951597 134.1814 
  0.9994815 134.1814 
  0.9996224 134.1814 
  0.9986798 134.1814 
  0.9967379 134.8523 
  0.9952395 134.8523 
  0.99102 134.8523 
  0.9917907 134.8523 
  0.9908663 134.8523 
  0.9908271 134.8523 
  0.9922666 134.8523 
  0.9895764 134.1814 
  0.9839849 133.5138 
  0.9730124 132.8496 
  0.9260556 132.1886 
  0.8662798 129.5776 
  0.885803 127.6532 
  0.8433399 127.6532 
  0.8656909 128.2915 
  0.9202939 128.9329 
  0.9494402 128.9329 
  0.9600316 128.9329 
  0.9603963 128.9329 
  0.9774666 128.9329 
  0.987766 128.2915 
  0.9898654 127.6532 
  0.9898295 127.0181 
  0.9901286 126.3862 
  0.9887568 125.1317 
  0.9356709 123.8897 
  0.6757579 123.2734 
  0.7451708 119.639 
  0.8830258 117.8622 
  0.9756286 117.2759 
  0.9864825 116.6924 
  0.9730083 116.1118 
  0.9735826 116.1118 
  0.9435693 114.9594 
  0.9123101 113.2521 
  0.9224722 111.5702 
  0.8705503 109.3664 
  0.8305537 107.2061 
  0.8161563 105.614 
  0.8514017 103.5278 
  0.8607662 101.4829 
  0.9306866 100.4756 
  0.9797677 99.47836 
  0.9745426 98.491 
  0.9612027 97.02828 
  0.968713 95.5873 
  0.8432801 94.63854 
  0.8071163 92.7692 
  0.8277484 91.39146 
  0.9212836 90.48434 
  0.9661589 90.03418 
  0.9715229 90.03418 
  0.9350154 89.58624 
  0.9682816 88.25578 
  0.9808768 87.8167 
  0.9361209 86.94508 
  0.9372637 86.51251 
  0.7901483 86.51251 
  0.3901178 87.3798 
  -0.3865139 88.69706 
  0.1102067 90.03418 
  0.1573509 90.93677 
  0.2039384 92.30766 
  0.192932 93.6992 
  0.02121172 95.11173 
  0.02072951 96.54556 
  0.1522574 98.00098 
  0.1799182 99.47836 
  0.08429507 100.978 
  0.1030651 102.5003 
  0.02544417 104.0455 
  0.1078072 105.614 
  0.2200934 107.7421 
  0.1574378 109.9132 
  0.1468201 112.6886 
  0.3454266 115.5342 
  0.6054363 116.1118 
  0.4087933 107.7421 
  0.6575639 104.0455 
  0.7100992 100.978 
  0.796112 98.00098 
  0.8831604 95.11173 
  0.9714798 94.63854 
  0.9755341 94.63854 
  0.9631772 94.63854 
  0.9339495 95.11173 
  0.9825617 95.5873 
  0.9724413 96.06523 
  0.9516335 96.54556 
  0.947574 97.51342 
  0.9577357 98.00098 
  0.9647147 97.51342 
  0.9826962 97.02828 
  0.9891911 97.02828 
  0.9921386 97.02828 
  0.9830965 96.54556 
  0.9521153 95.5873 
  0.9086564 95.11173 
  0.8375374 95.11173 
  0.5634872 96.06523 
  0.3252585 98.00098 
  0.7173516 100.4756 
  0.7831185 103.0128 
  0.6733679 105.614 
  0.3458211 108.8223 
  -0.01451483 112.128 
  0.08145059 115.5342 
  0.1845637 116.6924 
  0.4826675 116.6924 
  0.6482913 111.0151 
  0.7731138 107.2061 
  0.9400666 106.6728 
  0.981198 106.6728 
  0.9713054 107.7421 
  0.9799117 108.2809 
  0.9771892 108.8223 
  0.9852753 109.3664 
  0.9814388 109.9132 
  0.987579 110.4628 
  0.9879894 110.4628 
  0.988369 111.0151 
  0.9898643 111.0151 
  0.9661455 112.128 
  0.9511015 112.6886 
  0.951423 114.3874 
  0.9268622 116.1118 
  0.9542932 117.8622 
  0.9657557 119.639 
  0.9714733 120.2372 
  0.9521329 121.4426 
  0.8898278 122.0498 
  0.7976521 120.8384 
  0.7204186 118.4515 
  -0.1264307 117.8622 
  -0.01018305 117.8622 
  0.1355098 117.8622 
  0.1188177 117.8622 
  0.5468372 117.8622 
  0.1441227 117.8622 
  0.1983495 117.8622 
  0.1123649 117.8622 
  0.192561 117.8622 
  -0.1301013 117.8622 
  0.4316617 117.8622 
  0.545957 117.2759 
  0.6846658 116.1118 
  0.7508996 114.3874 
  0.8550704 112.6886 
  0.9451359 111.5702 
  0.9856196 111.0151 
  0.9889133 109.9132 
  0.9953123 109.3664 
  0.9880488 108.8223 
  0.9067076 107.7421 
  0.6891127 106.6728 
  0.5671088 105.614 
  0.5120047 104.5657 
  -0.004136354 103.5278 
  -0.02230677 103.0128 
  0.02097132 102.5003 
  0.106862 101.9903 
  -0.07627866 101.4829 
  -0.1842323 100.978 
  -0.3058734 100.4756 
  0.05184261 99.97575 
  0.1379394 99.97575 
  -0.2276467 99.97575 
  0.05391246 99.47836 
  0.3365329 104.5657 
  0.6005454 106.6728 
  0.9399667 107.2061 
  0.9653686 106.142 
  0.9424706 105.0885 
  0.9544938 104.5657 
  0.9911011 104.0455 
  0.9816018 103.5278 
  0.9769937 103.0128 
  0.9801222 102.5003 
  0.942148 102.5003 
  0.8580657 102.5003 
  0.7002736 101.9903 
  0.5520066 99.97575 
  0.2767847 101.4829 
  0.8834699 101.4829 
  0.8892701 100.4756 
  0.9824011 99.47836 
  0.996379 99.47836 
  0.9979816 98.98344 
  0.99721 98.98344 
  0.8912593 99.47836 
  0.9053231 98.98344 
  0.9525803 98.00098 
  0.9780467 97.51342 
  0.9911164 97.51342 
  0.9930007 97.51342 
  0.9674428 97.02828 
  0.9607822 96.54556 
  0.9547352 96.54556 
  0.9393961 97.02828 
  0.9137593 97.51342 
  0.8647782 98.00098 
  0.7939374 97.51342 
  0.02510918 97.02828 
  -0.08564501 96.54556 
  -0.1131179 96.06523 
  -0.2088842 95.5873 
  -0.1258477 95.11173 
  0.01018729 94.63854 
  0.1838119 94.1677 
  0.1260552 93.6992 
  -0.07054208 93.23304 
  -0.1655747 92.7692 
  0.0117731 92.30766 
  0.05388232 91.84841 
  -0.1214133 91.84841 
  -0.2569489 91.84841 
  0.4559171 91.39146 
  0.4350225 92.7692 
  0.6913971 94.1677 
  0.8526536 95.5873 
  0.9648327 94.63854 
  0.9529043 94.63854 
  0.9197654 95.5873 
  0.9865735 96.06523 
  0.9887555 96.06523 
  0.9921959 95.5873 
  0.9913338 95.11173 
  0.934834 94.63854 
  0.8865595 94.63854 
  0.609394 95.5873 
  0.3303469 97.51342 
  0.5031656 100.978 
  0.7558689 100.4756 
  0.9002122 100.978 
  0.8800483 100.978 
  0.8270789 99.97575 
  0.8990436 98.98344 
  0.9471888 98.98344 
  0.9648494 99.97575 
  0.9842285 100.4756 
  0.9792495 100.978 
  0.95069 100.978 
  0.9482679 101.4829 
  0.9452473 101.9903 
  0.8985653 101.9903 
  0.7923431 101.4829 
  0.7254755 101.9903 
  -0.08722027 103.5278 
  0.2474997 105.0885 
  0.3633955 106.142 
  0.2661889 107.2061 
  0.2371894 108.8223 
  0.1469873 109.9132 
  -0.02056702 111.0151 
  -0.04704242 112.128 
  -0.05730544 113.2521 
  0.09059516 114.3874 
  0.2439041 115.5342 
  0.4140968 116.6924 
  0.3263136 111.0151 
  0.5443418 107.7421 
  0.9574155 106.142 
  0.92415 104.0455 
  0.9509792 102.5003 
  0.9609916 101.9903 
  0.9681622 102.5003 
  0.9714624 103.0128 
  0.9470927 103.5278 
  0.9612183 104.0455 
  0.9656137 104.5657 
  0.9196383 105.614 
  0.9546054 105.614 
  0.9677544 105.614 
  0.9490957 105.0885 
  0.8598233 104.0455 
  0.7378261 103.5278 
  0.9469018 105.614 
  0.9840161 106.142 
  0.9838054 105.614 
  0.9852695 104.5657 
  0.9904846 103.5278 
  0.9936828 102.5003 
  0.9934925 101.9903 
  0.9678547 100.978 
  0.9396829 99.97575 
  0.7177764 102.5003 
  0.2878774 99.47836 
  0.4324615 94.63854 
  0.8709204 93.23304 
  0.7785109 91.39146 
  0.9697984 89.14054 
  0.9755529 88.69706 
  0.9415475 89.14054 
  0.9061104 90.03418 
  0.9275556 91.39146 
  0.8681803 91.84841 
  0.8625381 91.84841 
  0.7663578 92.7692 
  0.4102454 93.23304 
  0.3336724 94.1677 
  0.3223899 94.1677 
  0.6063838 94.1677 
  0.1918008 94.1677 
  0.2914723 94.1677 
  0.2765105 94.63854 
  0.07581634 95.11173 
  0.2226709 95.11173 
  0.3382851 95.5873 
  0.1511948 96.06523 
  -0.01403011 96.06523 
  -0.01158526 96.06523 
  -0.06488153 96.06523 
  0.0826482 96.06523 
  0.2586276 96.06523 
  0.0594991 96.06523 
  0.2158249 96.06523 
  0.2168974 96.06523 
  -0.006361816 96.06523 
  -0.05439493 96.06523 
  -0.04936886 96.06523 
  -0.05789024 96.06523 
  -0.1788019 96.06523 
  0.0324782 96.06523 
  0.06997663 96.06523 
  -0.2781491 96.06523 
  -0.1138288 96.06523 
  -0.04009732 96.06523 
  -0.1723252 96.06523 
  -0.2578287 96.06523 
  -0.2835334 96.06523 
  -0.1455103 96.06523 
  -0.2655916 96.06523 ]
