 [
  0.1364948 269.7372 
  0.1417128 269.7372 
  0.04870869 269.7372 
  0.1209414 269.7372 
  0.2779782 269.7372 
  0.3339262 269.7372 
  0.03555743 269.7372 
  -0.1406715 269.7372 
  -0.3061561 269.7372 
  -0.07240049 269.7372 
  -0.02962016 269.7372 
  0.08415177 269.7372 
  0.07745175 269.7372 
  0.1193058 269.7372 
  0.1823915 269.7372 
  0.4336174 269.7372 
  0.3562273 269.7372 
  -0.1403256 269.7372 
  -0.2198262 269.7372 
  0.2668165 269.7372 
  0.1698721 268.3953 
  -0.07652562 264.4093 
  -0.0003107935 260.4825 
  -0.115865 256.614 
  -0.091157 251.5452 
  0.07459483 246.5766 
  0.8405349 241.7061 
  0.8419625 231.0963 
  0.9334632 228.8026 
  0.9769654 226.5316 
  0.9840746 225.4046 
  0.9883212 223.1673 
  0.9947612 222.057 
  0.9866709 220.9523 
  0.9489292 220.9523 
  0.9334629 219.853 
  0.8079746 217.6709 
  0.3936968 220.9523 
  0.4837649 225.4046 
  0.7885166 229.9466 
  0.5643873 234.5801 
  -0.2952983 239.307 
  -0.2030499 242.9146 
  0.6366508 246.5766 
  0.6839091 238.1164 
  0.7854172 232.2518 
  0.9800206 226.5316 
  0.9815497 222.057 
  0.9917405 218.7592 
  0.9993637 217.6709 
  0.9980751 216.5879 
  0.9952559 214.4382 
  0.9771147 211.2535 
  0.9441085 209.1568 
  0.8537512 208.1162 
  0.5317857 210.2025 
  -0.003643951 213.3714 
  0.1459729 216.5879 
  0.2710387 219.853 
  0.1668481 223.1673 
  0.007568953 226.5316 
  -0.2543959 229.9466 
  -0.2523607 233.4131 
  -0.2829368 236.9318 
  0.08765325 239.307 
  0.3898392 242.9146 
  0.05849273 246.5766 
  -0.06048624 250.2938 
  -0.1144175 254.067 
  0.1111077 257.8971 
  0.4211195 261.7849 
  0.839949 245.3498 
  0.9247064 246.5766 
  0.9921525 249.0485 
  0.995535 251.5452 
  0.9909201 254.067 
  0.9895729 257.8971 
  0.9952736 261.7849 
  0.9973565 264.4093 
  0.9966781 267.06 
  0.9960732 268.3953 
  0.99484 268.3953 
  0.9912459 268.3953 
  0.9786626 265.7313 
  0.96065 263.0938 
  0.9264719 264.4093 
  0.5429094 265.7313 
  0.111624 268.3953 
  0.2551266 269.7372 
  0.1239889 271.0859 
  -0.1074061 272.4414 
  0.1242839 275.1726 
  0.01240081 277.9312 
  0.1478011 279.3209 
  -0.110838 280.7175 
  -0.08993947 282.1211 
  0.1144011 283.5317 
  0.2657984 286.3741 
  0.7271649 289.245 
  0.8197705 279.3209 
  0.86806 272.4414 
  0.9681551 261.7849 
  0.9728857 252.8029 
  0.9803531 247.8095 
  0.9852516 246.5766 
  0.974793 250.2938 
  0.9802779 252.8029 
  0.9665314 251.5452 
  0.9507479 250.2938 
  0.9598827 245.3498 
  0.9161668 234.5801 
  0.9654394 226.5316 
  0.9794884 222.057 
  0.9679682 219.853 
  0.9604434 219.853 
  0.9569815 222.057 
  0.932601 224.2832 
  0.3708783 227.6642 
  0.8477595 225.4046 
  0.9323739 224.2832 
  0.9942145 224.2832 
  0.9922912 225.4046 
  0.9880888 224.2832 
  0.9819795 223.1673 
  0.9721358 220.9523 
  0.9904352 219.853 
  0.9927361 218.7592 
  0.9957024 218.7592 
  0.9911864 218.7592 
  0.9922663 218.7592 
  0.9927184 218.7592 
  0.9936734 219.853 
  0.9943474 220.9523 
  0.9965449 220.9523 
  0.9956231 222.057 
  0.9973071 223.1673 
  0.9970519 224.2832 
  0.9975524 224.2832 
  0.9987298 224.2832 
  0.9942919 224.2832 
  0.9789843 223.1673 
  0.9569475 218.7592 
  0.8942754 216.5879 
  0.5847467 215.5104 
  0.07537387 220.9523 
  0.1330616 224.2832 
  0.5523386 226.5316 
  0.5814526 228.8026 
  0.503993 229.9466 
  0.6721641 231.0963 
  0.04640026 232.2518 
  -0.07837778 233.4131 
  0.1889506 234.5801 
  0.1131318 235.753 
  0.1165576 235.753 
  -0.04729532 234.5801 
  -0.08384811 232.2518 
  -0.08131412 229.9466 
  -0.08879521 227.6642 
  -0.1101696 225.4046 
  -0.08960999 223.1673 
  0.6416407 220.9523 
  0.6769423 218.7592 
  0.8327792 216.5879 
  0.9891641 214.4382 
  0.9646914 212.3098 
  0.922907 210.2025 
  0.7621583 208.1162 
  0.3722299 208.1162 
  -0.0254908 208.1162 
  -0.09991699 209.1568 
  -0.08726092 210.2025 
  0.1187696 211.2535 
  0.0754218 212.3098 
  0.09445023 212.3098 
  0.0386962 211.2535 
  -0.1200774 210.2025 
  -0.1626574 209.1568 
  -0.105368 208.1162 
  0.2203536 207.0808 
  0.6578124 211.2535 
  0.8638481 209.1568 
  0.9741805 207.0808 
  0.9929565 206.0505 
  0.9929658 205.0254 
  0.9678092 204.0054 
  0.930059 202.9904 
  0.9006902 205.0254 
  0.971518 209.1568 
  0.9825047 210.2025 
  0.9872 210.2025 
  0.9896576 209.1568 
  0.9886993 208.1162 
  0.989355 206.0505 
  0.9976552 205.0254 
  0.995031 205.0254 
  0.9885068 205.0254 
  0.9667526 206.0505 
  0.957015 209.1568 
  0.9658022 212.3098 
  0.9875058 214.4382 
  0.9660024 214.4382 
  0.9292586 213.3714 
  0.8760821 211.2535 
  0.346329 211.2535 
  -0.1169179 211.2535 
  -0.2195024 211.2535 
  0.1978687 211.2535 
  -0.1640901 211.2535 
  -0.07064071 211.2535 
  -0.05131171 210.2025 
  -0.1148822 210.2025 
  -0.003842073 210.2025 
  0.4941754 197.9909 
  0.7115288 196.0257 
  0.9629992 195.0505 
  0.9493208 192.1537 
  0.9620283 189.3 
  0.9708202 187.4211 
  0.9945684 188.3582 
  0.992359 187.4211 
  0.9942889 186.4887 
  0.9925628 185.5609 
  0.9970763 184.6377 
  0.997508 183.7191 
  0.9955335 183.7191 
  0.9680994 184.6377 
  0.9169399 186.4887 
  0.819886 188.3582 
  0.4514816 190.2465 
  0.06677053 192.1537 
  -0.1218328 194.0801 
  -0.2432411 197.0059 
  -0.1613984 198.9809 
  0.1270425 200.9756 
  0.2360427 202.9904 
  0.2430098 205.0254 
  0.1743418 207.0808 
  -0.1180691 209.1568 
  0.09666149 211.2535 
  0.1409392 213.3714 
  0.0275416 215.5104 
  -0.1873038 217.6709 
  0.1346 219.853 
  0.5699733 223.1673 
  0.7899317 219.853 
  0.9615091 216.5879 
  0.9854556 213.3714 
  0.9944063 212.3098 
  0.9975046 212.3098 
  0.9948273 213.3714 
  0.9930362 214.4382 
  0.983525 216.5879 
  0.9757744 218.7592 
  0.9882151 222.057 
  0.9896734 224.2832 
  0.9754417 224.2832 
  0.9041285 222.057 
  0.8687144 217.6709 
  0.01159283 217.6709 
  0.6034592 218.7592 
  0.3563583 219.853 
  0.563557 220.9523 
  0.3633134 222.057 
  0.1653721 223.1673 
  0.2633365 224.2832 
  -0.08737608 225.4046 
  -0.08316365 226.5316 
  -0.299902 227.6642 
  0.007620763 228.8026 
  0.1092303 229.9466 
  0.1130923 231.0963 
  0.1643321 232.2518 
  0.03105169 232.2518 
  0.02964212 233.4131 
  -0.04291021 234.5801 
  -0.1850578 233.4131 
  -0.1691795 232.2518 
  -0.0996439 231.0963 
  0.8565773 229.9466 
  0.8573651 226.5316 
  0.9154282 223.1673 
  0.9943271 218.7592 
  0.9948777 216.5879 
  0.9934196 214.4382 
  0.9953539 212.3098 
  0.9969062 211.2535 
  0.9980414 210.2025 
  0.9970538 210.2025 
  0.996227 209.1568 
  0.9928915 208.1162 
  0.9951178 206.0505 
  0.9957396 205.0254 
  0.9899178 204.0054 
  0.9445984 201.9805 
  0.9099714 199.9758 
  0.7736822 198.9809 
  0.2249031 198.9809 
  -0.3002465 198.9809 
  -0.06153024 198.9809 
  0.1192905 198.9809 
  0.1683978 198.9809 
  0.07123307 197.9909 
  0.1493551 197.0059 
  0.5341872 196.0257 
  0.7735821 193.1145 
  0.8294181 189.3 
  0.9609558 185.5609 
  0.9885753 182.8051 
  0.9880987 180.0902 
  0.979965 177.4156 
  0.9817122 175.6547 
  0.991679 173.046 
  0.9680328 171.3284 
  0.9458786 171.3284 
  0.8713876 173.9112 
  0.8284971 176.533 
  0.7747586 178.3027 
  0.9192676 180.0902 
  0.8244953 181.8956 
  0.7006258 183.7191 
  0.3131257 185.5609 
  0.05287081 187.4211 
  0.02032309 190.2465 
  -0.01643558 192.1537 
  0.2653821 194.0801 
  0.07875457 196.0257 
  0.5766044 197.9909 
  0.812548 199.9758 
  0.7249379 201.9805 
  0.8349419 202.9904 
  0.9096811 201.9805 
  0.9657884 198.9809 
  0.9802698 196.0257 
  0.9783623 193.1145 
  0.9544666 191.1978 
  0.9048949 191.1978 
  0.7942375 192.1537 
  0.4614055 192.1537 
  0.01979531 192.1537 
  0.08934379 192.1537 
  -0.001535842 192.1537 
  0.2267623 192.1537 
  0.2243153 192.1537 
  0.2393062 192.1537 
  -0.08687863 192.1537 
  -0.06714277 192.1537 
  -0.1774918 193.1145 
  -0.05215915 194.0801 
  -0.03858401 195.0505 
  -0.02242706 195.0505 
  -0.02975345 195.0505 
  0.0422184 194.0801 
  -0.130908 192.1537 
  0.01180637 190.2465 
  0.475338 188.3582 
  0.7000797 197.0059 
  0.9095705 199.9758 
  0.9849541 201.9805 
  0.9929473 202.9904 
  0.9930077 201.9805 
  0.9910973 202.9904 
  0.9900337 202.9904 
  0.9954282 204.0054 
  0.9943845 204.0054 
  0.9894919 205.0254 
  0.9841582 207.0808 
  0.9957178 208.1162 
  0.9954753 210.2025 
  0.9957247 211.2535 
  0.9917349 212.3098 
  0.9903137 213.3714 
  0.9852946 214.4382 
  0.9869919 214.4382 
  0.9863066 213.3714 
  0.9968734 212.3098 
  0.9975402 211.2535 
  0.9983179 210.2025 
  0.9978617 210.2025 
  0.9973421 210.2025 
  0.9935148 209.1568 
  0.99197 207.0808 
  0.9908906 205.0254 
  0.9592844 201.9805 
  0.7970892 196.0257 
  0.7606876 193.1145 
  0.3003959 194.0801 
  -0.001933181 198.9809 
  0.002715067 205.0254 
  0.3034598 197.0059 
  0.7671056 195.0505 
  0.9786288 196.0257 
  0.9916074 196.0257 
  0.990869 196.0257 
  0.9883991 196.0257 
  0.9925092 197.0059 
  0.9962341 196.0257 
  0.997928 196.0257 
  0.9969106 196.0257 
  0.9668599 197.9909 
  0.9579018 197.9909 
  0.9517349 196.0257 
  0.9867287 194.0801 
  0.9971017 194.0801 
  0.9947219 194.0801 
  0.9944414 194.0801 
  0.9890521 193.1145 
  0.99207 192.1537 
  0.997853 191.1978 
  0.9981786 191.1978 
  0.9962966 191.1978 
  0.9943506 190.2465 
  0.9961454 190.2465 
  0.9886855 188.3582 
  0.9797091 187.4211 
  0.9885996 185.5609 
  0.994606 184.6377 
  0.9936175 183.7191 
  0.9895824 181.8956 
  0.9952422 180.9906 
  0.9958775 180.9906 
  0.9945462 180.0902 
  0.996136 180.0902 
  0.9929051 179.1942 
  0.9899688 178.3027 
  0.9919907 177.4156 
  0.9832793 176.533 
  0.9772088 176.533 
  0.9856674 176.533 
  0.9955751 177.4156 
  0.9969435 178.3027 
  0.9973962 179.1942 
  0.9933469 180.0902 
  0.9863432 180.9906 
  0.9693667 180.9906 
  0.9451731 180.9906 
  0.9146313 180.9906 
  0.6329406 180.9906 
  0.1903407 180.9906 
  -0.03194836 180.9906 ]
