 [
  0.05150653 147.5188 
  -0.07198758 147.5188 
  0.05038776 147.5188 
  0.07050493 147.5188 
  0.08930092 147.5188 
  -0.09180807 147.5188 
  0.00809641 147.5188 
  0.02935312 147.5188 
  0.07593022 147.5188 
  -0.09758285 147.5188 
  0.1208049 147.5188 
  0.06195971 147.5188 
  -0.3883941 147.5188 
  0.4362736 147.5188 
  0.3985927 147.5188 
  0.3011916 147.5188 
  0.1313745 147.5188 
  0.317167 148.2564 
  0.4138242 146.7849 
  0.6844926 148.9977 
  0.9589927 149.7427 
  0.9800919 150.4914 
  0.9736791 150.4914 
  0.9721054 148.9977 
  0.8815616 147.5188 
  0.7397588 144.605 
  0.9786139 145.328 
  0.9900486 144.605 
  0.9670141 143.8855 
  0.9465839 143.1697 
  0.9662147 141.7487 
  0.9937286 142.4574 
  0.9969199 142.4574 
  0.9984746 142.4574 
  0.9968791 142.4574 
  0.9966443 141.7487 
  0.993345 141.7487 
  0.9887853 141.7487 
  0.991829 141.7487 
  0.9877508 141.7487 
  0.9892069 142.4574 
  0.9899138 143.1697 
  0.9843233 141.7487 
  0.9607149 139.6435 
  0.9297991 136.8852 
  0.9017571 132.8496 
  0.8514326 128.9329 
  0.614046 127.0181 
  0.01027268 127.0181 
  -0.009668319 127.6532 
  0.09205399 128.2915 
  0.07690495 128.9329 
  0.6230339 129.5776 
  0.516977 126.3862 
  0.4274919 123.8897 
  0.665458 119.0438 
  -0.1123527 116.6924 
  -0.4681632 116.1118 
  -0.04351219 115.5342 
  0.2497115 114.9594 
  0.7498264 114.3874 
  0.7144027 112.128 
  0.8670357 112.128 
  0.923709 111.5702 
  0.9382439 111.0151 
  0.9789629 110.4628 
  0.9808764 110.4628 
  0.9898275 111.0151 
  0.9951461 111.5702 
  0.9852616 111.0151 
  0.9737528 111.0151 
  0.9630576 111.0151 
  0.9435963 110.4628 
  0.899881 110.4628 
  0.8657775 109.9132 
  0.9745009 111.5702 
  0.8898063 113.2521 
  0.9360172 113.2521 
  0.8779472 112.128 
  0.9460274 111.0151 
  0.9743977 110.4628 
  0.9552497 109.3664 
  0.9595501 107.7421 
  0.9325637 107.2061 
  0.8720436 107.2061 
  0.7973483 106.6728 
  0.4836772 107.2061 
  0.74761 108.2809 
  0.6327232 109.9132 
  0.3558037 111.5702 
  0.03788955 113.8184 
  -0.07869808 116.1118 
  0.2064419 118.4515 
  0.5901641 119.639 
  0.8169327 117.8622 
  0.9735073 116.1118 
  0.9297295 117.8622 
  0.951232 119.639 
  0.9848651 120.8384 
  0.9909284 120.8384 
  0.9789202 120.2372 
  0.9824332 119.0438 
  0.9785948 117.8622 
  0.9656857 117.2759 
  0.9527781 116.1118 
  0.9140886 114.9594 
  0.8831662 113.2521 
  0.9022957 112.128 
  0.9330672 112.128 
  0.9654762 111.5702 
  0.9803815 111.5702 
  0.8910118 112.128 
  0.875593 112.6886 
  0.8576971 113.2521 
  0.7078935 110.4628 
  0.6749845 107.2061 
  0.3318869 104.5657 
  -0.1188566 105.614 
  -0.3244676 106.6728 
  -0.03982968 107.7421 
  -0.0536226 108.8223 
  0.2865854 109.9132 
  0.6479646 111.0151 
  0.2306095 112.128 
  -0.09451607 113.8184 
  -0.3563188 115.5342 
  -0.1574076 116.6924 
  -0.2961909 117.8622 
  0.2132382 119.0438 
  0.08734703 120.2372 
  0.5595891 119.639 
  0.6491621 119.639 
  0.7464161 117.2759 
  0.909799 114.9594 
  0.9339008 114.3874 
  0.9770523 113.2521 
  0.9580846 112.6886 
  0.9653254 111.5702 
  0.9675844 110.4628 
  0.9556601 109.9132 
  0.9390436 109.3664 
  0.970928 108.2809 
  0.9788791 108.2809 
  0.9782768 107.7421 
  0.9683892 107.7421 
  0.971073 106.6728 
  0.9681729 106.6728 
  0.9289765 105.614 
  0.9336652 104.0455 
  0.9507989 104.0455 
  0.9625166 105.0885 
  0.8937036 106.6728 
  0.9247223 107.2061 
  0.9172593 106.6728 
  0.9251083 105.614 
  0.8320779 104.0455 
  0.8967928 103.5278 
  0.9334165 103.5278 
  0.9632976 103.0128 
  0.9554586 103.0128 
  0.925913 102.5003 
  0.8891619 101.9903 
  0.8120648 101.4829 
  0.7733337 100.4756 
  0.6792792 101.9903 
  0.3718053 101.4829 
  0.4126002 102.5003 
  0.3199748 103.5278 
  0.3460026 104.5657 
  0.3889782 106.142 
  0.6696853 108.8223 
  0.607522 108.8223 
  0.828194 108.8223 
  0.94596 107.7421 
  0.9625936 107.2061 
  0.984733 106.142 
  0.9548426 105.614 
  0.8901145 104.5657 
  0.8186743 104.0455 
  0.6301064 102.5003 
  -0.1286927 102.5003 
  0.02117612 102.5003 
  -0.006409613 102.5003 
  0.07112626 102.5003 
  0.0261656 102.5003 
  0.05684338 102.5003 
  0.02100623 102.5003 
  0.09980226 102.5003 
  -0.146501 102.5003 
  -0.1476307 102.5003 
  0.1734644 102.5003 
  0.4390095 101.4829 
  0.4408056 99.97575 
  0.3418317 98.98344 
  0.04194715 98.491 
  0.03242679 97.51342 
  0.0706232 97.02828 
  -0.01344583 97.02828 
  -0.1701123 97.02828 
  0.3229395 97.02828 
  0.4634893 97.02828 
  0.5194699 97.02828 
  0.4909742 97.02828 
  0.2095279 97.02828 
  -0.07514579 97.02828 
  -0.03500601 97.02828 
  -0.01008534 97.02828 
  0.1010418 97.02828 
  0.1661046 97.02828 
  0.1260061 97.02828 
  0.040442 97.02828 
  0.04693418 97.02828 
  0.01028794 97.02828 
  -0.0009892876 97.02828 
  0.1856352 97.02828 
  0.1368212 97.02828 
  0.09170009 97.02828 
  -0.004863592 97.02828 
  -0.1820409 97.02828 
  -0.1543541 97.02828 
  -0.04428405 97.02828 
  -0.2777967 97.02828 
  -0.2858863 97.02828 
  -0.379183 97.02828 
  -0.1396791 97.02828 
  -0.07822429 97.02828 
  -0.04990194 97.02828 
  -0.252059 97.02828 
  -0.00638485 97.02828 
  0.1299338 97.02828 
  0.003237577 97.02828 
  0.1804449 97.02828 
  0.1673259 97.02828 ]
