 [
  0.2391026 118.4515 
  0.3255737 118.4515 
  0.2012496 118.4515 
  0.0399638 118.4515 
  -0.09225576 118.4515 
  -0.05290284 118.4515 
  0.1001291 118.4515 
  0.1474974 118.4515 
  0.005373037 118.4515 
  -0.03143722 118.4515 
  0.08408559 118.4515 
  0.1417025 118.4515 
  0.03758373 118.4515 
  0.3292406 118.4515 
  0.5616831 117.8622 
  0.7116284 125.1317 
  0.8926885 126.3862 
  0.96506 126.3862 
  0.9853664 126.3862 
  0.9880476 126.3862 
  0.9824957 125.7574 
  0.9757925 125.1317 
  0.9633625 125.1317 
  0.9589269 124.5092 
  0.9425327 123.8897 
  0.8823352 122.6601 
  0.8034644 118.4515 
  0.2399727 118.4515 
  -0.1971578 120.2372 
  -0.2028691 122.6601 
  0.1014133 125.7574 
  0.1054926 128.9329 
  0.1787243 132.8496 
  0.1435869 134.1814 
  0.1589491 140.3417 
  0.1816407 141.7487 
  0.3331161 142.4574 
  0.3206742 142.4574 
  0.4160587 142.4574 
  0.3978248 142.4574 
  0.2031242 141.7487 
  0.08365692 139.6435 
  0.440998 132.8496 
  0.6713338 130.2255 
  0.877199 128.9329 
  0.8694095 125.1317 
  0.9194794 121.4426 
  0.9147184 119.0438 
  0.8355113 117.8622 
  0.7503421 114.3874 
  -0.257069 113.8184 
  0.4421112 113.8184 
  0.3665192 113.2521 
  0.06063869 113.2521 
  0.05410862 112.6886 
  -0.111082 112.128 
  -0.09526723 111.5702 
  -0.01111427 111.0151 
  -0.01618863 110.4628 
  0.04588984 109.9132 
  0.01887355 109.3664 
  0.06770584 108.8223 
  0.1588343 108.2809 
  0.1322695 108.8223 
  0.4409788 108.8223 
  0.3362769 109.9132 
  0.4845456 109.9132 
  0.3299141 112.6886 
  0.5830109 111.0151 
  0.6533818 112.6886 
  0.6933854 112.128 
  0.7494862 112.128 
  0.8894433 111.0151 
  0.8867074 109.9132 
  0.9122446 108.2809 
  0.9478717 106.6728 
  0.9592458 105.614 
  0.9378768 105.0885 
  0.9322889 104.0455 
  0.9545817 103.0128 
  0.968708 101.9903 
  0.9663678 101.4829 
  0.8544846 100.978 
  0.7363816 100.4756 
  0.7411892 98.491 
  0.9385017 98.98344 
  0.9185535 98.00098 
  0.7863623 97.51342 
  0.4837554 99.47836 
  0.5749779 101.9903 
  0.6910957 104.0455 
  0.7663063 105.614 
  0.267934 107.2061 
  0.2459014 114.3874 
  0.6203261 116.6924 
  0.5666065 118.4515 
  -0.08598861 119.0438 
  -0.05998422 119.0438 
  -0.03627972 119.0438 
  -0.06281561 119.0438 
  0.04316575 119.0438 
  0.1097463 119.0438 
  -0.06362481 119.0438 
  -0.06269942 119.0438 
  -0.1006384 119.0438 
  0.2752081 119.0438 
  0.1958787 119.0438 
  0.154328 119.0438 
  0.04827732 119.0438 
  -0.06956667 119.0438 
  -0.03807374 119.0438 
  0.013143 119.0438 
  0.09381232 119.0438 
  0.06012234 119.0438 
  -0.02184017 119.0438 
  -0.005726712 119.0438 
  0.05732618 119.0438 
  -0.03203513 119.0438 
  0.05293661 119.0438 
  -0.04480532 119.0438 
  -0.145161 119.0438 
  -0.02876491 119.0438 
  0.0539812 119.0438 
  0.01793218 119.0438 
  -0.01041243 119.0438 
  -0.2256231 119.0438 
  -0.2164669 119.0438 
  0.02390793 119.0438 
  0.05519792 119.0438 
  -0.1464293 119.0438 
  -0.217278 119.0438 
  0.07545191 119.0438 
  0.08053418 119.0438 
  -0.07580593 119.0438 
  -0.1574062 119.0438 
  -0.189161 119.0438 
  -0.07870747 119.0438 
  -0.2640417 119.0438 
  -0.1324503 119.0438 
  -0.201408 119.0438 
  -0.2752055 119.0438 
  -0.1330974 119.0438 
  -0.01290107 119.0438 
  0.04601035 119.0438 ]
