 [
  0.05109009 131.531 
  -0.0414189 131.531 
  -0.1286366 131.531 
  -0.04941723 131.531 
  0.1953283 131.531 
  0.0141274 131.531 
  0.2402655 131.531 
  -0.03417415 131.531 
  -0.07380733 131.531 
  -0.05264429 131.531 
  -0.2399303 131.531 
  0.2095842 131.531 
  0.414048 131.531 
  0.4314024 134.1814 
  0.5392666 128.2915 
  0.676861 125.1317 
  0.7569518 122.6601 
  0.7495204 123.2734 
  0.6657418 121.4426 
  0.4639054 119.639 
  0.5815119 117.2759 
  0.7743347 118.4515 
  0.9246077 118.4515 
  0.9091824 117.8622 
  0.8957634 116.1118 
  0.8856062 115.5342 
  0.740914 114.9594 
  0.8068098 114.9594 
  0.6829302 115.5342 
  0.3580818 115.5342 
  0.2084863 115.5342 
  0.2178735 115.5342 
  0.1879316 114.9594 
  0.2007038 114.9594 
  0.09764297 114.9594 
  0.06234642 115.5342 
  0.1884013 116.6924 
  0.04988466 117.2759 
  -0.1011952 118.4515 
  -0.07245067 119.0438 
  -0.0263262 119.639 
  0.02485903 119.639 
  0.1405494 119.639 
  0.03144628 119.0438 
  0.5903106 118.4515 
  0.823081 119.639 
  0.9530081 118.4515 
  0.9685278 117.2759 
  0.970815 115.5342 
  0.9890089 114.3874 
  0.9785309 113.2521 
  0.9715846 111.0151 
  0.9742283 109.3664 
  0.9808332 107.2061 
  0.9790812 105.614 
  0.9608526 104.5657 
  0.9080976 103.0128 
  0.8644724 101.4829 
  0.6668829 100.4756 
  0.1882637 100.4756 
  0.4429175 100.4756 
  0.3479107 100.4756 
  0.1775978 100.4756 
  0.1023499 100.4756 
  0.06654426 100.4756 
  -0.03300053 100.4756 
  -0.08167528 100.4756 
  -0.06011431 100.4756 
  0.1659046 100.4756 
  0.2454971 100.4756 
  0.5863785 100.4756 
  0.8318425 100.978 
  0.9070513 101.9903 
  0.9351216 103.0128 
  0.9501258 104.0455 
  0.8639584 106.6728 
  0.7895664 109.9132 
  0.7603582 113.8184 
  0.7832868 118.4515 
  0.7576272 122.0498 
  0.8286137 125.1317 
  0.8296231 127.6532 
  0.6908469 131.531 
  0.7512927 136.8852 
  0.890305 141.0434 
  0.8803098 143.8855 
  0.9156098 147.5188 
  0.9583698 149.7427 
  0.9869945 151.2439 
  0.9619086 151.2439 
  0.8993473 148.9977 
  0.8475755 144.605 
  0.8221589 139.6435 
  0.6263425 134.1814 
  0.539412 125.7574 
  0.5722975 120.2372 
  0.5962197 115.5342 
  0.5528988 111.5702 
  0.6396842 104.5657 
  0.836215 101.4829 
  0.8897433 98.98344 
  0.9014044 97.02828 
  0.9325136 95.5873 
  0.9785609 94.63854 
  0.9947785 94.1677 
  0.992918 94.1677 
  0.9919212 94.1677 
  0.9854056 93.6992 
  0.9758672 93.6992 
  0.972684 93.6992 
  0.9632711 94.63854 
  0.9705697 95.5873 
  0.9912019 96.06523 
  0.9877899 95.5873 
  0.9841256 95.11173 
  0.9759668 95.11173 
  0.9502621 95.11173 
  0.9481938 95.11173 
  0.9033438 94.63854 
  0.9084609 95.11173 
  0.7893082 95.5873 
  0.5006225 96.54556 
  0.2106326 97.51342 
  -0.1049034 98.491 
  -0.1529399 99.47836 
  -0.05986912 100.4756 
  -0.09103617 101.4829 
  0.01112396 102.5003 
  -0.005703896 103.5278 
  -0.1157362 104.5657 
  -0.1207783 105.614 
  0.0119005 106.6728 
  0.1968294 107.2061 
  0.1088244 107.7421 
  0.3029943 108.2809 
  0.1677347 108.8223 
  0.1551915 109.9132 
  0.765903 111.5702 
  0.8508962 111.0151 
  0.9450928 109.9132 
  0.9659685 108.2809 
  0.9835551 107.2061 
  0.9920923 105.614 
  0.9838198 104.5657 
  0.8662677 103.0128 
  0.7259378 100.4756 
  0.5190679 99.97575 
  0.3924841 100.978 
  0.3638045 102.5003 
  -0.03990271 104.0455 
  -0.2279974 105.614 
  -0.3648491 107.2061 
  -0.331479 108.8223 
  -0.1555033 110.4628 
  -0.1708182 112.128 
  -0.01291798 113.8184 
  0.2337323 115.5342 
  0.1065498 117.2759 
  0.1516834 119.0438 
  0.2765372 120.8384 
  0.109162 123.2734 
  0.8190517 125.7574 
  0.3560247 116.6924 
  0.7665232 114.9594 
  0.9172994 113.8184 
  0.9671432 112.6886 
  0.9216998 113.2521 
  0.8638864 114.3874 
  0.9606495 115.5342 
  0.9732437 116.6924 
  0.91118 115.5342 
  0.8219633 114.3874 
  0.6251994 113.2521 
  0.3302914 108.2809 
  0.6542195 106.6728 
  0.6198847 104.5657 
  0.6491206 103.0128 
  0.6802258 101.4829 
  0.6315941 99.47836 
  -0.3267803 100.4756 
  -0.08801226 100.978 
  -0.2095524 101.4829 
  0.1243847 101.9903 
  0.3698163 102.5003 
  0.769805 103.5278 
  0.7755013 103.5278 
  0.7912925 103.0128 
  0.8851761 101.9903 
  0.9350474 100.978 
  0.9479461 100.4756 
  0.9756282 100.4756 
  0.9804757 100.978 
  0.8318265 100.978 
  0.6470443 99.97575 
  0.8429222 98.00098 
  0.5455225 98.00098 
  0.300377 96.54556 
  0.5851674 98.00098 
  -0.03027109 99.47836 
  -0.06164622 100.978 
  -0.03148094 101.9903 
  0.04416312 103.0128 
  0.1039862 103.5278 
  0.1842096 104.5657 
  0.2890138 105.614 
  0.6477677 106.6728 
  0.8330695 106.6728 
  0.8053135 105.0885 
  0.8411376 103.5278 
  0.8263224 102.5003 
  0.7739929 100.4756 
  0.841262 98.00098 
  0.8021508 96.54556 
  0.7278694 94.63854 
  0.759451 91.84841 
  0.1763508 93.23304 
  -0.08011174 94.63854 
  -0.08848896 96.06523 
  0.2949853 97.51342 
  -0.2715652 98.98344 
  -0.2101512 100.4756 
  -0.1752782 101.9903 
  0.05970263 103.5278 
  0.0698307 105.0885 
  0.08693171 106.6728 
  -0.03352147 108.2809 
  -0.2545574 109.9132 
  -0.3476974 111.5702 
  -0.08527082 113.2521 
  -0.1227751 114.9594 
  -0.02474941 116.6924 
  -0.04624867 119.0438 
  0.733175 122.0498 
  0.8310122 123.2734 
  0.9491791 123.2734 
  0.951201 123.2734 
  0.9537866 123.2734 
  0.9698575 123.2734 
  0.9626361 123.8897 
  0.9310736 124.5092 
  0.8992893 127.0181 
  0.9619253 128.2915 
  0.9490765 127.6532 
  0.9623793 125.7574 
  0.9349073 123.2734 
  0.8932749 120.8384 
  0.7526524 117.2759 
  0.5542834 112.6886 
  0.3516117 105.614 
  0.3260138 96.54556 
  0.3145277 90.48434 
  0.5378635 85.65383 
  0.4985083 83.12859 
  0.6058008 81.89403 
  0.5298756 78.69076 
  0.870291 75.99085 
  0.9586786 75.2366 
  0.9625051 75.2366 
  0.973529 75.2366 
  0.9538039 75.2366 
  0.9568257 74.86229 
  0.8394542 74.86229 
  0.6941297 74.86229 
  0.4005257 74.48985 
  0.783364 74.48985 
  0.6603792 74.48985 
  0.3678747 74.48985 
  0.1593347 74.48985 
  0.05782771 74.48985 
  0.1939769 74.48985 
  0.1802538 74.86229 
  0.5746593 75.2366 
  0.3154649 75.2366 
  0.1798914 75.2366 
  0.3292519 75.2366 
  0.3536453 75.2366 
  0.2990707 75.2366 
  0.057498 75.2366 
  0.03824529 75.2366 
  -0.05069697 75.2366 
  -0.02675849 75.2366 
  -0.06383549 75.2366 
  -0.1975667 75.2366 
  -0.05279693 75.2366 
  0.2234965 75.2366 ]
