 [
  -0.0129746 249.0485 
  0.1329577 249.0485 
  0.1562586 249.0485 
  -0.00683457 249.0485 
  0.02593521 249.0485 
  0.04346576 249.0485 
  -0.05402727 249.0485 
  0.0327224 249.0485 
  0.126782 249.0485 
  0.1512337 249.0485 
  -0.4433387 249.0485 
  0.2314986 249.0485 
  0.6855621 249.0485 
  0.8738624 245.3498 
  0.9523329 245.3498 
  0.9715097 247.8095 
  0.9675326 251.5452 
  0.9874938 255.3373 
  0.9861372 257.8971 
  0.9933882 260.4825 
  0.9954674 261.7849 
  0.9944612 263.0938 
  0.9809722 263.0938 
  0.96887 261.7849 
  0.9443758 257.8971 
  0.9495615 256.614 
  0.9459765 259.1866 
  0.9549835 265.7313 
  0.9499078 275.1726 
  0.9341366 287.806 
  0.9535005 301.0193 
  0.9780117 307.085 
  0.9922748 310.1635 
  0.9980147 313.2729 
  0.9986287 314.8393 
  0.9974641 314.8393 
  0.9821886 311.7143 
  0.9588223 305.5572 
  0.9794837 299.5217 
  0.9977937 296.5488 
  0.9988445 293.6054 
  0.9980655 289.245 
  0.9974647 286.3741 
  0.9971378 283.5317 
  0.9717391 286.3741 
  0.9784592 287.806 
  0.9880222 286.3741 
  0.9962733 286.3741 
  0.9966956 283.5317 
  0.9984928 282.1211 
  0.9983604 282.1211 
  0.9978074 283.5317 
  0.9980089 284.9493 
  0.9979166 286.3741 
  0.9981614 286.3741 
  0.9987208 286.3741 
  0.999115 286.3741 
  0.9990525 286.3741 
  0.9975859 287.806 
  0.9972661 286.3741 
  0.9935465 283.5317 
  0.9848133 280.7175 
  0.9641209 277.9312 
  0.7935379 276.5485 
  0.5779781 275.1726 
  0.5216064 275.1726 
  0.6980917 275.1726 
  0.9543055 275.1726 
  0.9814169 273.8036 
  0.9915028 271.0859 
  0.9918121 267.06 
  0.9810973 264.4093 
  0.9760531 263.0938 
  0.975472 260.4825 
  0.9757751 256.614 
  0.9756941 252.8029 
  0.9721351 249.0485 
  0.7488173 249.0485 
  0.4295345 250.2938 
  0.522586 250.2938 
  0.7467207 250.2938 
  0.1921566 251.5452 
  0.02276768 252.8029 
  -0.4170555 254.067 
  -0.5030527 255.3373 
  -0.466024 256.614 
  -0.4324787 257.8971 
  -0.03999542 260.4825 
  0.1806633 263.0938 
  0.1730898 264.4093 
  0.0754958 267.06 
  0.458441 268.3953 
  0.8934906 271.0859 
  0.953512 271.0859 
  0.98607 271.0859 
  0.9986205 269.7372 
  0.9987947 268.3953 
  0.9986666 265.7313 
  0.9930748 263.0938 
  0.9816486 259.1866 
  0.9837913 255.3373 
  0.9965963 252.8029 
  0.9992437 251.5452 
  0.9987388 250.2938 
  0.9967251 250.2938 
  0.9696943 251.5452 
  0.9333864 254.067 
  0.9593892 252.8029 
  0.9869093 251.5452 
  0.9892219 249.0485 
  0.9919096 246.5766 
  0.9922146 245.3498 
  0.9967468 244.1292 
  0.9948024 244.1292 
  0.9956107 244.1292 
  0.9949487 242.9146 
  0.9953969 241.7061 
  0.9965272 240.5036 
  0.9948199 240.5036 
  0.9936767 238.1164 
  0.9935663 235.753 
  0.9981707 233.4131 
  0.996564 233.4131 
  0.9884874 234.5801 
  0.990046 235.753 
  0.9797873 236.9318 
  0.9435964 234.5801 
  0.6905895 234.5801 
  0.6840409 235.753 
  0.3183383 238.1164 
  0.1672965 239.307 
  0.05884293 240.5036 
  -0.1425944 241.7061 
  -0.1472266 244.1292 
  -0.06069124 246.5766 
  0.0900112 249.0485 
  -0.01336275 251.5452 
  0.2270667 254.067 
  0.2535224 255.3373 
  -0.06978882 256.614 
  0.8112944 257.8971 
  0.9616516 257.8971 
  0.9858043 256.614 
  0.9975154 256.614 
  0.9998073 256.614 
  0.9999676 256.614 
  0.9992948 257.8971 
  0.9993103 259.1866 
  0.9985791 260.4825 
  0.9982398 261.7849 
  0.995319 263.0938 
  0.9753206 260.4825 
  0.9490145 255.3373 
  0.9789847 251.5452 
  0.9955651 250.2938 
  0.9944222 247.8095 
  0.9676272 245.3498 
  0.920882 244.1292 
  0.769277 245.3498 
  0.6764798 247.8095 
  0.8278241 251.5452 
  0.9467602 254.067 
  0.9410299 251.5452 
  0.9367411 246.5766 
  0.9812308 241.7061 
  0.986499 239.307 
  0.9882059 238.1164 
  0.9918685 234.5801 
  0.9941005 233.4131 
  0.9692432 232.2518 
  0.9412619 231.0963 
  0.9074026 228.8026 
  0.9936427 231.0963 
  0.9999564 232.2518 
  0.9992071 233.4131 
  0.9986972 234.5801 
  0.9994599 234.5801 
  0.9973261 235.753 
  0.9524413 239.307 
  0.968407 244.1292 
  0.9814817 245.3498 
  0.9954298 245.3498 
  0.9969119 246.5766 
  0.9948801 247.8095 
  0.9891896 249.0485 
  0.964932 252.8029 
  0.9664673 256.614 
  0.9742245 260.4825 
  0.9564245 259.1866 
  0.8940178 257.8971 
  0.691939 257.8971 
  -0.03929528 257.8971 
  -0.1378027 257.8971 
  0.03828161 257.8971 
  0.4278234 257.8971 
  0.859796 257.8971 
  0.9368469 257.8971 
  0.9748659 256.614 
  0.9639252 255.3373 
  0.9149457 255.3373 
  0.815891 255.3373 
  0.4626712 255.3373 
  -0.1545088 256.614 
  -0.01198324 257.8971 
  0.0492191 257.8971 
  -0.00307578 259.1866 
  0.02639038 260.4825 
  0.1751605 261.7849 
  0.1311425 261.7849 
  0.1418361 261.7849 
  0.8185894 263.0938 
  0.8474019 263.0938 
  0.9205649 259.1866 
  0.985657 255.3373 
  0.9958165 254.067 
  0.9983619 252.8029 
  0.9988719 252.8029 
  0.9989994 252.8029 
  0.9978566 252.8029 
  0.9997863 251.5452 
  0.9989704 251.5452 
  0.9999055 251.5452 
  0.998206 251.5452 
  0.998461 251.5452 
  0.9972231 250.2938 
  0.9772482 249.0485 
  0.9383473 246.5766 
  0.9479197 245.3498 
  0.9916521 246.5766 
  0.9979755 245.3498 
  0.9990235 242.9146 
  0.961768 245.3498 
  0.9317024 244.1292 
  0.960096 239.307 
  0.9923176 236.9318 
  0.9889759 233.4131 
  0.9874396 232.2518 
  0.9857464 232.2518 
  0.9836761 232.2518 
  0.9559988 231.0963 
  0.9180338 228.8026 
  0.9895479 227.6642 
  0.9976383 226.5316 
  1.000129 226.5316 
  0.9999499 226.5316 
  0.9997582 226.5316 
  0.9995238 226.5316 
  0.997007 227.6642 
  0.9942458 228.8026 
  0.9649506 231.0963 
  0.9202343 234.5801 
  0.9479032 235.753 
  0.9858627 235.753 
  0.9946782 236.9318 
  0.9950939 238.1164 
  0.9943374 238.1164 
  0.9963696 239.307 
  0.9966848 239.307 
  0.9974061 240.5036 
  0.9953499 241.7061 
  0.9936546 242.9146 
  0.9881712 242.9146 
  0.9933187 242.9146 
  0.993807 241.7061 
  0.9945513 241.7061 
  0.9904049 239.307 
  0.9865702 236.9318 
  0.9920595 234.5801 
  0.9954139 232.2518 
  0.9930801 231.0963 
  0.9861396 229.9466 
  0.979598 231.0963 
  0.9399322 229.9466 
  0.6826813 227.6642 
  0.4642825 225.4046 
  0.1457101 223.1673 
  -0.09637052 220.9523 
  -0.08648551 218.7592 
  -0.08265641 216.5879 
  0.0151 214.4382 
  0.2627748 212.3098 
  0.7904963 210.2025 
  0.9416294 208.1162 
  0.9863147 207.0808 
  0.9872408 205.0254 
  0.9860172 202.9904 
  0.9930183 200.9756 
  0.9784564 200.9756 
  0.920759 200.9756 
  0.8173059 201.9805 
  0.6031272 201.9805 
  0.2992367 202.9904 
  0.1046153 204.0054 
  0.3257535 206.0505 
  0.538528 208.1162 
  0.5980444 209.1568 
  0.6753802 210.2025 
  0.8459563 210.2025 
  0.8047978 210.2025 
  0.5241894 210.2025 
  0.01852228 210.2025 
  -0.2107051 210.2025 
  0.04350933 210.2025 
  0.05550132 210.2025 
  -0.06142041 210.2025 
  -0.06900834 210.2025 
  -0.1675007 210.2025 
  -0.01523484 210.2025 
  0.07526169 210.2025 
  -0.0313294 210.2025 
  0.0223498 210.2025 
  0.2556 210.2025 
  0.3284098 210.2025 
  0.09216223 210.2025 
  -0.09266318 210.2025 
  -0.24041 210.2025 
  -0.04734297 210.2025 
  0.04481483 210.2025 
  -0.0962204 210.2025 
  -0.09419243 210.2025 
  0.008791412 210.2025 
  -0.0281516 210.2025 
  0.06433199 210.2025 
  -0.006427445 210.2025 
  -0.1276478 210.2025 
  0.01587368 210.2025 
  -0.2786419 210.2025 
  -0.1105893 210.2025 
  -0.1424573 210.2025 
  -0.2029112 210.2025 
  0.1384033 210.2025 
  0.0600711 210.2025 
  0.2393137 210.2025 ]
