 [
  0.1481219 113.2521 
  -0.006459782 113.2521 
  0.06870949 113.2521 
  0.2097696 113.2521 
  0.1296624 113.2521 
  -0.1434872 113.2521 
  -0.1306582 113.2521 
  0.12505 113.2521 
  0.1236802 113.2521 
  0.5541344 113.2521 
  -0.03847269 114.3874 
  -0.1224478 114.9594 
  0.3239228 113.2521 
  0.7473595 109.9132 
  0.9169502 110.4628 
  0.9754244 111.0151 
  0.971 111.5702 
  0.9538432 111.5702 
  0.9065709 112.128 
  0.8305446 112.128 
  0.8216304 112.6886 
  0.8341532 112.128 
  0.8612344 111.0151 
  0.8857828 108.2809 
  0.9022628 106.6728 
  0.7641979 105.614 
  0.2978729 106.142 
  -0.002117571 108.8223 
  0.5372418 112.128 
  0.8004009 112.6886 
  0.6210185 110.4628 
  0.5838528 107.7421 
  0.8515663 106.142 
  0.8730824 104.5657 
  0.8277927 103.5278 
  0.8893896 101.4829 
  0.8542339 100.4756 
  0.9312131 98.98344 
  0.9135658 98.491 
  0.8946313 98.00098 
  0.9607958 96.54556 
  0.873601 95.5873 
  0.6701597 94.1677 
  0.7212281 92.30766 
  0.8561287 90.93677 
  0.9266227 90.48434 
  0.9627144 90.48434 
  0.9722816 90.48434 
  0.971282 90.48434 
  0.9584227 90.03418 
  0.953812 89.14054 
  0.94141 88.25578 
  0.8605112 87.8167 
  0.7946054 86.94508 
  0.6478097 85.65383 
  0.4748272 85.2277 
  0.2929383 85.2277 
  0.154276 84.80367 
  0.1815022 84.80367 
  0.1233023 83.12859 
  0.1531689 79.87703 
  0.2409154 78.69076 
  0.1276268 78.29926 
  0.09207796 80.6778 
  0.1146148 82.3035 
  0.4966783 84.80367 
  0.6664397 85.65383 
  0.935213 85.65383 
  0.9392415 85.65383 
  0.8304034 85.2277 
  0.7669818 84.80367 
  0.7949911 84.38177 
  0.9092257 83.54424 
  0.8912673 83.12859 
  0.6273625 81.4866 
  0.044024 79.87703 
  0.2106849 79.47963 
  -0.1737006 79.08421 
  0.0359436 78.69076 
  0.1465147 79.08421 
  0.1196639 79.87703 
  0.2014351 80.6778 
  0.6615263 81.4866 
  0.5412947 83.54424 
  0.5006584 83.54424 
  0.6856288 84.38177 
  0.4599298 81.89403 
  0.5583953 82.3035 
  0.9056011 82.71502 
  0.837927 81.89403 
  0.8464357 81.89403 
  0.6317981 80.6778 
  0.6173115 78.69076 
  0.5005358 79.08421 
  0.6658076 81.89403 
  0.7544395 82.3035 
  0.5617917 82.71502 
  0.3922582 83.54424 
  0.07781787 83.54424 
  -0.1196938 83.12859 
  0.1110899 82.71502 
  0.1356566 82.3035 
  0.354858 81.89403 
  0.3619423 81.4866 
  0.3410353 81.4866 
  0.3434443 81.08118 
  0.1874424 80.6778 
  0.04320823 80.27641 
  -0.1928393 80.27641 
  -0.006001366 80.27641 
  0.08118042 80.27641 
  0.07382662 80.27641 
  0.1030186 80.27641 
  0.07308801 80.27641 
  0.02318372 80.27641 
  -0.004414509 80.27641 
  0.003674746 80.6778 
  -0.0007760702 81.08118 
  0.02177632 81.08118 
  0.1234964 81.08118 
  0.198638 81.08118 
  -0.003435347 81.08118 
  -0.04066665 81.08118 ]
