 [
  0.05102414 106.6728 
  0.1980414 106.6728 
  0.2773488 106.6728 
  0.1400525 106.6728 
  0.1163643 106.6728 
  -0.07338684 106.6728 
  -0.1184013 106.6728 
  -0.1260934 106.6728 
  -0.08762139 106.6728 
  -0.02121893 106.6728 
  -0.1053232 106.6728 
  0.05835188 106.6728 
  0.1394382 106.6728 
  0.1076431 106.6728 
  0.5717525 107.7421 
  0.7564734 109.3664 
  0.4462138 106.6728 
  0.5553897 104.0455 
  0.6806548 101.4829 
  0.6409802 103.5278 
  0.7084763 102.5003 
  0.7702764 103.0128 
  0.887747 102.5003 
  0.7885047 101.4829 
  0.9113572 100.4756 
  0.9054641 99.97575 
  0.878399 99.97575 
  0.7915031 101.4829 
  0.857205 103.5278 
  0.8790391 104.5657 
  0.827869 106.142 
  0.8524609 107.7421 
  0.66146 107.2061 
  0.2044106 103.5278 
  0.2928151 100.978 
  0.2964708 99.47836 
  0.4468998 99.47836 
  0.4223548 100.4756 
  0.3489197 101.4829 
  0.2348736 103.0128 
  0.3113917 105.0885 
  0.2198083 106.6728 
  0.02449512 108.8223 
  0.1216261 111.5702 
  0.341076 113.8184 
  0.249342 116.1118 
  0.3444103 117.8622 
  0.6738509 116.1118 
  0.9351878 116.6924 
  0.9370283 115.5342 
  0.9293492 113.8184 
  0.9637151 111.5702 
  0.9814472 110.4628 
  0.9817627 109.9132 
  0.9834524 109.9132 
  0.9974851 110.4628 
  0.9893954 109.3664 
  0.9750995 108.2809 
  0.8301669 107.2061 
  0.7879829 111.0151 
  0.9116142 111.5702 
  0.9506948 111.5702 
  0.9728889 111.0151 
  0.9856117 110.4628 
  0.9872569 110.4628 
  0.9475319 109.9132 
  0.853429 108.2809 
  0.814949 106.6728 
  0.9394284 107.7421 
  0.9830413 107.7421 
  0.9766961 107.2061 
  0.9855313 106.142 
  0.943105 106.6728 
  0.9143784 106.142 
  0.8991384 105.0885 
  0.986912 103.5278 
  0.997254 103.0128 
  0.9974933 103.0128 
  0.9948672 103.0128 
  0.9850726 102.5003 
  0.9843201 102.5003 
  0.9717607 103.0128 
  0.9734337 104.0455 
  0.9778687 104.0455 
  0.9742944 104.0455 
  0.9519956 105.0885 
  0.9755841 105.0885 
  0.9723698 105.614 
  0.9269912 106.142 
  0.9649919 106.6728 
  0.9166306 107.7421 
  0.9625564 108.8223 
  0.9310827 108.8223 
  0.9381747 109.3664 
  0.8439249 108.8223 
  0.5407678 109.3664 
  0.315574 107.2061 
  0.4923322 114.3874 
  -0.03089833 125.7574 
  0.3448001 135.5266 
  0.4577135 135.5266 
  0.169254 135.5266 
  0.04956685 136.2042 
  0.1584503 134.8523 
  0.125806 132.8496 
  0.05607066 132.1886 
  -0.03973533 129.5776 
  -0.1306474 125.7574 
  0.0105684 122.0498 
  0.1919609 118.4515 
  0.4665021 114.9594 
  0.2454578 111.5702 
  0.1501247 108.2809 
  -0.06707758 105.0885 
  -0.2104269 101.9903 
  0.2669806 99.47836 
  0.03557445 95.11173 
  0.2034362 92.30766 
  0.6034935 87.3798 
  0.4195998 91.84841 
  0.6456818 92.7692 
  0.7898121 93.23304 
  0.7657096 94.1677 
  0.686559 94.1677 
  0.5899074 93.23304 
  0.722324 92.30766 
  0.5548478 91.84841 
  0.1696898 88.25578 
  0.8739685 92.30766 
  0.9812135 92.30766 
  0.8866981 93.23304 
  0.7882958 95.11173 
  0.6201225 92.30766 
  0.7669811 90.93677 
  0.8767956 90.03418 
  0.8435671 89.14054 
  0.7373546 87.8167 
  0.2025447 87.3798 
  0.09532727 86.94508 
  0.07373609 86.94508 
  0.1356153 87.3798 
  0.1866359 87.8167 
  0.394664 88.69706 
  0.09802123 90.03418 
  0.007313415 91.84841 
  0.3176442 93.6992 
  0.1951207 95.5873 
  0.07560249 97.51342 
  0.2471748 99.97575 
  0.3551872 100.4756 
  0.1095506 101.9903 
  0.07350946 106.6728 
  0.05576744 111.0151 
  0.5224788 113.8184 
  0.6158515 115.5342 
  0.9159058 116.6924 
  0.9793655 117.2759 
  0.9940124 116.1118 
  0.9836336 114.9594 
  0.9441826 114.3874 
  0.8841441 112.6886 
  0.8665249 110.4628 
  0.9019161 108.2809 
  0.9457519 108.2809 
  0.9339103 107.2061 
  0.9298924 105.0885 
  0.7853439 106.142 
  0.3584042 109.3664 
  0.4224193 108.8223 
  0.3126774 108.8223 
  0.4109636 109.9132 
  0.4600328 109.9132 
  0.6564538 108.2809 
  0.5261633 106.6728 
  0.6108636 106.142 
  0.4343798 105.614 
  0.1494368 104.5657 
  0.1597792 103.5278 
  0.1515594 102.5003 
  -0.1078839 100.978 
  -0.08815464 99.47836 
  0.3137952 97.51342 
  0.1736798 95.5873 
  0.1059988 93.6992 
  -0.06319652 91.39146 
  0.1088144 89.58624 
  0.0957754 88.69706 
  0.5623708 93.23304 
  0.7724037 92.30766 
  0.8303281 92.30766 
  0.8372573 91.84841 
  0.8760836 90.93677 
  0.987106 89.58624 
  0.9468309 89.14054 
  0.9154148 88.69706 
  0.900839 88.25578 
  0.7410997 89.58624 
  0.4019991 92.7692 
  0.1991132 90.93677 
  0.4166683 89.14054 
  0.4629153 89.14054 
  0.1542876 83.54424 
  0.5819179 77.5221 
  0.390338 77.90971 
  0.2736405 83.54424 
  0.523202 84.38177 
  0.2830505 84.38177 
  0.253501 84.80367 
  0.346221 86.0821 
  0.2290873 86.94508 
  0.1831978 87.3798 
  0.2781262 87.3798 
  0.2691488 87.3798 
  0.1486727 87.3798 
  0.05758727 86.94508 
  0.1658242 86.51251 
  0.06898694 86.51251 
  -0.04477082 86.51251 
  0.1317877 86.51251 ]
