 [
  -0.01848446 111.0151 
  0.1021712 111.0151 
  0.02637274 111.0151 
  -0.002105329 111.0151 
  0.2379601 111.0151 
  0.3783801 111.0151 
  -0.1110975 111.0151 
  -0.09464239 111.0151 
  -0.1407709 111.0151 
  -0.02879102 111.0151 
  0.04399889 111.0151 
  0.1601142 111.0151 
  0.5835196 111.0151 
  0.4048613 111.0151 
  0.7738295 112.6886 
  0.9750688 112.6886 
  0.9807482 112.6886 
  0.9769301 113.2521 
  0.9812713 113.2521 
  0.9929372 113.2521 
  0.9872729 112.6886 
  0.9800411 112.128 
  0.9770753 111.0151 
  0.9572221 109.9132 
  0.9271542 108.2809 
  0.875622 107.2061 
  0.8241875 105.0885 
  0.7683947 102.5003 
  0.7710273 98.98344 
  0.6182524 97.51342 
  0.596177 98.98344 
  0.8304688 101.4829 
  0.78096 107.2061 
  0.8373433 109.3664 
  0.8636628 109.9132 
  0.8138117 108.8223 
  0.8634388 108.2809 
  0.9550527 107.7421 
  0.9234572 108.2809 
  0.7717993 109.3664 
  0.8142097 112.128 
  0.8530365 113.8184 
  0.8786007 115.5342 
  0.8800756 117.2759 
  0.9143472 118.4515 
  0.9376495 119.639 
  0.8969268 120.8384 
  0.9467752 122.6601 
  0.9918606 122.6601 
  0.9867976 122.6601 
  0.9820412 122.0498 
  0.93479 120.8384 
  0.900185 119.639 
  0.7979685 118.4515 
  0.7051791 115.5342 
  0.7588122 114.3874 
  0.8823143 112.6886 
  0.9364262 111.5702 
  0.9705717 111.0151 
  0.9731871 110.4628 
  0.9616318 109.9132 
  0.9360104 108.2809 
  0.9240518 106.6728 
  0.9163944 104.5657 
  0.8852597 101.9903 
  0.8890351 99.47836 
  0.9348992 97.02828 
  0.9504433 96.06523 
  0.9628552 95.11173 
  0.8885376 94.63854 
  0.723545 97.02828 
  0.619774 101.9903 
  0.7757148 104.5657 
  0.8653365 105.0885 
  0.9462763 105.0885 
  0.9794383 105.0885 
  0.9773987 105.0885 
  0.9438893 105.0885 
  0.9396964 106.142 
  0.9341134 107.2061 
  0.9425198 108.2809 
  0.9487785 108.8223 
  0.9249083 108.2809 
  0.8892287 108.2809 
  0.8657712 108.2809 
  0.827273 107.7421 
  0.8498287 106.142 
  0.7984978 103.5278 
  0.6320738 100.978 
  0.4780945 98.98344 
  0.6061238 98.00098 
  0.8596948 98.98344 
  0.9480099 99.97575 
  0.963073 99.97575 
  0.9710329 99.97575 
  0.9876181 99.47836 
  0.80027 100.4756 
  0.6819686 103.0128 
  0.7933091 103.5278 
  0.9102606 102.5003 
  0.97814 101.4829 
  0.9906493 101.4829 
  0.9766235 100.978 
  0.9722733 100.4756 
  0.9768813 99.97575 
  0.9445648 98.98344 
  0.8822397 98.00098 
  0.7771586 95.5873 
  0.8890481 93.6992 
  0.7666095 91.39146 
  0.7640861 88.25578 
  0.8708735 86.0821 
  0.909321 84.80367 
  0.8984321 84.38177 
  0.9293765 84.38177 
  0.9469035 84.38177 
  0.950748 85.2277 
  0.7372095 88.25578 
  0.7886214 91.39146 
  0.6689436 94.1677 
  0.7950032 95.5873 
  0.8145781 97.02828 
  0.8420724 97.51342 
  0.8657627 98.00098 
  0.8990006 98.491 
  0.9481092 98.98344 
  0.9584014 98.98344 
  0.9459256 98.98344 
  0.9808373 98.491 
  0.9702645 98.00098 
  0.9529148 97.51342 
  0.9680098 96.54556 
  0.9665425 96.06523 
  0.9813317 95.5873 
  0.9732753 95.11173 
  0.9316899 94.63854 
  0.9202695 94.1677 
  0.9783069 92.7692 
  0.9788903 92.30766 
  0.9808573 91.39146 
  0.9707239 90.93677 
  0.9788499 90.03418 
  0.9233423 89.14054 
  0.933275 88.25578 
  0.9489473 87.3798 
  0.9247376 86.51251 
  0.9249859 85.2277 
  0.8960612 84.38177 
  0.8954034 83.54424 
  0.9271837 83.54424 
  0.9484438 83.54424 
  0.9320797 84.38177 
  0.9190074 84.80367 
  0.9516243 84.80367 
  0.8511895 84.80367 
  0.76752 84.38177 
  0.6273369 84.38177 
  0.1211105 84.38177 
  -0.1037922 84.38177 
  -0.07721302 84.38177 
  -0.005375695 84.38177 
  -0.1261779 84.80367 
  -0.02111246 85.2277 
  0.02799072 85.65383 
  0.03331502 86.0821 
  0.08097236 86.51251 
  0.0795006 86.94508 
  0.1945804 87.3798 
  0.1136779 87.8167 
  0.01947249 88.25578 
  0.05795605 88.69706 
  0.1251675 89.14054 
  0.2112766 89.58624 
  0.5251296 90.48434 
  0.6813688 90.93677 
  0.9758706 90.93677 
  0.9567214 91.39146 
  0.889032 92.7692 
  0.7237803 94.1677 
  0.6385823 90.93677 
  0.7996706 90.93677 
  0.8680863 92.30766 
  0.9101914 93.6992 
  0.9700224 94.1677 
  0.9580732 94.63854 
  0.9521291 95.5873 
  0.9530478 96.54556 
  0.9725046 97.02828 
  0.9089683 97.02828 
  0.8069853 96.54556 
  0.7563344 94.63854 
  0.08544034 94.63854 
  -0.1860786 94.63854 
  0.06937237 94.63854 
  -0.0320203 94.63854 
  0.07357924 95.11173 
  0.2038283 95.11173 
  0.1223065 95.11173 
  0.275563 95.11173 
  0.3344454 95.11173 
  0.05052442 95.11173 
  -0.05859986 95.11173 
  0.4946234 95.5873 
  0.6613969 96.06523 
  0.963231 96.06523 
  0.9672807 96.06523 
  0.9797966 95.5873 
  0.9867771 95.11173 
  0.9895012 94.63854 
  0.994136 94.63854 
  0.9888985 94.63854 
  0.9811856 94.63854 
  0.9631907 94.1677 
  0.9715843 94.1677 
  0.9760848 93.6992 
  0.9835303 93.23304 
  0.9562298 92.7692 
  0.9824553 92.30766 
  0.9728369 91.84841 
  0.9706018 91.39146 
  0.9720733 90.93677 
  0.9830098 90.93677 
  0.9763656 90.48434 
  0.9777718 90.93677 
  0.9879547 90.48434 
  0.9531953 90.03418 
  0.9777357 90.03418 
  0.9713075 89.58624 
  0.9666036 89.14054 
  0.9463271 88.25578 
  0.9652388 87.8167 
  0.9518498 87.3798 
  0.9499849 86.94508 
  0.9154776 85.65383 
  0.9210514 84.38177 
  0.8956523 83.12859 
  0.9020215 81.4866 
  0.9258974 80.6778 
  0.9834332 80.27641 
  0.9832805 79.87703 
  0.9897925 79.47963 
  0.9241444 79.47963 
  0.8690002 79.08421 
  0.8715246 78.69076 
  0.8520808 78.69076 
  0.9089636 78.69076 
  0.9264617 78.69076 
  0.8717592 78.69076 
  0.7210352 78.69076 
  0.7885651 78.69076 
  0.6726283 78.69076 
  0.0755896 78.69076 
  0.1848203 78.69076 
  0.1011959 78.69076 
  -0.002437567 78.69076 
  -0.4396921 78.69076 
  -0.2915087 78.69076 ]
