 [
  0.04791606 92.7692 
  0.05937586 92.7692 
  -0.2569017 92.7692 
  -0.1391345 92.7692 
  -0.2858336 92.7692 
  -0.1257635 92.7692 
  0.01168149 92.7692 
  -0.1293892 92.7692 
  0.4377261 92.7692 
  0.770037 92.7692 
  0.7650666 92.7692 
  0.1072709 92.7692 
  0.6749008 93.6992 
  0.9226261 95.11173 
  0.9849299 95.5873 
  0.9636641 94.63854 
  0.9297714 92.7692 
  0.7675142 91.84841 
  0.5807884 90.03418 
  0.1863779 87.3798 
  -0.08128393 86.0821 
  0.149354 85.2277 
  0.0956786 84.38177 
  0.0968942 83.54424 
  -0.08057253 82.71502 
  0.09608938 82.3035 
  0.1083815 81.89403 
  0.01890705 81.4866 
  0.1094277 80.27641 
  0.4468145 79.47963 
  0.4980299 75.61279 
  0.6916944 76.3708 
  0.5824019 77.90971 
  0.477269 80.27641 
  0.8038088 82.3035 
  0.8634169 83.96195 
  0.6915018 83.96195 
  0.1530015 84.38177 
  0.1769158 84.80367 
  0.362453 85.2277 
  0.1155638 86.51251 
  0.1166632 88.25578 
  0.167239 90.03418 
  0.2497289 91.39146 
  0.1287355 93.23304 
  0.1726611 95.11173 
  0.2137871 97.02828 
  0.2289812 98.98344 
  0.01700039 100.4756 
  -0.04770631 101.9903 
  0.09347382 104.0455 
  0.04129627 105.0885 
  0.03029989 105.614 
  -0.09477015 106.6728 
  0.6690791 107.2061 
  0.8185395 106.142 
  0.9709033 105.614 
  0.9848021 104.5657 
  0.9908057 103.5278 
  0.9929025 103.0128 
  0.986122 102.5003 
  0.9710696 101.4829 
  0.9674804 99.97575 
  0.9738244 98.491 
  0.9185454 97.51342 
  0.8798775 96.06523 
  0.7825637 94.63854 
  0.6730654 96.06523 
  0.6680681 97.51342 
  0.7071626 98.98344 
  0.8109742 100.978 
  0.9053904 103.0128 
  0.9380874 103.0128 
  0.9026563 101.9903 
  0.918731 100.978 
  0.9610184 99.97575 
  0.9643123 98.98344 
  0.9840151 98.491 
  0.9841197 97.51342 
  0.9883303 97.02828 
  0.9851282 96.06523 
  0.9900126 96.06523 
  0.9952997 95.5873 
  0.9912854 95.5873 
  0.9794258 95.11173 
  0.986568 94.63854 
  0.9832677 94.63854 
  0.9513628 93.6992 
  0.9709136 92.7692 
  0.9562328 92.30766 
  0.5469363 91.84841 
  0.2160397 90.48434 
  0.8556304 83.96195 
  0.4547274 84.38177 
  0.3726787 79.87703 
  0.1496658 78.69076 
  -0.07741772 79.08421 
  0.2520889 79.87703 
  0.7773991 80.6778 
  0.8926659 81.08118 
  0.5758572 81.89403 
  0.3942772 82.71502 
  0.5600429 83.12859 
  0.02569603 83.54424 
  0.434919 83.96195 
  0.2080657 87.8167 
  0.7156195 93.23304 
  0.8836398 91.84841 
  0.8462613 89.14054 
  0.9090914 87.8167 
  0.9072658 87.3798 
  0.8954448 86.51251 
  0.9235261 85.65383 
  0.9249258 84.80367 
  0.8323598 83.54424 
  0.7764944 81.89403 
  0.8151371 80.6778 
  0.3786616 77.90971 
  0.5784343 75.61279 
  0.2817971 74.48985 
  0.4318107 70.16238 
  0.8151631 66.74884 
  0.6811427 65.75754 
  0.7222962 65.75754 
  0.6041572 66.74884 
  0.3799292 67.08258 
  0.06654528 69.46598 
  0.05841456 70.16238 
  -0.1458219 70.51319 
  -0.08754212 70.86576 
  -0.3669339 71.22009 
  0.07206541 71.57619 
  0.09789059 71.93407 
  0.489023 71.93407 
  0.6104661 71.93407 
  0.4580574 71.93407 
  -0.032907 71.93407 
  -0.2667344 71.93407 
  -0.2414902 71.93407 
  -0.05220082 71.93407 ]
