 [
  0.08420771 113.8184 
  0.07704578 113.8184 
  -0.2834627 113.8184 
  -0.2760686 113.8184 
  -0.144513 113.8184 
  0.1254899 113.8184 
  0.197202 113.8184 
  0.1772056 113.8184 
  -0.05356316 113.8184 
  -0.006392048 113.8184 
  -0.04621049 113.8184 
  0.3707527 113.8184 
  -0.1291113 113.8184 
  -0.3543999 113.8184 
  0.7495475 113.2521 
  0.8320536 112.128 
  0.8609174 111.0151 
  0.8493516 108.8223 
  0.9138224 106.6728 
  0.9496516 105.614 
  0.9531158 105.614 
  0.9793617 105.0885 
  0.98532 105.0885 
  0.9367275 106.6728 
  0.8180864 110.4628 
  0.8249326 115.5342 
  0.8193192 120.2372 
  0.8205025 123.8897 
  0.8456353 126.3862 
  0.9071891 128.2915 
  0.9196219 130.8766 
  0.9322219 132.8496 
  0.9711816 134.8523 
  0.8399574 136.8852 
  0.7283678 137.5696 
  0.7090193 141.7487 
  0.6506959 133.5138 
  0.1904584 134.1814 
  0.05737375 135.5266 
  0.1030912 136.8852 
  0.01319092 138.2575 
  -0.1150515 139.6435 
  -0.1340631 141.0434 
  0.08896355 142.4574 
  0.238463 143.8855 
  0.1961434 145.328 
  0.1354419 146.7849 
  0.08631101 148.2564 
  0.6888171 149.7427 
  0.7094012 145.328 
  0.7911606 141.7487 
  0.9107356 138.9488 
  0.8440322 136.2042 
  0.7174177 132.1886 
  0.9239146 128.9329 
  0.964228 127.6532 
  0.9793768 127.0181 
  0.9442125 126.3862 
  0.923607 125.7574 
  0.9778792 125.7574 
  0.9842444 125.1317 
  0.9252298 123.2734 
  0.8540642 121.4426 
  0.7288105 119.639 
  0.454362 119.0438 
  -0.0476256 119.0438 
  0.2087774 119.0438 
  0.1691163 119.0438 
  0.1984687 119.639 
  -0.0006876132 120.2372 
  0.09742352 120.8384 
  0.07040885 121.4426 
  0.09642455 122.0498 
  0.1328626 123.2734 
  -0.008642081 124.5092 
  0.513129 125.7574 
  0.7394323 125.7574 
  0.7011745 123.2734 
  0.8732353 120.8384 
  0.9865106 119.639 
  0.9878034 119.0438 
  0.9941108 119.0438 
  0.9851152 119.0438 
  0.9807148 119.0438 
  0.9904694 119.639 
  0.98926 119.639 
  0.9569364 120.8384 
  0.9508937 121.4426 
  0.9294584 121.4426 
  0.8018401 121.4426 
  0.6833449 120.2372 
  -0.03821926 119.0438 
  0.8384331 118.4515 
  0.6660115 118.4515 
  0.6218411 118.4515 
  0.7218566 117.2759 
  0.8221892 116.6924 
  0.9784226 116.6924 
  0.9647934 117.2759 
  0.9540573 118.4515 
  0.9608038 118.4515 
  0.9838234 117.8622 
  0.9687724 117.2759 
  0.9560094 117.2759 
  0.8692628 116.6924 
  0.8324112 116.6924 
  0.9703289 116.1118 
  0.9740286 115.5342 
  0.9757308 114.3874 
  0.9930853 113.2521 
  0.950604 112.128 
  0.7742032 111.0151 
  0.7410747 108.8223 
  0.8026282 107.2061 
  0.9315884 105.614 
  0.9107482 105.0885 
  0.8617488 103.5278 
  0.8592848 101.9903 
  0.8019161 100.4756 
  0.6375904 98.491 
  0.6412852 95.11173 
  0.8003602 92.7692 
  0.691693 92.7692 
  0.2535145 93.23304 
  0.4306455 93.6992 
  0.1546224 94.1677 
  0.07829667 95.11173 
  0.01692634 95.5873 
  0.1644433 96.06523 
  0.2963321 96.54556 
  0.1751724 97.02828 
  -0.2147878 97.51342 
  0.5169277 98.00098 
  0.6871433 98.98344 
  0.7950666 99.47836 
  0.8917623 99.47836 
  0.8447291 98.98344 
  0.8814635 98.00098 
  0.971171 97.51342 
  0.9641355 97.51342 
  0.9511454 97.51342 
  0.9497461 98.00098 
  0.9257809 98.491 
  0.9526687 98.98344 
  0.855008 98.98344 
  0.7511984 98.491 
  0.3900885 97.51342 
  0.9439802 98.491 
  0.9831741 98.491 
  0.985734 98.491 
  0.9714064 98.98344 
  0.9577421 100.4756 
  0.5865443 102.5003 
  0.7626554 103.0128 
  0.8500527 103.5278 
  0.9535259 103.5278 
  0.950519 104.0455 
  0.9502563 105.0885 
  0.965435 105.614 
  0.975751 106.142 
  0.9485571 107.2061 
  0.9277455 108.2809 
  0.9690304 109.3664 
  0.973425 109.9132 
  0.9801717 109.3664 
  0.9414132 109.3664 
  0.847186 109.3664 
  0.7063923 109.9132 
  0.9671667 111.0151 
  0.9853832 111.5702 
  0.9850752 111.5702 
  0.9819406 111.0151 
  0.7592004 110.4628 
  0.8238214 108.8223 
  0.9659224 107.7421 
  0.9901415 107.2061 
  0.9935725 106.6728 
  0.9936935 106.6728 
  0.985638 106.142 
  0.996501 105.614 
  0.9995458 105.614 
  0.9987839 105.614 
  0.9920533 105.614 
  0.9631452 105.0885 
  0.9448107 104.0455 
  0.9374015 103.0128 
  0.8957566 102.5003 
  0.9899966 102.5003 
  0.9743325 101.9903 
  0.8898926 101.4829 
  0.5349801 101.4829 
  0.179506 101.4829 
  -0.170044 101.4829 
  0.02079267 101.4829 
  -0.02554731 101.4829 
  -0.08766773 101.4829 
  -0.1161408 101.4829 
  0.09455292 101.4829 
  0.03615746 101.4829 
  0.079568 101.4829 
  0.04531655 101.4829 
  -0.06620999 101.4829 
  -0.0902348 101.4829 
  -0.2432639 101.4829 
  -0.2235522 101.4829 
  -0.05383524 101.9903 
  0.2621875 101.9903 
  0.6826556 106.142 
  0.7631722 105.0885 
  0.417115 103.5278 
  0.5924389 99.47836 
  0.8956512 98.00098 
  0.9291213 97.51342 
  0.9770141 96.54556 
  0.9244348 96.06523 
  0.8724138 95.11173 
  0.6415948 93.6992 
  0.5070621 90.93677 
  0.863677 89.14054 
  0.9594716 88.25578 
  0.9002917 87.3798 
  0.8611293 86.0821 
  0.8791427 85.2277 
  0.75336 85.2277 
  0.4521924 86.94508 
  0.4985232 88.25578 
  0.2684671 88.69706 
  0.2359435 90.93677 
  0.4733706 89.58624 
  0.3453658 89.14054 
  0.3900976 88.69706 
  0.1325766 88.69706 
  0.04567348 88.69706 
  -0.001593859 88.69706 
  0.2395667 88.69706 
  0.0697249 88.69706 
  0.05952336 88.69706 
  -0.1687689 88.69706 
  -0.07448976 88.69706 
  0.08796816 88.69706 
  0.01773319 88.69706 
  0.05124897 88.69706 
  -0.05160835 88.69706 
  -0.1200328 88.69706 
  -0.01360675 88.69706 
  0.1454506 88.69706 
  0.2905858 88.69706 
  0.0260748 88.69706 
  -0.2084763 88.69706 
  -0.1660679 88.69706 
  -0.03119411 88.69706 
  0.1404353 88.69706 
  0.1505718 88.69706 
  0.01723384 88.69706 
  -0.09647486 88.69706 
  -0.04094501 88.69706 
  0.09095565 88.69706 
  -0.0747346 88.69706 
  -0.1109802 88.69706 ]
