 [
  -0.3904647 189.3 
  -0.2408676 189.3 
  0.001415004 189.3 
  -0.05726984 189.3 
  -0.1717009 189.3 
  -0.1123527 189.3 
  -0.05727287 189.3 
  0.1044625 189.3 
  0.06982569 189.3 
  0.136138 189.3 
  -0.03013509 189.3 
  -0.3425972 189.3 
  -0.08226586 189.3 
  -0.1905181 189.3 
  -0.305837 189.3 
  -0.07576006 189.3 
  -0.1018282 189.3 
  -0.04217488 189.3 
  -0.1636783 189.3 
  -0.2497671 189.3 
  -0.289671 189.3 
  0.03631513 189.3 
  0.1503004 189.3 
  -0.06429309 189.3 
  -0.2454771 189.3 
  -0.1831847 189.3 
  0.07518241 189.3 
  -0.003653201 189.3 
  -0.01878515 189.3 
  0.09051657 189.3 
  0.1996119 189.3 
  0.0738817 189.3 
  0.1255341 189.3 
  -0.009395157 188.3582 
  -0.08335323 187.4211 
  -0.1517388 186.4887 
  0.1253698 186.4887 
  0.1507946 186.4887 
  0.1077855 185.5609 
  0.338291 184.6377 
  0.3335301 184.6377 
  0.3310818 184.6377 
  0.1524488 184.6377 
  0.2450505 184.6377 
  0.1625485 184.6377 
  0.03767994 185.5609 
  -0.0266513 185.5609 
  -0.1251649 186.4887 
  -0.1037676 186.4887 
  -0.05543274 186.4887 
  -0.08600172 186.4887 
  -0.2375682 186.4887 
  -0.1634379 186.4887 
  -0.2241064 186.4887 
  -0.07770375 186.4887 
  -0.06673337 186.4887 
  0.1147712 186.4887 
  0.04840717 186.4887 
  -0.001495814 186.4887 
  0.1588447 186.4887 
  0.1995081 186.4887 
  0.1990836 186.4887 
  -0.03867883 186.4887 
  -0.02571484 186.4887 
  -0.1600444 186.4887 
  -0.00524641 186.4887 
  0.06283761 186.4887 
  0.005266933 187.4211 
  -0.03769203 187.4211 
  -0.1811678 187.4211 
  -0.003962674 187.4211 
  0.09795646 187.4211 
  0.5229534 187.4211 
  0.109053 187.4211 
  -0.1238889 187.4211 
  0.04296519 187.4211 
  -0.1779134 187.4211 
  -0.1799222 187.4211 
  -0.08485145 188.3582 
  0.2605785 189.3 
  0.2412052 190.2465 
  0.1657086 191.1978 
  0.06592384 192.1537 
  -0.02022091 193.1145 
  -0.00888499 193.1145 
  0.1925864 192.1537 
  -0.007980524 192.1537 
  0.1110862 192.1537 
  0.1341176 192.1537 
  0.1811555 192.1537 
  0.6538165 189.3 
  0.6901617 177.4156 
  0.7096749 173.046 
  0.9381375 168.784 
  0.9185694 163.8079 
  0.9203668 160.5723 
  0.9227129 158.9785 
  0.8316115 158.1876 
  0.6577881 158.1876 
  0.3410622 158.1876 
  0.04165997 158.1876 
  0.1104479 158.9785 
  0.1579401 160.5723 
  -0.02974442 162.9929 
  -0.1278428 165.4501 
  -0.02135628 167.1087 
  0.1809276 167.9442 
  0.2623473 169.6279 
  0.2402667 168.784 
  0.6612433 159.7734 
  0.8292813 153.5239 
  0.9679891 151.2439 
  0.9940933 149.7427 
  0.9806895 148.2564 
  0.977403 145.328 
  0.9843261 143.8855 
  0.9765889 143.1697 
  0.9728075 143.1697 
  0.9614722 143.8855 
  0.9305804 146.0546 
  0.9093383 148.2564 
  0.9511079 151.2439 
  0.9625674 152.0001 
  0.9694181 152.7601 
  0.9848391 154.2915 
  0.9832423 154.2915 
  0.9695258 155.8383 
  0.9705956 156.6175 
  0.9594874 158.9785 
  0.956503 161.3751 
  0.9610984 162.182 
  0.9337082 162.182 
  0.9207476 162.9929 
  0.5148656 173.9112 
  0.340582 186.4887 
  -0.01143014 199.9758 
  0.1899345 213.3714 
  0.2541639 226.5316 
  0.03403661 238.1164 
  0.5469963 251.5452 
  0.7794576 227.6642 
  0.8832919 227.6642 
  0.9828352 228.8026 
  0.9690915 232.2518 
  0.9770156 236.9318 
  0.9811054 241.7061 
  0.9816778 244.1292 
  0.9440055 249.0485 
  0.9876614 254.067 
  0.98856 257.8971 
  0.9927732 260.4825 
  0.9947708 263.0938 
  0.9940887 264.4093 
  0.990747 265.7313 
  0.9687673 267.06 
  0.8262826 267.06 
  0.3418438 267.06 
  -0.1319971 267.06 
  -0.2943637 267.06 
  -0.2250512 267.06 
  -0.4951267 267.06 
  -0.5873132 267.06 
  -0.5481795 267.06 
  -0.4421595 267.06 
  -0.4514277 267.06 
  -0.1174327 267.06 
  0.005584167 267.06 
  -0.1323167 267.06 
  -0.1354356 267.06 
  -0.3769396 267.06 
  -0.3987235 267.06 
  -0.4376805 267.06 
  -0.3832054 267.06 
  -0.5940195 267.06 
  -0.8265507 267.06 
  -0.7936772 267.06 
  -0.41383 267.06 
  -0.3495922 267.06 
  -0.427616 267.06 
  -0.2915752 267.06 
  -0.09441692 267.06 
  -0.291456 267.06 
  -0.4500142 267.06 
  -0.2051758 267.06 
  -0.2135027 267.06 
  -0.4425138 267.06 
  -0.5564419 267.06 
  -0.4661498 267.06 
  -0.378391 267.06 
  -0.33363 267.06 
  -0.3153126 267.06 
  -0.3086712 267.06 
  -0.3212367 267.06 
  -0.4714389 267.06 
  -0.5666595 267.06 
  -0.3403173 267.06 
  0.005361245 267.06 
  0.05503453 267.06 
  -0.1959303 267.06 
  -0.3127296 267.06 
  -0.4482225 267.06 
  -0.2754932 267.06 
  0.173449 267.06 
  0.09764268 267.06 
  -0.04487702 267.06 
  -0.0005502823 267.06 
  -0.04746822 267.06 
  0.1623815 267.06 
  0.1297807 267.06 
  0.2224583 267.06 
  0.03590764 267.06 
  -0.1465418 267.06 
  -0.2748289 267.06 
  -0.4847506 267.06 
  -0.5461465 267.06 
  -0.2167698 267.06 
  -0.05886664 267.06 
  -0.1059129 267.06 
  -0.2164704 267.06 
  -0.2714823 267.06 
  -0.3199707 267.06 
  -0.09697541 267.06 
  0.1249823 267.06 
  -0.1566854 267.06 
  -0.3246534 267.06 
  -0.4137056 267.06 
  0.007588765 267.06 
  0.1343491 267.06 
  0.1325507 267.06 
  -0.0035159 267.06 
  -0.02097012 267.06 
  -0.05565259 267.06 
  0.08154543 267.06 
  -0.0522966 267.06 
  -0.1681243 267.06 
  -0.01393395 267.06 
  -0.1713485 267.06 
  -0.4907388 267.06 
  -0.557451 267.06 
  -0.106881 267.06 
  0.08419822 267.06 
  -0.03764077 267.06 
  -0.05925469 267.06 
  -0.1481075 267.06 
  -0.2470285 267.06 
  -0.4151558 267.06 ]
