 [
  0.1664136 114.3874 
  0.2040138 114.3874 
  0.02467838 114.3874 
  0.3688779 114.3874 
  0.3207437 114.3874 
  0.1068868 114.3874 
  0.1482755 114.3874 
  0.06844732 114.3874 
  0.2929908 114.3874 
  0.2851281 114.3874 
  0.1683756 114.3874 
  -0.1061627 114.3874 
  -0.2224286 114.3874 
  -0.1405414 114.3874 
  0.1082451 114.9594 
  0.6570736 116.6924 
  0.4878202 113.2521 
  0.4824069 112.6886 
  0.6188454 106.6728 
  -0.3728372 107.7421 
  -0.04165984 109.9132 
  0.0471118 112.128 
  0.2230511 114.3874 
  0.3438021 117.2759 
  0.01321008 119.639 
  -0.002806386 122.0498 
  -0.005704672 125.7574 
  0.1559727 128.9329 
  0.1981654 129.5776 
  0.1601244 131.531 
  0.1574371 131.531 
  0.151927 130.8766 
  0.1087628 131.531 
  0.002686589 132.1886 
  0.5168219 131.531 
  0.6612642 127.6532 
  0.8771101 126.3862 
  0.957682 125.1317 
  0.964704 124.5092 
  0.9663951 124.5092 
  0.9734421 123.8897 
  0.9738314 123.8897 
  0.9715856 123.8897 
  0.9578017 124.5092 
  0.9549519 125.1317 
  0.9601411 125.7574 
  0.9772344 125.7574 
  0.9771704 127.0181 
  0.9738626 127.6532 
  0.9799916 129.5776 
  0.9876131 129.5776 
  0.9805475 128.9329 
  0.9698671 127.6532 
  0.9657054 125.7574 
  0.9828718 123.8897 
  0.9872116 123.2734 
  0.9827255 122.0498 
  0.9892024 120.2372 
  0.978223 119.0438 
  0.9738899 118.4515 
  0.8345852 115.5342 
  0.7951502 111.0151 
  0.8723841 107.2061 
  0.8560046 105.0885 
  0.7746861 103.0128 
  0.3063802 100.4756 
  0.7083474 100.4756 
  0.2971825 101.4829 
  -0.04574628 103.5278 
  -0.02283359 105.614 
  -0.02942114 107.7421 
  0.2680873 110.4628 
  0.6238901 105.0885 
  0.9542718 105.0885 
  0.9755397 105.0885 
  0.9511068 105.614 
  0.9055436 106.142 
  0.8460334 106.142 
  0.7743894 105.0885 
  0.771423 108.8223 
  0.9886442 111.5702 
  0.9959279 112.128 
  0.9212401 111.5702 
  0.878628 111.5702 
  0.6375473 108.8223 
  0.9079344 104.5657 
  0.8779092 103.5278 
  0.6713592 104.0455 
  0.3615378 105.614 
  0.1052802 107.2061 
  0.01953264 108.8223 
  0.09365191 110.4628 
  -0.04727422 112.128 
  -0.07188427 113.8184 
  0.02457067 115.5342 
  -0.07245652 117.8622 
  -0.09285301 119.639 
  0.1984538 120.8384 
  0.1170538 121.4426 
  0.6945385 113.8184 
  0.2322087 104.5657 
  0.8306102 104.0455 
  0.8504127 103.0128 
  0.9453028 101.4829 
  0.9641656 101.9903 
  0.8905975 101.4829 
  0.9672372 100.4756 
  0.7976049 98.491 
  0.8501881 98.00098 
  0.9664839 99.47836 
  0.9818439 99.97575 
  0.8772902 98.491 
  0.8310366 96.54556 
  0.6531192 97.02828 
  0.562831 96.06523 
  0.5628738 96.54556 
  0.6317058 97.51342 
  0.7944479 95.11173 
  0.6478749 94.1677 
  0.5131869 90.93677 
  0.05209429 94.1677 
  0.1895023 96.54556 
  -0.2292745 98.98344 
  0.02241297 100.978 
  0.08731976 103.0128 
  -0.1197818 105.0885 
  -0.1072173 107.2061 
  -0.04917385 109.3664 
  0.2645344 111.0151 
  0.2943387 112.6886 
  0.1417047 113.8184 
  0.2680029 114.9594 
  0.5081254 116.1118 
  0.1229519 117.2759 
  0.1215471 117.2759 
  0.4053351 116.1118 
  0.06376384 113.2521 
  0.1962118 109.9132 
  0.1816406 107.2061 
  0.4143926 104.5657 
  0.163028 103.0128 
  -0.004717496 99.97575 
  0.1877645 97.51342 
  0.1786772 97.51342 
  0.2252837 98.491 
  0.1781422 99.47836 
  0.7760763 100.978 
  0.8011608 99.47836 
  0.668887 100.978 
  0.8200045 103.0128 
  0.8534926 103.0128 
  0.9810972 105.0885 
  0.9904667 104.5657 
  0.952723 103.5278 
  0.8262957 101.9903 
  0.6515774 99.97575 
  0.6516327 97.51342 
  0.8713498 93.23304 
  0.9291168 90.48434 
  0.9540808 88.69706 
  0.967547 86.94508 
  0.96961 86.0821 
  0.9512972 85.65383 
  0.9211959 85.2277 
  0.6278242 84.80367 
  0.1913028 82.3035 
  0.1543299 79.87703 
  0.1258099 81.08118 
  0.06000958 82.3035 
  0.0003247793 83.96195 
  -0.04489955 85.2277 
  0.1393165 85.65383 
  0.08556136 85.2277 
  0.04034152 83.96195 
  -0.01509735 83.54424 
  0.0505494 83.96195 
  -0.1524353 84.38177 
  0.2894205 84.80367 
  0.6109263 86.0821 
  0.7670515 87.3798 
  0.7629929 89.14054 
  0.6187418 90.48434 
  0.4853975 90.93677 
  0.2486102 91.39146 
  -0.08281991 91.84841 
  0.0315302 92.30766 
  0.140721 92.7692 
  0.3893257 93.23304 
  0.213373 93.23304 
  -0.009814072 93.23304 
  0.009223951 93.23304 
  0.01563852 93.23304 
  0.03092477 93.23304 
  0.1155202 93.23304 
  0.2112564 93.23304 
  0.2272421 93.23304 
  0.2735113 93.23304 
  0.2834146 93.23304 
  0.2410716 93.23304 
  -0.1699612 93.23304 
  0.3732233 92.7692 
  0.8681241 92.30766 
  0.9154471 91.84841 
  0.7441515 91.39146 
  0.2848217 90.48434 
  -0.1964949 90.03418 
  0.2742744 89.14054 
  0.05134607 88.25578 
  0.05570655 88.25578 
  0.1002949 88.25578 
  0.2120605 88.69706 
  0.1020126 89.14054 
  -0.1362993 90.03418 
  -0.2996152 90.93677 
  -0.149979 91.39146 
  0.5843164 91.84841 
  0.4609391 95.11173 
  0.5916319 95.5873 
  0.7834954 96.06523 
  0.8755612 94.63854 
  0.85488 94.63854 
  0.7165438 94.63854 
  0.8579214 96.54556 
  0.7311583 98.98344 
  0.7529101 101.4829 
  0.8454348 101.9903 
  0.8908219 100.978 
  0.9770293 99.97575 
  0.9508122 98.491 
  0.8927296 97.51342 
  0.8305606 95.11173 
  0.673223 92.7692 
  0.6067098 92.7692 
  0.2884099 93.23304 
  0.2225157 93.6992 
  -0.08285935 94.1677 
  0.001395874 94.63854 
  0.1182669 94.63854 
  -0.09293322 93.6992 
  0.1659319 90.48434 
  0.5896018 93.6992 
  0.8961581 93.6992 
  0.8754914 94.63854 
  0.9608871 95.11173 
  0.9257742 94.63854 
  0.9688411 93.6992 
  0.9685055 93.6992 
  0.9674865 93.6992 
  0.9252704 93.23304 
  0.8304443 92.30766 
  0.7727045 90.93677 
  0.7896789 89.58624 
  0.8893721 88.25578 
  0.6624672 86.51251 
  0.7249462 83.96195 
  0.914593 82.71502 
  0.7848732 82.3035 
  0.6046111 82.3035 
  0.6168574 81.89403 
  0.5968354 84.38177 
  0.6296861 80.6778 
  0.0796554 77.13642 
  0.3030117 73.38358 
  0.4244939 68.09386 
  0.6772728 67.75508 
  0.6440433 67.75508 
  0.1668663 70.16238 
  0.4543456 71.93407 
  0.6202065 73.01849 
  0.8166912 76.3708 
  0.7156058 78.29926 
  0.7400816 79.08421 
  0.75655 80.27641 
  0.01255908 80.27641 
  -0.005620836 80.27641 
  -0.1294407 80.27641 
  -0.2433485 80.27641 
  -0.2369554 80.6778 
  -0.1570397 81.08118 
  0.3516119 81.4866 
  0.6474059 83.12859 
  0.6767222 83.96195 
  0.268593 85.2277 
  0.2923802 86.51251 
  -0.430268 87.8167 
  -0.0751293 89.14054 
  0.0441291 90.48434 
  0.02552669 91.84841 
  -0.04889109 93.23304 
  0.1917164 94.63854 
  -0.09388775 96.06523 
  0.4366788 97.51342 
  0.7512245 97.51342 
  0.9555397 96.54556 
  0.8872644 94.1677 
  0.7079071 91.84841 
  0.6772882 88.25578 
  0.6609361 86.51251 
  0.8672689 86.0821 
  0.9406964 85.65383 
  0.8623434 87.3798 
  0.9215277 88.25578 
  0.8756644 88.69706 
  0.8001346 90.03418 
  0.884285 90.93677 
  0.9671665 91.39146 
  0.9869875 91.84841 
  0.995985 91.84841 
  0.9781523 92.30766 
  0.9207702 93.23304 
  0.9454391 93.6992 
  0.9039191 93.23304 
  0.8878633 92.7692 
  0.8596439 91.84841 
  0.862711 90.93677 
  0.8356818 90.03418 
  0.7085155 90.48434 
  0.7397283 90.93677 
  0.8633941 90.93677 
  0.6302152 90.93677 
  0.5296692 87.8167 
  0.538975 88.69706 
  0.6379951 88.25578 
  0.9370503 86.51251 
  0.3964962 85.65383 
  0.152063 90.93677 
  0.251594 92.7692 
  0.2729394 92.30766 
  0.5615579 98.98344 
  0.6336 99.47836 
  0.3249606 98.491 
  0.465884 98.491 
  0.1331252 98.491 
  0.1168012 98.491 
  0.1234326 98.491 
  0.2133614 98.491 
  0.231123 98.00098 
  0.2835722 98.00098 
  0.008054219 98.491 
  0.01685953 99.97575 
  0.1343292 100.4756 
  0.2653146 100.4756 
  0.5135512 100.4756 
  0.2586241 100.978 
  -0.0111033 101.9903 
  0.1030977 103.0128 
  0.1979469 104.0455 
  -0.001693141 105.0885 
  0.3040131 106.6728 
  0.7832472 109.9132 
  0.3555191 112.6886 
  0.1666717 119.639 
  0.2170889 121.4426 
  0.3302143 110.4628 
  0.2570809 108.8223 
  0.148626 101.9903 
  0.156548 88.69706 
  0.9565305 87.3798 
  0.8709747 88.69706 
  0.8868578 88.69706 
  0.9213619 87.8167 
  0.8937778 88.25578 
  0.8163823 88.25578 
  0.8244741 87.8167 
  0.9256273 86.0821 
  0.9192348 85.2277 
  0.9776739 84.38177 
  0.5386452 83.54424 
  0.628396 81.89403 
  0.751918 81.4866 
  0.6033971 81.89403 
  0.3445821 81.4866 
  0.3446566 80.27641 
  0.6612416 81.4866 
  0.838607 81.89403 
  0.7695043 81.08118 
  0.8615673 80.6778 
  0.6334521 78.29926 
  0.9259539 77.13642 
  0.2615849 76.3708 
  0.3736869 72.6552 
  0.8255513 72.29374 
  0.561164 65.75754 
  0.6604412 66.08632 
  0.4718283 61.32262 
  0.6155517 55.50082 
  0.6390635 55.50082 
  0.5531905 54.67657 
  0.7403288 53.86455 
  0.1351344 54.40454 
  0.1989517 55.77833 
  0.1378438 55.50082 
  0.02357411 55.2247 
  0.1186381 54.67657 
  -0.06179798 54.13387 
  -0.032601 53.59657 
  0.2738588 53.32993 
  0.3633276 53.0646 
  0.4723993 52.80059 
  0.5359083 52.53791 
  0.2324096 52.53791 
  0.1483547 52.53791 
  0.3453688 52.27652 
  0.5624106 52.01644 
  0.441174 52.01644 
  0.282041 52.01644 
  0.2015858 52.01644 
  0.1380496 52.01644 
  0.07782673 52.01644 
  -0.3490059 52.01644 
  -0.222174 52.01644 
  -0.05524374 52.01644 ]
