 [
  -0.06231572 112.128 
  -0.2421826 112.128 
  -0.1549246 112.128 
  -0.1950803 112.128 
  0.2193972 112.128 
  -0.3089441 112.128 
  0.09562347 112.128 
  0.02167041 112.128 
  0.1125981 112.128 
  0.05156796 112.128 
  0.04065461 112.128 
  -0.01717168 112.128 
  0.07080234 112.128 
  0.3032284 112.128 
  -0.02733175 112.128 
  0.623845 113.2521 
  0.9097363 113.2521 
  0.9304793 112.128 
  0.9687383 110.4628 
  0.9790395 108.8223 
  0.9797007 107.2061 
  0.9613144 106.142 
  0.9409269 104.5657 
  0.956435 103.5278 
  0.9510026 103.5278 
  0.8861136 105.614 
  0.775387 108.8223 
  0.7901573 112.6886 
  0.8180752 116.6924 
  0.8483027 120.8384 
  0.8749253 123.2734 
  0.9218576 124.5092 
  0.9032279 126.3862 
  0.8816215 128.9329 
  0.9208218 130.8766 
  0.9104611 132.8496 
  0.8878623 134.8523 
  0.881686 137.5696 
  0.8488348 138.9488 
  0.6510026 138.9488 
  0.9647455 141.0434 
  0.8740085 143.1697 
  0.382379 146.0546 
  -0.06760477 148.9977 
  0.08574417 152.0001 
  0.06241482 155.063 
  0.01617792 158.1876 
  0.4357019 161.3751 
  0.708872 165.4501 
  0.7646822 164.6269 
  0.8181727 162.9929 
  0.8736084 158.1876 
  0.5640996 153.5239 
  0.920561 148.9977 
  0.8810224 144.605 
  0.8314255 141.0434 
  0.6748264 137.5696 
  -0.04737886 134.1814 
  0.1663823 130.2255 
  0.1111027 127.0181 
  -0.1105812 123.2734 
  -0.06689415 120.2372 
  0.6522743 118.4515 
  0.8747108 117.8622 
  0.8283101 117.2759 
  0.7094092 116.6924 
  0.2561985 117.8622 
  0.04418142 119.639 
  0.04394489 121.4426 
  -0.09509483 123.2734 
  -0.05415642 125.1317 
  0.04314843 126.3862 
  0.06057283 128.2915 
  0.1287379 129.5776 
  0.1350759 132.1886 
  -0.04447367 135.5266 
  -0.0784407 139.6435 
  -0.04932225 143.8855 
  0.7664677 148.9977 
  0.7840086 139.6435 
  0.8960704 138.9488 
  0.9011393 136.8852 
  0.9073983 134.8523 
  0.9789015 133.5138 
  0.9935036 133.5138 
  0.9895802 133.5138 
  0.9883875 134.1814 
  0.9865299 134.8523 
  0.9198722 134.8523 
  0.8273946 134.1814 
  0.5437897 128.9329 
  0.5767446 125.7574 
  0.5477072 123.8897 
  0.7971778 122.6601 
  0.7869216 125.7574 
  0.7592428 124.5092 
  0.73502 124.5092 
  0.6130826 123.2734 
  0.3202206 124.5092 
  0.08504401 125.7574 
  -0.2836061 127.6532 
  -0.182987 128.9329 
  0.3405557 130.8766 
  0.1573136 132.8496 
  -0.1763943 134.1814 
  -0.2639332 135.5266 
  -0.289986 137.5696 
  -0.02594303 139.6435 
  0.03385025 141.0434 
  0.01017716 141.7487 
  -0.2137238 142.4574 
  -0.1316127 143.8855 
  -0.06552617 145.328 
  0.2517754 147.5188 
  0.8475768 148.2564 
  0.906965 146.7849 
  0.9472082 145.328 
  0.9437097 143.8855 
  0.9712459 142.4574 
  0.9532688 140.3417 
  0.9694354 138.2575 
  0.9791645 136.8852 
  0.9897056 136.2042 
  0.9894094 135.5266 
  0.9844944 134.8523 
  0.9728163 133.5138 
  0.9683393 132.1886 
  0.8798169 130.2255 
  0.8198696 127.0181 
  0.7708002 123.8897 
  0.7496617 120.2372 
  0.7199469 116.6924 
  0.7756669 112.128 
  0.7542523 108.8223 
  0.7902036 106.142 
  0.8706004 104.5657 
  0.9522128 103.0128 
  0.9658241 102.5003 
  0.9852761 101.9903 
  0.9701426 101.4829 
  0.9494548 100.978 
  0.9905998 100.4756 
  0.9873189 100.4756 
  0.9832627 100.4756 
  0.9512312 100.4756 
  0.9029409 100.4756 
  0.8328498 100.4756 
  0.7806694 101.4829 
  0.98155 103.0128 
  0.9804026 104.0455 
  0.9644613 105.0885 
  0.963352 106.142 
  0.9695143 107.7421 
  0.9839152 108.8223 
  0.9599549 110.4628 
  0.9080881 112.128 
  0.9251975 113.8184 
  0.9145975 114.9594 
  0.871532 115.5342 
  0.75669 116.1118 
  0.6290638 116.1118 
  0.652983 115.5342 
  0.6480459 114.9594 
  0.6320542 114.3874 
  0.531799 113.8184 
  0.3328097 112.6886 
  -0.0473399 112.128 
  -0.1838427 111.5702 
  -0.1381708 111.0151 
  0.2076013 110.4628 
  0.4188467 109.9132 
  0.249182 109.3664 
  0.2849568 108.8223 
  0.3448324 108.2809 
  0.2861374 107.2061 
  -0.2025023 106.142 
  -0.5439278 105.614 
  -0.4755925 105.0885 
  -0.4605143 104.5657 
  -0.2723009 104.0455 
  -0.07803777 103.5278 
  -0.007486043 103.0128 
  0.1481224 103.0128 
  0.6286185 104.0455 
  0.3619521 115.5342 
  0.8350886 114.3874 
  0.909144 114.9594 
  0.9541068 115.5342 
  0.9688078 115.5342 
  0.9785576 116.1118 
  0.9750032 116.1118 
  0.8729349 115.5342 
  0.8299566 113.2521 
  0.7403717 111.0151 
  -0.01670557 112.128 
  0.5972921 113.2521 
  0.5856641 113.2521 
  0.7389156 113.2521 
  0.7074356 113.8184 
  0.7146544 115.5342 
  0.8771741 117.2759 
  0.8710029 119.639 
  0.7777701 123.8897 
  0.8809454 126.3862 
  0.9273204 126.3862 
  0.9693102 125.7574 
  0.9881659 125.1317 
  0.9906542 125.1317 
  0.9911277 124.5092 
  0.9935897 125.1317 
  0.9938888 125.1317 
  0.9812162 125.7574 
  0.9626898 125.7574 
  0.8345563 126.3862 
  0.7082236 125.7574 
  -0.1022144 122.0498 
  0.05871834 121.4426 
  -0.121998 120.2372 
  0.100876 119.0438 
  0.2682714 117.8622 
  -0.280772 116.6924 
  0.06236261 115.5342 
  0.02436988 114.9594 
  -0.1565263 114.3874 
  0.6642261 115.5342 
  0.6754447 114.3874 
  0.6071708 113.2521 
  0.6767181 109.3664 
  0.7259471 105.614 
  0.4886275 103.5278 
  0.9634569 102.5003 
  0.9728667 100.978 
  0.9539787 99.97575 
  0.8495545 99.97575 
  0.4498604 101.9903 
  -0.1010997 105.614 
  -0.6059244 109.9132 
  -0.09439261 114.3874 
  0.02337834 119.0438 
  0.02645757 123.2734 
  0.1182017 127.6532 
  0.5820446 132.8496 
  0.6097715 134.8523 
  0.4873484 139.6435 
  0.6938832 145.328 
  0.8097908 143.8855 
  0.04961848 138.9488 
  -0.1611152 131.531 
  0.4999323 125.7574 
  0.4634454 123.2734 
  0.4304949 117.8622 
  0.8499282 114.3874 
  0.978752 112.6886 
  0.9903818 112.6886 
  0.9631214 113.2521 
  0.8418703 113.8184 
  0.7340414 114.3874 
  0.3382404 115.5342 
  0.9852262 119.639 
  0.7530197 123.2734 
  0.7786857 123.8897 
  0.8381442 124.5092 
  0.9573033 124.5092 
  0.9961817 126.3862 
  0.9985768 126.3862 
  0.9944539 127.0181 
  0.9926326 127.0181 
  0.9871206 127.0181 
  0.9811945 126.3862 
  0.9813452 125.7574 
  0.9612231 124.5092 
  0.9642476 122.6601 
  0.9874737 122.0498 
  0.9841623 121.4426 
  0.9622915 120.8384 
  0.9315403 119.0438 
  0.940463 118.4515 
  0.9488088 118.4515 
  0.9540997 118.4515 
  0.9605778 117.8622 
  0.9553767 117.8622 
  0.9728776 117.2759 
  0.9832871 116.6924 
  0.9766019 116.6924 
  0.8668265 116.6924 
  0.7574029 116.6924 
  0.5210825 118.4515 
  0.9854765 119.0438 
  0.9616931 118.4515 
  0.8710635 117.2759 
  0.843912 114.9594 
  0.7932374 112.6886 
  0.8818233 111.0151 
  0.9545583 109.9132 
  0.9510198 109.9132 
  0.9511878 109.9132 
  0.9557816 109.3664 
  0.9274912 108.2809 
  0.7754763 105.614 
  0.7761552 103.5278 
  0.8164395 101.4829 
  0.6480151 100.978 
  -0.001022326 101.9903 
  -0.2734132 103.5278 
  -0.5883552 105.0885 
  -0.156142 106.6728 
  0.07840826 108.2809 
  -0.007713206 109.9132 
  0.00443616 111.5702 
  0.03395384 113.2521 
  0.006110455 114.3874 
  -0.1007418 116.1118 
  0.01138409 117.8622 
  0.104514 119.639 
  0.6601104 121.4426 
  0.6407968 119.0438 
  0.7873517 117.2759 
  0.8666095 116.6924 
  0.8608483 115.5342 
  0.8797801 114.9594 
  0.9736929 115.5342 
  0.9842389 116.1118 
  0.9753277 116.6924 
  0.980641 117.2759 
  0.9676465 117.8622 
  0.9500669 117.8622 
  0.9518619 118.4515 
  0.950113 118.4515 
  0.8972152 117.8622 
  0.8103288 117.8622 
  0.6893104 116.6924 
  -0.4583067 116.1118 
  0.1369219 115.5342 
  -0.383212 114.9594 
  -0.0591496 114.3874 
  0.2826622 113.8184 
  0.08126055 113.2521 
  -0.005882131 112.6886 
  -0.1009237 111.5702 
  0.14734 109.3664 
  0.5931426 106.6728 
  0.81941 105.614 
  0.7215649 104.5657 
  0.3253812 104.5657 
  0.3269648 105.0885 
  0.2568338 106.142 
  0.1335029 107.2061 
  0.05705623 108.2809 
  -0.1795298 109.3664 
  -0.1034241 110.4628 
  0.1781651 111.5702 
  0.08831982 112.6886 
  -0.2358044 113.8184 
  0.09690693 114.9594 
  -0.03571551 116.1118 
  -0.03350911 117.2759 
  0.004899026 118.4515 
  0.02159328 119.639 
  0.5249693 122.0498 
  0.5232477 113.2521 
  0.7822784 111.5702 
  0.9128642 109.9132 
  0.9521161 109.3664 
  0.9895741 108.8223 
  0.9822015 109.3664 
  0.9560373 109.9132 
  0.8095103 109.3664 
  0.5479265 107.7421 
  -0.02922912 111.0151 
  0.4126309 112.6886 
  0.07852362 112.6886 
  -0.05346666 112.6886 
  0.04765402 112.6886 
  -0.04136666 112.6886 
  -0.06828481 112.6886 
  0.01304182 112.6886 
  0.02556677 112.6886 
  0.1131563 112.128 
  0.1183639 111.5702 
  0.05632408 111.5702 
  0.1118957 111.5702 
  0.2012618 111.5702 
  0.1475747 111.5702 
  0.003305149 111.5702 
  -0.08168373 111.5702 
  0.1658828 111.5702 
  0.5442714 111.5702 
  0.5824035 111.0151 
  0.4079067 109.9132 
  0.5895907 104.0455 
  0.9085103 101.9903 
  0.9243988 100.4756 
  0.9593635 99.47836 
  0.8339313 98.491 
  0.6809628 97.02828 
  0.7052008 95.11173 
  0.6754615 93.23304 
  0.4805696 89.14054 
  -0.02119578 89.58624 
  -0.06346446 89.58624 
  -0.1690843 89.58624 
  0.04392473 89.58624 
  0.1256872 89.14054 
  0.2024527 87.8167 
  0.1760919 86.0821 
  0.3582334 81.89403 
  0.4406923 81.08118 
  0.4127177 80.6778 
  -0.03180671 79.87703 
  -0.02474778 79.87703 
  -0.04782439 79.87703 
  0.01979299 79.87703 
  -0.06522238 79.87703 
  -0.2478718 79.87703 
  0.03032534 79.87703 
  0.1016294 79.87703 
  0.1052899 79.87703 
  -0.1311084 79.87703 
  0.2183913 79.87703 
  0.1179367 79.87703 
  0.02131 79.87703 
  -0.09885995 79.87703 
  0.06478173 79.87703 
  0.04096144 79.87703 
  -0.05873392 79.87703 
  -0.05781806 79.87703 
  0.05263275 79.87703 
  -0.1556861 79.87703 
  -0.04835204 79.87703 
  0.2082606 79.87703 
  0.03930951 79.87703 ]
