 [
  0.1689436 81.4866 
  0.2027026 81.4866 
  -0.02197256 81.4866 
  0.1537173 81.4866 
  0.01248931 81.4866 
  0.08922731 81.4866 
  0.02649931 81.4866 
  0.1013143 81.4866 
  0.2503141 81.4866 
  0.2614094 81.4866 
  -0.1326514 81.4866 
  0.07747619 81.4866 
  0.009883442 81.4866 
  0.005461103 81.4866 
  0.4676561 81.08118 
  0.8676668 82.71502 
  0.629324 90.48434 
  0.6874682 99.97575 
  0.8512976 100.978 
  0.1549196 103.0128 
  0.4967281 109.3664 
  0.566963 112.128 
  0.471621 115.5342 
  0.4834788 119.0438 
  0.6593982 123.2734 
  0.8194394 125.7574 
  0.8202467 127.0181 
  0.6776348 128.9329 
  -0.03352848 128.2915 
  -0.04256868 127.0181 
  0.1092617 125.7574 
  0.06755055 124.5092 
  0.04726331 123.2734 
  0.04624005 122.6601 
  0.1182739 122.6601 
  -0.1372246 124.5092 
  0.03272528 126.3862 
  0.02629221 128.2915 
  0.1171048 130.2255 
  -0.3938504 132.1886 
  0.6538298 132.8496 
  0.9069966 134.8523 
  0.9768959 134.8523 
  0.9399562 133.5138 
  0.8706238 130.8766 
  0.8548982 127.0181 
  0.7205302 124.5092 
  0.541081 125.1317 
  0.6277364 125.7574 
  0.713482 127.0181 
  0.8567687 128.9329 
  0.9103625 129.5776 
  0.9757853 129.5776 
  0.985867 130.2255 
  0.9911124 130.8766 
  0.9971683 131.531 
  0.9924152 131.531 
  0.9986601 130.8766 
  0.9937751 130.8766 
  0.9900674 132.1886 
  0.9979503 132.8496 
  0.9981041 132.8496 
  0.9960462 133.5138 
  0.98399 134.1814 
  0.975306 134.8523 
  0.9912621 136.2042 
  0.9621712 135.5266 
  0.8262882 134.1814 
  0.6356946 130.8766 
  0.4842983 123.8897 
  0.5654699 113.2521 
  -0.2027276 112.128 
  0.08859426 112.128 
  -0.0447589 112.128 
  -0.04400057 112.128 
  -0.2318957 112.128 
  -0.3767521 112.128 
  -0.06039369 112.128 
  0.1334773 112.128 
  0.2047895 112.128 
  0.2755467 112.128 
  0.1603674 112.128 
  -0.1576158 112.128 
  -0.2588836 112.128 
  -0.1181263 112.128 
  -0.2005745 112.128 
  -0.2238464 112.128 
  -0.0693621 112.128 
  -0.05126366 112.128 
  -0.03485117 112.128 
  -0.1407146 112.128 
  -0.02851862 112.128 
  0.5046759 112.128 
  0.8468208 112.128 
  0.9962679 111.5702 
  0.9836763 111.5702 
  0.5492166 111.5702 
  0.2282207 109.9132 
  0.5880988 109.3664 
  0.8993983 109.9132 
  0.9088256 111.0151 
  0.8634115 112.6886 
  0.9206715 113.8184 
  0.9673926 114.9594 
  0.9089823 116.1118 
  0.9206485 117.8622 
  0.9187967 119.0438 
  0.954722 120.8384 
  0.9644615 121.4426 
  0.9407141 122.6601 
  0.9666666 124.5092 
  0.9812937 125.1317 
  0.9771523 125.1317 
  0.9710042 125.1317 
  0.9579024 124.5092 
  0.9067582 123.8897 
  0.8165661 122.6601 
  0.7451183 120.8384 
  0.3999204 119.0438 
  0.2578657 118.4515 
  0.1918125 118.4515 
  0.3094127 118.4515 
  0.4212012 122.6601 
  0.6282172 120.8384 
  0.8301826 120.8384 
  0.9935668 120.2372 
  0.9916495 119.639 
  0.9727906 120.2372 
  0.9509709 120.8384 
  0.9213796 122.6601 
  0.9354002 123.8897 
  0.909461 123.8897 
  0.8651639 122.0498 
  0.8578828 119.639 
  0.6160432 118.4515 
  0.2357003 118.4515 
  0.5290313 119.0438 
  0.406158 119.639 
  0.5348709 120.8384 
  0.5003766 122.0498 
  0.4121224 123.2734 
  0.1591323 124.5092 
  0.09928709 125.7574 
  0.1426501 127.0181 
  0.04444806 128.2915 
  -0.1639764 129.5776 
  -0.2375006 130.8766 
  -0.1958024 132.1886 
  0.1082376 133.5138 
  0.1391188 134.8523 
  -0.01584228 136.2042 
  -0.1189943 137.5696 
  -0.2285791 138.2575 
  -0.1713836 138.9488 
  -0.04766889 140.3417 
  0.6421019 141.0434 
  0.6609876 131.531 
  0.8217743 128.9329 
  0.9463156 126.3862 
  0.9649344 124.5092 
  0.9506831 122.6601 
  0.9237059 120.2372 
  0.9479021 117.8622 
  0.9542764 116.1118 
  0.9644914 114.3874 
  0.9609662 113.2521 
  0.963062 111.5702 
  0.9655326 109.9132 
  0.9504748 107.7421 
  0.9452245 106.142 
  0.8747897 104.5657 
  0.8369693 101.9903 
  0.8320157 98.98344 
  0.8526423 97.02828 
  0.5971407 96.06523 
  0.4010168 92.7692 
  0.4151138 92.7692 
  0.2750816 93.23304 
  -0.07557719 93.23304 
  -0.07531845 93.23304 
  -0.1376727 93.6992 
  0.01954884 94.1677 
  0.03297474 94.63854 
  0.1448631 95.11173 
  0.1365141 95.11173 
  0.2569931 95.11173 
  0.1407749 95.11173 
  0.09802754 95.5873 
  0.09741252 95.5873 
  0.3337219 96.06523 
  0.7156741 98.491 
  0.7804099 98.00098 
  0.7283076 97.02828 
  0.5987671 95.11173 
  0.6968913 92.30766 
  0.8794288 90.48434 
  0.8355709 89.14054 
  0.8870016 87.8167 
  0.9338126 86.94508 
  0.5569537 85.65383 
  0.7689193 83.54424 
  0.9775571 83.12859 
  0.9574822 83.12859 
  0.9169533 82.3035 
  0.9456536 81.89403 
  0.9113243 81.89403 
  0.9218819 81.4866 
  0.9188699 81.4866 
  0.8175896 80.6778 
  0.7210292 80.27641 
  0.4798091 81.08118 
  0.2944892 83.12859 
  0.4209956 84.38177 
  -0.0158167 84.80367 
  -0.1356414 85.2277 
  -0.2214582 85.65383 
  -0.3478122 86.0821 
  -0.2879601 86.51251 
  -0.01841594 86.94508 
  0.2646267 87.3798 
  0.5096144 87.8167 
  0.5536127 87.8167 
  0.04798835 87.8167 
  -0.04664207 87.8167 
  -0.0395943 87.8167 
  -0.05740021 87.8167 
  -0.5737547 87.8167 
  -0.02788925 87.8167 
  0.1932756 88.25578 
  0.08732232 88.69706 
  -0.07193521 89.14054 
  -0.2103894 89.58624 
  -0.1592577 90.03418 
  -0.05708544 90.48434 
  0.09346639 90.93677 
  0.0209206 90.93677 
  0.02600627 90.93677 
  -0.1363774 91.39146 
  -0.03450073 91.84841 
  -0.06590443 92.30766 
  0.05783545 92.7692 
  -0.04380184 93.23304 
  0.1401293 93.6992 
  0.1533195 94.1677 
  -0.1384696 94.63854 
  -0.3051109 95.11173 
  -0.462864 95.5873 
  -0.2556654 96.06523 
  0.06628334 96.54556 
  0.1112822 97.02828 
  0.05127386 97.51342 
  0.05572221 98.00098 
  0.02237368 98.491 
  0.09839537 98.98344 
  0.05417684 100.4756 
  0.1279125 102.5003 
  0.02708837 105.0885 
  0.7455137 107.7421 
  0.7813347 105.0885 
  0.9508978 104.5657 
  0.9500189 104.5657 
  0.8790838 105.614 
  0.8330429 107.2061 
  0.9046369 108.2809 
  0.8858973 107.2061 
  0.8405892 106.142 
  0.8238725 105.0885 
  0.8101026 105.0885 
  0.388457 105.0885 
  0.1918625 105.614 
  -0.138774 106.142 
  0.3365836 106.6728 
  0.4950562 107.2061 
  0.3295673 107.7421 
  0.09143239 108.2809 
  0.05729835 108.8223 
  0.5767341 109.3664 
  0.5229429 111.0151 
  0.5374478 109.3664 
  0.67291 108.8223 
  0.9120816 107.7421 
  0.8103401 108.2809 
  0.7260046 108.2809 
  -0.1474668 113.2521 
  0.4221444 120.2372 
  -0.06041685 127.6532 
  -0.03778302 135.5266 
  0.02614018 143.8855 
  -0.2954678 152.7601 
  -0.05449142 162.182 
  0.02366181 172.185 
  -0.05395886 182.8051 
  0.3178238 194.0801 
  0.04998621 214.4382 
  0.4137582 225.4046 
  0.5747547 223.1673 
  0.4148776 228.8026 
  0.4552928 238.1164 
  0.6483578 238.1164 
  0.6743668 236.9318 
  0.5413026 235.753 
  0.3465808 241.7061 
  0.4607716 241.7061 
  0.4282141 239.307 
  0.3137293 238.1164 
  0.2060705 236.9318 
  0.9379327 236.9318 
  0.5620007 236.9318 
  0.03527087 236.9318 
  -0.00131658 236.9318 
  -0.1234608 236.9318 
  -0.1388518 236.9318 
  0.1376426 236.9318 
  0.2288031 236.9318 
  -0.004735583 236.9318 
  -0.1135373 236.9318 
  -0.1107466 236.9318 
  -0.3770413 236.9318 
  0.08142108 236.9318 
  -0.1539348 236.9318 
  -0.3510025 236.9318 
  -0.0656657 236.9318 
  0.05159638 236.9318 
  0.0510032 236.9318 
  -0.1304446 236.9318 
  0.1151535 236.9318 
  0.3181745 236.9318 
  0.2533481 236.9318 
  0.131145 236.9318 
  0.009292278 236.9318 
  0.02274206 236.9318 
  0.02881343 236.9318 
  0.1290527 236.9318 
  0.2692459 236.9318 ]
