 [
  -0.1315668 141.0434 
  -0.1651928 141.0434 
  -0.06313726 141.0434 
  -0.2040518 141.0434 
  -0.03100129 141.0434 
  0.02233148 141.0434 
  0.07311423 141.0434 
  -0.1937514 141.0434 
  -0.3265047 141.0434 
  -0.1513896 141.0434 
  0.170886 141.0434 
  0.1387546 141.0434 
  0.09998678 141.0434 
  -0.03306838 141.0434 
  -0.1359431 141.0434 
  -0.07643332 141.0434 
  -0.1413396 141.0434 
  0.3410275 141.0434 
  0.689478 140.3417 
  0.8527215 138.9488 
  0.9876082 137.5696 
  0.9960194 137.5696 
  0.9942401 138.2575 
  0.9967875 138.2575 
  0.993547 138.2575 
  0.9899559 138.9488 
  0.9883841 138.9488 
  0.9680047 138.2575 
  0.9365845 136.8852 
  0.9205998 134.1814 
  0.9281268 130.8766 
  0.9176042 128.9329 
  0.8095795 127.6532 
  0.08906989 126.3862 
  0.8906987 125.1317 
  0.9709184 123.8897 
  0.9822685 123.8897 
  0.9769088 124.5092 
  0.9662653 126.3862 
  0.6871082 128.2915 
  0.4289519 130.2255 
  0.6183298 132.1886 
  0.8398633 131.531 
  0.9694907 132.8496 
  0.8331108 134.8523 
  0.869652 136.8852 
  0.8567179 140.3417 
  0.7960135 143.1697 
  0.6945653 146.0546 
  0.9175013 148.2564 
  0.9283453 149.7427 
  0.9166179 148.9977 
  0.8926869 148.2564 
  0.8565761 146.7849 
  0.7206851 143.1697 
  -0.1818421 143.1697 
  0.3805164 144.605 
  0.4003604 146.0546 
  0.07598817 147.5188 
  0.01715637 148.9977 
  0.09206812 150.4914 
  0.5018296 152.0001 
  0.08062179 153.5239 
  0.2754414 155.063 
  0.06119853 155.8383 
  -0.07260331 156.6175 
  -0.1083316 158.1876 
  -0.06308413 158.9785 
  0.8158352 159.7734 
  0.7281435 150.4914 
  0.8063309 147.5188 
  0.9331228 145.328 
  0.9524845 144.605 
  0.9590693 143.1697 
  0.9398618 143.1697 
  0.7594405 141.0434 
  0.6601322 139.6435 
  0.8483522 137.5696 
  0.9672745 136.2042 
  0.8964816 135.5266 
  0.8876603 135.5266 
  0.9293456 133.5138 
  0.906675 132.8496 
  0.8147713 130.8766 
  0.6403614 129.5776 
  0.7289364 126.3862 
  0.4574856 123.2734 
  0.3030744 122.0498 
  0.6871414 117.8622 
  0.7856388 120.2372 
  0.7397335 118.4515 
  0.8070849 115.5342 
  0.9436131 114.9594 
  0.8834223 114.9594 
  0.6171985 113.8184 
  0.5901894 111.0151 
  0.6857145 107.7421 
  0.4181601 106.6728 
  0.7585629 108.2809 
  0.7251641 111.5702 
  0.6647225 116.1118 
  0.6924943 121.4426 
  0.7733936 124.5092 
  0.8849456 127.0181 
  0.9771839 128.2915 
  0.9804876 128.9329 
  0.9665071 128.2915 
  0.8760085 128.2915 
  0.8295039 127.6532 
  0.8193196 127.0181 
  0.9777805 127.6532 
  0.972381 127.6532 
  0.9172431 128.2915 
  0.8903165 127.0181 
  0.9380977 126.3862 
  0.9790906 124.5092 
  0.946968 123.8897 
  0.8432176 122.6601 
  0.8551154 119.639 
  0.7252865 117.8622 
  0.5582848 117.2759 
  0.8805493 116.6924 
  0.8764098 116.6924 
  0.3799695 116.6924 
  0.2691666 116.6924 
  0.3179345 116.6924 
  0.7432542 116.6924 
  0.9168296 117.2759 
  0.9156271 119.639 
  0.8954527 123.2734 
  0.8147844 123.8897 
  0.7921504 125.7574 
  0.8097671 124.5092 
  0.8200502 123.2734 
  0.8881062 122.0498 
  0.9232354 120.8384 
  0.9164965 121.4426 
  0.8795706 120.8384 
  0.7843602 122.0498 
  0.8570716 122.0498 
  0.9548152 120.8384 
  0.9510225 120.2372 
  0.9671416 119.639 
  0.9195417 119.0438 
  0.9449798 117.8622 
  0.8659531 116.6924 
  0.9368933 115.5342 
  0.9705188 114.3874 
  0.8851663 113.2521 
  0.9048953 112.128 
  0.880657 111.5702 
  0.917685 110.4628 
  0.8461215 109.3664 
  0.785087 106.6728 
  0.7904944 103.5278 
  0.7174387 101.9903 
  0.5303212 102.5003 
  0.3850237 103.5278 
  0.06031646 104.5657 
  -0.002486478 105.614 
  -0.08805726 106.6728 
  -0.1017894 107.7421 
  -0.02647711 108.8223 
  -0.02357141 109.9132 
  -0.005636705 111.0151 
  0.1178212 112.128 
  0.1756324 113.2521 
  0.2178609 114.9594 
  0.2031167 116.6924 
  0.4635854 117.8622 
  0.4632008 117.8622 
  0.3343587 116.6924 
  0.05632965 115.5342 
  -0.06087239 114.3874 
  -0.1279605 113.2521 
  0.05082977 112.6886 
  0.05912076 112.128 
  0.09854767 111.5702 
  0.1407366 110.4628 
  -0.1944806 109.3664 
  -0.1688834 108.2809 
  -0.05901451 107.2061 
  -0.1539962 106.6728 
  0.5236742 105.614 
  0.6116043 106.142 
  0.2758837 112.128 
  0.7440731 113.8184 
  0.8471597 112.128 
  0.9067008 110.4628 
  0.8395374 108.2809 
  0.8550756 108.2809 
  0.7818509 106.6728 
  0.8329159 106.142 
  0.935758 105.0885 
  0.9343053 104.5657 
  0.9610343 103.5278 
  0.8471935 101.9903 
  0.9210339 99.97575 
  0.914017 98.491 
  0.7145821 98.491 
  0.4627681 98.491 
  0.7328134 97.02828 
  0.7460366 98.491 
  0.7115654 98.491 
  0.4683881 98.98344 
  0.4643636 99.97575 
  0.9697426 100.978 
  0.8929765 101.9903 
  0.7100468 103.0128 
  0.4602426 104.0455 
  0.1378631 105.614 
  0.07354541 107.2061 
  -0.03903179 108.8223 
  0.7644664 110.4628 
  0.814923 109.9132 
  0.8115119 112.128 
  0.8578931 111.5702 
  0.8951245 111.0151 
  0.9181653 111.5702 
  0.9178569 112.128 
  0.920184 112.128 
  0.9250063 112.128 
  0.9061927 112.6886 
  0.9625756 113.2521 
  0.900224 113.2521 
  0.7005531 112.6886 
  0.5139777 110.4628 
  0.9596117 111.5702 
  0.990066 111.5702 
  0.9903333 111.0151 
  0.9888823 110.4628 
  0.9865545 109.9132 
  0.916772 109.3664 
  0.6770673 108.8223 
  0.2246801 108.8223 
  -0.04458714 108.8223 
  -0.1100303 108.8223 
  -0.5222955 109.3664 
  0.02457602 109.9132 
  0.1239092 109.9132 
  0.09615017 109.9132 
  0.1504665 109.3664 
  0.1139832 108.2809 
  -0.06900516 107.2061 
  -0.06632593 106.6728 
  0.06004567 106.142 
  0.2933312 105.614 
  0.7403932 104.0455 
  0.5474456 107.2061 
  0.6963143 106.142 
  0.3081599 105.0885 
  0.5236748 100.4756 
  0.9540285 99.47836 
  0.8772383 98.491 
  0.8623845 98.491 
  0.8984001 98.00098 
  0.9363696 98.00098 
  0.9579832 97.51342 
  0.8666842 96.54556 
  0.8523558 95.5873 
  0.8024819 94.63854 
  0.8259044 95.11173 
  0.9253508 94.63854 
  0.9603388 95.11173 
  0.9529368 96.06523 
  0.975375 96.54556 
  0.9296418 97.02828 
  0.9128177 98.00098 
  0.6445894 98.00098 
  -0.08749446 97.51342 
  0.2857139 98.00098 
  0.08473873 98.00098 
  0.1700052 98.491 
  0.1539092 98.98344 
  0.1522468 98.98344 
  -0.0857977 98.98344 
  0.09244596 98.98344 
  0.2248574 98.98344 
  0.1227115 99.47836 
  0.05897636 99.47836 
  0.01045076 99.47836 
  -0.1889629 99.97575 
  -0.05958663 99.97575 
  -0.03067525 99.97575 
  0.01535687 99.97575 
  -0.1383417 99.97575 
  0.03427615 99.97575 
  0.02509783 99.97575 
  0.05882958 99.97575 
  0.03437546 99.97575 
  0.02665947 99.97575 
  0.1357822 99.97575 
  0.008540032 99.97575 
  0.02350459 99.97575 
  0.2374444 99.97575 
  0.2152832 99.97575 
  0.1926812 99.97575 
  0.160116 99.97575 
  -0.0206923 99.97575 
  -0.06670509 99.97575 
  -0.1667887 99.97575 
  0.01049279 99.97575 
  0.0822977 99.97575 
  0.15691 99.97575 
  -0.3139635 99.97575 
  0.5549852 99.97575 
  0.3706186 100.4756 
  0.3927807 101.4829 
  0.4760541 105.614 
  0.9137067 103.5278 
  0.9066505 102.5003 
  0.877523 101.9903 
  0.9046479 100.978 
  0.8259419 100.978 
  0.4705736 101.4829 
  -0.0005404989 101.9903 
  -0.01132269 102.5003 
  0.07515562 103.0128 
  0.003065255 104.0455 
  -0.01382746 105.0885 
  0.1122699 106.142 
  0.3824903 107.2061 
  0.2936452 108.2809 
  0.1142059 109.3664 
  -0.1534285 110.4628 
  0.4251164 108.8223 
  0.3183796 113.2521 
  0.4812842 111.5702 
  0.6254358 112.6886 
  0.8843163 110.4628 
  0.8735163 109.3664 
  0.8914443 109.3664 
  0.8822305 108.2809 
  0.9539068 108.2809 
  0.9456622 108.2809 
  0.9699945 107.7421 
  0.9522488 106.6728 
  0.9585797 106.6728 
  0.9710987 106.6728 
  0.8589258 106.142 
  0.8516112 106.142 
  0.8388619 105.614 
  0.8503286 106.142 
  0.8404624 105.0885 
  0.8229498 103.5278 
  0.9231138 102.5003 
  0.9529883 101.9903 
  0.9333417 100.978 
  0.9500681 100.4756 
  0.7294092 99.97575 
  0.6075075 97.51342 
  0.6146703 95.11173 
  0.6416205 95.11173 
  0.8507028 95.5873 
  0.8955657 96.54556 
  0.9264519 98.00098 
  0.9268393 99.47836 
  0.9383258 99.47836 
  0.9428056 98.98344 
  0.9752046 98.491 
  0.8632501 98.00098 
  0.7309311 97.02828 
  0.3653097 97.02828 
  0.5867929 98.491 
  0.464554 100.4756 
  0.4016879 102.5003 
  0.5495358 104.5657 
  0.8197011 105.0885 
  0.8792698 105.0885 
  0.8553886 104.0455 
  0.8816475 104.5657 
  0.9116595 104.5657 
  0.8786835 104.0455 
  0.9589927 103.0128 
  0.9939582 102.5003 
  0.7445197 101.9903 
  0.674386 101.9903 
  0.7155049 99.97575 
  0.7871503 100.4756 
  0.8711604 98.98344 
  0.8993592 98.00098 
  0.9050924 97.02828 
  0.7843218 96.06523 
  0.8784077 94.63854 
  0.8795834 93.23304 
  0.8740525 91.84841 
  0.670382 92.30766 
  0.9004159 93.6992 
  0.8660271 92.30766 
  0.9379736 90.93677 
  0.9480702 90.03418 
  0.7954974 89.58624 
  0.5461535 89.58624 
  0.4278116 90.03418 
  0.7552742 90.48434 
  0.8181294 90.48434 
  0.8580062 90.93677 
  0.8772992 90.93677 
  0.75067 90.93677 
  0.4255913 91.39146 
  0.1043789 91.39146 
  -0.1469231 91.39146 
  0.07180367 91.39146 
  0.1823652 91.39146 
  0.08724782 91.39146 
  -0.1328477 91.39146 
  -0.1150345 91.39146 
  -0.1080985 91.39146 
  -0.0529377 91.39146 
  -0.1005233 91.39146 
  -0.1494184 91.39146 
  -0.3741116 91.39146 
  -0.142739 91.39146 
  -0.03964021 91.39146 
  0.006331151 91.39146 
  0.09082414 91.39146 
  -0.1042284 91.39146 
  -0.1946229 91.39146 ]
