 [
  -0.131792 177.4156 
  -0.2182795 177.4156 
  -0.07427326 177.4156 
  -0.05330893 177.4156 
  -0.2296672 177.4156 
  -0.2929751 177.4156 
  -0.1622577 177.4156 
  0.07119271 177.4156 
  0.1573338 177.4156 
  0.01364666 177.4156 
  -0.05676685 177.4156 
  0.2408898 177.4156 
  0.1953748 177.4156 
  0.6455524 187.4211 
  0.8327789 187.4211 
  0.9783623 188.3582 
  0.978395 189.3 
  0.978446 190.2465 
  0.9292292 193.1145 
  0.9297268 197.0059 
  0.9316634 201.9805 
  0.9510792 206.0505 
  0.9649022 210.2025 
  0.9803452 212.3098 
  0.9902999 213.3714 
  0.9909462 214.4382 
  0.9852325 213.3714 
  0.9896939 213.3714 
  0.9962892 212.3098 
  0.9960575 211.2535 
  0.9885485 210.2025 
  0.9663169 209.1568 
  0.9345335 207.0808 
  0.8736314 202.9904 
  0.9460305 199.9758 
  0.9602626 198.9809 
  0.9302766 198.9809 
  0.8642814 200.9756 
  0.8270887 204.0054 
  0.3145275 208.1162 
  0.5217329 211.2535 
  0.8252706 210.2025 
  0.9601415 209.1568 
  0.98544 209.1568 
  0.9913009 210.2025 
  0.9948167 212.3098 
  0.9976759 212.3098 
  0.9940294 213.3714 
  0.9885539 213.3714 
  0.975881 213.3714 
  0.9686238 212.3098 
  0.9832684 210.2025 
  0.9855039 209.1568 
  0.988012 207.0808 
  0.994452 207.0808 
  0.9935039 206.0505 
  0.9564489 205.0254 
  0.9008387 204.0054 
  0.7205404 205.0254 
  0.7774833 206.0505 
  0.7321855 209.1568 
  0.763392 212.3098 
  0.03737798 216.5879 
  0.4679449 217.6709 
  0.7942798 209.1568 
  0.9539825 208.1162 
  0.9914427 207.0808 
  0.9830059 206.0505 
  0.9679374 204.0054 
  0.9326082 199.9758 
  0.7662113 196.0257 
  0.8081253 194.0801 
  0.9057817 193.1145 
  0.9368256 193.1145 
  0.9762856 194.0801 
  0.988732 195.0505 
  0.9953518 196.0257 
  0.9984353 197.0059 
  0.9965209 196.0257 
  0.991179 194.0801 
  0.9781074 192.1537 
  0.946246 192.1537 
  0.8571429 193.1145 
  0.5450236 195.0505 
  -0.1605389 197.9909 
  -0.1576446 200.9756 
  -0.1002236 204.0054 
  -0.05050178 207.0808 
  -0.2843728 210.2025 
  0.02903148 212.3098 
  -0.1727114 215.5104 
  -0.07984269 218.7592 
  -0.03046204 222.057 
  0.05896563 224.2832 
  0.4565413 226.5316 
  0.8247436 220.9523 
  0.8204191 215.5104 
  0.9275793 210.2025 
  0.9814913 205.0254 
  0.9688392 201.9805 
  0.9354336 200.9756 
  0.8268729 205.0254 
  0.4453297 210.2025 
  0.4628278 215.5104 
  0.2657613 220.9523 
  -0.1685695 226.5316 
  0.04878785 227.6642 
  0.5825695 225.4046 
  0.6758785 211.2535 
  0.8005957 204.0054 
  0.973928 199.9758 
  0.9166635 197.9909 
  0.8900977 196.0257 
  0.9755949 195.0505 
  0.9982822 195.0505 
  0.997249 195.0505 
  0.9093599 195.0505 
  0.9199539 195.0505 
  0.9404852 194.0801 
  0.9731745 192.1537 
  0.9673449 190.2465 
  0.9600564 187.4211 
  0.9256973 184.6377 
  0.8513185 179.1942 
  0.7645941 173.046 
  0.7400981 167.1087 
  0.8250257 161.3751 
  0.8475111 155.8383 
  0.8773224 152.7601 
  0.8575076 148.9977 
  0.7524959 146.0546 
  0.8526483 143.1697 
  0.7890555 143.1697 
  0.9105394 144.605 
  0.7870591 145.328 
  0.3712202 144.605 
  0.3242235 138.2575 
  0.2173414 136.8852 
  -0.08204625 138.2575 
  -0.03232389 140.3417 
  -0.1672067 142.4574 
  -0.3232434 144.605 
  -0.04132717 147.5188 
  0.2318325 150.4914 
  0.3550819 152.7601 
  0.1568118 155.063 
  -0.02044747 157.4006 
  0.1093328 159.7734 
  0.5394286 162.182 
  -0.03741345 164.6269 
  -0.07267662 167.1087 
  0.006377615 169.6279 
  0.5259461 172.185 
  0.8719856 174.7808 
  0.8095464 177.4156 
  0.8881842 178.3027 
  0.9543967 177.4156 
  0.9938844 176.533 
  0.9985131 175.6547 
  0.9962931 174.7808 
  0.9945675 173.9112 
  0.9947429 173.046 
  0.8988468 173.9112 
  0.9013288 173.9112 
  0.9241436 174.7808 
  0.9800266 176.533 
  0.9848655 179.1942 
  0.9883274 180.0902 
  0.9883701 180.9906 
  0.9876254 181.8956 
  0.9907727 182.8051 
  0.9936334 183.7191 
  0.9960476 183.7191 
  0.9965562 183.7191 
  0.9956166 183.7191 
  0.9939806 183.7191 
  0.9894094 183.7191 
  0.9746369 184.6377 
  0.9333763 185.5609 
  0.8425923 186.4887 
  0.4459584 188.3582 
  -0.1251423 190.2465 
  -0.1476355 192.1537 
  0.1639878 194.0801 
  0.1399804 196.0257 
  0.07824793 197.9909 
  -0.09927891 199.9758 
  -0.09607378 201.9805 
  0.004090225 204.0054 
  0.02896579 206.0505 
  0.09523476 208.1162 
  0.1775447 210.2025 
  0.1512093 212.3098 
  -0.1851553 213.3714 
  -0.2111916 215.5104 
  0.0873515 217.6709 
  0.7693312 218.7592 
  0.5976949 202.9904 
  0.5879763 193.1145 
  0.86259 182.8051 
  0.8370404 175.6547 
  0.8745706 170.476 
  0.8596373 163.8079 
  0.8570261 158.9785 
  0.8465837 152.7601 
  0.8353213 147.5188 
  0.9406872 144.605 
  0.9467495 143.1697 
  0.9373583 141.7487 
  0.9628718 141.0434 
  0.9343713 140.3417 
  0.9362073 138.9488 
  0.9083998 136.8852 
  0.5987904 136.8852 
  0.07771985 136.8852 
  -0.01242136 136.2042 
  -0.1646129 136.2042 
  -0.008984727 136.2042 
  -0.02480684 136.2042 
  0.016483 136.2042 
  0.09057544 136.2042 
  0.040027 136.2042 
  0.07380588 136.2042 
  0.1422299 136.2042 
  0.2178698 136.2042 
  0.004597098 136.2042 
  -0.1025838 136.2042 
  -0.2817265 136.2042 
  -0.1990388 136.2042 
  -0.1325624 136.2042 
  -0.2168525 136.2042 
  -0.1312318 136.2042 ]
