 [
  -0.2143392 118.4515 
  -0.1411868 118.4515 
  -0.02377468 118.4515 
  0.03600541 118.4515 
  -0.05149779 118.4515 
  0.02672097 118.4515 
  -0.0658032 118.4515 
  -0.2502473 118.4515 
  -0.02366698 118.4515 
  0.08572643 118.4515 
  0.01977628 118.4515 
  0.02465689 118.4515 
  0.1464849 118.4515 
  -0.2422417 118.4515 
  0.07033716 118.4515 
  -0.1011412 118.4515 
  0.7021466 122.6601 
  0.8359441 122.0498 
  0.9674217 120.8384 
  0.9760795 119.639 
  0.9794986 117.8622 
  0.9803782 116.1118 
  0.9714732 114.9594 
  0.9887425 113.2521 
  0.9970341 112.128 
  0.9958411 112.128 
  0.969902 111.5702 
  0.9624164 110.4628 
  0.9121748 108.8223 
  0.8904406 107.7421 
  0.9703828 107.2061 
  0.9674389 107.7421 
  0.9003351 109.3664 
  0.9544731 112.128 
  0.9853597 112.128 
  0.9557284 111.0151 
  0.8866817 111.0151 
  0.6693289 112.128 
  -0.007494609 113.8184 
  0.08212962 115.5342 
  0.143561 117.2759 
  -0.06652782 117.8622 
  0.1025687 119.639 
  0.1065839 120.2372 
  0.02417624 121.4426 
  0.05963752 124.5092 
  0.09532519 125.1317 
  0.3840851 125.1317 
  0.7298396 125.1317 
  0.8597788 125.1317 
  0.8299856 123.2734 
  0.8208788 122.0498 
  0.9609994 120.8384 
  0.9607268 121.4426 
  0.9433684 122.6601 
  0.931499 123.8897 
  0.9128135 125.7574 
  0.8674046 128.2915 
  0.9309609 130.2255 
  0.9487765 131.531 
  0.9540659 132.8496 
  0.961349 134.1814 
  0.9743515 135.5266 
  0.9822614 136.2042 
  0.9848393 136.8852 
  0.990068 137.5696 
  0.9950023 137.5696 
  0.9928263 137.5696 
  0.9944802 137.5696 
  0.9962681 137.5696 
  0.9924464 136.8852 
  0.9867175 136.8852 
  0.9895641 135.5266 
  0.9702842 134.1814 
  0.9098316 132.8496 
  0.787051 131.531 
  0.7100701 127.0181 
  0.7734342 124.5092 
  0.9433618 125.1317 
  0.9821529 125.1317 
  0.9320107 125.7574 
  0.8802049 124.5092 
  0.9273822 124.5092 
  0.9808553 124.5092 
  0.9799923 123.8897 
  0.983561 123.8897 
  0.9916974 123.2734 
  0.9931873 122.6601 
  0.9905142 123.2734 
  0.9884377 122.6601 
  0.949198 123.8897 
  0.9380134 125.1317 
  0.9698775 126.3862 
  0.9592305 127.0181 
  0.8701983 127.0181 
  0.6074504 126.3862 
  -0.02709422 126.3862 
  0.010459 126.3862 
  0.0112423 126.3862 
  0.01109629 126.3862 
  0.02755897 126.3862 
  0.6027551 125.7574 
  0.4269577 125.1317 
  0.2884982 124.5092 
  0.1777077 123.2734 
  0.1219082 122.0498 
  -0.1420573 120.8384 
  0.6744697 119.0438 
  0.8162934 119.639 
  0.9374932 119.0438 
  0.758364 117.2759 
  0.6478038 114.3874 
  0.6019717 107.7421 
  0.6314879 103.5278 
  0.2789908 102.5003 
  0.80869 101.9903 
  0.9532046 101.4829 
  0.940716 101.4829 
  0.8952888 101.4829 
  0.9143204 101.4829 
  0.8877797 101.4829 
  0.9341065 100.4756 
  0.9551844 100.4756 
  0.9476128 100.978 
  0.7833358 100.4756 
  0.600263 98.98344 
  0.2596287 98.98344 
  0.0964954 98.98344 
  -0.09746356 98.98344 
  -0.03915456 98.98344 
  0.2807918 98.98344 
  0.2008154 99.47836 
  0.06787921 99.97575 
  0.2718372 100.4756 
  0.1358524 100.978 
  0.02308985 101.9903 
  -0.07053843 103.0128 
  0.007751052 104.0455 
  0.02237132 105.614 
  0.1595068 107.2061 
  0.05964614 108.8223 
  0.1137419 110.4628 
  0.2419754 112.128 
  0.2389521 113.8184 
  -0.0770428 115.5342 
  -0.1906557 117.2759 
  -0.08982143 119.0438 
  0.7156891 121.4426 
  0.8320417 123.2734 
  0.9684159 123.8897 
  0.9654951 123.8897 
  0.9603148 121.4426 
  0.9569409 119.639 
  0.9340031 117.2759 
  0.9290422 114.3874 
  0.958483 112.128 
  0.9849752 110.4628 
  0.9749352 109.3664 
  0.8870341 107.7421 
  0.6071704 107.2061 
  -0.03448356 108.8223 
  -0.0118579 110.4628 
  -0.1584518 111.5702 
  0.3755962 113.2521 
  0.6289535 114.9594 
  0.1659245 116.6924 
  0.1227667 118.4515 
  -0.006348606 120.2372 
  -0.005525973 122.0498 
  -0.1984292 123.8897 
  -0.05342188 125.7574 
  -0.04055089 127.6532 
  0.1956347 128.9329 
  0.1842025 130.2255 
  0.06715851 131.531 
  -0.1053379 132.8496 
  0.244201 134.1814 
  0.7196741 134.8523 
  0.6058579 128.2915 
  0.4294112 125.7574 
  0.4117339 121.4426 
  -0.1379611 118.4515 
  -0.02421961 116.1118 
  -0.1327632 114.3874 
  -0.2269943 112.6886 
  -0.3258912 111.5702 
  -0.3137104 110.4628 
  0.367475 109.3664 
  0.4205551 108.2809 
  0.09282282 107.2061 
  0.3807642 106.142 
  0.7846453 105.0885 
  0.8387764 104.0455 
  0.9748585 103.5278 
  0.9799001 103.0128 
  0.9324778 101.4829 
  0.9603099 100.4756 
  0.9689469 100.4756 
  0.9654431 101.4829 
  0.9797592 101.9903 
  0.9685841 101.4829 
  0.9463797 99.97575 
  0.9049344 98.491 
  0.8634783 97.02828 
  0.8220032 96.54556 
  0.8293552 97.02828 
  0.8936676 98.491 
  0.9292526 100.4756 
  0.9362674 101.9903 
  0.8162093 105.614 
  0.8745477 108.2809 
  0.884483 107.7421 
  0.9110837 108.2809 
  0.9180228 109.3664 
  0.9678567 111.0151 
  0.9850959 112.128 
  0.9756039 112.128 
  0.9736913 111.0151 
  0.9263471 111.5702 
  0.8448005 112.6886 
  0.9202523 114.9594 
  0.8959211 115.5342 
  0.8859169 111.5702 
  0.7489322 109.9132 
  0.07269552 109.3664 
  0.1380596 108.8223 
  0.2948844 108.2809 
  0.1885225 107.7421 
  0.04448755 107.2061 
  0.1587963 106.6728 
  0.102446 106.142 
  0.1898621 105.614 
  0.01151309 105.0885 
  0.2343233 104.0455 
  0.0278789 103.5278 
  -0.1150966 103.0128 
  -0.09687322 102.5003 
  0.007073489 101.9903 
  0.7983032 101.4829 
  0.9244632 101.9903 
  0.9721717 102.5003 
  0.9664112 103.0128 
  0.9502972 103.0128 
  0.794677 103.0128 
  0.1171104 101.9903 
  -0.1062401 100.978 
  0.1364553 99.97575 
  0.1451329 99.47836 
  0.1671882 98.98344 
  -0.01786091 98.491 
  0.03391319 97.51342 
  0.0006609829 97.02828 
  0.02275038 96.54556 
  -0.09281415 96.06523 
  -0.09640768 96.06523 
  -0.007938348 96.06523 
  -0.3269031 96.06523 
  0.4302732 96.06523 
  0.6280237 98.00098 
  0.8745171 99.47836 
  0.956185 100.4756 
  0.8975597 100.978 
  0.879541 100.978 
  0.9043229 101.4829 
  0.9490079 101.4829 
  0.932155 101.9903 
  0.9443836 102.5003 
  0.8220794 103.0128 
  0.6730565 104.0455 
  0.868375 106.6728 
  0.7732292 108.2809 
  0.8359281 109.9132 
  0.7652885 112.128 
  0.8088154 109.9132 
  -0.03981106 109.3664 
  -0.04246429 108.8223 
  -0.1076806 108.2809 
  -0.1650521 107.7421 
  -0.2134863 107.2061 
  -0.05184631 107.2061 
  0.1540536 107.2061 
  0.1166739 107.7421 
  0.03526295 108.2809 
  0.4136911 108.2809 
  0.544383 101.4829 
  0.8834676 101.4829 
  0.8726336 100.978 
  0.6880456 98.491 
  0.6282671 95.11173 
  0.5590318 93.23304 
  -0.0316754 94.1677 
  -0.2245098 94.63854 
  -0.1063483 95.11173 
  0.02066896 95.5873 
  0.01134004 96.06523 
  -0.07854625 96.54556 
  0.009258402 97.02828 
  -0.01961227 97.51342 
  -0.1874916 98.00098 
  -0.006595893 98.491 
  0.08665455 98.98344 
  0.009239954 99.47836 
  0.1308484 99.47836 
  0.6195909 98.00098 
  0.6141167 97.51342 
  0.715965 96.54556 
  0.9059103 94.63854 
  0.9488894 94.1677 
  0.9193866 93.6992 
  0.6765087 95.11173 
  0.7425469 95.11173 
  0.8042418 93.23304 
  0.9339051 93.23304 
  0.9089293 92.7692 
  0.9185938 92.30766 
  0.9744277 91.84841 
  0.9376601 92.30766 
  0.8424621 92.7692 
  0.8358768 94.63854 
  0.9458424 95.5873 
  0.9823896 96.06523 
  0.9806237 95.5873 
  0.9735139 95.11173 
  0.9229446 94.1677 
  0.9902118 93.23304 
  0.9806449 92.7692 
  0.8634925 90.93677 
  0.9065048 89.14054 
  0.8226717 87.8167 
  0.5204587 87.3798 
  0.03170593 87.8167 
  -0.01477601 88.69706 
  -0.01122752 89.14054 
  -0.2039003 90.03418 
  -0.2301174 90.93677 
  0.03397079 91.84841 
  -0.009903524 92.30766 
  0.07366479 92.7692 
  0.03677741 93.23304 
  -0.1387261 94.1677 
  0.07833307 95.11173 
  0.2216101 95.5873 
  0.1802315 97.51342 
  0.624281 101.4829 
  0.7403165 101.9903 
  0.9436637 101.4829 
  0.8661792 100.978 
  0.9303911 99.47836 
  0.9482358 98.491 
  0.9610322 97.51342 
  0.9538887 97.51342 
  0.9836176 97.02828 
  0.9694563 96.54556 
  0.9748361 96.06523 
  0.9884195 95.5873 
  0.9946089 95.5873 
  0.9962418 95.11173 
  0.982313 94.1677 
  0.9666813 93.6992 
  0.9608995 92.7692 
  0.9345577 91.39146 
  0.9654011 90.93677 
  0.9549283 91.39146 
  0.9816489 91.84841 
  0.8829858 91.39146 
  0.8235835 90.48434 
  0.8186758 90.03418 
  0.5465757 90.03418 
  0.04437967 90.93677 
  0.003555791 92.30766 
  0.04863048 93.6992 
  0.1255441 95.11173 
  0.1472714 96.54556 
  0.09941908 97.51342 
  0.1212192 98.491 
  -0.01800487 99.47836 
  0.03311537 99.97575 
  -0.007561682 100.4756 
  0.04268282 100.978 
  0.02835258 101.4829 
  -0.002515034 101.9903 
  0.1103563 102.5003 
  0.3695738 103.0128 
  0.3934789 103.5278 
  0.1600892 104.0455 
  0.03888767 104.5657 
  -0.113332 105.0885 
  0.3392298 105.614 
  0.678755 105.614 
  0.3887841 97.51342 
  0.7428502 96.06523 
  0.8278508 95.5873 
  0.7917681 95.11173 
  0.7004834 93.6992 
  0.9609686 92.7692 
  0.91236 93.23304 
  0.9023213 94.1677 
  0.9435685 95.11173 
  0.9758356 95.5873 
  0.9857171 96.06523 
  0.9855273 96.06523 
  0.9516113 96.06523 
  0.9305862 95.11173 
  0.926164 94.1677 
  0.9292897 93.23304 
  0.9393978 91.84841 
  0.9650478 91.39146 
  0.9716615 90.93677 
  0.9805114 90.93677 
  0.9764047 90.93677 
  0.9846951 90.48434 
  0.9252792 90.03418 
  0.9352555 89.14054 
  0.9819214 88.25578 
  0.970142 87.8167 
  0.9726284 87.8167 
  0.9764459 88.25578 
  0.9722332 87.8167 
  0.9815534 87.8167 
  0.9705516 87.3798 
  0.8704976 86.94508 
  0.7998576 86.51251 
  0.6143889 85.65383 
  0.9012713 86.0821 
  0.9457878 86.51251 
  0.8698144 86.94508 
  0.6257423 87.3798 
  0.5282694 87.8167 
  0.3869774 88.25578 
  0.3837198 88.25578 
  0.405335 88.25578 
  0.2592816 88.25578 
  0.1976978 88.25578 
  0.1429663 88.25578 
  0.05060499 88.25578 
  0.1033787 88.25578 
  -0.07595824 88.25578 
  0.05913466 88.25578 
  0.1554852 88.25578 
  0.2113075 88.25578 
  0.02348649 88.25578 
  -0.03845979 88.25578 
  0.03219566 88.25578 
  0.1103896 88.25578 
  -0.05500715 88.25578 ]
