 [
  -0.2204974 104.0455 
  -0.09425247 104.0455 
  0.08337846 104.0455 
  0.06308114 104.0455 
  -0.01630099 104.0455 
  -0.09737244 104.0455 
  -0.1534223 104.0455 
  0.05787214 104.0455 
  0.0405961 104.0455 
  0.05680426 104.0455 
  0.2121282 104.0455 
  0.2072478 104.0455 
  -0.08561911 104.0455 
  -0.07455243 104.0455 
  -0.07205652 104.0455 
  0.08501171 104.0455 
  -0.01579538 104.0455 
  -0.4819314 104.0455 
  0.1742021 104.0455 
  0.120249 104.0455 
  0.2144837 104.0455 
  0.3015262 104.0455 
  0.5815511 104.0455 
  0.4242032 98.98344 
  0.507036 103.5278 
  0.7322319 106.142 
  0.9677899 107.2061 
  0.9711131 107.2061 
  0.8879846 108.2809 
  0.8737277 109.3664 
  0.8144183 110.4628 
  0.7125738 109.9132 
  0.1224108 108.8223 
  -0.4772007 110.4628 
  -0.08335519 112.128 
  -0.04754736 113.8184 
  -0.05950786 115.5342 
  -0.1247845 117.2759 
  0.01178938 119.0438 
  0.0384817 120.8384 
  0.1517659 122.0498 
  0.07821058 122.6601 
  -0.06192254 122.6601 
  -0.0154801 122.0498 
  0.07517026 120.8384 
  0.109134 120.2372 
  0.7929932 121.4426 
  0.527661 103.0128 
  0.8095934 101.9903 
  0.8910601 99.97575 
  0.9610114 98.98344 
  0.9426521 98.491 
  0.9323432 98.491 
  0.911958 98.00098 
  0.884424 97.51342 
  0.8556857 97.51342 
  0.7891786 97.51342 
  0.3420303 98.00098 
  0.3746143 99.47836 
  0.3483605 100.978 
  -0.01035978 102.5003 
  0.04321942 104.0455 
  -0.09820083 105.614 
  0.123772 107.2061 
  0.08094417 108.2809 
  0.1397964 108.8223 
  0.3226033 111.0151 
  0.4722737 99.47836 
  0.901667 98.00098 
  0.8697484 96.06523 
  0.8969449 93.23304 
  0.8162459 90.93677 
  0.6377415 89.14054 
  -0.07405502 89.58624 
  -0.7683679 90.03418 
  -0.0344935 90.48434 
  -0.0146356 90.93677 
  -0.05972642 91.39146 
  0.1005232 91.84841 
  0.09413542 92.30766 
  -0.05143233 92.7692 
  -0.08422527 92.7692 
  -0.05572121 92.30766 
  0.09713521 92.30766 
  0.3545462 94.63854 
  0.5048287 99.97575 
  0.7486441 98.491 
  0.9302336 98.00098 
  0.9341415 97.51342 
  0.9367194 97.51342 
  0.9085096 97.02828 
  0.8308651 96.06523 
  0.6338781 94.63854 
  0.7378421 96.06523 
  0.9892091 97.02828 
  0.9804048 96.54556 
  0.9489946 96.06523 
  0.8921384 95.5873 
  0.8793297 95.11173 
  0.5283597 94.1677 
  -0.05735589 93.23304 
  0.005137285 92.30766 
  0.1881825 91.39146 
  0.232655 90.93677 
  -0.04207265 90.93677 
  -0.1210501 90.93677 
  0.06783563 90.93677 
  0.4788698 91.39146 
  0.6902363 93.23304 
  0.7312146 91.84841 
  0.588071 89.14054 
  0.7126906 86.94508 
  0.8903579 85.2277 
  0.8118853 86.0821 
  0.5995547 86.0821 
  0.527902 83.54424 
  0.522262 83.12859 
  0.5182059 81.08118 
  0.5552295 79.87703 
  0.003429317 81.4866 
  -0.03823545 82.71502 
  0.0418139 83.96195 
  0.1444919 85.2277 
  0.1726497 86.51251 
  -0.18745 87.8167 
  -0.08732372 89.14054 
  0.04664448 90.48434 
  -0.2118069 91.84841 
  -0.02847764 93.23304 
  -0.05376713 94.63854 
  0.2646638 95.5873 
  0.7877644 95.5873 
  0.5550466 93.23304 
  0.7324846 91.84841 
  0.8767366 90.03418 
  0.830955 89.14054 
  0.9724831 87.8167 
  0.9407992 87.8167 
  0.8921788 87.8167 
  0.7528133 90.03418 
  0.5585853 91.39146 
  0.4222665 92.30766 
  -0.3535359 92.7692 
  -0.03467373 92.7692 
  0.1672282 92.7692 
  0.2372498 92.7692 
  0.07406522 92.7692 
  -0.07670313 92.7692 
  0.06417144 92.7692 
  -0.1690762 92.7692 
  0.7211177 94.63854 
  0.4116105 93.6992 
  0.5742425 89.58624 
  0.8696868 88.69706 
  0.719953 88.69706 
  -0.1230668 88.25578 
  -0.1960809 88.25578 
  -0.2658672 88.25578 
  0.2778952 88.25578 
  -0.01314575 88.25578 
  -0.05961292 88.25578 
  -0.2061326 88.25578 
  -0.01863311 88.25578 
  0.07413536 88.25578 
  0.08182047 88.69706 
  0.1249229 89.14054 
  0.07520339 90.48434 
  -0.008737118 92.30766 
  0.5203447 93.23304 
  0.7074455 94.1677 
  0.7933821 92.30766 
  0.6416872 91.39146 
  0.3994185 87.8167 
  0.8308864 85.65383 
  0.8526795 84.80367 
  0.6364962 84.38177 
  0.3350309 86.51251 
  0.6329396 89.14054 
  0.4660629 106.6728 
  0.2806872 111.5702 
  0.1666574 118.4515 
  0.499894 125.1317 
  0.2520881 133.5138 
  0.5089461 138.9488 
  0.6691049 137.5696 
  0.625643 135.5266 
  0.737497 132.1886 
  0.5366932 131.531 
  0.6380121 130.2255 
  0.1596403 130.2255 
  -0.04111977 130.2255 
  -0.02923914 130.2255 
  -0.06672016 130.2255 
  -0.2271722 130.2255 
  -0.006047236 130.2255 
  -0.08052421 130.2255 
  0.1231535 130.2255 
  0.1846796 130.2255 
  0.2607528 130.2255 
  0.003913403 130.2255 
  0.03346262 130.2255 
  0.06837065 130.2255 
  0.07153898 130.2255 
  -0.04989831 130.2255 
  -0.2297421 130.2255 
  -0.2048233 130.2255 
  -0.1999117 130.2255 
  -0.2271783 130.2255 
  0.004256763 130.2255 
  -0.1130388 130.2255 
  -0.006668612 130.2255 
  0.01129047 130.2255 
  -0.2405637 130.2255 
  -0.1073625 130.2255 
  -0.1095489 130.2255 
  -0.1303706 130.2255 
  -0.09640884 130.2255 
  -0.07656461 130.2255 
  -0.2060945 130.2255 
  -0.3821816 130.2255 
  -0.2862965 130.2255 
  -0.3310126 130.2255 
  -0.4045579 130.2255 
  -0.3497107 130.2255 
  -0.1598301 130.2255 
  -0.1340706 130.2255 ]
