 [
  -0.01990401 216.5879 
  -0.08316633 216.5879 
  -0.1491802 216.5879 
  0.04698732 216.5879 
  -0.1733631 216.5879 
  0.04712314 216.5879 
  0.09451675 216.5879 
  0.01688371 216.5879 
  0.3521861 216.5879 
  0.2326347 216.5879 
  0.1083542 216.5879 
  0.2449351 216.5879 
  0.495872 216.5879 
  0.4337316 216.5879 
  0.5948111 215.5104 
  0.865397 214.4382 
  0.9597617 216.5879 
  0.9782018 218.7592 
  0.9959385 219.853 
  0.9969273 220.9523 
  0.9986497 220.9523 
  0.9976707 222.057 
  0.9969529 223.1673 
  0.9970399 223.1673 
  0.9976333 224.2832 
  0.9956579 225.4046 
  0.9969091 226.5316 
  0.9988966 227.6642 
  0.9934387 227.6642 
  0.993227 228.8026 
  0.9583284 228.8026 
  0.9231372 228.8026 
  0.8308004 232.2518 
  0.9403551 236.9318 
  0.9648864 236.9318 
  0.987726 236.9318 
  0.9961342 236.9318 
  0.9952476 236.9318 
  0.9929262 236.9318 
  0.9858817 236.9318 
  0.9889359 235.753 
  0.9935256 235.753 
  0.9947748 234.5801 
  0.99473 235.753 
  0.9929795 235.753 
  0.9864187 234.5801 
  0.9844685 234.5801 
  0.9860843 233.4131 
  0.9891244 231.0963 
  0.9904374 229.9466 
  0.9909739 229.9466 
  0.9971773 228.8026 
  0.9968486 228.8026 
  0.9943255 228.8026 
  0.9931465 228.8026 
  0.9984686 228.8026 
  0.9946278 228.8026 
  0.9944609 229.9466 
  0.9921321 229.9466 
  0.9957513 229.9466 
  0.9971208 231.0963 
  0.9987506 231.0963 
  0.9970722 231.0963 
  0.9972056 232.2518 
  0.998128 232.2518 
  0.9986793 232.2518 
  0.9986826 232.2518 
  0.9975638 232.2518 
  0.9986612 232.2518 
  0.9978961 232.2518 
  0.9965895 232.2518 
  0.9933078 229.9466 
  0.9837906 228.8026 
  0.9878395 226.5316 
  0.9878346 224.2832 
  0.97468 222.057 
  0.9731663 218.7592 
  0.9820181 216.5879 
  0.977308 214.4382 
  0.9659439 211.2535 
  0.9351149 208.1162 
  0.9154311 206.0505 
  0.857105 204.0054 
  0.6704335 205.0254 
  0.5310408 207.0808 
  0.4009096 209.1568 
  -0.1952113 211.2535 
  0.1042494 213.3714 
  0.1689876 214.4382 
  0.5549483 208.1162 
  0.7749283 207.0808 
  0.9896945 206.0505 
  0.9941412 206.0505 
  0.9766277 205.0254 
  0.9692228 204.0054 
  0.9832078 201.9805 
  0.9927207 200.9756 
  0.9963798 200.9756 
  0.9966577 200.9756 
  0.9973793 200.9756 
  0.9793559 201.9805 
  0.9801307 202.9904 
  0.9668751 204.0054 
  0.9788278 206.0505 
  0.9831676 208.1162 
  0.9876954 209.1568 
  0.983757 210.2025 
  0.9401556 210.2025 
  0.8554611 208.1162 
  0.7554654 201.9805 
  0.2666621 201.9805 
  -0.001497442 202.9904 
  0.2327042 204.0054 
  0.3370804 205.0254 
  -0.06654926 205.0254 
  -0.2444092 205.0254 
  -0.08839463 205.0254 
  0.4701976 205.0254 
  0.8650715 205.0254 
  0.9783584 205.0254 
  0.9964826 206.0505 
  0.9154092 206.0505 
  0.9390488 204.0054 
  0.9636594 202.9904 
  0.9857584 200.9756 
  0.9917113 199.9758 
  0.9981998 199.9758 
  0.9984755 199.9758 
  0.998435 199.9758 
  0.9975924 199.9758 
  0.9964701 199.9758 
  0.9946725 200.9756 
  0.9939219 200.9756 
  0.9913716 200.9756 
  0.9819413 200.9756 
  0.8719144 198.9809 
  0.7855985 192.1537 
  0.7680725 184.6377 
  0.3446709 180.0902 
  0.1329674 177.4156 
  -0.1754513 179.1942 
  -0.01464015 183.7191 
  0.6143017 190.2465 
  0.749386 196.0257 
  0.8859174 199.9758 
  0.9573486 200.9756 
  0.9302033 200.9756 
  0.8789572 200.9756 
  0.5903233 200.9756 
  0.3366923 200.9756 
  -0.03401916 200.9756 
  0.01176396 200.9756 
  0.09767839 200.9756 
  0.7568347 202.9904 
  0.8782199 199.9758 
  0.9773569 197.0059 
  0.978575 195.0505 
  0.9808764 192.1537 
  0.9814979 190.2465 
  0.9637991 188.3582 
  0.9624444 186.4887 
  0.9781782 183.7191 
  0.9504713 183.7191 
  0.9608129 184.6377 
  0.9279068 187.4211 
  0.9445602 190.2465 
  0.9380426 189.3 
  0.9707251 188.3582 
  0.9863053 187.4211 
  0.9852577 187.4211 
  0.9670199 187.4211 
  0.9460439 188.3582 
  0.9430587 188.3582 
  0.9685657 188.3582 
  0.9806398 189.3 
  0.9684027 191.1978 
  0.9497108 194.0801 
  0.9489127 196.0257 
  0.9760044 197.9909 
  0.9754324 198.9809 
  0.9451267 198.9809 
  0.8544095 197.9909 
  0.439952 198.9809 
  0.07771436 199.9758 
  -0.03344527 201.9805 
  0.02934666 204.0054 
  0.07156852 206.0505 
  0.06164685 208.1162 
  0.4770291 210.2025 
  0.8018104 209.1568 
  0.9083735 209.1568 
  0.9901333 208.1162 
  0.9933866 207.0808 
  0.9837506 205.0254 
  0.9801971 202.9904 
  0.9727963 199.9758 
  0.9748474 197.0059 
  0.9768311 195.0505 
  0.8914736 194.0801 
  0.4984608 194.0801 
  0.7284777 194.0801 
  0.8266225 195.0505 
  0.8660629 197.9909 
  0.9477236 198.9809 
  0.9781824 197.9909 
  0.9809462 197.0059 
  0.9813271 195.0505 
  0.9921913 194.0801 
  0.9945538 193.1145 
  0.9956774 192.1537 
  0.9904145 192.1537 
  0.966365 192.1537 
  0.9384044 191.1978 
  0.7370042 188.3582 
  0.9105222 186.4887 
  0.9655947 185.5609 
  0.9441227 186.4887 
  0.9704676 187.4211 
  0.9869727 188.3582 
  0.9953167 187.4211 
  0.986641 187.4211 
  0.9628186 187.4211 
  0.9470811 188.3582 
  0.9975158 189.3 
  0.9971894 189.3 
  0.9960943 189.3 
  0.9959404 189.3 
  0.9972582 188.3582 
  0.8698738 187.4211 
  0.8635982 185.5609 
  0.9218771 184.6377 
  0.979168 183.7191 
  0.9830106 182.8051 
  0.9850358 181.8956 
  0.9924064 180.0902 
  0.9860253 180.0902 
  0.9845791 179.1942 
  0.9745117 178.3027 
  0.9580953 177.4156 
  0.9592195 175.6547 
  0.9674081 174.7808 
  0.9871374 173.046 
  0.9922069 172.185 
  0.9918371 171.3284 
  0.9853091 170.476 
  0.9665512 168.784 
  0.9782785 167.1087 
  0.9854217 166.2773 
  0.9896799 167.1087 
  0.9666685 167.9442 
  0.9280635 170.476 
  0.8337234 173.046 
  0.5764228 175.6547 
  0.2962984 177.4156 
  0.03134058 179.1942 
  0.03345685 180.0902 
  0.5234298 180.9906 
  0.8837308 180.9906 
  0.9599451 180.9906 
  0.987066 180.9906 
  0.9847037 180.9906 
  0.9738963 180.9906 
  0.9506407 180.9906 
  0.8688855 180.9906 
  0.6166478 180.9906 
  0.216176 180.9906 
  -0.2204392 180.9906 
  -0.2060019 180.9906 
  -0.3160314 180.9906 
  -0.3920637 180.9906 
  -0.4400842 180.9906 
  -0.2846998 180.9906 
  0.007830179 180.9906 ]
