 [
  0.07568581 107.7421 
  0.0724884 107.7421 
  0.3649838 107.7421 
  0.1737968 107.7421 
  0.02763182 107.7421 
  0.01679358 107.7421 
  0.02076845 107.7421 
  0.07799171 107.7421 
  -0.1661089 107.7421 
  -0.05973931 107.7421 
  -0.1276469 107.7421 
  0.05061346 107.7421 
  0.132902 107.7421 
  -0.05547527 109.3664 
  0.4033934 111.0151 
  0.5706396 114.9594 
  0.7462852 119.0438 
  0.885289 122.0498 
  0.7361619 126.3862 
  0.8271902 130.8766 
  0.9073237 133.5138 
  0.8361797 136.8852 
  0.8192219 141.7487 
  0.8954267 145.328 
  0.9112993 148.9977 
  0.9307574 152.0001 
  0.7559412 151.2439 
  0.6298235 148.2564 
  0.6503153 141.0434 
  -0.04746723 132.1886 
  0.06707118 124.5092 
  -0.4255809 117.2759 
  0.305703 110.4628 
  0.005801857 104.0455 
  0.3781911 98.00098 
  0.5475628 89.58624 
  0.4312183 90.48434 
  0.3417856 106.6728 
  0.4111108 125.7574 
  0.6458111 127.0181 
  0.7950598 126.3862 
  0.9787378 125.1317 
  0.9432775 125.7574 
  0.9439818 127.0181 
  0.994164 128.2915 
  0.9942667 128.2915 
  0.9883114 128.2915 
  0.9802987 129.5776 
  0.9797949 130.2255 
  0.9866589 130.8766 
  0.973794 130.8766 
  0.9290159 129.5776 
  0.8713847 128.9329 
  0.7515255 127.0181 
  0.2321839 129.5776 
  0.147235 130.2255 
  -0.1625387 130.8766 
  -0.1969708 130.2255 
  -0.1974784 128.9329 
  -0.03825815 127.6532 
  -0.1417384 126.3862 
  -0.220079 125.1317 
  -0.05809218 123.8897 
  0.1803839 123.2734 
  0.8034318 122.6601 
  0.5369237 117.8622 
  0.3196169 113.2521 
  0.4636386 108.8223 
  0.8552238 106.142 
  0.7947869 104.0455 
  0.7373096 100.978 
  0.8216279 97.51342 
  0.923562 96.06523 
  0.9527367 96.06523 
  0.9562117 96.54556 
  0.9110526 98.00098 
  0.9354051 98.98344 
  0.9275491 99.97575 
  0.8664951 101.4829 
  0.8709283 103.5278 
  0.9208091 104.0455 
  0.9044407 103.5278 
  0.9126156 102.5003 
  0.9548507 101.4829 
  0.9603638 100.978 
  0.9679958 99.97575 
  0.9451074 100.4756 
  0.948171 101.9903 
  0.9849339 103.0128 
  0.9574103 103.0128 
  0.9177372 101.4829 
  0.8996983 99.47836 
  0.882457 98.00098 
  0.8011476 98.98344 
  0.9409255 100.4756 
  0.9883673 100.4756 
  0.9933153 100.4756 
  0.9940969 100.4756 
  0.8985814 101.4829 
  0.7853949 103.0128 
  0.8507631 102.5003 
  0.9378939 101.9903 
  0.9897145 101.9903 
  0.9745617 100.978 
  0.986581 100.978 
  0.9912776 101.4829 
  0.9720342 101.9903 
  0.9434543 103.5278 
  0.9407309 105.0885 
  0.9475854 106.142 
  0.9591666 107.2061 
  0.959124 107.7421 
  0.9576398 108.2809 
  0.9732169 108.8223 
  0.9834281 109.3664 
  0.9759845 109.9132 
  0.9743472 111.0151 
  0.9804007 112.128 
  0.9864699 113.2521 
  0.9950333 113.8184 
  0.9992739 114.3874 
  0.9977165 114.9594 
  0.9978756 114.9594 
  0.996457 115.5342 
  0.9956424 115.5342 
  0.986762 116.1118 
  0.9817876 116.6924 
  0.9938346 117.2759 
  0.984376 117.2759 
  0.9420331 116.1118 
  0.8999289 114.9594 
  0.7121549 113.2521 
  -0.06930953 111.5702 
  0.2696714 109.9132 
  0.1750665 108.8223 
  0.1366607 108.2809 
  -0.02499756 107.7421 
  -0.0431449 107.7421 
  -0.1973289 107.7421 
  -0.02476788 107.7421 
  0.000398316 107.7421 
  -0.09140664 107.7421 
  -0.355544 107.7421 
  0.7760787 108.2809 
  0.6849246 105.614 
  0.5632902 104.0455 
  0.692502 101.4829 
  0.7306223 98.00098 
  0.06290062 98.98344 
  -0.0375336 100.4756 
  -0.2111063 101.9903 
  0.4145468 103.5278 
  0.1007929 105.0885 
  -0.1383694 106.6728 
  0.2265047 108.2809 
  0.3547347 109.9132 
  0.2120739 111.5702 
  0.08374058 113.2521 
  0.0867534 114.9594 
  0.1579798 116.1118 
  0.07873039 117.2759 
  0.1066258 119.0438 
  0.39483 122.0498 
  0.7616351 123.2734 
  0.9358747 122.0498 
  0.956065 119.639 
  0.9123802 116.6924 
  0.9453751 113.2521 
  0.8650164 109.3664 
  0.7969549 104.5657 
  0.7798641 100.4756 
  0.7552471 96.54556 
  0.9327219 92.7692 
  0.9744885 90.93677 
  0.9879061 90.03418 
  0.8745433 88.25578 
  0.9451894 86.0821 
  0.9702983 85.65383 
  0.7807881 85.2277 
  0.6027753 83.96195 
  0.6679229 81.08118 
  -0.4070167 81.4866 
  0.2354163 82.3035 
  0.416335 82.71502 
  -0.2251666 83.12859 
  -0.3486585 83.54424 
  -0.07106489 83.96195 
  0.03205662 84.38177 
  0.1384709 84.80367 
  0.246424 85.2277 
  0.1412594 85.65383 
  0.01369654 86.51251 
  0.1069867 86.94508 
  0.2379523 87.3798 
  0.2202639 87.8167 
  0.08388276 87.8167 
  -0.01515886 87.8167 
  -0.02691851 88.25578 
  0.01595103 88.25578 
  0.02763828 88.25578 
  0.1153879 88.25578 
  0.1320846 88.69706 
  0.1140804 89.14054 
  0.1505645 89.58624 
  0.06009508 90.03418 
  0.1661727 90.48434 
  -0.008117586 90.48434 
  -0.02178597 90.93677 
  -0.2282021 91.39146 
  0.07687971 91.84841 
  -0.06686435 92.30766 
  -0.2899323 92.7692 
  0.1510352 93.23304 
  0.267134 93.6992 
  0.3734272 94.1677 
  0.3176543 94.63854 
  0.1826675 95.11173 
  0.1193698 95.5873 
  0.01363037 96.06523 
  0.03910758 96.54556 
  -0.0267103 97.02828 
  -0.1634391 97.51342 
  -0.1289408 98.00098 
  -0.2497457 98.491 
  -0.4074076 98.98344 
  -0.1673931 99.47836 
  0.1560149 99.97575 
  0.05681182 100.4756 
  -0.205134 100.978 
  0.01171441 101.4829 
  -0.08548579 101.9903 
  -0.2925369 102.5003 
  0.125717 103.0128 
  0.1815744 103.5278 
  0.01943209 104.0455 
  0.2094679 104.5657 
  0.1076645 104.5657 
  0.206938 104.0455 
  0.01284185 104.5657 
  0.3857921 103.0128 
  0.7842975 102.5003 
  0.969569 102.5003 
  0.9560724 102.5003 
  0.9361255 102.5003 
  0.9415076 101.4829 
  0.9433441 100.978 
  0.9371173 99.47836 
  0.8821456 98.00098 
  0.8349571 96.06523 
  0.7935238 94.63854 
  0.3755151 94.1677 
  0.02584683 95.11173 
  0.2344304 96.06523 
  0.5026553 97.02828 
  0.6720178 98.00098 
  0.5567086 97.02828 
  0.779439 91.84841 
  0.2697686 92.7692 
  0.1605998 94.63854 
  -0.1088057 97.02828 
  0.1485032 98.98344 
  0.1950613 100.978 
  -0.009905167 103.0128 
  0.1745983 105.0885 
  0.1055743 107.2061 
  -0.0006377324 109.3664 
  0.02374586 112.128 
  0.1793679 114.9594 
  0.2081213 117.8622 
  0.05706897 120.8384 
  -0.05606233 123.8897 
  0.5761393 126.3862 
  0.7438087 124.5092 
  0.8632915 123.8897 
  0.9704837 122.0498 
  0.9900197 120.8384 
  0.9833343 120.2372 
  0.9698738 119.0438 
  0.9713705 117.8622 
  0.9785928 116.6924 
  0.97615 116.1118 
  0.9685445 116.6924 
  0.9854688 117.8622 
  0.9817005 117.2759 
  0.9499054 116.1118 
  0.8988221 113.8184 
  0.7697146 111.5702 
  0.472271 110.4628 
  0.19373 108.8223 
  0.1825521 107.2061 
  0.2578555 106.142 
  0.01611631 105.0885 
  -0.1501029 104.0455 
  -0.130273 103.0128 
  -0.1395034 101.4829 
  0.120437 99.97575 
  0.4015302 99.47836 
  0.4757912 103.5278 
  0.6448629 101.9903 
  0.6555018 100.4756 
  0.740905 98.491 
  0.7756529 96.54556 
  0.7226908 95.5873 
  0.6127363 94.1677 
  0.1747538 98.98344 
  0.1198394 97.51342 
  0.7461932 97.51342 
  0.8257186 95.5873 
  0.6987041 93.23304 
  0.8496863 91.84841 
  0.91564 92.7692 
  0.8976972 92.30766 
  0.5612137 90.48434 
  0.4241027 88.25578 
  0.08035312 89.14054 
  0.009541362 89.58624 
  0.1027818 89.58624 
  -0.05278239 89.14054 
  0.03842412 88.69706 
  0.06017936 88.69706 
  0.0596142 88.69706 
  0.06138393 89.14054 
  0.3353402 89.58624 
  0.6950593 89.14054 
  0.2400236 89.58624 
  0.5780526 101.4829 
  0.8263649 102.5003 
  0.9227484 104.0455 
  0.9200425 105.0885 
  0.9326293 105.614 
  0.9414712 106.142 
  0.9730148 106.6728 
  0.9931554 107.2061 
  0.9931417 107.7421 
  0.9915658 108.2809 
  0.9734035 107.7421 
  0.9517419 107.2061 
  0.9612632 106.6728 
  0.9818666 107.2061 
  0.9798954 107.2061 
  0.9720401 107.2061 
  0.9787149 107.7421 
  0.9814939 107.7421 
  0.9830969 107.7421 
  0.9812046 106.6728 
  0.971339 105.614 
  0.9232531 104.5657 
  0.7638926 104.5657 
  0.5665264 105.0885 
  0.224311 105.614 
  0.1568331 106.142 
  0.1773281 106.6728 
  0.0285286 107.2061 
  -0.1545773 107.7421 
  -0.141696 108.2809 
  -0.2809294 108.8223 
  -0.2896538 109.3664 
  -0.3009889 109.9132 
  0.2773258 110.4628 
  0.4009435 109.3664 
  0.7128906 109.3664 
  0.8224998 108.2809 
  0.8249181 105.614 
  0.8738248 103.0128 
  0.8932774 101.4829 
  0.8299909 99.97575 
  0.7896803 98.00098 
  0.8707048 95.5873 
  0.8212707 94.1677 
  0.7609907 92.30766 
  0.8511316 90.93677 
  0.5954118 88.25578 
  0.7279505 85.2277 
  0.2432735 83.12859 
  0.37615 79.87703 
  0.6345305 75.2366 
  0.7433033 75.2366 
  0.282742 73.38358 
  0.2081337 73.7505 
  0.1386605 73.7505 
  0.2517866 73.7505 
  0.8882662 73.7505 
  0.5515475 73.7505 
  0.2091814 74.11925 
  0.1389391 74.11925 
  0.1815882 74.11925 
  0.06721579 74.11925 
  0.1050731 74.11925 
  0.3489668 74.11925 
  0.213289 74.11925 
  -0.008490287 74.11925 
  -0.2401754 74.11925 ]
