 [
  0.1023134 224.2832 
  -0.1811992 224.2832 
  -0.3144906 224.2832 
  -0.429731 224.2832 
  -0.2672684 224.2832 
  -0.07532942 224.2832 
  0.06006627 224.2832 
  -0.1044305 224.2832 
  -0.05521899 224.2832 
  -0.08415572 224.2832 
  -0.05418096 224.2832 
  -0.179809 224.2832 
  -0.2806464 224.2832 
  -0.194653 224.2832 
  -0.2770191 224.2832 
  0.3692419 224.2832 
  0.8542182 224.2832 
  0.7488573 214.4382 
  0.63994 199.9758 
  0.9003096 190.2465 
  0.9745674 186.4887 
  0.9400381 185.5609 
  0.843957 186.4887 
  0.6340132 186.4887 
  0.5084849 187.4211 
  0.07663432 188.3582 
  -0.04242902 189.3 
  -0.006774882 190.2465 
  -0.09891243 192.1537 
  0.1104746 194.0801 
  -0.05012255 195.0505 
  0.005874859 197.0059 
  -0.1459087 198.9809 
  -0.07481488 200.9756 
  0.1666132 202.9904 
  -0.01997859 205.0254 
  0.594291 206.0505 
  0.5297191 185.5609 
  0.6183889 180.0902 
  0.9236591 177.4156 
  0.9838181 176.533 
  0.9789878 177.4156 
  0.9883976 177.4156 
  0.9765546 178.3027 
  0.9409924 179.1942 
  0.9540844 179.1942 
  0.9861721 179.1942 
  0.9867782 180.0902 
  0.9488096 181.8956 
  0.9213622 184.6377 
  0.9461529 188.3582 
  0.9646601 192.1537 
  0.942194 194.0801 
  0.9220462 195.0505 
  0.8919728 196.0257 
  0.9124098 195.0505 
  0.7040455 195.0505 
  0.1258081 195.0505 
  0.1685078 195.0505 
  0.03025409 195.0505 
  0.02928865 196.0257 
  -0.07882297 197.0059 
  0.002827657 197.9909 
  -0.08903923 198.9809 
  -0.07260562 198.9809 
  0.5531687 198.9809 
  0.5990466 193.1145 
  0.8081509 192.1537 
  0.9177907 189.3 
  0.9391832 186.4887 
  0.9226425 184.6377 
  0.8989121 183.7191 
  0.8060191 182.8051 
  0.3751481 180.9906 
  -0.3316498 179.1942 
  0.1919465 177.4156 
  0.4881996 174.7808 
  0.147904 173.046 
  -0.1272293 171.3284 
  -0.07213929 169.6279 
  -0.0691696 167.9442 
  -0.1898928 166.2773 
  -0.2144347 164.6269 
  -0.05861768 162.9929 
  0.4421845 159.7734 
  0.2765629 167.1087 
  0.6422908 170.476 
  0.952718 173.9112 
  0.9455721 173.9112 
  0.9163688 174.7808 
  0.8563914 175.6547 
  0.443169 175.6547 
  0.1064522 176.533 
  -0.01336228 177.4156 
  -0.01408018 177.4156 
  -0.05341268 178.3027 
  0.01716157 179.1942 
  0.1355401 180.0902 
  0.1189901 180.9906 
  0.03866984 181.8956 
  -0.2216043 182.8051 
  0.3417155 182.8051 
  0.6238073 180.0902 
  0.8551126 180.0902 
  0.8608805 177.4156 
  0.8000268 175.6547 
  0.8234582 174.7808 
  0.9356251 174.7808 
  0.8922952 174.7808 
  0.763036 178.3027 
  0.686222 181.8956 
  -0.01038953 184.6377 
  -0.3990924 187.4211 
  0.04687414 190.2465 
  -0.05167248 193.1145 
  -0.03847945 197.0059 
  0.00601339 199.9758 
  -0.0005512312 202.9904 
  -0.2967827 206.0505 
  -0.1439918 209.1568 
  0.256153 212.3098 
  0.675033 214.4382 
  0.8068417 207.0808 
  0.8155932 201.9805 
  0.8453705 192.1537 
  0.8783284 182.8051 
  0.9213819 175.6547 
  0.9213964 169.6279 
  0.8861864 164.6269 
  0.7807063 158.1876 
  0.8239948 153.5239 
  0.8708469 148.9977 
  0.8516234 146.0546 
  0.7629061 141.7487 
  0.5745705 136.2042 
  0.8790207 130.2255 
  0.7644296 127.0181 
  0.6162593 123.8897 
  0.4756793 119.639 
  0.1602999 123.8897 
  0.4069521 132.8496 
  0.7919131 134.1814 
  0.8904901 137.5696 
  0.7832145 139.6435 
  0.8552455 140.3417 
  0.6319056 140.3417 
  0.1859122 140.3417 
  0.169442 140.3417 
  0.3264184 140.3417 
  0.4693598 140.3417 
  0.3445405 140.3417 
  0.2467202 139.6435 
  0.1038142 138.9488 
  -0.002769285 138.2575 
  -0.01786175 137.5696 
  0.07291415 137.5696 
  -0.1364259 136.8852 
  0.06971008 136.8852 
  0.4356094 136.2042 
  0.3855211 138.2575 
  0.6402577 141.0434 
  0.857224 141.7487 
  0.9592645 143.1697 
  0.9852878 143.8855 
  0.9841025 143.1697 
  0.9967034 142.4574 
  0.9904985 143.1697 
  0.9777427 143.8855 
  0.9739944 143.8855 
  0.9419167 144.605 
  0.96104 146.7849 
  0.9032318 147.5188 
  0.2436465 148.2564 
  0.06433168 149.7427 
  0.0475949 150.4914 
  0.09436766 152.0001 
  0.1131104 153.5239 
  0.165183 154.2915 
  0.06027403 155.8383 
  -0.05804669 156.6175 
  -0.01289474 157.4006 
  -0.04612823 158.1876 
  0.1197656 159.7734 
  0.4986348 158.9785 
  0.8266187 157.4006 
  0.894569 155.063 
  0.7372819 152.7601 
  -0.2587888 155.063 
  -0.2183459 158.1876 
  -0.01765209 161.3751 
  -0.02363291 164.6269 
  0.06201645 167.9442 
  0.1592982 172.185 
  0.2694753 175.6547 
  -0.08341052 178.3027 
  0.5430528 178.3027 
  0.555997 169.6279 
  0.7747443 165.4501 
  0.9619937 161.3751 
  0.8965365 159.7734 
  0.7702563 158.1876 
  0.4549787 156.6175 
  -0.03341493 155.063 
  -0.02475077 153.5239 
  -0.1868332 152.0001 
  -0.04863476 151.2439 
  0.08657058 150.4914 
  0.02026836 148.9977 
  0.1499151 147.5188 
  -0.4065351 146.0546 
  0.6500888 145.328 
  0.7016702 142.4574 
  0.5708816 141.0434 
  0.3108595 137.5696 
  0.08640314 133.5138 
  0.1864635 128.9329 
  0.09595154 123.8897 
  0.2624065 128.9329 
  0.7057945 130.8766 
  0.9041215 128.9329 
  0.8290966 127.0181 
  0.798004 125.7574 
  0.2243427 124.5092 
  0.4241749 112.128 
  0.1325473 107.2061 
  0.3393173 104.0455 
  0.1631879 104.0455 
  0.0132087 105.0885 
  0.05090453 106.6728 
  0.4821511 107.2061 
  0.2591582 107.2061 
  0.2667254 108.8223 
  0.3403757 114.3874 
  0.4961491 114.3874 
  -0.2636485 114.3874 
  0.01622099 114.3874 
  -0.05717023 114.3874 
  -0.1322869 114.3874 
  -0.03419765 114.3874 
  -0.07088126 114.3874 
  -0.2327057 114.3874 
  0.04217227 114.3874 
  -0.2357871 114.3874 
  -0.01428337 114.3874 
  0.1361835 114.3874 
  0.187192 114.3874 
  0.1729468 114.3874 
  0.02431024 114.3874 
  -0.06905437 114.3874 
  0.07853244 114.3874 
  -0.0909002 114.3874 ]
