 [
  0.1139495 141.0434 
  0.1606088 141.0434 
  0.05264873 141.0434 
  0.03232136 141.0434 
  0.08630466 141.0434 
  0.07020006 141.0434 
  0.1693212 141.0434 
  -0.1142098 141.0434 
  0.05862501 141.0434 
  0.2120399 141.0434 
  -0.315158 141.0434 
  0.1880654 141.0434 
  0.3911639 141.0434 
  0.06494197 141.0434 
  0.1108016 141.0434 
  0.5844681 141.0434 
  0.7220768 141.0434 
  0.884526 140.3417 
  0.9614937 141.0434 
  0.9829684 141.7487 
  0.9899036 141.7487 
  0.9918172 141.7487 
  0.9712437 141.0434 
  0.8983539 137.5696 
  0.907108 134.1814 
  0.9682959 130.8766 
  0.9641494 128.9329 
  0.966521 127.6532 
  0.9596823 127.6532 
  0.9027075 130.2255 
  0.8554903 135.5266 
  0.932802 138.9488 
  0.9730279 140.3417 
  0.9791181 141.0434 
  0.944472 141.7487 
  0.8961662 142.4574 
  0.7124121 142.4574 
  0.50871 143.1697 
  0.482901 144.605 
  0.3190298 146.0546 
  0.1571901 147.5188 
  0.06362198 148.9977 
  0.3579742 150.4914 
  0.5896482 152.0001 
  0.3721823 153.5239 
  -0.2305136 155.063 
  0.399745 156.6175 
  0.2975537 158.1876 
  -0.08737013 159.7734 
  0.2520539 160.5723 
  0.4388201 161.3751 
  0.5228491 152.0001 
  0.7525682 148.9977 
  0.9210404 146.7849 
  0.938322 146.0546 
  0.9641746 146.7849 
  0.9725559 146.7849 
  0.9543298 145.328 
  0.9471219 143.8855 
  0.9769586 142.4574 
  0.9827552 142.4574 
  0.9613211 142.4574 
  0.9226614 141.7487 
  0.9020378 140.3417 
  0.9691392 139.6435 
  0.999275 139.6435 
  0.9768102 138.9488 
  0.8556154 137.5696 
  0.9152247 135.5266 
  0.944672 136.2042 
  0.942317 135.5266 
  0.7578099 133.5138 
  0.7060697 131.531 
  0.2208371 129.5776 
  0.04171751 130.8766 
  -0.07356018 131.531 
  -0.2163218 132.8496 
  -0.08331163 133.5138 
  0.1082173 134.1814 
  0.1487193 134.8523 
  0.1343279 135.5266 
  0.1931575 136.8852 
  0.05507731 138.2575 
  0.1834626 139.6435 
  0.6305873 143.1697 
  0.7685499 140.3417 
  0.8579649 137.5696 
  0.9663399 135.5266 
  0.9920793 134.8523 
  0.9861723 134.1814 
  0.9611318 133.5138 
  0.9688759 132.1886 
  0.986437 131.531 
  0.9284623 132.1886 
  0.9450767 133.5138 
  0.9514163 133.5138 
  0.927687 131.531 
  0.8297009 129.5776 
  0.7393035 127.0181 
  0.5972181 120.2372 
  -0.06616455 121.4426 
  0.080966 122.0498 
  0.07216244 122.6601 
  0.06936573 123.2734 
  -0.02989992 123.8897 
  0.043875 125.1317 
  -0.08752655 126.3862 
  0.2846204 128.2915 
  0.651185 135.5266 
  0.8273178 134.8523 
  0.9684722 132.8496 
  0.9505125 131.531 
  0.9753212 130.2255 
  0.9908667 129.5776 
  0.9925862 129.5776 
  0.9913639 129.5776 
  0.9701511 128.9329 
  0.9505246 128.2915 
  0.9471202 126.3862 
  0.9483914 124.5092 
  0.882049 123.2734 
  0.747629 122.6601 
  0.2792526 123.8897 
  0.02234942 125.1317 
  -0.07938915 126.3862 
  -0.06618579 127.6532 
  0.1957131 128.9329 
  -0.003093719 130.2255 
  -0.08957188 131.531 
  -0.04826969 133.5138 
  0.02466008 135.5266 
  0.2292713 136.8852 
  0.3204652 138.2575 
  0.7126337 138.9488 
  0.8416383 136.2042 
  0.9783757 134.8523 
  0.9895418 134.1814 
  0.9915443 134.1814 
  0.9906905 134.8523 
  0.9813309 135.5266 
  0.9925104 136.2042 
  0.9886533 136.2042 
  0.9695351 136.2042 
  0.956868 134.1814 
  0.8261971 132.1886 
  0.7675784 127.6532 
  0.8034975 122.6601 
  0.2789471 123.2734 
  0.2320443 123.8897 
  0.09147301 123.8897 
  0.2039539 123.8897 
  0.2693996 123.8897 
  0.2841477 123.2734 
  0.004395492 122.0498 
  0.1221187 120.8384 
  0.162107 119.0438 
  0.7984475 117.8622 
  0.6682423 114.9594 
  0.7721138 111.0151 
  0.8371268 106.6728 
  0.9316134 104.0455 
  0.9451712 102.5003 
  0.9550702 101.9903 
  0.9674843 102.5003 
  0.9709218 102.5003 
  0.969604 101.9903 
  0.9395672 101.9903 
  0.9338045 101.4829 
  0.9774825 101.9903 
  0.9678653 102.5003 
  0.9307855 103.0128 
  0.9299306 104.0455 
  0.9703507 105.0885 
  0.969138 105.614 
  0.8852132 106.6728 
  0.9405296 108.2809 
  0.990849 109.3664 
  0.9833055 109.9132 
  0.9302462 111.0151 
  0.8808055 112.6886 
  0.8024558 114.3874 
  0.9085464 116.6924 
  0.8645704 118.4515 
  0.7965711 120.8384 
  0.758361 123.2734 
  0.7137229 125.1317 
  0.6597907 127.0181 
  0.5674902 128.9329 
  0.6742235 130.8766 
  0.761188 132.8496 
  0.8029027 134.1814 
  0.7590877 135.5266 
  0.6691387 136.2042 
  0.6992925 136.2042 
  0.7427174 135.5266 
  0.7713309 134.1814 
  0.732838 130.2255 
  0.8280503 125.7574 
  0.8795137 123.2734 
  0.8296906 121.4426 
  0.8188875 120.2372 
  0.7380113 119.0438 
  0.915489 119.0438 
  0.9238696 117.8622 
  0.9596459 116.6924 
  0.9388472 115.5342 
  0.9296743 113.8184 
  0.9576679 112.6886 
  0.9625122 112.6886 
  0.6914395 116.6924 
  0.778975 120.8384 
  0.8689444 120.8384 
  0.9769093 120.8384 
  0.9728461 120.8384 
  0.9368129 122.6601 
  0.9298863 122.6601 
  0.9470674 121.4426 
  0.9731528 119.639 
  0.9676574 120.2372 
  0.9604273 120.2372 
  0.9038417 120.2372 
  0.8413811 119.639 
  0.3249622 120.2372 
  -0.3388565 122.0498 
  -0.503981 123.8897 
  -0.2977539 125.7574 
  -0.2272402 127.6532 
  -0.02672018 129.5776 
  -0.06966089 131.531 
  0.009838073 132.8496 
  0.06925641 134.1814 
  0.03188916 134.8523 
  0.0575142 135.5266 
  0.06918408 136.2042 
  0.1862252 137.5696 
  0.5597138 138.2575 
  0.7251031 134.8523 
  0.8704677 132.8496 
  0.9830892 131.531 
  0.9846288 130.8766 
  0.9884242 129.5776 
  0.9446137 128.2915 
  0.8749226 126.3862 
  0.8093418 123.8897 
  0.09133002 122.6601 
  0.8205657 122.6601 
  0.437942 122.6601 
  0.1103123 122.6601 
  -0.1374144 123.2734 
  0.3607419 123.8897 
  0.6277312 134.8523 
  0.700316 132.8496 
  0.8240208 130.8766 
  0.9389261 128.9329 
  0.957759 127.6532 
  0.9489646 126.3862 
  0.9684781 125.1317 
  0.97023 124.5092 
  0.961622 123.8897 
  0.9748609 122.6601 
  0.9725646 121.4426 
  0.9941888 120.8384 
  0.9964578 120.8384 
  0.9941093 120.8384 
  0.985799 120.2372 
  0.9664336 120.2372 
  0.9723577 120.8384 
  0.9554965 121.4426 
  0.9557604 122.0498 
  0.8564388 122.0498 
  0.720224 119.0438 
  0.5648756 114.3874 
  0.7544623 113.8184 
  0.9193199 113.8184 
  0.7778358 113.8184 
  0.2113979 113.8184 
  0.006014724 113.8184 
  -0.01718633 114.3874 
  0.06042431 114.9594 
  -0.04079717 115.5342 
  -0.1323211 116.1118 
  -0.05595708 116.6924 
  0.09712275 117.2759 
  0.1044845 117.8622 
  0.3795413 118.4515 
  0.7056178 121.4426 
  0.6477335 118.4515 
  0.7946411 116.1118 
  0.9612013 114.9594 
  0.9492462 114.9594 
  0.881667 114.3874 
  0.8479535 113.8184 
  0.8037782 113.8184 
  0.9695209 113.2521 
  0.9503645 112.6886 
  0.9457562 113.2521 
  0.6954805 114.9594 
  0.8092062 115.5342 
  0.8862664 115.5342 
  0.9286005 114.9594 
  0.7971789 113.8184 
  0.6286616 111.5702 
  -0.2634359 112.6886 
  -0.2756179 113.8184 
  -0.02528584 114.9594 
  0.05410091 116.1118 
  0.04781554 117.2759 
  0.02145593 118.4515 
  -0.1705945 119.639 
  -0.05175364 120.8384 
  0.5548623 124.5092 
  0.6972978 123.2734 
  0.8422197 122.6601 
  0.963598 120.8384 
  0.9272975 119.639 
  0.9115155 119.0438 
  0.856064 118.4515 
  0.9766352 117.8622 
  0.9897537 116.6924 
  0.9892056 115.5342 
  0.9787193 114.3874 
  0.9313485 113.2521 
  0.8015664 112.6886 
  0.5749409 112.6886 
  0.4448462 113.2521 
  0.2332297 113.8184 
  -0.05728576 114.9594 
  0.0828486 116.1118 
  0.2749099 117.2759 
  0.3073131 117.8622 
  0.4656978 118.4515 
  0.1865804 119.639 
  0.2583273 122.0498 
  0.3861445 123.8897 
  0.1202986 125.1317 
  0.3006908 126.3862 
  0.6072676 122.0498 
  0.7691651 120.2372 
  0.9202375 117.8622 
  0.9587539 116.1118 
  0.9164086 114.9594 
  0.940418 113.2521 
  0.9931045 112.6886 
  0.9890231 112.128 
  0.9581369 111.5702 
  0.9344078 111.5702 
  0.9302888 111.0151 
  0.9840723 109.9132 
  0.9874746 109.3664 
  0.9874961 109.3664 
  0.9877943 109.3664 
  0.9831172 109.3664 
  0.9470709 109.3664 
  0.935243 108.2809 
  0.9759213 107.2061 
  0.8063582 106.142 
  0.8718222 103.5278 
  0.9185417 102.5003 
  0.8592432 102.5003 
  0.3278931 101.9903 
  0.07402789 99.97575 
  0.5355757 98.98344 
  0.4886553 98.98344 
  0.4928734 98.98344 
  0.5894361 98.98344 
  0.5472734 98.98344 
  0.3397336 98.98344 
  0.2840003 98.98344 
  0.3247278 98.98344 
  0.01848013 98.98344 
  -0.0743694 98.98344 
  0.1933737 98.98344 
  0.4240909 98.98344 
  0.6871004 98.98344 
  -0.01974215 99.47836 
  -0.2711314 99.97575 
  -0.2169355 100.4756 
  0.1766671 100.4756 
  0.2679541 100.4756 
  0.1790055 100.4756 
  0.03498407 100.4756 
  0.169041 100.4756 
  0.1666837 100.4756 
  0.1074633 100.4756 
  -0.2031622 100.4756 
  -0.1573623 100.4756 ]
