 [
  0.1259738 97.02828 
  -0.1662388 97.02828 
  0.08793119 97.02828 
  0.2270298 97.02828 
  0.0884069 97.02828 
  -0.02552392 97.02828 
  0.05352676 97.02828 
  -0.2173992 97.02828 
  -0.2330687 97.02828 
  -0.1164879 97.02828 
  -0.009670601 97.02828 
  -0.06033497 97.02828 
  -0.04065055 97.02828 
  -0.110656 97.02828 
  -0.3826244 97.02828 
  -0.2289912 97.02828 
  -0.03303348 97.02828 
  0.02903349 97.02828 
  0.1247674 97.02828 
  -0.1395951 97.02828 
  0.007330964 97.02828 
  0.1610328 97.02828 
  0.02973098 97.02828 
  0.0401042 97.02828 
  0.223186 97.02828 
  0.04926785 97.02828 
  -0.1992794 97.02828 
  -0.2635801 97.02828 
  -0.2512407 97.02828 
  -0.08535545 97.02828 
  -0.2022356 97.02828 
  -0.04574714 97.02828 
  -0.1762336 97.02828 
  0.1288812 97.02828 
  0.5340343 97.02828 
  0.5633837 99.47836 
  0.5647147 97.02828 
  0.7537999 98.491 
  0.8957164 98.98344 
  0.9118059 98.98344 
  0.8968294 98.98344 
  0.8626511 99.47836 
  0.9196982 100.4756 
  0.7518258 101.9903 
  0.6599135 105.614 
  0.9236564 108.2809 
  0.984506 109.3664 
  0.9923313 109.9132 
  0.9927269 110.4628 
  0.9833676 110.4628 
  0.9679104 109.9132 
  0.9774616 109.3664 
  0.9627168 109.3664 
  0.9516359 110.4628 
  0.9442487 110.4628 
  0.9447865 111.0151 
  0.9401852 111.5702 
  0.9547467 112.6886 
  0.9529791 113.2521 
  0.9203262 114.9594 
  0.8553047 116.1118 
  0.9217392 117.8622 
  0.9679574 119.0438 
  0.9497995 119.0438 
  0.9392682 119.0438 
  0.931169 119.639 
  0.9532918 119.639 
  0.9526247 119.639 
  0.941595 119.0438 
  0.8944597 119.0438 
  0.7948118 119.0438 
  0.3224527 119.0438 
  0.6832233 119.639 
  0.854977 120.2372 
  0.8604905 120.8384 
  0.8771881 122.0498 
  0.8816207 123.2734 
  0.8775036 125.1317 
  0.9162394 127.0181 
  0.9390571 127.0181 
  0.8212762 124.5092 
  0.6155665 119.639 
  0.7926078 116.6924 
  0.295637 111.5702 
  0.3077831 104.0455 
  0.1494144 103.5278 
  0.09703644 106.142 
  0.5078713 103.5278 
  0.1220799 101.4829 
  0.4885144 111.0151 
  0.8997233 110.4628 
  0.9457097 109.9132 
  0.9191404 108.2809 
  0.9128415 106.6728 
  0.9525914 105.0885 
  0.9533445 104.0455 
  0.9697909 103.5278 
  0.9797914 103.5278 
  0.9803287 104.0455 
  0.9655933 105.0885 
  0.9532172 106.142 
  0.9294018 107.2061 
  0.9461122 108.2809 
  0.9048683 107.2061 
  0.8466065 105.0885 
  0.9137287 104.5657 
  0.9011943 104.0455 
  0.930119 103.5278 
  0.9307764 103.5278 
  0.9418814 104.0455 
  0.9577019 104.0455 
  0.9711983 104.5657 
  0.9723742 104.0455 
  0.9653677 103.0128 
  0.9787966 101.4829 
  0.9930574 100.978 
  0.994781 100.4756 
  0.9950854 100.4756 
  0.9932148 100.4756 
  0.9887645 100.978 
  0.9839902 100.978 
  0.9706509 101.9903 
  0.965647 103.0128 
  0.9654318 104.0455 
  0.9688469 104.5657 
  0.9795842 105.0885 
  0.9834335 105.0885 
  0.984301 105.0885 
  0.9789357 105.0885 
  0.9508386 106.142 
  0.7903205 105.614 
  0.5314844 106.142 
  0.7655976 107.7421 
  0.9273993 106.6728 
  0.9572248 105.614 
  0.8620615 105.614 
  0.469008 105.0885 
  0.1860205 107.2061 
  0.2951185 106.6728 
  0.2594413 103.5278 
  0.08682705 97.02828 
  0.1218666 100.4756 
  0.4198143 91.84841 
  0.5994818 94.1677 
  0.8936652 95.11173 
  0.9050547 94.1677 
  0.9378675 93.6992 
  0.7707177 93.23304 
  0.7918922 91.39146 
  0.4955203 89.14054 
  -0.1142883 87.8167 
  0.06441643 86.51251 
  -0.05477165 85.2277 
  0.04775533 83.96195 
  0.1425835 82.71502 
  -0.1774187 81.4866 
  0.003786381 80.27641 
  0.04214891 79.08421 
  0.01376512 77.90971 
  -0.05110889 76.75266 
  0.0164067 75.61279 
  -0.09669127 74.48985 
  -0.1377433 73.38358 
  -0.124394 72.29374 
  0.1134598 71.22009 
  0.0291677 70.51319 
  0.1299407 69.81332 
  0.03326344 68.7765 
  0.4515957 69.81332 
  0.6917694 69.81332 
  0.2782471 70.51319 
  0.06836551 74.86229 
  0.6174617 74.11925 
  0.533623 75.99085 
  0.5445473 77.13642 
  0.6469296 76.75266 
  0.7515938 87.3798 
  0.4565574 89.58624 
  0.6178202 93.23304 
  0.9041942 94.63854 
  0.9548199 95.11173 
  0.8200362 95.11173 
  0.6902215 95.11173 
  0.3652874 95.5873 
  0.4486286 96.54556 
  -0.174958 97.51342 
  -0.07294823 98.491 
  -0.08543938 99.47836 
  -0.02388063 100.4756 
  0.181322 101.4829 
  0.5836273 102.5003 
  0.8993247 103.0128 
  0.922716 103.5278 
  0.912366 104.0455 
  0.9098259 104.5657 
  0.8714646 105.0885 
  0.7954252 104.5657 
  0.7141302 103.0128 
  0.6400477 99.97575 
  0.709656 96.54556 
  0.8749068 93.6992 
  0.7542838 94.1677 
  0.2455269 99.47836 
  -0.2400341 107.7421 
  0.3691776 116.6924 
  0.6995351 126.3862 
  -0.001166189 136.8852 
  0.2445581 148.2564 
  -0.1829912 160.5723 
  -0.3602074 173.9112 
  -0.03214778 188.3582 
  0.0685895 202.9904 
  0.002892707 218.7592 
  -0.01293252 235.753 
  -0.1960423 254.067 
  -0.03875781 272.4414 
  0.03808397 290.6912 
  0.1647475 310.1635 
  0.5034539 330.9402 
  0.5063866 337.6089 
  0.4659624 337.6089 
  0.5099831 340.9934 
  0.519245 339.2969 
  0.466713 340.9934 
  0.5487716 335.9292 
  0.553919 334.2579 
  0.50858 330.9402 
  0.4837261 329.2938 
  0.507773 324.4033 
  0.4996693 317.9955 
  0.3276601 313.2729 
  0.4415115 292.1447 
  0.4592344 287.806 
  0.2739255 267.06 
  0.241583 256.614 
  0.3713871 247.8095 
  0.1942464 225.4046 
  0.4624208 215.5104 
  0.5146662 216.5879 
  0.4902195 218.7592 
  0.3744857 222.057 
  0.2377604 224.2832 
  0.07890812 225.4046 
  -0.01036453 226.5316 
  -0.2203106 226.5316 
  -0.4394232 225.4046 
  -0.7071889 224.2832 
  -0.6195807 223.1673 
  -0.4707575 222.057 
  -0.3430426 222.057 
  -0.1533093 222.057 
  -0.03015523 222.057 
  0.01225926 222.057 
  0.03301599 222.057 
  0.02665885 222.057 
  0.09408063 222.057 
  0.08027218 222.057 
  0.07927456 222.057 
  0.1594492 222.057 
  0.09569053 222.057 
  0.2051448 222.057 
  0.04737188 222.057 
  -0.1776285 222.057 
  -0.1471821 222.057 
  -0.04508905 222.057 
  0.1808941 222.057 
  0.1921323 222.057 
  0.2447852 222.057 
  -0.01448816 222.057 
  -0.008765856 222.057 
  0.1032714 222.057 
  0.02523028 222.057 
  -0.0135502 222.057 
  0.07706292 222.057 
  -0.0008125011 222.057 
  -0.01524114 222.057 
  -0.2578499 222.057 ]
