 [
  0.1606188 272.4414 
  0.2669289 272.4414 
  0.2071102 272.4414 
  0.145667 272.4414 
  0.1060435 272.4414 
  0.1053574 272.4414 
  0.434541 272.4414 
  0.1171524 272.4414 
  0.1806824 272.4414 
  0.03210381 272.4414 
  0.01126187 272.4414 
  -0.1581725 272.4414 
  0.007978518 272.4414 
  0.03362096 272.4414 
  0.01738787 272.4414 
  0.1350524 272.4414 
  0.178634 272.4414 
  0.2549008 273.8036 
  0.001377895 275.1726 
  0.7252667 276.5485 
  0.9425827 279.3209 
  0.9735265 277.9312 
  0.9958019 279.3209 
  1.000629 279.3209 
  1.000709 279.3209 
  1.000709 279.3209 
  1.000649 279.3209 
  1.000727 279.3209 
  1.000596 279.3209 
  1.000211 280.7175 
  0.9993355 283.5317 
  0.9994341 284.9493 
  0.9994537 286.3741 
  0.9952898 287.806 
  0.9833049 286.3741 
  0.975009 279.3209 
  0.9516647 271.0859 
  0.8742752 268.3953 
  0.7959338 265.7313 
  0.8814723 264.4093 
  0.8580728 263.0938 
  0.931597 260.4825 
  0.9214167 254.067 
  0.9347831 250.2938 
  0.9528719 244.1292 
  0.9795102 238.1164 
  0.9920889 236.9318 
  0.998595 235.753 
  0.9986206 235.753 
  0.9984214 235.753 
  0.9982331 235.753 
  0.9984866 235.753 
  0.9946656 235.753 
  0.9786248 234.5801 
  0.9614221 234.5801 
  0.9913819 233.4131 
  0.9996451 233.4131 
  0.9995765 233.4131 
  0.9998165 232.2518 
  0.999778 231.0963 
  0.9985766 231.0963 
  0.8487087 231.0963 
  0.8856405 225.4046 
  0.9356831 223.1673 
  0.9935235 222.057 
  0.9955557 220.9523 
  0.9983279 219.853 
  0.9985062 219.853 
  0.9992121 219.853 
  0.9978784 220.9523 
  0.9986112 220.9523 
  0.9968309 222.057 
  0.9942716 223.1673 
  0.994181 224.2832 
  0.9881125 224.2832 
  0.9668605 224.2832 
  0.936564 219.853 
  0.7899092 217.6709 
  0.372918 216.5879 
  0.1002575 215.5104 
  -0.2045602 215.5104 
  -0.315816 215.5104 
  -0.3058176 215.5104 
  -0.1536428 215.5104 
  -0.007983759 215.5104 
  0.3553431 215.5104 
  0.714432 215.5104 
  0.8226619 214.4382 
  0.9191422 213.3714 
  0.9592534 212.3098 
  0.9704587 214.4382 
  0.9727358 217.6709 
  0.9822854 220.9523 
  0.9796199 219.853 
  0.9540485 215.5104 
  0.9668376 211.2535 
  0.9803355 207.0808 
  0.9896849 206.0505 
  0.9897165 205.0254 
  0.9844835 202.9904 
  0.9892834 200.9756 
  0.9860658 198.9809 
  0.9677784 196.0257 
  0.9386564 192.1537 
  0.9144498 186.4887 
  0.909741 181.8956 
  0.9514776 177.4156 
  0.9859166 174.7808 
  0.9518914 175.6547 
  0.4540547 177.4156 
  0.005856732 188.3582 
  0.2324649 200.9756 
  0.3029346 205.0254 
  0.1873376 206.0505 
  0.7089099 206.0505 
  0.5197803 206.0505 
  0.652171 206.0505 
  0.1775889 206.0505 
  0.4727445 206.0505 
  0.187898 206.0505 
  0.09949073 206.0505 
  -0.0001649885 206.0505 
  0.1356836 206.0505 
  0.1861488 206.0505 
  0.1434871 206.0505 
  0.1581332 206.0505 
  0.2429816 205.0254 
  0.1962353 204.0054 
  0.2953708 202.9904 
  0.09236931 201.9805 
  -0.03934615 200.9756 
  -0.1137703 199.9758 
  -0.1414131 199.9758 
  -0.01484259 199.9758 
  0.1054987 199.9758 
  0.002636768 199.9758 
  -0.2025397 199.9758 
  -0.08838678 199.9758 
  -0.08296233 199.9758 
  -0.1147247 199.9758 
  -0.07356656 200.9756 
  0.155111 201.9805 
  0.2113136 202.9904 
  0.1808303 202.9904 
  -0.00696783 202.9904 
  0.07499694 204.0054 
  0.07959635 205.0254 
  0.258554 206.0505 
  0.5441154 207.0808 
  0.4725263 208.1162 
  0.3717657 208.1162 
  0.3204958 208.1162 
  0.2540311 208.1162 
  0.07519669 208.1162 
  0.1318137 208.1162 
  0.04268103 209.1568 
  0.4036705 210.2025 
  0.4734939 211.2535 
  0.3519043 211.2535 
  0.5145519 212.3098 
  0.04168481 213.3714 
  -0.01474756 213.3714 
  0.00201299 213.3714 
  0.2132143 213.3714 
  0.04199155 213.3714 
  -0.09236527 213.3714 
  -0.1596458 213.3714 
  -0.01388766 214.4382 
  0.3423107 215.5104 
  -0.1975043 216.5879 
  0.1463696 216.5879 
  0.1263145 216.5879 
  0.4587033 209.1568 
  0.4789499 204.0054 
  0.824254 197.9909 
  0.9450952 197.9909 
  0.903922 198.9809 
  0.8629126 200.9756 
  0.8116179 204.0054 
  0.7329615 207.0808 
  0.5717207 210.2025 
  0.2604588 214.4382 
  0.03418507 218.7592 
  0.01615556 222.057 
  0.67318 226.5316 
  0.7015339 211.2535 
  0.8703883 209.1568 
  0.9808971 207.0808 
  0.992925 206.0505 
  0.9966966 206.0505 
  0.991685 207.0808 
  0.9967507 208.1162 
  0.9974223 209.1568 
  0.9951354 208.1162 
  0.9629281 206.0505 
  0.6434016 201.9805 
  0.3172266 188.3582 
  0.5874318 170.476 
  0.3597539 166.2773 
  -0.09170981 163.8079 
  -0.4969965 165.4501 
  0.1046365 167.1087 
  0.0114143 168.784 
  -0.007708758 170.476 
  -0.1713542 171.3284 
  -0.179877 172.185 
  -0.3332635 173.046 
  -0.1935558 173.9112 
  0.09895644 174.7808 
  0.2422554 175.6547 
  0.1059031 176.533 
  0.2277157 177.4156 
  0.2868953 178.3027 
  0.2120463 178.3027 
  0.1179179 179.1942 
  -0.1179586 180.0902 
  0.002830341 180.0902 
  -0.1018437 180.9906 
  -0.1616175 181.8956 
  0.2772847 182.8051 
  0.3624822 185.5609 
  0.365728 188.3582 
  0.125932 195.0505 
  -0.003932961 205.0254 
  0.0129814 214.4382 
  0.6903639 225.4046 
  0.8874163 229.9466 
  0.9301505 229.9466 
  0.8705291 222.057 
  0.8437545 215.5104 
  0.9478361 209.1568 
  0.9697006 206.0505 
  0.9642709 204.0054 
  0.9609109 201.9805 
  0.9243375 201.9805 
  0.9959958 201.9805 
  0.9989122 201.9805 
  0.9983747 201.9805 
  0.992245 201.9805 
  0.9384708 200.9756 
  0.9322951 198.9809 
  0.946646 197.9909 
  0.9912271 196.0257 
  0.9935223 195.0505 
  0.9962178 194.0801 
  0.9959599 193.1145 
  0.9946479 193.1145 
  0.9870414 193.1145 
  0.9839028 193.1145 
  0.9695244 194.0801 
  0.9913784 196.0257 
  0.9960238 197.9909 
  0.9956437 198.9809 
  0.9899349 199.9758 
  0.981181 200.9756 
  0.9717627 201.9805 
  0.9413077 202.9904 
  0.8611428 204.0054 
  0.03948091 205.0254 
  -0.03445229 206.0505 
  -0.007498232 207.0808 
  0.1341516 208.1162 
  0.0775423 209.1568 
  0.1159345 209.1568 
  0.04957673 209.1568 
  -0.1109896 209.1568 
  -0.0769923 209.1568 
  -0.05452003 209.1568 
  -0.02099563 210.2025 
  -0.1393211 212.3098 
  0.06932777 214.4382 
  -0.02788316 216.5879 
  -0.02057791 218.7592 
  -0.09880833 220.9523 
  0.2887162 223.1673 
  0.006494329 225.4046 
  -0.09998765 227.6642 
  -0.02682106 229.9466 
  0.6107635 232.2518 
  0.5579301 193.1145 
  0.719539 189.3 
  0.8951156 187.4211 
  0.9160537 181.8956 
  0.9224513 178.3027 
  0.9634272 175.6547 
  0.9928992 173.046 
  0.9934788 173.046 
  0.983474 172.185 
  0.9052576 170.476 
  0.9237478 167.9442 
  0.6076276 164.6269 
  0.1216379 163.8079 
  -0.02256331 158.9785 
  0.01027245 155.8383 
  -0.05102159 153.5239 
  0.1944232 151.2439 
  -0.6687306 148.9977 
  -0.02370543 147.5188 
  0.3205625 146.0546 
  -0.1122404 143.8855 
  -0.08244404 142.4574 
  -0.1481854 141.0434 
  0.0251692 138.9488 
  -0.101156 136.8852 
  0.5016428 134.8523 
  0.2565993 134.1814 
  0.2069787 133.5138 
  0.1191425 130.8766 
  0.1493951 127.0181 
  0.1931308 125.1317 
  0.01745222 123.8897 
  0.00662637 122.6601 
  -0.02549339 121.4426 
  -0.04117384 120.8384 
  0.07718389 120.2372 
  0.1365465 120.2372 
  0.1815381 120.2372 
  0.2029568 120.2372 
  0.2052699 120.2372 
  0.1693765 120.2372 
  0.08089879 120.2372 
  0.1308419 120.2372 
  0.2772144 120.2372 
  0.1265321 120.2372 
  0.04221985 120.2372 
  0.02828712 120.2372 
  0.02807868 120.2372 
  0.05491298 120.2372 
  -0.1777102 120.2372 
  -0.1782704 120.2372 
  0.2141619 120.2372 
  0.1656072 120.2372 
  -0.1083558 120.2372 
  0.01625775 120.2372 
  0.2628925 120.2372 
  0.1952914 120.2372 
  -0.0571734 120.2372 
  0.204249 120.2372 
  0.1855997 120.2372 ]
