 [
  0.2024324 155.063 
  0.1612852 155.063 
  -0.009764685 155.063 
  -0.2402332 155.063 
  0.0199293 155.063 
  -0.04991099 155.063 
  0.03833714 155.063 
  0.09762156 155.063 
  0.1455252 155.063 
  0.04446025 155.063 
  0.1357403 155.063 
  -0.04662354 155.063 
  0.1657253 155.063 
  0.6933008 155.063 
  0.664154 155.063 
  0.7080442 152.0001 
  0.8213236 148.9977 
  0.9633219 146.7849 
  0.9819214 146.0546 
  0.9760581 146.0546 
  0.9733803 146.0546 
  0.9685999 146.7849 
  0.90888 146.7849 
  0.8416684 145.328 
  0.3688027 143.8855 
  0.2391139 143.8855 
  0.0392967 143.8855 
  0.01654153 143.8855 
  0.2116047 143.8855 
  0.2039711 143.8855 
  0.7369658 143.8855 
  0.7728416 144.605 
  0.6654449 138.9488 
  0.7147275 133.5138 
  0.9534565 129.5776 
  0.9601155 127.0181 
  0.9582087 123.8897 
  0.9526967 120.8384 
  0.9612591 119.0438 
  0.9492658 118.4515 
  0.8794177 119.0438 
  0.7608598 120.2372 
  0.6059124 122.0498 
  0.4327407 124.5092 
  0.2374641 127.0181 
  0.3024421 129.5776 
  0.05128734 132.1886 
  -0.01184198 134.8523 
  -0.04455024 137.5696 
  -0.07049922 141.0434 
  0.7537318 144.605 
  0.7116167 138.2575 
  0.8273177 134.1814 
  0.9859623 132.8496 
  0.9844306 134.1814 
  0.9769568 135.5266 
  0.975486 137.5696 
  0.9889057 138.9488 
  0.9944842 139.6435 
  0.9946031 139.6435 
  0.9778325 138.9488 
  0.9734201 138.2575 
  0.9383236 138.9488 
  0.9323533 143.1697 
  0.9584992 146.7849 
  0.9765103 148.9977 
  0.9831033 151.2439 
  0.9886715 152.0001 
  0.9958943 152.7601 
  0.9975504 153.5239 
  0.9933056 153.5239 
  0.9816645 152.0001 
  0.8049743 148.9977 
  0.5736462 143.8855 
  0.3768723 134.1814 
  -0.1581231 130.8766 
  -0.282541 129.5776 
  -0.05299508 128.2915 
  -0.02516819 127.0181 
  0.008787917 125.7574 
  -0.0814622 125.1317 
  0.0488 124.5092 
  0.07228621 123.8897 
  -0.03239225 123.2734 
  -0.05990025 122.6601 
  0.6534255 123.8897 
  0.6921564 127.6532 
  0.8282576 131.531 
  0.8482474 132.1886 
  0.8177456 131.531 
  0.9201394 128.2915 
  0.9737611 127.6532 
  0.9506704 126.3862 
  0.8759421 124.5092 
  0.8038563 123.2734 
  0.5585054 122.6601 
  0.3733345 122.6601 
  0.02288797 122.6601 
  -0.03162542 122.6601 
  -0.04010578 122.6601 
  0.02954839 122.6601 
  0.05745959 122.6601 
  0.06069919 122.6601 
  0.01051035 122.6601 
  0.0004839026 122.6601 
  0.01091695 122.6601 
  0.5275704 122.6601 
  0.7515711 125.7574 
  0.9359791 126.3862 
  0.9495769 125.7574 
  0.8385984 124.5092 
  0.58761 123.2734 
  0.4512064 122.6601 
  0.941624 122.6601 
  0.8947759 122.6601 
  0.8968198 122.6601 
  0.9040774 122.6601 
  0.9024181 122.6601 
  0.9686859 122.6601 
  0.2239047 122.6601 
  -0.2062097 123.2734 
  0.6373127 123.8897 
  0.8379661 125.1317 
  0.9773149 125.1317 
  0.9970816 125.7574 
  0.998521 125.7574 
  0.9971173 126.3862 
  0.9978915 126.3862 
  0.9964933 127.0181 
  0.9964331 127.6532 
  0.9979805 127.6532 
  0.9921405 127.0181 
  0.9836909 126.3862 
  0.9886076 125.1317 
  0.9692861 123.8897 
  0.9604167 122.6601 
  0.9968534 121.4426 
  0.9894647 120.8384 
  0.9768195 119.639 
  0.9823775 119.0438 
  0.9859929 117.8622 
  0.959591 116.6924 
  0.982331 115.5342 
  0.9898952 114.9594 
  0.9939827 114.9594 
  0.9346232 113.8184 
  0.9329489 112.6886 
  0.9069971 113.2521 
  0.9275038 113.8184 
  0.9236229 113.2521 
  0.9328787 113.2521 
  0.9603019 113.2521 
  0.9087168 113.2521 
  0.809698 113.2521 
  0.5278803 113.2521 
  -0.00082001 112.6886 
  -0.06851315 112.128 
  -0.09231792 111.5702 
  -0.1434693 111.0151 
  0.3482515 110.4628 
  0.2683709 110.4628 
  0.06769606 111.0151 
  0.04628678 112.128 
  -0.24615 113.2521 
  -0.1953502 114.3874 
  -0.2694623 114.9594 
  0.1576438 115.5342 
  0.2480819 116.1118 
  0.03726245 116.6924 
  -0.1404371 117.2759 
  0.3090922 117.8622 
  0.3341152 118.4515 
  0.4009744 119.0438 
  0.1763008 119.639 
  0.09155574 120.2372 
  0.1117055 120.8384 
  0.1862036 121.4426 
  0.3095071 122.0498 
  0.2336451 122.6601 
  -0.1847269 123.2734 
  -0.0374209 123.8897 
  0.01078497 124.5092 
  0.1556132 125.1317 
  0.1874416 126.3862 
  0.09087931 127.6532 
  0.5169353 128.2915 
  0.7536954 128.2915 
  0.9506127 127.6532 
  0.9084513 124.5092 
  0.8838686 120.8384 
  0.9228933 117.8622 
  0.8009895 117.2759 
  0.275712 117.2759 
  -0.1008155 117.2759 
  -0.03313173 117.2759 
  0.07701868 117.2759 
  -0.01491102 117.2759 
  -0.1083415 117.2759 
  -0.2160515 117.8622 
  0.03234263 117.8622 
  0.1601589 117.2759 
  0.1789275 116.1118 
  0.7570217 119.0438 
  0.8571323 119.639 
  0.9503957 119.639 
  0.8610305 119.0438 
  0.8010135 116.6924 
  0.1427549 116.1118 
  0.9139442 116.6924 
  0.9788723 117.2759 
  0.9536498 117.2759 
  0.9088655 117.8622 
  0.8047006 118.4515 
  0.6654501 119.0438 
  0.5977726 119.0438 
  0.3053079 119.639 
  0.06762189 120.2372 
  0.03020939 120.8384 
  0.01376425 121.4426 
  0.2017901 121.4426 
  0.2924836 122.0498 
  0.3171944 125.1317 
  0.6965138 122.0498 
  0.7271599 120.2372 
  0.9693677 118.4515 
  0.9798568 118.4515 
  0.9728375 117.8622 
  0.9581245 117.8622 
  0.9332542 117.2759 
  0.8937453 115.5342 
  0.8946922 114.3874 
  0.8907289 114.3874 
  0.9218658 113.8184 
  0.903531 112.6886 
  0.8719162 111.0151 
  0.3531259 109.9132 
  0.4318929 108.2809 
  0.003373853 106.6728 
  0.01595321 105.0885 
  -0.07643875 103.5278 
  -0.03715855 101.9903 
  -0.101359 100.4756 
  0.07614678 98.491 
  -0.02173938 97.02828 
  -0.05856962 95.5873 
  -0.1657728 94.1677 
  0.06926814 92.30766 
  0.3345591 90.48434 
  0.4391846 90.03418 
  0.4013208 89.14054 
  0.3225679 86.0821 
  0.08510029 82.3035 
  0.3879036 79.08421 
  -0.08684947 75.61279 
  -0.1869635 72.29374 
  -0.00392917 69.12038 
  0.04956801 66.08632 
  0.2127106 63.18545 
  0.4536563 61.32262 
  0.3764937 59.21862 
  0.6854638 57.7601 
  0.757916 56.61919 
  0.8733426 56.05722 
  0.8322388 55.77833 
  0.7826638 55.77833 
  0.7225507 56.05722 
  0.8568968 56.33751 
  0.7575191 56.05722 
  0.7214636 56.05722 
  0.2296291 56.05722 
  -0.1056446 55.77833 
  0.03912489 55.50082 
  0.113626 55.50082 
  0.07333353 55.50082 
  -0.07096399 55.50082 
  0.0653801 55.50082 
  -0.002861043 55.50082 
  -0.1274234 55.50082 
  -0.0733664 55.50082 
  0.009045475 55.50082 
  0.01030471 55.50082 
  -0.03652087 55.50082 
  -0.3295095 55.50082 
  -0.4104179 55.50082 
  -0.2868005 55.50082 ]
