 [
  0.04136212 138.9488 
  -0.2389424 138.9488 
  -0.1547796 138.9488 
  -0.05017987 138.9488 
  -0.02045864 138.9488 
  0.2699043 138.9488 
  0.006542073 138.9488 
  -0.0442203 138.9488 
  -0.1475819 138.9488 
  -0.2221454 138.9488 
  -0.2619034 138.9488 
  0.1411759 138.9488 
  -0.03611973 138.9488 
  0.138839 138.9488 
  0.1002052 139.6435 
  0.04038343 140.3417 
  0.7158279 141.7487 
  0.9052427 138.9488 
  0.9447974 139.6435 
  0.9326256 141.0434 
  0.9632682 141.7487 
  0.9393613 141.0434 
  0.9431037 141.0434 
  0.9564714 141.0434 
  0.9484302 141.0434 
  0.8738911 141.0434 
  0.8181481 138.9488 
  0.745312 139.6435 
  0.9001212 138.2575 
  0.8982826 134.8523 
  0.8977314 131.531 
  0.9488553 128.2915 
  0.9697597 126.3862 
  0.9753493 125.1317 
  0.9674572 123.8897 
  0.9237025 121.4426 
  0.882225 119.639 
  0.6944928 119.639 
  0.1415287 120.8384 
  -0.008076429 122.0498 
  -0.08056458 123.2734 
  -0.1715046 125.1317 
  -0.09436636 127.0181 
  0.07649663 128.9329 
  0.1747067 130.8766 
  -0.05182043 132.8496 
  -0.2089391 135.5266 
  -0.02828074 138.2575 
  0.1442646 141.0434 
  0.1101832 143.8855 
  0.03787582 146.7849 
  -0.1787468 149.7427 
  -0.06930558 153.5239 
  0.1275394 157.4006 
  0.7567061 160.5723 
  0.8798831 158.1876 
  0.9580392 157.4006 
  0.9389155 154.2915 
  0.90034 150.4914 
  0.7738878 146.0546 
  0.5654042 141.0434 
  0.4039951 129.5776 
  0.217867 120.2372 
  0.2666052 109.3664 
  0.3462198 101.4829 
  0.642011 96.06523 
  0.1531435 96.06523 
  0.5360957 95.5873 
  -0.111874 95.5873 
  0.04403863 95.5873 
  0.07239276 95.5873 
  0.05633349 95.5873 
  0.07294439 95.5873 
  -0.0798194 95.11173 
  0.05704137 94.63854 
  0.05559684 94.63854 
  0.4465537 94.63854 
  0.7658767 95.11173 
  0.7359365 95.5873 
  0.7309955 96.06523 
  0.8672825 97.02828 
  0.9523013 98.00098 
  0.9556596 98.98344 
  0.9530212 99.47836 
  0.9554125 98.98344 
  0.9578401 98.00098 
  0.9153185 97.02828 
  0.9175462 95.11173 
  0.9231418 93.6992 
  0.8730652 91.84841 
  0.8918746 89.58624 
  0.9422303 87.8167 
  0.9822628 86.94508 
  0.976776 86.51251 
  0.9546617 86.0821 
  0.9347245 85.65383 
  0.966276 85.2277 
  0.9820287 84.38177 
  0.984084 83.96195 
  0.9725049 83.54424 
  0.8746997 82.71502 
  0.7791554 82.71502 
  0.6156155 82.3035 
  -0.07670994 83.96195 
  0.2527172 85.65383 
  -0.07536744 87.3798 
  -0.03551713 89.14054 
  -0.02900185 90.93677 
  -0.09018284 92.30766 
  0.219998 93.6992 
  -0.003506655 95.11173 
  0.06209949 96.54556 
  0.08550302 98.00098 
  0.02402005 99.47836 
  0.4582578 100.978 
  0.7720562 101.4829 
  0.9114914 100.4756 
  0.9146004 98.491 
  0.9380289 96.54556 
  0.9481293 94.63854 
  0.9757333 93.6992 
  0.9897075 93.23304 
  0.9933608 92.7692 
  0.9857167 92.7692 
  0.9718856 92.30766 
  0.8489194 91.84841 
  0.7728148 90.93677 
  0.6394961 90.03418 
  0.5877171 90.03418 
  0.4821376 91.39146 
  0.7609553 93.6992 
  0.8928398 96.06523 
  0.9363716 97.02828 
  0.9641569 98.00098 
  0.9432482 99.47836 
  0.9351591 101.4829 
  0.664382 104.0455 
  0.7344695 109.3664 
  0.8723349 112.128 
  0.8550239 113.8184 
  0.8378826 115.5342 
  0.7201053 117.2759 
  0.8446115 119.0438 
  0.4920723 120.8384 
  0.6770524 122.0498 
  0.7297739 123.2734 
  0.860856 123.8897 
  0.8780374 123.2734 
  0.9027589 122.0498 
  0.9274997 120.2372 
  0.9467599 117.2759 
  0.937772 114.3874 
  0.9526163 111.0151 
  0.9351181 107.7421 
  0.9150938 105.0885 
  0.9047263 103.0128 
  0.3811164 102.5003 
  0.7590475 98.491 
  0.8550186 98.491 
  0.8951652 98.98344 
  0.823962 99.97575 
  0.7256367 101.4829 
  0.7623149 104.0455 
  0.8809319 105.614 
  0.8552167 105.614 
  0.7266812 105.614 
  0.6615288 106.6728 
  0.7360997 105.614 
  0.7740461 103.5278 
  0.4894999 103.5278 
  0.2351125 103.5278 
  0.06483296 103.0128 
  0.03146665 103.5278 
  -0.008269843 105.0885 
  0.2868476 105.614 
  -0.05073518 106.6728 
  0.1126451 107.7421 
  0.1594521 108.2809 
  0.2816638 108.2809 
  0.243469 108.8223 
  0.1885129 109.3664 
  0.1005222 109.3664 
  0.7733808 109.3664 
  0.9024314 108.2809 
  0.9357561 106.6728 
  0.9474981 105.0885 
  0.9057794 103.5278 
  0.8613485 101.4829 
  0.8222232 99.97575 
  0.8858493 98.491 
  0.9076854 96.54556 
  0.9356515 95.11173 
  0.9698226 93.6992 
  0.9821108 93.23304 
  0.9899759 92.30766 
  0.9917782 92.30766 
  0.9879366 92.30766 
  0.9864116 92.30766 
  0.9915894 92.30766 
  0.9955261 92.7692 
  0.997171 92.7692 
  0.9927595 92.7692 
  0.990862 92.7692 
  0.9797014 92.7692 
  0.9619297 92.30766 
  0.9495867 91.84841 
  0.8835541 91.84841 
  0.6827261 92.30766 
  0.2814801 93.23304 
  -0.02170241 94.1677 
  0.08724207 95.11173 
  0.08624545 96.06523 
  0.03776043 97.02828 
  0.09005515 98.00098 
  0.1794309 98.98344 
  0.00675077 99.97575 
  -0.0698164 101.4829 
  -0.08132637 102.5003 
  -0.257758 103.5278 
  0.5315824 105.614 
  0.7132358 105.0885 
  0.7299837 103.5278 
  0.7193139 100.978 
  0.6806389 98.491 
  0.6670376 94.63854 
  0.1526587 92.30766 
  -0.1807845 90.93677 
  -0.1781198 89.58624 
  -0.09736061 88.25578 
  0.7208531 87.3798 
  0.6990206 86.0821 
  0.7223092 86.94508 
  0.2562491 83.96195 
  0.7339962 80.6778 
  0.7370406 79.47963 
  0.6579239 78.69076 
  -0.1877993 80.27641 
  0.1933553 82.71502 
  0.122583 85.2277 
  -0.08001682 87.8167 
  0.1490122 90.48434 
  -0.231341 93.23304 
  -0.1256858 96.06523 
  0.09814538 98.98344 
  0.03812302 101.9903 
  0.1242666 104.0455 
  0.3450321 105.0885 
  0.3880776 106.142 
  0.3094082 106.6728 
  0.06350586 107.2061 
  -0.09176915 108.8223 
  0.7525718 110.4628 
  0.7200065 107.7421 
  0.8962397 107.2061 
  0.8212965 105.614 
  0.7800963 104.0455 
  0.8122379 102.5003 
  0.8713279 101.9903 
  0.9318168 100.978 
  0.9452163 100.4756 
  0.9508964 99.97575 
  0.9170371 98.98344 
  0.916204 98.491 
  0.8979527 97.51342 
  0.8837679 97.02828 
  0.9169091 96.06523 
  0.9548094 95.5873 
  0.969614 95.11173 
  0.9511034 94.63854 
  0.9140638 93.6992 
  0.959972 92.7692 
  0.9732759 91.84841 
  0.972312 91.39146 
  0.9672534 91.39146 
  0.9452954 90.93677 
  0.8168758 91.84841 
  0.6900088 91.39146 
  0.6582686 91.84841 
  0.6623684 90.48434 
  0.6539235 91.39146 
  0.8480631 90.03418 
  0.9150887 90.48434 
  0.9701382 90.03418 
  0.9649414 89.58624 
  0.9871627 89.14054 
  0.9735402 88.69706 
  0.9334654 88.69706 
  0.8877937 88.25578 
  0.8402008 88.25578 
  0.8326606 87.8167 
  0.8252426 87.3798 
  0.7313696 86.94508 
  0.6037892 87.3798 
  0.3384832 87.8167 
  0.1231398 88.25578 
  -0.02309044 88.69706 
  0.0208149 89.58624 
  0.4520035 90.03418 
  0.5256784 90.03418 
  0.619135 90.03418 
  0.4801821 90.03418 
  0.5105538 90.48434 
  0.4159541 90.48434 
  0.3664441 90.93677 
  0.2452013 91.84841 
  0.1803836 92.7692 
  0.07784364 93.23304 
  0.2039816 93.6992 
  0.3346255 94.1677 
  0.1579796 96.06523 
  0.3908721 98.00098 
  0.4517125 99.47836 
  0.4042114 99.97575 
  0.5005497 100.4756 
  0.6483068 100.978 
  0.8279246 101.9903 
  0.8500581 103.5278 
  0.9304606 104.0455 
  0.9351116 103.5278 
  0.9714911 102.5003 
  0.9710668 101.9903 
  0.9564264 100.978 
  0.9482075 99.47836 
  0.9409907 98.00098 
  0.9571578 96.54556 
  0.977993 95.11173 
  0.9863752 94.1677 
  0.9832178 93.6992 
  0.9832892 92.7692 
  0.9802358 91.84841 
  0.9925038 91.39146 
  0.9630905 90.48434 
  0.9578677 90.03418 
  0.9903538 89.14054 
  0.9432825 88.69706 
  0.72488 88.25578 
  0.2110628 87.3798 
  0.5388229 86.94508 
  0.4862636 86.94508 
  0.3406712 87.3798 
  0.187252 87.8167 
  0.01252048 88.69706 
  -0.1431991 90.03418 
  -0.2086621 91.39146 
  -0.01779686 93.23304 
  0.2312639 95.5873 
  0.491697 95.11173 
  0.3429077 91.39146 
  0.7142686 89.58624 
  0.8849937 89.14054 
  0.9064798 88.25578 
  0.8915974 87.8167 
  0.8673372 86.94508 
  0.9568573 86.0821 
  0.9722109 85.65383 
  0.9794185 85.2277 
  0.9611139 84.80367 
  0.9443002 84.38177 
  0.9700465 83.96195 
  0.9747649 83.54424 
  0.9751681 83.54424 
  0.9743391 83.12859 
  0.9556444 82.71502 
  0.9521546 82.71502 
  0.9617924 82.71502 
  0.9233751 82.3035 
  0.9236025 82.3035 
  0.9054601 82.3035 
  0.8766993 82.71502 
  0.8141077 83.12859 
  0.6868449 83.96195 
  0.7288362 85.65383 
  0.7800846 86.51251 
  0.6858687 87.8167 
  0.6227001 90.48434 
  0.7463305 91.39146 
  0.7927775 92.30766 
  0.9696772 93.23304 
  0.9780738 94.1677 
  0.9824802 95.11173 
  0.9937565 96.06523 
  0.9960363 96.54556 
  0.9935602 97.02828 
  0.8090288 97.51342 
  0.4679993 98.491 
  0.5235014 98.98344 
  0.6586918 98.98344 
  0.8740464 98.98344 
  0.7699257 98.98344 
  0.6559387 98.98344 
  0.4505001 99.47836 
  0.2454674 99.97575 
  -0.03717143 100.4756 
  -0.02724625 101.4829 
  0.09735411 102.5003 
  0.1348533 103.0128 
  0.0530963 103.5278 
  -0.05892731 104.5657 
  -0.1630823 105.0885 
  -0.1577909 105.614 
  -0.2306712 106.142 
  -0.006683778 106.6728 
  0.0964646 107.2061 
  0.1029179 107.2061 
  0.6399935 106.142 
  -0.24876 104.5657 
  -0.006474738 103.0128 
  0.3525993 100.978 
  0.3831639 104.5657 
  0.4291057 100.4756 
  0.5579869 99.97575 
  0.8875105 99.97575 
  0.9371974 100.978 
  0.9531012 100.978 
  0.8817596 99.97575 
  0.8830256 98.491 
  0.9106488 97.02828 
  0.8673631 95.5873 
  0.9014196 93.6992 
  0.9388295 92.30766 
  0.9145052 91.39146 
  0.8978005 91.39146 
  0.9054922 92.30766 
  0.9288736 92.7692 
  0.9465721 93.23304 
  0.8443549 92.7692 
  0.6818234 91.84841 
  0.7019386 89.58624 
  0.6596655 87.8167 
  0.283164 87.3798 
  -0.2488863 87.8167 
  0.4677329 88.25578 
  0.7451506 89.58624 
  0.7737705 89.58624 
  0.8226153 89.14054 
  0.8162117 87.8167 
  0.794147 86.51251 
  0.756489 85.2277 
  0.02319063 86.94508 
  -0.2118334 89.14054 
  0.06282257 90.93677 
  0.5978896 93.23304 
  -0.1439696 95.5873 
  -0.2784576 98.00098 
  0.07298324 100.4756 
  0.07586364 103.0128 
  0.1806806 105.614 
  -0.07452812 108.2809 
  0.2473094 111.5702 
  0.8096274 112.6886 
  0.9326969 112.6886 
  0.9831869 112.6886 
  0.9904283 113.2521 
  0.9766532 113.2521 
  0.9453683 111.0151 
  0.9598538 109.3664 
  0.9261553 107.2061 
  0.8629087 104.5657 
  0.8512078 101.9903 
  0.8462175 98.98344 
  0.8538575 96.54556 
  0.8852608 94.1677 
  0.9108556 93.23304 
  0.8577837 92.7692 
  0.7897179 92.7692 
  0.8425873 92.7692 
  0.831017 93.23304 
  0.7656616 93.6992 
  0.676962 94.1677 
  0.5902176 95.11173 
  0.4829612 96.06523 
  0.2396221 97.02828 
  0.3820565 98.491 
  0.6323528 99.97575 
  0.780385 100.4756 
  0.8833215 99.47836 
  0.9581277 98.00098 
  0.9473833 96.54556 
  0.9790723 95.11173 
  0.9887428 94.1677 
  0.9947807 93.6992 
  0.9469955 93.6992 
  0.6744331 95.5873 
  0.7821056 95.11173 
  0.8571777 94.1677 
  0.9762006 93.6992 
  0.9770595 93.6992 
  0.9776199 93.6992 
  0.9905546 93.6992 
  0.9909947 93.23304 
  0.9904075 92.7692 
  0.9861047 92.30766 
  0.9912457 91.39146 
  0.984306 90.93677 
  0.9540291 90.48434 
  0.9166487 89.14054 
  0.9268768 87.8167 
  0.9320431 87.3798 
  0.9285315 88.25578 
  0.9495359 89.58624 
  0.951933 90.03418 
  0.9556264 90.03418 
  0.9699423 89.58624 
  0.9806275 88.69706 
  0.9631582 89.14054 
  0.9792233 89.58624 
  0.9666535 90.48434 
  0.9124154 91.84841 
  0.9406064 93.23304 
  0.9744722 94.1677 
  0.9912329 94.63854 
  0.9836802 94.63854 
  0.9773111 94.1677 
  0.9780656 93.23304 
  0.9705934 92.7692 
  0.9425051 92.30766 
  0.7124832 92.30766 
  0.4786186 92.30766 
  0.131325 92.7692 
  0.03254276 92.7692 
  -0.02205472 92.7692 
  0.1469441 92.7692 
  0.1328279 92.7692 
  0.1225503 92.7692 
  0.1734928 92.7692 
  0.02684441 92.7692 
  0.03404094 92.7692 
  0.03372765 92.7692 
  0.1877383 92.7692 
  0.0007691961 92.7692 
  -0.1335256 92.7692 
  0.1646735 92.7692 
  0.2160448 92.7692 
  0.2282615 92.7692 
  0.06491628 92.7692 
  -0.1609948 92.7692 
  -0.1065283 92.7692 
  -0.1099604 92.7692 
  -0.08806143 92.7692 
  0.04526548 92.7692 
  0.2720435 92.7692 
  0.04028513 92.7692 
  -0.03429072 92.7692 
  0.1136647 92.7692 
  0.06137749 92.7692 ]
