 [
  0.3718104 158.1876 
  0.2910311 158.1876 
  0.08996113 158.1876 
  -0.2444183 158.1876 
  0.1518096 158.1876 
  -0.2277607 158.1876 
  -0.1398132 158.1876 
  0.02055203 158.1876 
  0.167138 158.1876 
  0.4431643 158.1876 
  0.8633091 158.1876 
  0.3359522 158.1876 
  0.7567285 158.1876 
  0.3558973 154.2915 
  0.680971 153.5239 
  0.9258289 154.2915 
  0.9867662 155.063 
  0.9838111 155.8383 
  0.9766126 157.4006 
  0.9811102 158.9785 
  0.9830641 159.7734 
  0.9853043 160.5723 
  0.9498739 160.5723 
  0.8769427 160.5723 
  0.7222959 158.9785 
  0.6077521 155.063 
  0.9699035 153.5239 
  0.9418502 153.5239 
  0.8197539 155.063 
  0.9155053 157.4006 
  0.935326 158.1876 
  0.983101 158.1876 
  0.9960793 158.9785 
  0.9897985 159.7734 
  0.9552394 158.9785 
  0.8707814 155.8383 
  0.7871457 151.2439 
  0.3204204 150.4914 
  -0.0454184 149.7427 
  0.08221056 148.9977 
  0.01254275 147.5188 
  0.07205598 146.0546 
  0.04422274 145.328 
  -0.008781465 145.328 
  -0.08333723 146.0546 
  0.206209 146.0546 
  0.1468059 145.328 
  -0.03917494 145.328 
  0.428628 145.328 
  0.4934134 148.9977 
  0.4556051 145.328 
  0.7219757 139.6435 
  0.8873164 136.2042 
  0.8537689 132.8496 
  0.9454318 132.1886 
  0.9472302 132.1886 
  0.889063 130.2255 
  0.8645048 129.5776 
  0.8639067 127.6532 
  0.93505 126.3862 
  0.9387936 125.1317 
  0.9295291 124.5092 
  0.9018725 122.6601 
  0.9445658 121.4426 
  0.9435971 120.8384 
  0.9017177 119.639 
  0.8125823 118.4515 
  0.7607399 116.6924 
  0.8345042 116.6924 
  0.9285115 117.2759 
  0.866681 118.4515 
  0.4603613 122.0498 
  0.787227 123.8897 
  0.8373551 122.0498 
  0.9485082 121.4426 
  0.9686545 121.4426 
  0.9371238 120.8384 
  0.8700358 119.0438 
  0.7850975 117.2759 
  0.2916672 117.2759 
  0.8805035 119.0438 
  0.9909738 120.2372 
  0.9785984 121.4426 
  0.8804193 123.2734 
  0.3996482 126.3862 
  0.7712985 130.8766 
  0.4603632 120.2372 
  0.7015016 119.639 
  0.9775805 119.639 
  0.9334214 119.0438 
  0.8922325 118.4515 
  0.8943723 117.8622 
  0.9506584 119.0438 
  0.9529328 118.4515 
  0.9583946 117.8622 
  0.960897 116.6924 
  0.9710531 116.6924 
  0.9594771 117.2759 
  0.9613694 117.8622 
  0.9710323 117.2759 
  0.9587649 117.8622 
  0.9770383 117.8622 
  0.9678971 117.2759 
  0.95377 116.6924 
  0.9013467 116.6924 
  0.805996 118.4515 
  0.8052124 119.0438 
  0.7091982 117.8622 
  0.5061408 117.2759 
  0.3048073 116.6924 
  0.1660887 116.6924 
  0.2861482 116.6924 
  0.08292027 116.6924 
  0.140834 116.6924 
  -0.1707582 116.6924 
  -0.2322524 116.6924 
  -0.1876345 116.6924 
  0.006788454 116.6924 
  -0.1593233 116.6924 
  0.1721407 116.6924 
  0.384466 116.6924 
  0.3807719 116.6924 
  0.0807694 116.6924 
  0.02999078 116.6924 
  0.05226309 116.6924 
  0.1778135 116.6924 
  0.193592 116.6924 
  0.1797982 116.6924 
  0.1478358 116.6924 
  0.3154286 116.6924 
  0.1026212 116.6924 
  0.0204427 116.6924 
  -0.07335962 116.6924 
  -0.03672771 116.6924 
  0.2437093 116.6924 
  0.2749825 116.6924 
  0.1095829 116.6924 
  0.003548652 116.6924 
  -0.02939149 116.6924 
  -0.01774539 116.6924 
  0.1238212 116.6924 
  0.06556974 116.6924 
  0.009667128 116.6924 
  0.03624951 116.6924 
  0.02885881 116.6924 
  -0.05424772 116.6924 
  0.007795427 116.6924 
  0.02905207 116.6924 
  -0.06775411 116.6924 
  -0.08671836 116.6924 
  -0.1367002 116.6924 
  -0.07438818 116.6924 
  -0.05208457 116.6924 
  0.01698981 116.6924 
  0.0344669 116.6924 
  0.03193953 116.6924 
  -0.05151613 116.6924 
  -0.008663928 116.6924 
  0.06417806 116.6924 
  0.08654884 116.6924 
  0.1496149 116.6924 
  0.04188749 116.6924 
  -0.06819459 116.6924 
  -0.003885506 116.6924 
  0.1950879 116.6924 
  0.2719856 116.6924 
  0.2841852 116.6924 
  0.08621415 116.6924 
  0.0947862 116.6924 
  0.2138495 116.6924 
  0.1151167 116.6924 
  -0.03913758 116.6924 
  -0.2417197 116.6924 
  -0.307367 116.6924 
  -0.02438341 116.6924 
  0.1111905 116.6924 
  0.06421056 116.6924 
  0.06997225 116.6924 
  -0.1337095 116.6924 ]
