 [
  -0.09117297 241.7061 
  -0.04035724 241.7061 
  -0.1082168 241.7061 
  0.01588195 241.7061 
  0.2262331 241.7061 
  -0.07796904 241.7061 
  0.2526641 241.7061 
  0.3456913 241.7061 
  0.3441815 241.7061 
  0.2941619 241.7061 
  0.2367732 241.7061 
  0.3630106 241.7061 
  0.7895676 241.7061 
  0.5530844 241.7061 
  0.5558317 238.1164 
  0.3496563 236.9318 
  0.3476582 214.4382 
  0.7851609 208.1162 
  0.8995481 204.0054 
  0.4970045 195.0505 
  0.4881667 189.3 
  0.6728239 181.8956 
  0.1239768 181.8956 
  0.3646557 215.5104 
  0.488771 219.853 
  0.8459478 214.4382 
  -0.3281962 215.5104 
  -0.04779569 217.6709 
  0.02588534 218.7592 
  -0.01120109 219.853 
  -0.05467815 222.057 
  -0.1967408 224.2832 
  0.6167633 225.4046 
  0.8341181 225.4046 
  0.9789929 226.5316 
  0.9932731 227.6642 
  0.9940752 226.5316 
  0.9442854 224.2832 
  0.8133619 225.4046 
  0.843568 232.2518 
  0.9505511 238.1164 
  0.9362804 242.9146 
  0.962862 247.8095 
  0.9945092 254.067 
  0.9976578 256.614 
  0.9994187 257.8971 
  0.9997481 259.1866 
  0.9991512 260.4825 
  0.9996377 261.7849 
  0.9992868 263.0938 
  0.9989396 264.4093 
  0.9991523 264.4093 
  0.9982237 264.4093 
  0.9958147 264.4093 
  0.9940286 263.0938 
  0.9741514 263.0938 
  0.9509835 263.0938 
  0.8548762 260.4825 
  0.05970536 259.1866 
  -0.05036042 257.8971 
  -0.152068 255.3373 
  -0.05973435 252.8029 
  -0.1307568 250.2938 
  0.04585567 247.8095 
  -0.00351357 245.3498 
  -0.2286221 242.9146 
  0.3030457 240.5036 
  -0.2196947 238.1164 
  0.02078177 235.753 
  0.02724813 233.4131 
  0.1128174 231.0963 
  0.4384593 228.8026 
  0.2809488 227.6642 
  0.1903551 226.5316 
  -0.05083301 225.4046 
  0.01149476 224.2832 
  0.08731259 223.1673 
  0.02028422 222.057 
  -0.03732649 222.057 
  0.1302294 222.057 
  0.2754539 222.057 
  0.774371 220.9523 
  0.5833921 220.9523 
  0.09160324 220.9523 
  0.5492761 220.9523 
  0.5012546 220.9523 
  -0.2012839 220.9523 
  0.6341907 220.9523 
  0.9122458 220.9523 
  0.6348714 219.853 
  0.529516 219.853 
  0.7341465 219.853 
  0.819182 210.2025 
  0.903443 207.0808 
  0.9912364 205.0254 
  0.9964867 204.0054 
  0.9971167 204.0054 
  0.9985697 204.0054 
  0.9961811 204.0054 
  0.9917354 202.9904 
  0.989614 201.9805 
  0.9944812 201.9805 
  0.9939771 201.9805 
  0.9910569 202.9904 
  0.9834725 205.0254 
  0.9798067 208.1162 
  0.9858438 210.2025 
  0.994964 211.2535 
  0.9966863 212.3098 
  0.9953462 213.3714 
  0.9929273 214.4382 
  0.9974283 216.5879 
  0.9961644 217.6709 
  0.9915402 218.7592 
  0.9910106 219.853 
  0.9901754 220.9523 
  0.9954015 222.057 
  0.9966685 222.057 
  0.9953119 222.057 
  0.9936423 223.1673 
  0.993008 224.2832 
  0.9854205 224.2832 
  0.9834875 224.2832 
  0.9795785 224.2832 
  0.9857732 225.4046 
  0.958132 224.2832 
  0.9111366 223.1673 
  0.8545973 220.9523 
  0.2655644 218.7592 
  0.05823413 216.5879 
  -0.0516993 215.5104 
  0.1599798 214.4382 
  0.3948502 213.3714 
  0.5493693 212.3098 
  0.2047536 211.2535 
  0.2739921 210.2025 
  0.1471672 209.1568 
  0.411392 208.1162 
  0.1430056 207.0808 
  -0.01521627 206.0505 
  0.1743337 205.0254 
  0.7513081 210.2025 
  0.8262606 206.0505 
  0.9088942 201.9805 
  0.9593821 197.9909 
  0.9938696 195.0505 
  0.9936965 195.0505 
  0.9789454 193.1145 
  0.984262 191.1978 
  0.9905957 189.3 
  0.9889677 189.3 
  0.9859758 188.3582 
  0.9621711 186.4887 
  0.9483376 184.6377 
  0.925836 183.7191 
  0.8995 182.8051 
  0.8583365 183.7191 
  0.759838 185.5609 
  0.5503651 187.4211 
  0.4919576 189.3 
  0.3213504 191.1978 
  -0.1675707 192.1537 
  0.5277264 192.1537 
  0.8171124 191.1978 
  0.9550152 190.2465 
  0.9486636 190.2465 
  0.9220965 189.3 
  0.9644132 186.4887 
  0.9900092 184.6377 
  0.9931378 182.8051 
  0.9922709 181.8956 
  0.9707733 179.1942 
  0.980871 176.533 
  0.994459 175.6547 
  0.9945101 174.7808 
  0.9842094 173.9112 
  0.9882749 172.185 
  0.9790173 170.476 
  0.9369003 170.476 
  0.9252743 172.185 
  0.9593377 173.046 
  0.9872224 175.6547 
  0.9909005 175.6547 
  0.981271 177.4156 
  0.9811062 179.1942 
  0.9775937 180.0902 
  0.9273198 182.8051 
  0.9633391 185.5609 
  0.9917591 187.4211 
  0.9906045 189.3 
  0.991801 191.1978 
  0.9944025 193.1145 
  0.9923943 195.0505 
  0.9727731 196.0257 
  0.971074 197.0059 
  0.9875003 197.9909 
  0.992406 197.9909 
  0.9551849 197.9909 
  0.747451 197.9909 
  0.3001366 197.9909 
  0.1094552 197.9909 
  -0.06377365 197.9909 
  -0.07256407 197.9909 
  -0.1085379 197.9909 
  -0.09666152 197.9909 
  -0.05581706 197.9909 
  -0.07910144 197.9909 
  -0.1476232 197.9909 
  -0.03516344 197.9909 
  0.0976737 197.9909 
  0.1888915 197.9909 ]
