 [
  0.07837158 189.3 
  -0.1446035 189.3 
  -0.07448577 189.3 
  0.0102867 189.3 
  -0.05002313 189.3 
  -0.1424517 189.3 
  0.147163 189.3 
  0.1338206 189.3 
  0.1496783 189.3 
  0.1586479 189.3 
  0.0717725 189.3 
  -0.1355864 189.3 
  -0.2382338 189.3 
  0.4931394 189.3 
  -0.01169096 189.3 
  0.6135325 186.4887 
  0.8102288 184.6377 
  0.975326 183.7191 
  0.9954894 183.7191 
  0.9954828 183.7191 
  0.9971788 183.7191 
  0.9906844 181.8956 
  0.9674921 178.3027 
  0.9675598 174.7808 
  0.9622102 171.3284 
  0.9367798 169.6279 
  0.8272356 169.6279 
  0.6154137 171.3284 
  0.4139311 173.046 
  -0.05569409 174.7808 
  -0.04038172 176.533 
  -0.0002292073 178.3027 
  0.04577394 180.0902 
  -0.06575731 181.8956 
  0.04985374 183.7191 
  -0.1207768 185.5609 
  0.04562981 187.4211 
  0.05522762 189.3 
  -0.05641293 191.1978 
  -0.006215001 193.1145 
  0.4894376 195.0505 
  0.8355789 195.0505 
  0.9444993 195.0505 
  0.9714997 194.0801 
  0.9713484 195.0505 
  0.9828504 195.0505 
  0.9906275 195.0505 
  0.9807432 196.0257 
  0.9799845 197.9909 
  0.986537 199.9758 
  0.9778718 202.9904 
  0.9335175 204.0054 
  0.8677292 205.0254 
  0.3115045 205.0254 
  0.9418395 206.0505 
  0.9113169 207.0808 
  0.4898224 207.0808 
  0.1296921 207.0808 
  -0.173738 207.0808 
  -0.2532318 207.0808 
  0.01351205 207.0808 
  -0.1386879 208.1162 
  -0.1791856 209.1568 
  0.174173 210.2025 
  0.2807263 211.2535 
  0.374751 210.2025 
  0.7853438 207.0808 
  0.9195251 204.0054 
  0.9680566 201.9805 
  0.9878051 199.9758 
  0.9872373 198.9809 
  0.9886551 198.9809 
  0.9820483 197.9909 
  0.964583 197.0059 
  0.976809 196.0257 
  0.9765851 195.0505 
  0.9757306 197.0059 
  0.9835455 197.0059 
  0.9716142 197.0059 
  0.915004 194.0801 
  0.8818057 191.1978 
  0.8788925 187.4211 
  0.4965461 187.4211 
  0.6703371 189.3 
  -0.1200433 191.1978 
  -0.07608026 193.1145 
  -0.251725 195.0505 
  -0.1212339 197.0059 
  -0.1588491 198.9809 
  -0.09442522 200.9756 
  -0.0729721 202.9904 
  0.04357947 205.0254 
  0.02640592 207.0808 
  -0.05288811 209.1568 
  -0.179504 211.2535 
  -0.004635895 213.3714 
  -0.01749116 215.5104 
  0.2479453 217.6709 
  0.7637888 218.7592 
  0.785732 206.0505 
  0.764701 200.9756 
  0.8577039 196.0257 
  0.9712089 193.1145 
  0.9918996 192.1537 
  0.9898586 191.1978 
  0.981692 190.2465 
  0.9709321 188.3582 
  0.9775436 187.4211 
  0.9659688 187.4211 
  0.9794728 187.4211 
  0.979652 187.4211 
  0.9738906 187.4211 
  0.968362 186.4887 
  0.9751582 184.6377 
  0.9745924 183.7191 
  0.9915707 182.8051 
  0.9912065 182.8051 
  0.9884279 182.8051 
  0.9921743 181.8956 
  0.9905597 180.9906 
  0.9864995 180.9906 
  0.9880238 180.9906 
  0.9874699 180.9906 
  0.9851193 181.8956 
  0.9829355 182.8051 
  0.914956 182.8051 
  0.8263459 182.8051 
  0.2482693 185.5609 
  0.8981252 186.4887 
  0.877586 187.4211 
  0.9222512 188.3582 
  0.5829214 189.3 
  0.07208648 191.1978 
  -0.1068876 192.1537 
  -0.09002417 193.1145 
  -0.1309946 194.0801 
  -0.08691885 196.0257 
  0.4549714 197.0059 
  0.08557917 197.9909 
  -0.02379501 198.9809 
  -0.2035822 199.9758 
  -0.1915775 200.9756 
  -0.1357352 201.9805 
  0.003607179 202.9904 
  -0.1164783 204.0054 
  0.02885133 205.0254 
  0.1311275 206.0505 
  0.100922 207.0808 
  0.01938957 208.1162 
  0.07416398 209.1568 
  0.6075839 210.2025 
  0.6219028 211.2535 
  0.7501904 198.9809 
  0.8652185 194.0801 
  0.9863124 192.1537 
  0.9970744 191.1978 
  0.9929133 190.2465 
  0.9879187 189.3 
  0.9900458 188.3582 
  0.9836257 188.3582 
  0.9811113 187.4211 
  0.9772583 187.4211 
  0.9770426 186.4887 
  0.9804554 187.4211 
  0.9723617 188.3582 
  0.9214019 190.2465 
  0.9599673 192.1537 
  0.9676611 194.0801 
  0.9759152 195.0505 
  0.9837108 195.0505 
  0.9921665 195.0505 
  0.995181 195.0505 
  0.9893404 194.0801 
  0.9769795 193.1145 
  0.9808367 192.1537 
  0.9939561 191.1978 
  0.9984009 191.1978 
  0.9985852 190.2465 
  0.9951165 189.3 
  0.9033277 189.3 
  0.9469736 188.3582 
  0.9761016 188.3582 
  0.981755 187.4211 
  0.975286 186.4887 
  0.977577 185.5609 
  0.9817853 183.7191 
  0.972838 181.8956 
  0.9822328 179.1942 
  0.9902787 177.4156 
  0.9940221 177.4156 
  0.9763556 179.1942 
  0.9835778 180.9906 
  0.9875879 181.8956 
  0.9686033 181.8956 
  0.9677415 180.9906 
  0.9813912 180.0902 
  0.9903179 179.1942 
  0.9940314 179.1942 
  0.9838209 180.0902 
  0.9911286 180.9906 
  0.9897375 181.8956 
  0.9946998 181.8956 
  0.9968767 182.8051 
  0.9884809 182.8051 
  0.985845 182.8051 
  0.9905958 182.8051 
  0.9968804 182.8051 
  0.9972513 182.8051 
  0.9944873 182.8051 
  0.9842868 181.8956 
  0.9815918 181.8956 
  0.9762701 182.8051 
  0.9616799 183.7191 
  0.9569792 184.6377 
  0.9734377 186.4887 
  0.9799879 186.4887 
  0.9842246 186.4887 
  0.9534497 187.4211 
  0.9309454 186.4887 
  0.9161695 187.4211 
  0.975198 185.5609 
  0.9386315 183.7191 
  0.9003314 180.9906 
  0.9130332 177.4156 
  0.8610796 176.533 
  0.6925721 177.4156 
  0.7224571 179.1942 
  0.5895086 180.9906 
  0.3748367 183.7191 
  0.3966898 186.4887 
  0.6337342 188.3582 
  0.6571389 190.2465 
  0.8741446 188.3582 
  0.9701585 185.5609 
  0.9859341 184.6377 
  0.990249 183.7191 
  0.977255 182.8051 
  0.9408514 181.8956 
  0.9445107 178.3027 
  0.9628567 176.533 
  0.9443644 177.4156 
  0.7825109 178.3027 
  0.7810432 179.1942 
  0.4768502 180.0902 
  0.1640888 180.9906 
  0.1504423 181.8956 
  0.2015662 182.8051 
  -0.03924762 183.7191 
  0.3052399 184.6377 
  0.2737245 185.5609 
  0.04106475 186.4887 
  0.08512729 187.4211 
  0.1976272 188.3582 
  0.5259898 189.3 
  0.7356831 190.2465 
  0.8462407 190.2465 
  0.8130191 190.2465 
  0.7311368 190.2465 
  0.895208 187.4211 
  0.9570364 185.5609 
  0.9822173 183.7191 
  0.9960528 182.8051 
  0.9963452 182.8051 
  0.9959832 182.8051 
  0.9940039 183.7191 
  0.9934961 183.7191 
  0.9885918 184.6377 
  0.9776027 185.5609 
  0.9719715 186.4887 
  0.9820672 186.4887 
  0.9821345 186.4887 
  0.9753271 187.4211 
  0.979712 187.4211 
  0.9777241 187.4211 
  0.9786594 187.4211 
  0.9934977 187.4211 
  0.9930962 187.4211 
  0.9893185 187.4211 
  0.9844626 186.4887 
  0.9579445 185.5609 
  0.9455315 184.6377 
  0.9101713 186.4887 
  0.7569347 188.3582 
  0.8471761 189.3 
  0.916029 190.2465 
  0.9875579 190.2465 
  0.9928064 190.2465 
  0.9931948 190.2465 
  0.9899719 190.2465 
  0.9914935 190.2465 
  0.9956846 190.2465 
  0.9988925 190.2465 
  0.999396 190.2465 
  0.9973783 189.3 
  0.9932442 188.3582 
  0.9830251 186.4887 
  0.9269203 183.7191 
  0.8449867 181.8956 
  0.7060051 180.9906 
  0.4508195 180.9906 
  0.3197826 180.9906 
  0.6266214 180.9906 
  0.283356 181.8956 
  0.2847898 182.8051 
  0.2402705 184.6377 
  0.5615783 181.8956 
  0.6707498 174.7808 
  0.7936343 169.6279 
  0.9636757 166.2773 
  0.9343188 163.8079 
  0.954154 162.182 
  0.9677427 162.182 
  0.9672483 162.182 
  0.9857557 162.9929 
  0.9787964 163.8079 
  0.9700566 165.4501 
  0.9842337 166.2773 
  0.9913691 167.1087 
  0.9882696 167.1087 
  0.9795525 167.1087 
  0.9448313 167.9442 
  0.6476971 168.784 
  0.764558 170.476 
  0.9179182 173.046 
  0.9277585 172.185 
  0.9515444 171.3284 
  0.973464 170.476 
  0.9753298 169.6279 
  0.9707846 168.784 
  0.9760441 168.784 
  0.9242746 170.476 
  0.9256247 173.046 
  0.9403738 175.6547 
  0.9756313 178.3027 
  0.976337 180.0902 
  0.9719483 180.9906 
  0.9915395 182.8051 
  0.9977558 182.8051 
  0.9852078 181.8956 
  0.9681469 181.8956 
  0.9536104 180.9906 
  0.9239641 180.9906 
  0.836771 181.8956 
  0.6446444 181.8956 
  0.4285439 182.8051 
  0.9283242 183.7191 
  0.8548927 184.6377 
  0.7461619 185.5609 
  0.4941249 186.4887 
  0.5107014 187.4211 
  0.472918 188.3582 
  0.1767322 190.2465 
  0.7481149 192.1537 
  0.8902043 192.1537 
  0.9426367 191.1978 
  0.9835212 190.2465 
  0.994194 189.3 
  0.9990048 188.3582 
  0.9956744 187.4211 
  0.9914639 186.4887 
  0.9757203 184.6377 
  0.8747576 182.8051 
  0.4532135 180.0902 
  -0.1521374 177.4156 
  -0.07615513 174.7808 
  -0.3373527 172.185 
  -0.295375 169.6279 
  0.2430318 167.1087 
  0.6859341 165.4501 
  0.8353972 166.2773 
  0.8850467 167.9442 
  0.9616026 171.3284 
  0.9557556 172.185 
  0.9612938 172.185 
  0.9803612 171.3284 
  0.9861749 171.3284 
  0.9837602 171.3284 
  0.984554 172.185 
  0.9920844 173.046 
  0.9923772 173.9112 
  0.9605845 173.9112 
  0.8787228 174.7808 
  0.617183 175.6547 
  0.006511001 177.4156 
  -0.07475118 179.1942 
  0.0457546 180.9906 
  0.01087314 182.8051 
  0.08951553 184.6377 
  0.06913856 186.4887 
  0.4899326 188.3582 
  0.7758246 186.4887 
  0.8588576 183.7191 
  0.9797174 180.0902 
  0.9942195 178.3027 
  0.9885824 178.3027 
  0.9843983 179.1942 
  0.9658592 179.1942 
  0.9123698 178.3027 
  0.9231676 177.4156 
  0.9431121 176.533 
  0.8487142 175.6547 
  0.6104681 175.6547 
  0.7247598 175.6547 
  0.8981022 173.046 
  0.9470836 170.476 
  0.9653829 168.784 
  0.9809729 167.1087 
  0.9867581 166.2773 
  0.9763952 167.1087 
  0.9467998 167.1087 
  0.92325 167.9442 
  0.9403465 167.9442 
  0.9729301 167.9442 
  0.9676118 167.1087 
  0.9713652 165.4501 
  0.992353 164.6269 
  0.9953418 163.8079 
  0.9810403 163.8079 
  0.9765107 162.182 
  0.963697 161.3751 
  0.9687178 159.7734 
  0.9550491 158.9785 
  0.9767088 156.6175 
  0.9662564 155.063 
  0.9748749 152.7601 
  0.9778599 152.0001 
  0.9693871 152.0001 
  0.9418341 152.0001 
  0.9329836 150.4914 
  0.9452305 148.9977 
  0.9424252 148.9977 
  0.9602356 147.5188 
  0.936595 146.0546 
  0.9526999 143.8855 
  0.9774718 142.4574 
  0.9850444 141.7487 
  0.9762366 141.7487 
  0.8019809 140.3417 
  0.2908575 138.9488 
  0.2600836 128.2915 
  0.4458839 125.7574 
  0.5019087 123.8897 
  0.3184003 122.6601 
  0.4368777 122.0498 
  0.4349873 119.639 
  0.1340698 116.6924 
  -0.150106 112.6886 
  0.4629871 108.8223 
  0.6826923 105.614 
  0.7586775 102.5003 
  0.5963256 99.97575 
  0.3193145 98.491 
  -0.2515998 98.00098 
  -0.3935401 98.00098 
  -0.6083322 98.00098 
  -0.005420655 98.00098 
  0.1656047 98.00098 
  -0.04244706 98.00098 
  -0.2633668 98.00098 
  -0.09543189 98.00098 
  -0.02592448 98.00098 
  0.02789623 98.00098 
  0.07240766 98.00098 
  0.0734959 98.00098 
  0.002318094 98.00098 
  0.05291835 98.00098 
  0.2065775 98.00098 
  0.01630474 98.00098 
  0.1297187 98.00098 
  0.2051964 98.00098 
  0.2476066 98.00098 
  0.1062573 98.00098 
  0.05636788 98.00098 
  -0.1729092 98.00098 
  -0.2366215 98.00098 
  -0.2402475 98.00098 
  0.02848197 98.00098 
  0.09091263 98.00098 
  0.1663186 98.00098 
  0.1125247 98.00098 
  0.103845 98.00098 
  0.02757869 98.00098 
  -0.03960725 98.00098 
  -0.1477235 98.00098 
  -0.2354765 98.00098 
  -0.02794853 98.00098 
  -0.01537791 98.00098 
  -0.1587767 98.00098 
  -0.1804732 98.00098 
  -0.04505063 98.00098 
  0.0597767 98.00098 
  -0.1119575 98.00098 
  -0.2348343 98.00098 
  -0.2421626 98.00098 
  0.1149777 98.00098 
  0.1662529 98.00098 
  0.1160856 98.00098 
  0.05716025 98.00098 
  0.2325738 98.00098 
  0.2513123 98.00098 
  0.2014996 98.00098 
  0.09000846 98.00098 
  0.1286942 98.00098 
  0.1103596 98.00098 ]
