 [
  0.02160845 240.5036 
  -0.08826438 240.5036 
  -0.03336283 240.5036 
  -0.06796563 240.5036 
  -0.09139927 240.5036 
  -0.1517729 240.5036 
  -0.2724531 240.5036 
  -0.3064214 240.5036 
  -0.09068314 240.5036 
  -0.05185641 240.5036 
  -0.1509829 240.5036 
  -0.1097273 240.5036 
  -0.02181064 240.5036 
  -0.09600221 240.5036 
  -0.004094197 240.5036 
  0.04874642 240.5036 
  0.1202433 240.5036 
  0.09100197 240.5036 
  -0.04632744 240.5036 
  0.1187563 240.5036 
  0.2258106 240.5036 
  -0.03783485 240.5036 
  0.217227 240.5036 
  0.2128257 240.5036 
  0.4181469 229.9466 
  0.6335167 224.2832 
  0.9352097 222.057 
  0.9062558 223.1673 
  0.6316376 225.4046 
  0.2899827 227.6642 
  0.2922775 229.9466 
  -0.09566254 232.2518 
  0.05477795 234.5801 
  -0.03148423 236.9318 
  -0.0897539 239.307 
  -0.03400527 241.7061 
  -0.02962209 242.9146 
  0.05229253 244.1292 
  0.1249529 244.1292 
  0.2237449 244.1292 
  0.4264733 244.1292 
  0.7862555 250.2938 
  0.924076 249.0485 
  0.9570987 246.5766 
  0.9797716 244.1292 
  0.9924427 242.9146 
  0.9934657 241.7061 
  0.9942787 241.7061 
  0.9854715 242.9146 
  0.9741614 245.3498 
  0.9512947 247.8095 
  0.9294378 252.8029 
  0.9539031 257.8971 
  0.974365 263.0938 
  0.9774986 267.06 
  0.9717953 269.7372 
  0.9530805 273.8036 
  0.9622337 279.3209 
  0.9693526 283.5317 
  0.9293473 284.9493 
  0.6575027 282.1211 
  0.9140185 280.7175 
  0.3674856 279.3209 
  -0.130184 277.9312 
  -0.1464428 276.5485 
  -0.1421545 275.1726 
  -0.1242871 273.8036 
  0.00936457 272.4414 
  0.03802129 271.0859 
  -0.08813419 269.7372 
  -0.2629004 268.3953 
  0.2541338 265.7313 
  0.2443447 264.4093 
  0.4968848 263.0938 
  0.1054797 261.7849 
  0.08917574 260.4825 
  -0.03837066 257.8971 
  -0.1373989 255.3373 
  -0.1479148 254.067 
  -0.1575941 251.5452 
  0.1525436 249.0485 
  0.5380918 246.5766 
  0.7018747 241.7061 
  0.985539 239.307 
  0.9957127 240.5036 
  0.9941204 241.7061 
  0.9916094 242.9146 
  0.9853576 245.3498 
  0.9880449 247.8095 
  0.995531 249.0485 
  0.9930506 249.0485 
  0.9854254 247.8095 
  0.9930902 245.3498 
  0.9956846 245.3498 
  0.9940163 245.3498 
  0.9880419 245.3498 
  0.9599267 246.5766 
  0.9329426 249.0485 
  0.7586212 249.0485 
  0.8875594 249.0485 
  0.7673315 250.2938 
  0.2003801 251.5452 
  0.02997112 252.8029 
  0.04450321 254.067 
  0.1077574 255.3373 
  0.3205607 256.614 
  0.2404365 257.8971 
  0.2411862 259.1866 
  0.04500413 260.4825 
  0.05585551 261.7849 
  -0.1147166 263.0938 
  -0.227086 264.4093 
  -0.2862045 265.7313 
  -0.06422743 267.06 
  -0.4685566 268.3953 
  0.3507478 271.0859 
  0.8076622 272.4414 
  0.7503171 263.0938 
  0.8709825 257.8971 
  0.9660419 251.5452 
  0.9778544 251.5452 
  0.9726782 249.0485 
  0.9611794 246.5766 
  0.9624912 244.1292 
  0.9740766 244.1292 
  0.9810063 244.1292 
  0.973251 241.7061 
  0.9835479 239.307 
  0.9902857 238.1164 
  0.9906142 236.9318 
  0.9935066 236.9318 
  0.9924336 235.753 
  0.9860655 234.5801 
  0.9888605 232.2518 
  0.9775967 231.0963 
  0.9944268 231.0963 
  0.9903419 228.8026 
  0.9698278 224.2832 
  0.9685589 220.9523 
  0.995893 218.7592 
  0.9981351 216.5879 
  0.9867393 214.4382 
  0.9744615 212.3098 
  0.974022 210.2025 
  0.9746557 209.1568 
  0.9660192 207.0808 
  0.988892 206.0505 
  0.9915255 205.0254 
  0.9889027 204.0054 
  0.9845634 202.9904 
  0.9852531 202.9904 
  0.9760522 204.0054 
  0.9389532 202.9904 
  0.8756106 200.9756 
  0.5401298 196.0257 
  0.4350888 191.1978 
  0.204638 186.4887 
  0.7669943 180.0902 
  0.2625074 173.046 
  0.3905251 168.784 
  0.5703775 167.9442 
  0.6436834 169.6279 
  0.4193309 171.3284 
  0.2505675 175.6547 
  0.200765 185.5609 
  0.5283505 197.9909 
  0.9638676 205.0254 
  0.9911745 207.0808 
  0.9979465 208.1162 
  0.9897219 208.1162 
  0.9388889 209.1568 
  0.8275899 211.2535 
  0.6694725 215.5104 
  0.6166019 220.9523 
  0.7036821 226.5316 
  0.6633557 233.4131 
  0.1845678 239.307 
  0.7673895 245.3498 
  0.6581077 234.5801 
  0.8243819 232.2518 
  0.9456832 231.0963 
  0.9644759 233.4131 
  0.9570915 233.4131 
  0.9498439 234.5801 
  0.9373636 234.5801 
  0.9486277 236.9318 
  0.9627369 240.5036 
  0.9863692 244.1292 
  0.9743443 244.1292 
  0.9442588 242.9146 
  0.9013286 239.307 
  0.44223 239.307 
  0.1264614 239.307 
  -0.02589475 239.307 
  -0.07176846 239.307 
  0.03946182 239.307 
  0.1779311 239.307 
  0.07137267 239.307 
  0.09423496 239.307 
  0.0796629 239.307 
  0.05107014 240.5036 
  -0.138476 240.5036 
  -0.05030449 240.5036 
  0.0270233 241.7061 
  0.08061759 242.9146 
  0.05768101 244.1292 
  0.1170745 245.3498 
  0.4448437 246.5766 
  0.4305135 247.8095 
  0.6436968 240.5036 
  0.8188599 236.9318 
  0.9535248 234.5801 
  0.9699275 234.5801 
  0.9906024 234.5801 
  0.9950532 235.753 
  0.9887568 235.753 
  0.9506007 235.753 
  0.9013456 233.4131 
  0.6274696 231.0963 
  0.633855 229.9466 
  0.2443779 229.9466 
  0.1631062 229.9466 
  0.667549 229.9466 
  0.8109108 227.6642 
  0.9315506 224.2832 
  0.9917914 220.9523 
  0.993332 218.7592 
  0.9940561 216.5879 
  0.9961718 214.4382 
  0.9957728 213.3714 
  0.9955411 212.3098 
  0.9449055 211.2535 
  0.9284244 210.2025 
  0.9535336 208.1162 
  0.9760743 207.0808 
  0.9850762 206.0505 
  0.9873155 206.0505 
  0.9912758 207.0808 
  0.9956081 207.0808 
  0.9894459 207.0808 
  0.9863653 207.0808 
  0.9941699 207.0808 
  0.995523 206.0505 
  0.9674465 205.0254 
  0.7859614 206.0505 
  0.5439022 207.0808 
  0.2195221 209.1568 
  0.1281272 209.1568 
  0.08092909 209.1568 
  0.1683253 210.2025 
  0.207156 211.2535 
  0.2439718 211.2535 
  0.2045229 213.3714 
  0.530043 215.5104 
  0.9312105 216.5879 
  0.9814658 216.5879 
  0.9543985 216.5879 
  0.88952 217.6709 
  0.3916317 218.7592 
  0.2302728 219.853 
  0.2025216 220.9523 
  0.04533649 223.1673 
  -0.07250591 224.2832 
  -0.168732 225.4046 
  0.295854 227.6642 
  0.7142344 229.9466 
  0.6673589 224.2832 
  0.8352075 218.7592 
  0.9831582 213.3714 
  0.9768743 211.2535 
  0.9770312 210.2025 
  0.978048 209.1568 
  0.978392 207.0808 
  0.9470754 205.0254 
  0.9089276 199.9758 
  0.8475499 192.1537 
  0.8508975 183.7191 
  0.7699916 175.6547 
  0.3039964 167.9442 
  -0.2015823 159.7734 
  -0.5555713 152.0001 
  0.2147173 144.605 
  -0.04258158 138.2575 
  0.2337045 129.5776 
  -0.01178689 122.6601 
  0.2382248 116.1118 
  0.6782383 109.9132 
  0.8708272 109.3664 
  0.9201851 108.8223 
  0.9380175 108.8223 
  0.9697582 108.8223 
  0.9660364 108.8223 
  0.9353737 109.9132 
  0.9084687 111.0151 
  0.917348 112.6886 
  0.9258139 114.3874 
  0.9350328 116.6924 
  0.9609054 118.4515 
  0.9839523 119.0438 
  0.9914178 119.0438 
  0.9119032 119.0438 
  0.6715032 119.0438 
  0.427206 120.8384 
  0.1014065 126.3862 
  -0.02233505 131.531 
  -0.413633 136.8852 
  -0.2946125 143.1697 
  -0.1145623 149.7427 
  -0.6631461 156.6175 
  -0.553533 162.9929 
  -0.2997023 169.6279 
  0.1633237 176.533 
  0.3706443 183.7191 
  0.1284246 191.1978 
  0.05594042 198.9809 
  0.09918676 207.0808 
  -0.05054127 216.5879 
  0.1746357 226.5316 
  0.810211 235.753 
  0.6141332 229.9466 
  0.729646 220.9523 
  0.8723065 219.853 
  0.9396735 219.853 
  0.9745935 219.853 
  0.9864607 219.853 
  0.9854891 219.853 
  0.9843591 220.9523 
  0.992682 220.9523 
  0.9886652 220.9523 
  0.9875533 220.9523 
  0.9841135 220.9523 
  0.9772332 220.9523 
  0.9599739 219.853 
  0.8844218 216.5879 
  0.6251032 217.6709 
  0.1647092 222.057 
  0.142627 223.1673 
  0.03307011 224.2832 
  0.0717757 225.4046 
  0.5183367 226.5316 
  0.1859102 227.6642 
  -0.01822505 228.8026 
  -0.02712475 229.9466 
  -0.05325906 231.0963 
  -0.1016489 231.0963 
  -0.2408289 231.0963 
  -0.222193 229.9466 
  -0.1828205 229.9466 
  -0.06667492 229.9466 
  -0.07796 229.9466 
  -0.1864057 229.9466 
  0.08416344 229.9466 
  0.01869402 229.9466 
  -0.1284898 229.9466 
  -0.004294885 229.9466 
  0.07137788 229.9466 
  0.1165098 229.9466 
  0.08147623 229.9466 
  0.2412276 229.9466 
  0.6331478 228.8026 
  0.6814709 223.1673 
  0.8438177 219.853 
  0.9470648 217.6709 
  0.9796182 215.5104 
  0.9778677 213.3714 
  0.9846844 212.3098 
  0.9808157 211.2535 
  0.9722351 210.2025 
  0.9208807 208.1162 
  0.8997508 205.0254 
  0.9230772 202.9904 
  0.9939891 201.9805 
  0.9478295 200.9756 
  0.9313865 197.9909 
  0.9171088 196.0257 
  0.9671435 195.0505 
  0.9857725 195.0505 
  0.9843431 195.0505 
  0.9722287 195.0505 
  0.9681023 194.0801 
  0.9036112 193.1145 
  0.6161534 191.1978 
  0.2219286 188.3582 
  0.09826618 184.6377 
  0.257349 182.8051 
  0.3713102 182.8051 
  0.6343315 182.8051 
  0.7477611 182.8051 
  0.2287689 182.8051 
  0.1592719 182.8051 
  0.05410827 182.8051 
  0.3813421 182.8051 
  0.3617969 182.8051 
  0.3353391 182.8051 
  0.3333979 182.8051 
  0.4281517 182.8051 
  0.3159122 182.8051 ]
