 [
  0.02798825 157.4006 
  0.09487623 157.4006 
  0.01148783 157.4006 
  -0.02007457 157.4006 
  0.2757347 157.4006 
  0.3965069 157.4006 
  0.1653266 157.4006 
  -0.3262008 157.4006 
  -0.5688889 157.4006 
  -0.1215468 157.4006 
  0.4418504 157.4006 
  0.6776372 158.1876 
  0.8024916 158.9785 
  0.8990857 158.9785 
  0.9123337 161.3751 
  0.7152183 168.784 
  0.6696633 178.3027 
  0.9398596 182.8051 
  0.9318616 181.8956 
  0.9361954 181.8956 
  0.9610547 183.7191 
  0.9783984 185.5609 
  0.9936742 187.4211 
  0.9908993 188.3582 
  0.9890658 190.2465 
  0.9110865 191.1978 
  0.8067673 192.1537 
  -0.3534791 202.9904 
  -0.3497574 214.4382 
  0.8375228 226.5316 
  0.8544107 220.9523 
  0.9317961 218.7592 
  0.9269609 215.5104 
  0.9263504 213.3714 
  0.9741439 210.2025 
  0.9717196 208.1162 
  0.9675262 206.0505 
  0.9739736 202.9904 
  0.9769045 200.9756 
  0.9664486 198.9809 
  0.9325156 197.0059 
  0.8701286 196.0257 
  0.989752 198.9809 
  0.9992175 198.9809 
  0.997503 198.9809 
  0.892731 199.9758 
  0.9150931 197.9909 
  0.9730065 197.9909 
  0.9935392 198.9809 
  0.996797 198.9809 
  0.9971973 198.9809 
  0.9965813 198.9809 
  0.9956145 198.9809 
  0.99443 199.9758 
  0.9912677 199.9758 
  0.9898475 200.9756 
  0.9910787 201.9805 
  0.9925851 202.9904 
  0.9903893 202.9904 
  0.9855954 201.9805 
  0.936044 200.9756 
  0.874051 197.9909 
  0.7984601 189.3 
  0.9189383 180.0902 
  0.892783 173.9112 
  0.9162269 171.3284 
  0.9212844 168.784 
  0.8297914 164.6269 
  0.7641616 159.7734 
  0.8253788 152.0001 
  0.9081473 146.7849 
  0.9084585 145.328 
  0.7620466 150.4914 
  0.8370541 155.8383 
  0.8726935 158.9785 
  0.7379922 157.4006 
  0.1440135 150.4914 
  0.1003229 143.8855 
  0.2175822 137.5696 
  0.03065583 131.531 
  0.1484142 125.7574 
  0.1583035 120.2372 
  0.2562063 114.9594 
  0.0007072128 109.9132 
  -0.1051814 105.0885 
  0.01396708 100.4756 
  -0.2803618 96.06523 
  0.1936776 91.39146 
  0.1616517 87.3798 
  0.07991134 83.54424 
  -0.07592942 79.87703 
  0.07953396 75.2366 
  0.5075428 71.93407 
  0.7202283 71.93407 
  0.5046822 64.78096 
  0.706351 64.78096 
  0.5536473 64.45866 
  0.3522313 60.11135 
  0.330939 55.77833 
  0.2413103 53.59657 
  0.5596378 52.80059 
  0.8715358 52.80059 
  0.6804841 52.80059 
  0.005997339 53.86455 
  0.03734739 55.77833 
  0.274496 57.7601 
  0.3306084 58.33915 
  0.4553545 61.01753 
  0.8151582 61.01753 
  0.5040318 61.01753 
  0.3847765 59.21862 
  0.6133003 58.63084 
  0.3392086 58.63084 
  -0.02616008 59.21862 
  0.03256639 59.81229 
  0.39625 60.11135 
  0.6621188 60.11135 
  0.712425 60.11135 
  0.644311 60.11135 
  0.5770212 60.11135 
  0.5362052 60.11135 
  0.1819683 60.11135 
  -0.2025124 60.11135 
  -0.2317728 60.11135 
  -0.1075666 60.11135 
  -0.1049449 60.11135 
  -0.06720529 60.11135 
  -0.1450264 60.11135 
  -0.2405631 60.11135 
  -0.04475363 60.11135 ]
