 [
  -0.1317404 92.7692 
  -0.2214234 92.7692 
  -0.006737282 92.7692 
  -0.08715304 92.7692 
  -0.0244853 92.7692 
  -0.06329037 92.7692 
  -0.02332358 92.7692 
  -0.03249977 92.7692 
  -0.001725841 92.7692 
  0.04965226 92.7692 
  0.05185545 92.7692 
  -0.1031069 92.7692 
  0.2589423 92.7692 
  0.6995741 90.93677 
  0.6271608 90.03418 
  0.684475 102.5003 
  0.8370152 102.5003 
  0.8730364 102.5003 
  0.6936253 102.5003 
  0.3191169 99.97575 
  0.1057721 105.614 
  0.1482429 108.2809 
  0.2665109 109.9132 
  0.5385587 111.0151 
  0.07517705 111.5702 
  0.2399097 112.128 
  0.2573494 112.6886 
  -0.01062223 113.2521 
  0.06137265 113.8184 
  0.08339483 114.3874 
  -0.03104205 114.9594 
  -0.1529911 114.9594 
  -0.1251009 115.5342 
  -0.3084769 116.1118 
  0.5579626 116.6924 
  0.741282 115.5342 
  0.9067392 113.2521 
  0.9649339 110.4628 
  0.9286007 107.7421 
  0.8523993 105.0885 
  0.8037663 101.4829 
  0.7076538 98.98344 
  0.2919565 99.47836 
  -0.3025511 100.978 
  -0.08376972 103.0128 
  0.01594805 105.0885 
  0.02018085 107.2061 
  -0.0265272 109.3664 
  0.1263925 111.5702 
  0.07088795 113.8184 
  -0.08462956 116.1118 
  -0.0647976 118.4515 
  -0.1662617 120.8384 
  -0.04206277 123.2734 
  0.6861771 125.7574 
  0.8474634 126.3862 
  0.7370969 130.8766 
  0.786826 131.531 
  0.8887028 132.1886 
  0.9330699 132.1886 
  0.9559973 131.531 
  0.9074363 129.5776 
  0.7934963 129.5776 
  0.6061331 128.9329 
  0.467158 131.531 
  -0.04230794 137.5696 
  0.1361595 140.3417 
  0.1207753 142.4574 
  0.03230272 145.328 
  0.05911159 148.2564 
  0.1964839 151.2439 
  0.09700482 155.063 
  -0.007368226 158.9785 
  0.7908239 162.9929 
  0.4017598 146.0546 
  0.1930739 136.2042 
  0.4175678 127.6532 
  0.861675 123.8897 
  0.8371305 120.2372 
  0.8882914 117.2759 
  0.8468665 115.5342 
  0.7881567 113.8184 
  0.7185192 112.6886 
  0.6090329 111.5702 
  0.5716338 112.128 
  0.4213773 113.2521 
  0.8036789 114.3874 
  0.9116048 115.5342 
  0.9638269 115.5342 
  0.9438947 114.9594 
  0.9204721 113.8184 
  0.9457028 112.128 
  0.961041 111.0151 
  0.9455651 109.3664 
  0.8866044 107.7421 
  0.8297328 105.0885 
  0.8735344 104.0455 
  0.9684762 104.0455 
  0.9485448 103.0128 
  0.9214603 101.9903 
  0.9226965 100.978 
  0.5140051 99.47836 
  0.2756745 95.5873 
  0.5644675 94.1677 
  0.500545 92.7692 
  0.1683929 93.6992 
  0.1915075 96.54556 
  0.09605389 98.98344 
  0.09558792 101.4829 
  0.116383 104.5657 
  0.3939011 107.7421 
  0.7501918 111.5702 
  0.8044937 110.4628 
  0.8601316 109.3664 
  0.4459683 108.8223 
  0.251222 101.9903 
  0.6212892 95.5873 
  0.8916302 93.6992 
  0.8430781 92.7692 
  0.8509669 91.39146 
  0.86755 90.48434 
  0.8025155 89.14054 
  0.8275458 88.25578 
  0.1662488 82.71502 
  0.2117056 76.3708 
  0.6863431 68.43433 
  0.707283 68.09386 
  0.6947734 68.43433 
  0.7081042 67.75508 
  0.618252 67.75508 
  0.3867918 77.5221 
  0.7727909 87.3798 
  0.2139205 93.23304 
  0.3272539 95.5873 
  0.2647442 98.98344 
  0.3576021 100.4756 
  0.4781335 103.0128 
  0.5959064 105.0885 
  0.7889409 107.2061 
  0.8378851 108.8223 
  0.9039885 110.4628 
  0.9835525 111.5702 
  0.9831927 111.5702 
  0.9463163 111.5702 
  0.8663515 111.5702 
  0.8344936 112.6886 
  0.6717547 112.6886 
  0.6725208 106.142 
  -0.2197074 105.0885 
  -0.1445891 105.0885 
  0.1848261 105.0885 
  0.1396402 105.0885 
  -0.06562253 105.0885 
  -0.4584892 105.0885 
  -0.4171776 105.0885 
  -0.42794 105.0885 
  -0.3690416 105.614 
  0.5034361 106.142 
  0.8197301 107.2061 
  0.8778662 108.8223 
  0.9415011 109.3664 
  0.9786893 109.9132 
  0.9881332 109.9132 
  0.9852061 109.9132 
  0.9933033 109.3664 
  0.9963557 108.8223 
  0.9928415 108.8223 
  0.8989246 108.2809 
  0.7671723 107.2061 
  0.4522315 106.142 
  0.8651943 107.2061 
  0.9252337 107.2061 
  0.9716342 107.2061 
  0.9958882 106.6728 
  0.9970651 106.142 
  0.9980323 106.142 
  0.9945202 106.142 
  0.9847838 106.142 
  0.9680161 106.142 
  0.9508497 106.6728 
  0.9044104 106.6728 
  0.8639031 106.142 
  0.8963336 106.142 
  0.9385947 106.6728 
  0.9223716 106.142 
  0.9054496 105.614 
  0.943009 105.0885 
  0.9365177 104.0455 
  0.9302798 103.0128 
  0.9173209 101.9903 
  0.9414928 100.978 
  0.9218574 99.47836 
  0.9251045 98.00098 
  0.873476 96.54556 
  0.7375085 94.63854 
  0.5692503 91.84841 
  0.4796152 88.25578 
  0.3702767 85.2277 
  0.539536 81.89403 
  0.7191154 80.6778 
  0.676183 79.08421 
  0.6612139 76.75266 
  0.7875537 74.48985 
  0.7481855 73.38358 
  0.769006 72.6552 
  0.5145813 70.51319 
  0.4732783 68.43433 
  0.6870196 67.08258 
  0.2726037 66.08632 
  0.5362979 63.50137 
  0.3194588 63.81888 
  0.4293482 64.78096 
  0.3401911 64.45866 
  0.3024645 64.45866 
  0.1696987 64.13797 
  0.1288329 64.13797 
  0.2474566 64.13797 
  0.2358562 64.13797 
  -0.07555912 64.13797 
  -0.2395755 64.13797 
  -0.1233277 64.13797 
  0.03117709 64.13797 
  -0.01520306 64.13797 
  -0.05686751 64.13797 
  -0.01384738 64.13797 
  0.3436503 64.13797 
  0.1864058 64.13797 
  0.06148543 64.13797 
  -0.1204924 64.13797 
  -0.2767623 64.13797 
  -0.2499708 64.13797 
  -0.08535855 64.13797 
  0.03696289 64.13797 
  0.003969605 64.13797 
  -0.02746351 64.13797 
  0.01529022 64.13797 
  0.1081866 64.13797 
  0.00808247 64.13797 
  -0.07659402 64.13797 
  -0.0215092 64.13797 
  -0.1675691 64.13797 
  -0.1737815 64.13797 
  0.03867772 64.13797 
  -0.1746656 64.13797 
  -0.1811772 64.13797 
  -0.04624828 64.13797 
  0.08140449 64.13797 
  0.006083634 64.13797 
  -0.09985431 64.13797 
  -0.274475 64.13797 
  -0.2740263 64.13797 
  -0.1931932 64.13797 
  -0.1927481 64.13797 
  -0.2345296 64.13797 
  -0.05303231 64.13797 ]
