 [
  0.03085736 146.7849 
  0.1541469 146.7849 
  0.1644234 146.7849 
  0.1131135 146.7849 
  -0.006876089 146.7849 
  -0.04664268 146.7849 
  -0.1500703 146.7849 
  -0.1023301 146.7849 
  -0.07255891 146.7849 
  0.0573727 146.7849 
  0.09766676 146.7849 
  -0.06375029 146.7849 
  -0.1214842 146.7849 
  -0.02067596 146.7849 
  0.06255496 146.7849 
  0.003351679 146.7849 
  0.0005946816 146.7849 
  -0.05918846 146.7849 
  0.0880852 146.7849 
  0.08065458 146.7849 
  0.2356315 146.7849 
  0.1272267 146.7849 
  0.06809563 146.7849 
  0.02416678 146.7849 
  -0.04240082 146.7849 
  0.05014106 146.7849 
  0.2068136 146.7849 
  0.1124654 146.7849 
  0.01453937 146.7849 
  -0.03500822 146.7849 
  -0.03868473 146.7849 
  -0.00215261 146.7849 
  0.2161382 146.7849 
  0.1687628 146.7849 
  0.1789246 146.7849 
  0.08580838 146.7849 
  0.1122939 146.7849 
  0.03924581 146.7849 
  -0.02202881 146.7849 
  -0.1647654 146.7849 
  -0.06156747 146.7849 
  0.2455281 146.7849 
  -0.1930282 146.7849 
  0.5824572 146.7849 
  -0.001005011 146.7849 
  0.248314 146.7849 
  0.1419317 146.7849 
  0.1381108 146.7849 
  0.1367693 146.7849 
  0.1349733 146.0546 
  0.8182663 152.0001 
  0.9212116 152.0001 
  0.8814998 149.7427 
  0.8666667 146.7849 
  0.877573 141.7487 
  0.4082784 141.0434 
  0.3725227 145.328 
  -0.08685037 149.7427 
  0.02159643 154.2915 
  0.1356016 158.9785 
  0.1399236 163.8079 
  0.09739497 168.784 
  0.08212936 173.9112 
  -0.006357642 179.1942 
  0.4680841 184.6377 
  0.5503197 190.2465 
  0.8339028 187.4211 
  0.9751782 187.4211 
  0.9519988 187.4211 
  0.8526478 190.2465 
  0.8383417 198.9809 
  0.9730164 206.0505 
  0.9897114 209.1568 
  0.9952784 210.2025 
  0.9374645 209.1568 
  0.8674483 207.0808 
  0.4767739 210.2025 
  -0.03972249 208.1162 
  -0.09097648 206.0505 
  -0.03030356 204.0054 
  -0.2346292 201.9805 
  0.2148352 199.9758 
  0.7059478 197.9909 
  0.4071866 196.0257 
  -0.3233185 194.0801 
  -0.2199053 192.1537 
  -0.2556854 189.3 
  0.03259463 186.4887 
  0.7401285 183.7191 
  0.7337695 169.6279 
  0.7500275 163.8079 
  0.7953496 156.6175 
  0.8284758 151.2439 
  0.6934671 144.605 
  0.8912674 139.6435 
  0.9837859 137.5696 
  0.9926111 136.2042 
  0.9918256 134.8523 
  0.9516539 134.1814 
  0.8302082 132.8496 
  0.6778233 130.2255 
  0.9629308 127.6532 
  0.9718549 126.3862 
  0.9841104 124.5092 
  0.9954135 123.2734 
  0.9862901 122.6601 
  0.7824692 122.6601 
  0.7792536 122.0498 
  0.8999212 122.0498 
  0.9645853 122.6601 
  0.9574512 123.8897 
  0.8917655 127.0181 
  0.8872116 129.5776 
  0.7772388 132.8496 
  0.6147012 138.2575 
  0.802195 143.8855 
  0.8920071 146.7849 
  0.8404022 148.9977 
  0.2722005 149.7427 
  0.3287768 149.7427 
  0.1577473 149.7427 
  -0.01743889 149.7427 
  -0.116198 149.7427 
  -0.004378278 149.7427 
  -0.05514637 149.7427 
  -0.02770403 149.7427 
  0.1917668 149.7427 
  0.1340988 149.7427 
  0.1176995 148.9977 
  0.3050914 141.7487 
  0.6755805 135.5266 
  0.837999 133.5138 
  0.8640577 131.531 
  0.9352294 128.9329 
  0.8109655 127.0181 
  0.7096548 125.7574 
  0.3695359 127.0181 
  0.6474983 129.5776 
  0.5550706 132.8496 
  0.7142308 136.8852 
  0.9085653 140.3417 
  0.9574018 143.1697 
  0.9571937 145.328 
  0.9772963 146.7849 
  0.9844356 147.5188 
  0.9651682 148.9977 
  0.907557 152.7601 
  0.9179177 155.8383 
  0.8000795 156.6175 
  0.2923413 155.8383 
  0.2096672 155.063 
  0.06013763 154.2915 
  0.151978 153.5239 
  0.04806253 152.7601 
  0.04602879 152.0001 
  0.04553372 151.2439 
  -0.169468 150.4914 
  0.0522761 149.7427 
  0.1021006 148.9977 
  0.02028705 148.2564 
  0.6547359 147.5188 
  0.7827083 150.4914 
  0.8575611 148.9977 
  0.9126632 145.328 
  0.9593993 142.4574 
  0.9774639 140.3417 
  0.9913611 139.6435 
  0.9958208 139.6435 
  0.9895127 138.9488 
  0.8653556 138.9488 
  0.7311782 138.2575 
  0.0499635 142.4574 
  0.8348165 146.7849 
  0.9442297 148.2564 
  0.9612929 148.9977 
  0.9715157 147.5188 
  0.9736667 146.7849 
  0.9852973 144.605 
  0.9186715 144.605 
  0.7579014 145.328 
  0.1250952 143.8855 
  0.4916813 143.1697 
  -0.2041685 142.4574 
  -0.269167 141.7487 
  -0.4842856 141.0434 
  0.4088107 140.3417 
  0.7583395 139.6435 
  0.2896369 138.9488 
  0.7374907 138.2575 
  0.7690704 136.8852 
  0.8089265 134.8523 
  0.8307576 132.1886 
  0.5400515 130.8766 
  0.09966728 132.1886 
  0.03378244 134.1814 
  -0.1112464 136.2042 
  -0.1854516 138.9488 
  0.08767904 141.7487 
  0.0624378 143.8855 
  -0.06718176 146.0546 
  -0.04582424 148.2564 
  0.05700818 150.4914 
  0.1807997 152.0001 
  -0.03269194 152.7601 
  0.6572387 152.7601 
  0.6714947 157.4006 
  0.9000684 157.4006 
  0.9588746 158.1876 
  0.960076 158.9785 
  0.9468421 162.182 
  0.9373845 163.8079 
  0.9808512 166.2773 
  0.9875675 167.1087 
  0.9749812 166.2773 
  0.9315991 162.9929 
  0.9295642 158.9785 
  0.8802009 155.8383 
  0.7536786 148.9977 
  0.5571028 143.1697 
  0.4861223 134.8523 
  0.6424343 128.2915 
  0.2338362 123.2734 
  0.422039 116.1118 
  0.1633794 119.639 
  0.3509264 123.8897 
  0.2229201 122.6601 
  0.05138259 119.639 
  -0.005682484 117.2759 
  0.03656461 114.9594 
  0.3207954 112.6886 
  -0.1135912 110.4628 
  -0.06633324 108.2809 
  0.08747125 106.142 
  0.412791 104.0455 
  0.314262 101.9903 
  0.3687553 100.4756 
  0.4015231 99.47836 
  0.2737716 98.98344 
  0.2389341 98.98344 
  0.175192 98.98344 
  0.03083091 98.00098 
  0.103756 97.51342 
  0.1349892 97.02828 
  0.1645348 96.54556 
  0.01930656 96.06523 
  0.02729023 95.5873 
  0.003573965 95.5873 
  0.01093596 95.5873 
  -0.07059795 95.5873 
  0.0629172 95.5873 
  0.1004702 95.5873 
  -0.02009435 95.5873 
  -0.0918825 95.5873 
  0.1082909 95.5873 
  0.1478969 95.5873 
  0.1725315 95.5873 
  0.1874429 95.5873 
  -0.1143661 95.5873 
  -0.09366353 95.5873 
  0.02565701 95.5873 
  0.2098671 95.5873 ]
