 [
  0.1541293 120.8384 
  0.09225169 120.8384 
  0.1804457 120.8384 
  0.1766594 120.8384 
  0.1147394 120.8384 
  0.06072521 120.8384 
  -0.09578675 120.8384 
  -0.1973155 120.8384 
  -0.08366792 120.8384 
  -0.277452 120.8384 
  0.3480104 120.8384 
  0.07300899 120.8384 
  -0.02060565 120.8384 
  0.04111012 120.8384 
  0.007444968 120.8384 
  -0.02246684 120.8384 
  -0.02498799 120.8384 
  -0.1092349 120.8384 
  0.003597426 120.8384 
  -0.05952256 120.8384 
  0.1209876 120.8384 
  0.5850706 120.8384 
  0.7783725 121.4426 
  0.9919933 122.0498 
  0.9881315 121.4426 
  0.9838533 119.639 
  0.9928156 118.4515 
  0.9861363 117.2759 
  0.984022 116.1118 
  0.9911664 114.9594 
  0.9885138 114.3874 
  0.9873627 113.2521 
  0.9895825 112.6886 
  0.973447 112.6886 
  0.9704558 113.8184 
  0.968693 114.9594 
  0.9541069 115.5342 
  0.9105416 117.2759 
  0.886963 118.4515 
  0.8328192 117.2759 
  0.8886949 115.5342 
  0.8977695 113.2521 
  0.9096139 112.128 
  0.9694583 111.0151 
  0.9332656 110.4628 
  0.8062978 109.9132 
  0.6683176 107.7421 
  0.03020182 107.2061 
  0.08710819 107.2061 
  0.007570129 107.2061 
  0.03004061 107.7421 
  0.713528 107.7421 
  0.9025002 107.2061 
  0.9803165 106.6728 
  0.9927965 107.2061 
  0.9821305 107.2061 
  0.9654518 108.8223 
  0.9468108 110.4628 
  0.4217758 115.5342 
  0.6148673 121.4426 
  0.8029354 123.8897 
  0.8347273 127.0181 
  0.8931503 129.5776 
  0.9130007 131.531 
  0.886319 134.1814 
  0.8852323 135.5266 
  0.8507845 135.5266 
  0.7272931 138.9488 
  -0.07232842 137.5696 
  -0.03880644 136.2042 
  -0.0120694 135.5266 
  -0.02353126 134.8523 
  0.09636122 133.5138 
  -0.07068802 132.1886 
  -0.2821815 130.8766 
  -0.145495 129.5776 
  0.02720522 128.2915 
  0.09747885 127.0181 
  0.01828624 125.7574 
  0.0923733 124.5092 
  0.06501106 122.6601 
  0.1440919 120.2372 
  -0.006230022 117.8622 
  0.3150488 115.5342 
  0.5213859 125.7574 
  0.5639417 122.0498 
  0.7678745 119.0438 
  0.8357427 116.1118 
  0.9416605 114.3874 
  0.9834619 113.2521 
  0.9751783 112.6886 
  0.9862448 111.5702 
  0.9737574 111.0151 
  0.9768691 109.9132 
  0.9689191 109.3664 
  0.9468077 108.8223 
  0.7996205 107.7421 
  0.6477933 106.142 
  0.5761474 104.5657 
  0.59513 109.3664 
  0.6488085 108.8223 
  0.2823447 107.2061 
  0.1351887 107.2061 
  0.1138833 108.2809 
  0.3060431 109.9132 
  0.3716077 112.128 
  0.5250153 109.3664 
  0.8331127 108.8223 
  0.8567262 108.8223 
  0.8595255 108.2809 
  0.9587937 108.2809 
  0.9561264 106.6728 
  0.961518 105.0885 
  0.9230017 104.5657 
  0.8283818 103.5278 
  0.6573861 101.9903 
  0.8169302 100.4756 
  0.7577094 99.97575 
  0.7238201 100.978 
  0.7022781 102.5003 
  0.7425208 104.5657 
  0.7467123 107.2061 
  0.8043571 109.3664 
  0.8469818 109.3664 
  0.9100815 109.3664 
  0.9476535 108.8223 
  0.98023 108.2809 
  0.9864113 108.2809 
  0.8662671 109.3664 
  0.9524718 111.0151 
  0.9758855 111.5702 
  0.9395565 112.128 
  0.8761902 113.2521 
  0.8241862 114.9594 
  0.8766566 116.6924 
  0.960098 117.8622 
  0.9819467 118.4515 
  0.9770004 118.4515 
  0.9380806 117.2759 
  0.9301307 116.1118 
  0.9133681 114.3874 
  0.9043043 112.6886 
  0.8413146 109.9132 
  0.698388 106.6728 
  0.68187 102.5003 
  0.7055575 98.00098 
  0.9162501 94.1677 
  0.867651 91.84841 
  0.8994279 90.48434 
  0.7160084 88.25578 
  0.5609885 85.65383 
  0.7958134 83.12859 
  0.8850567 82.71502 
  0.3545293 82.3035 
  0.1138429 88.25578 
  0.271039 88.69706 
  0.7558854 88.25578 
  -0.2422825 88.69706 
  -0.7175987 89.58624 
  -0.05576735 90.48434 
  -0.2421853 91.39146 
  -0.312261 91.84841 
  -0.1346093 92.30766 
  -0.05808096 92.7692 
  0.1225606 93.23304 
  -0.212501 93.6992 
  -0.1743718 94.1677 
  -0.2263294 94.63854 
  -0.1480182 95.11173 
  0.07120986 95.5873 
  0.1586942 96.06523 
  0.03873337 96.54556 
  -0.004327623 97.02828 
  -0.3462312 97.51342 
  -0.1431331 98.00098 
  -0.01719788 98.491 
  -0.07962076 98.98344 
  -0.09558103 99.47836 
  -0.002753408 99.97575 
  0.114583 100.4756 
  0.1617825 100.978 
  -0.0984675 101.4829 
  0.1421083 101.9903 
  -0.01431204 102.5003 
  0.03958469 103.0128 
  -0.1627426 103.5278 
  -0.1081353 104.0455 
  -0.04094225 104.5657 
  -0.2123369 105.0885 
  0.1246184 105.614 
  0.1433145 106.142 
  0.2612728 106.6728 
  0.2807648 107.2061 
  0.1322195 107.7421 
  -0.05532479 108.2809 
  -0.03473922 108.8223 
  0.2469793 109.3664 
  0.1524834 109.9132 
  -0.06038607 110.4628 
  -0.2201268 111.0151 
  -0.2390074 112.128 
  -0.08707804 112.6886 
  -0.167182 113.2521 
  -0.0405097 114.3874 
  -0.04232758 114.9594 
  -0.04256996 115.5342 
  0.01028913 116.6924 
  0.03064126 117.8622 
  -0.0858821 119.0438 
  0.02439544 120.2372 
  -0.06074839 121.4426 
  -0.02565303 122.0498 
  0.77599 122.6601 
  0.8689755 120.8384 
  0.9321737 119.0438 
  0.9647899 117.2759 
  0.9401348 116.1118 
  0.8491696 114.3874 
  0.8071038 111.0151 
  0.2322562 111.0151 
  -0.02396766 111.0151 
  0.01671768 111.0151 
  0.03678917 111.0151 
  0.07557578 111.0151 
  0.07069335 111.0151 
  -0.03164862 111.0151 
  0.0620186 111.0151 
  0.5892168 111.0151 
  0.7378438 110.4628 
  0.9159074 109.3664 
  0.9287256 107.7421 
  0.9197423 105.614 
  0.962308 104.0455 
  0.9840705 103.5278 
  0.9934012 103.0128 
  0.9811207 102.5003 
  0.9199715 101.4829 
  0.8418221 100.978 
  0.6932884 100.978 
  0.284246 101.4829 
  -0.07624824 102.5003 
  0.05755166 103.5278 
  0.1070665 104.0455 
  0.07909444 104.5657 
  -0.13492 105.0885 
  -0.1340477 105.614 
  -0.06353083 106.142 
  -0.1049546 106.6728 
  0.04536389 107.7421 
  0.2889801 108.8223 
  0.6039239 110.4628 
  0.711014 109.9132 
  0.8423514 107.2061 
  0.9634503 105.614 
  0.9962112 105.614 
  0.9964172 105.614 
  0.9673262 106.142 
  0.4996688 108.8223 
  0.7364075 109.3664 
  0.8425592 109.9132 
  0.9584727 111.0151 
  0.9270488 112.128 
  0.9597493 114.3874 
  0.9635976 115.5342 
  0.9829613 116.1118 
  0.9934514 116.6924 
  0.9961849 116.6924 
  0.99406 116.6924 
  0.9926166 116.6924 
  0.988753 116.6924 
  0.9820521 116.6924 
  0.9756683 116.6924 
  0.9681556 116.6924 
  0.9703519 116.1118 
  0.9533122 115.5342 
  0.9702664 114.3874 
  0.9850867 113.8184 
  0.9874387 113.2521 
  0.9831152 112.6886 
  0.9740101 112.128 
  0.9516138 112.128 
  0.9291896 112.128 
  0.8667116 112.128 
  0.8010972 110.4628 
  0.8853287 108.8223 
  0.953232 108.8223 
  0.9699861 108.8223 
  0.9696974 109.3664 
  0.9760886 109.3664 
  0.9808284 109.3664 
  0.9666209 109.9132 
  0.958182 111.0151 
  0.9855028 111.5702 
  0.9869996 111.5702 
  0.9836872 111.5702 
  0.9826269 112.128 
  0.9758076 112.128 
  0.9863578 112.6886 
  0.9885274 112.6886 
  1.0021 112.6886 
  0.9935307 112.6886 
  0.9834855 112.6886 
  0.9604659 112.128 
  0.9314604 111.0151 
  0.913654 110.4628 
  0.8405511 109.3664 
  0.7280475 108.2809 
  0.6472442 107.2061 
  0.1993721 105.0885 
  0.6666776 101.9903 
  0.7506162 99.47836 
  0.8566203 98.491 
  0.9937009 98.00098 
  0.9944806 98.00098 
  0.9929374 97.51342 
  0.9965275 97.51342 
  0.9934298 97.51342 
  0.9932455 97.02828 
  0.992156 96.54556 
  0.9823728 95.5873 
  0.9843016 95.11173 
  0.9930242 94.63854 
  0.9866829 94.1677 
  0.9886996 93.6992 
  0.9875976 93.6992 
  0.9848703 93.6992 
  0.987487 94.1677 
  0.9802322 94.63854 
  0.9613522 96.06523 
  0.9474958 97.02828 
  0.9528921 97.02828 
  0.9712551 97.02828 
  0.981312 97.02828 
  0.9730731 96.54556 
  0.9034653 96.06523 
  0.7802536 95.5873 
  0.2920557 95.5873 
  0.3014134 95.5873 
  0.4733271 96.06523 
  0.05301992 96.06523 
  0.003700637 96.54556 
  -0.03552264 97.02828 
  -0.05805186 97.51342 
  -0.1156121 98.00098 
  -0.1380536 98.491 
  0.06802122 98.98344 
  0.5145522 103.0128 
  0.6652304 105.0885 
  0.9248276 105.614 
  0.9460782 105.0885 
  0.7859094 104.0455 
  0.6862715 101.9903 
  0.8329377 99.97575 
  0.8354631 98.98344 
  0.7731642 98.491 
  0.4952906 98.00098 
  0.5086864 100.4756 
  0.07515655 103.5278 
  0.09023077 107.2061 
  0.1255917 111.0151 
  0.1215047 114.9594 
  0.1772254 118.4515 
  0.5791244 122.0498 
  0.4215204 113.8184 
  0.6463262 112.128 
  0.9015762 111.0151 
  0.890918 108.8223 
  0.8761326 106.6728 
  0.8571049 103.5278 
  0.8304999 101.4829 
  0.8745421 99.47836 
  0.7916624 99.47836 
  0.2225703 100.4756 
  -0.2183008 101.4829 
  -0.07937814 102.5003 
  -0.01515295 103.5278 
  0.8191491 105.0885 
  0.8827416 104.5657 
  0.9005874 104.0455 
  0.9504006 103.5278 
  0.9930518 103.0128 
  0.9693754 102.5003 
  0.8582348 101.4829 
  0.8506345 100.4756 
  0.9351167 98.98344 
  0.9473684 98.00098 
  0.9412742 97.51342 
  0.9620504 96.54556 
  0.9434527 96.06523 
  0.8549844 95.5873 
  0.8479102 94.1677 
  0.9449358 93.23304 
  0.9572169 92.7692 
  0.9875615 93.23304 
  0.9823726 93.6992 
  0.9849617 93.6992 
  0.9579746 94.1677 
  0.912385 94.1677 
  0.8942186 94.1677 
  0.9860865 95.11173 
  0.9883652 95.11173 
  0.9780464 95.11173 
  0.835783 95.11173 
  0.5817826 96.06523 
  0.1475641 97.51342 
  0.05008234 98.98344 
  -0.08573109 100.4756 
  -0.2875823 101.9903 
  0.1054555 103.5278 
  0.5484021 105.0885 
  0.5578088 106.6728 
  0.8408111 104.5657 
  0.8659253 103.5278 
  0.7299047 102.5003 
  0.7679098 100.4756 
  0.9273112 99.47836 
  0.9001709 98.491 
  0.968009 98.00098 
  0.9724954 97.51342 
  0.9798037 98.00098 
  0.9783351 98.491 
  0.9843033 98.98344 
  0.9938842 98.98344 
  0.9534437 98.491 
  0.9079716 97.51342 
  0.9402527 97.51342 
  0.9778562 98.00098 
  0.9636784 97.51342 
  0.9826013 97.02828 
  0.9609295 96.06523 
  0.9060265 95.11173 
  0.926825 93.6992 
  0.9610698 92.7692 
  0.9822831 92.30766 
  0.9244524 91.84841 
  0.8675231 91.84841 
  0.8298475 91.84841 
  0.8716251 92.30766 
  0.8868586 92.7692 
  0.8194079 92.7692 
  0.6315277 92.7692 
  0.5636275 92.7692 
  0.3752758 92.7692 
  0.09132719 92.7692 
  0.02979078 92.7692 
  0.1841701 92.7692 
  0.02619199 92.7692 
  -0.1426529 92.7692 
  -0.06505834 92.7692 
  -0.03492758 92.7692 
  -0.1977206 92.7692 
  -0.1266611 92.7692 
  0.002066686 92.7692 
  -0.1181169 92.7692 
  -0.1459408 92.7692 
  -0.06862345 92.7692 
  -0.1260803 92.7692 
  -0.07269353 92.7692 
  -0.06237353 92.7692 
  0.06488118 92.7692 
  -0.03232772 92.7692 
  -0.1075167 92.7692 
  -0.04587513 92.7692 
  0.01433336 92.7692 
  0.03767911 92.7692 
  0.02713359 92.7692 
  0.001997751 92.7692 
  -0.1786558 92.7692 
  -0.019314 92.7692 
  0.094135 92.7692 
  -0.2529078 92.7692 
  -0.2703986 92.7692 
  -0.2405355 92.7692 
  -0.2169985 92.7692 
  -0.1507337 92.7692 
  -0.3098475 92.7692 
  -0.297717 92.7692 
  -0.1415008 92.7692 
  -0.01885555 92.7692 
  0.05183763 92.7692 
  0.05105302 92.7692 
  0.1557536 92.7692 
  0.07573961 92.7692 
  0.1129297 92.7692 
  0.07572527 92.7692 
  -0.02713665 92.7692 
  -0.033826 92.7692 
  -0.1200012 92.7692 
  -0.1447348 92.7692 
  -0.1725775 92.7692 
  -0.2127237 92.7692 
  -0.09669333 92.7692 
  0.0962289 92.7692 
  0.05782787 92.7692 
  0.04622756 92.7692 
  0.08730257 92.7692 ]
