 [
  0.1803322 98.00098 
  0.09828345 98.00098 
  0.1037117 98.00098 
  -0.1642344 98.00098 
  0.0365903 98.00098 
  -0.136401 98.00098 
  -0.2936535 98.00098 
  -0.2064568 98.00098 
  -0.1186585 98.00098 
  -0.2267526 98.00098 
  -0.2048554 98.00098 
  0.02613128 98.00098 
  0.2640869 98.00098 
  0.4783344 98.00098 
  -0.2771386 98.00098 
  0.5222564 98.00098 
  0.4920271 94.1677 
  0.8565847 91.39146 
  0.955571 90.03418 
  0.9005574 89.14054 
  0.8726487 88.25578 
  0.6714023 88.25578 
  0.2974779 90.03418 
  -0.09850492 91.84841 
  -0.2599748 93.6992 
  0.2139373 95.5873 
  -0.08863293 97.51342 
  0.04466918 99.47836 
  -0.1414318 101.4829 
  -0.08954661 103.0128 
  -0.1230449 105.0885 
  -0.2013087 107.2061 
  -0.08729719 108.8223 
  -0.09108455 110.4628 
  0.1106044 113.2521 
  0.5838386 117.2759 
  0.6742339 115.5342 
  0.8468062 114.9594 
  0.9730943 113.8184 
  0.995209 114.3874 
  0.9910649 114.3874 
  0.9770959 114.9594 
  0.9307202 114.3874 
  0.8549345 112.6886 
  0.6357089 110.4628 
  0.2500126 111.0151 
  0.002997434 111.5702 
  0.2237894 112.6886 
  0.1784712 113.2521 
  -0.1492278 114.3874 
  -0.2406908 115.5342 
  0.1367119 116.6924 
  0.7751612 117.8622 
  0.6494055 113.2521 
  0.7854717 110.4628 
  0.9559883 109.3664 
  0.9221823 107.7421 
  0.8538647 105.614 
  0.855774 103.5278 
  0.8283859 100.4756 
  0.876761 97.51342 
  0.8103262 95.5873 
  0.4179174 95.11173 
  0.2200299 95.5873 
  0.1180744 96.54556 
  0.05319742 97.51342 
  0.3087816 98.00098 
  0.4912929 98.491 
  0.8131655 98.98344 
  0.8936238 99.47836 
  0.9385673 99.47836 
  0.9434885 98.491 
  0.9550936 97.02828 
  0.9582632 95.5873 
  0.5610989 96.06523 
  0.6977087 97.51342 
  0.6733218 95.5873 
  0.7981811 96.06523 
  0.8392214 97.02828 
  0.8109052 98.491 
  0.835658 99.97575 
  0.6696634 101.9903 
  0.6791503 105.0885 
  0.7444966 107.2061 
  0.772822 109.9132 
  0.8779577 112.6886 
  0.86412 114.9594 
  0.943055 117.2759 
  0.9716254 118.4515 
  0.9701164 119.639 
  0.948867 120.8384 
  0.9420866 121.4426 
  0.9484938 123.8897 
  0.9695565 125.1317 
  0.9874323 125.1317 
  0.9744223 125.1317 
  0.9672567 123.2734 
  0.9695321 122.0498 
  0.9462751 121.4426 
  0.910152 120.2372 
  0.8230423 119.0438 
  0.5874366 117.2759 
  0.2778332 116.6924 
  -0.1421103 116.1118 
  -0.2468095 115.5342 
  -0.1456149 114.9594 
  0.06415895 114.3874 
  0.08286117 113.8184 
  0.1334465 113.2521 
  0.1774784 112.6886 
  0.3805695 112.6886 
  0.2065883 112.6886 
  -0.1326363 112.128 
  0.2981317 111.5702 
  0.05787806 111.0151 
  0.03640866 110.4628 
  -0.0567789 109.9132 
  0.1340593 109.3664 
  0.2468855 108.8223 
  0.7109967 108.8223 
  0.6885443 107.2061 
  0.7149749 104.5657 
  0.8103198 102.5003 
  0.8172176 100.978 
  0.8884054 99.47836 
  0.9249009 98.491 
  0.8661619 98.00098 
  0.8836958 98.00098 
  0.9800909 97.51342 
  0.9088382 96.06523 
  0.7727124 94.63854 
  0.8437433 94.1677 
  0.8857186 92.7692 
  0.970217 91.39146 
  0.931036 90.03418 
  0.8106322 88.69706 
  0.723213 86.94508 
  0.2421599 87.3798 
  -0.0416721 88.69706 
  -0.1630292 90.03418 
  -0.05318586 91.39146 
  0.02588573 92.30766 
  0.02897144 93.23304 
  0.08657853 94.1677 
  -0.02081338 95.11173 
  -0.07292732 96.06523 
  0.07402633 97.51342 
  0.03441127 98.491 
  0.004722282 99.47836 
  0.1117316 100.4756 
  -0.0739317 101.9903 
  -0.06958939 103.5278 
  -0.04572374 105.0885 
  -0.1285571 106.6728 
  0.01450819 108.2809 
  0.282135 109.9132 
  0.5232814 112.128 
  0.5045971 105.0885 
  0.8741322 105.0885 
  0.9341515 106.6728 
  0.8604034 108.8223 
  0.8696333 111.0151 
  0.9145498 113.2521 
  0.9250278 114.9594 
  0.9233816 116.6924 
  0.9272527 119.0438 
  0.9513048 120.8384 
  0.9674978 121.4426 
  0.9499761 120.8384 
  0.863342 119.0438 
  0.6805849 114.9594 
  0.6147029 109.9132 
  0.5028292 105.0885 
  0.5887618 99.47836 
  0.6323338 94.63854 
  0.891269 90.03418 
  0.9696093 88.25578 
  0.9874921 88.25578 
  0.9892488 88.25578 
  0.9868202 88.25578 
  0.9764751 88.69706 
  0.9712203 89.58624 
  0.9838703 89.58624 
  0.9915169 90.03418 
  0.9952995 89.58624 
  0.9899831 89.14054 
  0.9833765 88.25578 
  0.9865224 87.8167 
  0.9923168 87.8167 
  0.989924 87.8167 
  0.9774176 87.3798 
  0.977293 86.94508 
  0.9787225 86.94508 
  0.9938577 87.3798 
  0.9824612 88.25578 
  0.9739519 88.25578 
  0.8589062 88.25578 
  0.7628672 88.25578 
  0.7086669 87.8167 
  0.08795241 90.93677 
  0.2291982 94.63854 
  0.4254246 98.491 
  0.6835213 103.0128 
  0.8056452 101.9903 
  0.9414625 101.4829 
  0.9638717 103.0128 
  0.9879468 104.0455 
  0.9735439 104.5657 
  0.8389829 104.5657 
  0.674602 104.5657 
  0.9407783 106.6728 
  0.9210151 108.8223 
  0.7921296 111.5702 
  0.7820484 114.3874 
  0.1832112 117.8622 
  0.2539111 120.8384 
  0.1096495 123.8897 
  -0.1397204 127.6532 
  -0.1254875 130.8766 
  0.05419666 134.1814 
  0.2212001 136.8852 
  0.6960358 136.8852 
  0.8514284 134.8523 
  0.9775769 134.1814 
  0.9508561 136.2042 
  0.9579398 138.9488 
  0.9646859 141.7487 
  0.9770372 143.8855 
  0.9889899 146.0546 
  0.9917076 146.7849 
  0.9933623 147.5188 
  0.9960594 147.5188 
  0.9905002 146.7849 
  0.9567285 144.605 
  0.9447932 141.0434 
  0.8468733 136.2042 
  0.6523656 130.8766 
  0.4256272 122.6601 
  0.3768607 113.2521 
  0.3819751 105.614 
  0.3010781 97.02828 
  0.4741123 90.03418 
  0.5734274 86.0821 
  0.6323087 83.12859 
  0.8634301 81.89403 
  0.9787549 81.08118 
  0.7920971 82.3035 
  0.8672665 83.54424 
  0.8179457 83.12859 
  0.6667324 81.89403 
  0.5866146 80.6778 
  0.1771076 80.6778 
  -0.09099446 80.6778 
  -0.604006 80.6778 
  -0.5851433 80.6778 
  0.04120097 80.6778 
  0.1769472 80.6778 
  0.0451358 80.6778 
  0.08652352 80.6778 
  -0.002831491 80.6778 
  0.09723127 80.6778 
  0.08607899 80.6778 
  0.2699905 80.6778 
  0.2844898 80.6778 
  0.3110921 80.6778 
  0.2117857 80.6778 
  0.06396416 80.6778 
  0.04794109 80.6778 
  0.0791676 80.6778 
  -0.09775059 80.6778 
  -0.07626707 80.6778 
  0.135662 80.6778 
  0.106487 80.6778 
  -0.04648506 80.6778 
  0.08248045 81.08118 
  0.0513469 81.08118 
  0.05501144 81.08118 
  0.1166379 81.08118 
  -0.04839285 81.4866 
  -0.1398657 81.4866 
  -0.1601722 81.4866 
  -0.2204511 81.4866 
  -0.1483578 81.4866 
  0.009510407 81.4866 
  0.09915431 81.4866 
  -0.143606 81.4866 
  -0.04457244 81.4866 
  0.008302504 81.4866 
  -0.03399204 81.89403 
  -0.02360329 82.3035 
  -0.06408958 82.71502 
  -0.07089984 83.12859 
  -0.1021008 83.54424 
  -0.07968073 83.96195 
  -0.5202272 84.38177 
  -0.4382125 84.80367 
  -0.3027584 85.2277 
  -0.07342495 85.65383 
  0.06894046 86.0821 
  0.2587492 84.80367 
  0.3183244 87.8167 
  0.4527842 88.25578 
  0.912059 88.25578 
  0.8817385 88.25578 
  0.6137635 91.84841 
  0.8593382 91.84841 
  0.8903168 91.84841 
  0.928265 92.30766 
  0.819831 92.30766 
  0.761352 92.7692 
  0.3913428 93.23304 
  0.821153 98.491 
  0.7300922 103.0128 
  0.7531534 107.7421 
  0.884871 109.3664 
  0.8859951 110.4628 
  0.9127429 111.5702 
  0.9646158 113.2521 
  0.9257476 113.8184 
  0.8517913 113.2521 
  0.6839874 113.2521 
  0.258297 113.2521 
  0.02673683 113.2521 
  -0.2549334 113.2521 
  -0.09452862 113.2521 
  -0.158519 113.2521 
  0.01988804 113.2521 
  0.1582945 113.2521 
  0.3393248 113.2521 
  0.1666909 112.6886 
  0.06540765 112.128 
  0.0283044 111.5702 
  0.0217587 111.5702 
  0.2358261 111.0151 
  -0.2026312 110.4628 
  -0.009053987 109.9132 
  -0.1731053 109.3664 
  0.1097782 108.8223 
  0.3793012 108.2809 
  0.5437727 105.614 
  0.4802238 108.8223 
  0.6268446 112.6886 
  0.894529 114.9594 
  0.9385988 116.1118 
  0.9404041 117.8622 
  0.9257441 119.0438 
  0.9488654 120.8384 
  0.9261662 120.8384 
  0.903213 119.639 
  0.8896111 116.6924 
  0.6328034 113.8184 
  0.1508345 110.4628 
  -0.06147088 107.2061 
  -0.109395 104.0455 
  0.3301529 100.978 
  0.2016958 98.00098 
  0.0765387 95.11173 
  -0.002855527 92.30766 
  0.03972786 90.03418 
  0.5757792 88.25578 
  0.6797619 89.58624 
  0.7214372 91.39146 
  0.5502033 92.30766 
  0.2944661 90.03418 
  0.7608144 87.3798 
  0.6617364 88.69706 
  0.7566254 89.14054 
  0.8892024 89.14054 
  0.8583695 87.3798 
  0.8877422 85.65383 
  0.9225161 84.38177 
  0.837754 84.80367 
  0.7489477 86.0821 
  0.8207926 86.94508 
  0.8804359 86.51251 
  0.9512529 86.0821 
  0.9620433 86.0821 
  0.9622597 85.2277 
  0.9860492 84.80367 
  0.9902232 84.80367 
  0.9932457 84.80367 
  0.9869841 84.80367 
  0.9954345 83.96195 
  0.9971722 83.96195 
  0.927802 84.38177 
  0.872905 84.38177 
  0.8661926 84.38177 
  0.9791478 83.96195 
  0.9744821 85.2277 
  0.9164268 86.51251 
  0.9387817 88.25578 
  0.9121786 89.58624 
  0.8828503 90.48434 
  0.8771769 90.48434 
  0.8168629 90.48434 
  0.9001987 90.03418 
  0.8051758 89.58624 
  0.789157 89.58624 
  0.470043 89.14054 
  0.1299868 88.69706 
  0.1117658 88.25578 
  0.2174389 87.8167 
  0.2793087 87.8167 
  0.1459019 87.8167 
  0.1035704 87.8167 
  0.07366282 87.8167 
  0.0271612 87.8167 
  -0.02172823 87.8167 
  0.006487855 87.8167 
  0.489193 87.8167 
  0.5749848 88.25578 
  0.2882682 89.14054 
  -0.138658 90.93677 
  -0.08478006 92.7692 
  -0.04399742 94.63854 
  0.4028257 97.02828 
  0.1613973 97.51342 
  0.2678399 97.02828 
  0.300365 96.06523 
  0.09463311 95.5873 
  0.3339412 94.63854 
  0.04471665 95.11173 
  0.270122 97.02828 
  0.730304 97.51342 
  0.623392 95.11173 
  0.8314235 91.84841 
  0.9731279 90.93677 
  0.95336 90.48434 
  0.9691872 90.03418 
  0.9643637 89.14054 
  0.9758965 89.14054 
  0.9881891 88.69706 
  0.9797472 88.69706 
  0.958656 88.69706 
  0.8944149 88.25578 
  0.645058 88.25578 
  0.6050674 88.69706 
  0.1215647 89.14054 
  0.02091847 89.14054 
  -0.09134883 89.58624 
  -0.2777345 90.03418 
  0.2663774 90.48434 
  -0.006477315 90.93677 
  -0.1545288 91.39146 
  -0.1358226 91.84841 
  -0.09156075 92.30766 
  0.07889391 92.7692 
  0.3178471 93.23304 
  0.7971544 93.6992 
  0.7884058 92.30766 
  0.7708025 91.39146 
  0.7897586 89.58624 
  0.8295839 87.8167 
  0.572983 89.14054 
  -0.04153762 91.39146 
  -0.05042376 93.6992 
  0.1301153 96.06523 
  -0.02365688 98.491 
  0.2460578 100.978 
  0.6890042 105.0885 
  0.4169245 95.5873 
  0.8413398 95.5873 
  0.9735483 95.5873 
  0.9741532 95.5873 
  0.9676012 95.11173 
  0.9048845 94.1677 
  0.8755401 93.23304 
  0.8989007 91.39146 
  0.9151991 90.03418 
  0.9896451 89.14054 
  0.9834446 89.14054 
  0.9583897 89.58624 
  0.9607319 90.03418 
  0.9260377 90.03418 
  0.8220388 89.58624 
  0.7151265 89.58624 
  0.7533024 90.03418 
  -0.1109058 90.03418 
  0.03881048 90.03418 
  -0.09432903 90.03418 
  -0.1455633 90.03418 
  -0.1975057 90.03418 
  -0.06778874 90.03418 
  0.06962134 90.03418 
  -0.02012778 90.03418 
  -0.02419412 90.03418 
  0.08739779 90.03418 
  -0.08559425 90.03418 
  -0.01188803 90.03418 
  -0.309413 90.03418 
  -0.2766335 90.03418 
  -0.1417969 90.03418 
  -0.07282901 90.03418 
  0.06341712 90.03418 
  -0.03532283 90.03418 
  -0.0673807 90.03418 
  -0.2551539 90.03418 
  0.1003315 90.03418 
  -0.007482112 90.03418 
  -0.1376541 90.03418 
  -0.0665092 90.03418 
  -0.1585216 90.03418 
  -0.2062376 90.03418 
  -0.3067783 90.03418 ]
