 [
  -0.1295325 128.9329 
  -0.09473749 128.9329 
  -0.1122421 128.9329 
  -0.07365569 128.9329 
  -0.07789776 128.9329 
  -0.1111005 128.9329 
  0.07743385 128.9329 
  0.002992242 128.9329 
  -0.1207679 128.9329 
  -0.1871157 128.9329 
  -0.3291614 128.9329 
  -0.2843075 128.9329 
  -0.1864679 128.9329 
  -0.3984639 128.9329 
  -0.06577856 128.9329 
  0.0533075 128.9329 
  -0.04740878 128.9329 
  -0.3582962 128.9329 
  -0.5499604 128.9329 
  0.02547361 129.5776 
  0.3056862 130.8766 
  0.1148245 137.5696 
  0.6465762 140.3417 
  0.9192632 142.4574 
  0.9768762 144.605 
  0.9840772 146.0546 
  0.9779177 146.7849 
  0.9801403 146.7849 
  0.976024 146.7849 
  0.9797629 148.2564 
  0.9791517 149.7427 
  0.9777128 152.0001 
  0.9817672 153.5239 
  0.971837 155.063 
  0.9803617 156.6175 
  0.9722811 158.1876 
  0.9771281 159.7734 
  0.9631453 161.3751 
  0.9737594 162.9929 
  0.9777571 164.6269 
  0.9813417 165.4501 
  0.9790217 167.1087 
  0.980637 167.9442 
  0.9778941 168.784 
  0.9806598 168.784 
  0.9844108 169.6279 
  0.9461803 168.784 
  0.8579985 167.1087 
  0.831109 163.8079 
  0.8333652 158.9785 
  0.4765586 156.6175 
  0.2929786 152.0001 
  0.6111561 148.2564 
  0.6082568 144.605 
  0.4052778 141.0434 
  0.3933727 137.5696 
  0.3454483 134.1814 
  0.07987871 130.8766 
  -0.05099226 127.0181 
  0.1578548 123.2734 
  -0.1066596 119.639 
  -0.03539688 116.1118 
  -0.09437399 112.6886 
  -0.1410213 109.3664 
  -0.03149594 106.6728 
  -0.0532868 104.0455 
  0.06345868 101.4829 
  0.2021418 98.98344 
  -0.0835619 96.06523 
  -0.01036633 93.23304 
  -0.0304042 90.48434 
  0.2026416 87.8167 
  0.1887601 85.2277 
  -0.08071107 82.71502 
  -0.2148722 80.27641 
  0.05950476 77.90971 
  0.1663365 75.61279 
  0.6353793 73.7505 
  0.7050866 73.38358 
  0.9056975 72.6552 
  0.9264985 71.93407 
  0.9173548 71.57619 
  0.9348276 70.86576 
  0.9276954 70.51319 
  0.940655 70.16238 
  0.9202321 69.81332 
  0.9061767 69.46598 
  0.9234559 69.12038 
  0.9605854 69.12038 
  0.917501 68.43433 
  0.757992 68.09386 
  0.1573849 69.12038 
  0.01933762 72.6552 
  -0.5483594 76.3708 
  -0.2957308 80.6778 
  0.2228678 84.80367 
  -0.02687264 89.58624 
  -0.1670298 94.1677 
  0.1475628 98.98344 
  -0.07947877 104.5657 
  -0.0528665 109.9132 
  0.02116456 115.5342 
  -0.1216139 121.4426 
  -0.07809709 127.6532 
  -0.1929709 134.1814 
  0.05417319 141.0434 
  0.03272835 148.2564 
  0.8230729 153.5239 
  0.8772335 152.0001 
  0.9450161 150.4914 
  0.9681284 148.2564 
  0.940779 146.0546 
  0.9072965 143.8855 
  0.9290422 141.7487 
  0.901643 138.2575 
  0.8785756 135.5266 
  0.903632 132.8496 
  0.7517913 128.9329 
  0.849809 125.1317 
  0.941806 122.6601 
  0.9517051 121.4426 
  0.9320574 119.639 
  0.9451911 117.8622 
  0.8471766 116.6924 
  0.7974505 114.9594 
  0.8013729 113.8184 
  0.4693953 114.3874 
  0.7716267 113.8184 
  0.713755 113.8184 
  0.6655272 114.3874 
  0.7214344 114.9594 
  0.7318794 116.1118 
  0.1250662 119.639 
  0.7792473 123.8897 
  0.8426417 123.8897 
  0.9073031 122.0498 
  0.9455763 121.4426 
  0.9680295 121.4426 
  0.9719006 120.8384 
  0.9809279 120.8384 
  0.9678313 121.4426 
  0.9594336 122.0498 
  0.9825103 123.2734 
  0.9876746 123.8897 
  0.9860196 124.5092 
  0.9915838 124.5092 
  0.9799897 123.8897 
  0.9518192 123.8897 
  0.9071447 123.8897 
  0.8843049 125.7574 
  0.9918392 127.0181 
  0.731011 128.2915 
  0.8286039 128.9329 
  0.9143091 128.9329 
  0.9747128 128.9329 
  0.9939243 129.5776 
  0.9940075 130.2255 
  0.9880047 130.2255 
  0.9826027 131.531 
  0.9724633 132.1886 
  0.963104 131.531 
  0.9912968 130.2255 
  0.9777143 129.5776 
  0.8478629 129.5776 
  0.263466 128.9329 
  -0.1719344 128.2915 
  -0.4026597 127.6532 
  -0.4620095 127.0181 
  -0.3881228 126.3862 
  -0.1813119 125.7574 
  -0.4004452 125.1317 
  -0.1043917 124.5092 
  -0.1038287 123.8897 
  -0.3156709 123.2734 
  -0.3050431 122.6601 
  0.1511871 122.0498 
  0.1676206 121.4426 
  0.1854941 120.8384 
  0.1012435 120.2372 
  -0.3161477 119.639 
  -0.5103115 119.0438 
  -0.1634821 118.4515 
  0.111424 117.8622 
  0.1859466 117.2759 
  -0.01882688 116.6924 
  -0.1320788 116.1118 
  0.02703211 115.5342 
  0.6566566 117.2759 
  0.6585397 117.8622 
  0.5469617 116.6924 
  0.7787123 113.8184 
  0.6880947 112.6886 
  0.5249418 112.128 
  0.9578352 111.5702 
  0.9456744 111.0151 
  0.9049196 111.0151 
  0.8700497 111.0151 
  0.8859511 111.0151 
  0.8667661 111.5702 
  0.8103117 112.128 
  0.239542 112.6886 
  -0.1225078 113.2521 
  0.6574574 116.6924 
  0.7999597 117.8622 
  0.9677368 118.4515 
  0.9826838 118.4515 
  0.9863131 118.4515 
  0.9840077 117.8622 
  0.9827417 118.4515 
  0.9723918 118.4515 
  0.9837865 119.639 
  0.9662311 119.639 
  0.9345698 119.639 
  0.9110224 119.639 
  0.8867614 120.2372 
  0.8681857 119.639 
  0.8991263 119.0438 
  0.8996294 117.8622 
  0.9269194 117.2759 
  0.9298829 116.1118 
  0.8181307 115.5342 
  0.7732604 112.6886 
  0.8662094 113.2521 
  0.9736282 113.8184 
  0.9653205 113.2521 
  0.9795925 112.128 
  0.9889455 111.5702 
  0.9869846 111.5702 
  0.6993926 113.8184 
  0.5806398 115.5342 
  0.7794338 115.5342 
  0.9233515 115.5342 
  0.9392587 116.1118 
  0.9025326 117.8622 
  0.9603897 119.0438 
  0.9878178 119.639 
  0.9903342 119.639 
  0.9889715 119.0438 
  0.9748994 119.639 
  0.9749418 119.639 
  0.9926434 120.2372 
  0.979584 120.8384 
  0.9803364 120.8384 
  0.9778108 121.4426 
  0.9817824 122.0498 
  0.9813948 122.6601 
  0.933767 123.8897 
  0.8847485 123.8897 
  0.8256897 124.5092 
  0.8107334 123.8897 
  0.8571535 123.8897 
  0.7169795 122.6601 
  0.04251723 119.639 
  0.06437891 117.2759 
  -0.2017308 115.5342 
  -0.08985841 113.8184 
  0.04243483 113.2521 
  0.07429824 113.2521 
  0.001591986 113.2521 
  0.3958466 113.2521 
  0.2603838 113.2521 
  -0.2648039 113.2521 
  0.492525 113.2521 
  0.2342073 113.2521 
  -0.08322536 113.2521 
  0.007697954 113.2521 
  -0.03122845 113.2521 
  0.01778672 113.2521 
  -0.02958779 113.2521 
  0.04955214 113.2521 
  -0.1246184 113.2521 
  -0.1417494 113.2521 
  -0.06103227 113.2521 
  -0.2536262 113.2521 
  0.1440239 113.2521 
  -0.07318888 113.2521 
  -0.27084 113.2521 
  0.1097182 113.2521 
  0.1764959 113.2521 
  0.1617259 113.2521 
  0.1383569 113.2521 
  -0.1550101 113.2521 
  -0.2975295 113.2521 
  -0.2432032 113.8184 
  -0.127357 114.3874 
  0.05803572 114.9594 
  0.1046553 114.9594 
  0.08445486 114.9594 
  -0.0984875 114.9594 
  -0.1138388 115.5342 
  0.01461872 115.5342 
  -0.09248339 116.1118 
  -0.1707482 116.1118 
  -0.01388219 116.6924 
  0.1651213 116.6924 
  0.06159754 116.6924 
  0.1305581 116.6924 
  0.01105864 116.6924 
  0.09111581 116.6924 
  0.1240621 116.6924 
  0.2675436 116.6924 
  -0.1072325 116.6924 
  -0.09626539 117.2759 
  -0.1361191 117.2759 
  -0.03497132 117.2759 
  0.136761 117.2759 
  0.201837 117.2759 
  0.09175022 117.2759 
  -0.07919321 117.8622 
  -0.06723915 118.4515 
  0.2069494 119.0438 
  0.122198 119.639 
  0.0261617 120.2372 
  -0.1300344 120.2372 
  -0.08493315 120.8384 
  -0.1035323 121.4426 
  0.06200205 122.0498 
  0.7883739 122.6601 
  0.688693 119.639 
  0.7723071 120.2372 
  0.856161 119.639 
  0.8963027 120.8384 
  0.8648531 120.8384 
  0.8099349 120.8384 
  0.7889715 119.639 
  0.6750857 118.4515 
  0.7498742 117.8622 
  0.8441277 116.6924 
  0.9327932 116.1118 
  0.9614125 116.6924 
  0.952783 117.8622 
  0.962972 119.0438 
  0.9219279 121.4426 
  0.9767681 123.8897 
  0.9933838 124.5092 
  0.9928563 124.5092 
  0.9961729 123.8897 
  0.9984434 123.2734 
  0.9962839 122.6601 
  0.9937128 122.0498 
  0.9804778 120.8384 
  0.944238 119.0438 
  0.8655804 116.6924 
  0.8019577 115.5342 
  0.773555 115.5342 
  0.5776439 116.1118 
  0.5667707 117.8622 
  0.6429906 119.639 
  0.7831929 122.0498 
  0.6546237 125.1317 
  0.8318931 128.2915 
  0.911974 130.2255 
  0.9057568 129.5776 
  0.7298194 126.3862 
  0.7965174 123.8897 
  0.8349341 121.4426 
  0.7492756 118.4515 
  0.6371738 116.1118 
  0.7295578 111.5702 
  0.1540156 112.6886 
  -0.01538943 113.8184 
  0.1425167 114.3874 
  0.04378769 114.9594 
  0.03913654 115.5342 
  0.06057954 116.1118 
  0.07496004 116.6924 
  0.1023817 116.6924 
  -0.009383331 116.6924 
  0.1131369 116.6924 
  0.2030286 116.6924 
  0.1764374 116.6924 
  0.1460181 116.6924 
  -0.140114 116.6924 
  0.6669555 122.6601 
  0.5567521 119.639 
  0.7161122 117.8622 
  0.9438855 116.1118 
  0.9822955 116.1118 
  1.002263 115.5342 
  0.9990625 115.5342 
  0.9843884 115.5342 
  0.9437944 116.1118 
  0.9260257 117.8622 
  0.929935 119.0438 
  0.9557409 120.8384 
  0.9849883 121.4426 
  0.9844193 122.0498 
  0.9823964 122.0498 
  0.9850434 122.6601 
  0.9597262 123.2734 
  0.9400381 124.5092 
  0.8875809 125.1317 
  0.7569355 125.1317 
  -0.01270258 125.7574 
  0.0006558602 126.3862 
  0.003436434 127.0181 
  0.05086111 127.6532 
  0.231989 127.6532 
  0.1917995 127.6532 
  -0.07146865 127.6532 
  -0.184154 127.6532 
  -0.1689356 127.6532 
  0.05080876 127.6532 
  -0.01598741 127.6532 
  -0.1862108 127.6532 
  -0.1975135 127.6532 
  0.1597441 127.6532 
  -0.0110007 127.6532 
  -0.2279779 127.6532 
  -0.05730723 127.6532 
  0.05855964 127.6532 
  0.1731013 127.6532 
  0.2986567 127.6532 
  0.1300168 127.6532 
  -0.04456943 127.6532 
  -0.004288176 127.6532 
  -0.0169097 127.6532 
  0.01056488 127.6532 
  -0.03563003 127.6532 
  -0.01318492 127.6532 
  0.2528886 127.6532 
  0.1136054 127.6532 
  0.2484918 127.6532 
  0.1352924 127.6532 ]
