 [
  0.1026407 125.1317 
  0.3161615 125.1317 
  0.1949406 125.1317 
  0.2926314 125.1317 
  0.0002773899 125.1317 
  0.2174512 125.1317 
  0.2879989 125.1317 
  0.2473216 125.1317 
  0.3120207 125.1317 
  0.283204 125.1317 
  0.2171556 125.1317 
  -0.0004973493 125.1317 
  0.1388038 125.1317 
  0.1345481 125.1317 
  0.4643905 125.1317 
  -0.08621799 125.1317 
  0.1614731 125.1317 
  0.2251726 125.1317 
  0.4149792 125.1317 
  0.2409577 125.1317 
  0.1046168 125.1317 
  0.06517287 125.1317 
  0.154964 125.1317 
  0.05404624 125.1317 
  -0.07018144 125.1317 
  -0.05645761 125.1317 
  0.009845581 125.1317 
  0.08496233 125.1317 
  0.2189138 125.1317 
  -0.09514493 125.1317 
  0.1552984 125.1317 
  0.3698043 123.8897 
  0.1398046 126.3862 
  0.5053068 128.9329 
  0.7465401 130.8766 
  0.8688051 130.8766 
  0.9439045 130.8766 
  0.9761731 131.531 
  0.9745872 131.531 
  0.9051384 131.531 
  0.8321691 132.1886 
  0.8894116 134.1814 
  0.8771434 132.8496 
  0.639491 132.1886 
  0.3461906 131.531 
  0.5991827 136.8852 
  0.2543254 136.2042 
  0.01197378 134.8523 
  -0.08894344 133.5138 
  -0.1788646 132.1886 
  -0.12173 130.8766 
  -0.1827198 129.5776 
  -0.008209699 128.2915 
  0.209691 127.0181 
  0.3297805 125.7574 
  0.7585699 124.5092 
  0.8919848 124.5092 
  0.9604549 124.5092 
  0.981149 123.8897 
  0.993624 123.2734 
  0.971363 122.6601 
  0.3742898 123.2734 
  0.6738291 122.0498 
  0.9018582 122.0498 
  0.9430686 122.0498 
  0.9709825 121.4426 
  0.9837483 121.4426 
  0.9621552 120.8384 
  0.9795989 120.2372 
  0.9811825 120.2372 
  0.9756722 119.639 
  0.9833196 119.639 
  0.9917424 119.639 
  0.9893507 119.639 
  0.9853327 120.2372 
  0.9870369 120.2372 
  0.9185645 120.2372 
  0.9177116 118.4515 
  0.8303677 116.6924 
  0.8286174 115.5342 
  0.9427211 114.3874 
  0.8640974 114.3874 
  0.8940741 113.2521 
  0.9144576 112.6886 
  0.9307302 112.128 
  0.9288178 111.0151 
  0.9338785 110.4628 
  0.9484856 108.8223 
  0.9238838 107.7421 
  0.9373221 106.6728 
  0.9716079 105.614 
  0.9856977 105.0885 
  0.9061758 104.5657 
  0.883097 103.0128 
  0.8807667 101.4829 
  0.723448 99.97575 
  0.6706849 99.97575 
  0.5821317 100.978 
  0.4639228 102.5003 
  0.2548715 103.5278 
  0.06126906 104.0455 
  -0.04400412 104.5657 
  -0.0003205344 105.0885 
  -0.2113268 105.614 
  -0.3388095 106.6728 
  -0.2614536 107.7421 
  -0.1052884 108.8223 
  -0.1492225 109.9132 
  0.06302297 111.0151 
  0.008971248 112.128 
  0.4081526 113.2521 
  0.1888054 114.3874 
  0.2351698 115.5342 
  0.6290819 116.6924 
  0.5748561 117.8622 
  0.3941814 119.0438 
  0.2699185 120.2372 
  0.3035161 121.4426 
  0.676067 121.4426 
  0.5370613 119.639 
  0.6767759 117.2759 
  0.8674155 116.6924 
  0.9168464 117.2759 
  0.7113731 120.2372 
  0.7276265 119.0438 
  0.8057292 119.0438 
  0.9567376 119.0438 
  0.9577994 120.2372 
  0.96779 120.2372 
  0.9639632 120.2372 
  0.9434658 120.2372 
  0.9148176 120.8384 
  0.8233618 121.4426 
  0.7513039 122.0498 
  0.9525964 124.5092 
  0.9228843 124.5092 
  0.883917 123.2734 
  0.9151844 120.8384 
  0.9802434 119.639 
  0.9903855 118.4515 
  0.9766761 117.8622 
  0.9885068 116.1118 
  0.9850738 114.9594 
  0.9672052 113.8184 
  0.9762074 112.6886 
  0.9737301 111.5702 
  0.9556576 110.4628 
  0.9566889 109.3664 
  0.8990548 108.2809 
  0.7865033 107.2061 
  0.4654608 106.142 
  -0.0363127 108.2809 
  -0.324152 110.4628 
  -0.1963349 112.6886 
  -0.0123313 114.9594 
  -0.2253373 117.2759 
  -0.01446703 119.639 
  -0.0009989045 122.0498 
  0.05226783 124.5092 
  -0.1645243 127.6532 
  0.1142299 130.2255 
  0.2830687 130.8766 
  0.771981 130.2255 
  0.4700665 125.7574 
  0.699165 123.2734 
  0.896524 122.0498 
  0.840283 120.2372 
  0.948517 119.0438 
  0.956774 119.0438 
  0.9598393 119.639 
  0.9435822 118.4515 
  0.943298 117.8622 
  0.8246132 115.5342 
  0.8658449 113.8184 
  0.9105698 112.6886 
  0.9495827 111.5702 
  0.922188 110.4628 
  0.6969597 109.3664 
  0.4131409 105.0885 
  0.5215421 102.5003 
  0.8631414 100.978 
  0.6704339 99.97575 
  0.8177494 98.00098 
  0.6541453 96.54556 
  0.7130789 93.6992 
  0.6126405 91.84841 
  0.3543497 89.58624 
  0.4102481 98.00098 
  0.5532141 97.51342 
  0.08038417 96.54556 
  -0.1822856 96.54556 
  -0.2399478 95.5873 
  0.1093005 95.5873 
  0.3988488 95.5873 
  0.3711841 96.06523 
  0.3396203 96.54556 
  0.2069816 97.51342 
  0.3585571 98.00098 
  0.6567022 97.51342 
  0.3566894 97.51342 
  0.1519397 97.51342 
  0.6123037 103.5278 
  0.3127753 103.5278 
  0.6256357 103.5278 
  0.6294156 105.0885 
  0.6099627 108.2809 
  0.9403693 110.4628 
  0.9711358 110.4628 
  0.9349961 109.9132 
  0.9199231 109.9132 
  0.9170498 109.3664 
  0.9704333 109.3664 
  0.9847429 108.8223 
  0.988592 108.8223 
  0.9883003 108.8223 
  0.9589372 108.2809 
  0.9070455 108.2809 
  0.7812639 106.6728 
  0.7738531 105.0885 
  0.9123871 104.0455 
  0.9546408 103.0128 
  0.8520424 102.5003 
  0.7823663 101.4829 
  0.6903993 100.4756 
  0.4033215 99.97575 
  0.1899024 98.98344 
  0.09507282 98.00098 
  0.2016043 97.51342 
  0.08337842 96.54556 
  0.05985615 95.5873 
  0.1575285 94.63854 
  0.09720727 94.1677 
  0.1121697 93.6992 
  -0.04034572 93.23304 
  -0.1307437 92.7692 
  -0.104988 92.30766 
  0.05237506 91.84841 
  0.2134097 90.93677 
  0.3150238 91.39146 
  0.4724455 93.23304 
  0.4229456 95.5873 
  0.6088557 98.491 
  0.6741828 101.4829 
  0.7736294 103.5278 
  0.9812689 105.0885 
  0.9986168 106.142 
  0.9959271 106.6728 
  0.8984284 107.7421 
  0.7693366 108.2809 
  0.8063878 107.2061 
  0.9178441 106.6728 
  0.9229769 106.142 
  0.9415941 106.6728 
  0.9599627 107.2061 
  0.9372163 107.7421 
  0.9092191 108.8223 
  0.9386483 109.3664 
  0.937932 109.9132 
  0.8128001 109.3664 
  0.768162 107.7421 
  0.7817317 106.142 
  0.8261392 108.8223 
  0.9697444 111.0151 
  0.9557101 112.6886 
  0.95942 112.6886 
  0.9662787 112.128 
  0.946914 111.5702 
  0.8986459 110.4628 
  0.8731287 108.8223 
  0.8378018 107.7421 
  0.762364 106.142 
  0.7699641 105.0885 
  0.9675417 105.0885 
  0.9947888 105.0885 
  0.9966527 105.0885 
  0.9952623 105.0885 
  0.9937394 105.0885 
  0.8123512 105.614 
  0.7069899 105.614 
  0.8005037 105.614 
  0.965999 105.0885 
  0.9304451 104.5657 
  0.9404858 103.5278 
  0.9496801 102.5003 
  0.9475929 101.4829 
  0.9681413 101.4829 
  0.9603614 100.978 
  0.9583982 100.978 
  0.8927735 101.4829 
  0.9162458 101.9903 
  0.9822122 102.5003 
  0.9638091 103.0128 
  0.8696697 101.9903 
  0.3376795 101.4829 
  0.2593471 89.58624 
  0.7250036 89.58624 
  0.5400878 88.25578 
  0.09370434 89.58624 
  0.4328946 89.14054 
  0.8226023 90.48434 
  0.7274156 90.48434 
  0.4037102 90.48434 
  0.2288869 90.48434 
  -0.1808526 90.48434 
  -0.313031 90.48434 
  -0.0419961 90.48434 
  0.1341491 90.48434 
  -0.02462084 90.48434 
  -0.1844848 90.48434 
  -0.0952728 90.48434 
  -0.06349445 90.48434 
  -0.2462403 90.48434 
  -0.107232 90.48434 
  -0.1011133 90.48434 
  -0.2320698 90.48434 
  -0.1975444 90.48434 
  -0.171158 90.48434 
  -0.02413364 90.48434 
  0.03608941 90.48434 
  0.09722427 90.48434 
  0.1059502 90.48434 
  0.1306507 90.48434 
  -0.1170282 90.48434 
  0.2454185 90.48434 
  -0.3338094 90.48434 
  0.3889539 90.48434 
  0.3365335 90.48434 
  0.3247824 90.48434 
  0.423604 90.48434 
  0.04040137 90.48434 
  -0.001544591 90.48434 
  0.01321848 90.48434 
  0.04278249 90.48434 
  -0.06518301 90.48434 
  0.08271389 90.48434 
  0.2539985 90.48434 
  0.1622463 90.48434 
  0.1577931 90.48434 
  0.1538237 90.48434 
  0.05228365 90.48434 
  -0.09938977 90.48434 
  0.0364643 90.48434 
  0.01725085 90.48434 
  -0.05013779 90.48434 
  -0.1417639 90.48434 
  -0.02353779 90.48434 
  0.1700983 90.48434 
  0.2627385 90.48434 
  -0.1537576 90.48434 
  -0.140911 90.48434 ]
