 [
  0.006221717 152.0001 
  -0.1065181 152.0001 
  -0.06630977 152.0001 
  0.05557735 152.0001 
  -0.06592531 152.0001 
  -0.1178976 152.0001 
  -0.1553631 152.0001 
  -0.1210719 152.0001 
  -0.09487641 152.0001 
  0.01974906 152.0001 
  0.06676041 152.0001 
  0.04639281 152.0001 
  0.02856863 152.0001 
  -0.03939573 152.0001 
  0.1446429 152.0001 
  0.06444976 152.0001 
  0.05815879 152.0001 
  -0.0987124 152.0001 
  0.04502795 152.0001 
  -0.08964038 152.0001 
  -0.07270053 152.0001 
  -0.008784179 152.0001 
  0.004144561 152.0001 
  -0.1033758 152.0001 
  -0.141153 152.0001 
  -0.08292941 152.0001 
  0.1508348 152.0001 
  0.1382723 152.0001 
  0.2006308 152.0001 
  0.1292114 152.0001 
  0.111175 152.0001 
  -0.01084568 152.0001 
  0.112968 152.0001 
  0.1343011 152.0001 
  0.297022 152.0001 
  0.3025699 152.0001 
  0.2053931 152.0001 
  0.2130598 152.0001 
  0.02410918 152.0001 
  -0.3774713 152.0001 
  -0.1365357 152.0001 
  -0.1849997 152.0001 
  0.03143184 152.0001 
  0.2186546 152.0001 
  0.3597931 152.0001 
  0.738786 152.0001 
  0.7989227 152.0001 
  0.7445798 152.0001 
  0.7819345 148.9977 
  0.8725098 146.0546 
  0.9334703 145.328 
  0.9549939 145.328 
  0.9637801 146.0546 
  0.9573843 146.0546 
  0.9447385 145.328 
  0.9742985 143.8855 
  0.9772444 143.1697 
  0.9496696 141.7487 
  0.9654646 140.3417 
  0.9690899 139.6435 
  0.855547 139.6435 
  0.8235626 138.2575 
  0.8752754 136.8852 
  0.9883093 136.8852 
  0.9927929 136.8852 
  0.9930269 136.8852 
  0.8604062 139.6435 
  0.7975636 141.0434 
  0.8557076 141.0434 
  0.9486753 141.0434 
  0.9489015 141.0434 
  0.9687744 141.0434 
  0.9557893 140.3417 
  0.9542314 140.3417 
  0.9347898 141.0434 
  0.9009949 143.1697 
  0.8307342 144.605 
  0.8295184 144.605 
  0.8622831 146.0546 
  0.8976166 146.0546 
  0.9656178 147.5188 
  0.955349 147.5188 
  0.9051414 147.5188 
  0.8020075 146.0546 
  0.385093 144.605 
  0.2998702 144.605 
  0.05410243 144.605 
  -0.01316277 144.605 
  -0.06241675 144.605 
  -0.0926901 144.605 
  0.1244771 144.605 
  0.003275607 145.328 
  0.01367257 146.0546 
  0.07839321 146.7849 
  0.1216739 147.5188 
  0.03289795 147.5188 
  0.3862291 147.5188 
  0.625982 143.8855 
  0.8005912 142.4574 
  0.9012484 138.9488 
  0.915852 136.2042 
  0.9764261 134.1814 
  0.9752268 133.5138 
  0.9738743 132.1886 
  0.9739779 130.8766 
  0.9801201 129.5776 
  0.9910421 128.2915 
  0.9870101 127.6532 
  0.8653063 127.0181 
  0.7796996 125.7574 
  0.4297298 125.7574 
  -0.2972199 126.3862 
  -0.4821054 127.0181 
  -0.09633626 127.6532 
  0.0310175 128.2915 
  -0.1010986 128.9329 
  -0.09754121 129.5776 
  -0.2068781 130.2255 
  0.01268775 130.8766 
  0.008779558 131.531 
  0.2526558 132.1886 
  0.01445384 132.8496 
  -0.07809585 133.5138 
  0.004961634 134.1814 
  -0.09448308 134.8523 
  -0.06716001 136.2042 
  0.0720407 137.5696 
  -0.08568825 139.6435 
  0.7004423 141.0434 
  0.537667 135.5266 
  0.8278186 133.5138 
  0.9339723 132.1886 
  0.92616 131.531 
  0.9050699 130.2255 
  0.8483337 130.2255 
  0.8668315 129.5776 
  0.950889 130.8766 
  0.9428641 130.2255 
  0.9491429 130.2255 
  0.8755273 128.2915 
  0.9124863 125.1317 
  0.8625216 123.2734 
  0.816432 121.4426 
  0.8946016 120.2372 
  0.9574828 120.8384 
  0.9753576 122.0498 
  0.9892074 122.0498 
  0.9891221 122.0498 
  0.9791611 121.4426 
  0.9666492 120.8384 
  0.934718 119.0438 
  0.9433646 117.2759 
  0.9205174 116.6924 
  0.7069763 117.8622 
  0.3812804 120.2372 
  -0.1681891 122.6601 
  0.6796315 125.1317 
  0.701775 127.6532 
  -0.1330272 130.2255 
  0.5363665 132.8496 
  0.7861192 132.1886 
  0.9344402 130.8766 
  0.9857156 129.5776 
  0.9903832 129.5776 
  0.9871222 130.2255 
  0.9944162 130.8766 
  0.9943663 131.531 
  0.9915367 131.531 
  0.9947204 132.1886 
  0.9923317 131.531 
  0.9937412 131.531 
  0.9921079 130.2255 
  0.9587013 128.9329 
  0.940356 127.0181 
  0.8968661 124.5092 
  0.8830277 122.6601 
  0.6338537 122.6601 
  0.09889291 123.2734 
  0.07069717 123.8897 
  0.07830676 124.5092 
  -0.003497391 125.7574 
  -0.04190627 127.0181 
  -0.08637467 127.6532 
  -0.09024297 128.2915 
  -0.1724955 128.9329 
  0.02592065 129.5776 
  0.1178773 130.2255 
  -0.05304517 130.8766 
  0.4606293 131.531 
  0.5034776 130.8766 
  0.7393922 130.2255 
  0.5928174 129.5776 
  0.2135228 128.9329 
  0.5728308 128.2915 
  0.2407672 127.6532 
  0.5804521 127.0181 
  0.4623653 126.3862 
  0.4980284 125.7574 
  0.6686999 125.1317 
  0.8406634 124.5092 
  0.8553709 124.5092 
  0.8958344 124.5092 
  0.8133212 124.5092 
  0.6990378 124.5092 
  0.4670094 124.5092 
  0.01180003 124.5092 
  0.0085529 124.5092 
  -0.03737722 124.5092 
  -0.109974 124.5092 ]
