 [
  0.2048915 115.5342 
  0.2415298 115.5342 
  0.115045 115.5342 
  0.04733727 115.5342 
  0.008028166 115.5342 
  0.08851492 115.5342 
  -0.149727 115.5342 
  -0.1863214 115.5342 
  -0.1915401 115.5342 
  -0.145527 115.5342 
  0.05451625 115.5342 
  0.1180394 115.5342 
  -0.02874516 115.5342 
  -0.07629838 115.5342 
  -0.08429015 115.5342 
  0.09400135 115.5342 
  0.0505632 115.5342 
  0.03321014 115.5342 
  0.2033435 115.5342 
  0.6288564 114.9594 
  0.8243931 115.5342 
  0.951817 114.9594 
  0.9310992 113.2521 
  0.9767919 111.5702 
  0.986354 111.0151 
  0.9770585 111.5702 
  0.9657326 112.6886 
  0.9378754 115.5342 
  0.9132037 119.0438 
  0.9478182 122.6601 
  0.9590889 125.1317 
  0.9618354 127.6532 
  0.9859312 129.5776 
  0.9918842 130.2255 
  0.9941704 130.2255 
  0.9675584 128.9329 
  0.9324076 127.0181 
  0.8767316 124.5092 
  0.8374572 122.0498 
  0.6587478 119.0438 
  0.2478757 116.6924 
  0.2512512 114.3874 
  0.08335341 112.6886 
  -0.05286478 110.4628 
  -0.07444867 108.8223 
  -0.1757872 107.2061 
  -0.07515714 105.614 
  0.05207549 104.0455 
  0.1360879 103.0128 
  -0.05948783 101.9903 
  0.2677805 100.978 
  0.3448565 100.4756 
  0.3259635 99.97575 
  0.7544329 98.98344 
  -0.1941268 100.4756 
  0.1365519 102.5003 
  0.5183782 104.5657 
  0.2204326 106.6728 
  0.2569188 108.8223 
  -0.3835934 111.0151 
  -0.04123967 113.2521 
  0.1153531 115.5342 
  0.1184596 117.8622 
  0.3522067 120.2372 
  0.443995 121.4426 
  0.373946 122.6601 
  0.08756801 125.1317 
  0.1334328 127.6532 
  0.4683615 124.5092 
  0.7182959 123.8897 
  0.9774194 123.8897 
  0.9063615 122.6601 
  0.8797284 120.2372 
  0.9698024 119.0438 
  0.9831113 118.4515 
  0.9757078 117.8622 
  0.9552038 116.6924 
  0.9254433 115.5342 
  0.898071 113.8184 
  0.8751887 111.5702 
  0.8882048 109.9132 
  0.8635644 108.2809 
  0.9218609 106.6728 
  0.9450734 105.0885 
  0.9274588 104.0455 
  0.9531893 103.5278 
  0.9838434 102.5003 
  0.9656599 101.9903 
  0.956209 101.4829 
  0.9002921 100.978 
  0.8739566 99.47836 
  0.7507845 98.00098 
  0.6775299 95.11173 
  0.4171474 92.7692 
  0.3094518 92.7692 
  0.045789 93.23304 
  0.5380047 93.6992 
  0.3340352 94.1677 
  0.7566759 94.1677 
  0.7816008 93.6992 
  0.8646471 93.23304 
  0.7646885 90.93677 
  0.8968352 88.25578 
  0.9101164 86.51251 
  0.9260816 85.2277 
  0.9672477 84.80367 
  0.941174 84.80367 
  0.7984971 85.2277 
  0.1654257 86.94508 
  0.08343886 89.14054 
  0.07739034 90.93677 
  0.007174041 92.7692 
  0.04774357 94.63854 
  0.1048762 96.54556 
  -0.165876 98.491 
  0.189657 100.4756 
  0.3282803 102.5003 
  -0.01839079 104.5657 
  0.05133591 106.6728 
  0.07617177 109.3664 
  0.322826 112.128 
  0.2386505 114.3874 
  0.1572509 116.6924 
  0.2312359 119.0438 
  0.02764806 121.4426 
  0.2355949 123.8897 
  0.6611051 120.8384 
  0.8127391 119.0438 
  0.8555193 117.8622 
  0.9272893 116.6924 
  0.9567138 116.1118 
  0.9734649 115.5342 
  0.9566796 115.5342 
  0.9630706 113.8184 
  0.9863309 113.2521 
  0.987622 113.2521 
  0.9872402 112.6886 
  0.9877144 112.6886 
  0.9733257 112.128 
  0.9654342 111.5702 
  0.9560056 109.9132 
  0.9596401 108.8223 
  0.9389937 107.2061 
  0.9119333 106.142 
  0.8929065 104.5657 
  0.8757981 103.5278 
  0.9011095 101.9903 
  0.9498071 100.978 
  0.9372535 100.978 
  0.9241391 101.9903 
  0.960212 103.0128 
  0.9579813 103.5278 
  0.9337118 104.5657 
  0.9508855 105.0885 
  0.9634972 105.614 
  0.9687595 105.614 
  0.9602952 105.614 
  0.967002 105.0885 
  0.9658909 104.5657 
  0.964758 104.0455 
  0.9378341 104.5657 
  0.8429372 104.5657 
  0.6497056 104.0455 
  0.4554889 106.6728 
  0.3277127 107.7421 
  -0.3440542 107.7421 
  0.2141317 107.7421 
  0.2379284 108.2809 
  0.214854 108.2809 
  0.01447592 108.8223 
  -0.1588717 109.3664 
  0.02097712 109.9132 
  0.2235881 110.4628 
  0.3079463 111.0151 
  0.2184975 111.5702 
  -0.018524 112.128 
  0.07938744 112.6886 
  0.0525762 113.2521 
  0.1491466 113.2521 
  0.2814728 113.2521 
  0.2848099 113.2521 
  0.005081779 113.2521 
  0.06164941 112.6886 
  0.7206005 112.128 
  0.7245678 109.9132 
  0.7884239 108.2809 
  0.7880281 106.142 
  0.8418049 104.0455 
  0.8733383 101.9903 
  0.8568434 99.97575 
  0.79821 98.491 
  0.687264 96.54556 
  0.5879735 94.1677 
  0.4683368 93.23304 
  0.1119444 94.63854 
  0.1519036 94.63854 
  -0.08129034 94.63854 
  0.007497728 94.1677 
  -0.0567468 94.1677 
  0.1433435 94.1677 
  0.2578773 94.1677 
  0.06428239 93.6992 
  0.05997621 93.23304 
  0.1499221 93.23304 
  0.3588961 92.30766 
  0.5465359 91.39146 
  0.1929638 90.93677 
  0.07740692 90.93677 
  -0.09337707 91.39146 
  -0.03018377 91.84841 
  0.002079141 92.30766 
  0.07714622 92.7692 
  0.02905654 93.23304 
  -0.03850339 93.6992 
  -0.07392277 94.1677 
  0.1133898 94.63854 
  0.06243875 95.11173 
  0.02078056 95.5873 
  0.01227125 95.5873 
  0.2628167 95.11173 
  0.5272056 94.63854 
  0.1180011 93.6992 
  0.2310196 93.23304 
  0.1235813 93.23304 
  0.2948269 93.23304 
  0.167988 93.23304 
  0.1951921 93.23304 
  0.04570095 93.23304 
  0.0561388 93.23304 
  0.08911195 93.23304 
  -0.0008660546 93.23304 
  -0.0341575 93.23304 
  0.03132088 93.23304 
  -0.03530762 93.23304 
  0.02956233 93.23304 
  0.05895632 93.23304 
  0.006388906 93.23304 
  -0.1971288 93.23304 
  -0.1265608 93.23304 
  0.0460533 93.23304 
  0.01021383 93.23304 
  0.2939617 93.23304 
  0.2832316 93.23304 
  0.0752285 93.23304 ]
