 [
  0.154802 92.7692 
  0.1590548 92.7692 
  0.007527387 92.7692 
  -0.275369 92.7692 
  -0.06240682 92.7692 
  -0.06040282 92.7692 
  0.08227873 92.7692 
  0.02846413 92.7692 
  0.1744567 92.7692 
  -0.04687802 92.7692 
  -0.04366894 92.7692 
  0.1089584 92.7692 
  0.2641961 92.7692 
  0.1519435 92.7692 
  0.1898676 90.93677 
  0.3506039 92.7692 
  0.6637776 90.93677 
  0.8620182 91.39146 
  0.826045 91.84841 
  0.8362164 93.23304 
  0.9597486 94.1677 
  0.9690701 94.1677 
  0.9519119 93.6992 
  0.949245 93.23304 
  0.8799427 92.7692 
  0.7674899 91.84841 
  0.7063605 90.03418 
  0.5948683 87.8167 
  0.6639569 85.65383 
  0.02940211 85.2277 
  0.0223699 85.65383 
  0.2007588 86.51251 
  0.7311336 89.58624 
  0.919912 90.93677 
  0.8945066 90.03418 
  0.6831497 89.14054 
  0.6729131 87.3798 
  0.7206768 85.65383 
  0.2049128 85.65383 
  0.2385204 86.51251 
  0.08062875 87.8167 
  -0.3029711 89.14054 
  -0.6179208 90.48434 
  -0.7446695 92.30766 
  -0.679738 94.1677 
  0.03658092 96.06523 
  0.7739432 97.51342 
  0.7559609 98.00098 
  0.7473413 98.00098 
  0.855188 97.51342 
  0.8978879 97.51342 
  0.9132196 98.491 
  0.9308866 99.97575 
  0.9306291 100.978 
  0.938176 100.978 
  0.9122038 101.4829 
  0.9157899 101.4829 
  0.8728054 100.978 
  0.9639138 99.47836 
  0.9608929 98.491 
  0.9740183 97.02828 
  0.9935648 96.54556 
  0.9981248 96.06523 
  0.9850568 96.06523 
  0.975438 96.54556 
  0.8940613 96.06523 
  0.8767391 95.11173 
  0.9218338 95.11173 
  0.784497 93.6992 
  0.736147 91.84841 
  0.7329111 89.58624 
  0.5679458 86.94508 
  0.5132661 85.2277 
  0.5024138 83.54424 
  0.7561697 77.13642 
  0.02899118 79.08421 
  0.02791527 81.08118 
  0.03947132 82.71502 
  -0.2219309 84.80367 
  -0.05138994 86.94508 
  0.0844738 89.14054 
  0.2811294 90.93677 
  0.06506082 92.7692 
  -0.1495376 95.11173 
  0.09437683 97.51342 
  0.1195601 99.97575 
  0.2045919 102.5003 
  0.06406479 105.0885 
  0.08031385 107.7421 
  0.790928 108.8223 
  0.8241671 108.2809 
  0.8893241 107.2061 
  0.8887416 106.6728 
  0.9513621 105.614 
  0.9421446 104.0455 
  0.969301 102.5003 
  0.9711612 101.9903 
  0.9291587 101.4829 
  0.8240027 100.4756 
  0.702376 98.98344 
  0.8423031 97.51342 
  0.9838301 96.54556 
  0.9896024 96.06523 
  0.9669698 95.5873 
  0.5953258 96.06523 
  0.6089439 96.54556 
  0.7426897 95.11173 
  0.8723227 94.63854 
  0.979744 94.1677 
  0.9767213 94.1677 
  0.9747279 93.6992 
  0.9847947 94.1677 
  0.981858 94.63854 
  0.9668379 94.63854 
  0.9216496 94.1677 
  0.8735077 93.23304 
  0.869284 92.30766 
  0.4850194 90.03418 
  0.8215518 86.51251 
  0.9475017 85.65383 
  0.9629998 85.2277 
  0.9806237 85.2277 
  0.9689296 84.80367 
  0.941581 84.80367 
  0.8666929 84.80367 
  0.6663615 84.38177 
  -0.01223909 83.54424 
  0.1665477 84.80367 
  -0.3517472 86.0821 
  -0.607784 87.8167 
  -0.7814399 89.58624 
  -0.3158444 91.39146 
  0.6738844 93.23304 
  0.5554067 96.06523 
  0.6928944 94.1677 
  0.8272337 92.7692 
  0.9165781 92.30766 
  0.9629587 92.7692 
  0.9665068 93.23304 
  0.9486502 94.1677 
  0.9434789 95.11173 
  0.971976 95.5873 
  0.9899239 96.06523 
  0.9922459 96.06523 
  0.9905989 96.06523 
  0.9877712 96.06523 
  0.987341 95.5873 
  0.9820738 95.11173 
  0.9858302 94.63854 
  0.9798819 94.1677 
  0.9776157 93.6992 
  0.9747732 93.6992 
  0.9547006 93.6992 
  0.9133394 94.1677 
  0.8395668 93.6992 
  0.765061 93.23304 
  0.7190609 91.84841 
  0.392894 90.48434 
  0.1812088 89.58624 
  0.4443712 89.58624 
  0.2876017 89.58624 
  -0.2035574 89.58624 
  -0.2456367 89.58624 
  -0.2394411 89.58624 
  -0.1299357 89.58624 
  0.2124704 89.58624 
  0.0939946 89.58624 
  0.1164077 89.58624 
  0.5340028 90.03418 
  0.4060797 90.03418 
  0.4053186 90.93677 
  0.6953852 89.58624 
  0.8951668 88.25578 
  0.901484 87.3798 
  0.885814 86.51251 
  0.8910691 85.65383 
  0.8894371 84.38177 
  0.7928032 83.54424 
  0.8409768 82.3035 
  0.9818928 81.89403 
  0.9819634 81.08118 
  0.9378389 80.27641 
  0.8804623 79.87703 
  0.5943273 79.47963 
  0.3263243 79.87703 
  0.1667013 81.08118 
  0.05521191 82.3035 
  0.3176256 83.54424 
  0.4915551 85.2277 
  0.7956813 87.3798 
  0.5981176 89.58624 
  0.6642894 91.39146 
  0.8123179 93.6992 
  0.8575059 94.63854 
  0.8040767 95.5873 
  0.9176495 97.02828 
  0.9783562 96.06523 
  0.9580618 94.63854 
  0.9334667 92.30766 
  0.9286429 90.03418 
  0.908022 88.25578 
  0.8012908 86.94508 
  0.6182989 86.51251 
  0.1656517 86.51251 
  -0.1118932 86.51251 
  0.01499864 86.51251 
  -0.1251345 86.51251 
  0.1188001 86.51251 
  -0.2522069 86.51251 
  0.09819047 86.51251 
  0.2995314 86.51251 
  0.07945378 86.51251 
  0.2326409 86.51251 
  0.3598804 86.51251 
  0.36654 86.51251 
  0.3111212 86.51251 
  0.03284387 86.51251 
  0.006660945 86.51251 
  -0.001140409 86.51251 
  0.04301546 86.51251 
  -0.2952565 86.51251 
  -0.04067568 86.51251 
  0.06037073 86.51251 
  0.04163412 86.51251 
  -0.09771583 86.51251 
  -0.1481225 86.51251 
  -0.07615875 86.51251 
  -0.01162033 86.51251 
  -0.06033934 86.51251 
  0.01908041 86.51251 
  0.01118352 86.51251 
  0.05009905 86.51251 
  -0.08651567 86.51251 
  -0.001307529 86.51251 
  0.1871505 86.51251 
  0.180682 86.51251 
  0.2300459 86.51251 
  0.1392381 86.51251 
  -0.1215829 86.51251 ]
