 [
  0.2238222 104.5657 
  0.1818205 104.5657 
  0.0981461 104.5657 
  -0.08626007 104.5657 
  -0.08776375 104.5657 
  -0.2467157 104.5657 
  -0.3769233 104.5657 
  -0.2449685 104.5657 
  -0.1243725 104.5657 
  0.06075465 104.5657 
  0.2867393 104.5657 
  -0.03682081 104.5657 
  0.6197999 104.5657 
  0.4883643 105.614 
  0.4497777 106.142 
  0.5491452 107.2061 
  0.2781747 113.2521 
  0.6711317 116.6924 
  0.9151968 117.8622 
  0.9415671 117.2759 
  0.9164875 117.8622 
  0.8729017 116.6924 
  0.6946513 116.6924 
  0.007095155 117.2759 
  0.1590965 119.0438 
  0.01692561 120.8384 
  -0.2326909 122.6601 
  0.002728071 124.5092 
  0.1344013 126.3862 
  0.1203632 128.2915 
  0.112159 130.2255 
  -0.07837532 133.5138 
  -0.005577257 138.2575 
  0.6308005 143.8855 
  0.6258363 133.5138 
  0.8701296 134.1814 
  0.9839247 134.1814 
  0.9876922 134.8523 
  0.9726679 136.2042 
  0.9878819 137.5696 
  0.9868662 138.9488 
  0.9807062 139.6435 
  0.9653927 141.0434 
  0.967993 143.1697 
  0.9737396 145.328 
  0.9433868 146.0546 
  0.867627 146.0546 
  0.7782723 146.0546 
  0.9763161 146.0546 
  0.9699348 145.328 
  0.9813777 143.8855 
  0.9697629 141.7487 
  0.8922946 139.6435 
  0.7998979 136.2042 
  0.7281555 130.2255 
  0.7446572 127.6532 
  0.6537656 125.1317 
  0.7002498 122.0498 
  0.7465487 117.8622 
  0.1487982 119.0438 
  0.3963965 120.2372 
  -0.1954936 121.4426 
  -0.0367228 122.6601 
  -0.05820008 123.8897 
  0.197215 125.7574 
  0.2531393 127.6532 
  0.04836375 129.5776 
  0.2848108 131.531 
  0.09480265 132.8496 
  0.8211701 134.1814 
  0.9056508 133.5138 
  0.9587599 133.5138 
  0.978624 132.8496 
  0.9862245 132.8496 
  0.9770273 132.1886 
  0.977975 130.8766 
  0.9632704 129.5776 
  0.9546989 128.2915 
  0.986855 127.0181 
  0.9913916 126.3862 
  0.9910879 125.7574 
  0.9971372 125.7574 
  0.9862707 125.1317 
  0.9760962 125.1317 
  0.9719751 123.8897 
  0.9095621 123.8897 
  0.8267702 122.0498 
  0.7688104 120.2372 
  0.902531 119.0438 
  0.8859742 116.6924 
  0.7940025 114.3874 
  0.3946351 114.3874 
  0.2275298 114.9594 
  -0.06687044 115.5342 
  0.2418086 116.1118 
  -0.01126385 117.2759 
  -0.04582253 117.8622 
  -0.04311296 119.0438 
  0.04800386 119.639 
  0.1231428 120.8384 
  0.2243896 121.4426 
  0.2264049 122.0498 
  -0.07893169 123.2734 
  -0.1158652 124.5092 
  0.06684351 125.7574 
  0.1645167 127.0181 
  0.6473612 130.8766 
  0.8459646 132.1886 
  0.9936104 132.8496 
  0.9961591 133.5138 
  0.9975517 134.1814 
  0.9963241 134.8523 
  0.9973606 135.5266 
  0.9959749 136.2042 
  0.9956712 136.8852 
  0.9972172 136.8852 
  0.9893472 136.8852 
  0.9295998 136.2042 
  0.789025 131.531 
  0.1742415 116.1118 
  0.1999596 98.98344 
  0.4137843 84.38177 
  0.7617629 70.51319 
  0.8573666 70.86576 
  0.8740625 70.86576 
  0.867852 70.51319 
  0.9219363 70.51319 
  0.9329 70.16238 
  0.9514925 70.16238 
  0.9578345 69.81332 
  0.9552966 69.46598 
  0.9481573 69.12038 
  0.7882428 69.46598 
  0.7774245 70.16238 
  0.8267224 69.81332 
  0.9020978 69.12038 
  0.8628414 68.7765 
  0.7868229 68.09386 
  0.6618818 67.41799 
  0.6284603 67.08258 
  -0.1001535 76.75266 
  0.5739027 83.12859 
  0.3139551 89.58624 
  -0.6991088 98.491 
  -0.3623814 108.8223 
  0.336284 119.0438 
  0.4273329 128.2915 
  0.753873 126.3862 
  0.8714102 127.6532 
  0.9918117 128.9329 
  0.9983089 129.5776 
  0.9981357 129.5776 
  0.9976323 129.5776 
  0.9968817 129.5776 
  0.9924723 128.9329 
  0.9922173 128.2915 
  0.9821237 127.6532 
  0.979142 126.3862 
  0.9581243 124.5092 
  0.9470862 122.0498 
  0.9517052 120.2372 
  0.9537637 118.4515 
  0.9490249 116.6924 
  0.941277 114.9594 
  0.9295579 112.128 
  0.9391575 110.4628 
  0.9479797 109.3664 
  0.9768498 108.2809 
  0.9888823 107.7421 
  0.9854214 107.2061 
  0.9839538 107.2061 
  0.9778705 107.2061 
  0.965252 107.2061 
  0.9502078 107.2061 
  0.8665876 106.6728 
  0.4509957 106.6728 
  -0.03448287 111.5702 
  0.270646 114.3874 
  0.4541181 115.5342 
  0.1558237 115.5342 
  0.3318472 115.5342 
  0.08444235 116.1118 
  0.1128844 116.6924 
  0.05715876 117.2759 
  0.1303423 117.2759 
  0.2485126 117.2759 
  0.4591609 117.2759 
  0.2831799 117.2759 
  0.2056001 117.8622 
  0.0132121 118.4515 
  0.03370973 118.4515 
  0.06871002 118.4515 
  0.03216604 119.0438 
  -0.02033443 119.0438 
  0.193282 119.639 
  -0.05289079 120.2372 
  0.6359021 120.8384 
  0.2739389 122.0498 
  0.25904 120.8384 
  0.2094271 116.6924 
  0.3714387 108.8223 
  0.1261065 115.5342 
  0.7628386 116.6924 
  0.7944344 115.5342 
  0.7017007 114.9594 
  0.2097419 113.8184 
  0.1500767 113.8184 
  0.05044366 113.8184 
  0.05374611 113.8184 
  0.06815688 114.3874 
  -0.02155631 114.3874 
  -0.1144537 114.9594 
  -0.0462919 115.5342 
  0.3855917 116.1118 
  0.2912904 117.8622 
  0.6891512 119.0438 
  0.9438474 118.4515 
  0.9769635 118.4515 
  0.9634711 119.0438 
  0.9602372 119.639 
  0.9304355 120.8384 
  0.9430734 122.0498 
  0.9374602 122.0498 
  0.9480834 122.6601 
  0.9712523 122.6601 
  0.9831672 123.2734 
  0.9809846 123.8897 
  0.9298939 124.5092 
  0.8412194 125.1317 
  0.7022187 125.7574 
  0.7206795 124.5092 
  0.9372399 122.6601 
  0.8836271 121.4426 
  0.9011135 120.8384 
  0.9308686 120.8384 
  0.9502718 122.6601 
  0.9622393 123.8897 
  0.9697227 123.8897 
  0.9815411 124.5092 
  0.9845239 124.5092 
  0.9832988 124.5092 
  0.8685712 124.5092 
  0.8932532 124.5092 
  0.9381481 123.8897 
  0.9823824 123.8897 
  0.9909229 123.8897 
  0.9585325 123.8897 
  0.8941723 123.8897 
  0.7460916 123.8897 
  0.9742891 125.1317 
  0.9837854 124.5092 
  0.9822067 123.8897 
  0.9955716 122.6601 
  0.9857484 122.0498 
  0.9759163 120.8384 
  0.9434164 119.639 
  0.7937337 118.4515 
  0.3881219 118.4515 
  0.2453322 119.0438 
  0.06981747 119.639 
  0.03799985 120.2372 
  -0.1656235 120.8384 
  -0.208273 121.4426 
  0.03183236 122.0498 
  -0.06847685 122.6601 
  0.06818921 123.2734 
  -0.005416425 124.5092 
  -0.02909597 125.7574 
  -0.02019755 127.0181 
  0.4835468 129.5776 
  0.7900636 130.2255 
  0.9450738 129.5776 
  0.9890684 128.9329 
  0.974869 127.6532 
  0.9624778 125.7574 
  0.9540372 123.2734 
  0.9647565 120.8384 
  0.9803432 119.0438 
  0.9809666 117.2759 
  0.9760541 116.1118 
  0.9683764 114.3874 
  0.945232 112.6886 
  0.9455453 110.4628 
  0.9624861 108.2809 
  0.9758006 107.2061 
  0.9731097 105.614 
  0.9897994 105.0885 
  0.9964973 104.5657 
  0.9874352 104.0455 
  0.9933081 104.0455 
  0.9938529 104.0455 
  0.9943016 104.0455 
  0.9902863 103.5278 
  0.9888478 103.0128 
  0.9922962 103.0128 
  0.9957975 102.5003 
  0.996859 102.5003 
  0.9950795 102.5003 
  0.9934573 103.0128 
  0.948238 103.0128 
  0.7766364 102.5003 
  0.4616323 101.9903 
  0.1962803 96.54556 
  0.2849105 93.23304 
  0.3246149 91.84841 
  0.7031806 91.39146 
  0.508971 91.39146 
  0.2141029 91.39146 
  -0.06408176 91.39146 
  0.05535837 91.39146 
  -0.08047846 91.39146 
  0.01686322 91.39146 
  0.08133826 91.84841 
  0.0782152 91.84841 
  -0.170185 91.84841 
  -0.1921664 91.39146 
  0.04031543 91.39146 
  0.08768514 91.39146 
  0.1897723 91.39146 
  0.2397197 91.39146 
  0.2163535 91.39146 
  0.07778285 91.39146 
  0.1104041 91.39146 
  0.2007531 91.39146 
  0.1908381 91.39146 
  0.1296972 91.39146 
  0.220225 91.39146 
  0.01545143 91.39146 
  -0.06322551 91.39146 
  0.01065729 91.39146 
  0.115673 91.39146 
  -0.1901175 91.39146 
  -0.232685 91.39146 
  -0.2167662 91.39146 
  -0.262343 91.39146 
  -0.1969564 91.39146 
  -0.05002417 91.39146 
  -0.04561234 91.39146 
  -0.09275983 91.39146 
  0.1450426 91.39146 
  0.1877845 91.39146 
  0.7784641 91.39146 ]
