 [
  0.08667019 228.8026 
  0.1311164 228.8026 
  0.1928768 228.8026 
  0.2248664 228.8026 
  0.07234214 228.8026 
  0.2637814 228.8026 
  0.1266764 228.8026 
  -0.09090909 228.8026 
  0.2275698 228.8026 
  0.3519609 228.8026 
  0.4442258 228.8026 
  0.1906134 228.8026 
  -0.06212325 228.8026 
  -0.2778059 228.8026 
  -0.08180526 228.8026 
  0.1375357 228.8026 
  0.2137601 228.8026 
  0.435786 228.8026 
  0.8739298 228.8026 
  0.776468 227.6642 
  0.8302285 218.7592 
  0.968501 212.3098 
  0.9886283 209.1568 
  0.9622923 206.0505 
  0.9315574 202.9904 
  0.8198204 201.9805 
  0.1753674 205.0254 
  -0.2125578 208.1162 
  0.1457093 211.2535 
  -0.203765 214.4382 
  -0.2624114 218.7592 
  -0.3272269 223.1673 
  -0.1958352 227.6642 
  -0.04088875 232.2518 
  0.1740304 235.753 
  0.02046381 239.307 
  -0.01307186 244.1292 
  0.06711836 247.8095 
  0.7271024 251.5452 
  0.6897188 213.3714 
  0.7323984 207.0808 
  0.7956908 200.9756 
  0.7585481 195.0505 
  0.8313691 189.3 
  0.9250742 185.5609 
  0.9587564 181.8956 
  0.8923696 178.3027 
  0.8167012 173.9112 
  0.8056518 169.6279 
  0.882329 165.4501 
  0.9094304 161.3751 
  0.9458925 159.7734 
  0.9561195 157.4006 
  0.9374866 155.8383 
  0.9896185 154.2915 
  0.9843733 153.5239 
  0.9547651 154.2915 
  0.9531633 155.8383 
  0.9760793 157.4006 
  0.9752997 157.4006 
  0.981551 158.1876 
  0.9268086 158.1876 
  0.84473 158.1876 
  0.5586036 161.3751 
  -0.6846528 164.6269 
  0.05557149 167.9442 
  0.4441139 170.476 
  0.09947231 173.046 
  0.1170106 175.6547 
  -0.3919117 178.3027 
  -0.1165936 181.8956 
  -0.08440803 187.4211 
  0.1206313 191.1978 
  0.226195 191.1978 
  0.06777827 189.3 
  0.118932 195.0505 
  -0.1339158 204.0054 
  0.1837603 215.5104 
  0.7414037 225.4046 
  0.7983552 216.5879 
  0.9225073 215.5104 
  0.9957206 215.5104 
  0.9814852 216.5879 
  0.990545 217.6709 
  0.9924906 217.6709 
  0.9893851 216.5879 
  0.9875382 216.5879 
  0.987447 216.5879 
  0.9944968 217.6709 
  0.9953822 218.7592 
  0.9934454 218.7592 
  0.994058 218.7592 
  0.9852178 216.5879 
  0.9886431 214.4382 
  0.9694139 212.3098 
  0.658558 212.3098 
  0.2808405 206.0505 
  0.2729573 199.9758 
  0.04117647 207.0808 
  0.02916301 210.2025 
  0.1425467 210.2025 
  0.04291516 210.2025 
  0.2315854 210.2025 
  0.09557626 210.2025 
  0.2690465 210.2025 
  0.255365 210.2025 
  0.2211636 210.2025 
  -0.06480122 209.1568 
  -0.189419 208.1162 
  -0.1459635 207.0808 
  -0.1639523 206.0505 
  -0.1931436 205.0254 
  -0.08332096 204.0054 
  0.0359965 204.0054 
  -0.02921073 204.0054 
  0.3121041 204.0054 
  0.7457818 198.9809 
  0.6515594 188.3582 
  0.7683957 185.5609 
  0.9106439 182.8051 
  0.9894327 180.9906 
  0.9950523 180.0902 
  0.9857651 179.1942 
  0.982056 178.3027 
  0.9915414 177.4156 
  0.9899105 177.4156 
  0.9944819 177.4156 
  0.9974306 177.4156 
  0.9857755 176.533 
  0.977431 174.7808 
  0.9869565 173.9112 
  0.9900979 173.046 
  0.9614487 173.9112 
  0.9536359 175.6547 
  0.976747 178.3027 
  0.9721571 179.1942 
  0.9475496 179.1942 
  0.8937442 178.3027 
  0.8185718 178.3027 
  0.1802574 178.3027 
  -0.2135534 178.3027 
  -0.5259881 178.3027 
  -0.1778974 178.3027 
  -0.07470385 178.3027 
  -0.08484787 178.3027 
  -0.03903087 178.3027 
  -0.2361665 178.3027 
  0.03205611 177.4156 
  -0.1084449 176.533 
  0.04001202 175.6547 
  -0.02201903 174.7808 
  -0.1768005 173.9112 
  -0.1994715 173.046 
  -0.06636962 172.185 
  0.4445458 170.476 
  0.5861189 166.2773 
  0.8173303 164.6269 
  0.9328358 162.9929 
  0.887194 161.3751 
  0.9025161 157.4006 
  0.9292796 155.063 
  0.9636787 152.7601 
  0.9910424 151.2439 
  0.9955095 151.2439 
  0.9932779 151.2439 
  0.9903721 151.2439 
  0.983511 150.4914 
  0.9918528 149.7427 
  0.9964902 148.9977 
  0.9960181 148.9977 
  0.9963871 148.2564 
  0.9943364 148.2564 
  0.9938753 147.5188 
  0.996959 146.7849 
  0.9982632 146.7849 
  0.9949292 146.7849 
  0.992367 146.7849 
  0.9927312 148.2564 
  0.9856181 148.9977 
  0.930599 148.2564 
  0.8425444 148.9977 
  0.6942322 150.4914 
  0.9172323 152.7601 
  0.9819866 155.063 
  0.9935406 157.4006 
  0.9943455 159.7734 
  0.9907093 162.182 
  0.9715903 164.6269 
  0.8646505 167.9442 
  0.8449607 170.476 
  0.8689889 172.185 
  0.9090425 172.185 
  0.8247567 172.185 
  0.5434415 171.3284 
  -0.07255768 171.3284 
  -0.0778098 171.3284 
  -0.2310708 171.3284 
  -0.0662094 171.3284 
  0.1495918 171.3284 
  0.1687678 171.3284 
  0.2465743 171.3284 
  0.06500802 171.3284 
  0.2082722 171.3284 
  -0.1867332 170.476 
  0.7122461 169.6279 
  0.7575549 167.1087 
  0.894275 164.6269 
  0.9673861 162.9929 
  0.9866443 161.3751 
  0.9664422 159.7734 
  0.940523 158.9785 
  0.842078 158.1876 
  0.5641394 158.9785 
  0.2945974 158.9785 
  -0.3207715 158.1876 
  -0.4305575 157.4006 
  -0.7470287 156.6175 
  -0.3968166 155.8383 
  -0.3547022 155.063 
  -0.1031048 153.5239 
  0.5391821 154.2915 
  0.6969141 152.7601 
  0.8474525 151.2439 
  0.9658058 148.9977 
  0.8710868 147.5188 
  0.7082071 146.7849 
  -0.3132249 148.2564 
  -0.08380043 149.7427 
  0.03511638 151.2439 
  0.7035975 152.7601 
  0.5305995 154.2915 
  -0.0202841 155.8383 
  0.03103041 157.4006 
  0.01522143 158.9785 
  0.05373366 161.3751 
  0.1732291 162.9929 
  0.4266166 163.8079 
  0.7057644 163.8079 
  0.8281593 161.3751 
  0.9715323 160.5723 
  0.981889 161.3751 
  0.9851315 162.182 
  0.982621 162.9929 
  0.9873661 163.8079 
  0.9829547 163.8079 
  0.9636691 164.6269 
  0.9645101 164.6269 
  0.9869811 166.2773 
  0.9857676 167.9442 
  0.976281 168.784 
  0.983461 169.6279 
  0.9807656 171.3284 
  0.9653941 172.185 
  0.9654537 173.9112 
  0.9590991 176.533 
  0.9641989 179.1942 
  0.9819262 180.9906 
  0.9835836 182.8051 
  0.9849942 184.6377 
  0.9899977 185.5609 
  0.9917612 186.4887 
  0.9942379 188.3582 
  0.9940576 188.3582 
  0.9931912 189.3 
  0.9946038 191.1978 
  0.9693721 193.1145 
  0.9569408 194.0801 
  0.9582343 194.0801 
  0.9950283 194.0801 
  0.9977209 195.0505 
  0.9971372 196.0257 
  0.9961015 197.0059 
  0.9760817 197.9909 
  0.936795 198.9809 
  0.927938 199.9758 
  0.986297 199.9758 
  0.9992548 198.9809 
  0.9991389 198.9809 
  0.9983519 198.9809 
  0.9982185 198.9809 
  0.9977696 198.9809 
  0.9898704 198.9809 
  0.9628226 197.9909 
  0.9157925 196.0257 
  0.3625346 194.0801 
  -0.4358451 192.1537 
  -0.4079314 190.2465 
  -0.2465461 189.3 
  -0.1590635 189.3 
  0.1397561 189.3 
  0.2604516 189.3 
  0.2226288 189.3 
  0.1728839 189.3 
  0.06750637 189.3 
  -0.08982346 189.3 
  -0.1449285 189.3 
  0.03035306 189.3 
  0.09320305 189.3 
  0.3257421 188.3582 
  0.1062064 187.4211 
  0.1631004 186.4887 
  -0.0776407 185.5609 
  0.1095877 184.6377 
  0.199932 183.7191 
  0.6232197 180.0902 
  0.6472273 174.7808 
  0.8878568 170.476 
  0.9708522 167.1087 
  0.9878241 165.4501 
  0.9856725 165.4501 
  0.9864247 165.4501 
  0.9868106 166.2773 
  0.987022 166.2773 
  0.9926147 166.2773 
  0.9931734 166.2773 
  0.9899492 166.2773 
  0.9864761 166.2773 
  0.9823879 167.1087 
  0.9893283 168.784 
  0.9964143 169.6279 
  0.9953285 169.6279 
  0.9942063 169.6279 
  0.9954877 171.3284 
  0.9897799 173.046 
  0.9781802 174.7808 
  0.9284761 176.533 
  0.8336643 177.4156 
  0.7577249 176.533 
  0.9386433 175.6547 
  0.9690713 175.6547 
  0.9561775 175.6547 
  0.659029 175.6547 
  0.2887903 175.6547 
  0.289445 174.7808 
  0.1677154 174.7808 
  0.4519604 173.9112 
  -0.3190127 173.046 
  -0.06415069 173.046 
  0.5651093 168.784 
  0.6271397 155.8383 
  0.8582689 152.0001 
  0.9956014 150.4914 
  0.9967305 149.7427 
  0.9941046 149.7427 
  0.9915497 149.7427 
  0.9899577 148.9977 
  0.994753 147.5188 
  0.9975771 146.7849 
  0.9995968 146.0546 
  0.9951781 145.328 
  0.9980354 144.605 
  0.991922 143.1697 
  0.9839231 142.4574 
  0.9923361 141.0434 
  0.9947188 140.3417 
  0.9928932 139.6435 
  0.9958301 139.6435 
  0.9972603 139.6435 
  0.998796 139.6435 
  0.9957334 140.3417 
  0.997462 140.3417 
  0.9908377 141.0434 
  0.9789147 142.4574 
  0.9771479 143.8855 
  0.9789648 145.328 
  0.9835364 146.7849 
  0.9588501 146.7849 
  0.8913603 146.7849 
  0.633877 148.9977 
  0.2545905 152.0001 
  0.3898329 155.063 
  0.02445313 158.9785 
  0.02355327 162.9929 
  -0.08312623 167.1087 
  0.01881856 171.3284 
  0.325488 174.7808 
  0.5100782 175.6547 
  0.6684896 175.6547 
  0.39874 174.7808 
  0.1760885 174.7808 
  0.0007684045 174.7808 
  -0.07195076 174.7808 
  -0.05276286 174.7808 
  0.0405805 174.7808 
  -0.2970701 174.7808 
  0.02034779 174.7808 
  0.2544481 174.7808 
  0.1611067 174.7808 
  0.01756898 174.7808 
  -0.1163865 174.7808 
  0.1929392 174.7808 
  0.1271967 174.7808 
  0.1050767 174.7808 
  0.08598097 174.7808 
  0.2477295 174.7808 
  0.0694977 173.046 
  0.2292089 167.9442 
  0.3573139 151.2439 
  0.6630971 152.7601 
  0.9905729 153.5239 
  0.9942533 153.5239 
  0.9476019 153.5239 
  0.9044508 152.7601 
  0.8630517 152.0001 
  0.9791117 153.5239 
  0.9872487 153.5239 
  0.9921315 153.5239 
  0.9954339 153.5239 
  0.9924991 152.7601 
  0.9889712 152.0001 
  0.9873105 151.2439 
  0.9788982 150.4914 
  0.960102 149.7427 
  0.9205689 149.7427 
  0.9737579 151.2439 
  0.9983571 152.0001 
  0.9985926 152.0001 
  0.9124215 152.7601 
  0.9313518 153.5239 
  0.9552357 152.7601 
  0.983397 151.2439 
  0.9909592 151.2439 
  0.9965284 150.4914 
  0.9897342 150.4914 
  0.9894134 150.4914 
  0.9844567 150.4914 
  0.961816 151.2439 
  0.895257 151.2439 
  0.8422266 152.7601 
  0.944905 154.2915 
  0.9769459 155.063 
  0.9905759 155.8383 
  0.9922874 155.8383 
  0.9964991 155.8383 
  0.9963564 156.6175 
  0.9963275 157.4006 
  0.9895247 158.9785 
  0.9750885 161.3751 
  0.9732963 163.8079 
  0.9796024 166.2773 
  0.9836901 169.6279 
  0.9847576 173.046 
  0.9899873 175.6547 
  0.9929225 178.3027 
  0.9924262 180.0902 
  0.9950526 182.8051 
  0.9976735 184.6377 
  0.9938184 185.5609 
  0.9939839 188.3582 
  0.9981018 189.3 
  0.9965612 190.2465 
  0.9941871 192.1537 
  0.9968317 194.0801 
  0.9984387 195.0505 
  0.9936714 196.0257 
  0.9837049 197.0059 
  0.958464 197.9909 
  0.8999147 197.0059 
  0.706284 194.0801 
  -0.08766754 189.3 
  0.1395766 185.5609 
  0.1687805 183.7191 
  0.01164406 183.7191 
  -0.06938257 182.8051 
  0.0885685 180.9906 
  0.1517267 180.0902 
  0.1137488 178.3027 
  0.107347 173.9112 
  0.06464584 169.6279 
  0.1077814 166.2773 
  0.4767218 162.9929 
  0.6644046 157.4006 
  0.8395298 150.4914 
  0.8375302 146.7849 
  0.8778154 142.4574 
  0.9674115 140.3417 
  0.9500735 138.2575 
  0.8156777 138.2575 
  0.7293353 137.5696 
  0.9168657 136.8852 
  0.9179839 136.8852 
  0.9630235 138.2575 
  0.9897636 139.6435 
  0.9960949 139.6435 
  0.9928497 139.6435 
  0.9968504 140.3417 
  0.9985512 140.3417 
  0.9926009 140.3417 
  0.9452105 139.6435 
  0.5903174 140.3417 
  0.1959061 141.7487 
  -0.2561907 146.0546 
  -0.2584275 149.7427 
  -0.05483173 152.7601 
  0.3932154 155.063 
  0.01214063 157.4006 
  -0.2111222 159.7734 
  -0.0339077 162.182 
  0.2885748 161.3751 
  0.3781511 156.6175 
  0.4340232 159.7734 
  0.7456182 158.1876 
  0.847181 158.9785 
  0.9706097 158.9785 
  0.9849563 158.9785 
  0.979912 159.7734 
  0.9701811 161.3751 
  0.9815141 162.9929 
  0.9889452 162.9929 
  0.9890556 162.9929 
  0.9351732 160.5723 
  0.8286526 158.1876 
  0.7270249 153.5239 
  0.8329878 148.2564 
  0.7619386 144.605 
  0.6792493 139.6435 
  0.6352433 134.8523 
  0.9546179 132.8496 
  0.973222 131.531 
  0.975722 130.8766 
  0.9791139 131.531 
  0.9506226 132.1886 
  0.9755692 132.8496 
  0.9486313 134.1814 
  0.9512784 134.8523 
  0.9494953 136.2042 
  0.9259971 137.5696 
  0.8978136 137.5696 
  0.8527483 137.5696 
  0.6273603 136.2042 
  0.1793679 136.2042 
  0.1261212 136.8852 
  -0.02804113 138.2575 
  0.05294074 139.6435 
  0.08899149 141.0434 
  0.1583976 142.4574 
  -0.1323068 143.8855 
  0.3811788 145.328 
  0.3233706 146.7849 
  0.1910726 148.2564 
  0.1239245 149.7427 
  0.113736 152.0001 
  -0.06265198 156.6175 
  0.05075807 163.8079 
  0.4382839 170.476 
  0.6567851 177.4156 
  0.7457264 168.784 
  0.7391543 164.6269 
  0.6712384 157.4006 
  0.8386741 153.5239 
  0.9699502 150.4914 
  0.9649893 148.9977 
  0.9096888 145.328 
  0.8099149 142.4574 
  0.8013886 136.8852 
  0.8408209 132.8496 
  0.8315679 129.5776 
  0.8529778 128.9329 
  0.6403394 127.6532 
  0.4078435 128.2915 
  0.4469515 130.8766 
  0.1605238 136.2042 
  0.192996 138.2575 
  0.1575606 132.8496 
  0.2784671 131.531 
  0.2503492 132.8496 
  0.3467148 152.7601 
  0.3578704 153.5239 
  0.02518616 155.063 
  -0.5016353 155.8383 
  0.1906547 156.6175 
  0.4563116 158.1876 
  0.1069863 158.9785 
  0.09134045 159.7734 
  0.4575891 160.5723 
  0.7077468 161.3751 
  0.771354 161.3751 
  0.7658688 160.5723 
  0.4862987 160.5723 
  0.2846458 160.5723 
  0.1880607 160.5723 
  -0.1636761 160.5723 
  0.05415662 160.5723 
  -0.02879951 160.5723 
  -0.06108962 160.5723 
  -0.1954931 160.5723 
  0.006273663 160.5723 
  0.01115578 160.5723 
  0.06237764 160.5723 
  -0.07149859 160.5723 
  0.1980542 160.5723 
  0.215776 160.5723 
  -0.01261853 160.5723 
  -0.3588944 160.5723 
  -0.2274623 160.5723 
  -0.2346212 160.5723 
  -0.3109206 160.5723 
  -0.2281984 160.5723 
  -0.1093794 160.5723 
  0.09095243 160.5723 
  0.09546418 160.5723 
  0.216932 160.5723 
  0.1122885 160.5723 
  0.01430919 160.5723 
  -0.1624698 160.5723 
  -0.2042044 160.5723 
  -0.2457091 160.5723 
  0.1690341 160.5723 
  0.3289269 160.5723 
  -0.1094997 160.5723 
  -0.1128566 160.5723 
  -0.08318894 160.5723 
  -0.02475544 160.5723 
  -0.2001119 160.5723 ]
