 [
  0.008024928 99.97575 
  -0.06690951 99.97575 
  -0.03236114 99.97575 
  0.07326698 99.97575 
  0.05651609 99.97575 
  0.0005604248 99.97575 
  -0.1825294 99.97575 
  -0.08722947 99.97575 
  -0.06211554 99.97575 
  0.0184756 99.97575 
  -0.1885222 99.97575 
  -0.1907939 99.97575 
  -0.1132348 99.97575 
  0.05725376 99.97575 
  0.03795112 99.97575 
  0.1560138 99.97575 
  0.159233 99.97575 
  0.1331077 101.4829 
  0.1122745 104.0455 
  0.748367 109.9132 
  0.7700478 108.2809 
  0.6940247 109.3664 
  0.6183693 108.8223 
  0.5917041 108.2809 
  0.7807913 103.0128 
  0.7038327 97.51342 
  0.7460089 93.6992 
  0.6436942 91.84841 
  0.5638331 91.84841 
  0.5478825 92.7692 
  0.4225691 93.6992 
  0.3650599 95.11173 
  0.1431688 96.54556 
  0.486806 98.00098 
  0.8303891 99.97575 
  0.926514 101.4829 
  0.9856581 103.0128 
  0.9498134 104.5657 
  0.4635376 106.6728 
  0.5287089 108.8223 
  0.8206975 111.0151 
  0.8808162 112.6886 
  0.9472933 112.6886 
  0.9897088 112.6886 
  0.99148 112.6886 
  0.9711075 113.2521 
  0.9270382 115.5342 
  0.8434284 119.0438 
  0.9048833 121.4426 
  0.8854404 123.2734 
  0.7462019 126.3862 
  0.8442854 132.1886 
  0.97006 135.5266 
  0.9931957 136.2042 
  0.9971167 136.2042 
  0.9964037 136.2042 
  0.9952564 135.5266 
  0.994036 135.5266 
  0.9871083 134.8523 
  0.9760251 134.1814 
  0.9733433 133.5138 
  0.9802909 132.1886 
  0.9725128 130.8766 
  0.9649011 130.8766 
  0.9527469 130.2255 
  0.9474714 130.2255 
  0.9163529 128.9329 
  0.8779788 127.6532 
  0.9256947 125.1317 
  0.928933 123.8897 
  0.8508177 121.4426 
  0.87115 119.0438 
  0.843448 117.2759 
  0.8672569 114.9594 
  0.859925 112.6886 
  0.8078902 110.4628 
  0.8353266 107.7421 
  0.956337 106.6728 
  0.9828001 106.142 
  0.9771234 106.142 
  0.929889 105.0885 
  0.9539363 104.0455 
  0.9837964 103.5278 
  0.9718581 103.5278 
  0.9709047 103.0128 
  0.9682989 104.0455 
  0.9746087 104.0455 
  0.9604249 103.5278 
  0.9602589 103.0128 
  0.9850434 102.5003 
  0.9826238 102.5003 
  0.9767404 102.5003 
  0.9455905 103.5278 
  0.904937 104.0455 
  0.9389219 105.0885 
  0.9275282 105.614 
  0.9249095 105.0885 
  0.8755267 105.0885 
  0.8617474 105.0885 
  0.8202294 103.5278 
  0.7057256 101.4829 
  0.710316 101.4829 
  -0.07901873 101.4829 
  -0.1083819 101.4829 
  -0.08865474 101.4829 
  -0.03573359 101.4829 
  0.1189352 101.4829 
  0.004299008 101.9903 
  -0.09607242 102.5003 
  0.02600071 103.0128 
  0.1361404 103.5278 
  0.2268734 104.0455 
  0.146182 104.5657 
  0.09025963 105.0885 
  -0.00337855 105.614 
  0.2171613 106.142 
  -0.02722883 106.6728 
  -0.1248725 107.2061 
  -0.1168875 107.2061 
  -0.09834369 107.2061 
  0.0427687 107.2061 
  0.3071533 107.2061 
  0.5696998 107.7421 
  0.216721 112.6886 
  0.4175935 109.3664 
  0.5812746 108.2809 
  0.9157019 107.2061 
  0.9033137 105.614 
  0.959475 105.0885 
  0.940643 106.142 
  0.9264986 107.2061 
  0.9499485 108.2809 
  0.8775104 108.2809 
  0.7845926 107.2061 
  0.7769085 105.614 
  0.3659559 105.614 
  0.1033567 106.142 
  0.6308078 106.142 
  0.1011119 106.142 
  -0.06902023 106.142 
  0.05140627 106.142 
  0.0344703 106.142 
  0.1315127 106.142 
  0.1936859 106.142 
  0.6575102 105.614 
  -0.1762902 105.0885 
  0.06546101 105.0885 
  0.3015904 105.0885 
  0.6090122 104.5657 
  0.8006164 103.5278 
  0.9442101 101.9903 
  0.9292656 100.4756 
  0.9526568 98.98344 
  0.9439578 97.02828 
  0.9110731 95.5873 
  0.8983033 93.6992 
  0.8073102 92.7692 
  0.3764659 93.6992 
  0.2363393 94.63854 
  0.03873282 96.06523 
  0.1325749 97.51342 
  -0.01708196 98.98344 
  0.02537146 100.4756 
  0.06812942 101.4829 
  0.185971 102.5003 
  0.05997017 103.5278 
  0.151438 105.0885 
  0.1689389 106.142 
  0.116955 107.7421 
  -0.02584729 109.3664 
  -0.01712505 111.0151 
  0.104581 112.128 
  0.008091312 113.2521 
  0.3876624 115.5342 
  0.690209 118.4515 
  0.7804854 120.2372 
  0.9531205 120.2372 
  0.9673024 119.0438 
  0.9787504 119.639 
  0.9625981 119.639 
  0.9107137 119.639 
  0.835649 119.0438 
  0.5144559 120.8384 
  0.933455 123.2734 
  0.9804498 124.5092 
  0.96536 125.1317 
  0.8075199 125.7574 
  0.8210888 125.1317 
  0.8431867 125.7574 
  0.8791028 126.3862 
  0.9233193 127.6532 
  0.917083 128.2915 
  0.9365432 128.9329 
  0.9419736 129.5776 
  0.9379844 130.2255 
  0.947105 130.2255 
  0.9660626 130.2255 
  0.9752448 129.5776 
  0.9854783 129.5776 
  0.9926303 128.9329 
  0.9897814 128.9329 
  0.99273 128.9329 
  0.9952966 128.9329 
  0.9906425 128.9329 
  0.993302 128.2915 
  0.9930471 128.2915 
  0.9935129 127.6532 
  0.9931763 127.0181 
  0.9840657 126.3862 
  0.9356015 126.3862 
  0.8504024 126.3862 
  0.6924047 126.3862 
  0.3412067 127.0181 
  0.01932995 127.6532 
  -0.2025712 128.2915 
  0.02909162 128.9329 
  -0.01101961 129.5776 
  0.02885975 130.2255 
  -0.104395 130.8766 
  -0.06029664 131.531 
  -0.09613144 132.1886 
  0.0927747 132.8496 
  -0.1024656 133.5138 
  -0.1070405 134.1814 
  -0.08926278 134.8523 
  -0.1035271 135.5266 
  0.1036862 136.2042 
  0.1954655 136.8852 
  0.3277733 137.5696 
  0.0235627 138.2575 
  0.6750557 138.9488 
  0.3337312 126.3862 
  0.7459146 122.6601 
  0.9572657 120.8384 
  0.9217345 119.0438 
  0.8813508 115.5342 
  0.8866051 112.128 
  0.9604133 109.3664 
  0.9898443 108.2809 
  0.9731451 106.6728 
  0.9625301 104.5657 
  0.9764089 103.0128 
  0.9919313 101.9903 
  0.9815861 101.4829 
  0.9865878 100.4756 
  0.9952049 99.47836 
  0.9899378 98.98344 
  0.9914372 98.00098 
  0.9953045 98.00098 
  0.9954826 98.00098 
  0.9904236 97.51342 
  0.9853294 96.54556 
  0.966139 96.06523 
  0.9451898 95.5873 
  0.9303622 95.11173 
  0.8726678 95.11173 
  0.7960443 94.1677 
  0.8344747 93.23304 
  0.8868579 92.7692 
  0.9048091 92.7692 
  0.9142804 92.7692 
  0.957628 92.7692 
  0.912466 92.30766 
  0.8556658 91.39146 
  0.8805574 90.03418 
  0.7854286 90.03418 
  0.7424643 90.03418 
  0.7188516 90.03418 
  0.6855922 92.7692 
  0.2853318 95.5873 
  0.3502354 98.491 
  0.2633372 101.9903 
  -0.09027937 105.614 
  0.1346031 108.8223 
  0.00378765 111.5702 
  0.1498624 114.9594 
  0.3347392 116.1118 
  0.3026468 116.1118 
  0.4619642 113.8184 
  0.8517873 112.6886 
  0.6394135 108.8223 
  0.7306459 106.142 
  0.9345612 105.0885 
  0.9704058 104.0455 
  0.954621 104.0455 
  0.9530077 104.0455 
  0.9554754 104.0455 
  0.9666877 104.0455 
  0.9719736 103.5278 
  0.9742609 103.5278 
  0.9055837 104.5657 
  0.9180322 106.142 
  0.9844213 106.6728 
  0.9791367 106.6728 
  0.9859732 106.6728 
  0.9914392 106.6728 
  0.9948766 106.6728 
  0.975938 106.142 
  0.956048 105.0885 
  0.9651108 103.0128 
  0.8904238 101.4829 
  0.8650995 98.98344 
  0.8395277 97.02828 
  0.6798397 96.06523 
  -0.0546892 97.02828 
  -0.04163168 98.491 
  0.3539603 99.97575 
  0.1548126 100.978 
  0.2663384 101.9903 
  0.3218602 103.0128 
  0.6969816 107.2061 
  0.8792347 106.6728 
  0.9555179 106.6728 
  0.8532316 105.0885 
  0.8728377 102.5003 
  0.8118874 99.97575 
  0.6118196 97.02828 
  0.4686798 93.6992 
  -0.0008862629 95.5873 
  0.4508398 97.02828 
  0.2468752 99.47836 
  0.5823898 102.5003 
  0.484142 106.142 
  0.7547724 108.8223 
  0.8266541 109.3664 
  0.8184118 106.142 
  0.8551379 103.0128 
  0.9575349 101.9903 
  0.9757072 101.4829 
  0.9713455 100.4756 
  0.9920067 99.47836 
  0.9643297 98.491 
  0.9499123 97.51342 
  0.90242 96.54556 
  0.8432943 95.11173 
  0.8960128 93.23304 
  0.9185698 91.84841 
  0.954151 91.39146 
  0.9749592 90.93677 
  0.8813691 90.03418 
  0.7999417 89.58624 
  0.9108745 88.25578 
  0.9427823 87.3798 
  0.9407327 86.94508 
  0.7558558 87.3798 
  0.6203515 86.94508 
  0.4567202 86.0821 
  0.3493505 85.65383 
  0.2284056 85.2277 
  -0.1003103 84.80367 
  -0.4953608 84.80367 
  -0.6787633 84.80367 
  -0.6506236 84.80367 
  -0.5484204 84.80367 
  -0.3144388 84.80367 
  0.06995958 84.80367 
  0.1313505 84.80367 
  -0.08823408 84.80367 
  -0.4398699 84.80367 
  -0.5087481 84.80367 ]
