 [
  -0.0004811324 128.2915 
  0.2009446 128.2915 
  0.1323625 128.2915 
  0.1209028 128.2915 
  0.1159934 128.2915 
  0.07980784 128.2915 
  -0.09639185 128.2915 
  -0.1139028 128.2915 
  0.2144718 128.2915 
  0.3467344 128.2915 
  0.2653911 128.2915 
  0.003195567 128.2915 
  0.1323116 128.2915 
  0.7346718 128.2915 
  0.7380971 125.7574 
  0.8949546 125.7574 
  0.9314543 127.0181 
  0.9459079 128.9329 
  0.9066436 130.8766 
  0.9173647 133.5138 
  0.9169725 136.2042 
  0.9133202 138.9488 
  0.92132 141.7487 
  0.9464154 144.605 
  0.9431678 146.0546 
  0.9015862 147.5188 
  0.9797258 151.2439 
  0.9932701 154.2915 
  0.5847231 164.6269 
  0.2269714 250.2938 
  0.9414967 283.5317 
  0.9912479 290.6912 
  0.9217827 290.6912 
  0.91708 282.1211 
  0.8791645 273.8036 
  0.856827 265.7313 
  0.9468566 254.067 
  0.9747356 246.5766 
  0.9811795 242.9146 
  0.9792748 238.1164 
  0.9783738 233.4131 
  0.9757715 229.9466 
  0.9596561 226.5316 
  0.9256719 224.2832 
  0.5248633 224.2832 
  0.7333174 224.2832 
  0.2472561 223.1673 
  0.07386938 223.1673 
  0.2242291 223.1673 
  -0.1873994 220.9523 
  0.6390083 222.057 
  0.8194254 218.7592 
  0.9788058 216.5879 
  0.9924061 215.5104 
  0.9936495 215.5104 
  0.9822472 215.5104 
  0.9629861 216.5879 
  0.9352132 219.853 
  0.9029522 220.9523 
  0.7233965 223.1673 
  0.02500334 225.4046 
  0.006048915 227.6642 
  0.02407466 229.9466 
  -0.01652811 232.2518 
  0.03553771 234.5801 
  0.02415702 236.9318 
  -0.09930044 240.5036 
  0.2674605 244.1292 
  0.07785055 247.8095 
  0.1973274 251.5452 
  0.229139 255.3373 
  0.3025995 256.614 
  0.3538983 254.067 
  0.5374576 246.5766 
  0.8153422 238.1164 
  0.8239362 229.9466 
  0.9258255 222.057 
  0.9719555 216.5879 
  0.9864682 213.3714 
  0.9369105 212.3098 
  0.8934953 212.3098 
  0.8727539 213.3714 
  0.9373543 214.4382 
  0.6666178 215.5104 
  0.2862276 216.5879 
  0.1332722 217.6709 
  0.1251519 218.7592 
  0.1591548 219.853 
  0.3861105 220.9523 
  0.4232314 222.057 
  0.2387913 223.1673 
  -0.1468572 224.2832 
  -0.1073689 225.4046 
  0.5880439 231.0963 
  0.8194604 232.2518 
  0.9541309 232.2518 
  0.9535784 233.4131 
  0.9157774 236.9318 
  0.8963707 240.5036 
  0.9409688 247.8095 
  0.9477279 251.5452 
  0.9483373 254.067 
  0.9758227 256.614 
  0.9820556 257.8971 
  0.9845919 256.614 
  0.9409035 255.3373 
  0.9364066 251.5452 
  0.9606568 242.9146 
  0.9712217 235.753 
  0.9621922 228.8026 
  0.9614673 223.1673 
  0.9538075 219.853 
  0.6743509 218.7592 
  0.6007251 216.5879 
  0.5989609 213.3714 
  0.4935371 210.2025 
  0.3718007 202.9904 
  0.4251212 200.9756 
  0.7109088 202.9904 
  0.8410608 204.0054 
  0.5590652 205.0254 
  0.02878113 206.0505 
  -0.1431067 207.0808 
  0.1951392 208.1162 
  0.173339 209.1568 
  0.1827977 210.2025 
  -0.05125192 211.2535 
  -0.002806569 212.3098 
  -0.02825487 213.3714 
  0.130593 214.4382 
  0.09831876 215.5104 
  -0.3064565 216.5879 
  0.6503907 216.5879 
  0.8185833 217.6709 
  0.9740083 217.6709 
  0.9894004 218.7592 
  0.9818929 220.9523 
  0.9869802 224.2832 
  0.9206535 229.9466 
  0.836837 236.9318 
  0.8541886 236.9318 
  0.9005611 236.9318 
  0.9549874 241.7061 
  0.9291168 245.3498 
  0.6567414 256.614 
  0.4976744 264.4093 
  0.4563196 257.8971 
  0.3494102 251.5452 
  0.4016322 249.0485 
  0.3660103 246.5766 
  0.2828094 244.1292 
  0.5971959 241.7061 
  0.6941311 239.307 
  0.7108147 236.9318 
  0.7341927 234.5801 
  0.7778038 232.2518 
  0.9090459 229.9466 
  0.1522797 227.6642 
  0.1151887 225.4046 
  0.7044422 223.1673 
  0.6793506 215.5104 
  0.729876 215.5104 
  0.1267031 233.4131 
  0.2538431 252.8029 
  0.4198487 263.0938 
  0.4635455 272.4414 
  0.5431235 272.4414 
  0.5182986 272.4414 
  0.4949636 268.3953 
  0.5804408 260.4825 
  0.6175206 257.8971 
  0.7161092 256.614 
  0.6902329 255.3373 
  0.7476127 254.067 
  0.7813424 252.8029 
  0.8281431 252.8029 
  0.8086073 252.8029 
  0.5813326 252.8029 
  0.4460386 252.8029 
  0.4599748 252.8029 
  0.2237161 252.8029 
  0.2362279 252.8029 
  0.1959482 252.8029 
  0.2991791 252.8029 
  0.08903518 252.8029 
  -0.04048128 252.8029 
  0.03574254 252.8029 
  0.1043595 252.8029 
  0.113583 252.8029 
  0.05747303 252.8029 
  0.03815707 252.8029 
  -0.01435176 252.8029 
  0.09951346 252.8029 
  0.09122268 252.8029 
  -0.1938103 252.8029 
  -0.3455466 252.8029 ]
