 [
  0.1750891 110.4628 
  0.05557429 110.4628 
  0.1746045 110.4628 
  0.1678655 110.4628 
  0.08468468 110.4628 
  -0.2075905 110.4628 
  -0.2363909 110.4628 
  -0.1813363 110.4628 
  -0.02693424 110.4628 
  0.02190559 110.4628 
  -0.04202324 110.4628 
  -0.03634511 110.4628 
  0.06185675 110.4628 
  0.04861692 110.4628 
  0.02748276 110.4628 
  0.1993742 110.4628 
  0.2104731 110.4628 
  0.6839773 110.4628 
  -0.06012755 110.4628 
  -0.1134982 110.4628 
  0.03273213 110.4628 
  0.5221444 110.4628 
  0.3005773 111.0151 
  0.7144771 108.2809 
  0.9428007 108.8223 
  0.9685101 108.8223 
  0.9731328 109.3664 
  0.9542142 110.4628 
  0.9056832 111.5702 
  0.8466924 113.2521 
  0.7847578 115.5342 
  0.7432688 119.0438 
  0.6215833 123.8897 
  0.7847854 128.2915 
  0.930419 130.2255 
  0.8782378 131.531 
  0.7460907 131.531 
  0.6343551 128.2915 
  0.6505051 128.2915 
  0.2705883 131.531 
  0.2874241 134.1814 
  0.7621099 137.5696 
  0.8366082 135.5266 
  0.8136484 132.8496 
  0.6837108 129.5776 
  0.7910913 125.7574 
  0.7313162 123.2734 
  0.2810642 120.8384 
  0.3918477 117.2759 
  0.6807511 116.6924 
  0.7645203 119.639 
  0.7153483 123.8897 
  0.6631847 128.9329 
  0.7772529 131.531 
  0.8199197 130.2255 
  0.8961959 128.9329 
  0.9548954 128.2915 
  0.9848675 128.9329 
  0.9759408 128.9329 
  0.9586183 128.2915 
  0.8950716 127.0181 
  0.8074334 124.5092 
  0.7914925 120.8384 
  0.09208721 119.639 
  0.344997 119.0438 
  0.430692 118.4515 
  0.2821335 117.8622 
  0.04469838 117.2759 
  0.05619574 116.6924 
  0.3471668 116.1118 
  0.1443806 115.5342 
  -0.1636216 114.9594 
  -0.1178143 114.3874 
  -0.07458175 113.8184 
  -0.2388116 113.2521 
  -0.06796594 112.6886 
  0.6858241 112.128 
  0.7985635 114.3874 
  0.9093179 114.9594 
  0.9596025 114.9594 
  0.9631344 113.8184 
  0.8597495 112.6886 
  0.8218234 111.0151 
  0.5896286 110.4628 
  0.9206617 111.0151 
  0.8629187 111.0151 
  0.5616235 110.4628 
  0.3260635 109.9132 
  0.245434 109.3664 
  0.2176334 109.3664 
  0.05307549 109.3664 
  0.2275288 109.3664 
  0.6712381 109.3664 
  0.1763657 109.3664 
  0.09933465 108.8223 
  0.03669002 109.3664 
  0.2594735 108.8223 
  0.4233762 107.7421 
  0.4433199 106.6728 
  0.4161762 101.9903 
  0.8032743 98.98344 
  0.8988408 97.51342 
  0.8203343 96.06523 
  0.8968943 94.63854 
  0.9484295 94.1677 
  0.8283839 93.23304 
  0.9522005 92.30766 
  0.9359478 91.84841 
  0.9630823 91.39146 
  0.938791 90.93677 
  0.8462798 89.58624 
  0.5963328 87.3798 
  0.7837265 85.65383 
  0.91602 85.2277 
  0.9023802 85.2277 
  0.8293828 85.65383 
  0.7032159 85.2277 
  0.6875001 84.38177 
  0.9332422 84.38177 
  0.9443016 84.38177 
  0.8610767 84.38177 
  0.8075423 84.38177 
  0.5972565 84.38177 
  0.454347 84.38177 
  0.3447852 84.38177 
  0.5103344 84.38177 
  0.01302362 84.38177 
  -0.1923647 84.38177 
  -0.04538417 84.38177 
  0.09693846 84.38177 
  -0.09554352 84.38177 
  0.05143126 84.38177 ]
