 [
  0.02627792 232.2518 
  0.380376 232.2518 
  0.27271 232.2518 
  0.04889258 232.2518 
  0.04696144 232.2518 
  -0.001239225 232.2518 
  0.201957 232.2518 
  0.1588214 232.2518 
  0.012044 232.2518 
  0.1671099 232.2518 
  0.1976611 232.2518 
  0.02112358 232.2518 
  0.2289211 232.2518 
  0.5867618 235.753 
  0.8078905 233.4131 
  0.9857812 231.0963 
  0.9978175 231.0963 
  0.9997342 231.0963 
  0.9934973 231.0963 
  0.9920245 232.2518 
  0.9850415 233.4131 
  0.9647718 236.9318 
  0.9687791 239.307 
  0.964152 242.9146 
  0.9698069 246.5766 
  0.9316936 250.2938 
  0.9239798 256.614 
  0.8936607 264.4093 
  0.8505495 271.0859 
  0.7934045 271.0859 
  0.6995382 269.7372 
  0.8709046 269.7372 
  0.9273236 272.4414 
  0.9412266 279.3209 
  0.9252905 293.6054 
  0.9590502 298.0316 
  0.9417094 293.6054 
  0.9329465 283.5317 
  0.9677715 276.5485 
  0.9825489 271.0859 
  0.9719812 268.3953 
  0.9369482 264.4093 
  0.8653808 264.4093 
  0.07658558 264.4093 
  0.1051393 264.4093 
  0.1444106 264.4093 
  0.2322119 264.4093 
  0.09248304 265.7313 
  0.0850741 265.7313 
  -0.02878027 265.7313 
  -0.03487304 267.06 
  -0.1596729 267.06 
  -0.1942971 268.3953 
  0.01121738 268.3953 
  0.008591639 268.3953 
  -0.06268293 268.3953 
  0.1291661 268.3953 
  0.5912771 268.3953 
  0.4827251 268.3953 
  0.6205676 255.3373 
  0.7735462 249.0485 
  0.9709184 240.5036 
  0.996046 235.753 
  0.9983477 234.5801 
  0.9952001 233.4131 
  0.9968616 231.0963 
  0.9986515 231.0963 
  1.000524 231.0963 
  0.997892 232.2518 
  0.9973634 232.2518 
  0.9941124 232.2518 
  0.9909177 231.0963 
  0.9857614 231.0963 
  0.9847249 231.0963 
  0.9746106 231.0963 
  0.9894598 231.0963 
  0.9955128 231.0963 
  1.000998 231.0963 
  0.9979772 232.2518 
  0.9519928 233.4131 
  0.9510442 233.4131 
  0.9588578 233.4131 
  0.9900876 232.2518 
  0.9869421 231.0963 
  0.9964157 231.0963 
  0.9981229 231.0963 
  1.000389 229.9466 
  0.9986836 229.9466 
  0.9990164 228.8026 
  0.998343 228.8026 
  0.9987387 228.8026 
  1.000409 228.8026 
  1.000588 228.8026 
  0.9984863 228.8026 
  0.9978103 229.9466 
  0.99758 231.0963 
  0.9977438 231.0963 
  0.9916046 229.9466 
  0.9883012 226.5316 
  0.9877478 224.2832 
  0.9949801 220.9523 
  0.9965747 218.7592 
  0.9970304 217.6709 
  0.9954395 217.6709 
  0.99066 218.7592 
  0.9905652 219.853 
  0.9844751 220.9523 
  0.9833741 220.9523 
  0.9762012 220.9523 
  0.9646334 220.9523 
  0.9036747 219.853 
  0.5822996 218.7592 
  -0.0486031 218.7592 
  -1.641503e-05 218.7592 
  -0.02915803 218.7592 
  0.1793008 218.7592 
  0.4744141 218.7592 
  -0.04965495 218.7592 
  0.1801808 218.7592 
  0.1018009 218.7592 
  -0.009355776 218.7592 
  -0.1553508 217.6709 
  -0.06379743 217.6709 
  -0.3431725 217.6709 
  0.6703479 223.1673 
  0.7758217 218.7592 
  0.945454 214.4382 
  0.9864639 212.3098 
  0.972184 211.2535 
  0.9613324 209.1568 
  0.9696268 206.0505 
  0.9596586 202.9904 
  0.978052 199.9758 
  0.9725456 197.9909 
  0.9552349 195.0505 
  0.9805957 192.1537 
  0.9921093 191.1978 
  0.9739932 189.3 
  0.9618185 187.4211 
  0.9724505 184.6377 
  0.9919613 182.8051 
  0.9953356 181.8956 
  0.9872736 181.8956 
  0.9873086 180.9906 
  0.9913484 179.1942 
  0.9905133 178.3027 
  0.9841031 177.4156 
  0.9756695 178.3027 
  0.9065864 178.3027 
  0.8146665 178.3027 
  0.6074957 179.1942 
  -0.00773971 180.9906 
  0.357222 182.8051 
  0.3227207 184.6377 
  0.3183197 185.5609 
  0.2937759 186.4887 
  -0.1276346 187.4211 
  0.111442 188.3582 
  -0.3627998 189.3 
  -0.297583 190.2465 
  -0.04095904 192.1537 
  -0.01998079 194.0801 
  -0.1095289 196.0257 
  0.3088462 196.0257 
  0.1914707 197.0059 
  0.4081145 199.9758 
  0.704218 198.9809 
  0.9588653 197.0059 
  0.961675 196.0257 
  0.9260432 195.0505 
  0.8499978 196.0257 
  -0.07945891 197.0059 
  0.3639877 198.9809 
  0.185288 200.9756 
  0.2571273 202.9904 
  0.4118814 205.0254 
  0.05813721 207.0808 
  0.0753623 208.1162 
  0.2643206 209.1568 
  0.08241315 210.2025 
  0.1015427 211.2535 
  -0.1098738 212.3098 
  -0.1069674 213.3714 
  0.3459535 214.4382 
  -0.04523669 215.5104 
  0.1281351 216.5879 
  -0.1009759 217.6709 
  0.434748 217.6709 
  0.7049849 216.5879 
  0.8789114 213.3714 
  0.9544831 209.1568 
  0.9626227 205.0254 
  0.959473 201.9805 
  0.9046806 197.9909 
  0.8526549 193.1145 
  0.8595498 190.2465 
  0.7529498 187.4211 
  0.273476 186.4887 
  -0.178203 188.3582 
  -0.02296942 189.3 
  0.04081244 190.2465 
  0.05811398 191.1978 
  -0.02543568 192.1537 
  -0.09348761 193.1145 
  -0.08956233 194.0801 
  -0.01958918 195.0505 
  0.03253902 196.0257 
  -0.3152286 197.0059 
  -0.3104009 197.9909 
  -0.1364516 199.9758 
  -0.0624686 200.9756 
  -0.2837753 201.9805 
  0.2069551 204.0054 
  0.5976382 200.9756 
  0.965102 198.9809 
  0.988908 198.9809 
  0.9692579 199.9758 
  0.9453757 201.9805 
  0.9168937 205.0254 
  0.918582 207.0808 
  0.9179975 210.2025 
  0.9224856 214.4382 
  0.8644534 220.9523 
  0.7644437 226.5316 
  0.6519464 216.5879 
  0.7801359 205.0254 
  0.9716592 199.9758 
  0.9904108 198.9809 
  0.9753345 200.9756 
  0.9666904 204.0054 
  0.9482807 207.0808 
  0.8719451 207.0808 
  0.7146187 206.0505 
  0.3855525 206.0505 
  0.2785705 206.0505 
  0.3287925 206.0505 
  0.2817592 206.0505 
  0.1077792 206.0505 
  0.008702897 206.0505 
  0.1092741 206.0505 
  -0.1015383 206.0505 
  0.01226573 206.0505 
  -0.1249692 206.0505 
  -0.1584629 206.0505 
  -0.1336048 206.0505 
  0.1624222 206.0505 
  0.2163243 206.0505 
  0.2214548 206.0505 
  -0.1367709 206.0505 
  0.2741899 205.0254 
  0.5741864 206.0505 
  0.9077609 204.0054 
  0.925055 199.9758 
  0.9630155 196.0257 
  0.9631167 194.0801 
  0.9540015 191.1978 
  0.9782348 189.3 
  0.9770612 187.4211 
  0.9886414 186.4887 
  0.9825008 185.5609 
  0.9585645 183.7191 
  0.9684579 180.9906 
  0.9858794 180.0902 
  0.9931446 180.0902 
  0.993076 180.0902 
  0.985178 180.0902 
  0.9628543 178.3027 
  0.9739324 176.533 
  0.9608963 176.533 
  0.9600902 178.3027 
  0.9897137 180.0902 
  0.9946634 180.9906 
  0.9932065 180.9906 
  0.991238 180.9906 
  0.9842691 181.8956 
  0.967271 183.7191 
  0.9018999 184.6377 
  0.8014843 185.5609 
  0.6592438 185.5609 
  0.5378871 185.5609 
  0.311738 185.5609 
  0.05790856 185.5609 
  0.1749262 185.5609 
  -0.0736862 185.5609 
  -0.0978936 185.5609 
  0.03390911 185.5609 
  0.2380075 185.5609 
  0.3601351 185.5609 ]
