 [
  0.009296819 143.8855 
  -0.2595937 143.8855 
  -0.3661222 143.8855 
  0.01187204 143.8855 
  -0.00271332 143.8855 
  0.1197147 143.8855 
  0.1682139 143.8855 
  0.2417192 143.8855 
  0.229094 143.8855 
  0.1940836 143.8855 
  0.06641787 143.8855 
  -0.007221736 143.8855 
  -0.1206725 143.8855 
  -0.1764454 143.8855 
  0.02033601 143.8855 
  -0.1608077 143.8855 
  0.1711481 143.8855 
  0.5541984 143.8855 
  0.6761606 145.328 
  0.788682 143.1697 
  0.9644204 140.3417 
  0.9876283 140.3417 
  0.9791712 139.6435 
  0.9715267 139.6435 
  0.9478443 139.6435 
  0.8665419 138.2575 
  0.8348858 136.8852 
  0.8156443 135.5266 
  0.849003 136.2042 
  0.3383009 138.9488 
  0.1807547 142.4574 
  0.02726372 146.0546 
  0.07320283 149.7427 
  0.08073787 153.5239 
  0.0384083 157.4006 
  -0.02568023 161.3751 
  0.5243194 165.4501 
  0.853163 165.4501 
  0.9352604 165.4501 
  0.9739293 166.2773 
  0.9821821 167.1087 
  0.959408 167.1087 
  0.8949281 164.6269 
  0.8932893 161.3751 
  0.9010862 160.5723 
  0.577993 159.7734 
  0.09470409 159.7734 
  -0.2576357 159.7734 
  -0.04509859 159.7734 
  -0.06337617 159.7734 
  -0.1532626 159.7734 
  -0.1254025 158.9785 
  0.5840233 158.1876 
  0.3460283 157.4006 
  0.3739045 156.6175 
  0.6232084 155.8383 
  0.3806342 155.063 
  0.6495199 154.2915 
  0.1405577 153.5239 
  0.4388106 152.0001 
  0.6879283 145.328 
  0.8764834 143.8855 
  0.9891921 143.8855 
  0.9816149 143.8855 
  0.9709393 144.605 
  0.9784938 146.0546 
  0.985889 146.7849 
  0.9706578 147.5188 
  0.9697614 148.2564 
  0.9883431 148.2564 
  0.9897243 148.2564 
  0.9675867 148.2564 
  0.9506493 146.7849 
  0.9446965 145.328 
  0.8769847 143.8855 
  0.7979908 141.7487 
  0.7525451 138.9488 
  0.5745938 133.5138 
  0.8452345 133.5138 
  0.7965477 130.8766 
  0.7795446 127.6532 
  0.7463077 124.5092 
  0.7904154 120.2372 
  0.8189535 116.6924 
  0.8852605 113.2521 
  0.9320704 111.5702 
  0.9462756 111.0151 
  0.9569515 109.9132 
  0.9532915 108.8223 
  0.9572328 107.2061 
  0.9695168 106.142 
  0.9818707 105.0885 
  0.9871222 104.0455 
  0.9902824 103.5278 
  0.9663213 102.5003 
  0.9445057 101.4829 
  0.9258347 99.97575 
  0.9409739 98.491 
  0.9547336 97.02828 
  0.9583923 95.5873 
  0.96732 94.63854 
  0.8673574 93.23304 
  0.7000244 90.03418 
  0.9220839 87.3798 
  0.5216019 85.2277 
  0.2414454 84.38177 
  0.3270485 85.2277 
  0.3197621 86.0821 
  -0.1185261 86.51251 
  -0.183456 86.94508 
  0.1284055 87.3798 
  -0.02280614 87.8167 
  -0.1776747 87.8167 
  -0.1298734 87.8167 
  0.0957801 87.8167 
  0.2583307 87.8167 
  0.03067705 87.8167 
  0.3195799 87.8167 
  0.009636473 87.8167 
  0.04620483 87.8167 
  -0.1047834 87.8167 
  0.06417011 87.8167 
  0.1020597 87.8167 
  0.06150726 87.8167 
  -0.08982292 87.8167 
  -0.06345275 87.8167 
  -0.00734705 87.8167 
  -0.0854497 87.8167 
  0.09332278 87.8167 
  0.0177347 87.8167 
  0.04955692 87.8167 ]
