 [
  -0.0232349 134.8523 
  -0.05339656 134.8523 
  -0.1595805 134.8523 
  0.06066743 134.8523 
  0.1370163 134.8523 
  0.1282284 134.8523 
  -0.02212207 134.8523 
  0.03136601 134.8523 
  -0.005885163 134.8523 
  -0.1174177 134.8523 
  -0.1266213 134.8523 
  -0.04959184 134.8523 
  -0.06964253 134.8523 
  -0.04824953 134.8523 
  -0.2809433 134.8523 
  -0.2461176 134.8523 
  0.1567811 134.8523 
  0.1535662 134.8523 
  -0.2037041 134.8523 
  0.2776134 134.8523 
  -0.1498343 134.8523 
  0.08933129 134.8523 
  0.1377227 134.8523 
  0.06801514 134.8523 
  0.02662918 134.8523 
  -0.02955878 134.8523 
  0.09081818 134.8523 
  0.1087933 134.8523 
  -0.01261489 134.8523 
  0.0223326 134.8523 
  -0.06129693 134.8523 
  -0.2178085 134.8523 
  -0.204205 134.8523 
  -0.1478108 134.8523 
  0.2502229 134.8523 
  -0.0436303 134.8523 
  0.7071087 135.5266 
  0.8596594 134.8523 
  0.8980821 133.5138 
  0.8785324 131.531 
  0.7795185 130.8766 
  0.4022002 132.8496 
  -0.03132839 134.8523 
  -0.2535158 136.8852 
  0.02984669 138.9488 
  0.07863375 141.7487 
  0.05540072 145.328 
  0.02532067 152.7601 
  0.08563221 161.3751 
  0.3668796 171.3284 
  0.7855291 176.533 
  0.8428878 179.1942 
  0.917632 180.0902 
  0.9720215 180.0902 
  0.9606297 180.9906 
  0.9054182 180.9906 
  0.7065589 180.0902 
  0.09924994 183.7191 
  0.216676 187.4211 
  -0.03712935 192.1537 
  0.2631512 196.0257 
  0.2301866 197.0059 
  0.2412832 197.0059 
  0.8256738 196.0257 
  0.7531101 188.3582 
  0.6703924 185.5609 
  0.5137922 180.0902 
  0.1875699 152.7601 
  0.2788042 154.2915 
  0.3162104 160.5723 
  0.2278939 155.8383 
  0.6288632 148.9977 
  0.868861 146.0546 
  0.8750061 142.4574 
  0.8898425 138.2575 
  0.983718 136.2042 
  0.9742579 136.8852 
  0.9086536 138.2575 
  0.8573918 143.8855 
  0.7954504 149.7427 
  0.7932673 157.4006 
  0.834033 163.8079 
  0.8785359 169.6279 
  0.9489444 173.9112 
  0.9658877 175.6547 
  0.9311435 175.6547 
  0.8373709 173.9112 
  0.613492 175.6547 
  0.2148441 172.185 
  0.144431 170.476 
  0.08718814 168.784 
  -0.3190942 166.2773 
  0.02168178 163.8079 
  0.02338033 162.182 
  0.2902807 161.3751 
  0.3393469 160.5723 
  0.4341091 158.1876 
  0.2084252 152.7601 
  0.5401229 146.7849 
  0.6242963 127.0181 
  0.779141 125.7574 
  0.5617291 122.0498 
  0.7982294 119.0438 
  0.9719809 117.2759 
  0.9557235 117.2759 
  0.9370171 115.5342 
  0.9526662 114.9594 
  0.9218955 114.9594 
  0.8031551 113.2521 
  0.8037807 111.0151 
  0.8927982 109.9132 
  0.8805735 109.3664 
  0.9147829 107.7421 
  0.8153528 106.142 
  0.558063 106.6728 
  0.8970788 108.2809 
  0.8320631 110.4628 
  0.813151 113.8184 
  0.872412 115.5342 
  0.8144466 115.5342 
  0.8464013 115.5342 
  0.9363501 115.5342 
  0.95648 115.5342 
  0.9555314 115.5342 
  0.9564787 115.5342 
  0.9675779 115.5342 
  0.9668744 115.5342 
  0.9279335 116.1118 
  0.9290121 118.4515 
  0.9310093 119.639 
  0.9378323 120.8384 
  0.9843637 121.4426 
  0.9618416 122.0498 
  0.940788 123.2734 
  0.9241226 125.1317 
  0.9514106 126.3862 
  0.9225988 127.0181 
  0.9363606 129.5776 
  0.9500715 130.8766 
  0.9616504 132.1886 
  0.9351791 132.1886 
  0.9162146 132.1886 
  0.9254343 130.2255 
  0.8656349 131.531 
  0.7124455 135.5266 
  0.6923053 140.3417 
  0.8508416 146.0546 
  0.9409214 148.9977 
  0.9427704 148.9977 
  0.8499047 147.5188 
  0.7326647 146.0546 
  0.4513364 143.8855 
  0.0999673 143.1697 
  0.151647 143.8855 
  0.1071704 145.328 
  0.1399852 146.7849 
  0.0606705 148.2564 
  -0.06152289 149.7427 
  -0.0746777 151.2439 
  0.292123 152.7601 
  0.5347057 153.5239 
  0.3859376 155.063 
  0.2664226 156.6175 
  0.4265505 158.9785 
  0.2716088 160.5723 
  0.7630635 162.9929 
  0.8255842 160.5723 
  0.8939821 158.1876 
  0.9870886 155.8383 
  0.9822018 152.7601 
  0.9765824 149.7427 
  0.9695645 146.7849 
  0.9684808 143.8855 
  0.9801835 141.7487 
  0.9794713 141.7487 
  0.9852247 141.7487 
  0.9876426 142.4574 
  0.9780353 143.8855 
  0.9753518 144.605 
  0.8736132 148.2564 
  0.8615054 147.5188 
  0.8530592 146.7849 
  0.874352 143.1697 
  0.7912012 140.3417 
  0.7090826 135.5266 
  0.6345105 130.8766 
  0.6125679 124.5092 
  0.7515126 120.8384 
  0.749244 117.8622 
  0.5764863 115.5342 
  0.6507598 109.9132 
  0.9485277 108.2809 
  0.7285616 106.142 
  0.595954 101.9903 
  0.5628228 98.491 
  0.5012482 96.06523 
  0.4545835 103.0128 
  -0.1817337 105.0885 
  -0.3933286 106.142 
  -0.265004 107.2061 
  -0.2642432 108.2809 
  -0.1109624 109.3664 
  -0.3039337 110.4628 
  0.145963 111.5702 
  -0.01574968 112.6886 
  0.03280938 113.8184 
  0.1291093 114.3874 
  0.1439406 114.9594 
  0.501729 115.5342 
  0.3986318 116.6924 
  -0.01472941 117.2759 
  -0.02224753 117.8622 
  -0.06569536 118.4515 
  -0.1678779 119.0438 
  -0.02652746 119.639 
  -0.08395417 120.8384 
  -0.05955828 121.4426 
  0.08573668 122.0498 
  0.06280942 122.6601 
  0.07328688 123.2734 
  0.08252347 123.8897 
  0.2531785 124.5092 
  0.4027976 125.1317 
  0.226249 125.7574 
  -0.2153403 126.3862 
  -0.1881615 127.0181 
  -0.05459988 127.6532 
  -0.04841067 128.2915 
  -0.01426838 128.9329 
  0.01361704 129.5776 
  -0.03125088 130.2255 
  0.01401655 130.8766 
  -0.05728177 131.531 
  -0.08312617 132.1886 
  -0.06687264 132.8496 
  0.03402053 133.5138 
  -0.09453256 134.1814 
  -0.03035347 134.8523 
  0.1710835 135.5266 
  0.03626377 136.2042 
  0.1289485 136.8852 
  0.1219848 137.5696 
  -0.0452219 137.5696 
  0.2571964 137.5696 
  0.5392976 134.1814 
  0.6951554 131.531 
  0.9467478 128.9329 
  0.9549011 125.7574 
  0.9654595 123.2734 
  0.9501528 121.4426 
  0.8686273 120.2372 
  0.5933037 120.8384 
  0.3782466 121.4426 
  0.4237068 122.0498 
  0.05144186 122.6601 
  0.2863533 123.2734 
  0.02544744 124.5092 
  0.02742927 125.1317 
  0.03195523 125.7574 
  0.08532672 126.3862 
  0.05597663 127.0181 
  -0.02807577 127.6532 
  0.08125749 128.2915 
  0.1146964 128.9329 
  0.01657541 130.8766 
  0.2910163 134.1814 
  0.3801149 137.5696 
  0.2977987 141.0434 
  0.744629 144.605 
  0.8439286 144.605 
  0.8995113 142.4574 
  0.9437394 140.3417 
  0.9786787 138.9488 
  0.9846439 137.5696 
  0.9928442 136.8852 
  0.9933693 136.2042 
  0.9949324 136.2042 
  0.991345 135.5266 
  0.9894854 135.5266 
  0.9867133 136.2042 
  0.9876006 136.2042 
  0.9680413 134.8523 
  0.9686591 133.5138 
  0.9346967 131.531 
  0.8955784 128.9329 
  0.9099882 125.7574 
  0.9098825 122.0498 
  0.891231 119.0438 
  0.873256 116.1118 
  0.5871859 113.8184 
  0.4658048 111.5702 
  0.3308821 109.3664 
  0.01452477 107.7421 
  -0.09836048 106.142 
  0.5160428 103.0128 
  0.6595791 101.9903 
  0.5090232 102.5003 
  0.5113266 104.0455 
  0.6334696 105.614 
  0.7736684 107.2061 
  0.6241523 109.3664 
  0.5508779 111.0151 
  0.4896327 111.0151 
  0.7597263 110.4628 
  0.1301938 109.9132 
  -0.03110814 109.3664 
  -0.1646003 108.8223 
  -0.0343419 108.2809 
  0.1702182 107.7421 
  -0.1203507 107.2061 
  -0.03135434 106.6728 
  -0.09042874 106.142 
  0.1432744 105.614 
  0.1538009 104.5657 
  0.3224609 103.5278 
  0.2218848 103.0128 
  0.2129308 102.5003 
  -0.01423087 102.5003 
  -0.1405267 102.5003 
  0.09334503 102.5003 
  0.07580744 102.5003 
  0.01176149 102.5003 
  0.009936863 102.5003 
  0.162165 102.5003 
  0.3257895 102.5003 ]
