 [
  -0.1648805 122.0498 
  0.04505081 122.0498 
  0.220383 122.0498 
  0.2104424 122.0498 
  0.1414072 122.0498 
  0.119315 122.0498 
  0.4349768 122.0498 
  0.3230299 122.0498 
  0.2333869 122.0498 
  -0.1653288 122.0498 
  0.05514599 122.0498 
  0.1627279 122.0498 
  -0.08547202 122.0498 
  0.1202319 122.0498 
  0.01589327 122.0498 
  0.6649929 124.5092 
  0.8276281 127.0181 
  0.9652675 126.3862 
  0.920649 123.8897 
  0.8653148 120.8384 
  0.8771404 116.6924 
  0.7840754 112.128 
  0.6547686 109.3664 
  0.5417883 108.2809 
  0.6821985 109.3664 
  0.8373156 112.128 
  0.9057316 115.5342 
  0.9448696 115.5342 
  0.9383397 114.9594 
  0.8730382 113.2521 
  0.7099025 112.6886 
  0.4357473 112.128 
  -0.1037859 114.3874 
  -0.3825181 117.2759 
  -0.2695734 119.639 
  0.1682969 122.6601 
  -0.05384193 125.7574 
  -0.1974024 128.9329 
  -0.07421866 132.1886 
  -0.02672295 135.5266 
  0.09243556 138.9488 
  0.07284391 141.0434 
  0.1563383 140.3417 
  0.4117675 138.9488 
  0.6127549 139.6435 
  0.6899028 130.8766 
  0.9184525 130.2255 
  0.972937 130.8766 
  0.9944583 130.8766 
  0.9829855 130.2255 
  0.9616977 129.5776 
  0.8724355 128.2915 
  0.6740727 125.1317 
  0.7564434 125.1317 
  0.8232567 122.0498 
  0.6293802 120.2372 
  0.1642651 119.0438 
  0.03672622 117.8622 
  0.3519098 116.6924 
  -0.05366605 115.5342 
  -0.1802619 114.3874 
  -0.09031446 113.8184 
  0.4685755 112.6886 
  0.7060905 118.4515 
  0.4833585 114.3874 
  0.4277043 108.2809 
  0.7394295 104.0455 
  0.9053047 101.9903 
  0.9187865 101.4829 
  0.9101074 101.4829 
  0.9014934 101.4829 
  0.9388272 101.4829 
  0.9453945 101.9903 
  0.959897 101.4829 
  0.9796868 100.978 
  0.9706802 101.4829 
  0.9606325 102.5003 
  0.944119 102.5003 
  0.9205438 101.9903 
  0.9264172 101.4829 
  0.9085849 100.978 
  0.8300817 100.4756 
  0.788181 99.97575 
  0.4792398 100.978 
  0.9004742 101.9903 
  0.89929 101.4829 
  0.9588864 100.4756 
  0.970777 99.47836 
  0.9381943 98.491 
  0.8304617 98.00098 
  0.5929465 98.00098 
  -0.08328414 99.97575 
  -0.01354127 101.9903 
  -0.004857983 104.0455 
  -0.08549342 106.142 
  0.0807361 107.7421 
  0.08225402 109.3664 
  0.01554549 111.0151 
  0.04290183 112.128 
  0.1088639 113.2521 
  -0.06809048 113.8184 
  0.4473275 114.3874 
  0.8129174 113.2521 
  0.8277214 111.5702 
  0.8999753 110.4628 
  0.953871 109.3664 
  0.976126 108.8223 
  0.9944621 108.8223 
  0.9760959 109.3664 
  0.9656188 110.4628 
  0.9433911 110.4628 
  0.8049093 111.0151 
  0.6484279 110.4628 
  0.2708235 113.2521 
  0.817504 111.0151 
  0.7950029 109.3664 
  0.8528026 108.2809 
  0.8565776 106.142 
  0.7965026 102.5003 
  0.5609307 98.98344 
  -0.0772828 98.00098 
  -0.3552487 97.51342 
  0.4818566 97.51342 
  0.7860696 98.00098 
  0.8939168 98.98344 
  0.896325 98.98344 
  0.8800558 98.98344 
  0.88969 98.491 
  0.8836323 98.00098 
  0.8873834 97.51342 
  0.8994894 97.51342 
  0.9193016 97.51342 
  0.8960818 96.54556 
  0.9353094 95.5873 
  0.9427013 95.11173 
  0.9616927 94.63854 
  0.9658978 94.63854 
  0.6268075 111.0151 
  0.4467869 109.9132 
  0.4708897 104.0455 
  0.3901252 104.0455 
  0.03321073 103.0128 
  -0.2385999 102.5003 
  -0.02896059 101.9903 
  0.02067703 101.9903 
  0.08888201 101.9903 
  0.1389179 101.9903 
  0.2168486 102.5003 
  0.04718361 103.0128 
  -0.1060569 103.5278 
  -0.1052334 104.0455 
  -0.04923312 104.5657 
  0.7463459 105.0885 
  0.798043 103.5278 
  0.9151765 103.0128 
  0.9060415 103.0128 
  0.8926984 103.5278 
  0.9344705 103.5278 
  0.9196105 104.5657 
  0.9349031 104.5657 
  0.9356998 104.5657 
  0.8616572 104.0455 
  0.8019396 104.0455 
  0.7366567 103.5278 
  0.9293928 103.5278 
  0.839272 102.5003 
  0.8569461 101.4829 
  0.7948329 99.47836 
  0.8564791 98.00098 
  0.9284111 97.51342 
  0.8016118 97.02828 
  0.6074521 96.06523 
  0.6231493 91.84841 
  -0.1108026 92.30766 
  0.2295788 92.7692 
  0.1800069 93.23304 
  0.1282074 93.23304 
  0.1344152 93.23304 
  0.1573721 93.6992 
  0.2336624 94.1677 
  0.08197944 94.63854 
  -0.1785633 94.63854 
  0.0463459 94.63854 
  0.7493431 95.11173 
  0.5325614 90.93677 
  0.8362913 89.14054 
  0.9260764 88.69706 
  0.8641834 87.8167 
  0.8340003 87.3798 
  0.8557357 86.0821 
  0.8519289 85.2277 
  0.8394367 84.80367 
  0.9036813 85.2277 
  0.9118112 85.2277 
  0.9021387 85.2277 
  0.8025292 85.65383 
  0.46978 86.0821 
  0.3855171 86.94508 
  0.3855914 87.3798 
  0.435851 87.3798 
  0.2656378 87.3798 
  0.2824091 87.3798 
  0.459604 87.3798 
  0.1361981 87.3798 
  0.006691753 87.3798 
  -0.1365453 87.3798 
  -0.2175563 87.3798 
  -0.1499583 87.3798 
  -0.1036848 87.3798 
  0.0006512413 87.3798 
  -0.224265 87.3798 
  -0.1920556 87.3798 ]
