 [
  0.01872224 135.5266 
  -0.1943449 135.5266 
  -0.1840051 135.5266 
  -0.2311715 135.5266 
  -0.2768133 135.5266 
  -0.3855522 135.5266 
  -0.3788289 135.5266 
  -0.5118512 135.5266 
  -0.1808209 135.5266 
  -0.2956865 135.5266 
  -0.3987632 135.5266 
  -0.3099668 135.5266 
  -0.2486034 135.5266 
  0.5911046 135.5266 
  0.770402 135.5266 
  0.8726719 134.8523 
  0.9154895 137.5696 
  0.8859578 143.1697 
  0.9101291 149.7427 
  0.9238049 156.6175 
  0.9251432 162.9929 
  0.9304067 168.784 
  0.9749885 172.185 
  0.9760141 173.046 
  0.8994162 167.9442 
  0.8638203 157.4006 
  0.8242701 149.7427 
  0.7688997 141.0434 
  0.7269333 133.5138 
  0.7563677 125.7574 
  0.6976053 119.0438 
  0.7705432 111.5702 
  0.7921623 107.2061 
  0.9211137 104.0455 
  0.9364219 101.9903 
  0.9442267 100.978 
  0.9729564 99.97575 
  0.9688984 99.97575 
  0.9293848 100.978 
  0.8459076 103.5278 
  0.8479944 106.142 
  0.8302765 108.2809 
  0.8397555 111.0151 
  0.8733636 113.8184 
  0.9075314 115.5342 
  0.8355132 117.8622 
  0.6956208 122.6601 
  0.8553941 127.0181 
  0.911155 129.5776 
  0.882457 132.8496 
  0.924299 135.5266 
  0.9249381 138.2575 
  0.9117233 141.0434 
  0.9652799 142.4574 
  0.9803958 143.8855 
  0.9764857 143.8855 
  0.9078318 143.1697 
  0.8048631 142.4574 
  0.8179406 137.5696 
  -0.01312301 138.2575 
  0.4969338 137.5696 
  0.1220496 136.2042 
  -0.04746573 134.8523 
  -0.09521324 133.5138 
  -0.3192805 132.1886 
  0.402145 131.531 
  0.08351897 130.8766 
  0.04419832 129.5776 
  0.06764074 128.2915 
  0.1195811 127.0181 
  0.1681644 125.7574 
  0.2317318 125.1317 
  -0.06629532 123.8897 
  -0.1745142 123.2734 
  -0.220632 122.6601 
  -0.09979831 122.0498 
  0.1382803 121.4426 
  0.04915695 120.8384 
  -0.1829571 120.2372 
  -0.2224298 119.639 
  0.0443539 119.0438 
  -0.1629074 118.4515 
  0.2865479 117.8622 
  0.6032344 119.639 
  0.3134691 109.9132 
  0.7956604 110.4628 
  0.9732393 111.5702 
  0.9841679 112.6886 
  0.9683501 113.2521 
  0.9735689 113.8184 
  0.9748392 113.8184 
  0.9302883 112.6886 
  0.8743386 111.0151 
  0.8571504 108.2809 
  0.7879778 106.6728 
  0.7665107 104.0455 
  0.8883768 101.9903 
  0.9297082 100.978 
  0.8732452 99.97575 
  0.7731144 98.98344 
  0.6586993 97.02828 
  0.3590734 95.5873 
  0.6416996 95.5873 
  0.3990679 96.54556 
  0.1556523 98.00098 
  0.07075955 99.47836 
  0.6862247 102.5003 
  0.8454473 103.0128 
  0.9092041 102.5003 
  0.9456279 103.0128 
  0.9345571 104.0455 
  0.7580214 106.142 
  0.7627282 108.8223 
  0.9392028 110.4628 
  0.8011355 111.0151 
  0.6969476 111.0151 
  -0.2217931 109.3664 
  0.4176813 108.2809 
  -0.3096254 107.2061 
  0.1537503 106.142 
  0.2228779 105.0885 
  0.1142101 104.5657 
  0.05643789 104.0455 
  -0.1019328 103.5278 
  0.199254 103.0128 
  0.7316536 103.0128 
  0.4745595 100.4756 
  0.2841059 98.00098 
  0.3011645 95.11173 
  0.7373675 90.03418 
  0.9083464 89.58624 
  0.974679 89.58624 
  0.9668804 89.58624 
  0.550695 90.03418 
  0.7309498 90.03418 
  0.8968444 90.48434 
  0.9414069 91.39146 
  0.914405 92.30766 
  0.9279976 93.23304 
  0.7953959 94.63854 
  0.6264501 97.51342 
  0.689342 100.978 
  0.7759918 103.5278 
  0.733916 106.142 
  0.7549937 109.3664 
  0.8812804 111.5702 
  0.9572166 113.2521 
  0.9896026 113.8184 
  0.9604518 112.6886 
  0.876079 110.4628 
  0.7158763 106.6728 
  0.618005 101.9903 
  0.4650996 96.06523 
  0.5851611 90.48434 
  0.7658023 86.51251 
  0.8816452 83.96195 
  0.947014 82.3035 
  0.9494075 81.08118 
  0.937354 80.6778 
  0.9123987 80.27641 
  0.8565406 80.27641 
  0.8726255 80.27641 
  0.9239141 80.6778 
  0.9074945 81.08118 
  0.8739542 81.89403 
  0.7896156 83.12859 
  0.5010979 84.38177 
  0.2708562 85.2277 
  0.02811408 85.65383 
  -0.09121102 86.0821 
  -0.1108202 86.0821 
  0.1580138 86.0821 
  0.3545604 86.0821 
  0.4814733 86.0821 
  0.471768 86.0821 
  0.3335206 86.0821 
  0.1238738 86.0821 
  0.08508563 86.0821 
  0.07374215 86.0821 
  0.1561314 86.0821 
  0.1428446 86.0821 
  0.2672693 86.0821 
  0.1130046 86.0821 
  -0.02602932 86.0821 ]
