 [
  0.1009353 167.1087 
  0.2771622 167.1087 
  0.127207 167.1087 
  -0.02191321 167.1087 
  -0.1233728 167.1087 
  0.01834556 167.1087 
  -0.1141692 167.1087 
  0.03262367 167.1087 
  0.1264793 167.1087 
  -0.112672 167.1087 
  -0.2889728 167.1087 
  0.1354363 167.1087 
  -0.04816811 167.1087 
  -0.03103836 167.1087 
  -0.05109335 167.1087 
  0.02931234 167.1087 
  0.1132907 167.1087 
  0.05980436 167.1087 
  0.06046363 167.1087 
  -0.05260878 167.1087 
  -0.03400814 167.1087 
  0.0818161 167.1087 
  0.141232 167.9442 
  0.1784458 169.6279 
  0.5643209 164.6269 
  0.7526217 159.7734 
  0.8084047 157.4006 
  0.7914339 152.7601 
  0.8888273 149.7427 
  0.9757355 148.2564 
  0.973822 145.328 
  0.975534 142.4574 
  0.8145236 142.4574 
  0.8154822 141.7487 
  0.8806372 141.7487 
  0.929516 140.3417 
  0.8582519 137.5696 
  0.6390852 132.8496 
  0.6612808 126.3862 
  0.6829503 121.4426 
  -0.4074448 121.4426 
  0.09618469 122.6601 
  0.3485635 123.8897 
  0.4316012 125.1317 
  0.008419159 126.3862 
  0.0709316 127.6532 
  0.04574481 128.9329 
  -0.01440553 130.8766 
  0.1760631 133.5138 
  0.2843697 136.8852 
  0.2371258 139.6435 
  0.1269773 147.5188 
  0.1099538 152.7601 
  0.7362438 162.182 
  0.8275183 159.7734 
  0.6418274 155.063 
  0.6328458 145.328 
  0.9110769 141.0434 
  0.8826692 138.2575 
  0.9246706 136.2042 
  0.9608612 134.1814 
  0.9728636 132.8496 
  0.9620259 131.531 
  0.9403843 131.531 
  0.9498096 132.8496 
  0.8773623 133.5138 
  0.5524093 134.1814 
  0.146088 135.5266 
  0.05863449 136.8852 
  0.2500712 137.5696 
  0.141475 138.2575 
  0.06565361 138.2575 
  0.05360576 137.5696 
  0.1257534 136.2042 
  0.00862075 134.8523 
  -0.1973366 133.5138 
  -0.1109169 132.1886 
  0.07396684 130.8766 
  0.4934582 128.9329 
  0.8122 132.1886 
  0.8794897 132.8496 
  0.7321836 130.8766 
  0.6436942 125.7574 
  0.8621776 123.2734 
  0.8710896 121.4426 
  0.902006 119.639 
  0.9411607 117.8622 
  0.9733838 116.6924 
  0.9908649 116.1118 
  0.968151 115.5342 
  0.903549 114.3874 
  0.8733563 113.2521 
  0.9276201 111.5702 
  0.9670854 110.4628 
  0.9767584 109.9132 
  0.9880923 109.9132 
  0.9800442 109.9132 
  0.9693455 110.4628 
  0.9343521 109.9132 
  0.9412231 108.8223 
  0.9406324 107.7421 
  0.8683706 106.6728 
  0.8717659 105.0885 
  0.8866407 104.0455 
  0.7690495 101.9903 
  0.8404631 100.978 
  0.9685115 99.97575 
  0.8653523 98.98344 
  0.1927749 98.00098 
  -0.2800866 97.51342 
  -0.3468077 97.02828 
  -0.1192701 96.54556 
  -0.08357006 96.06523 
  -0.1634087 95.5873 
  0.3842545 95.11173 
  -0.03230407 94.1677 
  0.3048232 93.6992 
  0.6681108 93.6992 
  0.4017264 94.63854 
  0.2630813 103.0128 
  0.7081199 105.0885 
  0.9257246 107.2061 
  0.9737885 107.2061 
  0.9644437 107.2061 
  0.9828212 106.6728 
  0.9492549 106.6728 
  0.8473628 106.6728 
  0.8029723 106.6728 
  0.02924977 107.2061 
  -0.2093865 109.9132 
  0.05230574 112.6886 
  -0.1293472 115.5342 
  -0.3207318 118.4515 
  -0.3283688 121.4426 
  0.4042534 124.5092 
  0.8826713 126.3862 
  0.9745446 127.0181 
  0.9727396 126.3862 
  0.9721053 125.1317 
  0.9542682 123.8897 
  0.8989806 122.0498 
  0.9524085 119.639 
  0.9714713 119.0438 
  0.9286854 119.0438 
  0.8776749 118.4515 
  0.6116207 118.4515 
  0.1809468 119.639 
  0.3452067 120.8384 
  0.1845582 122.0498 
  0.07181916 123.2734 
  -0.02910151 124.5092 
  0.1421808 125.7574 
  0.06190052 127.0181 
  0.3910352 128.2915 
  0.7741166 129.5776 
  0.8886817 128.2915 
  0.9452707 125.7574 
  0.9852018 123.2734 
  0.9917355 122.0498 
  0.9950751 121.4426 
  0.9954682 121.4426 
  0.9899091 121.4426 
  0.9797397 121.4426 
  0.9699727 121.4426 
  0.9290615 120.8384 
  0.8365958 120.2372 
  0.5702879 119.0438 
  0.6352074 117.2759 
  0.9288054 116.1118 
  0.9198345 116.1118 
  0.8849789 114.9594 
  0.7812297 111.5702 
  0.7573332 108.8223 
  0.768367 106.142 
  0.9203737 105.0885 
  0.9693367 105.0885 
  0.9558802 105.614 
  0.9823275 106.6728 
  0.9811459 106.6728 
  0.9779269 106.142 
  0.9778602 105.0885 
  0.9761864 104.5657 
  0.939342 104.0455 
  0.6793916 103.0128 
  0.5587555 100.978 
  0.4474739 96.54556 
  0.05099835 98.00098 
  -0.3134898 99.97575 
  0.09329146 101.9903 
  0.2947198 104.0455 
  -0.08741923 106.142 
  0.0543213 108.2809 
  -0.06291939 110.4628 
  -0.04036437 112.6886 
  -0.02657378 114.9594 
  -0.07481059 117.2759 
  0.2791831 119.639 
  0.285726 122.0498 
  0.3356034 123.8897 
  0.2647652 125.7574 
  0.1308607 127.6532 
  0.1839214 129.5776 
  0.3403818 132.1886 
  0.768196 137.5696 
  0.6650642 134.8523 
  0.7442769 131.531 
  0.6525967 128.2915 
  0.6456236 123.8897 
  0.7727548 121.4426 
  0.8135219 119.0438 
  0.6490972 118.4515 
  0.9366474 118.4515 
  0.9799138 117.8622 
  0.9825343 117.2759 
  0.927224 117.2759 
  0.7015355 117.2759 
  0.834349 116.6924 
  0.8920714 116.1118 
  0.9206039 114.9594 
  0.9744298 114.3874 
  0.9564415 113.8184 
  0.9685161 113.2521 
  0.9828222 112.6886 
  0.9440921 111.5702 
  0.9686575 111.0151 
  0.9530634 110.4628 
  0.963903 109.3664 
  0.9300283 108.8223 
  0.8521629 107.7421 
  0.7819227 107.2061 
  0.6923065 106.142 
  0.4666599 105.614 
  0.9327919 106.142 
  0.8700235 106.6728 
  0.5026015 107.2061 
  0.01725537 107.7421 
  0.0238061 108.8223 
  0.5577815 109.9132 
  0.8716019 112.128 
  0.9699721 113.2521 
  0.9808061 113.2521 
  0.972109 113.8184 
  0.963618 113.8184 
  0.9381941 113.8184 
  0.8074479 113.8184 
  0.4971467 114.3874 
  0.259253 114.9594 
  0.03864188 116.1118 
  0.08974981 117.2759 
  0.5146644 118.4515 
  0.328374 119.639 
  0.1323927 120.2372 
  -0.1139611 120.8384 
  0.09813361 120.8384 
  0.06773025 120.8384 
  0.3758675 120.8384 
  -0.01118975 120.8384 
  -0.23741 120.8384 
  -0.01304226 120.8384 
  -0.01801058 120.8384 
  -0.0002057374 120.8384 
  0.2528767 120.8384 
  0.1884214 119.639 
  -0.05173397 116.6924 
  0.6343764 113.2521 
  0.5928013 116.6924 
  0.7513846 116.6924 
  0.6306185 114.9594 
  0.6258479 113.2521 
  0.5685708 111.0151 
  0.3980661 110.4628 
  0.759769 109.9132 
  0.8027782 108.2809 
  0.8912888 105.614 
  0.5994802 101.4829 
  0.2737566 100.978 
  -0.02069189 100.4756 
  0.1683927 97.51342 
  0.3900696 96.54556 
  0.02039986 95.5873 
  -0.5099337 94.63854 
  -0.3794671 93.6992 
  -0.02222736 92.7692 
  0.01611057 91.84841 
  0.5626107 89.14054 
  0.5915207 90.93677 
  0.7824442 92.30766 
  0.7550648 93.6992 
  0.505477 94.63854 
  0.26366 98.00098 
  0.2888233 100.4756 
  0.345457 99.97575 
  0.2690815 100.4756 
  0.2580693 104.5657 
  0.4655845 109.3664 
  0.7833711 113.2521 
  0.9269634 114.9594 
  0.8945655 114.3874 
  0.8773913 112.6886 
  0.9567891 111.0151 
  0.9802628 110.4628 
  0.9774089 110.4628 
  0.9680341 110.4628 
  0.9673421 109.9132 
  0.9702075 109.3664 
  0.9614699 109.3664 
  0.9613311 108.8223 
  0.9657634 108.2809 
  0.9660842 107.7421 
  0.9385114 108.2809 
  0.9195759 108.8223 
  0.8545435 108.2809 
  0.8370483 107.2061 
  0.8489975 106.6728 
  0.8261674 107.7421 
  0.8351892 109.3664 
  0.9062936 111.5702 
  0.8980695 113.2521 
  0.9302812 114.9594 
  0.9663938 115.5342 
  0.949925 114.3874 
  0.9456217 112.6886 
  0.9602575 111.5702 
  0.9485209 109.9132 
  0.9351548 108.8223 
  0.8896015 107.2061 
  0.8625352 106.142 
  0.9056109 105.614 
  0.9875771 105.614 
  0.9912835 105.614 
  0.9863929 105.0885 
  0.8779144 104.5657 
  0.8603967 104.0455 
  0.8474964 103.5278 
  0.9441094 103.0128 
  0.8497905 101.9903 
  0.7609664 101.4829 
  0.7763668 100.4756 
  0.9692228 99.97575 
  0.968839 99.97575 
  0.8924376 99.97575 
  0.8882183 99.97575 
  0.9281889 99.97575 
  0.9087514 100.978 
  0.9439048 101.9903 
  0.9875528 102.5003 
  0.9795002 103.0128 
  0.9768261 103.0128 
  0.9606948 103.0128 
  0.9515828 102.5003 
  0.9500682 101.9903 
  0.9206728 100.978 
  0.9334929 99.97575 
  0.8861364 98.491 
  0.8645906 97.02828 
  0.9222144 96.06523 
  0.9421085 95.11173 
  0.9306954 94.63854 
  0.9504626 93.6992 
  0.9392531 93.6992 
  0.9103546 94.1677 
  0.9350435 95.5873 
  0.9729723 96.54556 
  0.9757533 96.54556 
  0.9606501 96.54556 
  0.9096797 96.54556 
  0.7454363 96.06523 
  0.2108882 96.06523 
  -0.2133976 96.06523 
  -0.06362499 96.06523 
  0.03451692 96.06523 
  -0.1508663 96.06523 
  -0.07756215 96.06523 
  -0.08974554 96.06523 
  0.003377349 96.06523 
  -0.2052793 96.06523 
  -0.1694863 96.06523 
  -0.1360386 96.06523 
  -0.007251437 96.06523 
  -0.01311044 96.06523 
  -0.1211252 96.06523 
  -0.1494438 96.06523 
  -0.2802888 96.06523 
  0.05365396 96.06523 
  0.1505503 96.06523 
  0.05572562 96.06523 
  -0.2755797 96.06523 
  -0.2394892 96.06523 
  -0.3956808 96.06523 
  -0.3398698 96.06523 
  0.03165133 96.06523 
  -0.0946756 96.06523 
  0.07966442 96.06523 
  -0.2144529 96.06523 
  -0.1935792 96.06523 
  -0.06808568 96.06523 
  -0.2131547 96.06523 
  -0.08167639 96.06523 
  -0.1191982 96.06523 ]
