 [
  0.08959677 100.4756 
  0.2561835 100.4756 
  0.001707767 100.4756 
  0.1139004 100.4756 
  0.05705922 100.4756 
  -0.1380905 100.4756 
  -0.3381054 100.4756 
  -0.326953 100.4756 
  -0.1147864 100.4756 
  0.06801553 100.4756 
  0.1719705 100.4756 
  0.1933051 100.4756 
  0.0756833 100.4756 
  0.06863172 100.4756 
  0.07814523 100.4756 
  -0.03521212 99.97575 
  -0.06008666 99.47836 
  0.6065475 98.98344 
  0.8884435 99.47836 
  0.4474312 104.5657 
  0.6042107 107.2061 
  0.4404812 112.6886 
  0.7176874 116.1118 
  0.867202 117.8622 
  0.9416596 121.4426 
  0.9547398 122.6601 
  0.9647911 124.5092 
  0.9511361 127.0181 
  0.9559095 129.5776 
  0.9737789 131.531 
  0.9504861 133.5138 
  0.913657 137.5696 
  0.9584222 142.4574 
  0.9881955 144.605 
  0.9632784 145.328 
  0.9219754 145.328 
  0.6996676 143.8855 
  0.4653626 142.4574 
  0.6531683 143.1697 
  0.1628806 144.605 
  -0.144 146.0546 
  0.1137495 147.5188 
  0.386426 148.9977 
  0.07837334 150.4914 
  -0.01943004 152.0001 
  -0.06663449 154.2915 
  -0.4828157 155.8383 
  0.1996412 157.4006 
  0.7663064 157.4006 
  0.7196373 136.8852 
  0.9042752 136.8852 
  0.9791884 136.2042 
  0.981213 134.8523 
  0.9912646 134.1814 
  0.9853263 133.5138 
  0.9758685 132.1886 
  0.9736798 130.8766 
  0.9378159 130.8766 
  0.87051 130.2255 
  0.5559989 128.9329 
  0.03785295 127.0181 
  -0.5098361 125.1317 
  0.09370556 123.2734 
  -0.06008849 121.4426 
  -0.1055199 119.639 
  0.02374373 117.8622 
  0.046206 116.1118 
  0.09263583 114.3874 
  0.1169611 112.6886 
  0.0007508083 110.4628 
  0.5699481 105.614 
  0.7039409 106.142 
  0.8985364 105.614 
  0.7934744 103.0128 
  0.6557751 101.4829 
  0.5313712 100.978 
  0.8465958 100.978 
  0.8599243 99.97575 
  0.9791645 98.98344 
  0.9489217 98.00098 
  0.9502449 97.51342 
  0.4216526 97.51342 
  0.0411096 97.02828 
  0.5505809 103.0128 
  0.6160567 111.5702 
  0.894681 112.6886 
  0.9722929 113.2521 
  0.9812276 113.8184 
  0.9848096 113.8184 
  0.9880866 113.8184 
  0.9750663 113.8184 
  0.89865 113.2521 
  0.8248132 112.128 
  0.2695088 108.8223 
  0.06925829 110.4628 
  0.02909523 112.128 
  0.219078 113.2521 
  0.3086729 114.3874 
  0.2125626 116.1118 
  -0.1388453 118.4515 
  0.005243722 120.2372 
  -0.1320187 122.0498 
  0.476855 123.8897 
  0.344146 125.7574 
  0.167845 128.9329 
  0.2409801 128.2915 
  0.1240992 125.7574 
  -0.07146523 123.2734 
  0.2431833 120.8384 
  0.1779368 118.4515 
  0.1499433 116.1118 
  -0.1127312 113.8184 
  -0.06611027 111.5702 
  -0.2653838 109.3664 
  -0.2002587 107.2061 
  0.3801557 105.614 
  0.6466549 101.9903 
  0.5413677 99.97575 
  0.6233177 97.51342 
  0.8973355 94.63854 
  0.8431935 93.6992 
  0.9690853 94.1677 
  0.9745715 94.63854 
  0.8861963 96.06523 
  0.9196421 97.51342 
  0.8929495 98.491 
  0.9284458 98.00098 
  0.9531969 98.491 
  0.9879734 99.47836 
  0.9868824 99.97575 
  0.9737289 99.47836 
  0.9862593 99.47836 
  0.9312803 100.4756 
  0.8615345 99.47836 
  0.9770131 98.491 
  0.9789013 98.491 
  0.9634724 98.491 
  0.9417803 98.98344 
  0.8888261 98.98344 
  0.8066147 97.51342 
  0.6612755 93.6992 
  0.4565624 92.7692 
  -0.1261863 92.30766 
  -0.3117583 91.39146 
  -0.1469226 90.93677 
  0.2439823 90.48434 
  0.4105677 90.48434 
  0.4663579 90.48434 
  0.3358806 90.93677 
  0.2692136 90.93677 
  -0.09528631 91.39146 
  0.420065 91.39146 
  0.3188738 91.84841 
  0.7302573 98.00098 
  0.8167341 97.51342 
  0.8236744 97.02828 
  0.68554 96.06523 
  0.4835083 94.63854 
  0.7958896 95.5873 
  0.9605267 95.11173 
  0.9829966 95.5873 
  0.9728513 96.06523 
  0.9821889 96.54556 
  0.8541926 98.00098 
  0.8572095 98.491 
  0.5593619 98.00098 
  0.7227737 96.54556 
  0.8862869 96.54556 
  0.8954231 97.02828 
  0.8674535 96.06523 
  0.9209218 95.11173 
  0.5240455 104.0455 
  0.578902 103.0128 
  0.677361 92.30766 
  0.7278827 91.84841 
  0.6621935 90.48434 
  0.2294017 89.14054 
  0.2753519 90.93677 
  0.3404754 91.84841 
  0.3842111 102.5003 
  0.03749326 111.0151 
  0.2206964 123.2734 
  0.17802 123.8897 
  0.2221235 142.4574 
  0.2080498 141.0434 
  0.1418239 141.0434 
  0.11008 141.7487 
  0.190108 143.8855 
  0.3500715 145.328 
  0.2763024 146.0546 
  0.340588 145.328 
  0.1559941 145.328 
  0.1324168 146.0546 
  0.1272042 146.7849 
  -0.1757663 147.5188 
  -0.1189204 148.2564 
  0.03938916 148.9977 
  -0.1045543 149.7427 
  0.159876 150.4914 
  -0.1899467 151.2439 
  -0.03530172 152.0001 
  0.03073408 152.7601 
  0.02805325 153.5239 
  0.08903883 154.2915 
  0.1209633 155.063 
  0.1543249 155.063 
  0.006461211 155.063 
  0.1023727 155.063 
  0.1668875 155.063 
  0.1086164 155.063 
  0.06653696 155.063 
  0.1293275 155.063 
  0.1419966 155.063 
  0.04192216 155.063 
  -0.05134621 155.063 
  -0.2440497 155.063 
  -0.1011134 155.063 
  -0.1246172 155.063 
  -0.08358431 155.063 
  0.1424772 155.063 
  0.1300352 155.063 ]
