 [
  -0.009809991 146.7849 
  0.06876533 146.7849 
  0.002608049 146.7849 
  0.2502344 146.7849 
  0.1957441 146.7849 
  -0.002859945 146.7849 
  -0.06039327 146.7849 
  -0.1033482 146.7849 
  -0.08248983 146.7849 
  0.03843759 146.7849 
  -0.2031752 146.7849 
  -0.04024843 146.7849 
  0.2896005 146.7849 
  0.0471008 146.7849 
  0.02476579 146.7849 
  -0.02794349 146.7849 
  -0.2054073 146.7849 
  -0.1349665 146.7849 
  -0.03529214 146.7849 
  -0.03517614 146.7849 
  -0.03735686 146.7849 
  0.1152757 146.7849 
  0.1594859 146.7849 
  -0.01081578 146.7849 
  0.06803641 146.7849 
  0.08371489 146.7849 
  0.1987829 146.7849 
  0.1908857 146.7849 
  0.1888342 146.7849 
  -0.004250027 146.7849 
  0.216418 146.7849 
  0.1222621 146.7849 
  0.1069851 146.7849 
  -0.04164847 146.7849 
  -0.09712691 146.7849 
  0.7576408 146.7849 
  0.9104149 147.5188 
  0.9511747 147.5188 
  0.9348522 147.5188 
  0.944047 147.5188 
  0.9225526 148.9977 
  0.8682468 150.4914 
  0.8652004 155.063 
  0.8993996 158.1876 
  0.907939 163.8079 
  0.9382201 166.2773 
  0.9777789 169.6279 
  0.9690193 170.476 
  0.9485958 169.6279 
  0.9278151 167.1087 
  0.6590449 164.6269 
  0.3679572 162.182 
  0.3046652 159.7734 
  0.01981308 157.4006 
  -0.04622632 155.063 
  0.00374515 152.7601 
  0.04839199 150.4914 
  0.1106158 148.2564 
  -0.03338601 146.0546 
  -0.1460784 143.8855 
  -0.2651187 141.7487 
  0.07505119 140.3417 
  0.1929598 138.9488 
  0.2711577 138.2575 
  0.2859664 137.5696 
  0.2399018 137.5696 
  -0.2649833 137.5696 
  0.5822457 137.5696 
  0.2771864 136.8852 
  0.1700857 136.2042 
  -0.03236374 135.5266 
  0.4865507 135.5266 
  0.5737441 132.1886 
  0.7898152 131.531 
  0.8141751 127.0181 
  0.8157475 123.8897 
  0.9543269 122.0498 
  0.9365644 120.8384 
  0.8743177 121.4426 
  0.4525075 122.6601 
  0.8045463 123.8897 
  0.090156 125.1317 
  0.01156001 126.3862 
  0.0005976376 127.6532 
  0.3319565 128.9329 
  0.8068542 129.5776 
  0.8418328 128.9329 
  0.7563748 125.1317 
  0.8717 123.2734 
  0.981481 123.2734 
  0.9877498 123.8897 
  0.9889432 124.5092 
  0.9911124 124.5092 
  0.9849132 125.1317 
  0.9848087 125.7574 
  0.9605365 127.0181 
  0.9338185 128.2915 
  0.967484 130.2255 
  0.9900653 131.531 
  0.9288905 130.8766 
  0.8751963 130.8766 
  0.8675937 132.1886 
  0.9879833 134.1814 
  0.9429837 133.5138 
  0.8930324 131.531 
  0.7604994 130.2255 
  0.02022598 128.9329 
  0.04264214 127.6532 
  0.02951517 126.3862 
  -0.002482083 125.7574 
  -0.1885542 124.5092 
  0.6915147 122.6601 
  0.7169548 118.4515 
  0.8373609 114.9594 
  0.8790959 111.0151 
  0.948622 107.7421 
  0.9219484 106.6728 
  0.8366153 106.6728 
  0.5694554 107.7421 
  0.5404859 108.8223 
  0.5628068 109.9132 
  0.5978808 111.0151 
  0.6435637 112.128 
  0.8324697 113.2521 
  0.9212372 114.3874 
  0.9402874 116.1118 
  0.9434316 119.0438 
  0.9422171 120.2372 
  0.939773 121.4426 
  0.9101112 123.2734 
  0.9500412 125.7574 
  0.9699793 127.6532 
  0.9782485 128.9329 
  0.9497594 130.2255 
  0.9296197 131.531 
  0.845489 132.1886 
  0.4618824 128.2915 
  0.1591283 127.0181 
  -0.03586884 126.3862 
  0.2606494 125.7574 
  0.3716749 124.5092 
  0.2121162 123.8897 
  0.0289548 122.6601 
  -0.1884236 121.4426 
  0.114217 120.2372 
  -0.007692077 119.0438 
  -0.06067433 117.8622 
  0.004872981 116.6924 
  -0.0005560578 115.5342 
  0.3698002 114.3874 
  0.2556319 112.6886 
  0.1482227 112.6886 
  0.6236135 109.3664 
  0.1679433 109.9132 
  0.145075 120.2372 
  0.8829376 121.4426 
  0.9272424 123.2734 
  0.8656262 123.2734 
  0.7786248 123.2734 
  0.8070318 120.8384 
  -0.1933836 122.0498 
  0.5925874 123.8897 
  0.1110839 125.7574 
  0.3294417 127.6532 
  0.2737401 128.9329 
  0.1198491 130.8766 
  0.1874069 132.1886 
  -0.04454895 133.5138 
  0.7235612 136.2042 
  0.7397025 132.1886 
  0.749191 130.2255 
  0.75308 127.0181 
  0.818812 122.0498 
  0.9862065 121.4426 
  0.9845406 120.2372 
  0.9712283 118.4515 
  0.9503013 116.6924 
  0.9174659 114.3874 
  0.851335 112.128 
  0.1924902 110.4628 
  -0.1442634 108.2809 
  0.2398402 105.614 
  0.6066194 114.9594 
  0.7864783 114.9594 
  0.9303183 114.9594 
  0.9058075 115.5342 
  0.9508653 116.1118 
  0.9515942 116.6924 
  0.9567422 116.6924 
  0.9574389 116.1118 
  0.9773775 116.1118 
  0.9776165 115.5342 
  0.9748664 114.9594 
  0.9876776 114.3874 
  0.974184 114.3874 
  0.9257647 114.3874 
  0.9025119 113.2521 
  0.862251 112.128 
  0.8288236 110.4628 
  0.9600852 111.5702 
  0.892634 112.6886 
  0.8022081 114.3874 
  0.9468607 116.6924 
  0.9561297 119.0438 
  0.9654854 120.2372 
  0.976567 120.8384 
  0.9733579 120.2372 
  0.9623282 118.4515 
  0.960781 116.6924 
  0.9415256 114.9594 
  0.9034635 113.2521 
  0.8839365 111.0151 
  0.8891722 108.2809 
  0.6229126 107.7421 
  0.3946911 108.2809 
  0.1066483 108.8223 
  0.1556338 108.8223 
  0.1816138 108.8223 
  0.1318918 108.8223 
  0.01085394 108.8223 
  -0.002305227 108.8223 
  -0.06641705 108.8223 
  0.04397389 108.8223 
  0.05303444 108.8223 
  0.1177605 108.8223 
  -0.06746676 108.8223 
  0.01292564 108.8223 
  0.2168563 108.8223 
  0.08970293 109.3664 
  0.04856332 109.9132 
  -0.04521022 111.0151 
  0.4873937 111.5702 
  0.7561541 115.5342 
  0.8717902 113.8184 
  0.8054109 111.0151 
  0.8347162 108.8223 
  0.8847888 106.6728 
  0.9085164 105.614 
  0.8942075 104.5657 
  0.912994 103.0128 
  0.9529945 101.9903 
  0.9095941 100.978 
  0.4010771 98.98344 
  0.2561913 112.6886 
  0.2944691 112.6886 
  0.04657307 111.5702 
  0.4279708 117.8622 
  0.1089806 114.3874 
  -0.1433756 114.9594 
  0.06805307 115.5342 
  -0.1117155 115.5342 
  0.06629641 116.1118 
  0.2490972 116.1118 
  0.2148319 116.6924 
  0.09389187 117.2759 
  0.1072173 117.8622 
  0.005004806 118.4515 
  -0.07612713 118.4515 
  -0.165122 118.4515 
  -0.06005909 118.4515 
  0.2354631 118.4515 
  0.24588 118.4515 
  0.2627109 118.4515 
  0.1150995 118.4515 
  -0.01657887 118.4515 
  0.08473396 118.4515 
  -0.001155064 118.4515 
  -0.1066808 118.4515 
  -0.02811457 118.4515 
  -0.03824746 118.4515 
  0.0131494 119.0438 
  0.1351897 119.639 
  0.1521207 120.2372 
  0.08840406 120.2372 
  0.05297539 120.2372 
  0.139185 120.2372 
  0.04128433 120.2372 
  0.09365284 120.2372 
  -0.1541986 120.2372 
  -0.004656796 120.2372 
  0.03465263 120.2372 
  0.05529011 120.2372 
  0.03464075 120.2372 
  0.08116642 120.2372 
  0.1214394 120.2372 
  0.03931829 120.2372 
  -0.04234078 120.2372 
  -0.1015872 120.2372 
  0.01656994 120.2372 
  0.1318872 120.2372 
  -0.03573056 120.2372 
  -0.2047623 120.2372 
  -0.00432389 120.2372 
  0.3955939 120.2372 
  0.3224756 120.2372 
  0.1235943 120.2372 
  -0.01496537 120.2372 
  0.01013808 120.2372 
  -0.04942102 120.2372 
  0.07272337 120.2372 
  -0.3013332 120.2372 
  -0.3451954 120.2372 
  -0.3551403 120.2372 
  -0.3122469 120.2372 
  -0.3672233 120.2372 
  -0.1716063 120.2372 
  0.04614988 120.2372 
  0.01904516 120.2372 
  0.01017795 120.2372 ]
