 [
  -0.2152951 73.38358 
  -0.5500777 73.38358 
  -0.3540077 73.38358 
  -0.1255088 73.38358 
  0.1031758 73.38358 
  -0.02172204 73.38358 
  -0.2578428 73.38358 
  0.09205005 73.38358 
  -0.03246037 73.38358 
  -0.03194375 73.38358 
  0.04626767 73.38358 
  0.0499067 73.01849 
  0.2192198 74.86229 
  0.3096884 74.86229 
  0.758797 75.2366 
  0.1436069 75.2366 
  -0.3769866 75.99085 
  0.06582075 75.61279 
  0.3196503 75.99085 
  0.8487833 75.99085 
  0.4969335 78.69076 
  0.7079753 79.08421 
  0.680021 79.87703 
  0.868337 80.6778 
  0.9587874 80.6778 
  0.9496689 81.08118 
  0.8960604 81.4866 
  0.8798083 81.4866 
  0.8241183 81.89403 
  0.7235803 82.71502 
  0.9099603 85.2277 
  0.8395436 87.8167 
  0.7211713 91.84841 
  0.8366303 93.23304 
  0.9064938 93.6992 
  0.9400867 93.6992 
  0.9012864 92.7692 
  0.935056 92.30766 
  0.8828866 91.84841 
  0.7842402 90.03418 
  0.5314981 88.69706 
  0.2285236 89.58624 
  0.07148167 91.39146 
  0.1114955 93.23304 
  0.04961428 95.11173 
  0.3318299 97.02828 
  0.1317382 98.491 
  0.02553673 100.4756 
  0.2238284 101.9903 
  0.1474799 103.0128 
  0.1202939 104.0455 
  0.2499533 104.5657 
  -0.01187503 104.0455 
  -0.1169848 104.0455 
  0.2223814 104.0455 
  0.5239307 104.0455 
  0.7412957 105.614 
  0.8859809 104.5657 
  0.9646029 101.9903 
  0.9346417 100.4756 
  0.9104723 98.00098 
  0.9147546 95.5873 
  0.9580228 94.63854 
  0.9304047 93.23304 
  0.8693709 90.93677 
  0.8889904 88.69706 
  0.8709683 87.3798 
  0.7137945 85.2277 
  0.6275737 82.71502 
  0.7897668 81.08118 
  0.9573882 78.69076 
  0.9785091 78.29926 
  0.9772055 77.90971 
  0.9174196 77.5221 
  0.8307994 77.13642 
  0.7070085 75.99085 
  0.01694332 77.90971 
  0.2802261 81.08118 
  0.3233666 82.71502 
  0.3457523 83.96195 
  0.2293101 84.80367 
  0.1730975 85.65383 
  0.2814352 85.65383 
  0.1371783 85.2277 
  0.1501323 83.96195 
  -0.008141648 81.89403 
  0.7694262 83.54424 
  0.2516373 75.99085 
  0.7293438 75.61279 
  0.7864881 75.61279 
  0.6215687 74.48985 
  -0.09847973 71.93407 
  0.1798122 72.29374 
  0.3101616 73.01849 
  0.2735713 73.7505 
  0.2823035 74.48985 
  0.3608232 75.61279 
  0.4688754 76.75266 
  0.3693888 78.29926 
  0.5288011 81.08118 
  0.5830072 82.3035 
  0.8456761 83.12859 
  0.8941944 83.54424 
  0.9069145 83.96195 
  0.8944213 83.54424 
  0.9238937 83.12859 
  0.8938171 82.3035 
  0.7925782 80.6778 
  0.7992477 78.29926 
  0.8960341 77.13642 
  0.9517902 76.75266 
  0.833807 77.90971 
  0.7951642 81.08118 
  0.912349 82.71502 
  0.8022641 83.12859 
  0.7099872 83.12859 
  0.4372529 82.3035 
  0.7263684 81.08118 
  0.7328826 79.87703 
  0.218685 78.29926 
  0.102863 77.5221 
  0.1145714 77.5221 
  0.5190235 78.29926 
  0.7330277 80.6778 
  0.7403455 81.4866 
  0.8688067 83.54424 
  0.9230973 83.12859 
  0.8244323 81.4866 
  0.7471146 79.87703 
  0.7826329 79.08421 
  0.8960916 77.13642 
  0.9013029 77.13642 
  0.9322004 77.13642 
  0.9700659 77.13642 
  0.9839557 77.13642 
  0.8853195 76.75266 
  0.5827768 76.75266 
  -0.06784929 78.29926 
  -0.4173982 80.27641 
  0.02324039 82.3035 
  0.03385229 84.38177 
  0.1457286 85.65383 
  0.2323798 86.51251 
  0.02125005 87.8167 
  -0.03228965 89.58624 
  -0.1137104 91.39146 
  0.09491218 92.7692 
  0.1554381 94.1677 
  0.1258049 95.11173 
  0.2428114 96.54556 
  0.7708084 96.06523 
  0.2126198 86.0821 
  0.8743598 85.65383 
  0.9890345 85.65383 
  0.9839399 85.65383 
  0.9776543 85.65383 
  0.9765657 85.65383 
  0.9907901 86.0821 
  0.9955401 86.0821 
  0.9919786 86.51251 
  0.9873487 86.51251 
  0.9374189 86.51251 
  0.8901666 86.51251 
  0.7747599 86.51251 
  0.9461244 87.8167 
  0.9934144 88.25578 
  0.8407372 89.58624 
  0.8235825 90.93677 
  0.7559552 88.69706 
  0.782644 86.94508 
  0.8747554 86.0821 
  0.9089839 85.2277 
  0.7304367 84.38177 
  0.3727843 83.12859 
  0.9584965 86.94508 
  0.9986905 87.3798 
  0.99207 86.94508 
  0.8709803 87.3798 
  0.738973 87.8167 
  0.4690829 91.39146 
  0.4889121 85.2277 
  0.8960016 83.96195 
  0.8082504 82.71502 
  0.6167594 81.08118 
  0.4292926 79.47963 
  0.5671538 77.5221 
  0.2386027 75.2366 
  0.3329451 71.57619 
  0.6130944 67.41799 
  0.6994078 67.41799 
  0.7795223 65.43038 
  0.2576427 66.41676 
  0.3501208 66.74884 
  -0.1023291 67.41799 
  -0.06138349 68.09386 
  0.1040816 68.7765 
  0.03249707 69.46598 
  0.04397178 70.51319 
  0.01409538 71.57619 
  0.02431592 72.6552 
  -0.215515 73.7505 
  -0.03436358 74.86229 
  -0.0121663 75.99085 
  -0.02641297 76.75266 
  0.05183087 77.5221 
  0.7663586 78.29926 
  0.659952 78.69076 
  0.6604229 79.08421 
  0.5410709 80.27641 
  0.5830302 80.6778 
  0.1648984 80.6778 
  0.09234664 81.08118 
  0.0526641 81.4866 
  -0.1477632 81.89403 
  -0.005329216 82.3035 
  -0.07729985 82.71502 
  0.152629 82.71502 
  0.2641234 83.12859 
  0.3546486 83.54424 
  0.1536809 83.96195 
  0.7830141 81.89403 
  0.2909186 81.89403 
  0.4196184 78.29926 
  0.8567145 76.75266 
  0.9843085 75.99085 
  0.9802842 75.99085 
  0.9821956 75.99085 
  0.9578872 76.3708 
  0.8787215 76.3708 
  0.7888854 75.61279 
  0.7804499 75.2366 
  0.7852428 76.3708 
  0.9293722 78.69076 
  0.9188681 79.08421 
  0.8354292 79.08421 
  0.752287 78.29926 
  -0.02668621 78.69076 
  -0.05299105 79.47963 
  -0.05531316 80.27641 
  0.1671913 80.6778 
  -0.1198608 81.08118 
  0.02807028 81.4866 
  -0.03572299 81.89403 
  0.06493748 82.3035 
  0.0506992 82.3035 
  0.01277352 82.3035 
  0.003997355 82.3035 
  0.05445524 82.3035 
  0.2086466 82.3035 
  0.7485365 80.6778 
  0.6331716 71.22009 
  0.7301474 71.57619 
  0.9632741 71.93407 
  0.8908816 71.22009 
  0.8818881 70.51319 
  0.2950572 70.86576 
  0.6677603 65.43038 
  0.5410299 63.81888 
  0.5857368 63.50137 
  0.2719342 63.50137 
  0.1614357 66.41676 
  0.01894643 68.7765 
  -0.1214449 72.29374 
  0.6371893 75.2366 
  0.0901016 78.29926 
  0.3936459 81.4866 
  0.4467086 82.71502 
  0.7106979 81.89403 
  0.8153695 82.71502 
  0.9187651 83.54424 
  0.8514466 83.12859 
  0.8110917 83.12859 
  0.6615952 83.12859 
  0.9764043 84.38177 
  0.9630967 84.80367 
  0.9721264 84.80367 
  0.9826748 85.2277 
  0.9724665 85.65383 
  0.9749274 86.0821 
  0.9935305 86.94508 
  0.9915782 87.3798 
  0.9850317 87.3798 
  0.5750475 85.2277 
  0.6187136 82.3035 
  0.5915477 81.89403 
  0.1984782 82.71502 
  0.1147304 83.54424 
  0.1067359 84.38177 
  -0.03569175 85.65383 
  0.07783543 86.94508 
  0.1635592 88.25578 
  0.7792627 89.58624 
  0.7674669 90.48434 
  0.7555741 91.39146 
  0.3128074 90.48434 
  0.5928929 85.2277 
  0.9825547 84.38177 
  0.9480346 83.96195 
  0.8854141 82.3035 
  0.849067 81.08118 
  0.8433213 79.87703 
  -0.02535379 81.08118 
  -0.3404202 83.54424 
  -0.08380927 86.0821 
  0.05493039 88.69706 
  0.3692131 91.39146 
  0.6198689 86.94508 
  0.7152005 83.96195 
  0.6659264 81.08118 
  0.6938305 79.47963 
  0.6417754 76.75266 
  0.7716992 73.7505 
  0.4908431 71.93407 
  0.3995807 71.22009 
  -0.04142666 70.51319 
  -0.2527594 69.81332 
  -0.2249986 69.12038 
  0.09046993 68.43433 
  0.01952962 67.75508 
  0.05648026 68.09386 
  0.08621731 68.43433 
  0.1080974 68.7765 
  0.01356801 68.09386 
  0.06987163 67.41799 
  0.03195718 66.08632 
  0.3180381 64.13797 
  0.265867 60.4119 
  0.6705508 60.4119 
  0.577123 68.09386 
  0.85794 66.74884 
  0.6757115 66.41676 
  0.5638572 66.74884 
  0.8064348 67.41799 
  0.6111959 68.09386 
  0.402083 68.43433 
  -0.008701474 68.7765 
  0.02513357 69.12038 
  0.07661146 69.46598 
  0.1738723 69.46598 
  0.03399099 69.46598 
  0.314668 69.46598 
  0.2701072 69.46598 
  0.296048 69.46598 
  0.2651309 69.46598 
  0.2066002 69.46598 
  -0.108218 69.46598 
  0.001138664 69.46598 
  0.347115 69.46598 
  0.2531615 69.81332 
  -0.1278068 69.81332 
  0.0902275 69.81332 
  0.3101244 69.81332 
  0.3188765 69.81332 
  0.05590845 69.81332 
  -0.04145027 69.81332 
  -0.3078893 69.81332 
  0.1197772 69.81332 
  0.09061863 69.81332 
  -0.03097614 69.81332 
  -0.08368803 69.81332 
  -0.351084 69.81332 
  -0.2247039 69.81332 
  0.07877849 69.81332 
  0.0841113 69.81332 
  -0.1802717 69.81332 
  -0.26624 69.81332 
  0.03199275 69.81332 ]
