 [
  -0.01878881 105.614 
  0.1669792 105.614 
  0.1881539 105.614 
  0.065263 105.614 
  -0.0607925 105.614 
  -0.1009225 105.614 
  -0.07080223 105.614 
  -0.1245482 105.614 
  -0.02579879 105.614 
  0.02793178 105.614 
  0.1365786 105.614 
  0.1329554 105.614 
  0.098163 105.614 
  0.03542829 105.614 
  -0.2037789 105.614 
  -0.1417202 105.614 
  0.1631331 105.614 
  0.669796 105.614 
  0.303727 105.614 
  0.1102113 106.142 
  -0.2616955 107.2061 
  0.006995352 108.8223 
  0.5189333 111.0151 
  0.7808914 116.6924 
  0.7430788 124.5092 
  0.6442194 130.2255 
  0.7014488 136.8852 
  0.679402 141.7487 
  0.5986962 151.2439 
  0.9235672 155.063 
  0.8275846 154.2915 
  0.5357373 149.7427 
  0.2260559 143.1697 
  0.1604857 127.0181 
  0.2724788 123.2734 
  0.1317686 114.3874 
  0.5154355 104.0455 
  0.5814167 99.97575 
  0.7285268 97.02828 
  0.6754123 96.54556 
  0.945229 98.00098 
  0.9705705 99.47836 
  0.9937448 99.97575 
  0.9919214 100.4756 
  0.9916095 100.4756 
  0.9626662 100.978 
  0.9068089 101.9903 
  0.9088521 102.5003 
  0.7072955 100.978 
  0.5906526 99.47836 
  0.4511604 98.491 
  -0.03622336 97.51342 
  0.2170902 96.54556 
  -0.003214401 96.06523 
  0.0359626 95.11173 
  0.05354096 94.1677 
  0.1876728 92.7692 
  0.7479488 93.23304 
  0.1257479 95.11173 
  0.4571251 101.4829 
  0.7910054 102.5003 
  0.6067476 105.0885 
  0.5594529 107.7421 
  0.8123534 109.9132 
  0.9439178 111.5702 
  0.8681995 111.5702 
  0.6263572 111.5702 
  0.2118029 111.0151 
  0.1578515 112.6886 
  0.01235916 113.8184 
  -0.007251193 114.9594 
  0.02468459 116.6924 
  -0.01667144 117.8622 
  0.1033136 119.0438 
  -0.0640131 120.8384 
  0.1135418 122.6601 
  -0.002491231 124.5092 
  -0.08756352 126.3862 
  0.546533 128.2915 
  0.4634143 119.0438 
  0.4890754 116.1118 
  0.6249892 111.0151 
  0.7393557 107.7421 
  0.6897303 105.0885 
  0.4696257 100.978 
  0.6046009 95.5873 
  0.7665066 93.23304 
  0.6908712 90.93677 
  0.7775129 89.14054 
  0.8350077 88.25578 
  0.7833318 89.14054 
  0.8012809 90.48434 
  0.9102085 92.30766 
  0.9446478 94.1677 
  0.7790141 96.54556 
  0.7858356 99.47836 
  0.8188871 101.4829 
  0.8610001 102.5003 
  0.8653597 103.0128 
  0.8852766 104.0455 
  0.8951523 104.5657 
  0.8688543 104.0455 
  0.7716775 102.5003 
  0.7713848 100.4756 
  0.8946906 98.98344 
  0.8824496 97.51342 
  0.7605481 95.5873 
  0.8573869 93.6992 
  0.5242705 91.39146 
  0.7826771 88.69706 
  0.9032215 87.8167 
  0.5077207 86.51251 
  0.588416 83.96195 
  0.9184233 82.71502 
  0.7901115 81.89403 
  0.9100056 80.6778 
  0.821629 81.08118 
  0.7694249 82.3035 
  0.7402977 83.12859 
  0.7348232 84.80367 
  0.4048915 88.69706 
  0.9144729 90.93677 
  0.9105403 91.39146 
  0.7107289 92.30766 
  0.5389559 93.6992 
  0.6404582 94.1677 
  0.6839336 95.11173 
  0.7405292 96.06523 
  0.6742352 97.02828 
  0.5242441 98.00098 
  0.1917525 98.491 
  0.0639904 98.98344 
  0.05460814 99.47836 
  -0.2473727 99.97575 
  -0.009585831 100.4756 
  -0.2029566 100.978 
  -0.2592182 101.9903 
  -0.1135951 103.0128 
  -0.009095711 104.0455 
  0.1616446 105.0885 
  0.1276077 106.142 
  -0.0121983 107.2061 
  0.04414839 108.2809 
  -0.02074804 109.3664 
  0.4185445 110.4628 
  0.570206 114.3874 
  0.7497005 114.3874 
  0.8360586 113.2521 
  0.7912327 108.2809 
  0.8045283 102.5003 
  0.7354111 98.491 
  0.8289118 97.51342 
  0.9136962 98.00098 
  0.6945748 98.98344 
  0.6460269 99.97575 
  0.638344 98.98344 
  0.6640272 98.98344 
  0.7537476 98.98344 
  0.7772477 99.47836 
  0.8571783 98.98344 
  0.8265085 98.98344 
  0.7053155 98.00098 
  0.4098506 97.51342 
  0.4937791 98.00098 
  0.3011429 98.98344 
  -0.415072 100.4756 
  0.09525048 101.9903 
  0.2056643 103.5278 
  0.1610071 104.5657 
  0.03844758 105.614 
  -0.1348521 106.6728 
  -0.03000804 107.7421 
  0.6686271 109.3664 
  0.6389465 106.6728 
  0.5439582 103.0128 
  0.6293592 99.47836 
  0.8358973 96.06523 
  0.9597311 95.11173 
  0.9308881 95.5873 
  0.7929479 97.02828 
  0.910198 98.00098 
  0.9208208 98.491 
  0.6707098 98.00098 
  0.4391621 96.54556 
  0.7545695 93.6992 
  0.7520362 92.30766 
  0.7045112 90.93677 
  0.4144071 90.48434 
  0.8871586 91.39146 
  0.9801605 92.30766 
  0.9479289 94.1677 
  0.9501313 96.54556 
  0.7992552 99.47836 
  0.4371259 102.5003 
  0.7011235 103.5278 
  0.7909427 104.5657 
  0.9107271 106.142 
  0.9603097 107.2061 
  0.9874968 107.7421 
  0.9830142 107.7421 
  0.9205879 107.2061 
  0.7584427 105.614 
  0.6738935 103.0128 
  0.6823422 100.978 
  0.5459851 98.00098 
  0.6776467 95.5873 
  0.7346045 92.7692 
  0.2720549 85.2277 
  0.4237359 81.08118 
  0.3440843 80.6778 
  0.8287434 76.3708 
  0.9070849 76.3708 
  0.7319393 77.13642 
  0.7781233 78.69076 
  0.6228036 79.87703 
  0.4010476 80.27641 
  0.2372748 80.27641 
  0.3233956 80.27641 
  0.308782 80.27641 
  0.3522621 80.27641 
  0.2183331 80.27641 
  0.2226752 80.27641 
  0.05041323 80.27641 
  -0.04671901 80.27641 
  -0.2325517 80.27641 
  0.03866119 80.27641 
  0.04435609 80.27641 
  0.09867379 80.27641 
  -0.04837362 80.27641 
  0.02908476 80.27641 
  -0.1143251 80.27641 
  -0.1033197 80.27641 ]
