 [
  -0.02150976 109.3664 
  0.4645526 109.3664 
  0.318726 109.3664 
  0.2606682 109.3664 
  0.3834445 109.3664 
  0.3424611 109.3664 
  0.09413774 109.3664 
  0.3076102 109.3664 
  0.6833132 109.3664 
  0.8683294 109.3664 
  0.959236 109.3664 
  0.1699966 109.3664 
  0.5914995 108.8223 
  0.6982591 107.2061 
  0.7944136 106.6728 
  0.7606018 105.0885 
  0.6270652 104.0455 
  0.0814307 115.5342 
  0.4827459 125.7574 
  -0.02713076 136.8852 
  -0.3615343 148.9977 
  -0.3776864 162.9929 
  0.003264373 178.3027 
  0.4219074 194.0801 
  0.797603 208.1162 
  0.9411985 216.5879 
  0.9837281 220.9523 
  0.9946102 223.1673 
  0.866024 227.6642 
  0.9324441 229.9466 
  0.9511001 232.2518 
  0.9815173 233.4131 
  0.9889956 234.5801 
  0.984022 236.9318 
  0.9606721 240.5036 
  0.9589061 245.3498 
  0.9710627 249.0485 
  0.9859421 251.5452 
  0.9905971 254.067 
  0.9841099 256.614 
  0.9911754 257.8971 
  0.9937221 259.1866 
  0.9887012 260.4825 
  0.9785427 261.7849 
  0.9428663 263.0938 
  0.8826457 260.4825 
  0.9262391 255.3373 
  0.8112638 252.8029 
  0.3465252 252.8029 
  0.1760839 251.5452 
  0.2208792 250.2938 
  0.1291147 250.2938 
  0.04132099 250.2938 
  0.1396867 250.2938 
  0.07119254 250.2938 
  0.1121102 250.2938 
  0.00922361 250.2938 
  0.1382772 250.2938 
  0.1481363 250.2938 
  0.6648259 250.2938 
  0.8369261 239.307 
  0.8898663 232.2518 
  0.953459 224.2832 
  0.9513041 219.853 
  0.9387333 215.5104 
  0.906773 207.0808 
  0.8980347 204.0054 
  0.9062358 202.9904 
  0.9377878 201.9805 
  0.9445028 200.9756 
  0.8008752 201.9805 
  0.8268113 201.9805 
  0.9133925 198.9809 
  0.9600229 196.0257 
  0.9789252 194.0801 
  0.9830061 192.1537 
  0.9381503 191.1978 
  0.9059035 190.2465 
  0.2874731 193.1145 
  0.5320849 197.0059 
  0.7010305 200.9756 
  0.5729523 205.0254 
  -0.09516489 209.1568 
  -0.05976818 213.3714 
  -0.09888671 217.6709 
  0.3474358 222.057 
  0.6159011 226.5316 
  0.1445674 231.0963 
  0.2955211 235.753 
  0.3108384 241.7061 
  0.4450586 244.1292 
  -0.1723627 245.3498 
  -0.7825432 244.1292 
  0.1392211 244.1292 
  0.3773966 244.1292 
  0.2352721 244.1292 
  0.364429 242.9146 
  0.3298392 241.7061 
  0.2931718 239.307 
  0.2428005 208.1162 
  0.7134691 211.2535 
  0.9475941 211.2535 
  0.9926457 211.2535 
  0.9939424 212.3098 
  0.9881158 211.2535 
  0.9782592 211.2535 
  0.9736996 209.1568 
  0.9462079 208.1162 
  0.862734 202.9904 
  0.5260564 187.4211 
  -0.05946382 171.3284 
  -0.4563098 155.8383 
  -0.5220265 141.7487 
  -0.1483356 128.9329 
  0.08203525 117.2759 
  0.2149715 106.6728 
  0.4546059 94.63854 
  0.578593 91.84841 
  0.8309684 90.93677 
  0.6899461 90.93677 
  0.677775 92.30766 
  0.5100812 90.93677 
  0.6809106 89.58624 
  0.9648423 88.69706 
  0.8840497 88.25578 
  0.8255557 86.94508 
  0.8070213 86.51251 
  0.8060698 87.3798 
  0.6350498 87.3798 
  0.5508322 86.94508 
  0.5748016 85.65383 
  0.7573709 86.0821 
  0.7164732 86.51251 
  0.7788566 86.51251 
  0.6004732 86.51251 
  0.2896531 86.51251 
  0.1080494 86.51251 
  -0.02933451 86.51251 
  0.07410886 86.51251 
  0.1519785 86.51251 
  -0.1633811 86.51251 
  -0.2980037 86.51251 
  -0.4649426 86.51251 
  -0.2789173 86.51251 
  0.0521006 86.51251 
  0.01701235 86.51251 
  -0.1237004 86.51251 
  -0.2991209 86.51251 
  -0.2190877 86.51251 
  -0.2081777 86.51251 
  -0.008405606 86.51251 
  0.2328179 86.51251 
  -0.1591809 86.51251 
  0.03154672 86.51251 
  0.1811937 86.51251 ]
