 [
  -0.1233406 142.4574 
  -0.0500444 142.4574 
  0.1664162 142.4574 
  0.2191608 142.4574 
  0.04118645 142.4574 
  -0.2579575 142.4574 
  -0.2023455 142.4574 
  -0.1053728 142.4574 
  0.08580621 142.4574 
  -0.0462337 142.4574 
  0.3928644 142.4574 
  -0.2111485 142.4574 
  -0.2449874 142.4574 
  0.259402 142.4574 
  0.8165565 143.1697 
  0.7363809 139.6435 
  0.8119345 137.5696 
  0.9673172 136.2042 
  0.9793413 135.5266 
  0.9776649 135.5266 
  0.9805334 135.5266 
  0.9702608 135.5266 
  0.9765546 136.2042 
  0.9739246 136.8852 
  0.9501019 137.5696 
  0.9646542 138.9488 
  0.9625369 140.3417 
  0.9732896 141.7487 
  0.9839825 143.1697 
  0.9943187 143.8855 
  0.9958868 143.8855 
  0.9939608 143.8855 
  0.9931179 143.8855 
  0.9718804 143.1697 
  0.9480915 141.0434 
  0.9597018 138.9488 
  0.9425017 137.5696 
  0.945313 136.2042 
  0.9426999 134.8523 
  0.9376741 134.1814 
  0.9470451 132.8496 
  0.9645697 132.1886 
  0.9770627 130.8766 
  0.9887061 130.8766 
  0.9954391 130.8766 
  0.9974364 130.8766 
  0.9987879 130.8766 
  0.9992687 130.8766 
  0.9994375 131.531 
  0.9989637 131.531 
  0.9983938 131.531 
  0.990728 130.8766 
  0.9074554 130.8766 
  0.8025325 130.8766 
  -0.06731078 130.8766 
  0.4253953 131.531 
  -0.4320453 132.1886 
  -0.0575963 132.8496 
  0.121093 133.5138 
  0.05410124 134.1814 
  0.001791592 134.8523 
  -0.04874296 135.5266 
  -0.000195099 136.2042 
  0.1398354 136.8852 
  0.1882244 137.5696 
  0.01799646 138.2575 
  0.4419716 138.9488 
  0.7607921 143.8855 
  0.9112445 143.1697 
  0.9423049 141.7487 
  0.9684712 141.0434 
  0.9886676 140.3417 
  0.9888513 139.6435 
  0.9852148 138.9488 
  0.9760188 138.2575 
  0.9606991 137.5696 
  0.9607353 136.2042 
  0.9737269 134.8523 
  0.9520469 133.5138 
  0.9362224 132.1886 
  0.8954381 130.2255 
  0.8619343 128.9329 
  0.9642555 128.2915 
  0.9535448 127.0181 
  0.6807433 126.3862 
  0.6482388 126.3862 
  0.6671022 125.1317 
  0.8549891 123.2734 
  0.9612877 121.4426 
  0.9489679 121.4426 
  0.94748 122.0498 
  0.9463984 123.2734 
  0.9055139 126.3862 
  0.8458394 130.8766 
  0.820828 135.5266 
  0.8304486 140.3417 
  0.761399 146.7849 
  0.8361218 152.0001 
  0.8326924 158.1876 
  0.8929114 162.9929 
  0.9181293 167.1087 
  0.9359849 171.3284 
  0.9479076 175.6547 
  0.9784248 178.3027 
  0.9912339 180.0902 
  0.9920087 180.0902 
  0.973411 178.3027 
  0.9476258 174.7808 
  0.9376459 170.476 
  0.9499161 165.4501 
  0.9510052 161.3751 
  0.92806 158.1876 
  0.8410969 152.7601 
  0.8261006 148.2564 
  0.8617787 141.7487 
  0.91219 137.5696 
  0.9597814 134.8523 
  0.9414244 131.531 
  0.9057027 128.2915 
  0.8403056 125.1317 
  0.7812271 122.0498 
  0.90169 119.0438 
  0.9318165 117.2759 
  0.9304389 116.1118 
  0.9288034 114.3874 
  0.9633703 113.2521 
  0.9786212 112.128 
  0.9647709 111.0151 
  0.9674332 109.9132 
  0.9592208 108.8223 
  0.9680665 107.7421 
  0.9355631 106.6728 
  0.8802292 106.142 
  0.740047 105.614 
  0.6328719 105.614 
  0.6414375 105.614 
  0.5010726 105.614 
  0.2691901 105.614 
  0.4509955 105.614 
  0.1384359 105.614 
  -0.02644677 105.614 
  -0.1502828 105.614 
  -0.08102732 105.614 
  0.147624 105.614 
  0.0799284 105.614 
  -0.07540667 105.614 
  -0.01297162 105.614 
  0.0170766 105.614 
  0.1738608 105.614 
  0.03688055 105.614 ]
