 [
  0.2538067 122.0498 
  0.3248859 122.0498 
  0.03623544 122.0498 
  -0.06222059 122.0498 
  -0.05832065 122.0498 
  0.1415886 122.0498 
  0.2353041 122.0498 
  0.2019287 122.0498 
  0.2279079 122.0498 
  -0.02896109 122.0498 
  0.4291092 122.0498 
  -0.2905592 122.0498 
  0.08705653 122.0498 
  0.003094288 122.6601 
  0.03934568 123.8897 
  0.6272812 123.2734 
  0.7620146 122.6601 
  0.9074194 123.8897 
  0.9107868 124.5092 
  0.8746861 126.3862 
  0.898637 128.9329 
  0.9403573 130.2255 
  0.8167333 132.1886 
  0.8170878 135.5266 
  0.9216191 136.8852 
  0.9651216 138.9488 
  0.9574261 139.6435 
  0.9356324 139.6435 
  0.8818002 139.6435 
  0.8165039 139.6435 
  0.7210228 140.3417 
  0.8764886 140.3417 
  0.8612747 138.2575 
  0.9118115 137.5696 
  0.9525174 136.8852 
  0.9404907 135.5266 
  0.9442635 134.1814 
  0.9688128 133.5138 
  0.9503177 132.8496 
  0.8401876 132.1886 
  0.8228934 130.2255 
  0.812552 130.2255 
  0.8929948 126.3862 
  0.9165695 123.2734 
  0.9830114 121.4426 
  0.9854599 121.4426 
  0.9743296 120.2372 
  0.9809085 119.0438 
  0.905937 117.8622 
  0.8431545 116.1118 
  0.835528 112.6886 
  0.5108732 108.8223 
  0.5588654 105.614 
  0.129676 102.5003 
  0.3138831 99.47836 
  0.7788761 102.5003 
  0.6721161 108.8223 
  0.6561359 107.2061 
  0.7967585 104.5657 
  0.8317137 102.5003 
  0.8600712 100.978 
  0.6776082 101.4829 
  0.4490736 100.4756 
  0.1787756 100.978 
  0.6107208 101.9903 
  0.3306588 103.0128 
  0.1159959 104.0455 
  -0.1048656 105.0885 
  0.01303193 106.6728 
  0.5366973 107.2061 
  0.5860533 101.4829 
  0.8462211 101.9903 
  0.9445722 104.0455 
  0.9582409 105.614 
  0.9641287 107.2061 
  0.9454212 108.8223 
  0.9697791 109.9132 
  0.991146 111.0151 
  0.989743 111.5702 
  0.9882869 111.5702 
  0.9679891 111.5702 
  0.9595122 110.4628 
  0.9570746 109.9132 
  0.9220526 108.8223 
  0.7300799 106.6728 
  0.9064516 103.5278 
  0.9131457 102.5003 
  0.8941017 101.4829 
  0.964891 99.97575 
  0.9565587 99.47836 
  0.9798804 98.98344 
  0.7283843 98.491 
  0.6519912 98.00098 
  0.2601131 92.30766 
  0.8676278 90.93677 
  0.8926687 90.03418 
  0.9439729 89.14054 
  0.9022806 89.58624 
  0.6192739 88.69706 
  0.5745977 86.94508 
  0.9194442 85.65383 
  0.8584769 85.65383 
  0.4324448 83.12859 
  0.6158005 83.12859 
  0.7247161 83.96195 
  0.8014457 83.96195 
  0.7961597 83.54424 
  0.8728398 83.96195 
  0.7961917 83.12859 
  0.7157759 83.54424 
  0.7152811 83.54424 
  0.8775575 82.71502 
  0.8728967 82.71502 
  0.8248585 82.71502 
  0.5454502 81.89403 
  0.1752268 81.89403 
  0.05822323 81.89403 
  0.2138681 81.89403 
  0.01630501 81.4866 
  0.3117837 81.4866 
  0.6801395 81.4866 
  0.8091922 81.4866 
  0.5963392 81.4866 
  0.3424934 81.4866 
  -0.1666126 84.38177 
  0.03956918 87.8167 
  -0.08998206 91.84841 
  0.03500859 96.06523 
  0.1493949 100.4756 
  0.441841 104.0455 
  0.1831847 104.0455 
  0.4772299 98.98344 
  0.775512 98.491 
  0.8394051 98.00098 
  0.8941464 98.00098 
  0.9298339 98.00098 
  0.9428335 98.00098 
  0.9165655 98.00098 
  0.9238209 97.51342 
  0.9117461 97.51342 
  0.9211106 97.51342 
  0.9196603 97.02828 
  0.9286184 97.02828 
  0.8721266 96.54556 
  0.7905045 96.06523 
  0.3398955 95.5873 
  0.2499635 95.11173 
  0.08958397 94.63854 
  -0.01027465 94.1677 
  -0.04259305 93.6992 
  -0.1016149 93.6992 
  0.1179041 93.23304 
  0.0983085 92.7692 
  -0.1812829 92.30766 
  -0.05396483 91.84841 
  0.1346764 91.39146 
  0.001701835 90.93677 
  0.3405558 92.7692 
  0.4858723 93.23304 
  0.5929214 91.39146 
  0.8866452 87.8167 
  0.960062 86.51251 
  0.9156247 84.80367 
  0.910586 83.96195 
  0.8364963 83.96195 
  0.4421947 85.2277 
  -0.376839 87.8167 
  0.04147179 90.93677 
  -0.4025351 94.1677 
  0.3454126 97.51342 
  0.5100257 100.978 
  0.1909561 106.6728 
  0.3836895 113.2521 
  0.3106647 118.4515 
  0.3293145 123.8897 
  0.3414102 130.2255 
  -0.5524266 136.8852 
  -0.2895534 143.8855 
  -0.5037714 151.2439 
  -0.2505409 158.9785 
  0.3799704 167.1087 
  -0.1643298 175.6547 
  -0.002376271 184.6377 
  0.333503 194.0801 
  -0.05984478 204.0054 
  -0.03016524 214.4382 
  -0.09728456 225.4046 
  -0.1984365 236.9318 
  -0.05988541 250.2938 
  -0.01366584 264.4093 
  0.1006889 272.4414 
  0.4919314 277.9312 
  0.5802514 284.9493 
  0.6136032 289.245 
  0.6193371 290.6912 
  0.6568819 298.0316 
  0.6613494 301.0193 
  0.7132111 304.037 
  0.6621508 299.5217 
  0.6650519 296.5488 
  0.696942 295.0734 
  0.3661642 298.0316 
  0.369121 298.0316 
  0.3405367 299.5217 
  0.07870487 299.5217 
  -0.2482756 298.0316 
  -0.2644842 298.0316 
  -0.1837272 298.0316 
  -0.0927054 298.0316 
  -0.04298082 298.0316 
  0.03312314 298.0316 
  0.1712752 298.0316 
  0.02740848 299.5217 
  0.1692805 301.0193 
  0.2031663 302.5244 
  0.2224765 302.5244 
  0.2322465 302.5244 
  0.2594416 301.0193 
  0.2501562 299.5217 
  0.2309584 298.0316 
  0.1407983 298.0316 
  -0.02489352 298.0316 
  -0.05216093 298.0316 
  0.07346216 298.0316 
  0.145649 298.0316 
  0.2197264 298.0316 
  0.3180489 298.0316 
  0.2412217 298.0316 
  0.0210988 298.0316 
  -0.1034358 298.0316 
  0.1244342 298.0316 
  0.1863236 298.0316 
  0.1422389 298.0316 
  0.1890967 298.0316 
  0.3404731 298.0316 
  0.1735437 298.0316 
  0.04549923 298.0316 
  -0.08461947 298.0316 ]
