 [
  -0.1185465 153.5239 
  -0.05148921 153.5239 
  -0.1201687 153.5239 
  -0.1563944 153.5239 
  -0.09256513 153.5239 
  -0.05221643 153.5239 
  -0.08218067 153.5239 
  -0.1252559 153.5239 
  0.1278263 153.5239 
  0.08864476 153.5239 
  0.006213901 153.5239 
  0.06738778 153.5239 
  -0.007689244 153.5239 
  -0.04100019 153.5239 
  -0.1194444 153.5239 
  -0.3885597 153.5239 
  -0.1500837 153.5239 
  -0.1098338 153.5239 
  -0.3750936 153.5239 
  -0.1428271 153.5239 
  0.5086588 153.5239 
  0.4565174 153.5239 
  0.6604318 152.0001 
  0.7728569 148.2564 
  0.9869227 145.328 
  0.9963661 143.8855 
  0.9919575 142.4574 
  0.9936025 141.0434 
  0.9915578 140.3417 
  0.9876258 138.9488 
  0.9856857 137.5696 
  0.9931001 136.8852 
  0.9743274 138.2575 
  0.9446417 141.0434 
  0.9568888 143.8855 
  0.9258948 146.7849 
  0.9254795 147.5188 
  0.9348844 147.5188 
  0.9585317 145.328 
  0.9807783 145.328 
  0.9650781 143.8855 
  0.9166614 143.8855 
  0.8323588 143.8855 
  0.841831 148.2564 
  0.324218 146.0546 
  0.4755104 146.0546 
  -0.01912209 146.0546 
  0.04662399 146.0546 
  -0.02904427 146.0546 
  -0.02837016 146.0546 
  -0.0882367 146.0546 
  -0.08824911 146.0546 
  -0.03006069 146.0546 
  0.4908667 146.7849 
  0.07243826 146.7849 
  0.614727 146.7849 
  0.7956604 146.0546 
  0.9728862 144.605 
  0.9645348 142.4574 
  0.9662842 140.3417 
  0.9346865 138.9488 
  0.8711603 138.2575 
  0.8135489 137.5696 
  0.6095805 136.8852 
  0.6614578 136.8852 
  0.8937443 136.2042 
  0.9725175 135.5266 
  0.9923624 134.8523 
  0.9895935 134.1814 
  0.9936975 132.8496 
  0.9796712 132.1886 
  0.8677696 132.1886 
  0.8857071 130.8766 
  0.9857416 130.2255 
  0.9883976 129.5776 
  0.9942621 129.5776 
  0.994469 129.5776 
  0.9938055 129.5776 
  0.9875928 129.5776 
  0.981604 129.5776 
  0.9662114 130.2255 
  0.9811404 131.531 
  0.9789085 131.531 
  0.9791347 130.8766 
  0.9782784 130.2255 
  0.9823928 129.5776 
  0.9493936 128.9329 
  0.9175655 128.2915 
  0.907835 127.0181 
  0.8536137 127.0181 
  0.8291282 127.0181 
  0.9269116 123.2734 
  0.8010954 123.2734 
  0.51867 124.5092 
  0.3179624 125.7574 
  0.119248 127.0181 
  0.1103617 128.2915 
  0.1323877 129.5776 
  0.1090673 130.8766 
  0.0352084 132.1886 
  -0.05127826 133.5138 
  0.02149048 134.8523 
  -0.09732502 136.2042 
  -0.1592964 137.5696 
  -0.1468872 138.9488 
  0.1462963 140.3417 
  0.6276763 131.531 
  0.8047799 128.9329 
  0.7471484 125.7574 
  0.8131629 120.8384 
  0.8876565 114.9594 
  0.8673625 110.4628 
  0.891663 107.2061 
  0.8244279 106.142 
  0.7332747 106.6728 
  0.1041868 107.7421 
  0.1790603 109.3664 
  -0.06712061 111.0151 
  -0.2073159 112.6886 
  0.01299656 114.3874 
  0.1971729 116.1118 
  -0.04391123 117.8622 
  -0.01244034 119.639 
  0.1752623 121.4426 
  0.0396026 123.2734 
  0.09150796 125.1317 
  0.1343764 127.0181 
  0.01817943 128.9329 
  0.371442 130.8766 
  0.7154669 132.8496 
  0.6439378 125.7574 
  0.8530567 124.5092 
  0.9022074 125.1317 
  0.8598695 123.8897 
  0.8040328 122.0498 
  0.8525674 119.639 
  0.9165881 118.4515 
  0.9623004 118.4515 
  0.9455866 117.8622 
  0.9406996 117.2759 
  0.9049287 116.6924 
  0.8309176 118.4515 
  0.7221491 117.8622 
  0.6292254 116.1118 
  -0.290184 120.2372 
  0.07209035 123.8897 
  -0.04548577 127.6532 
  0.05142258 131.531 
  0.00921864 135.5266 
  0.01848998 139.6435 
  0.0247506 143.8855 
  -0.01168621 148.2564 
  0.4013829 153.5239 
  0.2774178 142.4574 
  0.6688505 138.9488 
  0.6112221 141.7487 
  0.05904826 141.7487 
  -0.1406048 140.3417 
  -0.431981 139.6435 
  -0.5011631 138.9488 
  -0.8137257 137.5696 
  -0.5950591 136.2042 
  0.5860399 135.5266 
  -0.3781757 134.8523 
  -0.7463819 134.1814 
  -0.5356053 132.8496 
  0.01199089 131.531 
  0.2366689 129.5776 
  0.3550972 127.0181 
  0.6271769 123.8897 
  0.8059102 120.8384 
  0.8975469 118.4515 
  0.975564 116.6924 
  0.9254587 114.9594 
  0.9208165 112.6886 
  0.8643377 111.0151 
  0.7272017 109.9132 
  0.4161005 109.3664 
  -0.08730519 109.9132 
  -0.006307295 110.4628 
  0.02494303 111.5702 
  0.01956608 112.6886 
  -0.04590403 113.2521 
  0.08979374 113.8184 
  0.04790168 114.3874 
  -0.07717921 114.9594 
  -0.07174414 115.5342 
  0.01989467 116.1118 
  0.402523 117.2759 
  0.5882853 125.1317 
  0.6914799 123.2734 
  0.7157272 120.2372 
  0.8809671 118.4515 
  0.8917137 116.6924 
  0.8940969 114.9594 
  0.9041684 113.2521 
  0.893522 112.128 
  0.957114 111.0151 
  0.9801045 110.4628 
  0.917921 111.0151 
  0.9164631 111.0151 
  0.9168352 111.0151 
  0.9088563 109.9132 
  0.9589179 108.8223 
  0.904908 108.2809 
  0.8830662 106.6728 
  0.7948407 106.142 
  0.7728801 105.0885 
  0.6244541 106.142 
  0.765754 108.2809 
  0.5945159 109.3664 
  0.3668843 111.5702 
  0.5197271 113.8184 
  0.7960815 116.1118 
  0.1657614 118.4515 
  0.4296797 120.8384 
  0.3858491 122.6601 
  0.5475494 124.5092 
  0.4296889 126.3862 
  0.2647982 128.9329 
  0.07135022 130.8766 
  0.08181158 131.531 
  -0.05863519 130.8766 
  0.6130131 129.5776 
  0.8777885 128.9329 
  0.8559046 128.9329 
  0.7515889 128.9329 
  0.237552 128.9329 
  0.2957332 128.9329 
  0.07956247 128.9329 
  -0.05440055 128.9329 
  0.02175928 128.9329 
  0.006104172 128.9329 
  -0.09086312 128.9329 
  -0.154451 128.9329 
  -0.2829126 128.9329 
  -0.2290156 128.9329 
  -0.04218169 128.9329 
  0.2991491 128.9329 
  0.01682237 128.9329 
  0.1486748 128.9329 
  0.2829248 128.9329 
  0.1283403 128.9329 
  -0.1556953 128.9329 
  0.06106875 128.9329 
  0.0272842 128.9329 
  -0.0263876 128.9329 
  -0.09667371 128.9329 
  -0.09777617 128.9329 
  0.2185958 128.9329 ]
