 [
  0.0169635 116.6924 
  0.0133376 116.6924 
  0.002791148 116.6924 
  -0.03479306 116.6924 
  0.005273715 116.6924 
  -0.08035681 116.6924 
  0.02888729 116.6924 
  0.09280325 116.6924 
  0.02194028 116.6924 
  -0.3446262 116.6924 
  -0.465858 116.6924 
  -0.2745747 116.6924 
  -0.1895261 116.6924 
  0.1599571 116.6924 
  0.0195191 116.6924 
  0.2558083 116.6924 
  -0.1304619 116.6924 
  -0.01824677 116.6924 
  0.2835166 116.6924 
  0.06008353 116.6924 
  -0.08088124 116.6924 
  0.01249865 116.6924 
  0.07910044 116.6924 
  -0.02726192 117.2759 
  0.6760108 118.4515 
  0.7812524 121.4426 
  0.9430441 122.6601 
  0.9754516 122.0498 
  0.9979983 121.4426 
  0.9970247 121.4426 
  0.9948612 121.4426 
  0.9841397 121.4426 
  0.956986 121.4426 
  0.9110441 122.0498 
  0.8770424 122.0498 
  0.8785465 121.4426 
  0.8966325 120.8384 
  0.9318944 120.8384 
  0.9537653 120.8384 
  0.9495516 121.4426 
  0.9751043 122.0498 
  0.9391308 123.2734 
  0.9318609 124.5092 
  0.935869 125.7574 
  0.9638196 127.0181 
  0.9813765 128.2915 
  0.9759218 128.9329 
  0.9842862 128.9329 
  0.9885727 129.5776 
  0.9901034 128.9329 
  0.9777279 128.9329 
  0.972419 128.2915 
  0.9435096 127.0181 
  0.9351262 126.3862 
  0.9404048 125.7574 
  0.9368955 125.1317 
  0.9453386 125.1317 
  0.9632941 124.5092 
  0.9768759 123.2734 
  0.9863341 122.0498 
  0.9841938 120.8384 
  0.9880159 119.639 
  0.9655597 118.4515 
  0.9402324 116.6924 
  0.9378693 114.3874 
  0.9750877 113.2521 
  0.9813113 112.128 
  0.9482128 111.0151 
  0.881595 109.3664 
  0.8624709 107.7421 
  0.8621473 106.6728 
  0.8115526 107.2061 
  0.5941768 108.8223 
  0.3705987 110.4628 
  0.4171494 112.6886 
  0.6092392 114.9594 
  0.8905078 117.2759 
  0.919777 119.639 
  0.9254708 120.8384 
  0.9243108 121.4426 
  0.9349068 121.4426 
  0.9583436 122.0498 
  0.9700624 122.0498 
  0.9649107 122.6601 
  0.9642758 122.6601 
  0.9697305 123.2734 
  0.921608 125.1317 
  0.953097 126.3862 
  0.964856 127.6532 
  0.9425049 128.9329 
  0.9784998 130.2255 
  0.9896538 130.2255 
  0.9922564 130.8766 
  0.9847464 130.8766 
  0.9822501 130.8766 
  0.99022 130.8766 
  0.987712 131.531 
  0.9928237 131.531 
  0.9927006 131.531 
  0.9902501 131.531 
  0.9904765 131.531 
  0.9978667 131.531 
  0.991495 131.531 
  0.9944615 130.8766 
  0.9955388 130.2255 
  0.9979542 130.2255 
  0.9948927 129.5776 
  0.9971704 129.5776 
  0.9907967 128.9329 
  0.9932261 128.9329 
  0.9912769 128.9329 
  0.9924294 128.9329 
  0.9924886 128.9329 
  0.9911962 128.9329 
  0.9934478 128.2915 
  0.9817668 128.9329 
  0.9843279 129.5776 
  0.9527389 130.2255 
  0.9339263 129.5776 
  0.8989788 129.5776 
  0.9480103 128.9329 
  0.7179108 128.2915 
  0.2615817 127.6532 
  -0.05630857 127.0181 
  0.02682258 125.7574 
  -0.07499731 124.5092 
  -0.03013687 123.2734 
  0.172158 122.6601 
  0.1423511 122.0498 
  -0.01978886 121.4426 
  -0.01166621 120.2372 
  -0.1814591 119.0438 
  -0.2832362 117.8622 
  -0.1006308 116.6924 
  -0.3554092 115.5342 
  0.1430144 114.3874 
  0.0925851 113.8184 
  0.5552232 113.2521 
  0.3619843 116.1118 
  0.36809 123.8897 
  0.9113304 126.3862 
  0.9967879 127.0181 
  0.9911783 127.0181 
  0.9004859 126.3862 
  0.8135764 126.3862 
  0.5069884 127.6532 
  0.9393491 129.5776 
  0.9884387 130.8766 
  0.9895365 131.531 
  0.9290193 132.1886 
  0.8699943 132.1886 
  0.8883685 132.1886 
  0.9825339 131.531 
  0.9758381 130.8766 
  0.9635705 130.2255 
  0.9509973 129.5776 
  0.964313 129.5776 
  0.9615514 129.5776 
  0.9680467 129.5776 
  0.9723033 129.5776 
  0.9771339 130.2255 
  0.9769641 130.2255 
  0.9752141 129.5776 
  0.9805143 129.5776 
  0.9799746 129.5776 
  0.9801223 129.5776 
  0.9846702 128.9329 
  0.9832481 128.9329 
  0.9451065 128.9329 
  0.8922121 127.6532 
  0.8515829 125.1317 
  0.7257823 122.6601 
  0.8323373 120.8384 
  0.7920576 120.2372 
  0.8526897 120.8384 
  0.9468669 121.4426 
  0.9614531 120.8384 
  0.9483031 120.2372 
  0.938094 118.4515 
  0.9675001 117.2759 
  0.9661239 115.5342 
  0.950423 114.9594 
  0.5591577 116.1118 
  0.3131349 119.639 
  0.3388421 124.5092 
  0.2083977 125.7574 
  0.4861413 125.7574 
  0.09831928 125.1317 
  -0.0747215 124.5092 
  -0.08906224 123.2734 
  -0.6792905 122.6601 
  -0.01092351 122.0498 
  0.2067679 121.4426 
  0.233581 120.8384 
  0.1379157 120.8384 
  0.2888324 119.0438 
  0.542879 116.6924 
  0.3900264 111.0151 
  0.3674652 109.3664 
  0.3196411 119.0438 
  0.9404688 117.8622 
  0.978372 117.8622 
  0.9663031 116.6924 
  0.9332634 116.6924 
  0.8921564 115.5342 
  0.7762274 114.9594 
  0.5213267 114.9594 
  0.09274884 119.639 
  0.4007589 132.1886 
  0.09016097 130.8766 
  0.01129961 130.2255 
  0.04160478 128.9329 
  0.08629166 127.6532 
  -0.03716155 126.3862 
  -0.06857512 124.5092 
  -0.01629302 123.2734 
  0.04605294 121.4426 
  0.06438951 119.639 
  0.1464052 117.8622 
  0.1660487 117.8622 
  0.2326795 119.639 
  0.4082338 119.639 
  0.2713237 117.8622 
  0.5809522 113.2521 
  0.9267614 110.4628 
  0.8460003 109.9132 
  0.7075251 108.8223 
  0.09023567 108.8223 
  -0.1109658 108.8223 
  0.2236163 108.8223 
  0.3919117 108.8223 
  0.1377409 108.8223 
  -0.1482393 108.8223 
  -0.04378117 108.8223 
  0.01171802 108.8223 
  0.0233904 108.8223 
  -0.1480341 108.8223 
  -0.08170653 108.8223 
  0.1329197 108.8223 
  0.06956932 108.8223 
  0.05273608 108.8223 
  -0.2384103 108.8223 
  -0.0085869 108.8223 
  -0.04735425 108.8223 
  -0.07656046 108.8223 
  -0.1619053 108.8223 
  -0.01252544 108.8223 
  0.09406416 108.8223 
  0.09950814 108.8223 
  0.08394088 108.8223 
  0.06188143 108.8223 
  0.02855448 108.8223 
  0.08943598 108.8223 
  0.1569814 108.8223 
  0.04713641 108.8223 
  0.08953276 108.8223 
  0.1416524 108.8223 
  0.1370241 108.8223 ]
