 [
  -0.01367046 191.1978 
  0.07406962 191.1978 
  0.1496722 191.1978 
  0.01785315 191.1978 
  -0.08323938 191.1978 
  -0.1114503 191.1978 
  0.2970282 191.1978 
  0.04307109 191.1978 
  0.2524984 191.1978 
  0.09114932 191.1978 
  -0.190623 191.1978 
  -0.2405469 191.1978 
  0.222148 191.1978 
  0.7815799 189.3 
  0.9108277 190.2465 
  0.9866759 192.1537 
  0.9919056 194.0801 
  0.9886525 194.0801 
  0.9567547 192.1537 
  0.9182147 187.4211 
  0.8318837 178.3027 
  0.676878 170.476 
  0.9030533 171.3284 
  0.9314167 175.6547 
  0.9425414 180.0902 
  0.9513814 180.9906 
  0.9529497 180.9906 
  0.9254053 179.1942 
  0.8699883 176.533 
  0.2466913 175.6547 
  -0.002970146 177.4156 
  -0.1154022 179.1942 
  -0.1807801 180.9906 
  0.2076388 182.8051 
  0.8572747 184.6377 
  0.9398584 186.4887 
  0.9433336 190.2465 
  0.9739671 194.0801 
  0.9980485 197.0059 
  0.8695549 200.9756 
  0.9153197 199.9758 
  0.9376903 198.9809 
  0.9898041 197.0059 
  0.9925916 196.0257 
  0.9933307 197.0059 
  0.9829292 197.9909 
  0.9764838 198.9809 
  0.9868536 200.9756 
  0.9915524 201.9805 
  0.9507349 201.9805 
  0.9041136 200.9756 
  0.5992286 196.0257 
  0.7542953 195.0505 
  0.4736032 196.0257 
  0.2488345 197.0059 
  0.2687331 197.9909 
  0.8080514 199.9758 
  0.9088555 199.9758 
  0.9864395 199.9758 
  0.9628981 199.9758 
  0.90163 198.9809 
  0.6785493 195.0505 
  0.9299619 193.1145 
  0.9774423 194.0801 
  0.9924777 194.0801 
  0.9951481 192.1537 
  0.994794 190.2465 
  0.9927461 189.3 
  0.9716163 187.4211 
  0.9205872 185.5609 
  0.7721277 181.8956 
  0.1486968 181.8956 
  0.05488449 181.8956 
  0.09804563 182.8051 
  0.2435602 183.7191 
  0.3020475 183.7191 
  0.1908685 183.7191 
  0.09212093 183.7191 
  -0.1184322 183.7191 
  0.01270453 184.6377 
  -0.1266628 186.4887 
  0.2780495 189.3 
  0.084054 192.1537 
  0.0734944 195.0505 
  -0.1321026 197.9909 
  -0.0309011 199.9758 
  0.6376108 201.9805 
  0.6721227 205.0254 
  0.3564473 173.046 
  0.6955416 171.3284 
  0.9296306 168.784 
  0.9726776 166.2773 
  0.9748894 164.6269 
  0.9874176 164.6269 
  0.9827744 163.8079 
  0.9780331 162.9929 
  0.9793265 162.182 
  0.9558513 159.7734 
  0.9806641 158.1876 
  0.9853497 158.1876 
  0.9870352 157.4006 
  0.9770864 156.6175 
  0.9470627 156.6175 
  0.3493339 155.8383 
  0.05271417 155.063 
  0.006381082 153.5239 
  0.001018619 153.5239 
  -0.4000299 153.5239 
  -0.2899282 153.5239 
  -0.04791817 153.5239 
  -0.1800021 153.5239 
  -0.2750893 153.5239 
  0.2229137 153.5239 
  0.04338603 153.5239 
  0.1628095 153.5239 
  0.1498925 154.2915 
  0.1888287 155.063 
  0.1172189 155.8383 
  -0.008069592 156.6175 
  -0.01523597 157.4006 
  -0.07134315 158.1876 
  0.02297315 158.9785 
  0.1774039 159.7734 
  0.1390265 160.5723 
  0.07201578 160.5723 
  -0.0516018 160.5723 
  0.101313 160.5723 
  0.138132 160.5723 
  0.06374434 160.5723 
  0.3816929 160.5723 
  0.1595412 160.5723 
  0.03327011 160.5723 
  -0.2630373 160.5723 
  -0.3591478 160.5723 
  -0.09501714 160.5723 ]
