 [
  -0.1813866 228.8026 
  -0.2426973 228.8026 
  -0.2729063 228.8026 
  -0.1966786 228.8026 
  -0.2366579 228.8026 
  -0.3868896 228.8026 
  -0.1475648 228.8026 
  0.05226772 228.8026 
  0.4589927 228.8026 
  0.07175487 228.8026 
  -0.1900959 228.8026 
  -0.2409531 228.8026 
  0.1017032 228.8026 
  0.4083012 228.8026 
  0.6583074 226.5316 
  0.814415 224.2832 
  0.8513267 222.057 
  0.7562588 223.1673 
  0.4280376 223.1673 
  0.8974928 229.9466 
  0.9470289 229.9466 
  0.990971 229.9466 
  0.9918821 227.6642 
  0.9836879 224.2832 
  0.9833366 220.9523 
  0.9893117 217.6709 
  0.995329 215.5104 
  0.9938782 215.5104 
  0.9924313 218.7592 
  0.9964444 219.853 
  0.9933174 219.853 
  0.9727799 218.7592 
  0.9472094 214.4382 
  0.9295945 209.1568 
  0.8257058 207.0808 
  0.2670227 210.2025 
  -0.3100896 213.3714 
  -0.07149606 216.5879 
  0.1220134 219.853 
  -0.3688962 222.057 
  0.7336069 212.3098 
  0.6560392 205.0254 
  0.3593337 196.0257 
  0.6910051 182.8051 
  0.948506 180.9906 
  0.900992 182.8051 
  0.932411 184.6377 
  0.8715764 183.7191 
  0.8097442 182.8051 
  0.4861495 186.4887 
  0.386546 192.1537 
  0.3719093 197.0059 
  0.4863171 202.9904 
  0.7558208 213.3714 
  0.7988389 222.057 
  0.8621019 228.8026 
  0.9366218 227.6642 
  0.8698032 222.057 
  0.9492265 218.7592 
  0.9666339 217.6709 
  0.947063 216.5879 
  0.9171107 214.4382 
  0.8812767 214.4382 
  -0.3296384 214.4382 
  -0.02102325 215.5104 
  0.3435658 215.5104 
  0.26851 215.5104 
  -0.01740381 215.5104 
  -0.01596438 216.5879 
  -0.01469712 217.6709 
  0.05454491 218.7592 
  0.0759073 219.853 
  0.142215 220.9523 
  0.1860158 222.057 
  0.0920627 222.057 
  -0.007633976 223.1673 
  0.07109 224.2832 
  -0.06644385 225.4046 
  0.8044295 227.6642 
  0.8756741 224.2832 
  0.9506258 222.057 
  0.9824541 217.6709 
  0.9878908 215.5104 
  0.9738091 215.5104 
  0.9387403 214.4382 
  0.8887669 211.2535 
  0.729353 208.1162 
  0.2172868 208.1162 
  -0.1293391 209.1568 
  -0.01258832 210.2025 
  0.06554005 211.2535 
  0.004319158 212.3098 
  0.03657648 213.3714 
  -0.1579499 214.4382 
  -0.0238844 215.5104 
  -0.1367484 216.5879 
  0.2241693 217.6709 
  0.1080476 218.7592 
  0.05992232 219.853 
  0.505969 220.9523 
  0.8328019 220.9523 
  0.849474 215.5104 
  0.8376743 210.2025 
  0.8632649 205.0254 
  0.8996584 200.9756 
  0.9890312 197.9909 
  0.9927342 197.9909 
  0.993325 197.0059 
  0.9845062 196.0257 
  0.9801931 195.0505 
  0.9817469 194.0801 
  0.9775296 193.1145 
  0.968352 191.1978 
  0.9752263 189.3 
  0.9784744 187.4211 
  0.982653 186.4887 
  0.9871953 184.6377 
  0.9895802 183.7191 
  0.9940374 182.8051 
  0.9956893 180.9906 
  0.989878 180.0902 
  0.9888552 178.3027 
  0.9856951 176.533 
  0.9863988 174.7808 
  0.9913532 173.9112 
  0.9959401 173.9112 
  0.9947851 173.9112 
  0.9944208 173.9112 
  0.986654 173.9112 
  0.9603302 173.046 
  0.9361517 173.046 
  0.9434385 173.9112 
  0.9496213 174.7808 
  0.9536463 175.6547 
  0.9469563 176.533 
  0.9614351 178.3027 
  0.9381618 180.0902 
  0.9496434 181.8956 
  0.9690772 181.8956 
  0.9683753 180.9906 
  0.9491616 179.1942 
  0.9334987 177.4156 
  0.8063812 177.4156 
  0.3875813 179.1942 
  -0.5169546 180.9906 
  -0.1430634 182.8051 
  -0.1408467 184.6377 
  0.05066895 186.4887 
  -0.1263579 188.3582 
  -0.06835561 190.2465 
  -0.05001156 191.1978 
  0.02165211 191.1978 
  0.2649897 191.1978 
  0.4030854 191.1978 
  0.7806479 192.1537 
  0.6215826 180.9906 
  0.6945071 175.6547 
  0.8191473 170.476 
  0.9605223 166.2773 
  0.9802989 164.6269 
  0.9860083 163.8079 
  0.9585679 164.6269 
  0.9662426 165.4501 
  0.9716191 166.2773 
  0.9684324 165.4501 
  0.9759432 164.6269 
  0.9572446 163.8079 
  0.9394826 162.9929 
  0.9360439 162.9929 
  0.8602021 162.182 
  0.4701089 163.8079 
  0.8589435 166.2773 
  0.9260099 167.9442 
  0.9143255 167.9442 
  0.8538955 167.1087 
  0.8077968 164.6269 
  0.8892009 164.6269 
  0.9962825 166.2773 
  0.9973086 167.1087 
  0.997605 167.9442 
  0.9906492 167.9442 
  0.956646 167.9442 
  0.8723711 167.9442 
  0.4175855 167.9442 
  -0.009503282 168.784 
  0.01890585 169.6279 
  0.1299678 169.6279 
  -0.1082608 169.6279 
  -0.1420502 169.6279 
  0.01531099 169.6279 
  0.0853831 169.6279 
  0.01571104 170.476 
  -0.09651215 171.3284 
  -0.1319417 172.185 
  -0.114242 173.046 
  0.5928875 173.9112 
  0.7846636 175.6547 
  0.7372098 170.476 
  0.8485101 167.1087 
  0.9451395 166.2773 
  0.9526487 163.8079 
  0.9701168 162.182 
  0.9711218 161.3751 
  0.8875355 161.3751 
  0.8788932 161.3751 
  0.9375291 162.9929 
  0.9579294 162.9929 
  0.9501474 162.9929 
  0.9362269 165.4501 
  0.8804187 167.1087 
  0.9420544 168.784 
  0.6346046 168.784 
  0.3181033 168.784 
  0.03013698 168.784 
  0.05477082 168.784 
  0.1639822 168.784 
  0.1488782 168.784 
  0.003882767 168.784 
  0.1154727 168.784 
  0.03864414 168.784 
  -0.000236596 168.784 
  -0.05147129 168.784 
  -0.1564373 168.784 
  -0.2332104 168.784 
  -0.29848 168.784 
  -0.2896917 168.784 
  -0.1771412 168.784 
  0.1244379 168.784 
  0.2728161 168.784 
  0.2284003 168.784 
  0.1183424 168.784 
  0.1446247 168.784 
  0.1448414 168.784 
  0.07372399 168.784 
  0.2166942 168.784 
  0.2779804 168.784 
  0.01398709 168.784 
  0.119186 168.784 
  -0.06791088 168.784 
  -0.1630401 168.784 ]
