 [
  0.02596022 127.0181 
  0.01960758 127.0181 
  0.2142313 127.0181 
  0.1580526 127.0181 
  0.05212606 127.0181 
  0.1734222 127.0181 
  0.07191961 127.0181 
  0.1543099 127.0181 
  0.1015071 127.0181 
  0.1430278 127.0181 
  0.2642059 127.0181 
  0.265895 127.0181 
  -0.04199392 127.0181 
  0.1077641 127.0181 
  0.09287123 127.0181 
  0.0983098 127.0181 
  -0.1484805 127.0181 
  0.03234351 127.0181 
  0.2192768 127.0181 
  -0.04131315 127.0181 
  0.5589108 127.0181 
  0.6099225 127.6532 
  0.8017612 127.6532 
  0.963658 127.6532 
  0.9345562 125.7574 
  0.9766834 123.8897 
  0.9593852 122.6601 
  0.9796353 122.6601 
  0.9929942 122.0498 
  0.9822745 122.6601 
  0.9848678 123.2734 
  0.937843 123.8897 
  0.9216086 124.5092 
  0.8790771 125.1317 
  0.7152227 125.7574 
  0.2021835 122.0498 
  -0.00385634 121.4426 
  0.2334654 120.8384 
  0.03504682 120.8384 
  0.03032056 120.8384 
  -0.05224434 120.2372 
  -0.01510198 119.639 
  0.1435201 119.0438 
  0.1799601 119.0438 
  0.07932366 119.0438 
  0.1901246 119.639 
  0.007656442 120.2372 
  0.0840188 120.8384 
  -0.04730826 121.4426 
  -0.06766257 122.0498 
  0.698477 122.0498 
  0.8230711 123.2734 
  0.9199606 122.6601 
  0.9116273 122.6601 
  0.8861816 122.0498 
  0.5718881 119.0438 
  0.7514815 119.0438 
  0.9133675 118.4515 
  0.9385071 119.0438 
  0.9470035 117.8622 
  0.9782178 116.6924 
  0.9832723 116.1118 
  0.9453657 115.5342 
  0.9617765 114.9594 
  0.9852573 114.3874 
  0.9873761 114.3874 
  0.9624984 113.8184 
  0.895051 112.6886 
  0.7807915 112.128 
  0.7875833 111.5702 
  0.9926008 112.6886 
  0.9957792 112.128 
  0.9783622 112.6886 
  0.75378 113.8184 
  0.8032615 111.5702 
  0.951048 111.0151 
  0.9841753 110.4628 
  0.9759197 109.9132 
  0.967096 109.9132 
  0.9722638 109.3664 
  0.9775382 109.9132 
  0.9850465 110.4628 
  0.9451673 109.9132 
  0.8859379 109.9132 
  0.9573728 111.0151 
  0.975153 111.5702 
  0.978314 112.128 
  0.971018 113.2521 
  0.9776378 114.3874 
  0.9902289 114.9594 
  0.9924443 114.9594 
  0.9890925 113.8184 
  0.9942493 113.2521 
  0.9918855 113.2521 
  0.9582195 113.2521 
  0.9321631 112.6886 
  0.9523639 112.6886 
  0.9913704 112.128 
  0.9946037 111.0151 
  0.9880542 110.4628 
  0.9890776 109.9132 
  0.9757965 109.3664 
  0.9631951 108.8223 
  0.9503337 108.8223 
  0.989691 108.8223 
  0.9977174 108.8223 
  0.9970745 108.8223 
  0.9926695 108.8223 
  0.9667741 108.8223 
  0.8260344 108.8223 
  0.4686342 110.4628 
  0.5016246 112.6886 
  0.8253164 115.5342 
  0.9324734 118.4515 
  0.9102749 119.0438 
  0.9389791 119.0438 
  0.9676584 119.0438 
  0.9490315 118.4515 
  0.9427799 117.8622 
  0.9668678 117.2759 
  0.9819342 117.2759 
  0.9860002 117.2759 
  0.9777608 117.2759 
  0.9785933 117.8622 
  0.964987 117.8622 
  0.9389634 116.6924 
  0.936779 115.5342 
  0.9531947 114.3874 
  0.9580055 113.2521 
  0.8867229 112.6886 
  0.7494066 111.5702 
  0.4970421 111.0151 
  0.633701 112.128 
  0.5567428 113.8184 
  0.3798393 115.5342 
  -0.1739867 117.2759 
  0.06598122 119.0438 
  0.1279044 120.8384 
  0.04068232 122.6601 
  -0.00155217 124.5092 
  0.03525338 126.3862 
  0.1074032 128.2915 
  0.2213852 130.2255 
  0.07536523 131.531 
  0.468228 134.1814 
  0.5130371 122.0498 
  0.8708012 120.2372 
  0.9895341 120.8384 
  0.9950768 120.8384 
  0.9948512 120.2372 
  0.9897736 120.2372 
  0.961767 120.2372 
  0.9242218 119.639 
  0.9214085 119.0438 
  0.9907823 117.2759 
  0.9910965 117.2759 
  0.9904395 116.6924 
  0.9853053 115.5342 
  0.9858589 114.3874 
  0.9797094 113.2521 
  0.9676235 112.128 
  0.9735512 111.5702 
  0.9883817 111.5702 
  0.9796027 112.128 
  0.9737426 112.6886 
  0.9615815 112.6886 
  0.9518478 112.128 
  0.9269586 111.5702 
  0.9269187 109.9132 
  0.9011027 107.7421 
  0.9455128 106.6728 
  0.9309603 106.142 
  0.8618522 105.0885 
  0.7309011 104.5657 
  0.3430037 106.142 
  0.1629251 107.7421 
  -0.04043711 109.3664 
  0.1771112 111.0151 
  0.12285 112.128 
  0.2810696 113.8184 
  0.4066907 114.9594 
  0.3050089 116.1118 
  0.08653805 117.2759 
  0.04026017 118.4515 
  -0.1054857 119.639 
  -0.008903573 120.8384 
  -0.09044474 122.0498 
  -0.02745597 123.2734 
  -0.06061012 124.5092 
  0.3695538 125.7574 
  0.2921889 128.9329 
  0.6521223 127.0181 
  0.9386997 125.7574 
  0.9687304 125.1317 
  0.9846694 123.8897 
  0.9890951 122.0498 
  0.9673465 120.8384 
  0.9349978 119.0438 
  0.9006574 118.4515 
  0.6935529 118.4515 
  0.3839096 118.4515 
  -0.2855062 118.4515 
  -0.3497632 119.0438 
  0.0790221 119.639 
  0.2053688 120.2372 
  0.2656413 120.8384 
  0.1731494 121.4426 
  -0.07991177 122.0498 
  0.4122636 122.6601 
  0.2704979 122.0498 
  0.2399092 120.2372 
  0.1447036 116.6924 
  0.6142234 113.2521 
  0.62657 113.8184 
  0.8536423 113.2521 
  0.6627487 114.3874 
  0.8792525 116.6924 
  0.9381707 117.2759 
  0.9918873 116.1118 
  0.9933403 116.1118 
  0.9396222 116.1118 
  0.7121152 120.2372 
  0.8082054 117.8622 
  0.9227642 117.8622 
  0.9833465 117.2759 
  0.9713965 116.6924 
  0.95901 115.5342 
  0.9066222 114.3874 
  0.8604792 113.2521 
  0.5565611 112.6886 
  0.6890672 112.6886 
  0.3118809 112.6886 
  0.4047326 112.6886 
  -0.1495344 112.6886 
  0.3441101 112.6886 
  -0.148919 113.2521 
  0.1612508 113.8184 
  0.1405019 114.3874 
  0.03773239 114.9594 
  0.02030083 115.5342 
  0.7595474 116.1118 
  0.8179079 116.1118 
  0.883208 115.5342 
  0.8323243 111.5702 
  0.2510126 103.0128 
  0.1380548 94.63854 
  -0.1164571 87.3798 
  -0.05867251 80.6778 
  -0.07725336 74.48985 
  0.073641 68.7765 
  0.2853035 63.50137 
  0.11728 58.63084 
  0.2516237 56.05722 
  0.2486407 56.90229 
  0.5240939 56.61919 
  0.590247 56.33751 
  0.8747256 56.05722 
  0.595922 55.2247 
  0.2316721 57.1868 
  0.787731 57.7601 
  0.6842446 58.0489 
  0.2893272 60.71396 
  0.72124 61.01753 
  0.4555874 60.11135 
  0.8514869 58.924 
  0.8690324 59.51471 
  0.5539659 59.21862 
  0.5533174 56.33751 
  0.6394852 56.05722 
  0.5054171 57.1868 
  0.6376047 57.1868 
  0.7631544 56.90229 
  0.6800545 56.90229 
  0.2000766 56.90229 
  -0.1589569 56.61919 
  0.08537216 56.33751 
  0.1015497 56.05722 
  -0.03585478 55.50082 
  0.08534072 55.2247 
  0.2486547 54.94995 
  0.4012293 54.94995 
  0.2488196 54.94995 
  0.02025808 54.67657 
  0.0643009 54.40454 
  0.1045234 54.40454 
  0.147414 54.40454 
  0.2977897 54.40454 
  0.04842001 54.40454 
  -0.1951692 54.40454 
  -0.1353787 54.40454 
  -0.2699318 54.40454 
  -0.0580161 54.40454 
  0.2192539 54.40454 
  0.3959022 54.40454 
  0.3091666 54.40454 
  0.3002323 54.40454 
  -0.01140139 54.40454 
  0.02554656 54.40454 ]
