 [
  0.1428344 208.1162 
  -0.0625381 208.1162 
  -0.1531998 208.1162 
  0.01312702 208.1162 
  -0.003213733 208.1162 
  0.09236544 208.1162 
  0.1267841 208.1162 
  0.472212 208.1162 
  0.6000619 208.1162 
  0.6138169 208.1162 
  0.5088011 208.1162 
  0.07389067 208.1162 
  0.3345105 208.1162 
  0.6252217 210.2025 
  0.8535088 207.0808 
  0.9740052 205.0254 
  0.9894478 202.9904 
  0.9952485 201.9805 
  0.9961888 201.9805 
  0.9928907 202.9904 
  0.9886495 202.9904 
  0.9898341 205.0254 
  0.9887798 207.0808 
  0.9779336 210.2025 
  0.9852705 212.3098 
  0.9824188 214.4382 
  0.950103 212.3098 
  0.7962686 208.1162 
  0.2334562 207.0808 
  0.04357339 207.0808 
  -0.05262855 206.0505 
  -0.05465458 205.0254 
  -0.10276 204.0054 
  -0.09156561 202.9904 
  -0.1637771 201.9805 
  -0.1833853 200.9756 
  -0.09880722 199.9758 
  -0.06213793 199.9758 
  0.08512943 199.9758 
  0.6673439 199.9758 
  0.3942608 199.9758 
  -0.05150947 199.9758 
  -0.2767488 199.9758 
  0.3512408 199.9758 
  0.6787654 195.0505 
  0.7941972 189.3 
  0.8309014 184.6377 
  0.8935609 179.1942 
  0.9461582 175.6547 
  0.9830459 173.046 
  0.9763945 170.476 
  0.9801726 169.6279 
  0.9958719 168.784 
  0.9956492 167.9442 
  0.9985024 168.784 
  0.9904108 169.6279 
  0.9918436 170.476 
  0.9941596 171.3284 
  0.9772702 170.476 
  0.9575497 169.6279 
  0.9398205 167.1087 
  0.782003 167.9442 
  0.2500777 169.6279 
  0.04373841 171.3284 
  0.005804002 172.185 
  -0.001587893 173.9112 
  -0.008792644 174.7808 
  0.06306066 175.6547 
  0.7550066 176.533 
  0.8003354 177.4156 
  0.8918828 178.3027 
  0.977254 179.1942 
  0.9812075 179.1942 
  0.8623663 179.1942 
  0.901108 178.3027 
  0.9511697 178.3027 
  0.9852096 177.4156 
  0.991082 176.533 
  0.9940956 176.533 
  0.9914612 176.533 
  0.9890361 177.4156 
  0.9893252 178.3027 
  0.986546 180.0902 
  0.9781246 180.9906 
  0.9763325 182.8051 
  0.9768722 185.5609 
  0.9797729 187.4211 
  0.9640542 187.4211 
  0.9006348 187.4211 
  0.6649627 189.3 
  0.2795621 191.1978 
  0.04477385 193.1145 
  0.03869085 195.0505 
  0.005854017 196.0257 
  0.03752984 197.0059 
  -0.04210445 197.9909 
  -0.1235849 198.9809 
  -0.1370429 199.9758 
  -0.2090114 200.9756 
  -0.1360809 201.9805 
  -0.1922347 204.0054 
  0.08371662 206.0505 
  0.523428 208.1162 
  0.8024499 210.2025 
  0.9774296 209.1568 
  0.984968 207.0808 
  0.986263 206.0505 
  0.9932184 204.0054 
  0.9986376 202.9904 
  0.9991639 202.9904 
  0.9943236 202.9904 
  0.9927975 201.9805 
  0.9943356 200.9756 
  0.9867262 199.9758 
  0.9828656 197.0059 
  0.9837748 194.0801 
  0.9660097 190.2465 
  0.8790039 184.6377 
  0.7692829 176.533 
  0.7874177 169.6279 
  0.8597904 163.8079 
  0.8900034 160.5723 
  0.8691048 158.9785 
  0.4862426 158.9785 
  0.1840812 158.9785 
  -0.05707648 158.9785 
  0.005093408 158.9785 
  -0.0606343 158.9785 
  -0.09772319 158.9785 
  0.06539057 158.9785 
  0.03581923 158.9785 
  0.03437813 158.9785 
  -0.04486386 158.9785 
  0.09924226 158.9785 
  0.03291664 158.9785 
  0.1133597 158.9785 
  0.19769 158.9785 
  0.0167524 158.9785 
  -0.08456937 158.9785 
  -0.0117024 158.9785 
  0.04226644 158.9785 
  0.05242661 158.9785 
  -0.01565007 158.9785 
  0.001690359 158.9785 
  0.1530693 158.9785 
  0.1428728 158.9785 
  0.1086622 158.9785 
  -0.006371888 158.9785 
  -0.09935804 158.9785 
  0.02817021 158.9785 
  0.01282835 158.9785 
  0.3081567 158.9785 
  0.111099 158.9785 
  -0.0607667 158.9785 
  -0.2344099 158.9785 
  -0.4172003 158.9785 
  -0.288085 158.9785 
  -0.2445231 158.9785 
  -0.3652222 158.9785 ]
