 [
  -0.01080408 154.2915 
  -0.09901177 154.2915 
  -0.06411793 154.2915 
  -0.02132252 154.2915 
  -0.1496034 154.2915 
  -0.05074459 154.2915 
  0.007442422 154.2915 
  0.07977238 154.2915 
  0.3078192 154.2915 
  0.4933483 154.2915 
  0.6917512 154.2915 
  0.7683835 154.2915 
  -0.2431187 154.2915 
  -0.08430224 154.2915 
  0.3584263 154.2915 
  0.7825817 158.1876 
  0.9231156 162.182 
  0.9488174 167.9442 
  0.9705664 171.3284 
  0.9824411 173.9112 
  0.9841108 175.6547 
  0.9805143 178.3027 
  0.9746385 180.9906 
  0.974529 182.8051 
  0.9885772 185.5609 
  0.9904768 187.4211 
  0.9832782 189.3 
  0.9864081 191.1978 
  0.9777462 192.1537 
  0.9773143 191.1978 
  0.9587045 190.2465 
  0.9495858 187.4211 
  0.9483179 183.7191 
  0.9364085 179.1942 
  0.910197 175.6547 
  0.9170567 172.185 
  0.8696334 167.9442 
  0.9057449 163.8079 
  0.9597623 161.3751 
  0.9254353 159.7734 
  0.8476733 155.8383 
  0.9451218 153.5239 
  0.9378363 154.2915 
  0.9011876 155.8383 
  0.9167411 156.6175 
  0.8153941 158.9785 
  0.6819263 158.9785 
  0.3134724 163.8079 
  0.2712009 167.1087 
  0.1001589 171.3284 
  0.320543 175.6547 
  0.6801767 183.7191 
  0.8971174 189.3 
  0.9314542 192.1537 
  0.9658938 192.1537 
  0.9769943 191.1978 
  0.9914459 190.2465 
  0.992043 190.2465 
  0.9959512 192.1537 
  0.9956231 191.1978 
  0.9916194 191.1978 
  0.9608592 189.3 
  0.9115985 185.5609 
  0.8879821 179.1942 
  0.8474035 173.046 
  0.7785421 164.6269 
  0.7970764 158.1876 
  0.8053516 148.9977 
  0.8291769 140.3417 
  0.8277064 132.8496 
  0.8218516 125.7574 
  0.92618 119.639 
  0.9652569 116.6924 
  0.9817515 114.9594 
  0.9840003 114.3874 
  0.9641117 114.3874 
  0.9481753 114.3874 
  0.9224428 114.3874 
  0.8531724 114.9594 
  0.5574505 117.2759 
  0.7072619 120.8384 
  0.7878007 125.7574 
  0.7619206 130.2255 
  0.7411144 134.1814 
  0.8172891 136.8852 
  0.8912479 138.2575 
  0.9021462 139.6435 
  0.9037795 140.3417 
  0.9496954 141.0434 
  0.9105308 139.6435 
  0.7513339 137.5696 
  0.4933976 134.1814 
  0.5584768 128.2915 
  0.6641155 122.6601 
  0.1641202 120.8384 
  0.03658434 120.8384 
  0.4329942 120.2372 
  0.3775932 119.0438 
  -0.08473178 116.6924 
  -0.09612984 113.8184 
  -0.0423057 111.5702 
  0.1308268 109.3664 
  0.5689067 107.7421 
  0.8975982 106.6728 
  0.9694753 106.142 
  0.9705451 105.614 
  0.9655932 105.0885 
  0.8797373 104.0455 
  0.7874631 102.5003 
  0.8705358 99.47836 
  0.976365 98.00098 
  0.9378507 97.02828 
  0.9193146 96.54556 
  0.9287946 96.06523 
  0.8640559 96.06523 
  0.813067 94.63854 
  0.8073336 93.6992 
  0.6178157 92.7692 
  0.3108057 91.84841 
  0.3328609 91.84841 
  0.2635524 91.84841 
  0.2759285 91.84841 
  0.1836924 91.84841 
  0.08554992 91.84841 
  0.09508009 91.84841 
  0.1662963 91.84841 
  0.08686745 91.84841 
  -0.0232886 91.84841 
  -0.01654829 91.84841 
  -0.1136299 91.84841 
  0.03496063 91.84841 
  0.0878195 91.84841 
  0.2093619 91.84841 
  -0.01295935 91.84841 
  0.01878201 91.84841 
  -0.2016652 91.84841 
  -0.2603143 91.84841 
  -0.1611234 91.84841 
  -0.132112 91.84841 
  -0.2330458 91.84841 
  -0.06686115 91.84841 
  -0.1597173 91.84841 
  -0.01039045 91.84841 
  -0.002763203 91.84841 
  0.1703713 91.84841 
  0.02666536 91.84841 
  -0.1480754 91.84841 
  -0.1919501 91.84841 
  0.03220065 91.84841 
  0.1209106 91.84841 ]
