 [
  -0.05359813 138.2575 
  -0.1426295 138.2575 
  -0.2588177 138.2575 
  -0.08981058 138.2575 
  -0.1836728 138.2575 
  -0.2063715 138.2575 
  -0.008998546 138.2575 
  0.04149713 138.2575 
  -0.02859249 138.2575 
  -0.109442 138.2575 
  -0.1372497 138.2575 
  0.3416341 138.2575 
  0.2978126 138.2575 
  0.4790907 138.9488 
  0.650949 138.9488 
  0.7563725 136.8852 
  0.8532755 134.1814 
  0.8976366 132.8496 
  0.8437786 132.8496 
  0.2742142 132.1886 
  0.5356366 131.531 
  0.1234651 130.8766 
  0.04541982 130.8766 
  0.008529995 130.8766 
  0.3724613 130.8766 
  0.7360847 130.2255 
  0.9055414 129.5776 
  0.9522896 129.5776 
  0.8863728 130.8766 
  0.8772679 132.8496 
  0.9066435 135.5266 
  0.9492019 138.2575 
  0.9718208 138.2575 
  0.9557157 136.8852 
  0.9278353 134.8523 
  0.8981271 132.1886 
  0.8796808 128.2915 
  0.9350829 122.6601 
  0.9190215 120.8384 
  0.7823931 121.4426 
  0.5805511 123.2734 
  0.5883668 126.3862 
  0.7132463 129.5776 
  0.8782465 131.531 
  0.9631901 132.1886 
  0.9693519 131.531 
  0.9734539 130.2255 
  0.9598242 128.9329 
  0.9233993 126.3862 
  0.9166428 122.6601 
  0.9433178 119.639 
  0.9606154 117.2759 
  0.9636589 115.5342 
  0.9678701 114.9594 
  0.9716996 115.5342 
  0.9547912 116.1118 
  0.9270121 116.1118 
  0.8708524 116.6924 
  0.6558519 117.2759 
  0.8172818 117.8622 
  0.8609233 118.4515 
  0.8842342 119.0438 
  0.8702338 119.639 
  0.8669077 120.2372 
  0.6101488 120.8384 
  0.1212432 122.0498 
  0.327396 122.6601 
  0.1086955 123.2734 
  0.7928435 123.8897 
  0.9481074 123.2734 
  0.987298 122.0498 
  0.9867277 121.4426 
  0.9829002 122.0498 
  0.8174119 125.1317 
  0.6522659 134.1814 
  0.862566 137.5696 
  0.9406962 138.9488 
  0.9575825 141.0434 
  0.9422888 143.8855 
  0.9265479 147.5188 
  0.9662954 149.7427 
  0.9854273 151.2439 
  0.9665418 150.4914 
  0.9327904 150.4914 
  0.8325337 150.4914 
  0.2894806 152.0001 
  -0.2007226 153.5239 
  -0.1317969 155.063 
  -0.05556409 156.6175 
  -0.04157335 157.4006 
  -0.1427882 158.1876 
  -0.1328187 158.9785 
  -0.1620482 159.7734 
  -0.1841161 160.5723 
  -0.1607392 161.3751 
  0.013586 162.182 
  0.1048653 162.9929 
  -0.03078881 164.6269 
  0.1116662 165.4501 
  0.0484686 167.1087 
  0.8265404 171.3284 
  0.9418882 171.3284 
  0.9906147 171.3284 
  0.9907583 171.3284 
  0.9924892 171.3284 
  0.9928641 171.3284 
  0.9925492 171.3284 
  0.9879854 171.3284 
  0.9789917 173.046 
  0.980844 173.9112 
  0.926755 172.185 
  0.765196 164.6269 
  0.8161361 160.5723 
  0.4636896 156.6175 
  0.1179816 148.2564 
  0.3415257 145.328 
  0.5938085 143.1697 
  0.4906554 138.2575 
  0.8082765 134.1814 
  0.8808181 132.1886 
  0.8188964 132.8496 
  0.7280185 133.5138 
  0.9920564 134.1814 
  0.9618239 134.1814 
  0.8259413 135.5266 
  0.5739537 137.5696 
  0.2545066 139.6435 
  0.1248569 141.7487 
  -0.1513997 143.8855 
  -0.02579062 146.0546 
  0.1744262 148.2564 
  0.1185444 150.4914 
  0.1919922 152.0001 
  0.1259174 153.5239 
  0.772662 155.8383 
  0.5826479 136.8852 
  0.7770019 135.5266 
  0.9386863 134.8523 
  0.9786934 133.5138 
  0.9954945 132.1886 
  0.9876135 131.531 
  0.9440351 130.2255 
  0.8328198 128.2915 
  0.7818027 125.7574 
  0.3929754 124.5092 
  0.1722907 126.3862 
  -0.009511254 128.2915 
  -0.0522435 130.2255 
  0.1317431 132.1886 
  0.02593364 134.1814 
  0.01651352 136.8852 
  0.0545355 139.6435 
  0.1715096 142.4574 
  0.1287763 144.605 
  0.06622456 147.5188 
  0.2851234 150.4914 
  0.4833688 141.0434 
  0.7395673 136.8852 
  0.9315552 135.5266 
  0.9646095 133.5138 
  0.9758335 132.1886 
  0.9842408 132.1886 
  0.9726169 130.8766 
  0.9649194 130.2255 
  0.982558 128.9329 
  0.9806867 127.6532 
  0.9883151 127.0181 
  0.9860471 127.0181 
  0.9816878 127.6532 
  0.9917452 128.9329 
  0.9723833 129.5776 
  0.9619644 130.8766 
  0.9622531 131.531 
  0.9650002 131.531 
  0.9808235 131.531 
  0.9864215 131.531 
  0.992801 130.8766 
  0.9905921 130.8766 
  0.9873986 130.2255 
  0.9895775 129.5776 
  0.9793743 129.5776 
  0.9673803 130.8766 
  0.9805468 131.531 
  0.9871051 131.531 
  0.9720626 132.8496 
  0.9837486 134.1814 
  0.951504 134.1814 
  0.720252 131.531 
  0.7817265 127.6532 
  0.2509513 125.7574 
  0.2108243 128.2915 
  0.3126864 132.1886 
  0.3525034 127.6532 
  0.6343023 125.7574 
  0.9323764 125.1317 
  0.9821888 125.7574 
  0.9555861 125.1317 
  0.856815 124.5092 
  0.7473704 124.5092 
  0.5451565 125.7574 
  0.9936664 127.6532 
  0.9969746 128.2915 
  0.9971176 128.2915 
  0.9960413 128.2915 
  0.9835364 127.0181 
  0.9611362 125.1317 
  0.6765431 122.6601 
  0.5796936 121.4426 
  0.6865008 119.0438 
  0.8905559 117.8622 
  0.9232862 116.6924 
  0.9250679 115.5342 
  0.8534068 112.6886 
  0.7493312 109.3664 
  0.7493834 107.2061 
  0.7182162 105.0885 
  0.7209513 103.0128 
  0.8665806 100.978 
  0.7098023 99.97575 
  0.2976187 101.4829 
  0.5502065 103.0128 
  0.2558605 100.978 
  0.2794859 93.6992 
  0.6704156 92.7692 
  0.8091291 94.63854 
  0.8246037 96.54556 
  0.8464567 98.98344 
  0.8587909 99.97575 
  0.7976674 99.97575 
  0.2858124 100.4756 
  -0.1995317 101.9903 
  0.0183129 103.0128 
  0.4103203 104.0455 
  0.2577864 105.0885 
  0.06728282 106.142 
  -0.1263712 107.2061 
  0.1330918 108.2809 
  0.5540664 107.7421 
  0.54194 106.6728 
  0.05122542 109.9132 
  0.451005 111.0151 
  0.7093529 109.9132 
  0.9349203 109.3664 
  0.8019581 107.2061 
  0.8123976 105.614 
  0.9540225 104.0455 
  0.9426425 104.5657 
  0.938109 104.0455 
  0.9103972 103.0128 
  0.8836637 102.5003 
  0.6796808 101.9903 
  0.1891161 100.978 
  0.2553602 99.97575 
  0.1410467 98.491 
  0.08221313 98.491 
  0.04417216 99.97575 
  0.2179925 103.0128 
  0.3130649 104.0455 
  0.5992612 104.0455 
  -0.03961388 103.0128 
  0.224184 103.0128 
  0.3724093 107.7421 
  0.616674 106.6728 
  0.4930307 109.9132 
  0.6619552 111.5702 
  0.9321008 112.128 
  0.7244318 110.4628 
  0.8042848 107.7421 
  0.5939839 108.8223 
  0.9569855 112.128 
  0.9923581 113.2521 
  0.9550138 115.5342 
  0.8427666 118.4515 
  0.9263921 119.639 
  0.9642346 120.2372 
  0.9882083 120.8384 
  0.9881876 121.4426 
  0.9901057 122.6601 
  0.9835515 123.8897 
  0.9839895 125.1317 
  0.9870196 126.3862 
  0.8842906 126.3862 
  0.7958171 125.7574 
  0.621986 125.1317 
  0.9827924 125.1317 
  0.9937184 124.5092 
  0.9830946 123.8897 
  0.9561503 123.2734 
  0.9284083 123.2734 
  0.5497835 123.2734 
  -0.2356993 123.2734 
  0.7100222 122.0498 
  0.7938448 123.2734 
  0.9030422 122.6601 
  0.8767816 120.8384 
  0.8170711 119.639 
  0.7492018 117.8622 
  0.8371943 115.5342 
  0.8612368 113.8184 
  0.9287148 113.2521 
  0.910665 111.5702 
  0.8604055 109.9132 
  0.9144646 108.2809 
  0.8089263 107.2061 
  0.9057948 105.0885 
  0.9853202 104.5657 
  0.9839658 105.0885 
  0.9905329 105.0885 
  0.9834237 105.614 
  0.9767559 105.614 
  0.9565026 105.614 
  0.9174563 105.0885 
  0.9334029 104.0455 
  0.8515437 103.0128 
  0.8458018 101.4829 
  0.7815325 101.4829 
  0.8180808 101.9903 
  0.9291869 101.4829 
  0.8596064 100.4756 
  0.7946053 99.47836 
  0.2885504 100.978 
  0.6169111 103.0128 
  0.2403735 105.614 
  0.4378553 108.2809 
  0.3020587 110.4628 
  0.1423499 107.7421 
  0.3533855 105.0885 
  0.4860728 107.7421 
  0.5190305 111.5702 
  0.4906994 114.9594 
  0.6540267 117.2759 
  0.2132413 117.2759 
  0.3407404 113.8184 
  0.6286399 115.5342 
  0.6015723 109.3664 
  0.7275279 111.0151 
  0.9178984 111.0151 
  0.953308 111.0151 
  0.8400515 108.8223 
  0.8749734 106.6728 
  0.8339143 105.0885 
  0.7956921 103.0128 
  0.7826368 100.978 
  0.2934078 100.4756 
  0.06927232 101.4829 
  0.4473019 103.0128 
  0.06621739 104.5657 
  0.6864063 105.0885 
  0.7603026 106.6728 
  0.8942268 106.6728 
  0.8546299 107.7421 
  0.8942771 107.7421 
  0.9137942 107.7421 
  0.9619301 108.8223 
  0.9630164 108.8223 
  0.9771895 108.8223 
  0.9814973 108.8223 
  0.969358 108.2809 
  0.9644654 107.2061 
  0.9531415 106.142 
  0.9509503 105.614 
  0.8949378 105.0885 
  0.7588846 105.0885 
  0.1886751 103.5278 
  -0.08989249 103.5278 
  -0.1924965 103.0128 
  0.05468789 102.5003 
  0.3328451 101.9903 
  0.2068573 101.9903 
  0.248839 101.9903 
  0.05765066 101.9903 
  -0.05013815 101.9903 
  0.1340339 101.9903 
  0.01280694 101.9903 
  0.1543835 101.9903 
  0.1089736 101.9903 
  -0.01753119 101.4829 
  -0.08628222 101.4829 
  -0.2082953 100.978 
  0.1974318 100.978 
  0.04725603 100.978 
  0.5927297 100.978 
  0.5394042 100.978 
  0.3341829 100.978 
  -0.04225826 100.978 
  0.2199047 100.978 
  0.1942682 100.4756 
  0.2270466 99.97575 
  0.3456428 92.7692 
  0.388093 92.30766 
  0.2541034 100.978 
  0.7235212 101.4829 
  0.7957801 99.97575 
  0.3104754 98.98344 
  0.08931588 103.5278 
  0.3671506 103.5278 
  0.3524455 109.3664 
  0.4085824 109.3664 
  0.5009205 107.2061 
  0.5814116 105.0885 
  0.3988091 106.6728 
  0.2479219 113.2521 
  0.3215462 117.8622 
  0.3731908 123.2734 
  0.4672496 124.5092 
  0.01740205 121.4426 
  -0.03093703 116.1118 
  0.443459 112.6886 
  0.4746105 111.0151 
  0.4086809 109.3664 
  0.1757899 105.0885 
  0.1923911 103.0128 
  0.2087314 105.0885 
  0.3965192 105.614 
  0.5129377 106.142 
  0.4377992 106.142 
  -0.1373836 106.142 
  -0.291952 106.142 
  -0.5517337 106.142 
  -0.3493316 106.142 
  0.04558786 106.142 
  0.0683227 106.142 
  -0.03183185 106.142 
  0.01431357 106.142 
  -0.0382959 106.142 
  -0.1307411 106.142 
  -0.1846651 105.614 
  0.06635284 105.0885 
  0.1902726 104.5657 
  0.1981901 104.0455 
  0.07376108 104.0455 
  -0.1306843 103.5278 
  -0.1993068 103.5278 
  -0.1589789 103.5278 
  -0.1929349 103.5278 
  -0.3132461 103.5278 
  0.1188324 103.5278 
  -0.02969321 103.5278 
  0.2114751 103.5278 
  0.287033 103.5278 
  0.007228495 103.5278 
  0.02901677 103.5278 
  0.06478721 103.5278 
  0.2043285 103.5278 
  0.35323 103.5278 
  0.006236913 103.5278 
  -0.1384143 103.5278 
  0.03000514 103.5278 
  0.1906672 103.5278 
  0.06288868 103.5278 
  0.1849701 103.5278 
  0.07414655 103.5278 
  0.1098589 103.5278 
  0.2923917 103.5278 
  0.005585678 103.5278 
  0.0115327 103.5278 
  -0.100558 103.5278 
  -0.004739918 103.5278 ]
