 [
  -0.1306555 219.853 
  -0.1154009 219.853 
  -0.1586269 219.853 
  -0.1017604 219.853 
  0.3894175 219.853 
  0.06890153 219.853 
  0.1508173 219.853 
  -0.06033562 219.853 
  -0.1104735 219.853 
  0.05805162 219.853 
  0.624652 219.853 
  0.8541303 219.853 
  -0.1709637 219.853 
  0.1133637 220.9523 
  0.583382 219.853 
  0.8848549 222.057 
  0.7099832 229.9466 
  0.8144525 232.2518 
  0.8813841 231.0963 
  0.9683122 231.0963 
  0.9816449 232.2518 
  0.9822502 235.753 
  0.9672322 238.1164 
  0.9434381 241.7061 
  0.9222819 249.0485 
  0.9301999 254.067 
  0.9593602 260.4825 
  0.9549881 261.7849 
  0.8142452 259.1866 
  0.6583585 252.8029 
  0.2702943 238.1164 
  0.04217237 255.3373 
  0.09109079 252.8029 
  0.1952509 239.307 
  0.2985227 227.6642 
  0.496952 209.1568 
  0.7494287 216.5879 
  0.7384921 226.5316 
  0.8925055 231.0963 
  0.9507477 231.0963 
  0.9757348 226.5316 
  0.9855963 224.2832 
  0.9762292 223.1673 
  0.9383581 220.9523 
  0.8601418 220.9523 
  0.430493 222.057 
  0.2801892 223.1673 
  -0.008046413 224.2832 
  -0.01747936 225.4046 
  0.0549242 226.5316 
  0.4700263 228.8026 
  0.829173 229.9466 
  0.9098145 226.5316 
  0.9606127 223.1673 
  0.9493076 219.853 
  0.971488 215.5104 
  0.9856154 212.3098 
  0.9930323 211.2535 
  0.993409 210.2025 
  0.9909639 209.1568 
  0.8261397 206.0505 
  0.6396304 200.9756 
  0.687588 189.3 
  -0.2345102 197.9909 
  0.4977454 201.9805 
  -0.1583831 202.9904 
  0.0930894 204.0054 
  0.5003634 205.0254 
  0.8054186 207.0808 
  0.7061757 209.1568 
  0.607686 211.2535 
  0.6071285 214.4382 
  0.5576739 217.6709 
  0.06233451 220.9523 
  0.234403 224.2832 
  0.0233731 228.8026 
  0.1661161 231.0963 
  0.8836763 229.9466 
  0.9728397 232.2518 
  0.9893457 233.4131 
  0.9926986 236.9318 
  0.9941378 239.307 
  0.9942815 241.7061 
  0.9869857 244.1292 
  0.9619942 245.3498 
  0.8700308 244.1292 
  0.7923219 236.9318 
  0.6014385 231.0963 
  0.5879502 226.5316 
  0.7133459 222.057 
  0.9769176 218.7592 
  0.9948367 216.5879 
  0.9960865 215.5104 
  0.9952841 215.5104 
  0.9975564 214.4382 
  0.9975178 214.4382 
  0.9979285 215.5104 
  0.9978561 216.5879 
  0.999191 216.5879 
  1.000117 217.6709 
  1.000135 217.6709 
  1.000081 217.6709 
  1.000493 217.6709 
  1.000504 217.6709 
  1.000152 216.5879 
  1.000835 216.5879 
  0.9996341 215.5104 
  0.9966223 214.4382 
  0.9913976 213.3714 
  0.9813957 210.2025 
  0.9725002 207.0808 
  0.9538716 202.9904 
  0.8429906 201.9805 
  0.632985 201.9805 
  0.005238796 201.9805 
  -0.1707599 201.9805 
  0.07540088 201.9805 
  0.1113873 201.9805 
  0.08545788 201.9805 
  0.2360358 201.9805 
  0.6627116 201.9805 
  0.8228948 197.9909 
  0.9823375 196.0257 
  0.9905798 194.0801 
  0.9888858 193.1145 
  0.9938098 192.1537 
  0.9766968 191.1978 
  0.9275315 191.1978 
  0.8628699 192.1537 
  0.9950455 194.0801 
  0.9998997 195.0505 
  0.9981794 195.0505 
  0.9924502 196.0257 
  0.8525352 196.0257 
  0.8156164 196.0257 
  0.8407183 195.0505 
  0.9047345 193.1145 
  0.8687307 191.1978 
  0.8248813 190.2465 
  0.7589434 191.1978 
  0.7773055 193.1145 
  0.8214768 197.9909 
  0.9058253 201.9805 
  0.9492848 204.0054 
  0.9593727 201.9805 
  0.9537256 198.9809 
  0.9691908 196.0257 
  0.9646711 194.0801 
  0.9716007 192.1537 
  0.9581465 191.1978 
  0.9407756 189.3 
  0.885247 187.4211 
  0.7027502 188.3582 
  0.2701054 190.2465 
  -0.1154367 192.1537 
  0.04179503 194.0801 
  0.09124819 196.0257 
  -0.06091832 197.9909 
  0.02908403 199.9758 
  0.005364663 201.9805 
  0.07641333 204.0054 
  -0.1050562 206.0505 
  0.3184115 208.1162 
  0.813548 201.9805 
  0.9110408 200.9756 
  0.9964944 200.9756 
  0.9973351 199.9758 
  0.9970623 198.9809 
  0.9988111 197.9909 
  0.9970433 197.9909 
  0.9852145 197.0059 
  0.9302195 193.1145 
  0.8736732 187.4211 
  0.9093345 182.8051 
  0.7841809 180.0902 
  0.5036938 173.046 
  0.0376278 169.6279 
  -0.09137458 167.9442 
  0.04126254 167.9442 
  0.3478661 170.476 
  0.3370134 183.7191 
  0.642239 194.0801 
  0.79267 197.9909 
  0.9453021 199.9758 
  0.9910451 200.9756 
  0.9960185 201.9805 
  0.9941732 201.9805 
  0.9931409 201.9805 
  0.950658 201.9805 
  0.9113765 200.9756 
  0.7834534 200.9756 
  0.99238 205.0254 
  0.9986881 207.0808 
  0.9979293 209.1568 
  0.8329011 212.3098 
  0.7204177 216.5879 
  0.7842187 214.4382 
  0.9814394 211.2535 
  0.9431448 211.2535 
  0.8884607 210.2025 
  0.9019496 209.1568 
  0.9813652 208.1162 
  0.9632034 206.0505 
  0.9261522 204.0054 
  0.5901445 201.9805 
  0.0487927 200.9756 
  0.07916564 199.9758 
  0.1836981 198.9809 
  0.3700383 199.9758 
  0.3814325 201.9805 
  0.2215859 204.0054 
  0.00801846 206.0505 
  0.5917589 209.1568 
  0.7871599 214.4382 
  0.8977653 218.7592 
  0.9144891 216.5879 
  0.8264913 212.3098 
  0.9218492 207.0808 
  0.980072 205.0254 
  0.9825258 205.0254 
  0.9889848 205.0254 
  0.989179 205.0254 
  0.9597064 205.0254 
  0.9206413 204.0054 
  0.8138894 204.0054 
  0.9862876 206.0505 
  0.9992208 207.0808 
  0.9975591 208.1162 
  0.8053906 210.2025 
  0.8159562 207.0808 
  0.8871638 206.0505 
  0.9864582 205.0254 
  0.9826303 205.0254 
  0.9542681 205.0254 
  0.9168559 201.9805 
  0.7497544 197.9909 
  0.4564664 194.0801 
  0.4873161 190.2465 
  0.4542537 186.4887 
  -0.08154322 182.8051 
  0.3250413 180.0902 
  0.2644865 182.8051 
  0.1508765 195.0505 
  0.6885336 208.1162 
  0.8681023 208.1162 
  0.9693933 205.0254 
  0.9791297 202.9904 
  0.964667 199.9758 
  0.9749643 197.0059 
  0.9867039 194.0801 
  0.9895279 191.1978 
  0.9961599 190.2465 
  0.993993 190.2465 
  0.9836624 189.3 
  0.9656067 189.3 
  0.8989704 189.3 
  0.7782693 191.1978 
  0.9581892 193.1145 
  0.9541216 195.0505 
  0.8849529 197.9909 
  0.8299179 200.9756 
  0.7688645 204.0054 
  0.5295624 207.0808 
  -0.1587085 210.2025 
  0.5511698 213.3714 
  0.7819302 205.0254 
  0.8878772 200.9756 
  0.9869223 198.9809 
  0.9865391 197.0059 
  0.9954365 194.0801 
  0.9509529 193.1145 
  0.8606984 191.1978 
  0.7054731 189.3 
  0.9925891 190.2465 
  0.9863901 191.1978 
  0.9306869 193.1145 
  0.7636102 197.0059 
  0.3831184 202.9904 
  -0.1672842 209.1568 
  -0.5755122 215.5104 
  0.1634616 222.057 
  0.2540389 228.8026 
  0.2453061 232.2518 
  0.1896696 234.5801 
  0.05105038 235.753 
  0.09338635 235.753 
  0.1534204 234.5801 
  0.03741759 232.2518 
  -0.1461655 229.9466 
  -0.11256 227.6642 
  -0.02668916 224.2832 
  0.125908 222.057 
  0.6301625 219.853 
  0.7681221 210.2025 
  0.8189984 205.0254 
  0.9505072 201.9805 
  0.9700084 198.9809 
  0.9931979 197.0059 
  0.993786 196.0257 
  0.989678 195.0505 
  0.9913453 194.0801 
  0.9989688 193.1145 
  0.9916964 193.1145 
  1.001979 193.1145 
  0.9906586 192.1537 
  0.9941907 191.1978 
  0.9959697 192.1537 
  0.9949007 191.1978 
  0.990933 191.1978 
  0.9878439 190.2465 
  0.9844089 190.2465 
  0.9826851 189.3 
  0.9587991 189.3 
  0.9302657 189.3 
  0.7726244 189.3 
  0.9795508 189.3 
  0.9970924 190.2465 
  0.9950343 191.1978 
  0.9804178 192.1537 
  0.9628799 193.1145 
  0.9480767 194.0801 
  0.9330037 195.0505 
  0.8548751 196.0257 
  0.6769984 197.0059 
  0.2949293 197.9909 
  0.08947562 198.9809 
  0.07442551 199.9758 
  0.07710808 200.9756 
  0.06464289 201.9805 
  -0.01929804 202.9904 
  0.03905882 204.0054 
  -0.04103713 205.0254 
  0.1831169 206.0505 
  0.7313051 205.0254 
  0.8678967 204.0054 
  0.9656991 202.9904 
  0.920828 201.9805 
  0.8838583 198.9809 
  0.9164116 197.0059 
  0.9745491 195.0505 
  0.9767873 195.0505 
  0.9633729 194.0801 
  0.9717141 195.0505 
  0.9570673 196.0257 
  0.934362 197.0059 
  0.8758208 197.9909 
  0.8746446 199.9758 
  0.7861364 200.9756 
  0.4696491 202.9904 
  -0.3218806 206.0505 
  0.1009708 209.1568 
  -0.02018979 212.3098 
  -0.006527049 215.5104 
  0.1801237 218.7592 
  0.1945325 220.9523 
  0.06970366 223.1673 
  0.5709664 225.4046 
  0.732745 219.853 
  0.8945946 214.4382 
  0.9889252 209.1568 
  0.9872209 206.0505 
  0.9888397 204.0054 
  0.9854493 200.9756 
  0.9746644 197.9909 
  0.9543689 196.0257 
  0.9650366 197.0059 
  0.9867623 197.9909 
  0.996169 197.0059 
  0.9975249 197.0059 
  0.9985776 196.0257 
  0.9989602 196.0257 
  0.9965518 196.0257 
  0.9979696 197.0059 
  0.9978912 197.0059 
  0.9921299 196.0257 
  0.9636364 195.0505 
  0.952929 193.1145 
  0.798232 192.1537 
  0.8666548 191.1978 
  0.861962 191.1978 
  0.8190168 191.1978 
  0.8415467 191.1978 
  0.8305876 191.1978 
  0.8129244 191.1978 
  0.2359488 191.1978 
  0.01651438 191.1978 
  0.0136201 191.1978 
  -0.07125755 192.1537 
  -0.06071427 193.1145 
  -0.08275703 194.0801 
  -0.111666 195.0505 
  -0.1266214 196.0257 
  -0.144584 197.0059 
  0.6625504 198.9809 
  0.8527519 197.9909 
  0.9828014 197.0059 
  0.9938766 197.0059 
  0.995121 197.0059 
  0.9937108 197.0059 
  0.994924 197.0059 
  0.9954363 197.0059 
  0.9926109 197.0059 
  0.9878204 197.0059 
  0.9839671 196.0257 
  0.9792144 194.0801 
  0.9786314 193.1145 
  0.9945365 192.1537 
  0.9961376 192.1537 
  0.9765159 192.1537 
  0.980612 192.1537 
  0.9821337 191.1978 
  0.9918632 190.2465 
  0.994467 189.3 
  0.9944914 189.3 
  0.9989982 188.3582 
  0.9981439 188.3582 
  0.9972964 187.4211 
  0.9979219 186.4887 
  0.996621 185.5609 
  0.9940118 184.6377 
  0.9931911 184.6377 
  0.992918 184.6377 
  0.9891403 184.6377 
  0.9702722 184.6377 
  0.9116771 187.4211 
  0.9733036 191.1978 
  0.9932026 193.1145 
  0.9957819 194.0801 
  0.9978083 196.0257 
  0.9981042 197.9909 
  0.9980305 198.9809 
  0.9981609 199.9758 
  0.9985099 200.9756 
  0.9975931 199.9758 
  0.9975093 198.9809 
  0.9961694 197.0059 
  0.9925094 195.0505 
  0.9932634 193.1145 
  0.9927675 190.2465 
  0.993449 189.3 
  0.9963583 188.3582 
  0.9977955 188.3582 
  0.9986953 188.3582 
  0.9966274 189.3 
  0.9959561 190.2465 
  0.9975147 190.2465 
  0.9986313 190.2465 
  0.9978783 191.1978 
  0.9984547 192.1537 
  0.9996178 192.1537 
  0.9998308 192.1537 
  0.997422 192.1537 
  0.9929197 192.1537 
  0.983331 192.1537 
  0.951946 192.1537 
  0.8674082 193.1145 
  0.3687009 194.0801 
  0.0561022 195.0505 
  0.08547097 195.0505 
  0.1195795 195.0505 
  0.05772529 195.0505 
  0.1015701 195.0505 
  0.1267321 195.0505 
  0.3002355 195.0505 
  0.0852216 195.0505 
  -0.005764848 195.0505 
  0.05349196 195.0505 
  0.1144115 195.0505 
  0.04473644 195.0505 
  0.1122693 195.0505 
  0.09273274 195.0505 
  -0.01175698 195.0505 
  -0.07616811 195.0505 
  -0.2153931 195.0505 
  -0.03259832 195.0505 
  -0.09259297 195.0505 
  -0.1315805 195.0505 
  0.08643442 195.0505 
  0.06064541 195.0505 
  -0.3456621 195.0505 
  -0.02289754 195.0505 
  0.02569999 195.0505 
  0.05579583 195.0505 
  0.3031229 195.0505 
  0.1124298 195.0505 ]
