 [
  -0.05254767 122.0498 
  0.04520727 122.0498 
  0.2733517 122.0498 
  0.1542819 122.0498 
  0.2859967 122.0498 
  0.1468395 122.0498 
  0.292838 122.0498 
  -0.07947173 122.0498 
  0.4114366 122.0498 
  0.07232266 122.0498 
  0.7836758 122.0498 
  0.4010487 122.0498 
  0.7112463 123.2734 
  0.7552369 119.639 
  0.8616718 119.0438 
  0.9490448 119.0438 
  0.9636784 119.639 
  0.8790697 121.4426 
  0.8441734 123.8897 
  0.9133017 125.7574 
  0.8976859 127.6532 
  0.8758037 130.2255 
  0.9013097 132.1886 
  0.9408125 134.1814 
  0.9575177 136.2042 
  0.9689999 137.5696 
  0.9662757 138.9488 
  0.9870951 140.3417 
  0.9843064 141.0434 
  0.9855163 141.7487 
  0.985303 141.7487 
  0.9726562 142.4574 
  0.9347659 143.8855 
  0.9449236 143.8855 
  0.923535 143.8855 
  0.9166119 141.7487 
  0.91482 140.3417 
  0.9368908 138.2575 
  0.9600235 137.5696 
  0.9609008 135.5266 
  0.9294565 133.5138 
  0.8869501 132.1886 
  0.7370639 131.531 
  -0.2142459 132.1886 
  0.4951768 132.8496 
  -0.1202697 133.5138 
  0.154176 134.1814 
  0.05508474 134.8523 
  0.154067 135.5266 
  0.03658647 136.2042 
  0.04827851 137.5696 
  -0.003787048 138.9488 
  0.1793097 140.3417 
  0.7630274 141.7487 
  0.5857561 132.8496 
  0.7368374 130.8766 
  0.8845559 128.9329 
  0.8679793 126.3862 
  0.9145701 124.5092 
  0.968092 123.2734 
  0.9914224 122.6601 
  0.996418 122.6601 
  0.9959897 122.6601 
  0.9945535 122.6601 
  1.000455 122.6601 
  0.9796454 123.2734 
  0.9803815 123.2734 
  0.9757233 123.2734 
  0.9573231 123.2734 
  0.8849097 122.6601 
  0.916793 121.4426 
  0.9865814 121.4426 
  0.6700011 121.4426 
  0.7278313 119.0438 
  0.9463139 117.2759 
  0.9632619 116.6924 
  0.9772286 116.1118 
  0.9798594 115.5342 
  0.9756898 114.9594 
  0.9683597 113.8184 
  0.9673705 112.128 
  0.982635 112.128 
  0.9861033 112.128 
  0.9862716 111.5702 
  0.9854313 111.5702 
  0.9937302 111.0151 
  0.9900211 111.0151 
  0.9813333 111.0151 
  0.9608879 111.0151 
  0.8671088 110.4628 
  0.7448533 110.4628 
  0.03548812 111.0151 
  0.5462371 111.5702 
  0.4366921 112.128 
  0.02329866 113.2521 
  0.03683574 114.3874 
  0.03206309 114.9594 
  -0.007101053 115.5342 
  -0.04907295 116.1118 
  0.7305753 117.2759 
  0.7054289 112.6886 
  0.897217 111.5702 
  0.9715044 111.0151 
  0.9665518 110.4628 
  0.9677931 110.4628 
  0.9882404 109.9132 
  0.9904292 109.9132 
  0.9878765 109.9132 
  0.9849427 110.4628 
  0.9727414 110.4628 
  0.9728646 109.9132 
  0.9611704 109.9132 
  0.9200495 109.9132 
  0.8505262 109.3664 
  0.6114655 109.3664 
  0.4137846 109.9132 
  0.3087036 110.4628 
  0.2780395 111.0151 
  0.0967947 111.5702 
  0.1391293 112.128 
  0.05218399 112.6886 
  0.04747721 113.2521 
  -0.01004946 113.8184 
  0.1345279 114.3874 
  0.1571012 114.9594 
  0.1432273 115.5342 
  0.09007068 115.5342 
  0.1952523 115.5342 
  0.1993461 116.1118 
  0.1012081 116.6924 
  0.6370406 117.2759 
  0.4836454 109.3664 
  0.8911551 108.2809 
  0.9276879 107.2061 
  0.9436655 106.6728 
  0.9463724 106.142 
  0.9139767 105.614 
  0.8576411 104.5657 
  0.8207141 103.0128 
  0.2497396 103.0128 
  0.1315617 103.0128 
  0.04188218 103.0128 
  0.06283108 103.0128 
  0.05114194 103.0128 
  -0.09122694 103.5278 
  0.07519861 104.0455 
  0.4563586 104.0455 
  0.3969287 104.0455 
  0.3629567 104.5657 
  0.07683124 105.0885 
  -0.03605216 105.614 
  0.01812144 106.6728 
  0.02111412 107.7421 
  -0.02251432 108.8223 
  0.6252542 108.8223 
  0.8657573 108.8223 
  0.7527017 106.6728 
  0.7935937 103.5278 
  0.918433 101.4829 
  0.9755645 99.97575 
  0.9634381 99.47836 
  0.958811 98.98344 
  0.9525091 98.98344 
  0.9550655 98.98344 
  0.9262558 98.98344 
  0.9060109 99.47836 
  0.9019675 98.98344 
  0.9018242 99.47836 
  0.8783132 98.98344 
  0.9001083 98.491 
  0.9441972 98.00098 
  0.928916 98.491 
  0.9548698 98.98344 
  0.92454 98.491 
  0.8764582 98.00098 
  0.9213578 97.02828 
  0.9436315 97.02828 
  0.9370199 96.54556 
  0.962841 95.5873 
  0.9494945 95.11173 
  0.7059789 94.1677 
  0.591122 93.23304 
  0.6535152 90.93677 
  0.857289 89.58624 
  0.6818874 88.25578 
  0.6615682 87.3798 
  0.8049817 86.94508 
  0.8563169 86.51251 
  0.5527769 86.51251 
  -0.08115216 86.0821 
  -0.008515511 85.2277 
  0.05163554 84.80367 
  0.4530223 84.80367 
  0.1013631 85.2277 
  0.4184228 85.65383 
  0.1981319 85.65383 
  0.3284489 85.65383 
  0.2068057 85.65383 
  0.3373234 85.65383 
  0.2220764 85.65383 
  0.2726064 85.65383 
  0.2290608 85.65383 ]
