 [
  0.09248708 112.128 
  0.0393391 112.128 
  -0.04695861 112.128 
  -0.1199391 112.128 
  -0.2071976 112.128 
  -0.208608 112.128 
  -0.1730938 112.128 
  -0.1340827 112.128 
  -0.02202062 112.128 
  0.3144654 112.128 
  -0.06557991 112.128 
  0.6406239 112.128 
  0.251678 112.128 
  0.5640861 113.2521 
  0.6388162 108.2809 
  0.7167622 111.0151 
  0.9254248 111.0151 
  0.9595002 110.4628 
  0.9399615 109.9132 
  0.8419009 108.8223 
  0.7119187 106.142 
  0.5084144 103.5278 
  0.2409855 101.4829 
  0.2546592 98.491 
  0.1676186 94.63854 
  0.5807756 86.0821 
  0.5835876 84.38177 
  0.6277953 83.54424 
  0.58759 86.51251 
  0.5867404 90.93677 
  0.5962413 96.06523 
  0.6465583 99.97575 
  0.8747094 102.5003 
  0.990847 103.5278 
  0.990229 103.5278 
  0.9872863 103.5278 
  0.9711858 103.5278 
  0.9289168 105.0885 
  0.9054358 107.2061 
  0.8506813 109.3664 
  0.9204047 109.3664 
  0.9332179 109.9132 
  0.962388 110.4628 
  0.9688182 110.4628 
  0.92226 111.5702 
  0.8627038 112.6886 
  0.8958513 114.3874 
  0.9136262 115.5342 
  0.8639592 117.8622 
  0.8574409 120.2372 
  0.8704385 122.0498 
  0.86736 124.5092 
  0.8092023 127.0181 
  0.8158923 130.2255 
  0.8620517 132.8496 
  0.8601 134.8523 
  0.7824903 136.8852 
  0.6570752 140.3417 
  0.9887347 144.605 
  0.9923781 144.605 
  0.9520791 142.4574 
  0.9317448 139.6435 
  0.8521086 134.1814 
  0.588333 122.0498 
  0.490563 116.6924 
  0.3170009 112.128 
  0.2838928 111.5702 
  0.4021204 108.2809 
  0.608247 100.978 
  0.7527007 98.00098 
  0.9896325 97.51342 
  0.9974868 97.02828 
  0.9931644 96.54556 
  0.9966248 96.06523 
  0.9956489 96.06523 
  0.9938721 96.06523 
  0.9918888 96.54556 
  0.6859284 98.491 
  0.7200038 100.978 
  0.8095594 100.978 
  0.8590077 101.4829 
  0.9146635 101.9903 
  0.9122128 103.5278 
  0.8691646 104.5657 
  0.88437 106.142 
  0.9259557 107.7421 
  0.9291361 108.8223 
  0.9043256 109.9132 
  0.9269598 111.5702 
  0.9025238 113.2521 
  0.860047 114.9594 
  0.8325691 116.1118 
  0.7622857 116.6924 
  0.8069916 114.9594 
  0.5907422 115.5342 
  0.2347893 120.8384 
  0.5929223 126.3862 
  0.7495941 135.5266 
  0.8906515 136.8852 
  0.9660075 136.8852 
  0.9768732 136.8852 
  0.9889387 136.2042 
  0.9876612 135.5266 
  0.9611184 136.2042 
  0.9156049 138.2575 
  0.9000645 141.0434 
  0.8907514 143.8855 
  0.8748727 148.2564 
  0.9267592 151.2439 
  0.8871164 155.063 
  0.876534 158.9785 
  0.9079683 162.9929 
  0.9421883 167.1087 
  0.9512801 169.6279 
  0.9731887 172.185 
  0.9561799 173.9112 
  0.9197132 174.7808 
  0.9418753 173.046 
  0.9463429 171.3284 
  0.9323298 170.476 
  0.8833719 169.6279 
  0.7661322 169.6279 
  0.5788732 169.6279 
  0.3419061 169.6279 
  0.2272578 169.6279 
  0.1110121 169.6279 
  0.004607804 169.6279 
  0.00392226 169.6279 
  0.05508731 169.6279 
  0.2029791 169.6279 
  0.2390512 169.6279 
  0.1099775 169.6279 
  0.1609561 169.6279 
  0.003736516 169.6279 
  0.09928471 169.6279 
  -0.09177392 169.6279 
  -0.06540583 169.6279 
  -0.1326521 169.6279 
  -0.1371142 169.6279 
  -0.2161776 169.6279 
  -0.1006249 169.6279 
  -0.1695113 169.6279 
  -0.1566702 169.6279 
  -0.0723706 169.6279 
  0.01888577 169.6279 
  0.1921297 169.6279 
  -0.02701878 169.6279 
  -0.05045157 169.6279 
  -0.05363197 169.6279 
  0.06627454 169.6279 
  0.06793489 169.6279 
  -0.01888334 169.6279 
  -0.08866159 169.6279 
  -0.07380323 169.6279 
  -0.08269823 169.6279 ]
