 [
  0.01020169 121.4426 
  -0.003102566 121.4426 
  -0.06289896 121.4426 
  -0.02762351 121.4426 
  0.08885132 121.4426 
  0.0120181 121.4426 
  -0.07561424 121.4426 
  -0.03161593 121.4426 
  0.03741027 121.4426 
  -0.01943879 121.4426 
  0.08145662 121.4426 
  0.1331318 121.4426 
  0.05209982 121.4426 
  0.09110553 121.4426 
  -0.02081669 121.4426 
  -0.0828055 121.4426 
  -0.1497493 121.4426 
  0.02547819 121.4426 
  -0.2057126 121.4426 
  0.263721 121.4426 
  -0.17721 121.4426 
  0.3891366 121.4426 
  0.3361058 121.4426 
  0.2017956 121.4426 
  0.05123106 121.4426 
  -0.000791017 121.4426 
  0.01328658 121.4426 
  0.09431973 121.4426 
  0.1654508 121.4426 
  0.3568266 119.639 
  0.5897357 122.0498 
  0.7740838 120.8384 
  0.6990042 118.4515 
  0.9399618 116.1118 
  0.9470478 115.5342 
  0.9384253 115.5342 
  0.9209666 115.5342 
  0.8928838 114.9594 
  0.8591908 116.6924 
  0.8905145 116.1118 
  0.7060323 114.3874 
  0.7728927 112.6886 
  0.9542129 111.5702 
  0.8244568 112.6886 
  0.6998836 116.1118 
  0.8874355 119.0438 
  0.938991 120.8384 
  0.9688704 121.4426 
  0.9310383 122.0498 
  0.8463469 121.4426 
  0.7917573 120.2372 
  0.6542997 120.2372 
  0.6051855 117.8622 
  0.524215 118.4515 
  0.1915986 118.4515 
  0.1667755 117.8622 
  0.2301956 117.2759 
  0.3921825 116.6924 
  0.2073793 116.1118 
  0.06384746 115.5342 
  0.1108707 115.5342 
  0.11485 115.5342 
  0.1198078 116.1118 
  0.1511638 116.1118 
  0.1177444 116.1118 
  -0.127762 116.1118 
  0.2145952 116.1118 
  0.6273272 117.8622 
  0.4435191 122.0498 
  0.6843466 128.2915 
  0.424476 132.1886 
  0.417278 134.8523 
  0.5567769 142.4574 
  0.7607611 144.605 
  0.7701731 145.328 
  0.7239994 145.328 
  0.8385627 146.7849 
  0.8954017 147.5188 
  0.9538127 148.9977 
  0.9173968 148.9977 
  0.8531747 149.7427 
  0.8693653 149.7427 
  0.9768934 148.9977 
  0.9508725 147.5188 
  0.9590251 145.328 
  0.9514238 143.1697 
  0.925735 141.0434 
  0.9148099 139.6435 
  0.8674401 138.2575 
  0.8603755 136.8852 
  0.5447076 135.5266 
  0.3128466 134.8523 
  0.7943159 132.1886 
  0.6402724 123.8897 
  0.8918804 122.0498 
  0.9716404 121.4426 
  0.9788374 121.4426 
  0.9939444 121.4426 
  0.9812764 122.6601 
  0.97505 122.6601 
  0.962286 123.2734 
  0.9424546 123.8897 
  0.9387416 123.8897 
  0.9583949 124.5092 
  0.9544109 124.5092 
  0.9540761 124.5092 
  0.9449243 123.8897 
  0.9195243 123.2734 
  0.9258577 122.0498 
  0.9034523 120.8384 
  0.8986949 120.2372 
  0.8908856 120.2372 
  0.8176391 120.2372 
  0.7756613 117.2759 
  0.7400823 119.639 
  0.7949269 120.2372 
  0.7546178 119.639 
  0.7618188 117.8622 
  0.6990439 116.6924 
  0.5818579 116.1118 
  0.6423029 116.1118 
  0.6213053 116.6924 
  0.7176564 117.8622 
  0.8309662 119.639 
  0.8906445 118.4515 
  0.6110325 115.5342 
  0.7352562 113.8184 
  0.901901 113.2521 
  0.914111 114.9594 
  0.9723419 116.1118 
  0.9612364 116.6924 
  0.9671892 116.6924 
  0.9734881 117.2759 
  0.9599012 116.1118 
  0.9502972 114.9594 
  0.9862232 113.8184 
  0.9942725 113.2521 
  0.992157 112.6886 
  0.9788343 112.6886 
  0.9901113 112.128 
  0.9785662 111.5702 
  0.9707229 111.0151 
  0.9546547 109.9132 
  0.9350047 109.3664 
  0.9079383 109.3664 
  0.8601141 109.3664 
  0.8332323 109.3664 
  0.7047687 109.3664 
  0.1566345 109.3664 
  0.1054378 109.3664 
  0.09454672 109.3664 
  -0.08770192 109.3664 
  -0.07605139 109.3664 
  -0.1013633 109.3664 
  -0.2869146 109.3664 
  0.03970638 108.8223 
  0.5703132 108.2809 
  0.5275636 105.0885 
  0.6300505 101.9903 
  0.734513 99.97575 
  0.5978201 100.4756 
  0.7818565 100.978 
  0.8910897 101.4829 
  0.9613402 101.4829 
  0.9436494 101.4829 
  0.851776 101.9903 
  0.8679553 102.5003 
  0.9291633 103.5278 
  0.9594921 103.5278 
  0.9294763 104.0455 
  0.7072608 104.0455 
  0.3579894 104.5657 
  0.3797953 105.614 
  0.1424074 106.6728 
  -0.2385167 107.7421 
  -0.1390415 108.8223 
  -0.1199744 109.3664 
  -0.02313486 109.9132 
  0.04231882 110.4628 
  0.276077 111.0151 
  0.2064343 111.5702 
  -0.008808126 112.128 
  0.2451654 112.6886 
  -0.1789986 113.2521 
  0.1121575 113.8184 
  -0.4239779 114.3874 
  0.3836136 114.9594 
  0.6176305 116.6924 
  0.7285222 120.8384 
  0.7731454 122.0498 
  0.752565 122.6601 
  0.8130363 119.639 
  0.8848581 118.4515 
  0.8424644 116.6924 
  0.900394 114.9594 
  0.9497221 114.3874 
  0.9421588 113.2521 
  0.9343815 112.128 
  0.9731563 111.0151 
  0.9372767 109.9132 
  0.8736104 108.2809 
  0.9613289 107.2061 
  0.9626269 106.6728 
  0.9355156 105.614 
  0.9699643 105.0885 
  0.8417914 104.0455 
  0.8920609 101.9903 
  0.8433614 100.4756 
  0.875651 98.491 
  0.8168876 98.491 
  0.856377 99.47836 
  0.8497054 99.97575 
  0.8450372 100.4756 
  0.8845352 100.4756 
  0.8776276 100.4756 
  0.8141134 100.978 
  0.3774423 100.978 
  0.05897518 100.978 
  0.5053819 100.978 
  0.5811062 99.97575 
  0.6188765 100.978 
  0.7711704 100.978 
  0.8911147 101.9903 
  0.883316 101.4829 
  0.8338668 102.5003 
  0.5708458 103.0128 
  0.2099986 104.0455 
  0.003399066 105.614 
  -0.1165089 107.2061 
  -0.07038596 108.2809 
  -0.1370258 109.3664 
  -0.00540706 111.0151 
  0.1195839 112.6886 
  0.2585568 114.3874 
  0.06522328 115.5342 
  -0.006836051 116.6924 
  0.1258327 117.8622 
  0.5987153 119.639 
  0.646164 120.8384 
  0.6377823 118.4515 
  0.8816398 116.6924 
  0.9664695 116.1118 
  0.9426227 116.1118 
  0.8750056 116.1118 
  0.7796154 116.1118 
  0.8466123 117.2759 
  0.9729212 118.4515 
  0.9224385 119.0438 
  0.8196192 119.639 
  0.4834349 120.8384 
  0.2250449 122.6601 
  -0.02181 124.5092 
  -0.02957375 126.3862 
  0.1194054 128.2915 
  0.07601445 130.2255 
  0.09301255 131.531 
  -0.04987567 132.1886 
  -0.05780443 132.1886 
  0.1136141 132.8496 
  0.702233 132.1886 
  0.4388999 124.5092 
  0.4707001 118.4515 
  0.4271963 113.8184 
  0.8215138 111.0151 
  0.9671254 110.4628 
  0.9870638 110.4628 
  0.9745747 110.4628 
  0.9449973 111.0151 
  0.9668623 111.5702 
  0.9559957 111.0151 
  0.9145781 110.4628 
  0.9224677 109.9132 
  0.8386261 109.3664 
  0.83757 108.8223 
  0.8127574 108.2809 
  0.904389 108.2809 
  0.9484529 107.7421 
  0.9358798 107.2061 
  0.9251219 106.142 
  0.8794582 105.614 
  0.8113641 104.0455 
  0.8697714 104.0455 
  0.9794917 104.0455 
  0.9643806 104.0455 
  0.9466789 104.5657 
  0.930355 104.0455 
  0.8182933 103.0128 
  0.8350191 102.5003 
  0.8354316 101.9903 
  0.8134636 99.97575 
  0.9275267 99.47836 
  0.8875127 98.98344 
  0.9297071 98.00098 
  0.909819 97.51342 
  0.9260778 96.54556 
  0.9509142 96.06523 
  0.8675256 97.51342 
  0.9551246 98.00098 
  0.9820635 98.00098 
  0.9630036 98.98344 
  0.8712484 99.97575 
  0.8380408 101.4829 
  0.8544192 101.4829 
  0.8699418 100.978 
  0.9035814 100.978 
  0.7849813 101.4829 
  0.6211002 101.4829 
  0.2360996 101.9903 
  0.4175772 103.5278 
  0.1310127 105.0885 
  0.01226046 106.6728 
  -0.01579887 108.2809 
  0.0248974 109.9132 
  -0.1085405 111.5702 
  -0.2026912 113.2521 
  0.3268971 114.9594 
  0.2586605 116.6924 
  0.2557395 118.4515 
  0.1667969 120.2372 
  0.7492329 121.4426 
  0.4241782 115.5342 
  0.8666427 111.0151 
  0.960265 110.4628 
  0.9185385 111.0151 
  0.8563092 111.0151 
  0.8575585 109.9132 
  -0.2182275 109.3664 
  -0.2952897 108.2809 
  -0.06598002 107.7421 
  0.2407475 107.2061 
  0.07708371 106.6728 
  0.1774537 106.142 
  -0.002471726 105.614 
  0.1659051 105.0885 
  0.02604487 104.5657 
  0.0578493 104.0455 
  -0.03321391 103.5278 
  0.04378534 103.0128 
  -0.009658677 102.5003 
  0.09608038 101.4829 
  0.6707047 100.4756 
  0.7130086 103.0128 
  0.5775869 102.5003 
  0.6594833 101.9903 
  0.7809827 100.4756 
  0.7931426 100.4756 
  0.8627623 99.47836 
  0.8810259 99.47836 
  0.8190854 98.98344 
  0.8124512 98.491 
  0.9413849 98.00098 
  0.9682836 97.51342 
  0.9171495 97.02828 
  0.8056234 96.06523 
  0.7411066 95.11173 
  0.6023624 95.5873 
  0.5137623 94.63854 
  0.7443172 92.7692 
  0.6300227 90.93677 
  0.6220255 89.14054 
  0.112363 87.8167 
  0.06710233 86.51251 
  0.03171213 85.2277 
  -0.1812136 83.96195 
  -0.2891537 82.3035 
  0.4612435 81.08118 
  0.7187165 80.6778 
  0.7605833 80.6778 
  0.7913745 80.6778 
  0.2821321 81.08118 
  0.1149285 84.38177 
  0.3261876 84.80367 
  -0.07520059 81.89403 
  0.4419296 81.4866 
  0.2243638 81.4866 
  -0.0990326 81.4866 
  0.2834243 81.4866 
  0.06890757 81.4866 
  -0.1311874 81.4866 
  -0.02325539 81.4866 
  0.04660399 81.4866 
  0.1284143 81.4866 
  0.2074451 81.4866 
  0.13985 81.4866 
  0.1729571 81.4866 
  0.0688455 81.4866 
  0.05188363 81.4866 
  0.06033196 81.4866 
  -0.002333141 81.4866 
  -0.01034863 81.4866 
  0.05737234 81.4866 
  0.2288575 81.4866 
  0.05314739 81.4866 
  0.03553686 81.4866 
  0.1229959 81.4866 
  0.07644954 81.4866 
  -0.03854771 81.4866 
  -0.2556774 81.4866 
  -0.5999451 81.4866 ]
