 [
  0.008544563 141.0434 
  -0.02632606 141.0434 
  0.01645115 141.0434 
  0.08168899 141.0434 
  0.03038799 141.0434 
  0.2850947 141.0434 
  0.06908697 141.0434 
  0.1902739 141.0434 
  0.06203499 141.0434 
  0.09429241 141.0434 
  0.3999879 141.0434 
  -0.4090918 141.0434 
  0.5274452 141.0434 
  0.7937369 133.5138 
  0.5576062 127.6532 
  0.7859178 125.7574 
  0.9889844 124.5092 
  0.9931546 125.1317 
  0.8808216 126.3862 
  0.8667154 128.9329 
  0.940244 130.8766 
  0.8999644 132.8496 
  0.9260175 134.1814 
  0.8307947 134.1814 
  0.743959 133.5138 
  0.5962713 132.8496 
  0.8227019 134.1814 
  0.9718977 135.5266 
  0.9704298 136.8852 
  0.913973 138.2575 
  0.798539 139.6435 
  0.6701244 141.0434 
  0.4350233 142.4574 
  0.06329171 143.8855 
  -0.2077156 145.328 
  -0.3775242 146.7849 
  -0.2372111 148.2564 
  -0.1939908 149.7427 
  -0.04933753 151.2439 
  0.04008565 152.7601 
  0.6906654 155.063 
  0.5713201 148.2564 
  0.7432917 143.1697 
  0.8891546 141.7487 
  0.8215008 138.9488 
  0.7674761 135.5266 
  0.9235994 131.531 
  0.9801132 130.2255 
  0.9805923 129.5776 
  0.9869442 128.9329 
  0.9875431 128.9329 
  0.98352 128.9329 
  0.9798707 128.9329 
  0.9781321 128.9329 
  0.9810711 130.2255 
  0.98664 130.8766 
  0.9795676 130.8766 
  0.9604345 129.5776 
  0.9399964 127.6532 
  0.9175273 125.1317 
  0.9347922 123.2734 
  0.9426222 122.0498 
  0.8384288 121.4426 
  0.6031573 121.4426 
  0.5624653 122.0498 
  0.53369 122.6601 
  0.7752278 123.2734 
  0.9201974 124.5092 
  0.9718401 126.3862 
  0.973456 126.3862 
  0.9535488 125.1317 
  0.938298 123.2734 
  0.9311254 120.8384 
  0.9739363 119.0438 
  0.9832388 117.8622 
  0.9763719 116.6924 
  0.9647559 115.5342 
  0.9756177 114.3874 
  0.9700738 112.6886 
  0.9521804 111.5702 
  0.8849398 111.0151 
  0.6911824 111.0151 
  0.3739672 111.5702 
  0.5575268 112.128 
  0.6023061 112.6886 
  0.5989361 113.2521 
  0.531907 113.8184 
  0.6492857 114.3874 
  0.6506004 114.9594 
  0.9001727 115.5342 
  0.9592942 116.1118 
  0.9836382 116.1118 
  0.9883475 115.5342 
  0.9876275 114.9594 
  0.9868333 114.3874 
  0.977582 113.8184 
  0.9738322 112.6886 
  0.9262097 112.128 
  0.811942 111.5702 
  0.4779985 111.5702 
  -0.02340032 112.6886 
  -0.06421821 114.3874 
  0.03493652 115.5342 
  0.01467561 116.6924 
  -0.05369853 117.8622 
  -0.0153503 119.0438 
  -0.241295 120.2372 
  -5.180575e-05 121.4426 
  0.09684162 122.6601 
  0.05359769 123.8897 
  0.04901248 125.1317 
  0.8118919 127.0181 
  0.8249655 125.7574 
  0.8977686 125.7574 
  0.9141153 125.1317 
  0.8776088 124.5092 
  0.8811287 123.2734 
  0.9437996 122.0498 
  0.8816812 120.8384 
  0.9104534 120.2372 
  0.9285183 119.639 
  0.9307808 119.0438 
  0.9271241 119.0438 
  0.9110409 119.0438 
  0.8992524 118.4515 
  0.9012951 118.4515 
  0.9016732 119.0438 
  0.9372621 120.2372 
  0.8573459 120.2372 
  0.7712809 119.0438 
  0.8102259 118.4515 
  0.9666986 117.8622 
  0.9679103 116.6924 
  0.9499087 115.5342 
  0.9227748 114.3874 
  0.8500298 113.8184 
  0.7231439 113.8184 
  0.7261036 113.8184 
  0.916501 113.8184 
  0.9749771 114.3874 
  0.9807827 114.9594 
  0.9802085 115.5342 
  0.9739866 116.1118 
  0.9609435 115.5342 
  0.9526299 114.3874 
  0.9674354 112.128 
  0.8764217 111.0151 
  0.8296334 110.4628 
  0.9622998 110.4628 
  0.9962643 110.4628 
  0.9951646 110.4628 
  0.996851 110.4628 
  0.9755611 111.0151 
  0.8880287 112.128 
  0.935331 112.6886 
  0.9807254 113.2521 
  0.9864891 114.3874 
  0.9901592 115.5342 
  0.9903463 116.6924 
  0.9940726 117.2759 
  0.9911902 117.8622 
  0.989807 117.8622 
  0.9919583 118.4515 
  0.9904287 118.4515 
  0.9877412 118.4515 
  0.9802936 117.8622 
  0.8407422 117.2759 
  0.6898465 116.1118 
  0.02611031 113.8184 
  0.8044497 111.5702 
  0.6596745 109.9132 
  0.7114859 108.8223 
  0.7616901 107.2061 
  0.647119 105.0885 
  0.7315995 103.0128 
  0.9039155 100.978 
  0.8175049 99.97575 
  0.8331148 98.98344 
  0.8642766 98.00098 
  0.7494388 97.51342 
  0.7915811 96.06523 
  0.9489186 95.11173 
  0.968814 94.1677 
  0.9663765 93.23304 
  0.9276449 92.30766 
  0.8364003 91.84841 
  0.7452003 91.39146 
  0.6463213 91.39146 
  0.713244 91.39146 
  0.4684448 91.39146 
  0.2547515 91.39146 
  0.1778636 91.39146 
  -0.0728838 91.39146 
  -0.1532668 91.39146 
  0.01000941 91.39146 
  0.179318 91.39146 
  0.1994968 91.39146 
  0.02230163 91.39146 
  -0.04645734 91.39146 ]
