 [
  -0.1741116 141.0434 
  -0.1519524 141.0434 
  -0.09922692 141.0434 
  -0.07505091 141.0434 
  0.05106749 141.0434 
  -0.02562505 141.0434 
  -0.003151659 141.0434 
  0.08111169 141.0434 
  0.1542859 141.0434 
  -0.3433082 141.0434 
  -0.1173742 141.0434 
  0.06554788 141.0434 
  0.1462603 141.0434 
  -0.1239866 141.0434 
  -0.3120018 141.0434 
  -0.3222606 141.0434 
  -0.3414084 141.0434 
  0.04650567 141.0434 
  0.0264059 141.0434 
  0.03389001 141.0434 
  0.01664011 141.0434 
  -0.1853826 141.0434 
  -0.1792541 141.0434 
  0.1933262 141.0434 
  0.4415808 140.3417 
  0.8060535 138.2575 
  0.9088856 138.9488 
  0.9673602 138.2575 
  0.9878742 138.9488 
  0.9791732 139.6435 
  0.9776347 140.3417 
  0.9833086 141.7487 
  0.9807529 142.4574 
  0.961611 143.8855 
  0.9655429 145.328 
  0.9620053 146.0546 
  0.9358293 145.328 
  0.9256637 144.605 
  0.8376546 143.8855 
  0.8197799 142.4574 
  0.6667114 141.7487 
  0.686433 137.5696 
  0.7293062 134.1814 
  0.4556605 130.8766 
  0.4449809 128.2915 
  -0.04453624 125.7574 
  0.07462217 123.2734 
  -0.1226423 120.2372 
  0.09101461 117.8622 
  0.6669887 116.1118 
  0.6259705 112.6886 
  0.6385903 109.9132 
  0.8134059 107.2061 
  0.9133625 104.5657 
  0.9231813 103.0128 
  0.9287586 100.978 
  0.9396763 99.47836 
  0.9614993 98.491 
  0.9740476 97.51342 
  0.9724025 97.02828 
  0.9698681 96.54556 
  0.9393469 95.5873 
  0.8901111 95.5873 
  0.8309819 95.11173 
  0.7435658 95.11173 
  0.1391515 95.5873 
  0.1034443 96.06523 
  0.05851735 96.54556 
  0.209782 97.02828 
  0.06163843 97.51342 
  -0.008599881 98.00098 
  0.009650452 98.491 
  -0.01798026 99.47836 
  -0.06654551 100.4756 
  0.06209913 101.4829 
  -0.07164115 102.5003 
  0.04031716 103.5278 
  -0.1312309 104.5657 
  -0.07946251 105.614 
  0.1253564 106.6728 
  0.1496934 107.7421 
  0.07672036 108.2809 
  -0.01166654 109.3664 
  -0.07481595 109.9132 
  0.02006198 110.4628 
  -0.1668236 111.5702 
  -0.440554 112.6886 
  -0.3131649 113.8184 
  -0.3023248 114.9594 
  0.04507014 116.1118 
  0.1825769 116.6924 
  0.04124549 117.2759 
  -0.01179677 117.8622 
  -0.02265789 118.4515 
  0.04473273 119.0438 
  -0.2553328 119.639 
  -0.2323414 120.2372 
  -0.04824043 121.4426 
  0.05108395 122.6601 
  0.227287 123.8897 
  0.4934578 125.1317 
  0.4327834 126.3862 
  0.4787045 127.6532 
  0.2422334 128.9329 
  0.7037451 130.2255 
  0.94916 130.8766 
  0.9952247 132.1886 
  0.9978687 132.8496 
  0.9986228 132.8496 
  0.9960869 132.1886 
  0.9876695 130.8766 
  0.9585737 129.5776 
  0.9435359 127.0181 
  0.9487165 124.5092 
  0.9585205 123.2734 
  0.9719833 122.6601 
  0.973597 122.6601 
  0.9709212 123.2734 
  0.9611914 125.1317 
  0.9588107 127.0181 
  0.9328311 128.2915 
  0.912155 130.2255 
  0.9441572 132.1886 
  0.9679848 134.1814 
  0.9729349 134.8523 
  0.9728667 135.5266 
  0.9828271 136.8852 
  0.9859669 136.8852 
  0.9843578 136.8852 
  0.9855235 136.8852 
  0.996588 136.2042 
  0.9960256 136.8852 
  0.9875319 136.8852 
  0.9540522 136.2042 
  0.9168717 134.8523 
  0.8592875 134.1814 
  0.8260145 132.1886 
  0.3226121 129.5776 
  -0.1621871 129.5776 
  0.04304367 129.5776 
  0.01492023 129.5776 
  -0.004111276 129.5776 
  -0.0009167001 129.5776 
  -0.004687841 129.5776 
  0.07707468 129.5776 
  0.05857383 129.5776 
  -0.1098911 130.2255 
  -0.09508108 130.2255 
  0.272411 130.2255 
  0.6234844 132.8496 
  0.7663478 134.8523 
  0.979186 136.2042 
  0.9906383 136.2042 
  0.9852931 135.5266 
  0.9194578 134.8523 
  0.8836429 133.5138 
  0.7406678 132.1886 
  0.9578549 131.531 
  0.9768966 130.8766 
  0.9468998 129.5776 
  0.8822866 127.6532 
  0.7697026 126.3862 
  0.7098746 123.8897 
  0.0848274 122.6601 
  0.7197682 122.6601 
  0.4123524 123.2734 
  0.4311622 123.8897 
  0.4285575 124.5092 
  0.178613 125.1317 
  0.03850344 125.7574 
  0.007914535 126.3862 
  0.0192279 127.0181 
  0.06802386 127.0181 
  0.1243484 126.3862 
  0.7202857 125.1317 
  0.9199427 123.8897 
  0.971544 123.8897 
  0.9665883 124.5092 
  0.9610634 125.1317 
  0.9619788 126.3862 
  0.9731674 127.6532 
  0.9849625 128.2915 
  0.9736308 128.9329 
  0.9851798 129.5776 
  0.9623076 128.9329 
  0.9700819 128.2915 
  0.9767861 127.6532 
  0.969282 127.0181 
  0.973673 126.3862 
  0.9424881 125.7574 
  0.8432562 124.5092 
  0.8722679 122.0498 
  0.9563317 121.4426 
  0.8960083 120.2372 
  0.8641244 117.8622 
  0.8796505 116.1118 
  0.9041702 114.3874 
  0.9493441 113.2521 
  0.9707341 113.2521 
  0.9148796 114.3874 
  0.8620278 116.6924 
  0.7708954 122.0498 
  0.8406148 125.7574 
  0.9042543 128.2915 
  0.9679776 128.9329 
  0.9639971 129.5776 
  0.9702718 128.9329 
  0.9759811 128.2915 
  0.9915668 127.6532 
  0.991042 127.0181 
  0.9875424 125.7574 
  0.9855533 125.1317 
  0.9860558 123.8897 
  0.9788005 122.6601 
  0.9860266 122.0498 
  0.9884087 121.4426 
  0.9841144 122.0498 
  0.9821645 122.6601 
  0.9569267 122.0498 
  0.9521871 121.4426 
  0.953205 120.8384 
  0.670234 124.5092 
  0.4541857 130.8766 
  0.6608949 134.1814 
  0.3433585 136.8852 
  0.2879807 138.9488 
  0.1067418 136.8852 
  0.5277777 132.8496 
  0.9059224 129.5776 
  0.9576515 127.6532 
  0.9598166 125.7574 
  0.9308201 123.8897 
  0.9160774 121.4426 
  0.9662711 119.639 
  0.9002674 118.4515 
  0.8581928 116.6924 
  0.8598257 115.5342 
  0.8097003 114.3874 
  0.5962399 113.8184 
  0.4549372 113.2521 
  0.3992555 112.6886 
  0.1588434 112.128 
  0.6661436 112.128 
  0.8996096 112.6886 
  0.9634004 112.128 
  0.9383501 111.0151 
  0.8299457 109.9132 
  0.771018 108.8223 
  0.3268743 108.8223 
  -0.1839992 111.0151 
  0.3960385 113.2521 
  -0.1065111 115.5342 
  -0.03039589 117.8622 
  -0.129513 120.2372 
  -0.1972306 122.0498 
  -0.2858105 122.6601 
  0.1182474 122.6601 
  0.7731264 125.1317 
  0.8153027 123.2734 
  0.8422401 120.2372 
  0.9402467 119.0438 
  0.9836019 119.639 
  0.9791681 120.2372 
  0.9750828 120.2372 
  0.9924754 121.4426 
  0.9901204 120.2372 
  0.9772524 119.0438 
  0.9678246 117.2759 
  0.9592736 115.5342 
  0.9448879 113.2521 
  0.9376165 110.4628 
  0.8815013 108.8223 
  0.6627509 107.2061 
  0.3449703 106.6728 
  0.107241 106.142 
  0.1552534 105.614 
  0.04125012 104.5657 
  0.03840642 103.5278 
  0.2036775 102.5003 
  0.0830081 101.4829 
  -0.03366737 100.4756 
  -0.2754104 99.47836 
  -0.1995405 98.491 
  -0.008590987 97.51342 
  0.02885901 96.54556 
  0.5531504 96.06523 
  0.7066087 95.5873 
  0.921405 95.11173 
  0.9301602 94.63854 
  0.8739594 94.63854 
  0.9034408 94.63854 
  0.9057508 94.63854 
  0.8395363 94.63854 
  0.7450309 94.63854 
  0.7274585 94.63854 
  0.5355921 94.63854 
  0.3620197 94.63854 
  0.2492158 94.63854 
  -0.4079702 94.63854 
  0.2850311 94.63854 ]
