 [
  -0.05488691 127.6532 
  0.0901996 127.6532 
  0.1871351 127.6532 
  0.05117247 127.6532 
  0.04897829 127.6532 
  -0.005830453 127.6532 
  -0.1329539 127.6532 
  -0.1008491 127.6532 
  -0.2033716 127.6532 
  0.1838123 127.6532 
  0.1528173 127.6532 
  0.04365837 127.6532 
  -0.04990473 127.6532 
  -0.1472022 127.6532 
  -0.3472538 127.6532 
  -0.2065608 127.6532 
  -0.3088364 127.6532 
  -0.2334636 127.6532 
  -0.07069217 127.6532 
  -0.1518896 127.6532 
  -0.231322 127.6532 
  -0.02951459 127.6532 
  0.08048534 127.6532 
  0.0312136 127.6532 
  0.08558662 127.6532 
  0.5326749 127.6532 
  0.4489709 127.0181 
  0.7596157 126.3862 
  0.9249848 127.6532 
  0.9907232 128.2915 
  0.9947966 128.2915 
  0.9952517 128.2915 
  0.9877644 127.6532 
  0.9055202 126.3862 
  0.8913155 125.7574 
  0.8910246 126.3862 
  0.9980507 127.6532 
  0.9983773 128.2915 
  0.996968 129.5776 
  0.9962244 130.8766 
  0.9967412 131.531 
  0.9913077 132.8496 
  0.9910048 134.8523 
  0.9893039 136.8852 
  0.9167384 139.6435 
  0.8616141 142.4574 
  0.9345977 143.8855 
  0.9527978 145.328 
  0.973452 148.2564 
  0.9829601 150.4914 
  0.9866612 152.7601 
  0.9873565 155.063 
  0.9876742 157.4006 
  0.9920595 158.9785 
  0.9935697 161.3751 
  0.9965469 162.182 
  0.9984363 163.8079 
  0.9994627 164.6269 
  0.9993528 164.6269 
  0.9917421 163.8079 
  0.9784318 162.182 
  0.9665972 158.1876 
  0.9313638 153.5239 
  0.884419 147.5188 
  0.8179485 141.7487 
  0.7221813 136.2042 
  0.760712 132.1886 
  0.9108648 130.2255 
  0.8952865 128.9329 
  0.8996044 128.2915 
  0.9244599 127.6532 
  0.9314709 127.0181 
  0.8906353 125.7574 
  0.8842428 123.2734 
  0.9279817 121.4426 
  0.9537333 119.639 
  0.9854668 119.0438 
  0.9973198 119.0438 
  0.9958246 119.639 
  0.9964902 119.639 
  0.9949416 119.639 
  0.9933687 119.639 
  0.9924639 119.639 
  0.9890053 119.0438 
  0.9881239 119.0438 
  0.9871647 119.639 
  0.963605 119.639 
  0.9304068 119.639 
  0.8631026 119.639 
  0.8962026 123.2734 
  0.9227105 125.7574 
  0.957715 127.0181 
  0.9605411 127.0181 
  0.9702409 126.3862 
  0.9747576 125.7574 
  0.9529144 125.7574 
  0.916024 127.0181 
  0.9944747 128.2915 
  0.9970624 128.2915 
  0.9989074 128.9329 
  0.9990768 129.5776 
  0.9989157 129.5776 
  0.9944541 130.2255 
  0.9680024 129.5776 
  0.9417769 128.2915 
  0.9205898 127.0181 
  0.757148 127.0181 
  0.2841973 128.2915 
  0.3901814 129.5776 
  0.1939538 130.8766 
  -0.05329592 132.1886 
  0.1099851 133.5138 
  0.3060046 134.8523 
  0.4077838 136.8852 
  0.5314832 130.2255 
  0.7646313 126.3862 
  0.9567497 125.7574 
  0.9545999 125.1317 
  0.8786452 124.5092 
  0.8078703 123.2734 
  0.7106018 123.8897 
  0.993969 125.7574 
  0.9980763 127.0181 
  0.9979616 127.0181 
  0.9986974 127.0181 
  0.9996458 127.0181 
  0.9319471 127.0181 
  0.621475 127.0181 
  0.7819613 127.0181 
  0.9602159 127.0181 
  0.9911083 127.0181 
  0.9929411 127.0181 
  0.9894481 127.6532 
  0.9907267 128.2915 
  0.9870614 128.9329 
  0.9835061 130.2255 
  0.9926253 130.8766 
  0.9907179 131.531 
  0.9925941 131.531 
  0.9911848 131.531 
  0.9823763 131.531 
  0.9337356 131.531 
  0.9284428 129.5776 
  0.9535733 130.2255 
  0.9579771 130.2255 
  0.9558721 130.2255 
  0.9570383 128.9329 
  0.9655339 127.6532 
  0.9582945 125.7574 
  0.9591441 123.8897 
  0.9612544 122.6601 
  0.9522523 121.4426 
  0.9181051 120.8384 
  0.8817741 119.0438 
  0.7665987 118.4515 
  0.5105711 119.639 
  0.5373397 121.4426 
  0.640377 123.2734 
  -0.07677655 125.1317 
  0.3059932 127.6532 
  0.7412414 128.9329 
  0.9406955 130.2255 
  0.9485489 132.1886 
  0.9240382 134.1814 
  0.921058 134.1814 
  0.9348464 133.5138 
  0.9455956 134.1814 
  0.9518958 135.5266 
  0.9835007 135.5266 
  0.9900975 135.5266 
  0.9971968 135.5266 
  0.9906942 136.2042 
  0.9773568 136.8852 
  0.980816 137.5696 
  0.9723063 137.5696 
  0.9554473 136.8852 
  0.9096539 135.5266 
  0.8050139 134.8523 
  0.4985257 134.8523 
  0.2930164 135.5266 
  0.08800323 136.2042 
  -0.008955864 136.8852 
  0.04437011 137.5696 
  0.07593102 138.2575 
  0.172518 138.9488 
  0.08863524 139.6435 
  0.2957574 140.3417 
  0.2390807 140.3417 
  0.4960571 135.5266 
  0.7410071 136.8852 
  0.8851619 136.2042 
  0.9163955 134.8523 
  0.9608778 133.5138 
  0.9542361 133.5138 
  0.970543 132.8496 
  0.9748607 132.8496 
  0.9974473 133.5138 
  0.9799156 132.8496 
  0.949763 131.531 
  0.8383879 129.5776 
  0.718357 127.0181 
  0.377819 123.2734 
  0.2476455 124.5092 
  0.01512663 124.5092 
  -0.1049828 124.5092 
  -0.1221239 124.5092 
  -0.1200598 124.5092 
  0.006225327 124.5092 
  0.149277 124.5092 
  -0.1302616 125.1317 
  0.2592689 125.1317 
  0.5672798 128.2915 
  0.8160765 128.2915 
  0.9253879 127.6532 
  0.8640232 125.7574 
  0.9504125 124.5092 
  0.9791517 123.2734 
  0.914881 121.4426 
  0.8961869 119.639 
  0.7850089 119.0438 
  0.3518439 120.2372 
  0.236509 121.4426 
  -0.027056 122.6601 
  -0.07394953 124.5092 
  -0.01324597 126.3862 
  -0.0726838 128.2915 
  0.2944235 130.2255 
  0.1589721 132.1886 
  -0.01557343 134.8523 
  0.0186567 136.8852 
  0.077948 138.9488 
  -0.05024341 141.0434 
  0.1965747 143.1697 
  0.09893845 145.328 
  0.7103794 148.2564 
  0.3557185 134.1814 
  0.6122259 134.1814 
  0.8524095 134.1814 
  0.8685381 133.5138 
  0.9804592 134.1814 
  0.9872876 134.1814 
  0.9880652 133.5138 
  0.9921721 133.5138 
  0.980498 133.5138 
  0.9692739 132.8496 
  0.9881241 131.531 
  0.9850166 132.1886 
  0.9921885 132.8496 
  0.9908127 132.8496 
  0.9790722 132.1886 
  0.9800935 131.531 
  0.9853677 130.8766 
  0.9641824 130.8766 
  0.8540721 130.2255 
  0.8355092 128.2915 
  0.8747744 125.7574 
  0.9847388 125.1317 
  0.9515979 125.7574 
  0.9250121 128.2915 
  0.9592757 130.2255 
  0.9845988 131.531 
  0.9931472 131.531 
  0.992273 131.531 
  0.9857745 130.8766 
  0.9784594 130.2255 
  0.9663095 129.5776 
  0.930353 128.9329 
  0.9480522 128.2915 
  0.9962168 128.2915 
  0.9979678 128.2915 
  0.9982458 128.2915 
  0.9983877 128.2915 
  0.9989472 128.2915 
  0.910588 128.2915 
  0.8838448 128.2915 
  0.9153864 128.2915 
  0.8294067 127.6532 
  0.8350419 127.0181 
  0.7299942 125.7574 
  0.9069088 126.3862 
  0.9287372 127.6532 
  0.8235915 128.9329 
  0.6455122 130.8766 
  0.4751627 133.5138 
  0.3909479 136.2042 
  0.2845368 139.6435 
  0.4892756 143.8855 
  0.715174 148.2564 
  0.5429276 147.5188 
  0.3108062 147.5188 
  0.3135496 133.5138 
  0.8349921 132.1886 
  0.9419485 134.1814 
  0.9808773 134.8523 
  0.9916834 134.1814 
  0.9889151 134.1814 
  0.9897733 134.1814 
  0.9881138 134.1814 
  0.9884529 134.1814 
  0.9802201 134.1814 
  0.9937158 134.1814 
  0.9878197 134.1814 
  0.9586143 132.8496 
  0.9642404 132.1886 
  0.9626597 132.1886 
  0.9177494 132.1886 
  0.860019 130.8766 
  0.8039713 128.2915 
  0.8308403 128.2915 
  0.833837 130.8766 
  0.9161599 130.8766 
  0.9593731 130.8766 
  0.9887093 130.8766 
  0.9825382 131.531 
  0.8932559 130.8766 
  0.5877875 134.1814 
  0.1848021 139.6435 
  0.3338521 149.7427 
  0.6886802 154.2915 
  0.539032 153.5239 
  0.6744196 155.8383 
  0.8003054 155.8383 
  0.4847359 155.8383 
  0.4752454 158.1876 
  0.4465414 162.182 
  0.4773206 163.8079 
  0.2727834 160.5723 
  0.1572621 139.6435 
  0.758794 132.8496 
  0.7204474 128.9329 
  0.6604037 127.6532 
  0.223032 123.2734 
  0.4474091 115.5342 
  0.6130361 116.1118 
  0.7373366 116.6924 
  0.6804151 117.2759 
  0.5843986 117.8622 
  0.5334965 120.8384 
  0.6092159 124.5092 
  0.6304898 127.0181 
  0.6448162 130.8766 
  0.762154 130.2255 
  0.8094531 128.9329 
  0.4784799 127.6532 
  0.2270344 122.0498 
  0.464761 122.0498 
  0.1361867 122.0498 
  0.412635 130.2255 
  0.7398422 129.5776 
  0.9137325 130.2255 
  0.9949606 129.5776 
  0.9963725 129.5776 
  0.9959565 130.2255 
  0.9937726 130.2255 
  0.9946941 130.8766 
  0.9934258 130.2255 
  0.9912738 129.5776 
  0.985739 129.5776 
  0.9632762 128.9329 
  0.8293677 128.2915 
  0.7004508 127.0181 
  0.6748462 125.7574 
  0.9948128 125.1317 
  0.9740928 124.5092 
  0.9630415 123.8897 
  0.8993639 123.2734 
  0.7227348 122.6601 
  0.6823449 122.6601 
  0.6535383 122.6601 
  0.673522 123.2734 
  0.5416742 123.8897 
  0.1107709 124.5092 
  -0.2503284 125.1317 
  0.2199451 125.7574 
  0.2590594 126.3862 
  -0.1388256 127.0181 
  -0.2011238 127.6532 
  -0.2787597 128.2915 
  -0.1807588 128.9329 
  0.1019065 130.2255 
  0.06114188 130.8766 
  0.099801 131.531 
  0.02049805 132.1886 
  -0.05982527 132.8496 
  0.03515963 133.5138 
  0.2361476 134.1814 
  0.1345572 134.8523 
  0.04419935 136.2042 
  0.06473813 137.5696 
  0.1309318 138.9488 
  0.02241583 140.3417 
  0.02524268 141.7487 
  0.1711172 143.1697 
  0.1846453 144.605 
  0.1496967 146.0546 
  0.03737013 147.5188 
  -0.06330282 148.9977 
  -0.01885686 150.4914 
  -0.2212494 152.0001 
  -0.2996839 153.5239 
  -0.1255268 155.063 
  -0.2524865 156.6175 
  0.1292115 158.1876 
  0.1796699 159.7734 
  0.1509276 161.3751 
  0.1648276 162.9929 
  -0.1893039 164.6269 
  -0.002073277 166.2773 
  0.7608297 167.9442 
  0.6211405 169.6279 
  0.6542042 167.1087 
  0.6336278 157.4006 
  0.3406115 138.2575 
  0.640473 123.2734 
  0.8121492 121.4426 
  0.8980345 120.2372 
  0.8482161 120.8384 
  0.8531572 120.8384 
  0.9920443 121.4426 
  0.9928852 122.6601 
  0.9618659 123.8897 
  0.897603 125.1317 
  0.9420831 124.5092 
  0.9729276 123.8897 
  0.991097 123.2734 
  0.9949751 122.6601 
  0.9767066 121.4426 
  0.9657803 120.2372 
  0.9486215 119.0438 
  0.9323791 118.4515 
  0.9787179 118.4515 
  0.9936901 119.0438 
  0.9947268 119.0438 
  0.9976732 119.0438 
  0.9878794 119.0438 
  0.9305306 118.4515 
  0.938462 118.4515 
  0.9677511 117.2759 
  0.9722755 116.6924 
  0.9344863 114.9594 
  0.8591751 113.8184 
  0.8088896 111.5702 
  0.5661905 111.0151 
  0.2583213 113.8184 
  0.08867718 116.6924 
  -0.06900914 119.639 
  -0.008810613 122.6601 
  0.1615507 125.1317 
  -0.01971933 127.6532 
  -0.07458415 130.2255 
  0.06456181 132.8496 
  0.130037 135.5266 
  -0.04614227 138.2575 
  0.1048105 141.0434 
  0.1217951 143.8855 
  0.01923095 146.0546 
  0.6320748 152.0001 
  0.5925258 131.531 
  0.885401 130.8766 
  0.9242469 130.2255 
  0.990756 128.9329 
  0.9955475 128.9329 
  0.9953621 128.2915 
  0.9920857 128.2915 
  0.9761171 128.2915 
  0.9661171 128.2915 
  0.9635854 128.2915 
  0.942371 127.6532 
  0.8614182 126.3862 
  0.7469398 123.2734 
  0.927001 121.4426 
  0.9584202 120.2372 
  0.9402863 119.0438 
  0.9240445 118.4515 
  0.9242793 118.4515 
  0.9261324 117.8622 
  0.9447057 117.2759 
  0.9400793 116.1118 
  0.9630761 114.9594 
  0.971747 114.9594 
  0.9729293 114.9594 
  0.9780915 115.5342 
  0.9699662 115.5342 
  0.9660045 114.9594 
  0.9440984 114.9594 
  0.9236553 114.3874 
  0.9083523 113.8184 
  0.8700169 113.2521 
  0.895673 112.6886 
  0.9273439 112.6886 
  0.9441771 112.6886 
  0.9370199 112.6886 
  0.9145594 112.6886 
  0.799031 112.128 
  0.5901828 111.5702 
  0.2172986 111.5702 
  -0.01530161 111.5702 
  -0.1000367 111.5702 
  0.226865 111.5702 
  0.02073268 111.5702 
  -0.1810106 111.5702 
  -0.0450305 111.5702 
  -0.06158234 111.5702 
  -0.1571987 111.5702 
  -0.3133188 111.5702 
  -0.3427886 111.5702 
  -0.237745 111.5702 
  0.1226892 111.5702 
  0.327102 111.5702 
  0.3860622 111.5702 
  0.2533289 111.5702 
  -0.1329599 111.5702 
  -0.2653851 111.5702 
  -0.448025 111.5702 
  -0.4698002 111.5702 
  0.07043704 111.5702 
  0.02064994 111.5702 
  -0.0009466121 111.5702 
  -0.02200157 111.5702 
  -0.007475456 111.5702 
  0.3219921 111.5702 
  0.09182434 111.5702 
  -0.05732361 111.5702 ]
