 [
  0.05246299 200.9756 
  -0.1396854 200.9756 
  -0.09648158 200.9756 
  0.1550125 200.9756 
  -0.2268854 200.9756 
  0.1209716 200.9756 
  -0.1134005 200.9756 
  -0.1062945 200.9756 
  -0.01236627 200.9756 
  0.1887556 200.9756 
  0.7063689 200.9756 
  0.8712438 200.9756 
  0.6883432 200.9756 
  0.5268465 200.9756 
  0.5876585 200.9756 
  0.7931432 201.9805 
  0.9619009 204.0054 
  0.9752271 207.0808 
  0.9707539 213.3714 
  0.9706545 219.853 
  0.9757554 226.5316 
  0.9765394 232.2518 
  0.9875848 233.4131 
  0.9906051 236.9318 
  0.9784389 239.307 
  0.9874252 242.9146 
  0.9941757 245.3498 
  0.9867005 245.3498 
  0.960161 241.7061 
  0.7992366 235.753 
  0.5440545 224.2832 
  0.2657832 380.5392 
  0.4891967 386.2758 
  0.7054261 378.6459 
  0.5046505 382.4419 
  0.5661584 380.5392 
  0.3664761 380.5392 
  0.1428552 373.0226 
  0.281499 356.6486 
  -0.03123605 342.6983 
  0.2491515 330.9402 
  0.5122589 321.1834 
  0.08197552 311.7143 
  0.101428 302.5244 
  0.1248004 293.6054 
  -0.1298941 284.9493 
  -0.03390953 276.5485 
  0.1697227 268.3953 
  0.06840537 260.4825 
  0.122029 252.8029 
  0.1927831 245.3498 
  0.1090245 238.1164 
  0.4135358 231.0963 
  0.1312836 223.1673 
  0.09453756 215.5104 
  -0.2297056 208.1162 
  -0.3189086 200.9756 
  -0.3358281 194.0801 
  -0.1317104 187.4211 
  0.2939553 181.8956 
  0.4846589 175.6547 
  0.6602319 175.6547 
  0.8246892 175.6547 
  0.7831123 178.3027 
  -0.2322576 181.8956 
  -0.1511422 185.5609 
  0.559324 189.3 
  0.1058806 193.1145 
  0.204928 196.0257 
  0.06144521 199.9758 
  0.5570909 206.0505 
  0.8421985 206.0505 
  0.923512 201.9805 
  0.9114357 197.0059 
  0.9131774 192.1537 
  0.9623992 188.3582 
  0.9741083 185.5609 
  0.9653459 183.7191 
  0.9504638 180.9906 
  0.8718646 180.9906 
  0.8349176 181.8956 
  0.7300677 182.8051 
  0.8647765 184.6377 
  0.9112983 186.4887 
  0.9668781 187.4211 
  0.9844668 186.4887 
  0.9726284 184.6377 
  0.9329364 182.8051 
  0.8546379 181.8956 
  0.8594583 182.8051 
  0.9060169 183.7191 
  0.9295614 184.6377 
  0.9650066 185.5609 
  0.9048615 187.4211 
  0.3853974 189.3 
  0.2826802 192.1537 
  0.7151917 197.0059 
  0.8876972 205.0254 
  0.9771253 207.0808 
  0.9919048 210.2025 
  0.9755645 213.3714 
  0.9483408 217.6709 
  0.9517763 222.057 
  0.9378031 226.5316 
  0.9766794 232.2518 
  0.9915553 238.1164 
  0.9857368 244.1292 
  0.9821175 250.2938 
  0.9900381 254.067 
  0.9780089 252.8029 
  0.8854058 245.3498 
  0.8097786 236.9318 
  0.4726534 232.2518 
  -0.0916383 246.5766 
  0.2932019 254.067 
  0.2711278 254.067 
  0.3213213 252.8029 
  0.2393966 246.5766 
  0.142922 236.9318 
  0.04818442 222.057 
  0.4727564 202.9904 
  0.7316989 195.0505 
  0.8339815 192.1537 
  0.8926107 191.1978 
  0.9516154 189.3 
  0.9774231 191.1978 
  0.9893304 192.1537 
  0.9967237 192.1537 
  0.9841484 191.1978 
  0.9713138 191.1978 
  0.9749239 189.3 
  0.9318966 187.4211 
  0.8763664 186.4887 
  0.7044863 188.3582 
  0.9855767 194.0801 
  0.8318024 197.0059 
  0.7867316 197.0059 
  0.7991408 193.1145 
  0.9413979 191.1978 
  0.9837793 191.1978 
  0.9729574 192.1537 
  0.9549208 192.1537 
  0.9439441 193.1145 
  0.9338518 193.1145 
  0.9323922 196.0257 
  0.9747134 197.9909 
  0.9736853 198.9809 
  0.8204147 201.9805 
  0.7721786 206.0505 
  0.8954976 211.2535 
  0.8492927 214.4382 
  0.7172576 211.2535 
  0.2858327 208.1162 
  -0.233346 206.0505 
  -0.1421015 204.0054 
  0.04244065 201.9805 
  -0.1089094 199.9758 
  0.1066124 197.9909 
  0.1288998 196.0257 
  -0.1161032 194.0801 
  0.002495334 192.1537 
  -0.003898072 190.2465 
  0.03327452 188.3582 
  -0.01527012 186.4887 
  -0.1447878 184.6377 
  -0.09717388 181.8956 
  0.5535748 179.1942 
  0.7747579 178.3027 
  0.9736282 177.4156 
  0.9929871 175.6547 
  0.9899267 175.6547 
  0.9902374 177.4156 
  0.9835237 179.1942 
  0.9842927 181.8956 
  0.9761728 185.5609 
  0.9731348 190.2465 
  0.9740307 195.0505 
  0.9782766 199.9758 
  0.9790975 205.0254 
  0.9894379 208.1162 
  0.992676 211.2535 
  0.9892467 214.4382 
  0.9850907 217.6709 
  0.9861696 219.853 
  0.9869621 222.057 
  0.9919708 224.2832 
  0.9934188 225.4046 
  0.992462 226.5316 
  0.9905707 226.5316 
  0.9904583 225.4046 
  0.9969161 224.2832 
  0.9907784 223.1673 
  0.9383271 218.7592 
  0.834915 209.1568 
  0.731313 197.0059 
  0.5408157 184.6377 
  0.1248851 173.046 
  -0.1199206 162.182 
  0.1508133 152.0001 
  -0.2458424 141.7487 
  0.3877145 132.8496 
  -0.0146767 123.8897 
  0.1798092 115.5342 
  -0.07277175 107.7421 
  -0.05464361 100.978 
  -0.1487529 94.63854 
  -0.0161589 88.69706 
  0.4505291 84.38177 
  0.3848049 86.51251 
  0.2321036 87.8167 
  0.5893545 80.6778 
  0.515825 81.4866 
  0.5281447 81.89403 
  0.7479076 74.86229 
  0.5121592 75.2366 
  0.407468 76.75266 
  0.4849423 77.13642 
  0.397694 78.69076 
  0.5220254 86.94508 
  -0.02645482 95.5873 
  -0.1260924 103.5278 
  -0.08858795 112.128 
  -0.09909949 121.4426 
  -0.2325011 130.8766 
  -0.3227253 141.7487 
  -0.1765059 153.5239 
  0.6203969 164.6269 
  0.7991832 171.3284 
  0.8820381 174.7808 
  0.9922163 178.3027 
  0.9972122 179.1942 
  0.9319807 180.0902 
  0.9305938 179.1942 
  0.9555083 180.0902 
  0.9787246 180.9906 
  0.9771881 183.7191 
  0.9704359 186.4887 
  0.9732864 189.3 
  0.9743392 191.1978 
  0.9739498 193.1145 
  0.946106 195.0505 
  0.9171823 197.0059 
  0.7320587 198.9809 
  0.8993372 200.9756 
  0.8411943 202.9904 
  0.2919881 204.0054 
  -0.04659206 206.0505 
  0.2515051 208.1162 
  0.2138434 208.1162 
  0.06098646 207.0808 
  -0.05652538 206.0505 
  0.01455015 205.0254 
  -0.01636352 204.0054 
  0.1099091 202.9904 
  0.3955927 201.9805 
  0.7353951 201.9805 
  0.9305884 199.9758 
  0.9735337 198.9809 
  0.9166082 199.9758 
  0.8666387 202.9904 
  0.5887525 206.0505 
  0.04179063 210.2025 
  -0.1508799 214.4382 
  0.01277799 218.7592 
  0.28402 223.1673 
  0.4217317 227.6642 
  0.2520663 232.2518 
  0.6607983 236.9318 
  0.4253501 241.7061 
  0.01059763 246.5766 
  -0.1522277 251.5452 
  0.1736891 256.614 
  0.06635066 261.7849 
  0.04733239 267.06 
  0.06295665 272.4414 
  0.5384534 277.9312 
  0.4683934 283.5317 
  0.4359561 298.0316 
  0.3913055 305.5572 
  0.4164443 317.9955 
  0.3088319 335.9292 
  0.3305368 349.6039 
  0.4066008 356.6486 
  0.3371844 358.4318 
  0.3750453 358.4318 
  0.1422473 356.6486 
  -0.125549 351.3519 
  -0.1076793 347.8645 
  -0.4787231 346.1339 
  -0.5833883 346.1339 
  -0.3152725 346.1339 
  -0.04033463 346.1339 
  0.04188751 346.1339 
  0.11044 346.1339 
  0.1788346 346.1339 
  0.1939288 346.1339 
  -0.06164282 346.1339 
  0.1317839 346.1339 
  0.1315404 346.1339 
  0.1407662 346.1339 
  0.1579203 346.1339 
  0.1268342 346.1339 
  -0.04349728 346.1339 
  0.03733239 346.1339 
  0.1151162 346.1339 
  0.0362646 346.1339 
  0.2100167 346.1339 
  0.264958 346.1339 
  0.05108425 346.1339 
  -0.01325472 346.1339 
  0.07835732 346.1339 
  0.1094778 346.1339 
  0.1142673 346.1339 
  0.07063299 346.1339 
  0.2419249 346.1339 
  0.3075519 346.1339 
  0.3403335 346.1339 
  0.3358429 346.1339 
  0.6493455 346.1339 
  0.2431311 346.1339 
  0.5348095 346.1339 
  0.3051639 346.1339 
  0.12093 346.1339 
  0.03471499 346.1339 ]
