 [
  0.2386665 108.8223 
  0.2065261 108.8223 
  0.1560299 108.8223 
  0.1468769 108.8223 
  0.1146158 108.8223 
  -0.08211666 108.8223 
  0.02956076 108.8223 
  -0.1454669 108.8223 
  -0.2342126 108.8223 
  -0.1138482 108.8223 
  0.2513249 108.8223 
  0.2468038 108.8223 
  0.751898 108.8223 
  0.8154637 109.3664 
  0.8620199 108.8223 
  0.8882101 107.2061 
  0.8698391 105.614 
  0.9273608 104.5657 
  0.9329799 103.5278 
  0.8444936 103.0128 
  0.7098709 103.0128 
  0.9542176 105.0885 
  0.9914231 105.614 
  0.9554235 105.614 
  0.896316 105.0885 
  0.8688416 103.5278 
  0.9635166 101.9903 
  0.9829303 100.978 
  0.9698641 99.97575 
  0.9347286 98.491 
  0.8742381 96.54556 
  0.8011522 95.11173 
  0.4848636 94.63854 
  0.1310825 96.54556 
  0.1047852 98.491 
  -0.3540097 100.4756 
  -0.1667663 102.5003 
  -0.1007269 104.5657 
  0.1996704 106.6728 
  0.1991368 108.8223 
  0.0526084 111.0151 
  0.03917243 113.2521 
  0.2995687 115.5342 
  0.7069899 119.639 
  0.7853938 120.8384 
  0.8194753 122.0498 
  0.8779004 124.5092 
  0.9218243 126.3862 
  0.8945794 128.2915 
  0.8989937 130.2255 
  0.9419137 132.1886 
  0.9655094 133.5138 
  0.9745212 134.1814 
  0.9773968 134.1814 
  0.9746401 134.1814 
  0.943312 133.5138 
  0.8860903 132.1886 
  0.7951865 130.8766 
  0.9699819 130.2255 
  0.9818885 129.5776 
  0.9817287 128.2915 
  0.9837201 126.3862 
  0.8946521 125.1317 
  0.8959426 123.2734 
  0.9489923 122.0498 
  0.9834621 120.8384 
  0.978144 119.639 
  0.9802965 117.8622 
  0.989359 116.6924 
  0.98455 116.1118 
  0.9827101 114.3874 
  0.9331148 112.6886 
  0.8526267 111.0151 
  0.7372435 107.2061 
  0.5927613 105.0885 
  0.5264441 104.5657 
  0.2463015 104.5657 
  0.09018013 105.0885 
  -0.04725337 106.142 
  -0.03907666 107.2061 
  0.03764383 108.2809 
  0.3290603 109.9132 
  0.1028867 111.5702 
  0.2147512 113.2521 
  0.2513555 114.9594 
  0.4674888 116.6924 
  0.8142825 117.2759 
  0.9440838 118.4515 
  0.9619942 119.639 
  0.9793926 121.4426 
  0.9928316 123.2734 
  0.9988844 123.8897 
  0.9967998 123.8897 
  0.9604093 122.0498 
  0.9502064 120.2372 
  0.9265459 117.2759 
  0.8897709 114.3874 
  0.8705872 111.0151 
  0.8721496 107.2061 
  0.8668767 104.5657 
  0.9269244 103.0128 
  0.9553869 100.978 
  0.9232714 99.47836 
  0.8718062 97.51342 
  0.8316235 95.5873 
  0.8038571 93.6992 
  0.7037614 91.84841 
  0.1694314 89.58624 
  0.9385212 88.25578 
  0.9486513 86.94508 
  0.4646028 85.65383 
  0.06876326 84.38177 
  0.4684442 85.65383 
  0.5770854 85.65383 
  0.8938123 86.0821 
  0.7961751 85.2277 
  0.5055837 85.65383 
  0.7594638 86.51251 
  0.6565588 86.94508 
  0.5456009 87.3798 
  0.4353747 87.8167 
  0.3026401 88.25578 
  0.08850071 88.69706 
  0.1363134 89.14054 
  0.1071005 89.58624 
  0.007209893 90.03418 
  0.01480832 90.48434 
  0.05240975 90.93677 
  0.1576633 91.39146 
  -0.0009661745 91.84841 
  -0.04467328 92.30766 
  0.102299 92.7692 
  -0.06034783 93.23304 
  0.04748005 93.6992 
  0.1227271 94.1677 
  -0.003101552 94.63854 
  0.2579196 95.11173 
  0.5928493 96.54556 
  0.9539583 97.51342 
  0.9261122 96.54556 
  0.7807792 95.11173 
  0.5652155 94.63854 
  0.4342108 96.06523 
  0.3761206 98.491 
  0.3908319 101.9903 
  0.6787869 105.0885 
  0.8243774 105.0885 
  0.8577994 105.614 
  0.9344727 105.614 
  0.9577 105.614 
  0.9383227 105.0885 
  0.9532959 104.0455 
  0.9321986 103.5278 
  0.9463218 101.9903 
  0.9659492 101.4829 
  0.9215086 100.4756 
  0.904353 98.98344 
  0.8165059 97.51342 
  0.7186734 96.54556 
  0.09573877 95.5873 
  0.2714135 95.5873 
  0.1859021 95.11173 
  0.0393017 94.63854 
  0.7934461 94.1677 
  0.0913593 93.6992 
  0.1070205 93.23304 
  0.1098729 92.7692 
  0.6727064 91.84841 
  0.8102064 91.39146 
  0.9709668 91.39146 
  0.9815651 90.93677 
  0.9164809 90.03418 
  0.7868387 89.14054 
  0.3322399 89.14054 
  0.04729038 90.48434 
  0.1738682 91.84841 
  0.03477258 93.23304 
  -0.1297609 94.63854 
  -0.1385436 96.06523 
  0.1240018 97.51342 
  0.5367602 99.47836 
  0.2127185 101.4829 
  0.1618636 103.5278 
  0.006421987 105.614 
  0.08786145 107.7421 
  0.1515901 109.9132 
  0.1658333 111.5702 
  0.7348486 111.5702 
  0.7705678 111.0151 
  0.8661885 111.0151 
  0.9290977 111.5702 
  0.951515 112.128 
  0.9765217 112.6886 
  0.9789909 113.8184 
  0.9682612 114.3874 
  0.9557904 114.9594 
  0.9469072 116.1118 
  0.9506984 116.6924 
  0.8784791 116.6924 
  0.7474064 114.3874 
  0.318086 113.2521 
  0.2816754 113.8184 
  0.203527 114.3874 
  0.06461212 114.9594 
  -0.01200709 115.5342 
  0.199907 116.1118 
  0.3037844 116.1118 
  -0.02980685 116.1118 
  0.02763337 116.1118 
  0.2711275 116.1118 
  -0.2654173 116.1118 
  0.5422204 114.9594 
  0.7696255 114.3874 
  0.9593663 113.8184 
  0.950022 112.128 
  0.9612789 110.4628 
  0.9488702 108.8223 
  0.9321148 106.6728 
  0.9205066 104.5657 
  0.9043021 103.0128 
  0.8804911 101.9903 
  0.8968007 102.5003 
  0.7531506 103.0128 
  0.508746 103.5278 
  0.4651917 104.0455 
  0.4963767 104.5657 
  0.5769359 104.5657 
  0.6868424 105.0885 
  0.6771069 106.142 
  0.6554461 106.6728 
  0.7888733 105.614 
  0.893561 106.142 
  0.953252 106.6728 
  0.9177372 105.614 
  0.9395591 104.5657 
  0.9445361 103.5278 
  0.8752523 101.4829 
  0.8416448 99.47836 
  0.8380699 97.51342 
  0.8143056 95.5873 
  0.7672585 94.1677 
  0.6382468 91.84841 
  -0.170868 92.7692 
  0.3643383 94.1677 
  0.1678662 95.5873 
  0.1199388 97.02828 
  0.003293043 98.491 
  0.02658231 99.97575 
  -0.1616663 101.4829 
  -0.1468729 103.0128 
  0.07711007 104.5657 
  0.1640541 106.142 
  -0.1500217 107.7421 
  0.5033882 109.3664 
  0.2253664 111.0151 
  0.2595401 113.2521 
  0.2645405 114.3874 
  0.1518422 115.5342 
  -0.05441803 119.0438 
  0.2611529 122.6601 
  0.6968636 135.5266 
  0.8734348 136.8852 
  0.9654702 137.5696 
  0.960015 138.2575 
  0.931383 139.6435 
  0.8907024 138.9488 
  0.8512455 136.8852 
  0.4339764 134.1814 
  0.1454061 131.531 
  0.2720526 128.9329 
  0.08611287 126.3862 
  0.1341954 123.8897 
  0.06422657 121.4426 
  -0.054734 118.4515 
  0.03974099 116.1118 
  0.02157843 113.8184 
  0.3853853 111.5702 
  0.6625177 110.4628 
  0.933923 109.9132 
  0.9142422 108.2809 
  0.9639132 106.6728 
  0.6790253 106.142 
  0.7925537 105.0885 
  0.855637 104.5657 
  0.9752125 104.0455 
  0.9804211 103.5278 
  0.986254 103.0128 
  0.9837208 102.5003 
  0.9716748 101.9903 
  0.9589851 101.4829 
  0.9505395 100.978 
  0.9397572 101.4829 
  0.9339709 101.4829 
  0.90179 101.4829 
  0.8495606 100.978 
  0.8320918 99.97575 
  0.7491046 98.00098 
  0.7629476 96.54556 
  0.7320161 95.11173 
  0.806212 93.6992 
  0.8197467 93.6992 
  0.7760058 93.6992 
  0.815228 94.63854 
  0.7518581 96.54556 
  0.7977143 97.51342 
  0.8264751 98.98344 
  0.8253417 100.4756 
  0.8784265 102.5003 
  0.8913099 104.0455 
  0.9528128 104.5657 
  0.9675013 104.5657 
  0.930842 104.0455 
  0.8716915 102.5003 
  0.8418958 100.978 
  0.8366448 98.98344 
  0.6000457 96.54556 
  0.6730208 93.6992 
  0.7959558 91.84841 
  0.7671023 90.48434 
  0.8361575 89.14054 
  0.6672112 87.8167 
  0.8787116 86.51251 
  0.744636 85.2277 
  0.8378145 83.96195 
  0.8144541 83.12859 
  0.8267449 82.3035 
  0.9020547 81.08118 
  0.8869578 80.27641 
  0.7812271 79.08421 
  0.8148093 78.29926 
  0.5507758 79.47963 
  0.5370361 81.4866 
  0.7408928 83.54424 
  0.2486708 84.80367 
  0.02098243 86.0821 
  0.4939914 85.2277 
  0.3036031 85.2277 
  0.172142 85.2277 
  -0.2032598 84.80367 
  -0.03157496 84.38177 
  0.1680938 83.96195 
  -0.1211783 83.96195 
  -0.03460674 83.96195 
  -0.07709955 83.96195 
  0.1356101 83.54424 
  0.1376911 83.12859 
  0.1655787 83.12859 
  0.02949177 83.12859 
  0.31367 83.12859 
  0.6487094 85.65383 
  0.7109042 86.51251 
  0.7933891 86.94508 
  0.8559244 87.3798 
  0.8207874 87.3798 
  0.8738191 88.25578 
  0.7757328 87.8167 
  0.8591753 86.0821 
  0.6307915 85.65383 
  0.3577709 85.2277 
  0.1595749 84.38177 
  0.1464282 84.38177 
  0.2542611 84.80367 
  0.1403061 85.2277 
  0.1803187 85.65383 
  0.2357185 86.0821 
  0.3166538 86.51251 
  0.1725029 86.94508 
  -0.3667521 87.3798 
  -0.3069102 87.8167 
  0.05529081 88.25578 
  0.07944169 88.69706 
  0.03530962 89.14054 
  0.01735097 90.03418 
  0.2369537 90.93677 
  0.5291584 92.7692 
  0.3516147 94.1677 
  -0.02963682 99.47836 
  0.1255659 101.4829 
  0.2214372 103.5278 
  -0.4577406 105.0885 
  0.03727288 107.2061 
  0.2330317 109.3664 
  0.4681854 111.5702 
  0.1287513 113.2521 
  0.02342057 114.9594 
  0.3816221 116.6924 
  -0.09062137 118.4515 
  0.05494306 120.2372 
  0.1093558 122.0498 
  0.1229728 123.8897 
  0.7479824 125.7574 
  0.5017276 110.4628 
  0.7790235 110.4628 
  0.9806479 109.9132 
  0.9593545 108.8223 
  0.9194775 107.7421 
  0.8758277 105.614 
  0.7894872 104.0455 
  -0.1289882 104.0455 
  0.3634238 104.5657 
  0.5542978 105.0885 
  -0.01655976 105.614 
  -0.01832579 106.142 
  -0.01986614 106.6728 
  0.0151381 107.2061 
  -0.09417041 107.7421 
  -0.1046167 108.2809 
  0.1022138 108.8223 
  0.1130991 109.3664 
  0.1415885 109.9132 
  0.08755811 109.9132 
  0.08589458 109.9132 
  -0.06773366 109.9132 
  0.01224062 109.9132 
  0.1426517 109.9132 
  0.02835292 109.9132 
  -0.04503516 109.9132 
  -0.2145658 110.4628 
  0.1957224 111.0151 
  0.03307695 111.0151 
  0.09433442 111.0151 
  0.04378752 111.0151 
  0.06636119 111.0151 
  0.131412 111.0151 
  0.0960422 110.4628 
  0.6712376 110.4628 
  0.914615 109.9132 
  0.9016576 108.8223 
  0.9076151 107.7421 
  0.8690655 105.614 
  0.8509389 104.0455 
  0.8895589 101.9903 
  0.9744545 100.4756 
  0.964637 99.97575 
  0.9389949 100.4756 
  0.8058251 100.4756 
  0.7607524 99.97575 
  0.7168456 98.98344 
  0.9776071 99.47836 
  0.9829656 99.47836 
  0.984978 98.98344 
  0.9700434 98.00098 
  0.8732773 96.54556 
  0.5197027 94.1677 
  0.5346679 91.84841 
  0.8455843 90.48434 
  0.6165318 92.7692 
  0.847384 95.5873 
  0.9741356 96.06523 
  0.9648505 95.5873 
  0.9578738 94.63854 
  0.9425497 93.23304 
  0.8929287 91.84841 
  0.9101467 90.93677 
  0.9688241 90.48434 
  0.9796382 90.03418 
  0.9342602 89.58624 
  0.8037717 88.69706 
  0.8042706 87.3798 
  0.7603382 85.65383 
  0.7963814 84.38177 
  0.8507131 83.96195 
  0.7723621 83.54424 
  0.9154691 83.12859 
  0.9495377 83.12859 
  0.9209592 83.12859 
  0.9142426 83.12859 
  0.9349282 83.12859 
  0.9419109 83.12859 
  0.8705857 83.12859 
  0.6097587 82.71502 
  0.2877838 82.3035 
  -0.1103126 81.89403 
  0.1238022 81.4866 
  0.3485509 81.08118 
  0.2025565 81.08118 
  0.1265541 81.08118 
  0.06576122 81.08118 
  -0.2032706 81.08118 
  -0.2618868 81.08118 
  -0.3643635 81.08118 
  0.03025739 81.08118 
  0.04207845 81.08118 
  0.367038 81.08118 
  0.3174124 81.08118 
  0.08818744 81.08118 
  -0.242553 81.08118 
  -0.07354757 81.08118 
  -0.236075 81.08118 
  -0.2476916 81.08118 
  -0.0412841 81.08118 
  -0.06767491 81.08118 
  -0.1111794 81.08118 
  0.003163366 81.08118 
  -0.1797633 81.08118 
  -0.255186 81.08118 
  -0.2666157 81.08118 
  -0.04867932 81.08118 
  -0.02334118 81.08118 
  -0.05752806 81.08118 
  0.2221118 81.08118 
  0.123248 81.08118 
  -0.1243813 81.08118 
  -0.1164293 81.08118 
  -0.1548817 81.08118 
  -0.1303834 81.08118 
  -0.2024841 81.08118 ]
