 [
  0.2030908 113.8184 
  0.2775358 113.8184 
  0.09879944 113.8184 
  -0.09501255 113.8184 
  0.1262344 113.8184 
  0.03918446 113.8184 
  -0.2432445 113.8184 
  -0.2460678 113.8184 
  -0.1219052 113.8184 
  -0.07056037 113.8184 
  -0.009124408 113.8184 
  0.3841189 113.8184 
  0.1544546 113.8184 
  0.07328506 114.3874 
  0.1505337 115.5342 
  0.583757 116.1118 
  0.8537432 116.1118 
  0.9162399 115.5342 
  0.8733745 114.9594 
  0.6412045 113.8184 
  0.7363448 113.2521 
  0.8237647 113.8184 
  0.9022333 114.9594 
  0.860707 115.5342 
  0.8492589 116.1118 
  0.8881078 117.2759 
  0.9017376 118.4515 
  0.8021829 117.8622 
  0.7881498 116.1118 
  0.6874232 116.6924 
  0.8033887 119.639 
  0.9942583 122.6601 
  0.9877608 125.1317 
  0.9477283 128.2915 
  0.5116134 134.1814 
  0.5061014 146.7849 
  0.2967366 141.7487 
  0.5042706 138.9488 
  0.7351109 134.1814 
  0.5310223 136.2042 
  0.309189 133.5138 
  0.802084 132.8496 
  0.9153461 132.1886 
  0.98741 131.531 
  0.967899 130.2255 
  0.9420036 127.6532 
  0.9666386 124.5092 
  0.9666026 122.0498 
  0.9667171 119.639 
  0.9688807 117.2759 
  0.9872829 115.5342 
  0.9873974 114.3874 
  0.9803892 113.8184 
  0.9681261 113.2521 
  0.9594062 113.2521 
  0.9000533 113.2521 
  0.8310462 111.5702 
  0.9016899 109.3664 
  0.9393455 109.3664 
  0.9580591 109.3664 
  0.931822 108.8223 
  0.9412506 107.7421 
  0.9468727 107.2061 
  0.9224414 107.2061 
  0.9074587 106.6728 
  0.8797745 106.6728 
  0.8968052 106.6728 
  0.9432361 106.6728 
  0.9509493 106.142 
  0.9239762 106.6728 
  0.8629833 108.8223 
  0.9441311 109.9132 
  0.8169452 109.3664 
  0.669933 108.2809 
  0.5128312 100.978 
  -0.01431903 101.4829 
  0.0680209 101.9903 
  0.03455401 102.5003 
  0.239571 103.5278 
  0.1767388 105.0885 
  0.1612813 107.2061 
  0.273988 108.8223 
  0.08143708 111.5702 
  0.01310473 114.3874 
  0.1414627 116.6924 
  0.1391998 117.8622 
  0.00920283 118.4515 
  0.1408944 119.0438 
  0.25106 119.639 
  0.3666759 120.2372 
  0.2544769 121.4426 
  0.1906267 122.0498 
  0.05557334 123.2734 
  0.005153336 124.5092 
  0.1813444 125.7574 
  0.1794703 127.0181 
  -0.1150458 127.6532 
  0.6565775 128.2915 
  0.3036689 117.2759 
  0.4810413 111.5702 
  0.7992942 109.9132 
  0.8824775 107.7421 
  0.9135172 106.142 
  0.9031631 105.614 
  0.8977612 104.5657 
  0.8771299 103.5278 
  0.7962005 103.0128 
  0.726014 102.5003 
  0.7689368 101.4829 
  0.837887 100.4756 
  0.6873127 100.4756 
  0.4622956 101.9903 
  0.6632491 101.9903 
  0.9228989 101.9903 
  0.9421182 101.4829 
  0.9006974 101.4829 
  0.8001545 101.9903 
  0.709565 103.0128 
  0.4844362 104.0455 
  0.3273537 105.0885 
  0.3007157 106.142 
  0.2752737 107.7421 
  0.3848562 109.3664 
  0.3854063 111.0151 
  0.1911819 112.6886 
  0.1341961 114.3874 
  -0.3795154 116.1118 
  0.007506164 117.8622 
  0.173494 119.639 
  0.1849658 120.8384 
  0.1665827 122.0498 
  -0.1996422 125.7574 
  -0.06332459 129.5776 
  0.05347494 132.1886 
  0.6561671 133.5138 
  0.3609617 114.3874 
  0.7174146 113.8184 
  0.8806198 114.3874 
  0.8763001 113.8184 
  0.8723015 113.2521 
  0.8391107 111.5702 
  0.8069525 112.128 
  0.8189347 111.0151 
  0.793042 111.0151 
  0.8908387 109.3664 
  0.7516395 109.9132 
  0.7802703 108.8223 
  0.8364365 108.2809 
  0.88214 106.6728 
  0.8588367 106.142 
  0.7979243 105.614 
  0.7820113 105.614 
  0.7854206 105.614 
  0.795642 105.614 
  0.7761994 104.5657 
  0.7000527 103.5278 
  0.4715785 101.9903 
  0.4336351 99.47836 
  0.4026014 98.00098 
  0.5310991 97.51342 
  0.5521898 97.02828 
  0.5312048 97.02828 
  0.5281203 97.02828 
  0.4420333 96.54556 
  0.5136317 96.54556 
  0.6096777 95.5873 
  0.5934198 96.06523 
  0.3747503 96.06523 
  0.2684121 96.06523 
  0.3477461 95.5873 
  0.522911 95.5873 
  0.6472399 95.5873 
  0.5637586 95.11173 
  0.61025 94.63854 
  0.5660715 94.1677 
  0.3845532 94.1677 
  0.3377226 94.1677 
  0.3270064 94.1677 
  0.1412065 94.1677 
  -0.06552058 94.1677 
  -0.1006127 94.1677 
  -0.09277443 94.1677 
  0.07918829 94.1677 
  0.1041387 94.1677 
  0.1011468 94.1677 
  0.1030653 93.6992 
  0.05122564 93.6992 
  -0.01668049 93.6992 
  -0.1884568 93.6992 
  -0.1239776 93.6992 
  -0.1298007 93.6992 
  -0.1967267 93.6992 
  0.01036477 93.6992 
  0.0225225 93.6992 
  -0.09550778 93.6992 
  -0.06347261 93.6992 
  -0.07629561 93.6992 
  0.04601506 93.6992 
  0.03010748 93.6992 
  -0.1082663 93.6992 
  0.03528986 93.6992 
  0.01695979 93.6992 
  0.1134227 93.6992 
  0.128334 93.6992 
  -0.04722551 93.6992 
  0.01546013 93.6992 
  -0.006556785 93.6992 
  -0.06819214 93.6992 
  -0.164891 93.6992 
  -0.06383869 93.6992 
  -0.01405385 93.6992 
  0.1433152 93.6992 
  0.02574385 93.6992 
  0.03293052 93.6992 
  0.1175418 93.6992 
  0.221144 93.6992 
  0.3034944 93.6992 ]
