 [
  -0.01825553 162.9929 
  0.01527221 162.9929 
  0.03520014 162.9929 
  -0.0171382 162.9929 
  -0.03837521 162.9929 
  -0.4238902 162.9929 
  0.1749792 162.9929 
  0.4703645 162.9929 
  0.2451627 162.9929 
  0.2593786 162.9929 
  0.06859286 162.9929 
  0.3951995 162.9929 
  0.6867918 162.9929 
  0.7973537 158.1876 
  0.9060506 158.9785 
  0.900266 161.3751 
  0.9242688 167.1087 
  0.9389642 173.046 
  0.9300921 180.0902 
  0.9766056 184.6377 
  0.9820417 185.5609 
  0.9636371 185.5609 
  0.8052518 185.5609 
  0.7346979 186.4887 
  0.263553 187.4211 
  0.009321701 188.3582 
  -0.005505791 189.3 
  0.1330434 189.3 
  0.4503686 189.3 
  0.4490854 190.2465 
  0.2144669 191.1978 
  0.8588066 192.1537 
  0.8599234 190.2465 
  0.7825281 180.9906 
  0.8204682 176.533 
  0.9742532 172.185 
  0.9874431 169.6279 
  0.9951556 168.784 
  0.9827111 167.1087 
  0.9058671 164.6269 
  0.88178 161.3751 
  0.7454658 158.1876 
  0.1988124 160.5723 
  -0.04804856 162.9929 
  -0.03542149 165.4501 
  -0.1722516 167.1087 
  0.07083654 168.784 
  0.005116059 170.476 
  -0.02743525 172.185 
  0.03138823 173.046 
  -0.30529 173.046 
  0.4021563 173.9112 
  0.6328329 169.6279 
  0.8063605 166.2773 
  0.8693749 158.9785 
  0.9026781 154.2915 
  0.9053237 149.7427 
  0.9124501 146.0546 
  0.8900639 143.8855 
  0.9908836 143.1697 
  0.996457 142.4574 
  0.9845539 141.7487 
  0.9548116 141.7487 
  0.9784119 141.7487 
  0.9879493 141.0434 
  0.9960766 141.0434 
  0.9954253 141.0434 
  0.9918228 141.0434 
  0.7232431 144.605 
  0.8362519 150.4914 
  0.9294739 151.2439 
  0.954466 151.2439 
  0.9559593 154.2915 
  0.9752754 157.4006 
  0.977039 159.7734 
  0.9484997 164.6269 
  0.9571766 170.476 
  0.9877927 173.9112 
  0.964074 176.533 
  0.895155 176.533 
  0.7240979 168.784 
  0.9749203 162.9929 
  0.9781045 162.9929 
  0.9822201 162.9929 
  0.9650978 160.5723 
  0.9284521 157.4006 
  0.9100252 152.0001 
  0.9018121 148.2564 
  0.9035306 143.1697 
  0.9478421 138.9488 
  0.9368786 136.2042 
  0.8294071 134.1814 
  0.4091155 132.1886 
  0.1625692 132.1886 
  0.1606618 132.1886 
  -0.1208201 132.1886 
  0.0139953 132.8496 
  0.191805 133.5138 
  0.2188113 134.1814 
  -0.002769364 135.5266 
  0.07054003 136.8852 
  0.02348311 138.2575 
  0.1216825 140.3417 
  -0.06611672 142.4574 
  -0.2946838 144.605 
  0.6759124 146.7849 
  0.5169497 139.6435 
  0.6674022 134.1814 
  0.9481574 129.5776 
  0.9614581 127.0181 
  0.9847623 126.3862 
  0.9917039 126.3862 
  0.9918159 126.3862 
  0.9857337 125.7574 
  0.9870549 125.7574 
  0.983959 125.7574 
  0.9040719 125.1317 
  0.767117 123.8897 
  0.4068017 123.8897 
  -0.1229564 123.8897 
  0.03784464 123.8897 
  0.02824582 123.8897 
  -0.0143259 123.8897 
  -0.01345528 123.8897 
  -0.01683968 123.8897 
  0.2975376 123.8897 
  0.3542588 123.8897 
  -0.1151964 123.8897 
  -0.08787073 123.8897 
  -0.1929746 123.8897 
  -0.1266622 123.8897 
  0.1098403 123.8897 
  0.379969 123.8897 
  0.00231079 123.8897 ]
