 [
  -0.0810434 214.4382 
  -0.00398306 214.4382 
  0.3354647 214.4382 
  0.1926209 214.4382 
  -0.001026745 214.4382 
  -0.08224694 214.4382 
  0.05068809 214.4382 
  0.09299502 214.4382 
  0.2519753 214.4382 
  0.6034807 214.4382 
  0.9425244 214.4382 
  0.8214123 214.4382 
  0.8937287 213.3714 
  0.9293886 210.2025 
  0.8844672 207.0808 
  0.9380579 207.0808 
  0.9788927 207.0808 
  0.9873597 207.0808 
  0.9924774 207.0808 
  0.9931939 207.0808 
  0.9978293 207.0808 
  0.9941169 207.0808 
  0.9943543 208.1162 
  0.9922732 209.1568 
  0.9958649 210.2025 
  0.9961973 211.2535 
  0.9812162 213.3714 
  0.9684101 216.5879 
  0.9722672 218.7592 
  0.969933 222.057 
  0.9750848 224.2832 
  0.965359 228.8026 
  0.9661348 232.2518 
  0.9480361 236.9318 
  0.9694436 242.9146 
  0.9769113 245.3498 
  0.9833013 249.0485 
  0.986913 252.8029 
  0.9763809 255.3373 
  0.948885 257.8971 
  0.86288 260.4825 
  0.7307711 260.4825 
  0.3435341 260.4825 
  0.09625462 260.4825 
  -0.07686558 260.4825 
  0.2134901 260.4825 
  0.06959815 260.4825 
  -0.01460074 259.1866 
  -0.02115063 257.8971 
  0.04897887 256.614 
  0.2132533 256.614 
  -0.006772268 256.614 
  0.5080259 256.614 
  0.8395045 256.614 
  0.8823574 246.5766 
  0.9275545 240.5036 
  0.9811283 238.1164 
  0.989398 234.5801 
  0.9832575 229.9466 
  0.9738168 227.6642 
  0.9557006 224.2832 
  0.9175489 223.1673 
  0.9338804 223.1673 
  0.954733 223.1673 
  0.6942304 223.1673 
  -0.1576788 223.1673 
  0.06875647 223.1673 
  0.08965059 224.2832 
  0.1598616 226.5316 
  0.2201643 227.6642 
  0.8438156 228.8026 
  0.8785601 226.5316 
  0.8373981 225.4046 
  0.8828113 223.1673 
  0.5786097 223.1673 
  0.9565431 223.1673 
  0.8639088 223.1673 
  0.07281092 223.1673 
  0.06344236 224.2832 
  0.07637688 225.4046 
  0.2677755 227.6642 
  0.0779863 229.9466 
  0.1123687 231.0963 
  0.04957045 232.2518 
  0.04769212 233.4131 
  0.4715366 234.5801 
  0.4445904 234.5801 
  0.6848463 227.6642 
  0.9300602 224.2832 
  0.9923974 223.1673 
  0.9905106 224.2832 
  0.9949108 226.5316 
  0.9859506 226.5316 
  0.9624935 227.6642 
  0.9506561 229.9466 
  0.9488056 229.9466 
  0.9508869 228.8026 
  0.9048496 229.9466 
  0.5760557 233.4131 
  0.9328768 236.9318 
  0.75874 240.5036 
  0.3543819 244.1292 
  0.4318175 247.8095 
  0.3836762 249.0485 
  0.4714926 249.0485 
  0.6236792 245.3498 
  0.8061093 241.7061 
  0.8422477 236.9318 
  0.9462948 235.753 
  0.8869101 236.9318 
  0.7461017 239.307 
  0.4900018 244.1292 
  0.1342169 261.7849 
  0.3492818 276.5485 
  0.4330035 263.0938 
  0.07830907 244.1292 
  -0.1270672 226.5316 
  -0.1625384 210.2025 
  0.05649957 194.0801 
  -0.10887 179.1942 
  -0.4750399 165.4501 
  -0.2679652 152.7601 
  -0.0330146 141.0434 
  0.4492022 130.8766 
  0.7596006 122.6601 
  0.797893 122.0498 
  0.8941092 121.4426 
  0.9804174 120.8384 
  0.9705764 120.2372 
  0.984979 119.639 
  0.990524 120.2372 
  0.9842044 119.639 
  0.9807975 118.4515 
  0.9808068 117.8622 
  0.9815841 116.1118 
  0.9784431 115.5342 
  0.9829249 114.3874 
  0.9825562 113.2521 
  0.9685761 111.5702 
  0.9627529 109.9132 
  0.9682998 108.2809 
  0.9600127 107.2061 
  0.9448053 106.6728 
  0.9432056 106.142 
  0.8848658 106.142 
  0.729312 106.142 
  0.341366 105.614 
  0.3023238 105.0885 
  0.540825 104.5657 
  0.5063308 104.0455 
  0.5590588 103.0128 
  0.7415608 102.5003 
  0.9337444 101.9903 
  0.9656711 101.9903 
  0.8999832 100.4756 
  0.9546902 98.491 
  0.8917377 97.02828 
  0.8376534 96.54556 
  0.8088229 97.02828 
  0.5905315 97.02828 
  0.1930146 97.02828 
  0.03850278 97.02828 
  0.03069728 97.02828 
  0.122332 97.02828 
  0.1329215 97.02828 
  -0.03995717 97.02828 
  0.1244201 97.02828 
  -0.1122733 97.02828 
  -0.2029376 97.02828 
  -0.00485239 97.02828 
  -0.1036403 97.02828 
  0.09556293 97.02828 
  -0.06438941 97.02828 
  -0.04677922 97.02828 
  0.01141163 97.02828 
  -0.1162702 97.02828 
  0.07059349 97.02828 
  0.05183274 97.02828 
  -0.1967227 97.02828 
  0.001012202 97.02828 
  -0.03938501 97.02828 
  -0.09727165 97.02828 
  0.1433765 97.02828 
  0.01166204 97.02828 ]
