 [
  0.03098312 373.0226 
  -0.06704511 373.0226 
  -0.03774186 373.0226 
  -0.1309465 373.0226 
  -0.01758863 373.0226 
  0.3091997 373.0226 
  0.06111987 373.0226 
  -0.03183882 373.0226 
  -0.1100984 373.0226 
  -0.02266866 373.0226 
  0.1475562 373.0226 
  0.01979303 373.0226 
  -0.05159451 373.0226 
  -0.1315592 373.0226 
  0.4112885 373.0226 
  0.2501549 373.0226 
  0.3813441 373.0226 
  0.2514762 373.0226 
  0.1679721 373.0226 
  0.2874565 373.0226 
  0.8532825 373.0226 
  0.9376453 373.0226 
  0.9738919 374.8877 
  0.9798378 380.5392 
  0.9799268 386.2758 
  0.987738 390.1483 
  0.9905521 390.1483 
  0.987676 386.2758 
  0.9905719 382.4419 
  0.982613 386.2758 
  0.9801289 396.0298 
  0.973744 400 
  0.9173078 400 
  0.8941111 400 
  0.8938476 400 
  0.9351656 400 
  0.9683997 400 
  0.9737022 398.0099 
  0.9753119 392.099 
  0.9899503 388.2072 
  0.9881514 386.2758 
  0.9887333 382.4419 
  0.9917859 380.5392 
  0.9926699 378.6459 
  0.9901518 376.7621 
  0.9894582 376.7621 
  0.9810522 378.6459 
  0.9796605 380.5392 
  0.9775357 382.4419 
  0.9571009 374.8877 
  0.919578 363.8352 
  0.8554447 342.6983 
  0.7979263 327.6555 
  0.8256325 316.4135 
  0.5341762 307.085 
  0.2147798 298.0316 
  0.2224737 289.245 
  0.2163498 280.7175 
  0.591023 272.4414 
  0.8255239 264.4093 
  0.8783191 256.614 
  0.9604836 250.2938 
  0.9857804 245.3498 
  0.9943824 242.9146 
  0.9943703 241.7061 
  0.9830341 238.1164 
  0.9741774 233.4131 
  0.9770688 228.8026 
  0.9646749 226.5316 
  0.9327656 226.5316 
  0.8338572 229.9466 
  0.6381964 232.2518 
  -0.4501848 234.5801 
  -0.05881689 236.9318 
  -0.01930353 240.5036 
  0.05225708 244.1292 
  -0.01072617 247.8095 
  -0.3031556 251.5452 
  -0.1716498 254.067 
  -0.1617617 256.614 
  0.628928 259.1866 
  0.9079509 263.0938 
  0.8901293 260.4825 
  0.9109006 255.3373 
  0.9221272 249.0485 
  0.9284625 241.7061 
  0.9640815 235.753 
  0.9738936 232.2518 
  0.9850553 228.8026 
  0.9913814 226.5316 
  0.9979535 225.4046 
  0.994709 224.2832 
  0.9931694 222.057 
  0.9844137 220.9523 
  0.9403509 218.7592 
  0.9018273 216.5879 
  0.9809538 216.5879 
  0.9967659 215.5104 
  0.9276851 214.4382 
  0.9039753 212.3098 
  0.9207574 209.1568 
  0.9854897 207.0808 
  0.976266 205.0254 
  0.9485064 202.9904 
  0.9232925 200.9756 
  0.9835389 199.9758 
  0.9965382 198.9809 
  0.9952453 197.9909 
  0.9903124 197.0059 
  0.8204429 196.0257 
  0.8473414 192.1537 
  0.9138238 191.1978 
  0.9851148 189.3 
  0.9760202 188.3582 
  0.9637136 185.5609 
  0.9757138 183.7191 
  0.9665669 181.8956 
  0.9641324 180.0902 
  0.9882116 178.3027 
  0.9836876 178.3027 
  0.9866335 179.1942 
  0.9901739 180.0902 
  0.9343134 181.8956 
  0.8881565 185.5609 
  0.905145 188.3582 
  0.8867124 192.1537 
  0.9172127 196.0257 
  0.9233912 198.9809 
  0.6742973 201.9805 
  0.5134671 204.0054 
  0.1705631 206.0505 
  -0.1502114 208.1162 
  -0.006877994 211.2535 
  -0.01243305 214.4382 
  0.06411086 217.6709 
  -0.009336177 220.9523 
  0.08554757 224.2832 
  0.1842122 227.6642 
  0.02796156 229.9466 
  0.02594928 232.2518 
  -0.1723808 234.5801 
  -0.1317682 236.9318 
  -0.1404017 239.307 
  0.09578857 241.7061 
  -7.968978e-05 244.1292 
  0.06703747 246.5766 
  0.1973909 249.0485 
  0.1801132 251.5452 
  0.0331811 254.067 
  0.105055 256.614 
  0.0483912 259.1866 
  0.2154275 261.7849 
  0.3864638 264.4093 
  0.067296 267.06 
  -0.09527417 269.7372 
  0.08483317 272.4414 
  0.2569726 275.1726 
  0.125791 277.9312 
  0.02997567 280.7175 
  0.1444182 283.5317 
  0.1238417 286.3741 
  0.2787313 289.245 
  0.1215302 292.1447 
  0.1522534 295.0734 
  0.7049099 298.0316 
  0.4777207 301.0193 
  0.7662956 304.037 
  0.589862 307.085 
  0.7864465 310.1635 
  0.952183 313.2729 
  0.8502861 317.9955 
  0.5238824 327.6555 
  0.819236 326.0254 
  0.9022055 326.0254 
  0.9576517 330.9402 
  0.9668047 339.2969 
  0.9515129 346.1339 
  0.9443216 354.8742 
  0.927314 365.6544 
  0.9359715 378.6459 
  0.9343467 392.099 
  0.9327807 400 
  0.8430317 400 
  0.7316928 400 
  0.7605304 400 
  0.8140856 400 
  0.8600553 400 
  0.889658 390.1483 
  -0.2453189 380.5392 
  0.02561933 371.1667 
  0.07480907 362.0251 
  -0.06991387 353.1087 
  -0.07333624 344.4118 
  -0.02107308 335.9292 
  0.04940503 327.6555 
  0.1163845 319.5855 
  0.04940409 311.7143 
  -0.07962568 304.037 
  0.7575258 296.5488 
  0.8521128 284.9493 
  0.9149836 275.1726 
  0.9482223 264.4093 
  0.9181596 255.3373 
  0.9160323 245.3498 
  0.9669234 236.9318 
  0.9954244 232.2518 
  0.9879847 229.9466 
  0.9605175 224.2832 
  0.9509727 217.6709 
  0.9538522 211.2535 
  0.9623791 207.0808 
  0.9899338 205.0254 
  0.994593 204.0054 
  0.9925466 202.9904 
  0.9896183 200.9756 
  0.9950039 198.9809 
  0.9996721 197.9909 
  0.9988759 197.9909 
  0.9893109 198.9809 
  0.9329084 199.9758 
  0.8019059 201.9805 
  0.3438272 204.0054 
  -0.08087406 207.0808 
  -0.6942484 210.2025 
  0.02061477 213.3714 
  0.0164233 216.5879 
  -0.023927 219.853 
  -0.07573485 223.1673 
  0.0875079 226.5316 
  0.5466639 229.9466 
  0.1576726 232.2518 
  -0.02352863 235.753 
  0.4260561 239.307 
  0.8775497 241.7061 
  0.9133605 235.753 
  0.9302718 231.0963 
  0.9543632 227.6642 
  0.974786 224.2832 
  0.9620112 220.9523 
  0.9364262 215.5104 
  0.9433379 212.3098 
  0.9411823 208.1162 
  0.9137257 202.9904 
  0.8814017 198.9809 
  0.8684899 193.1145 
  0.8552727 188.3582 
  0.744157 181.8956 
  0.7499635 176.533 
  0.7892131 172.185 
  0.8120239 167.1087 
  0.8696563 162.182 
  0.8717564 159.7734 
  0.7899133 159.7734 
  0.5534812 164.6269 
  0.4641008 168.784 
  0.7443694 172.185 
  0.832282 172.185 
  0.7001027 172.185 
  0.1317887 172.185 
  0.3296456 172.185 
  0.1984911 172.185 
  0.2338307 172.185 
  -0.1244993 172.185 
  -0.2317624 172.185 
  0.2496658 172.185 
  0.1448983 172.185 
  0.02249344 172.185 
  0.02389397 172.185 
  -0.4281787 172.185 
  0.1422781 172.185 
  0.1400265 172.185 
  0.1945064 172.185 
  0.2358599 172.185 
  0.2052295 172.185 
  0.05933483 172.185 
  0.1181648 172.185 
  -0.02368382 172.185 
  -0.2490298 172.185 
  -0.2128145 172.185 
  0.01287718 172.185 
  -0.1702309 172.185 
  -0.5065857 172.185 
  0.08104435 172.185 
  -0.02452086 172.185 
  -0.1298213 172.185 
  0.08986238 172.185 
  -0.1544932 172.185 
  -0.2702288 172.185 
  -0.2066475 172.185 
  -0.3766203 172.185 
  -0.3185324 172.185 
  0.0651905 172.185 
  0.1149706 172.185 ]
