 [
  0.2617706 123.8897 
  0.2778755 123.8897 
  0.201395 123.8897 
  0.2828086 123.8897 
  0.1042111 123.8897 
  0.2966504 123.8897 
  0.2074518 123.8897 
  0.0815743 123.8897 
  -0.06558533 123.8897 
  0.04832201 123.8897 
  -0.08111902 123.8897 
  0.06741839 123.8897 
  0.01592672 123.8897 
  0.005807357 123.8897 
  -0.04069502 123.8897 
  -0.02428198 123.8897 
  0.1414721 123.8897 
  0.685724 123.8897 
  0.407476 115.5342 
  0.6509033 114.9594 
  0.9584116 114.9594 
  0.9735788 114.9594 
  0.9825179 115.5342 
  0.9343063 115.5342 
  0.8646976 114.3874 
  0.7579112 112.6886 
  0.5729942 109.3664 
  -0.1675522 111.5702 
  0.009604896 113.2521 
  0.01640582 114.9594 
  -0.1047563 117.2759 
  0.1867065 119.639 
  -0.1321363 122.0498 
  0.6212783 123.8897 
  0.8471951 123.8897 
  0.97812 123.2734 
  0.9858664 122.0498 
  0.9740151 120.8384 
  0.9533069 119.0438 
  0.9648522 116.1118 
  0.9357322 112.6886 
  0.8402743 109.3664 
  0.6992009 106.6728 
  0.3191992 105.614 
  0.1256569 105.0885 
  0.03137375 104.5657 
  0.1649614 104.5657 
  0.3274122 105.0885 
  0.2158731 105.614 
  0.2875445 105.614 
  0.3767854 105.614 
  0.5618576 105.0885 
  0.2196676 105.0885 
  -0.2003449 105.614 
  0.003344754 106.142 
  0.271867 106.6728 
  -0.06349609 107.2061 
  0.1025081 107.2061 
  0.09163645 107.7421 
  0.09725395 108.2809 
  0.6084045 106.6728 
  0.3255677 97.51342 
  0.5531123 98.491 
  0.9257894 98.98344 
  0.9689897 98.98344 
  0.9636497 98.491 
  0.9769937 98.491 
  0.9311135 98.491 
  0.9373233 99.47836 
  0.9771724 99.97575 
  0.9041291 99.47836 
  0.7285014 98.98344 
  0.7531521 94.63854 
  -0.02867746 95.5873 
  0.1525275 96.54556 
  -0.006765253 98.00098 
  -0.0757622 99.47836 
  0.1568464 100.978 
  0.1795594 101.9903 
  0.178077 103.5278 
  0.008195318 104.5657 
  0.01802444 106.142 
  0.04533026 107.7421 
  0.6784084 108.8223 
  0.4117809 108.8223 
  0.8147191 95.11173 
  0.6563323 96.06523 
  0.9159576 97.51342 
  0.9640707 97.02828 
  0.9831309 96.54556 
  0.7218601 97.02828 
  0.6721087 93.6992 
  0.8512121 94.1677 
  0.9462542 94.63854 
  0.9465399 94.63854 
  0.9183716 95.11173 
  0.9250628 95.11173 
  0.8911616 95.11173 
  0.8267512 94.63854 
  0.7685012 93.23304 
  0.7079738 90.93677 
  0.2249452 91.84841 
  0.6233002 93.6992 
  0.83789 96.06523 
  0.8734788 98.00098 
  0.9607375 98.98344 
  0.9508038 99.47836 
  0.9708749 99.97575 
  0.8968162 99.97575 
  0.8469276 99.97575 
  0.7042967 98.00098 
  0.8127852 97.51342 
  0.6384794 96.06523 
  0.8704185 94.1677 
  0.6592279 96.06523 
  0.3352145 95.5873 
  0.3414856 92.7692 
  0.4292203 93.23304 
  0.5066842 92.7692 
  0.7418807 92.30766 
  0.7035691 92.30766 
  0.8256685 91.39146 
  0.7963042 90.48434 
  0.9004703 89.14054 
  0.8185999 88.25578 
  0.7390081 87.3798 
  0.7682737 86.94508 
  0.4260302 87.8167 
  -0.05066997 89.58624 
  0.0417857 92.30766 
  0.3827561 95.11173 
  0.6168246 88.25578 
  0.6287032 90.03418 
  0.6019267 91.84841 
  0.7842287 92.7692 
  0.8704429 93.23304 
  0.9811789 92.30766 
  0.9795179 92.30766 
  0.9453961 92.30766 
  0.8838946 92.30766 
  0.8649986 91.84841 
  0.6104037 90.93677 
  0.5926363 87.3798 
  0.4286565 85.65383 
  0.2276862 86.51251 
  0.7692931 88.25578 
  0.7726458 92.30766 
  0.9020633 94.1677 
  0.8800415 93.23304 
  0.8977865 92.30766 
  0.8093533 91.84841 
  0.5653901 90.48434 
  0.1547776 88.69706 
  0.498152 89.14054 
  0.7229515 90.03418 
  0.859904 90.93677 
  0.7630053 89.14054 
  0.962204 88.25578 
  0.9818169 88.25578 
  0.9386629 87.8167 
  0.7953274 88.69706 
  0.5978533 88.69706 
  0.4134296 89.14054 
  0.3328804 84.38177 
  0.7182372 82.3035 
  0.3128308 87.8167 
  0.5532285 90.03418 
  0.6250517 89.58624 
  0.4239858 91.84841 
  0.5500864 90.03418 
  0.6588706 91.39146 
  0.7290897 90.48434 
  0.7908394 90.93677 
  0.925403 90.48434 
  0.960817 90.48434 
  0.9409823 90.03418 
  0.9609404 89.58624 
  0.834848 89.14054 
  0.8128275 87.8167 
  0.877564 86.94508 
  0.8721095 86.51251 
  0.8522011 86.51251 
  0.8862156 86.51251 
  0.8825213 87.3798 
  0.8182087 87.8167 
  0.9298855 87.8167 
  0.9659557 88.25578 
  0.9399855 88.25578 
  0.7919889 88.25578 
  0.5863085 88.25578 
  0.7016665 88.25578 
  0.5512021 88.25578 
  0.182406 88.25578 
  -0.06174729 88.25578 
  0.008030951 88.25578 
  0.08439757 88.25578 ]
