 [
  0.1676168 142.4574 
  0.001099165 142.4574 
  0.1849562 142.4574 
  -0.2621543 142.4574 
  -0.004968058 142.4574 
  -0.2926831 142.4574 
  -0.06139695 142.4574 
  -0.08555157 142.4574 
  -0.1511393 142.4574 
  -0.3580267 142.4574 
  -0.1553998 142.4574 
  -0.2605541 142.4574 
  -0.2915848 142.4574 
  -0.3849013 142.4574 
  -0.08213283 142.4574 
  -0.0732692 142.4574 
  0.4249885 142.4574 
  0.6885279 142.4574 
  0.5450912 134.1814 
  0.5453984 130.8766 
  0.7458595 127.6532 
  0.9045521 125.7574 
  0.8616989 125.7574 
  0.7164893 128.9329 
  0.8827766 133.5138 
  0.9112467 136.8852 
  0.9506387 138.2575 
  0.95172 138.9488 
  0.9688299 140.3417 
  0.9503453 142.4574 
  0.9527633 143.1697 
  0.957657 145.328 
  0.953799 146.0546 
  0.9471718 146.0546 
  0.9254411 146.7849 
  0.9874221 148.2564 
  0.9928881 148.9977 
  0.9736605 147.5188 
  0.9447786 146.7849 
  0.9359703 142.4574 
  0.8867851 139.6435 
  0.9218949 136.2042 
  0.9347082 132.8496 
  0.8306119 130.2255 
  0.6522268 127.6532 
  0.2916704 127.0181 
  0.2322102 127.0181 
  0.117125 127.6532 
  0.0682504 128.2915 
  0.01234556 128.9329 
  0.08989288 128.9329 
  0.009299257 128.9329 
  0.1297759 128.9329 
  0.03947814 128.9329 
  0.08220162 129.5776 
  0.2171184 130.2255 
  0.198666 130.2255 
  0.6759108 138.2575 
  0.7036451 136.2042 
  0.6971608 133.5138 
  0.7950512 130.8766 
  0.9167253 128.9329 
  0.8781126 127.0181 
  0.8879551 125.1317 
  0.9305423 123.2734 
  0.901845 122.6601 
  0.8495556 120.8384 
  0.6379491 118.4515 
  0.5350696 114.3874 
  0.4987709 113.8184 
  0.3421216 114.3874 
  0.3649085 115.5342 
  0.7140988 116.6924 
  0.8403066 117.8622 
  0.9487832 119.0438 
  0.9598211 120.2372 
  0.9788971 120.2372 
  0.9672732 119.639 
  0.950177 118.4515 
  0.9708076 117.2759 
  0.9740779 117.2759 
  0.8350589 119.0438 
  0.8361286 122.0498 
  0.8882321 123.2734 
  0.950133 123.2734 
  0.9778159 123.8897 
  0.9762173 123.8897 
  0.966876 123.2734 
  0.9826173 123.2734 
  0.9736869 123.2734 
  0.9484556 122.6601 
  0.8612268 121.4426 
  0.8158724 120.2372 
  0.7442712 119.639 
  0.4809949 115.5342 
  0.7528315 115.5342 
  0.9133419 115.5342 
  0.9144897 114.9594 
  0.9182727 114.3874 
  0.9462544 113.8184 
  0.8789247 114.3874 
  0.865464 116.1118 
  0.9016378 118.4515 
  0.9370445 119.0438 
  0.945516 119.0438 
  0.9522601 119.0438 
  0.9556549 118.4515 
  0.9497218 117.2759 
  0.9686912 116.1118 
  0.9560313 115.5342 
  0.9018708 114.9594 
  0.8362221 113.8184 
  0.7516036 112.128 
  0.6264209 112.128 
  0.5760174 112.6886 
  0.5357845 113.2521 
  0.3772812 113.8184 
  0.3666171 114.3874 
  0.8064877 114.9594 
  0.9112251 116.1118 
  0.9263646 117.2759 
  0.8940079 116.6924 
  0.9108539 117.2759 
  0.9293289 117.8622 
  0.8698999 116.6924 
  0.8289635 114.3874 
  0.9122719 112.128 
  0.972361 111.0151 
  0.9826729 110.4628 
  0.9761221 110.4628 
  0.9591174 109.9132 
  0.9659969 109.3664 
  0.9664441 108.8223 
  0.9496233 107.7421 
  0.9076542 107.2061 
  0.8617955 106.6728 
  0.8496075 105.614 
  0.7932343 105.0885 
  0.749279 104.5657 
  0.5615575 104.5657 
  0.4828346 105.0885 
  0.4442203 105.614 
  0.427786 106.142 
  0.6918432 106.6728 
  0.9258868 107.7421 
  0.9053047 108.8223 
  0.9327658 108.8223 
  0.9436818 109.3664 
  0.9593371 109.3664 
  0.9043824 108.2809 
  0.9172917 107.7421 
  0.9072016 107.2061 
  0.9405088 107.2061 
  0.9584922 106.6728 
  0.9568139 106.6728 
  0.9480773 106.6728 
  0.9578904 106.6728 
  0.9700756 107.2061 
  0.8512318 108.2809 
  0.8566267 109.9132 
  0.981043 111.0151 
  0.9692416 111.5702 
  0.7799435 113.8184 
  0.8956801 116.6924 
  0.9060209 118.4515 
  0.9076545 119.639 
  0.9241126 121.4426 
  0.8349842 122.6601 
  0.9070484 125.7574 
  0.9763027 127.6532 
  0.9713556 129.5776 
  0.9502596 130.8766 
  0.8706646 131.531 
  0.7748211 132.1886 
  0.783991 132.1886 
  0.3002677 132.8496 
  0.1259488 133.5138 
  -0.1137315 134.1814 
  -0.03213606 134.8523 
  -0.01155318 135.5266 
  0.1348188 135.5266 
  -0.04535766 136.2042 
  0.01675248 136.2042 
  -0.0673693 136.2042 
  -0.04586403 136.2042 
  -0.06951135 136.2042 
  0.006790154 136.2042 
  -0.0744605 136.2042 
  -0.08775411 136.2042 
  0.01003366 136.8852 
  0.2136905 136.8852 
  0.3204626 136.8852 
  0.2838578 137.5696 
  0.06265175 137.5696 
  -0.04437903 137.5696 
  -0.08955861 137.5696 
  -0.5458232 137.5696 
  -0.5380104 137.5696 
  -0.4648871 137.5696 
  -0.1736607 137.5696 
  -0.06096332 137.5696 
  0.08633998 137.5696 
  -1.772516e-05 137.5696 
  -0.01088112 138.2575 
  0.2874914 138.9488 
  0.3399954 139.6435 
  0.9328724 140.3417 
  0.05320925 141.0434 
  0.216479 141.0434 
  0.7424503 142.4574 
  0.8427154 143.8855 
  0.8829182 146.0546 
  0.9722441 148.2564 
  0.9850295 148.9977 
  0.9811953 148.9977 
  0.9353063 148.2564 
  0.9082526 146.7849 
  0.8885256 143.8855 
  0.9010286 139.6435 
  0.8993394 135.5266 
  0.8577389 131.531 
  0.9031865 128.2915 
  0.9228597 125.7574 
  0.9151461 122.6601 
  0.9760894 120.2372 
  0.9904459 119.639 
  0.9844638 119.0438 
  0.9855212 118.4515 
  0.9847808 117.2759 
  0.9830273 116.6924 
  0.9877467 116.1118 
  0.9919136 116.6924 
  0.9918161 116.1118 
  0.9882296 116.1118 
  0.9794073 116.1118 
  0.9382303 116.1118 
  0.8992747 114.3874 
  0.8765343 112.6886 
  0.6503909 113.2521 
  0.1253916 114.9594 
  0.050756 116.6924 
  0.008928688 118.4515 
  0.1219224 120.2372 
  0.06621297 121.4426 
  -0.01448252 122.6601 
  -0.04956882 123.8897 
  0.07686492 125.1317 
  0.3064252 126.3862 
  0.7805384 127.0181 
  0.8701645 125.7574 
  0.9059352 124.5092 
  0.883603 122.6601 
  0.8122762 120.2372 
  0.8942997 118.4515 
  0.8988405 116.6924 
  0.917599 115.5342 
  0.9465145 114.9594 
  0.9136484 114.9594 
  0.8576756 114.3874 
  0.8805369 114.9594 
  0.971056 115.5342 
  0.9265202 116.1118 
  0.8354981 117.2759 
  0.4467781 119.0438 
  0.2761589 120.8384 
  0.442751 122.6601 
  0.582002 124.5092 
  0.5429401 126.3862 
  0.309426 128.2915 
  -0.08621258 130.2255 
  -0.009373188 132.1886 
  0.03777627 134.1814 
  -0.006851764 135.5266 
  -0.176256 136.8852 
  0.191668 138.2575 
  -0.1962312 139.6435 
  0.7369481 142.4574 
  0.8715837 141.0434 
  0.9387732 138.9488 
  0.8643967 136.2042 
  0.7769215 131.531 
  0.7678862 125.1317 
  0.3423926 123.2734 
  0.08627219 122.6601 
  -0.1874045 122.6601 
  0.2636285 122.0498 
  0.451181 121.4426 
  0.5801182 120.8384 
  0.0468686 119.639 
  -0.1687336 118.4515 
  0.6127483 117.2759 
  0.8834993 115.5342 
  0.9428146 114.3874 
  0.911244 113.8184 
  0.908502 112.6886 
  0.9300021 112.128 
  0.9827272 112.6886 
  0.9748567 112.6886 
  0.9541849 113.2521 
  0.874472 114.3874 
  0.6613547 116.1118 
  0.3237593 118.4515 
  0.2657646 121.4426 
  0.4070939 124.5092 
  0.3848355 128.2915 
  0.661804 132.1886 
  0.838789 132.8496 
  0.8999834 132.1886 
  0.9375652 130.8766 
  0.9183065 128.9329 
  0.9086533 127.0181 
  0.851537 125.1317 
  0.8954607 122.6601 
  0.7839485 119.639 
  0.8047109 116.6924 
  0.8017855 113.8184 
  0.7099479 111.5702 
  0.6069565 109.3664 
  0.08885989 107.7421 
  0.9471027 107.2061 
  0.8228187 106.6728 
  0.8212089 106.142 
  0.8966435 105.614 
  0.9367942 105.614 
  0.9263636 106.6728 
  0.9067606 107.7421 
  0.9166952 108.2809 
  0.9217721 108.8223 
  0.9056987 108.8223 
  0.8949051 108.8223 
  0.8600333 108.2809 
  0.7840869 108.8223 
  0.626926 108.8223 
  0.2655447 110.4628 
  0.184623 111.5702 
  -0.01666727 113.2521 
  -0.4549916 114.3874 
  -0.3148351 116.1118 
  -0.06440346 117.8622 
  0.5507095 119.0438 
  0.7809461 119.0438 
  0.9585222 119.0438 
  0.8922762 117.8622 
  0.7916629 116.6924 
  0.6648986 113.8184 
  0.6728376 114.3874 
  0.8804392 117.2759 
  0.8285698 120.8384 
  0.8626576 121.4426 
  0.8884475 122.6601 
  0.9152027 122.0498 
  0.9522645 122.0498 
  0.9340743 122.0498 
  0.9155067 121.4426 
  0.9026186 120.2372 
  0.881862 120.2372 
  0.8270738 120.8384 
  0.7893211 120.8384 
  0.9212561 119.639 
  0.8148094 120.2372 
  0.6418269 120.2372 
  0.4219097 114.9594 
  0.2228993 113.8184 
  0.01259093 112.6886 
  0.1373613 111.5702 
  -0.03138276 110.4628 
  0.01474515 109.3664 
  -0.06160342 108.2809 
  -0.08423445 107.2061 
  0.0008873087 106.142 
  -0.003064554 105.0885 
  0.006916116 104.0455 
  -0.1186357 103.0128 
  0.06571674 101.9903 
  0.1839856 103.0128 
  0.236452 104.0455 
  0.3962059 105.0885 
  0.3619325 105.0885 
  0.5421212 105.0885 
  0.254485 105.0885 
  0.3693983 105.0885 
  0.2337219 105.0885 
  0.2027208 105.0885 
  -0.1813967 105.0885 
  -0.06401955 105.0885 
  -0.01622255 105.0885 
  -0.1896233 105.0885 
  -0.2383415 105.0885 
  -0.1670785 105.0885 
  -0.1302206 105.0885 
  -0.06304131 105.0885 
  -0.1183343 105.0885 
  -0.03136431 105.0885 
  0.2269307 105.0885 
  -0.1291573 105.0885 
  -0.1452776 105.0885 
  -0.2532047 105.0885 ]
