 [
  -0.008605637 201.9805 
  0.05783559 201.9805 
  -0.175729 201.9805 
  0.06602421 201.9805 
  -0.04158226 201.9805 
  -0.05203434 201.9805 
  -0.1656839 201.9805 
  -0.001074916 201.9805 
  0.2466512 201.9805 
  0.03126033 201.9805 
  0.2066818 201.9805 
  0.3172567 201.9805 
  0.003743994 201.9805 
  -0.07892588 201.9805 
  -0.057693 201.9805 
  0.005236744 201.9805 
  0.3373598 201.9805 
  -0.1055927 201.9805 
  0.127694 199.9758 
  0.5126085 197.0059 
  0.8822382 197.0059 
  0.9343859 197.0059 
  0.9872534 197.0059 
  0.9981664 197.9909 
  0.9977072 197.9909 
  0.9925381 197.9909 
  0.9749006 197.0059 
  0.9723005 196.0257 
  0.9871126 197.0059 
  0.9912223 198.9809 
  0.9939188 200.9756 
  0.9892683 202.9904 
  0.8747333 207.0808 
  0.935716 211.2535 
  0.9774736 212.3098 
  0.9933638 212.3098 
  0.993546 212.3098 
  0.9805852 214.4382 
  0.9900426 218.7592 
  0.9951661 220.9523 
  0.999037 223.1673 
  0.9984217 223.1673 
  0.9978273 220.9523 
  0.9958698 218.7592 
  0.9967486 217.6709 
  0.9995142 216.5879 
  1.000864 215.5104 
  1.000496 215.5104 
  0.9903417 214.4382 
  0.9508957 212.3098 
  0.8665903 209.1568 
  0.6490501 205.0254 
  0.5744511 200.9756 
  0.3095034 197.9909 
  0.05293889 195.0505 
  0.1135936 192.1537 
  -0.08192478 189.3 
  0.0180124 186.4887 
  -0.01778262 183.7191 
  -0.1815792 180.0902 
  0.1908968 179.1942 
  0.2957968 180.0902 
  0.6879223 182.8051 
  -0.7129132 184.6377 
  -0.3233418 185.5609 
  0.3434697 186.4887 
  -0.3085042 187.4211 
  0.3409089 190.2465 
  0.5203009 173.9112 
  0.1649729 182.8051 
  0.4445429 196.0257 
  0.9440163 197.9909 
  0.9893188 197.9909 
  0.9748264 198.9809 
  0.9364188 202.9904 
  0.9241936 206.0505 
  0.9666155 210.2025 
  0.9881452 211.2535 
  0.9737121 210.2025 
  0.9367638 210.2025 
  0.7683945 213.3714 
  -0.1515238 215.5104 
  -0.6090018 215.5104 
  0.3444671 215.5104 
  -0.02458945 215.5104 
  0.09552486 215.5104 
  0.1211042 215.5104 
  -0.04467042 215.5104 
  -0.08973967 215.5104 
  -0.08258459 214.4382 
  0.03173831 213.3714 
  0.07026356 212.3098 
  0.1614972 211.2535 
  0.2153248 210.2025 
  0.3098655 209.1568 
  0.02640934 208.1162 
  -0.08772007 207.0808 
  0.5946093 206.0505 
  0.9028738 202.9904 
  0.95446 201.9805 
  0.9782007 198.9809 
  0.9758703 195.0505 
  0.9830291 191.1978 
  0.9923828 187.4211 
  0.9927697 185.5609 
  0.9904537 182.8051 
  0.9858527 180.9906 
  0.9787434 179.1942 
  0.9711702 177.4156 
  0.9670923 174.7808 
  0.9510543 172.185 
  0.9497161 169.6279 
  0.990886 167.9442 
  0.9945202 167.1087 
  0.9872159 167.1087 
  0.9046187 167.1087 
  0.8032423 166.2773 
  0.5557675 166.2773 
  0.2371586 168.784 
  0.357386 172.185 
  0.6846933 176.533 
  0.7982689 173.9112 
  0.9149573 173.046 
  0.9524852 170.476 
  0.9693048 167.9442 
  0.9919673 166.2773 
  0.9920536 166.2773 
  0.9812379 166.2773 
  0.9778582 167.1087 
  0.975843 167.9442 
  0.9752832 167.9442 
  0.9730219 166.2773 
  0.9600857 165.4501 
  0.8878884 166.2773 
  0.7282259 167.9442 
  0.470727 169.6279 
  0.2887714 171.3284 
  0.124962 173.046 
  0.06188263 175.6547 
  0.04480039 177.4156 
  -0.1368353 180.0902 
  -0.1657034 182.8051 
  0.4740462 185.5609 
  0.2047278 188.3582 
  0.3677827 191.1978 
  0.2749581 193.1145 
  0.4642301 195.0505 
  0.2966673 197.0059 
  0.5855737 178.3027 
  0.8247808 180.0902 
  0.9458145 179.1942 
  0.9584098 179.1942 
  0.9497471 176.533 
  0.9743315 174.7808 
  0.9761496 173.046 
  0.9896329 171.3284 
  0.9944499 170.476 
  0.9891098 170.476 
  0.9735525 168.784 
  0.9848307 167.1087 
  0.9923456 166.2773 
  0.9876156 165.4501 
  0.9783154 163.8079 
  0.9349316 161.3751 
  0.8700762 158.9785 
  0.8778405 155.063 
  0.9093534 152.7601 
  0.9094434 149.7427 
  0.8795817 147.5188 
  0.7636654 144.605 
  0.5779055 143.8855 
  0.1221191 123.8897 
  0.1668325 117.8622 
  0.4971785 119.0438 
  0.2012338 122.6601 
  0.3134655 124.5092 
  0.2751614 125.1317 
  0.3542594 128.9329 
  0.3799829 135.5266 
  0.6361856 142.4574 
  0.6998597 147.5188 
  0.6719944 151.2439 
  0.8364564 155.063 
  0.8073336 158.1876 
  0.5850679 161.3751 
  0.609895 164.6269 
  0.7194998 167.1087 
  0.7539168 167.9442 
  0.3003529 168.784 
  0.3314507 169.6279 
  0.2088742 170.476 
  0.3105291 170.476 
  0.2273214 170.476 
  0.144892 170.476 
  -0.1881739 170.476 
  0.1761673 170.476 
  0.09252274 170.476 
  -0.01797606 170.476 
  0.01818459 170.476 
  -0.05928405 170.476 
  0.1542806 170.476 
  -0.07144564 170.476 
  -0.2667217 170.476 
  0.1781278 170.476 
  0.02201533 170.476 
  -0.1111601 170.476 
  -0.1850241 170.476 
  -0.1506679 170.476 
  0.02925312 170.476 
  0.2528747 170.476 
  0.1835371 170.476 
  -0.08845083 170.476 
  0.1566227 170.476 
  0.3803301 170.476 
  0.02508161 170.476 
  -0.08311162 170.476 
  0.03264199 170.476 
  0.2706592 170.476 ]
