 [
  -0.03754298 134.1814 
  0.4624882 134.1814 
  0.244901 134.1814 
  0.1519399 134.1814 
  0.1071852 134.1814 
  0.05986765 134.1814 
  0.2584647 134.1814 
  0.1111183 134.1814 
  -0.02177509 134.1814 
  0.08993039 134.1814 
  -0.111678 134.1814 
  -0.1876683 134.1814 
  -0.001904554 134.1814 
  0.02384075 134.1814 
  0.06111789 134.1814 
  -0.07277467 134.1814 
  0.006592614 134.1814 
  0.04059999 134.1814 
  0.1905388 134.1814 
  0.6380651 134.8523 
  0.6062956 117.2759 
  0.7314353 116.6924 
  0.7745378 115.5342 
  0.9586981 114.3874 
  0.981512 113.8184 
  0.9821144 114.3874 
  0.9702132 114.3874 
  0.9445793 114.9594 
  0.911781 113.8184 
  0.8617462 112.6886 
  0.6346947 111.5702 
  0.0753382 111.5702 
  -0.1087962 112.128 
  -0.03703008 113.2521 
  0.1941475 113.8184 
  0.193394 114.3874 
  0.2032989 114.9594 
  0.1141841 115.5342 
  0.1806965 115.5342 
  0.0439989 115.5342 
  -0.07288677 115.5342 
  0.1615839 115.5342 
  0.2762535 115.5342 
  -0.1915935 115.5342 
  0.5802142 119.639 
  0.8238181 118.4515 
  0.9103919 118.4515 
  0.9441607 118.4515 
  0.9629748 119.0438 
  0.9579012 120.2372 
  0.9431533 121.4426 
  0.9709027 122.0498 
  0.7403584 120.2372 
  0.5523278 118.4515 
  0.7121184 114.3874 
  0.7048555 108.8223 
  -0.2808028 111.5702 
  -0.006291315 114.9594 
  0.01281754 117.8622 
  -0.1265136 121.4426 
  0.7659553 125.1317 
  0.805156 128.9329 
  0.9284418 131.531 
  0.9679818 132.8496 
  0.98213 133.5138 
  0.9857142 132.8496 
  0.9892876 131.531 
  0.963699 130.2255 
  0.963027 128.9329 
  0.991063 127.0181 
  0.9872214 125.7574 
  0.9785118 123.8897 
  0.9488147 122.0498 
  0.8805408 120.8384 
  0.7205395 120.2372 
  0.1384631 120.8384 
  0.1304727 122.0498 
  -0.09976624 123.2734 
  -0.3338575 124.5092 
  -0.5867415 125.7574 
  -0.7678928 127.6532 
  -0.02278119 129.5776 
  0.1258639 131.531 
  0.746352 130.8766 
  0.64101 126.3862 
  0.3917479 120.2372 
  0.6849273 116.1118 
  0.7101745 114.3874 
  0.7787046 112.128 
  0.8856004 111.0151 
  0.9467418 109.9132 
  0.9863725 109.3664 
  0.9908078 109.3664 
  0.9873596 109.3664 
  0.9956004 109.3664 
  0.9784586 109.3664 
  0.9838352 109.3664 
  0.9851779 109.3664 
  0.9773896 109.3664 
  0.9672107 109.3664 
  0.9500856 108.8223 
  0.9523758 108.8223 
  0.9488562 108.2809 
  0.9451172 108.8223 
  0.9585822 108.8223 
  0.9734968 108.8223 
  0.9869267 108.8223 
  0.9940228 108.8223 
  0.9966491 108.8223 
  0.9972826 108.8223 
  0.9967418 109.3664 
  0.9968809 109.3664 
  0.9793208 108.8223 
  0.9051472 108.2809 
  0.7996916 107.2061 
  0.9331117 107.7421 
  0.9869282 107.7421 
  0.9879954 107.7421 
  0.9838132 107.2061 
  0.9514385 106.6728 
  0.8313379 106.6728 
  0.4762219 106.6728 
  -0.02516339 107.2061 
  -0.3638851 107.2061 
  -0.1209693 107.2061 
  -0.1456285 107.2061 
  0.04691941 107.2061 
  0.1904658 107.2061 
  0.2598952 107.2061 
  -0.1683088 107.2061 
  -0.1487717 107.7421 
  -0.02530782 108.2809 
  0.3802828 108.8223 
  0.6804477 109.3664 
  0.8585092 107.2061 
  0.9659488 106.142 
  0.9412053 104.0455 
  0.8162186 101.9903 
  0.7364905 98.491 
  0.8166831 95.5873 
  0.8850541 92.7692 
  0.9586609 90.48434 
  0.9192245 88.69706 
  0.9188547 86.0821 
  0.9256145 83.96195 
  0.9698502 82.3035 
  0.9768803 81.4866 
  0.9856093 81.08118 
  0.9943818 80.27641 
  0.9906741 79.87703 
  0.9533593 79.47963 
  0.790005 78.29926 
  0.6227441 77.13642 
  0.4062377 75.99085 
  0.2345338 75.61279 
  -0.05161765 75.2366 
  -0.0355839 74.86229 
  0.01653785 74.48985 
  0.002875674 74.48985 
  0.05542505 74.48985 
  0.0783189 74.48985 
  0.1932311 74.48985 
  0.1516136 74.48985 
  0.0898545 74.48985 
  0.2079314 74.48985 
  0.1320002 74.11925 
  0.09611423 73.7505 
  0.1104351 73.38358 
  0.01888927 73.38358 
  0.1397502 73.38358 
  0.03821784 73.38358 
  -0.09372575 73.38358 
  -0.06222075 73.38358 
  0.1508861 73.38358 
  0.1084132 73.38358 
  -0.07599947 73.38358 
  -0.03631483 73.38358 
  0.1629072 73.38358 
  -0.1010753 73.38358 
  -0.01017233 73.38358 
  -0.08815154 73.38358 
  0.150328 73.38358 
  0.05237873 73.38358 
  0.04957638 73.38358 
  0.1217942 73.38358 
  0.1919761 73.38358 
  0.1248828 73.38358 
  0.01574075 73.38358 ]
