 [
  0.3810807 136.8852 
  0.03640972 136.8852 
  0.2106467 136.8852 
  0.1190181 136.8852 
  -0.3143752 136.8852 
  -0.3611667 136.8852 
  -0.7584237 136.2042 
  -0.4185635 135.5266 
  -0.270144 134.8523 
  0.2554841 134.1814 
  0.6373932 133.5138 
  -0.009902907 132.8496 
  0.3665132 132.1886 
  0.5461632 135.5266 
  0.6658518 141.7487 
  0.875846 146.0546 
  0.9300699 145.328 
  0.9730572 146.0546 
  0.9692749 148.2564 
  0.9692917 151.2439 
  0.9539222 155.8383 
  0.9597016 160.5723 
  0.9841181 164.6269 
  0.9965424 166.2773 
  0.9679781 166.2773 
  0.9297092 165.4501 
  0.9272847 159.7734 
  0.7279186 155.063 
  0.3634869 152.7601 
  0.3138408 151.2439 
  0.5722496 148.2564 
  0.8085331 145.328 
  0.909407 143.8855 
  0.8701084 146.0546 
  0.91645 149.7427 
  0.9465996 151.2439 
  0.9752195 151.2439 
  0.9724716 150.4914 
  0.9619824 148.2564 
  0.9171957 145.328 
  0.8630415 142.4574 
  0.8522103 138.9488 
  0.5225243 139.6435 
  0.18366 141.0434 
  0.261498 141.7487 
  0.2743667 141.7487 
  -0.020304 142.4574 
  0.1231374 143.1697 
  0.1058214 143.1697 
  0.2923423 143.1697 
  -0.04166136 143.1697 
  0.1640495 143.1697 
  0.04070227 143.1697 
  0.2757041 143.8855 
  0.627714 143.8855 
  0.5486774 136.2042 
  0.6524062 131.531 
  0.789798 127.0181 
  0.6979316 122.6601 
  0.3302218 122.6601 
  0.1767764 127.0181 
  -0.06309651 131.531 
  -0.09482513 135.5266 
  0.1030998 138.9488 
  -0.01728753 142.4574 
  0.2354241 145.328 
  0.2933486 147.5188 
  0.04602074 148.9977 
  -0.05465886 151.2439 
  -0.1455901 154.2915 
  0.4083412 157.4006 
  0.5892506 153.5239 
  0.823906 152.0001 
  0.9720926 151.2439 
  0.9758382 148.9977 
  0.9766932 147.5188 
  0.9750961 145.328 
  0.9652555 143.8855 
  0.9535562 141.7487 
  0.9005277 138.2575 
  0.9240175 134.8523 
  0.9155104 132.1886 
  0.9094442 129.5776 
  0.9601803 126.3862 
  0.956993 124.5092 
  0.9815834 123.2734 
  0.9661353 120.8384 
  0.9881059 119.0438 
  0.9870887 118.4515 
  0.9398677 117.2759 
  0.8332334 116.1118 
  0.5333025 116.1118 
  0.9253492 116.6924 
  0.9942546 117.8622 
  0.9974269 118.4515 
  0.9949779 118.4515 
  0.7147753 119.0438 
  0.7298298 118.4515 
  0.7814536 115.5342 
  0.9355508 114.3874 
  0.9774185 113.8184 
  0.9822226 113.8184 
  0.9686391 114.3874 
  0.9594775 114.9594 
  0.9623711 114.9594 
  0.981175 114.3874 
  0.7996329 114.3874 
  0.5963632 113.8184 
  0.2228799 111.5702 
  0.1510623 115.5342 
  0.09458236 127.6532 
  0.2154581 129.5776 
  0.323758 129.5776 
  0.3790759 129.5776 
  0.628098 129.5776 
  0.4938596 125.7574 
  0.6165844 128.9329 
  0.8214115 131.531 
  0.8387316 132.8496 
  0.9505446 134.8523 
  0.9592885 136.8852 
  0.9796822 136.8852 
  0.9542879 135.5266 
  0.9814457 134.1814 
  0.96572 133.5138 
  0.912935 131.531 
  0.9437746 128.9329 
  0.8630626 126.3862 
  0.580787 123.8897 
  0.3338041 117.2759 
  0.1310402 111.0151 
  -0.00723853 110.4628 
  0.1679499 112.6886 
  0.3766472 114.3874 
  0.6090245 116.1118 
  0.1600871 117.8622 
  -0.1538061 119.639 
  0.06288631 121.4426 
  0.01517458 123.2734 
  -0.01372563 125.1317 
  0.05502766 127.0181 
  -0.01688953 128.9329 
  -0.07611558 130.8766 
  -0.07697713 132.8496 
  -0.05049258 134.8523 
  -0.0121823 136.8852 
  -0.08116952 138.9488 
  0.02886968 141.0434 
  0.09407282 143.8855 
  0.1531218 146.7849 
  0.02158251 149.7427 
  0.1422849 153.5239 
  0.1851803 155.8383 
  0.6271662 162.182 
  0.728177 158.9785 
  0.9684589 157.4006 
  0.9790258 155.8383 
  0.9671122 154.2915 
  0.9201122 152.7601 
  0.8861316 150.4914 
  0.8270269 146.0546 
  0.7788948 142.4574 
  0.4297876 141.0434 
  -0.2369886 140.3417 
  -0.02402537 139.6435 
  0.3388538 138.9488 
  0.05566874 138.2575 
  0.2308892 137.5696 
  -0.02248331 136.2042 
  -0.003086746 134.8523 
  -0.02723908 133.5138 
  0.1768273 132.1886 
  0.7149692 130.8766 
  0.4676031 121.4426 
  0.6867673 119.639 
  0.9486522 117.2759 
  0.954478 115.5342 
  0.950364 113.8184 
  0.9692477 113.2521 
  0.9655995 112.128 
  0.9141753 111.5702 
  0.8046389 111.0151 
  0.556258 111.0151 
  0.6355393 112.128 
  0.9072222 113.2521 
  0.8342642 114.9594 
  0.6228021 117.2759 
  0.1463104 120.2372 
  0.005909103 123.8897 
  0.03370094 127.6532 
  0.3189748 131.531 
  0.7417095 132.8496 
  0.7883353 127.0181 
  0.9227695 126.3862 
  0.9545826 127.0181 
  0.9621198 127.0181 
  0.9729285 127.6532 
  0.9706348 128.2915 
  0.9679481 128.2915 
  0.9782399 128.2915 
  0.9671364 127.6532 
  0.8992199 127.0181 
  0.8471865 126.3862 
  0.794091 124.5092 
  0.5812978 124.5092 
  0.7439829 125.1317 
  0.4963009 126.3862 
  0.1887644 128.2915 
  -0.2315448 129.5776 
  -0.003520923 130.8766 
  -0.262469 132.1886 
  -0.06277397 134.1814 
  -0.0362219 135.5266 
  0.03822289 136.8852 
  0.7023391 136.8852 
  0.7667046 134.8523 
  0.8183709 133.5138 
  0.7315333 129.5776 
  -0.236111 126.3862 
  0.004506044 123.8897 
  0.51351 121.4426 
  0.2854828 119.0438 
  0.001216266 117.2759 
  0.003222094 115.5342 
  0.02132058 113.8184 
  0.03648359 112.128 
  -0.009029632 110.4628 
  0.0171545 108.8223 
  0.595529 109.9132 
  0.5911955 112.6886 
  0.8421244 114.3874 
  0.9521153 114.9594 
  0.9666102 114.3874 
  0.9596672 113.8184 
  0.9592225 113.2521 
  0.9873245 112.128 
  0.9929641 112.128 
  0.9065032 112.128 
  0.8244546 111.5702 
  0.4273387 112.128 
  0.3096026 113.2521 
  0.5892593 114.9594 
  0.1304437 116.6924 
  0.2923335 119.0438 
  0.6581265 117.8622 
  0.8102349 116.1118 
  0.9382504 114.9594 
  0.9795833 114.3874 
  0.9861836 115.5342 
  0.9877626 116.1118 
  0.9893685 116.6924 
  0.9935322 116.6924 
  0.9924223 117.2759 
  0.9879118 116.6924 
  0.9829516 116.6924 
  0.9904139 115.5342 
  0.987663 114.9594 
  0.9885314 114.9594 
  0.9851299 115.5342 
  0.9894506 115.5342 
  0.9906626 115.5342 
  0.9789504 114.9594 
  0.99218 114.3874 
  0.9944668 114.3874 
  0.9920779 114.3874 
  0.9925218 114.3874 
  0.9932731 113.8184 
  0.9905825 113.8184 
  0.9826222 113.2521 
  0.97636 112.128 
  0.9887232 111.5702 
  0.9938493 111.5702 
  0.9948072 111.0151 
  0.9986231 110.4628 
  0.9980291 110.4628 
  0.994246 109.9132 
  0.9766559 109.9132 
  0.9427641 109.9132 
  0.9346695 109.3664 
  0.9503082 107.7421 
  0.974411 107.2061 
  0.9902766 106.6728 
  0.9761923 106.142 
  0.9500442 105.0885 
  0.9075566 104.5657 
  0.7898478 104.5657 
  0.413478 106.142 
  0.059102 107.7421 
  0.03236948 109.9132 
  0.1197972 111.5702 
  0.2817541 113.2521 
  -0.1502663 114.9594 
  -0.136732 116.6924 
  0.1200961 118.4515 
  0.2113159 120.2372 
  0.156597 122.0498 
  0.08576661 123.8897 
  0.1065813 124.5092 
  0.2736593 124.5092 
  0.2673864 125.1317 
  0.2981158 126.3862 
  0.2734752 128.2915 
  -0.05865875 131.531 
  0.6078998 137.5696 
  0.7680432 134.8523 
  0.9057306 132.8496 
  0.9529504 130.8766 
  0.9629433 128.9329 
  0.9052092 126.3862 
  0.8763782 123.2734 
  0.9134378 120.8384 
  0.9149862 119.639 
  0.9577489 120.2372 
  0.9725384 120.2372 
  0.973919 121.4426 
  0.9807931 122.0498 
  0.9822421 122.6601 
  0.9758589 122.0498 
  0.931526 121.4426 
  0.917013 120.2372 
  0.9717087 119.639 
  0.9838561 119.0438 
  0.9857619 117.8622 
  0.9897554 117.8622 
  0.9874104 117.2759 
  0.9848278 116.6924 
  0.952525 115.5342 
  0.8267527 113.2521 
  0.6378754 111.5702 
  0.4049851 111.0151 
  -0.1793258 112.128 
  0.5971622 113.2521 
  0.7425441 114.3874 
  0.7250038 116.1118 
  0.6449013 117.8622 
  0.7540414 119.639 
  0.05120117 121.4426 
  -0.2087769 123.2734 
  -0.1656059 125.1317 
  -0.2327955 127.0181 
  0.09493859 129.5776 
  0.3056884 131.531 
  0.4792968 133.5138 
  0.6371172 133.5138 
  0.7326324 130.2255 
  0.894166 127.6532 
  0.9402028 125.1317 
  0.9512558 122.6601 
  0.9605742 120.8384 
  0.962883 119.0438 
  0.9532943 117.2759 
  0.9743775 116.1118 
  0.9738802 114.9594 
  0.9621236 112.6886 
  0.9552051 111.0151 
  0.944336 109.3664 
  0.9626813 107.2061 
  0.986464 106.142 
  0.9889145 105.614 
  0.9654902 104.5657 
  0.9617283 104.0455 
  0.9796606 103.5278 
  0.9534583 103.0128 
  0.9564961 103.0128 
  0.9581552 103.0128 
  0.976706 103.0128 
  0.9671597 102.5003 
  0.7964332 103.0128 
  0.5093888 103.5278 
  0.4526339 104.5657 
  0.851158 106.142 
  0.820653 107.2061 
  0.8244987 107.7421 
  0.8332465 108.2809 
  0.5981247 108.2809 
  0.4023724 108.2809 
  0.06364021 108.2809 
  0.05440658 108.2809 
  -0.07960859 108.2809 
  -0.06005466 108.2809 ]
