 [
  0.1056441 216.5879 
  0.2124681 216.5879 
  0.2768468 216.5879 
  0.2281937 216.5879 
  0.1234583 216.5879 
  0.2863362 216.5879 
  0.04322673 216.5879 
  0.006109224 216.5879 
  -0.05014243 216.5879 
  0.06585313 216.5879 
  -0.1624155 216.5879 
  -0.3958527 216.5879 
  0.2799043 216.5879 
  0.05624162 212.3098 
  0.5337269 225.4046 
  0.7993774 229.9466 
  0.9061298 231.0963 
  0.7669771 234.5801 
  0.7969782 238.1164 
  0.8188143 236.9318 
  0.9401592 240.5036 
  0.9126866 236.9318 
  0.7413614 232.2518 
  0.8606392 233.4131 
  0.777337 234.5801 
  0.1848567 235.753 
  -0.1598516 238.1164 
  -0.06185588 240.5036 
  0.04939076 242.9146 
  0.1988906 245.3498 
  0.1692023 246.5766 
  0.4092022 247.8095 
  0.3599534 249.0485 
  0.3205422 250.2938 
  0.3128026 250.2938 
  0.391807 247.8095 
  0.1491151 252.8029 
  0.04667087 257.8971 
  0.06052387 263.0938 
  -0.08521228 277.9312 
  0.01896972 289.245 
  0.7067431 295.0734 
  0.9449288 298.0316 
  0.9841846 298.0316 
  0.9883601 296.5488 
  0.991194 295.0734 
  0.9894455 292.1447 
  0.9877102 290.6912 
  0.9967995 292.1447 
  0.9921077 293.6054 
  0.9912384 295.0734 
  0.9854062 298.0316 
  0.98202 301.0193 
  0.9828805 304.037 
  0.9932899 307.085 
  0.9797148 307.085 
  0.967946 301.0193 
  0.9442726 293.6054 
  0.4503233 287.806 
  -0.2185003 283.5317 
  -0.2455238 279.3209 
  -0.110118 275.1726 
  0.03807652 271.0859 
  -0.01267046 267.06 
  0.03159791 263.0938 
  0.0590485 259.1866 
  0.1799243 254.067 
  0.007139055 249.0485 
  0.2833267 244.1292 
  0.4152939 239.307 
  0.5174677 234.5801 
  0.5918499 229.9466 
  0.006372247 225.4046 
  0.4328335 222.057 
  -0.02650606 218.7592 
  -0.1636571 215.5104 
  0.3551766 209.1568 
  0.8331752 197.9909 
  0.9420738 197.0059 
  0.9963186 196.0257 
  0.9888971 195.0505 
  0.9755408 192.1537 
  0.9668625 187.4211 
  0.9704641 182.8051 
  0.9822468 178.3027 
  0.9814315 174.7808 
  0.989102 173.046 
  0.994145 172.185 
  0.9894564 171.3284 
  0.9886347 170.476 
  0.993114 168.784 
  0.9978352 167.9442 
  0.996948 167.9442 
  0.9784343 169.6279 
  0.9691697 173.046 
  0.9449119 176.533 
  0.9378135 180.9906 
  0.9484622 185.5609 
  0.936936 190.2465 
  0.954969 194.0801 
  0.9663821 196.0257 
  0.9282267 197.0059 
  0.6692878 197.9909 
  0.08623717 197.9909 
  -0.0555099 197.9909 
  -0.05709989 197.9909 
  0.007141949 198.9809 
  -0.057389 198.9809 
  -0.1018435 199.9758 
  -0.2651597 200.9756 
  -0.01834941 201.9805 
  0.001962621 202.9904 
  -0.3502998 204.0054 
  -0.3193758 205.0254 
  0.2915359 206.0505 
  0.7548959 205.0254 
  0.8450969 202.9904 
  0.9910828 199.9758 
  0.9989411 197.9909 
  0.9996127 197.0059 
  0.9968503 196.0257 
  0.9976475 194.0801 
  0.9963405 193.1145 
  0.9906776 193.1145 
  0.9769105 192.1537 
  0.9305544 191.1978 
  0.6840218 191.1978 
  0.1544226 191.1978 
  0.1431562 191.1978 
  0.1257796 190.2465 
  0.1600954 189.3 
  0.03993614 188.3582 
  0.2968745 187.4211 
  0.229822 186.4887 
  0.1581353 185.5609 
  -0.136222 184.6377 
  0.08524384 183.7191 
  0.03022359 182.8051 
  -0.1653669 181.8956 
  -0.0619222 180.9906 
  0.04268068 180.0902 
  0.4016696 179.1942 
  0.6860111 179.1942 
  0.8294784 177.4156 
  0.8250394 171.3284 
  0.9785246 167.1087 
  0.9898532 165.4501 
  0.9935143 163.8079 
  0.9791762 162.9929 
  0.9910283 162.182 
  0.9902259 162.182 
  0.9863906 162.182 
  0.9885733 162.9929 
  0.9871174 163.8079 
  0.9896389 163.8079 
  0.971994 165.4501 
  0.9510936 167.1087 
  0.9739348 169.6279 
  0.9564455 172.185 
  0.9574418 173.9112 
  0.9609832 175.6547 
  0.9232945 177.4156 
  0.8055376 179.1942 
  0.629378 183.7191 
  0.9404041 190.2465 
  0.9233298 196.0257 
  0.8293337 201.9805 
  0.8001604 206.0505 
  0.7281757 208.1162 
  0.8077716 208.1162 
  0.351093 208.1162 
  -0.03998388 208.1162 
  0.09718555 208.1162 
  0.06587963 208.1162 
  0.1209083 208.1162 
  0.1770627 208.1162 
  0.133516 208.1162 
  0.528119 208.1162 
  0.6011531 208.1162 
  0.01252372 208.1162 
  0.2046428 208.1162 
  0.41003 208.1162 
  0.3033341 208.1162 
  -0.007256055 208.1162 
  0.3012642 208.1162 ]
