 [
  -0.05270033 91.84841 
  0.008294521 91.84841 
  0.2104828 91.84841 
  0.07143392 91.84841 
  -0.01958313 91.84841 
  -0.1397068 91.84841 
  -0.1117046 91.84841 
  -0.1129042 91.84841 
  0.04482857 91.84841 
  -0.2463148 91.84841 
  -0.5217348 91.84841 
  -0.02738757 91.84841 
  0.06557343 91.84841 
  0.5909115 91.84841 
  0.708611 93.23304 
  0.8735758 93.6992 
  0.9060707 95.11173 
  0.8777068 95.11173 
  0.8806828 96.06523 
  0.859084 96.06523 
  0.9788201 97.02828 
  0.9777334 98.00098 
  0.9868575 98.491 
  0.9878305 98.00098 
  0.9955045 97.51342 
  0.8286383 97.51342 
  0.7376633 97.02828 
  0.745582 98.491 
  0.8609209 99.47836 
  0.8855618 100.4756 
  0.9581683 101.4829 
  0.9464463 102.5003 
  0.8973088 103.5278 
  0.9183983 104.5657 
  0.9158226 105.614 
  0.9118562 106.6728 
  0.8262419 108.2809 
  0.9089698 108.8223 
  0.9705855 109.9132 
  0.9362071 110.4628 
  0.9193811 111.5702 
  0.9555149 112.128 
  0.962101 111.5702 
  0.97115 111.0151 
  0.9487293 111.0151 
  0.9510481 111.0151 
  0.9537222 111.0151 
  0.9531383 111.0151 
  0.8722822 109.9132 
  0.8721321 108.2809 
  0.9357267 106.142 
  0.9763858 104.5657 
  0.9818424 103.5278 
  0.9277302 102.5003 
  0.6634536 103.0128 
  0.7046022 100.4756 
  0.8981343 99.97575 
  0.9104913 99.47836 
  0.8591726 98.00098 
  0.8923498 96.54556 
  0.8979025 95.11173 
  0.9677926 94.63854 
  0.9843845 94.1677 
  0.984526 94.1677 
  0.977702 94.63854 
  0.9683319 95.11173 
  0.9704059 95.5873 
  0.9846796 95.5873 
  0.969637 96.06523 
  0.9778282 96.54556 
  0.9823765 97.02828 
  0.9780835 97.02828 
  0.9766197 97.51342 
  0.9681903 98.491 
  0.9807261 98.98344 
  0.9520462 99.47836 
  0.9529746 100.4756 
  0.98635 100.978 
  0.9597122 100.978 
  0.9250606 100.4756 
  0.9301834 99.97575 
  0.9116116 98.98344 
  0.8218098 98.98344 
  0.5541176 98.491 
  0.7835152 98.98344 
  0.7500411 99.47836 
  0.4086957 99.97575 
  0.1093856 100.4756 
  0.1420566 100.978 
  -0.003718107 101.4829 
  -0.02798516 101.9903 
  -0.1275416 102.5003 
  -0.1327366 103.0128 
  -0.04724421 103.5278 
  0.03287354 104.0455 
  -0.09289999 104.5657 
  -0.1171317 105.0885 
  0.003730921 105.614 
  0.1376615 106.142 
  0.1591889 106.6728 
  0.140849 107.2061 
  0.03762227 107.7421 
  -0.04447293 108.2809 
  0.2667855 108.8223 
  -0.01228472 109.3664 
  0.06055968 109.9132 
  0.01988249 110.4628 
  -0.0006742917 111.0151 
  0.006066973 111.5702 
  -0.06301148 112.128 
  0.1370646 112.6886 
  0.3342437 113.2521 
  0.316921 113.8184 
  0.2714224 113.8184 
  0.3971937 114.3874 
  0.2310147 114.3874 
  -0.01164679 114.9594 
  -0.0836141 114.9594 
  -0.00508188 115.5342 
  -0.05168053 116.1118 
  -0.04833175 116.6924 
  -0.003300146 117.2759 
  -0.01077619 117.8622 
  0.08402467 118.4515 
  0.227762 119.0438 
  0.2556287 119.639 
  0.2790372 120.2372 
  0.2064023 120.8384 
  -0.04963166 120.8384 
  0.0935476 120.8384 
  0.0352614 120.8384 
  -0.01444226 120.8384 
  0.1558234 120.8384 
  0.2104817 120.8384 
  0.2598588 120.8384 
  0.2504834 120.8384 
  0.1047011 120.8384 
  0.08216254 120.8384 
  -0.06372752 120.8384 
  0.01910272 120.8384 
  0.08455459 120.8384 
  0.07982633 120.8384 
  -0.03593886 120.8384 
  0.02449956 120.8384 
  0.002678065 120.8384 
  0.482077 119.0438 
  0.3067861 110.4628 
  0.639083 105.0885 
  0.821512 102.5003 
  0.8877799 102.5003 
  0.9012654 103.5278 
  0.909748 104.5657 
  0.8211837 105.614 
  0.9169838 107.7421 
  0.9455578 108.8223 
  0.8858479 108.2809 
  0.8827393 106.6728 
  0.8655238 105.0885 
  0.7971078 105.0885 
  0.4881347 105.614 
  -0.1568749 106.6728 
  -0.04450296 107.7421 
  0.04555613 109.3664 
  0.05347747 110.4628 
  0.08813828 111.5702 
  0.1908584 112.6886 
  -0.08060209 113.8184 
  0.05964398 115.5342 
  0.7146658 116.6924 
  0.702729 112.6886 
  0.5938935 108.2809 
  0.8127599 105.0885 
  0.8998808 103.5278 
  0.8248353 102.5003 
  0.8091301 101.4829 
  0.9495671 100.978 
  0.9573576 99.97575 
  0.9260324 99.47836 
  0.8808452 98.491 
  0.9025062 97.51342 
  0.9222559 96.54556 
  0.9224415 95.5873 
  0.9336264 94.63854 
  0.8821396 93.6992 
  0.8190458 93.6992 
  0.5761734 94.1677 
  0.2491648 95.5873 
  0.0629894 97.02828 
  0.03293873 98.491 
  0.2059596 99.97575 
  -0.09317654 101.4829 
  0.08570718 103.5278 
  0.08841149 106.142 
  -0.08663428 108.8223 
  0.3043662 111.5702 
  0.1868707 113.8184 
  0.7446473 116.1118 
  0.4233429 111.0151 
  0.4136984 107.2061 
  0.8161285 105.0885 
  0.9738339 103.5278 
  0.9869273 103.0128 
  0.9822006 102.5003 
  0.977879 101.9903 
  0.9480242 101.4829 
  0.9138073 100.4756 
  0.9149342 99.47836 
  0.8679942 97.51342 
  0.8539889 95.5873 
  0.8131754 93.23304 
  0.8265899 91.39146 
  0.6745975 90.48434 
  0.7751256 90.03418 
  0.7066113 90.03418 
  0.5955925 90.03418 
  0.08919859 90.03418 
  0.1474949 90.48434 
  0.1755253 90.93677 
  0.1985036 91.39146 
  0.08098175 91.84841 
  0.03421259 92.30766 
  -0.08521121 92.7692 
  -0.1243341 93.6992 
  -0.1731603 94.63854 
  -0.004400075 95.5873 
  0.1056738 97.02828 
  0.6299119 95.11173 
  0.3068264 86.94508 
  0.8168331 85.65383 
  0.5325783 84.38177 
  0.2559831 81.89403 
  0.7656984 78.69076 
  0.636286 77.13642 
  0.8586604 76.75266 
  0.924073 76.75266 
  0.9527273 76.75266 
  0.9585567 76.75266 
  0.7554907 76.75266 
  0.3104049 76.75266 
  0.02249571 76.75266 
  0.2403661 76.75266 
  0.3277793 76.75266 
  0.2488841 76.75266 
  -0.1658021 76.75266 
  -0.2080581 76.75266 
  -0.117669 76.75266 
  -0.1743533 76.75266 
  0.1989874 76.75266 ]
