 [
  0.1661794 232.2518 
  -0.03019441 232.2518 
  -0.06190479 232.2518 
  0.07651993 232.2518 
  -0.05423196 232.2518 
  0.06615067 232.2518 
  -0.07369568 232.2518 
  0.02301733 232.2518 
  -0.094381 232.2518 
  0.07704514 232.2518 
  0.04438649 232.2518 
  -0.1039071 232.2518 
  0.01936827 232.2518 
  0.1108907 232.2518 
  -0.08454466 232.2518 
  0.06774244 232.2518 
  0.2379328 232.2518 
  0.4433191 241.7061 
  0.365956 232.2518 
  0.7481154 227.6642 
  0.970833 226.5316 
  0.9489146 224.2832 
  0.9199553 222.057 
  0.9060422 219.853 
  0.804841 217.6709 
  0.4675697 219.853 
  0.4681323 224.2832 
  0.131833 228.8026 
  -0.1472124 233.4131 
  0.5950166 238.1164 
  0.6910775 242.9146 
  0.3754264 247.8095 
  0.1656569 251.5452 
  0.5480565 252.8029 
  0.7619683 244.1292 
  0.9408811 241.7061 
  0.9582807 238.1164 
  0.9390616 235.753 
  0.9088625 233.4131 
  0.8962279 231.0963 
  0.8560402 228.8026 
  0.8246808 228.8026 
  0.8403946 228.8026 
  0.8303543 226.5316 
  0.6291781 222.057 
  0.575143 209.1568 
  0.3300408 187.4211 
  -0.1102304 178.3027 
  0.3500086 169.6279 
  0.07011499 161.3751 
  -0.05377718 153.5239 
  -0.06970556 146.0546 
  -0.09316823 138.2575 
  0.02326254 131.531 
  0.01402241 125.1317 
  -0.07973278 118.4515 
  0.483994 112.6886 
  0.802218 109.9132 
  0.8825366 108.8223 
  0.8198025 107.7421 
  0.779354 106.6728 
  0.6643238 105.614 
  0.6547646 105.614 
  0.5459927 106.142 
  0.4120736 107.2061 
  0.09370364 108.2809 
  0.2456806 109.3664 
  0.03585941 110.4628 
  0.6933799 108.2809 
  0.8168508 108.2809 
  0.8707609 107.2061 
  0.917905 106.142 
  0.9774054 105.0885 
  0.9869504 104.5657 
  0.9828596 104.5657 
  0.9681183 104.5657 
  0.9622526 105.0885 
  0.9733773 105.0885 
  0.9704083 105.614 
  0.9293735 105.614 
  0.8852946 106.6728 
  0.8607488 108.2809 
  0.9039615 109.9132 
  0.9737966 111.0151 
  0.9453225 111.0151 
  0.8870113 110.4628 
  0.8289045 108.8223 
  0.4111399 108.8223 
  0.06730435 108.8223 
  0.1095358 108.8223 
  0.07202554 108.8223 
  -0.05039692 108.8223 
  -0.1737543 108.8223 
  0.3452822 109.3664 
  0.06464292 109.9132 
  0.5915489 109.9132 
  0.8585291 109.3664 
  0.9494191 108.8223 
  0.7167862 107.7421 
  0.5982367 106.142 
  0.7839455 105.0885 
  0.9457474 104.5657 
  0.9690902 104.0455 
  0.9524002 103.5278 
  0.9436529 103.0128 
  0.9618643 103.0128 
  0.9668602 103.0128 
  0.9684302 103.0128 
  0.9574609 103.0128 
  0.9422163 102.5003 
  0.942088 102.5003 
  0.919384 101.9903 
  0.8494354 100.978 
  0.6429383 100.4756 
  0.4615406 100.978 
  0.3415674 101.4829 
  0.1854059 101.4829 
  -0.02859665 101.4829 
  -0.08546054 101.4829 
  -0.06881288 101.4829 
  -0.186923 101.9903 
  0.08593649 102.5003 
  0.07688392 103.0128 
  -0.08317064 103.5278 
  -0.1941675 104.0455 
  -0.0946876 104.5657 
  -0.03911855 105.0885 
  -0.03647805 106.142 
  -0.1233267 107.2061 
  -0.03652969 108.2809 
  0.2753901 109.3664 
  0.397705 109.3664 
  0.5897008 107.7421 
  0.8526469 106.6728 
  0.97531 104.5657 
  0.968152 103.5278 
  0.9583926 101.9903 
  0.9741558 100.4756 
  0.9851971 99.97575 
  0.9800042 98.98344 
  0.9367867 98.00098 
  0.8985606 96.54556 
  0.9224897 94.63854 
  0.8995321 93.6992 
  0.6409819 91.84841 
  0.7234461 90.03418 
  0.5122319 90.03418 
  0.2134869 90.48434 
  0.2025263 90.03418 
  0.3472035 90.48434 
  0.2284269 90.48434 
  -0.02880098 89.14054 
  0.103071 87.8167 
  0.3397896 86.51251 
  0.2185259 85.65383 
  0.09486413 85.2277 
  -0.2971981 85.2277 
  -0.6031767 85.2277 
  0.245252 85.2277 
  -0.07495154 85.2277 
  0.1413786 85.2277 
  -0.3549168 85.2277 
  -0.08453361 85.2277 
  -0.1009187 85.2277 
  -0.2318989 85.2277 
  0.03877768 85.2277 
  -0.1101852 85.2277 
  0.1229142 85.2277 
  0.03471936 85.2277 ]
