 [
  0.04393408 134.8523 
  0.1198655 134.8523 
  0.05229074 134.8523 
  0.1788854 134.8523 
  0.02974102 134.8523 
  -0.2243867 134.8523 
  -0.136747 134.8523 
  -0.09319051 134.8523 
  0.04166757 134.8523 
  -0.1464758 134.8523 
  -0.0731113 134.8523 
  0.15973 134.8523 
  0.0952789 134.8523 
  0.1546632 134.8523 
  0.1170021 134.8523 
  0.2105857 134.1814 
  0.7933124 132.1886 
  0.4720535 123.8897 
  0.7736053 122.6601 
  0.9640372 122.0498 
  0.978827 122.6601 
  0.9630142 123.2734 
  0.9680808 125.1317 
  0.9885543 125.7574 
  0.9822728 126.3862 
  0.9235983 127.6532 
  0.8993373 129.5776 
  0.9320056 132.8496 
  0.9450509 134.8523 
  0.9771842 136.8852 
  0.9807918 138.2575 
  0.9814263 139.6435 
  0.990608 141.0434 
  0.9894396 141.7487 
  0.9871716 143.1697 
  0.9505055 143.8855 
  0.8840994 144.605 
  0.4545833 141.0434 
  0.8246064 139.6435 
  0.1606811 138.2575 
  0.1043803 136.2042 
  0.1088091 134.1814 
  0.3885093 132.1886 
  -0.01523283 130.8766 
  -0.02816397 129.5776 
  -0.03877677 128.2915 
  -0.1547583 127.0181 
  0.5903642 124.5092 
  0.6185335 123.8897 
  0.8307635 123.8897 
  0.7443781 122.6601 
  -0.3177725 123.8897 
  0.0209448 127.6532 
  -0.1035309 130.8766 
  -0.02681626 134.8523 
  0.03705129 138.9488 
  -0.3301141 143.1697 
  0.3004187 146.7849 
  0.2820025 148.2564 
  0.329281 148.2564 
  0.1086547 146.7849 
  0.08574861 143.8855 
  0.5074327 140.3417 
  0.6878489 140.3417 
  0.7138266 136.8852 
  0.946141 133.5138 
  0.9888764 132.1886 
  0.9845247 132.1886 
  0.9867526 132.1886 
  0.9940153 132.8496 
  0.9945299 133.5138 
  0.9965946 133.5138 
  0.9955968 133.5138 
  0.9933497 133.5138 
  0.9924915 133.5138 
  0.9946465 132.8496 
  0.9960874 132.8496 
  0.9963267 132.8496 
  0.9858895 134.1814 
  0.977403 136.2042 
  0.985144 137.5696 
  0.9937609 138.2575 
  0.9951921 138.2575 
  0.9916344 138.2575 
  0.9825584 138.9488 
  0.9725049 138.9488 
  0.9618355 138.2575 
  0.9669167 136.2042 
  0.9420635 134.8523 
  0.9791054 132.8496 
  0.9797539 131.531 
  0.9840011 130.8766 
  0.9883577 130.2255 
  0.9850117 130.2255 
  0.9697872 129.5776 
  0.9845315 130.2255 
  0.9910301 129.5776 
  0.9959801 129.5776 
  0.9901482 129.5776 
  0.9628215 129.5776 
  0.8807554 129.5776 
  0.8154134 130.2255 
  -0.1345528 130.2255 
  0.3671209 130.2255 
  0.1590528 130.2255 
  0.1110545 130.2255 
  -0.02747639 130.2255 
  -0.03381637 130.2255 
  -0.07313564 129.5776 
  -0.02714733 128.2915 
  0.2166772 127.0181 
  0.2840045 125.1317 
  0.6450426 123.2734 
  0.8457619 123.2734 
  0.8060071 122.6601 
  0.8289276 119.0438 
  0.6095967 119.0438 
  0.6050062 120.2372 
  0.587867 121.4426 
  0.780409 122.6601 
  0.23634 123.8897 
  0.05395961 125.1317 
  0.3711323 125.7574 
  -0.2844786 126.3862 
  0.6580805 126.3862 
  0.7886875 125.1317 
  0.963941 123.8897 
  0.9969478 123.2734 
  0.9933254 123.8897 
  0.9898921 125.1317 
  0.9851538 126.3862 
  0.9906352 127.6532 
  0.9955348 128.2915 
  0.9958085 128.9329 
  0.9760153 128.9329 
  0.9183766 128.9329 
  0.8495534 128.9329 
  0.7338651 129.5776 
  0.1194697 128.9329 
  0.05854369 128.2915 
  0.07523301 127.6532 
  0.1975019 127.0181 
  0.2150473 126.3862 
  0.3164195 125.7574 
  0.3654997 125.1317 
  0.07998899 124.5092 
  -0.02162123 123.8897 
  0.3484964 123.2734 
  0.6217501 124.5092 
  0.7938595 126.3862 
  0.9578041 125.7574 
  0.9818008 124.5092 
  0.9873469 123.2734 
  0.9152591 122.6601 
  0.901675 121.4426 
  0.9291093 120.2372 
  0.9890027 119.0438 
  0.9602964 117.8622 
  0.9739874 117.2759 
  0.9715387 115.5342 
  0.9555395 114.9594 
  0.962075 113.2521 
  0.8810873 111.5702 
  0.8493651 110.4628 
  0.9743492 110.4628 
  0.952857 110.4628 
  0.9058638 110.4628 
  0.8140446 111.0151 
  0.7305622 111.5702 
  0.7692295 112.128 
  0.3422873 112.6886 
  -0.01507525 113.2521 
  -0.1379986 113.8184 
  -0.2325998 114.3874 
  -0.211448 114.9594 
  0.00553061 115.5342 
  0.03161982 116.6924 
  0.04240162 117.2759 
  0.2776403 117.8622 
  0.7341322 117.2759 
  0.8726048 119.639 
  0.9658626 122.0498 
  0.9939357 122.6601 
  0.9950597 122.6601 
  0.9997716 122.6601 
  0.9979504 122.6601 
  0.9983382 122.6601 
  0.9975088 122.6601 
  0.9948998 122.0498 
  0.9922096 120.8384 
  0.9837269 119.639 
  0.9815453 118.4515 
  0.9829938 116.6924 
  0.9695969 115.5342 
  0.9681764 113.8184 
  0.9445133 111.5702 
  0.855143 109.3664 
  0.5378194 108.2809 
  0.6694369 108.2809 
  0.8463646 108.2809 
  0.6545659 108.2809 
  0.3077244 108.2809 
  0.041986 108.2809 
  0.005643536 108.2809 
  -0.01452666 108.2809 
  0.004591963 108.2809 
  0.007917114 108.2809 
  0.06035877 108.2809 
  0.1591984 108.2809 
  0.1779121 108.2809 
  0.18773 107.7421 
  0.0430718 107.2061 
  0.06661512 106.6728 
  0.1027666 106.142 
  0.001111242 105.614 
  -0.148161 105.0885 
  0.03566314 104.5657 
  0.06784149 104.0455 
  -0.1723212 103.5278 
  -0.3385233 103.5278 
  0.5191076 104.0455 
  0.1636991 106.142 
  0.4312334 115.5342 
  0.9381982 117.2759 
  0.9885633 116.6924 
  0.9764456 117.8622 
  0.9955119 118.4515 
  0.9896023 118.4515 
  0.9501126 117.8622 
  0.9236492 117.2759 
  0.8887033 117.8622 
  0.9837224 118.4515 
  0.9898347 118.4515 
  0.9657525 117.8622 
  0.9208637 117.2759 
  0.761009 116.1118 
  0.2362754 115.5342 
  0.10013 114.3874 
  -0.01131912 113.2521 
  -0.0443505 112.6886 
  -0.08078939 111.5702 
  0.09635944 110.4628 
  0.2107092 109.9132 
  0.3139663 109.3664 
  -0.1315629 108.8223 
  0.01403606 107.7421 
  0.01987137 106.6728 
  0.05211024 105.614 
  0.04528056 104.5657 
  0.07842976 104.0455 
  -0.1596632 104.0455 
  0.5797493 105.614 
  0.4162746 109.3664 
  0.6094207 112.128 
  0.9279782 114.9594 
  0.9158232 115.5342 
  0.9608704 117.2759 
  0.9765972 117.8622 
  0.9739723 117.8622 
  0.9623702 117.8622 
  0.9604228 117.8622 
  0.9536421 118.4515 
  0.961418 118.4515 
  0.9323709 119.639 
  0.9751658 120.2372 
  0.9772239 119.639 
  0.9798784 119.0438 
  0.976702 118.4515 
  0.9502187 117.8622 
  0.9429284 117.2759 
  0.9554289 118.4515 
  0.9503807 119.0438 
  0.9460553 118.4515 
  0.9586865 117.2759 
  0.9198831 117.2759 
  0.8649136 116.1118 
  0.8928287 114.3874 
  0.8107869 113.8184 
  0.598385 115.5342 
  0.4390668 117.8622 
  0.04721121 120.2372 
  0.2054143 122.0498 
  0.08550526 123.8897 
  0.04952208 125.7574 
  0.1806107 127.0181 
  0.2975548 127.0181 
  0.0494542 126.3862 
  -0.01454365 125.7574 
  -0.03724873 125.1317 
  0.7303821 125.7574 
  0.8409011 125.7574 
  0.9810015 125.1317 
  0.9847637 124.5092 
  0.9948384 123.2734 
  0.9943812 123.2734 
  0.9944211 122.6601 
  0.985999 122.0498 
  0.9736713 120.8384 
  0.9566451 119.639 
  0.9079781 118.4515 
  0.8600953 117.2759 
  0.4594163 116.6924 
  0.2033049 116.1118 
  0.213448 115.5342 
  0.2396593 114.9594 
  -0.006032872 114.3874 
  0.1118445 113.8184 
  0.2073181 113.8184 
  0.1511048 113.8184 
  -0.08754791 114.3874 
  -0.1304155 114.9594 
  -0.2105013 115.5342 
  -0.2678161 116.1118 
  -0.03965572 116.6924 
  0.17487 117.2759 
  0.2227167 117.8622 
  0.1662536 118.4515 
  0.12396 119.639 
  0.05601861 120.2372 
  0.6877253 120.2372 
  0.8267728 120.2372 
  0.9805439 120.2372 
  0.9665449 119.0438 
  0.9772049 117.8622 
  0.9346179 116.6924 
  0.8648143 116.1118 
  0.736287 114.3874 
  0.09867859 114.3874 
  0.1008939 114.3874 
  0.2634893 114.3874 
  0.09735496 114.3874 
  -0.06152496 114.3874 
  -0.2206398 114.3874 
  -0.06358019 114.3874 
  0.1207745 114.3874 
  0.0980257 114.3874 
  0.166294 114.3874 
  0.1206384 114.3874 
  -0.09415048 114.3874 
  -0.03954699 114.3874 
  -0.1836273 114.3874 
  0.1045485 114.3874 
  -0.04529521 114.3874 
  0.1427486 114.3874 
  -0.004067561 113.8184 
  0.003154978 113.8184 
  0.7204537 114.9594 
  0.8133084 116.6924 
  0.922933 117.8622 
  0.9680079 118.4515 
  0.9706584 117.8622 
  0.9752103 117.8622 
  0.9848347 116.6924 
  0.9849868 116.1118 
  0.9831172 115.5342 
  0.9903648 114.9594 
  0.9866641 113.8184 
  0.9572015 113.2521 
  0.8909068 112.128 
  0.8185973 111.5702 
  0.2904735 112.128 
  -0.1803153 112.6886 
  0.1872638 113.2521 
  -0.01974258 113.8184 
  0.05553463 114.3874 
  0.05324522 114.3874 
  0.04362936 113.8184 
  -0.0785041 112.128 
  0.3603549 110.4628 
  0.4175333 110.4628 
  0.3967598 108.2809 
  0.6611717 103.5278 
  0.5128717 104.5657 
  0.3322063 104.5657 
  0.1768054 104.5657 
  0.03277504 104.5657 
  -0.1458005 104.5657 
  0.04275523 104.5657 
  0.06954344 104.5657 
  0.1009424 104.5657 
  0.2054631 104.5657 
  0.1149375 104.5657 
  0.04267619 104.5657 
  0.0523764 104.5657 
  0.2654764 104.5657 
  0.05597073 104.5657 
  -0.113646 104.5657 
  -0.04482511 104.5657 
  0.2230214 104.5657 
  0.3479753 104.5657 
  0.1871576 104.5657 
  0.1168134 104.5657 
  0.02854828 104.5657 
  0.1602696 104.5657 
  0.388398 104.5657 
  0.1994752 104.5657 
  0.1022317 104.5657 
  -0.04601953 104.5657 
  -0.151449 104.5657 
  -0.220539 104.5657 
  -0.006445415 104.5657 ]
