 [
  -0.05195929 147.5188 
  0.09676264 147.5188 
  0.0874846 147.5188 
  -0.03974769 147.5188 
  -0.0888072 147.5188 
  -0.1123794 147.5188 
  -0.08756501 147.5188 
  -0.2107832 147.5188 
  -0.1693828 147.5188 
  -0.2112765 147.5188 
  -0.2916316 147.5188 
  -0.2037579 147.5188 
  -0.4322971 147.5188 
  -0.2764597 147.5188 
  -0.3651579 147.5188 
  -0.3824989 147.5188 
  0.395525 147.5188 
  0.7722868 143.8855 
  0.8882053 139.6435 
  0.9640435 138.9488 
  0.9332212 140.3417 
  0.8376993 140.3417 
  0.7934381 138.9488 
  0.8604577 136.2042 
  0.9706382 134.8523 
  0.9451116 134.1814 
  0.9446166 132.1886 
  0.8966419 130.2255 
  0.8274332 127.0181 
  0.7872267 123.8897 
  0.8082033 118.4515 
  0.2168646 117.2759 
  0.1095529 118.4515 
  0.188749 119.639 
  -0.1315433 120.8384 
  0.03356182 122.0498 
  0.08793031 123.2734 
  0.06479191 124.5092 
  -0.1096883 126.3862 
  0.01204841 128.2915 
  0.04532405 130.2255 
  0.2811875 132.1886 
  0.5916739 133.5138 
  0.8484919 135.5266 
  0.9465897 136.2042 
  0.956879 136.2042 
  0.9278856 136.8852 
  0.8034312 134.8523 
  0.8533615 131.531 
  0.9660916 130.8766 
  0.9498403 130.2255 
  0.9017671 128.9329 
  0.8655925 126.3862 
  0.8577 122.6601 
  0.8859993 120.2372 
  0.8874881 117.8622 
  0.823867 115.5342 
  0.7420793 112.128 
  0.6606199 108.8223 
  0.2544797 101.9903 
  -0.2370287 102.5003 
  0.1961074 103.0128 
  0.2565351 103.5278 
  0.005968659 104.0455 
  -0.002459666 104.5657 
  -0.07022893 105.0885 
  0.07758275 105.614 
  0.1423897 106.142 
  -0.003397751 106.6728 
  -0.1546315 107.2061 
  -0.1679769 107.7421 
  -0.1693624 108.2809 
  -0.008319452 108.8223 
  -0.1404417 109.3664 
  -0.1837019 109.9132 
  0.3308796 110.4628 
  0.3085369 111.0151 
  0.2722212 111.5702 
  0.2725519 112.128 
  -0.02808358 112.6886 
  0.7375673 113.8184 
  0.9573503 114.9594 
  0.9918835 114.9594 
  0.993234 114.9594 
  0.9815268 115.5342 
  0.9673703 116.1118 
  0.953906 117.2759 
  0.9633991 119.0438 
  0.9183075 122.0498 
  0.7930961 126.3862 
  0.7202588 130.8766 
  0.8951808 134.8523 
  0.9248501 134.8523 
  0.9025183 133.5138 
  0.7368055 131.531 
  0.4998441 126.3862 
  0.6324638 117.2759 
  0.3641199 115.5342 
  0.4731465 113.2521 
  0.1247615 112.128 
  0.133136 111.5702 
  0.01722715 111.0151 
  -0.2491339 111.0151 
  0.09068754 110.4628 
  0.5431772 109.9132 
  0.8484395 109.3664 
  0.8419508 107.7421 
  0.8564593 105.614 
  0.9410167 103.5278 
  0.9373597 101.9903 
  0.8681899 100.4756 
  0.7877619 99.47836 
  0.8179313 98.98344 
  0.966764 98.491 
  0.9796197 98.00098 
  0.9783938 98.00098 
  0.9852649 98.00098 
  0.9458622 98.00098 
  0.5646952 98.00098 
  0.6780517 97.02828 
  0.7641701 96.06523 
  0.955299 95.5873 
  0.9176335 94.63854 
  0.9408162 94.1677 
  0.9511854 94.1677 
  0.9670942 94.1677 
  0.9664989 93.6992 
  0.9548019 94.1677 
  0.9524859 94.1677 
  0.943717 94.63854 
  0.9170702 95.5873 
  0.8944907 96.54556 
  0.8270512 97.51342 
  0.6926423 99.47836 
  0.2799946 99.97575 
  0.15555 98.98344 
  0.2354187 99.47836 
  0.02751015 99.97575 
  -0.1547843 99.97575 
  0.1413527 99.97575 
  0.4331022 99.97575 
  0.5490934 99.97575 
  0.2204754 99.97575 
  -0.0594949 99.97575 
  0.02640495 99.97575 
  -0.02494062 99.97575 
  0.0412517 99.97575 
  0.1806728 99.97575 
  -0.05503482 99.97575 
  -0.2162707 99.97575 ]
