 [
  0.4623189 275.1726 
  0.1831044 275.1726 
  0.3306001 275.1726 
  0.071739 275.1726 
  -0.06493907 275.1726 
  -0.09281865 275.1726 
  -0.1057534 275.1726 
  -0.1303589 275.1726 
  -0.06791226 275.1726 
  -0.1380217 275.1726 
  -0.1705656 275.1726 
  -0.003975766 275.1726 
  0.7370462 275.1726 
  0.4270414 271.0859 
  0.5376523 251.5452 
  0.9399289 250.2938 
  0.9817151 251.5452 
  0.9882295 254.067 
  0.9946747 256.614 
  0.9884976 256.614 
  0.9524897 256.614 
  0.886125 256.614 
  0.9917608 255.3373 
  0.9996065 256.614 
  0.9994841 257.8971 
  0.999049 260.4825 
  0.9986473 263.0938 
  0.9988006 265.7313 
  0.9985915 268.3953 
  0.9985977 271.0859 
  0.9991494 273.8036 
  1.000199 276.5485 
  0.9991931 279.3209 
  0.9901091 282.1211 
  0.8252503 289.245 
  0.8899898 287.806 
  0.9554764 287.806 
  0.9893108 289.245 
  0.9785594 293.6054 
  0.9843856 298.0316 
  0.9793434 304.037 
  0.9881203 310.1635 
  0.9730015 316.4135 
  0.9172639 322.7894 
  0.9113206 335.9292 
  0.9763654 353.1087 
  0.9919861 362.0251 
  0.9976803 365.6544 
  0.9614359 362.0251 
  0.9487046 356.6486 
  0.9630932 347.8645 
  0.976465 339.2969 
  0.9223781 329.2938 
  0.5575117 319.5855 
  0.1351068 310.1635 
  0.123124 301.0193 
  0.1198639 292.1447 
  -0.02606358 283.5317 
  0.1702717 275.1726 
  0.02303543 267.06 
  0.08221322 259.1866 
  0.00204281 251.5452 
  0.7560056 242.9146 
  0.8158887 234.5801 
  0.7840217 227.6642 
  0.7179539 219.853 
  0.1390333 207.0808 
  0.08551565 192.1537 
  0.1158312 192.1537 
  0.2412201 200.9756 
  0.3785788 204.0054 
  0.4856128 212.3098 
  0.8454471 222.057 
  0.9698605 227.6642 
  0.9966329 231.0963 
  0.9948731 234.5801 
  0.9900522 239.307 
  0.9928753 244.1292 
  0.9958073 249.0485 
  0.9988147 252.8029 
  0.9996697 254.067 
  0.9956697 254.067 
  0.9859847 252.8029 
  0.9684693 250.2938 
  0.9597485 247.8095 
  0.8449286 244.1292 
  0.3807684 240.5036 
  0.2030734 236.9318 
  0.163355 233.4131 
  -0.02812715 229.9466 
  -0.1029868 226.5316 
  0.01599216 223.1673 
  -0.1630153 224.2832 
  0.4094278 231.0963 
  0.7678502 233.4131 
  0.9693422 236.9318 
  0.9841913 240.5036 
  0.9822245 242.9146 
  0.971179 245.3498 
  0.9035559 246.5766 
  0.8336446 250.2938 
  0.4518715 254.067 
  0.1305872 257.8971 
  0.1453437 261.7849 
  0.2357728 265.7313 
  0.6549903 271.0859 
  0.95933 276.5485 
  0.9829627 282.1211 
  0.9924506 286.3741 
  0.9957057 290.6912 
  0.9978287 292.1447 
  0.9965616 290.6912 
  0.9940315 290.6912 
  0.9898393 295.0734 
  0.9949803 299.5217 
  0.9951496 301.0193 
  0.9776424 301.0193 
  0.9535308 299.5217 
  0.8751301 298.0316 
  -0.01551092 296.5488 
  0.07231503 295.0734 
  -0.0463673 293.6054 
  0.04709414 292.1447 
  0.09416257 290.6912 
  0.2668031 289.245 
  0.0491506 287.806 
  -0.08775112 286.3741 
  -0.1836909 284.9493 
  0.5708745 283.5317 
  0.6753951 282.1211 
  0.7459244 275.1726 
  0.9477652 265.7313 
  0.9761156 260.4825 
  0.9868782 259.1866 
  0.9880733 260.4825 
  0.9856542 265.7313 
  0.9912438 269.7372 
  0.9954392 273.8036 
  0.9978737 276.5485 
  0.9991953 277.9312 
  0.9975937 277.9312 
  0.9885783 275.1726 
  0.9839615 269.7372 
  0.9879732 265.7313 
  0.991625 264.4093 
  0.9837817 265.7313 
  0.9819226 268.3953 
  0.9673769 267.06 
  0.9774791 265.7313 
  0.9841442 267.06 
  0.9882874 269.7372 
  0.9953912 271.0859 
  0.9889956 271.0859 
  0.9839147 269.7372 
  0.9623975 265.7313 
  0.985629 263.0938 
  0.9991935 261.7849 
  0.9981983 263.0938 
  0.998031 264.4093 
  0.9974396 267.06 
  0.9950736 269.7372 
  0.9904803 272.4414 
  0.9773617 275.1726 
  0.9187468 279.3209 
  0.7363666 283.5317 
  0.3327993 287.806 
  0.1642964 292.1447 
  -0.01299226 296.5488 
  -0.09575494 301.0193 
  -0.05330936 305.5572 
  0.197662 310.1635 
  0.2640795 314.8393 
  0.9020025 319.5855 
  0.9468645 322.7894 
  0.9632456 319.5855 
  0.9750909 313.2729 
  0.9636029 304.037 
  0.984966 298.0316 
  0.9943799 296.5488 
  0.9933885 298.0316 
  0.9974147 299.5217 
  0.9989542 301.0193 
  0.9888097 298.0316 
  0.9635127 290.6912 
  0.930571 280.7175 
  0.9111961 269.7372 
  0.8919706 257.8971 
  0.8615287 245.3498 
  0.8026096 238.1164 
  0.4477648 239.307 
  0.2279741 246.5766 
  0.2952772 249.0485 
  0.4431598 252.8029 
  0.5935857 256.614 
  0.8889465 257.8971 
  0.9669157 259.1866 
  0.951982 259.1866 
  0.8915117 259.1866 
  0.7080008 259.1866 
  0.1153631 259.1866 
  -0.1039383 259.1866 
  -0.04817561 259.1866 
  0.01647117 259.1866 
  -0.00809784 259.1866 
  0.01225082 259.1866 
  0.2495577 259.1866 
  0.1461835 259.1866 
  -0.2271275 259.1866 
  -0.4011961 259.1866 
  -0.2830699 259.1866 
  -0.3948374 259.1866 
  -0.322946 259.1866 
  -0.3377437 259.1866 
  -0.06006725 259.1866 
  -0.1113082 259.1866 
  -0.1590584 259.1866 ]
