 [
  0.04220153 109.3664 
  0.1203816 109.3664 
  0.1549887 109.3664 
  0.08601241 109.3664 
  0.04352778 109.3664 
  0.02293097 109.3664 
  0.3052933 109.3664 
  0.4121808 109.3664 
  0.07245918 109.3664 
  0.09176207 109.3664 
  0.005652381 109.3664 
  0.02956138 109.3664 
  0.05093478 109.3664 
  0.1499946 109.3664 
  0.1656849 109.3664 
  0.2848023 109.3664 
  0.0912371 109.3664 
  -0.05703566 109.3664 
  0.0770511 109.3664 
  0.1002894 109.3664 
  0.1744391 108.8223 
  0.07185768 107.7421 
  0.5886337 104.0455 
  0.3089955 106.6728 
  0.5167192 108.8223 
  0.9326971 111.0151 
  0.9285049 111.5702 
  0.8634439 110.4628 
  0.7563246 108.2809 
  0.4897767 107.2061 
  0.3557422 108.8223 
  0.1417925 109.9132 
  -0.05732325 111.0151 
  -0.1024138 112.128 
  0.04232348 113.2521 
  0.08762038 114.3874 
  -0.05509796 115.5342 
  -0.1116229 116.6924 
  -0.004980542 117.8622 
  -0.03072484 119.639 
  -0.008467714 120.8384 
  0.5689833 120.8384 
  0.7769915 122.0498 
  0.895012 123.8897 
  0.970191 125.1317 
  0.9858747 125.7574 
  0.9536564 126.3862 
  0.9317018 128.2915 
  0.96039 130.2255 
  0.9495173 131.531 
  0.9452131 132.8496 
  0.9586169 134.1814 
  0.95667 134.8523 
  0.933427 134.8523 
  0.9142264 135.5266 
  0.9433083 136.2042 
  0.966495 135.5266 
  0.9691716 133.5138 
  0.9697579 132.1886 
  0.9892139 130.2255 
  0.9827981 130.2255 
  0.9690215 129.5776 
  0.9533728 128.2915 
  0.9644182 127.0181 
  0.9681594 126.3862 
  0.9414532 125.1317 
  0.885921 123.2734 
  0.7874501 121.4426 
  0.6530459 122.0498 
  0.7532967 124.5092 
  0.6728747 128.2915 
  0.6071745 134.1814 
  0.8173254 141.0434 
  0.86839 148.2564 
  0.9561822 149.7427 
  0.9779439 148.9977 
  0.987233 148.9977 
  0.9811388 149.7427 
  0.9665917 151.2439 
  0.9745576 152.7601 
  0.9868537 153.5239 
  0.980999 152.7601 
  0.9803328 152.0001 
  0.9246745 150.4914 
  0.8966733 147.5188 
  0.8517463 144.605 
  -0.1346392 143.8855 
  0.002032322 143.1697 
  -0.129676 142.4574 
  -0.1563217 141.7487 
  0.0550145 141.0434 
  0.4394525 141.0434 
  0.2098998 140.3417 
  0.1184355 139.6435 
  0.0903767 138.9488 
  -0.1541824 138.2575 
  0.5248233 137.5696 
  0.5152428 123.2734 
  0.6187551 125.1317 
  0.8371627 123.8897 
  0.763626 120.8384 
  0.852243 118.4515 
  0.8293006 116.1118 
  0.7564774 113.8184 
  0.8197187 111.0151 
  0.9126984 108.8223 
  0.9429946 106.6728 
  0.5703914 104.5657 
  0.8423491 100.4756 
  0.392553 100.978 
  -0.193889 100.978 
  -0.01904062 101.4829 
  0.07459777 101.9903 
  -0.07770462 102.5003 
  -0.2587487 103.0128 
  -0.06211479 103.5278 
  0.05522528 103.5278 
  0.2033899 103.5278 
  0.1552857 103.5278 
  0.0369132 104.0455 
  -0.08635342 104.5657 
  -0.02037649 105.0885 
  -0.1892854 105.614 
  0.5872197 107.2061 
  0.657371 109.9132 
  0.8703926 109.9132 
  0.9854981 111.0151 
  0.9899046 111.0151 
  0.9911338 110.4628 
  0.995916 110.4628 
  0.9837533 109.9132 
  0.9845328 109.3664 
  0.9900765 109.3664 
  0.9896314 109.3664 
  0.9866812 109.3664 
  0.9822646 108.8223 
  0.9786884 108.8223 
  0.973461 108.2809 
  0.9577299 107.7421 
  0.8269895 107.7421 
  0.5770276 107.7421 
  0.2266804 107.7421 
  0.304232 107.7421 
  0.4043679 107.7421 
  0.6223913 107.7421 
  0.8627483 107.7421 
  0.3262955 107.7421 
  0.05601168 107.7421 
  -0.06020457 107.7421 
  -0.06494968 107.7421 
  -0.07764149 107.7421 
  -0.1339779 107.7421 
  -0.07286689 107.7421 
  0.01293994 107.7421 ]
