 [
  -0.1732573 120.8384 
  -0.2168856 120.8384 
  -0.2116276 120.8384 
  -0.2104869 120.8384 
  -0.3421117 120.8384 
  -0.2337032 120.8384 
  -0.12809 120.8384 
  -0.03450422 120.8384 
  -0.1441913 120.8384 
  -0.1491857 120.8384 
  -0.346799 120.8384 
  0.1887206 120.8384 
  0.01100163 120.8384 
  0.7201442 120.8384 
  0.726374 118.4515 
  0.9278551 118.4515 
  0.9579348 120.2372 
  0.9549057 123.2734 
  0.9734265 124.5092 
  0.9848016 125.1317 
  0.9771476 125.1317 
  0.9707671 123.2734 
  0.9520698 122.0498 
  0.890545 120.8384 
  0.8260003 118.4515 
  0.4397333 119.0438 
  0.8426014 120.8384 
  0.5817661 123.2734 
  0.2197239 125.7574 
  -0.04876989 128.9329 
  -0.1142208 132.1886 
  0.01668723 135.5266 
  0.1300732 138.9488 
  0.1060243 142.4574 
  0.05738344 146.7849 
  0.1140832 150.4914 
  0.3118316 153.5239 
  -0.04941159 155.8383 
  0.4242544 158.1876 
  0.8458597 159.7734 
  0.9325266 158.9785 
  0.991119 158.9785 
  0.9870034 159.7734 
  0.9868773 160.5723 
  0.9825417 160.5723 
  0.9660419 159.7734 
  0.9369308 156.6175 
  0.8643644 153.5239 
  0.6291814 152.0001 
  -0.01232132 150.4914 
  0.2066963 148.9977 
  -0.03247792 147.5188 
  -0.1222992 146.0546 
  -0.1116267 144.605 
  -0.08442009 143.1697 
  -0.1183962 141.7487 
  0.6778555 142.4574 
  0.8313266 141.0434 
  0.9685614 139.6435 
  0.9342197 137.5696 
  0.8372998 134.8523 
  0.7739683 131.531 
  0.5368074 129.5776 
  0.2401974 132.1886 
  0.1201398 135.5266 
  -0.1815066 138.9488 
  -0.1653735 142.4574 
  0.1914279 146.0546 
  0.05389072 148.9977 
  0.1369868 152.0001 
  0.1686749 154.2915 
  0.07155238 156.6175 
  -0.1432806 158.9785 
  0.2895077 162.182 
  -0.005381389 165.4501 
  0.4079235 168.784 
  0.581932 171.3284 
  0.1401118 173.9112 
  -0.05350753 176.533 
  0.8061637 181.8956 
  0.5768387 162.182 
  0.698567 160.5723 
  0.9356987 158.9785 
  0.9618555 159.7734 
  0.9893755 159.7734 
  0.9894063 159.7734 
  0.9628587 159.7734 
  0.8907505 158.9785 
  0.6349287 158.9785 
  0.9348274 157.4006 
  0.9212292 153.5239 
  0.8398654 148.9977 
  0.3794896 134.1814 
  0.3584859 129.5776 
  0.3417712 124.5092 
  0.4603681 119.0438 
  0.5923854 114.3874 
  0.7461193 108.2809 
  0.6890693 105.614 
  -0.01156556 107.2061 
  0.04619685 108.8223 
  0.08146996 110.4628 
  0.3089538 112.128 
  0.23472 113.8184 
  -0.02756712 115.5342 
  0.1162145 117.2759 
  -0.09588521 119.0438 
  0.005297193 120.8384 
  0.1565112 122.0498 
  0.154267 123.2734 
  0.7846905 125.7574 
  0.8612449 124.5092 
  0.9054211 123.2734 
  0.8895133 121.4426 
  0.8478873 119.639 
  0.9085804 116.6924 
  0.9505744 114.9594 
  0.8041035 114.3874 
  0.686484 113.2521 
  0.3319372 109.9132 
  0.3857404 115.5342 
  0.7524335 114.9594 
  0.8717725 114.3874 
  0.9253678 113.8184 
  0.9029725 112.128 
  0.9403503 109.9132 
  0.9496181 108.8223 
  0.966105 107.7421 
  0.9432569 107.7421 
  0.8122714 108.8223 
  0.5516515 111.5702 
  0.2600435 114.3874 
  0.4553198 117.2759 
  0.1400953 120.8384 
  0.1830152 124.5092 
  0.8167244 126.3862 
  0.7765048 127.0181 
  0.7920417 123.8897 
  0.8434401 122.6601 
  0.8770989 121.4426 
  0.9328418 120.2372 
  0.9715798 119.639 
  0.9809591 119.639 
  0.990003 119.639 
  0.9796096 119.0438 
  0.9683679 119.0438 
  0.86996 118.4515 
  0.648116 117.2759 
  0.626293 113.2521 
  0.6613466 106.6728 
  -0.2196005 108.2809 
  0.1483833 109.3664 
  0.03338612 111.0151 
  -0.1741676 112.128 
  -0.4882618 113.2521 
  0.3042925 114.3874 
  0.825442 115.5342 
  0.9512413 117.2759 
  0.9562055 119.0438 
  0.9788726 120.8384 
  0.9650567 123.2734 
  0.9317069 127.0181 
  0.7573892 134.1814 
  0.7933947 143.1697 
  0.8887027 151.2439 
  0.9333706 156.6175 
  0.9510244 161.3751 
  0.9674577 164.6269 
  0.9766136 168.784 
  0.9869957 170.476 
  0.9837935 171.3284 
  0.9550245 169.6279 
  0.8939449 164.6269 
  0.7902305 159.7734 
  0.4444615 154.2915 
  0.09466897 149.7427 
  0.03112501 144.605 
  0.1122887 141.7487 
  0.1002804 138.9488 
  0.03497404 136.2042 
  -0.09564076 133.5138 
  -0.06202712 130.8766 
  -0.05535724 128.2915 
  0.0943753 125.7574 
  0.09686418 123.2734 
  -0.03941788 120.8384 
  0.2970009 118.4515 
  0.221831 116.1118 
  0.0129111 113.2521 
  -0.1793452 109.3664 
  0.5488269 109.9132 
  0.7904397 108.2809 
  0.6110495 103.5278 
  0.8420349 98.98344 
  0.7882019 95.5873 
  0.8947871 92.7692 
  0.9389347 91.39146 
  0.9094187 90.03418 
  0.8697218 88.69706 
  0.8511885 87.8167 
  0.9148812 86.94508 
  0.9588677 86.51251 
  0.9652927 86.51251 
  0.9488462 86.0821 
  0.9474759 85.2277 
  0.8919403 84.80367 
  0.770692 83.96195 
  0.7409304 82.3035 
  0.2288975 82.3035 
  -0.2177242 82.71502 
  -0.1197522 82.71502 
  -0.1577816 82.71502 
  0.1882774 82.71502 
  0.02171743 82.71502 
  -0.01275077 83.12859 
  0.04949803 83.54424 
  0.1574664 83.96195 
  0.1446662 84.38177 
  -0.1828914 84.80367 
  -0.1113417 85.65383 
  -0.213138 86.51251 
  -0.1577637 87.3798 
  -0.0667173 88.25578 
  0.07357302 89.14054 
  0.1437961 90.03418 
  0.2807684 90.93677 
  0.09387138 91.84841 
  0.02955788 92.7692 
  0.1433767 93.6992 
  0.3198135 94.63854 
  0.5292309 95.5873 
  0.7478026 96.06523 
  0.8665318 96.54556 
  0.9154295 96.06523 
  0.9437146 96.06523 
  0.9470677 96.06523 
  0.9345079 95.5873 
  0.9430663 95.5873 
  0.9761268 96.06523 
  0.9861708 96.54556 
  0.9920583 96.54556 
  0.9139869 95.5873 
  0.7164543 95.11173 
  0.4324737 96.06523 
  0.005381137 97.02828 
  0.09525654 98.00098 
  0.1263024 98.98344 
  0.1333837 99.97575 
  0.0541999 101.4829 
  -0.1033631 103.0128 
  0.1274962 104.5657 
  0.003882058 106.142 
  -0.09035723 108.2809 
  0.5706589 111.0151 
  0.4580951 105.0885 
  0.7396545 102.5003 
  0.9395437 100.978 
  0.9240773 98.98344 
  0.9440427 97.02828 
  0.9793535 96.06523 
  0.9926363 95.5873 
  0.996849 95.11173 
  0.9939387 95.11173 
  0.9883207 94.63854 
  0.9836978 93.6992 
  0.978765 92.7692 
  0.9839905 92.30766 
  0.9238131 93.23304 
  0.8056495 95.5873 
  0.6808467 99.97575 
  0.7039312 104.5657 
  0.8072929 108.8223 
  0.8644215 112.128 
  0.9340661 114.3874 
  0.976512 115.5342 
  0.9879308 115.5342 
  0.9850967 115.5342 
  0.951938 113.8184 
  0.9359989 111.5702 
  0.9233136 109.3664 
  0.886268 106.142 
  0.8590351 103.5278 
  0.9010432 100.4756 
  0.9552311 98.491 
  0.9576383 97.02828 
  0.9297423 96.06523 
  0.8955013 96.06523 
  0.7422969 96.06523 
  0.4407832 96.06523 
  -0.2882881 96.06523 
  -0.4733455 96.06523 
  0.04410929 96.06523 
  0.1095998 96.06523 
  -0.02049121 96.06523 
  0.0520357 96.06523 
  0.07373272 96.06523 
  0.1843353 95.5873 
  0.2954334 95.5873 
  0.2784069 95.5873 
  0.2363308 95.5873 
  0.139891 95.5873 
  0.04096386 95.5873 
  0.1711765 95.5873 
  0.1162665 95.5873 
  0.1907517 95.5873 
  0.201506 95.5873 
  0.2050274 95.5873 
  0.1217347 96.06523 
  0.1087593 97.02828 
  0.1015428 97.51342 
  -0.1287399 98.00098 
  -0.04197294 98.00098 
  -0.02989462 98.00098 
  0.1359456 98.491 
  0.1638476 98.98344 
  0.08534673 98.98344 
  -0.3471987 98.491 
  -0.02879898 97.51342 
  0.1173116 97.02828 
  0.2595024 96.54556 
  0.2967568 96.54556 
  0.6428521 96.54556 
  0.5325172 96.54556 
  0.3377789 96.54556 
  0.08431089 96.54556 
  0.1221746 96.54556 
  -0.01767614 96.54556 
  0.1702797 96.54556 
  -0.02794445 96.54556 
  -0.0310773 96.54556 
  -0.04732609 96.54556 
  -0.07096732 96.54556 
  0.1000019 96.54556 
  0.2232203 96.54556 
  0.08265668 96.54556 
  0.1751274 96.54556 
  0.1672903 96.54556 
  0.05215424 96.54556 
  0.03610583 96.54556 
  0.1761354 96.54556 
  0.2587157 96.54556 
  0.04471519 96.54556 
  -0.03388192 96.54556 
  -0.2032927 96.54556 
  -0.05513161 96.54556 
  0.100642 96.54556 
  0.06512439 96.54556 
  -0.09173141 96.54556 
  -0.1437691 96.54556 
  -0.02422471 96.54556 
  0.2218558 96.54556 
  0.0774439 96.54556 
  -0.1723768 96.54556 ]
