 [
  0.0821927 226.5316 
  0.2971658 226.5316 
  0.2371166 226.5316 
  0.1365333 226.5316 
  0.1813828 226.5316 
  -0.05005422 226.5316 
  -0.2022248 226.5316 
  -0.2687802 226.5316 
  -0.2788298 226.5316 
  -0.4138393 226.5316 
  0.1037031 226.5316 
  0.2725316 226.5316 
  0.4018165 226.5316 
  0.4013764 226.5316 
  0.7616106 226.5316 
  0.2361092 226.5316 
  0.7747515 226.5316 
  0.862973 222.057 
  0.9447561 223.1673 
  0.9894919 225.4046 
  0.9878963 225.4046 
  0.9713726 223.1673 
  0.9735258 219.853 
  0.997438 217.6709 
  0.9913903 216.5879 
  0.978102 215.5104 
  0.9432107 215.5104 
  0.8245749 216.5879 
  0.6056117 218.7592 
  0.09132657 219.853 
  0.0214667 222.057 
  -0.04425359 224.2832 
  0.08267565 226.5316 
  -0.03679817 229.9466 
  -0.002399588 233.4131 
  0.09866799 236.9318 
  0.07903387 239.307 
  0.00917569 242.9146 
  -0.06321361 246.5766 
  -0.06861079 250.2938 
  -0.01527657 252.8029 
  0.006973343 255.3373 
  0.01717949 256.614 
  0.398404 260.4825 
  0.8188418 256.614 
  0.9355946 255.3373 
  0.9903326 252.8029 
  0.9928614 251.5452 
  0.9929205 249.0485 
  0.9932451 249.0485 
  0.9937297 247.8095 
  0.9933126 247.8095 
  0.9955707 249.0485 
  0.9971368 250.2938 
  0.9919038 251.5452 
  0.9858409 254.067 
  0.9877106 255.3373 
  0.9841246 257.8971 
  0.983673 260.4825 
  0.9828775 263.0938 
  0.9914269 265.7313 
  0.9944004 267.06 
  0.9938108 268.3953 
  0.9942159 269.7372 
  0.9920861 269.7372 
  0.9568107 267.06 
  0.886678 261.7849 
  0.6498541 254.067 
  0.1381808 254.067 
  0.1809387 254.067 
  -0.0740119 251.5452 
  0.04785758 249.0485 
  -0.06677963 246.5766 
  -0.2502204 244.1292 
  0.1364946 241.7061 
  -0.002663285 239.307 
  0.1045292 236.9318 
  0.02590865 234.5801 
  0.6987928 232.2518 
  0.3279765 232.2518 
  0.4534583 224.2832 
  0.7376197 220.9523 
  0.9749103 220.9523 
  0.989695 220.9523 
  0.9923682 218.7592 
  0.9600037 217.6709 
  0.9013022 217.6709 
  0.7519523 216.5879 
  0.9760647 215.5104 
  0.933491 216.5879 
  0.8590665 218.7592 
  0.5972537 222.057 
  0.5503047 224.2832 
  0.3667667 226.5316 
  0.4865639 226.5316 
  0.8019705 226.5316 
  0.8935543 224.2832 
  0.8705556 222.057 
  0.8651607 219.853 
  0.1881461 217.6709 
  0.7881598 217.6709 
  0.8983696 217.6709 
  0.8953024 217.6709 
  0.9103948 217.6709 
  0.939753 217.6709 
  0.9052968 217.6709 
  0.9018854 217.6709 
  0.9651008 218.7592 
  0.9604869 219.853 
  0.974735 218.7592 
  0.9864684 217.6709 
  0.9926541 216.5879 
  0.991808 216.5879 
  0.9898463 216.5879 
  0.9872186 215.5104 
  0.9914758 216.5879 
  0.9889253 217.6709 
  0.9883317 217.6709 
  0.9932541 218.7592 
  0.9938081 218.7592 
  0.988605 219.853 
  0.9899295 220.9523 
  0.9941651 220.9523 
  0.9932222 222.057 
  0.9865038 223.1673 
  0.9868476 225.4046 
  0.9833872 226.5316 
  0.9853269 228.8026 
  0.9912156 229.9466 
  0.9931145 229.9466 
  0.9960933 229.9466 
  0.9922141 229.9466 
  0.9899178 228.8026 
  0.9887766 227.6642 
  0.9804766 223.1673 
  0.9759035 219.853 
  0.9741578 217.6709 
  0.9243532 214.4382 
  0.8433812 210.2025 
  0.9063742 205.0254 
  0.9334525 200.9756 
  0.8620507 195.0505 
  0.2852753 187.4211 
  0.09832834 180.9906 
  0.1597446 179.1942 
  -0.1665649 182.8051 
  0.08174017 188.3582 
  0.01796357 197.9909 
  0.04989284 201.9805 
  0.4754804 205.0254 
  0.6206188 208.1162 
  0.1889461 213.3714 
  0.09809706 217.6709 
  0.4114497 209.1568 
  0.7440811 208.1162 
  0.9829546 208.1162 
  0.9682693 210.2025 
  0.9817708 212.3098 
  0.9807801 213.3714 
  0.977258 215.5104 
  0.9743261 218.7592 
  0.9833968 219.853 
  0.9914272 222.057 
  0.9887098 223.1673 
  0.9796605 223.1673 
  0.9536956 224.2832 
  0.9128884 225.4046 
  0.4885816 226.5316 
  0.9004487 228.8026 
  0.8987086 231.0963 
  0.835639 233.4131 
  0.8974804 234.5801 
  0.9559155 236.9318 
  0.9750569 239.307 
  0.9920474 240.5036 
  0.9986094 240.5036 
  0.9983678 240.5036 
  0.9989436 240.5036 
  0.9978566 241.7061 
  1.002448 241.7061 
  0.9978831 242.9146 
  0.9986466 244.1292 
  0.996495 245.3498 
  0.9976568 245.3498 
  0.9989952 246.5766 
  0.9981434 246.5766 
  0.9965468 247.8095 
  0.9977985 247.8095 
  0.9975951 247.8095 
  0.9966416 249.0485 
  0.9983245 249.0485 
  0.996299 249.0485 
  0.9941497 250.2938 
  0.9911274 250.2938 
  0.9844382 250.2938 
  0.9645931 249.0485 
  0.9290106 247.8095 
  0.8570373 247.8095 
  0.05134117 246.5766 
  0.1282181 245.3498 
  0.2787497 245.3498 
  -0.02163482 245.3498 
  0.09425427 244.1292 
  0.02535554 242.9146 
  0.1047644 241.7061 
  0.1808627 240.5036 
  0.2213633 239.307 
  0.06921472 238.1164 
  0.04794617 236.9318 
  0.01130018 235.753 
  -0.006857239 234.5801 
  0.7247086 231.0963 
  0.8546536 224.2832 
  0.979376 222.057 
  0.9767107 219.853 
  0.9629037 215.5104 
  0.9800765 213.3714 
  0.9878644 211.2535 
  0.9845771 209.1568 
  0.9868893 207.0808 
  0.9880212 205.0254 
  0.9916729 204.0054 
  0.9922088 204.0054 
  0.9946159 202.9904 
  0.9874142 201.9805 
  0.9885586 200.9756 
  0.996056 199.9758 
  0.9939054 199.9758 
  0.9958981 198.9809 
  0.9964231 198.9809 
  0.9929143 198.9809 
  0.9930591 198.9809 
  0.9945733 197.9909 
  0.9958647 197.9909 
  0.9952144 198.9809 
  0.9965559 198.9809 
  0.9978966 198.9809 
  0.9978594 198.9809 
  0.9976028 198.9809 
  0.9977468 198.9809 
  0.9984629 198.9809 
  0.9966484 198.9809 
  0.9832286 198.9809 
  0.9696841 197.9909 
  0.9128964 197.0059 
  0.7394738 197.0059 
  0.2097443 197.0059 
  0.02494359 197.0059 
  -0.06558466 197.0059 
  0.1031015 197.0059 
  -0.004836071 197.0059 
  -0.3151265 197.0059 
  0.0149051 197.0059 
  0.001532891 197.0059 
  -0.04728933 196.0257 
  0.09641885 195.0505 
  0.2211882 195.0505 
  0.1983798 195.0505 
  -0.4426577 195.0505 
  -0.3014638 195.0505 
  -0.06597102 195.0505 
  -0.2097556 195.0505 
  0.0322779 195.0505 
  -0.1659794 195.0505 
  0.02317877 195.0505 
  0.05180728 195.0505 
  -0.07978441 195.0505 
  0.05957937 195.0505 
  -0.05142698 195.0505 
  -0.07753544 195.0505 
  -0.07256354 195.0505 
  -0.1025456 195.0505 
  -0.1472716 195.0505 
  -0.1249052 195.0505 
  -0.183246 195.0505 
  -0.188416 195.0505 
  -0.1642628 195.0505 
  0.003159508 195.0505 
  0.05160003 195.0505 
  0.1403127 195.0505 
  0.3089231 195.0505 
  0.2617462 196.0257 
  0.2966631 197.0059 
  0.06849924 197.9909 
  -0.0186419 198.9809 
  0.03883486 199.9758 
  -0.02450107 200.9756 
  -0.054806 201.9805 
  -0.02136621 202.9904 
  0.2657892 204.0054 
  0.04679561 205.0254 
  -0.1172958 206.0505 
  0.2059343 207.0808 
  0.1189436 208.1162 
  -0.1540907 209.1568 
  -0.1454618 210.2025 
  -0.003659 211.2535 
  0.09414333 212.3098 
  0.2016591 213.3714 
  0.01310289 214.4382 
  0.07953361 215.5104 
  0.1034046 216.5879 
  0.1505327 217.6709 
  0.104998 218.7592 
  0.1173533 219.853 
  -0.08866448 222.057 
  0.1060248 223.1673 
  -0.2477856 225.4046 
  0.03014882 227.6642 
  0.05988428 231.0963 
  0.6669365 235.753 
  0.8705341 232.2518 
  0.9518541 227.6642 
  0.9774238 224.2832 
  0.9740043 220.9523 
  0.9738558 217.6709 
  0.9587515 214.4382 
  0.9718527 212.3098 
  0.990562 210.2025 
  0.9891603 209.1568 
  0.9885522 209.1568 
  0.9882959 208.1162 
  0.9852434 207.0808 
  0.9838645 206.0505 
  0.9862713 205.0254 
  0.9861441 205.0254 
  0.9573176 207.0808 
  0.940542 210.2025 
  0.9639666 213.3714 
  0.9798414 216.5879 
  0.9726954 217.6709 
  0.9333263 217.6709 
  0.8399031 215.5104 
  0.5596748 216.5879 
  0.05586097 217.6709 
  0.1873396 218.7592 
  0.1843576 219.853 
  0.09774308 220.9523 
  0.04509053 222.057 
  0.08515596 223.1673 
  0.03391895 225.4046 
  -0.1670446 227.6642 
  -0.2918955 229.9466 
  0.001346341 232.2518 
  0.2484609 234.5801 
  0.2696177 235.753 
  0.4487526 236.9318 
  0.1943108 238.1164 
  0.09522037 239.307 
  0.4756835 241.7061 
  0.314871 241.7061 
  0.4198601 240.5036 
  0.2372343 239.307 
  0.299256 236.9318 
  0.7615556 232.2518 
  0.8541668 225.4046 
  0.9685556 219.853 
  0.9862688 215.5104 
  0.9859043 212.3098 
  0.9913107 209.1568 
  0.9966931 207.0808 
  0.996716 205.0254 
  0.9967101 204.0054 
  0.971997 201.9805 
  0.9214804 198.9809 
  0.8923481 196.0257 
  0.9864851 194.0801 
  0.9899328 192.1537 
  0.9889944 189.3 
  0.9915423 186.4887 
  0.9807534 184.6377 
  0.9493734 182.8051 
  0.8947509 181.8956 
  0.6253203 181.8956 
  0.7814722 182.8051 
  0.9100714 182.8051 
  0.9283482 180.9906 
  0.9662739 178.3027 
  0.9729251 176.533 
  0.9646811 174.7808 
  0.9693726 173.046 
  0.9692534 171.3284 
  0.9794659 171.3284 
  0.9809141 171.3284 
  0.9790837 172.185 
  0.9758183 173.046 
  0.9668205 173.9112 
  0.9535524 174.7808 
  0.9451227 175.6547 
  0.7442724 175.6547 
  0.4671281 175.6547 
  0.2846607 175.6547 
  0.1800472 175.6547 
  0.2642267 175.6547 
  0.2365994 175.6547 
  0.2079279 175.6547 
  0.1107584 175.6547 
  0.02819014 175.6547 
  -0.08485306 175.6547 
  0.03368041 175.6547 
  0.1330094 175.6547 
  -0.02155816 175.6547 
  0.05348274 175.6547 
  -0.069699 175.6547 ]
