 [
  -0.06873058 218.7592 
  0.1124191 218.7592 
  0.3400302 218.7592 
  -0.03451858 218.7592 
  -0.04548634 218.7592 
  -0.04906899 218.7592 
  -0.1068865 218.7592 
  0.3612998 218.7592 
  0.2065744 218.7592 
  0.1895116 218.7592 
  0.1378619 218.7592 
  0.1432902 218.7592 
  -0.02631005 218.7592 
  0.2017936 218.7592 
  0.699927 218.7592 
  0.9100601 222.057 
  0.9453707 225.4046 
  0.9675998 228.8026 
  0.9863712 232.2518 
  0.9962 234.5801 
  0.9924276 234.5801 
  0.9874066 235.753 
  0.9764469 239.307 
  0.9818103 244.1292 
  0.978308 250.2938 
  0.9843749 256.614 
  0.9900607 260.4825 
  0.9902573 263.0938 
  0.9912264 264.4093 
  0.9841783 265.7313 
  0.9552214 265.7313 
  0.8607405 267.06 
  0.2275906 269.7372 
  0.03527809 272.4414 
  0.09062644 275.1726 
  -0.09281646 277.9312 
  -0.1123586 280.7175 
  -0.09604502 283.5317 
  0.8347426 286.3741 
  0.9507698 287.806 
  0.9790204 289.245 
  0.9722513 287.806 
  0.9339473 280.7175 
  0.8957878 273.8036 
  0.9199722 265.7313 
  0.9523446 260.4825 
  0.9641469 256.614 
  0.9796158 254.067 
  0.9703941 250.2938 
  0.9297069 247.8095 
  0.8944659 245.3498 
  0.7218772 239.307 
  0.9396095 235.753 
  0.9614513 233.4131 
  0.9883252 233.4131 
  0.9924284 232.2518 
  0.9868478 232.2518 
  0.9741578 231.0963 
  0.9551103 233.4131 
  0.9386535 238.1164 
  0.7198895 239.307 
  0.834398 241.7061 
  0.3886762 244.1292 
  0.07404443 246.5766 
  0.1782207 249.0485 
  -0.4513236 251.5452 
  -0.4108577 254.067 
  -0.08907777 256.614 
  -0.2035203 259.1866 
  -0.1155388 261.7849 
  -0.09343131 264.4093 
  0.07609244 265.7313 
  0.01115894 265.7313 
  0.7159576 265.7313 
  0.8692918 260.4825 
  0.9340131 255.3373 
  0.9880924 255.3373 
  0.9783404 252.8029 
  0.96245 249.0485 
  0.9726212 245.3498 
  0.9931045 241.7061 
  0.9950035 240.5036 
  0.9955004 240.5036 
  0.9889292 241.7061 
  0.9879969 244.1292 
  0.9830568 246.5766 
  0.9752856 249.0485 
  0.9729249 251.5452 
  0.9694896 249.0485 
  0.8544983 245.3498 
  0.8934001 241.7061 
  0.8815863 238.1164 
  0.7680608 234.5801 
  -0.1002355 231.0963 
  -0.01515273 227.6642 
  0.002612916 225.4046 
  0.22595 225.4046 
  -0.2606049 224.2832 
  0.6016518 211.2535 
  0.7568652 205.0254 
  0.8887113 200.9756 
  0.9715385 197.9909 
  0.9734312 197.0059 
  0.9431431 194.0801 
  0.9734375 191.1978 
  0.983976 189.3 
  0.9775573 187.4211 
  0.9865617 186.4887 
  0.9823337 185.5609 
  0.9898987 183.7191 
  0.9850606 182.8051 
  0.9852977 181.8956 
  0.9888674 180.9906 
  0.9911518 180.0902 
  0.9879816 180.0902 
  0.9911054 180.0902 
  0.9787762 179.1942 
  0.9870781 178.3027 
  0.9813083 179.1942 
  0.9932051 180.0902 
  0.9901497 180.9906 
  0.978878 180.9906 
  0.9232997 180.9906 
  0.8363429 180.9906 
  0.9530915 182.8051 
  0.9957817 184.6377 
  0.9962783 185.5609 
  0.9672808 186.4887 
  0.7563961 187.4211 
  0.4956272 188.3582 
  0.2903465 189.3 
  0.3320003 189.3 
  0.06602506 189.3 
  0.2183716 188.3582 
  -0.06403622 187.4211 
  -0.02185778 186.4887 
  0.3431358 185.5609 
  0.2116586 185.5609 
  0.03614161 185.5609 
  -0.05199749 184.6377 
  0.1207778 183.7191 
  0.2504959 182.8051 
  0.2457229 181.8956 
  0.008991488 180.9906 
  -0.07876813 180.0902 
  -0.3573767 179.1942 
  0.2212051 179.1942 
  -0.05584481 178.3027 
  -0.0668043 177.4156 
  -0.04698198 177.4156 
  -0.08358554 177.4156 
  0.1324392 176.533 
  0.2043903 176.533 
  0.305447 175.6547 
  0.3063888 181.8956 
  0.3868498 186.4887 
  0.9223534 195.0505 
  0.9808228 196.0257 
  0.9310638 196.0257 
  0.8545456 197.0059 
  0.645742 198.9809 
  0.262874 200.9756 
  -0.08606828 202.9904 
  0.08631313 205.0254 
  0.09628695 207.0808 
  0.08952866 210.2025 
  0.1101461 213.3714 
  0.02943651 216.5879 
  0.115816 219.853 
  0.03724765 223.1673 
  0.09491429 226.5316 
  0.4411177 228.8026 
  0.6703703 228.8026 
  0.831598 224.2832 
  0.8985444 218.7592 
  0.9654928 216.5879 
  0.9897666 214.4382 
  0.9965447 215.5104 
  0.9928232 216.5879 
  0.9647455 218.7592 
  0.8995878 223.1673 
  0.8898849 232.2518 
  0.8705164 238.1164 
  0.4591563 240.5036 
  -0.1670172 245.3498 
  -0.1271085 250.2938 
  -0.2713795 255.3373 
  0.06427585 259.1866 
  0.2474444 261.7849 
  0.0238896 264.4093 
  0.03746828 265.7313 
  0.2534672 265.7313 
  0.2356302 264.4093 
  -0.1743965 263.0938 
  0.8137357 261.7849 
  0.8859054 261.7849 
  0.8922663 255.3373 
  0.9656482 249.0485 
  0.9365091 245.3498 
  0.9294214 240.5036 
  0.9805298 236.9318 
  0.9771728 231.0963 
  0.9802439 227.6642 
  0.9635177 222.057 
  0.9378144 216.5879 
  0.9655046 211.2535 
  0.7605227 206.0505 
  0.8294833 201.9805 
  0.9350914 199.9758 
  0.9043662 197.0059 
  0.9695942 194.0801 
  0.983861 193.1145 
  0.9840373 193.1145 
  0.9695097 193.1145 
  0.910047 191.1978 
  0.939298 188.3582 
  0.98768 186.4887 
  0.9862109 186.4887 
  0.975997 186.4887 
  0.9856796 186.4887 
  0.9810965 185.5609 
  0.972487 185.5609 
  0.9815791 184.6377 
  0.9677075 185.5609 
  0.9555362 185.5609 
  0.9554471 186.4887 
  0.942428 187.4211 
  0.960817 188.3582 
  0.9617605 189.3 
  0.8474096 190.2465 
  0.6650501 192.1537 
  0.003078941 193.1145 
  -0.1336202 194.0801 
  0.05369762 195.0505 
  0.1114498 196.0257 
  -0.03122591 197.0059 
  -0.01026933 197.9909 
  0.1089418 198.9809 
  0.09485588 199.9758 
  0.5931262 200.9756 
  0.81882 201.9805 
  0.8972719 201.9805 
  0.9933364 200.9756 
  0.9966948 199.9758 
  0.947507 198.9809 
  0.7458495 197.9909 
  0.8241826 195.0505 
  0.9706594 193.1145 
  0.9952558 192.1537 
  0.9942124 191.1978 
  0.9914605 190.2465 
  0.9936841 189.3 
  0.9263592 188.3582 
  0.8624557 188.3582 
  0.6995361 189.3 
  0.5503615 190.2465 
  0.8256105 190.2465 
  0.9084874 189.3 
  0.979943 190.2465 
  0.9814858 190.2465 
  0.9741598 192.1537 
  0.9392744 193.1145 
  0.8833073 194.0801 
  0.30593 194.0801 
  0.2263932 194.0801 
  0.2811454 194.0801 
  0.03973998 194.0801 
  0.005501512 194.0801 
  -0.02420645 194.0801 
  -0.06052229 194.0801 
  0.03975083 194.0801 
  0.0494525 194.0801 
  0.02630376 194.0801 
  -0.07917801 194.0801 
  0.08527438 194.0801 
  0.4444867 194.0801 
  0.5866086 194.0801 
  0.4817661 195.0505 
  0.1862316 197.9909 
  0.1665217 199.9758 
  0.2951347 200.9756 
  0.3321045 200.9756 
  0.5405804 200.9756 
  0.3834101 200.9756 
  0.3956005 200.9756 
  0.6132188 200.9756 
  0.8461745 200.9756 
  0.8752781 200.9756 
  0.7920838 200.9756 
  0.625421 200.9756 
  0.5622916 200.9756 
  0.3990544 200.9756 
  -0.008869756 200.9756 
  0.1458726 200.9756 
  0.1808577 200.9756 
  0.3656897 200.9756 
  0.1465536 200.9756 
  0.2692909 200.9756 
  0.1085923 200.9756 
  0.05226311 200.9756 
  0.03035954 200.9756 
  0.0197309 200.9756 
  0.03927594 200.9756 
  -0.1038262 200.9756 
  -0.1549703 200.9756 
  0.003710823 200.9756 
  0.003463298 200.9756 
  0.02902236 200.9756 
  0.009043579 200.9756 
  0.03642505 200.9756 
  -0.04896351 200.9756 
  0.1469009 200.9756 
  -0.07897989 200.9756 
  -0.0993365 200.9756 
  -0.03606522 200.9756 
  0.1755874 200.9756 
  0.003370877 200.9756 
  0.1186061 200.9756 
  -0.105315 200.9756 
  -0.03990856 200.9756 
  -0.006139814 200.9756 
  0.03084891 200.9756 
  0.08095302 200.9756 
  -0.112304 200.9756 
  -0.04679441 200.9756 
  -0.05524598 200.9756 
  -0.02838964 200.9756 
  -0.1292204 200.9756 
  -0.09619098 200.9756 
  0.1034513 200.9756 
  -0.08266041 200.9756 
  -0.04085016 200.9756 
  0.06850854 200.9756 
  0.06546146 200.9756 
  -0.08603673 200.9756 
  0.2748326 200.9756 
  0.01406263 200.9756 
  -0.1053211 200.9756 
  0.02181868 200.9756 
  0.08787467 200.9756 
  0.06629611 200.9756 
  -0.1306699 200.9756 
  -0.03002471 200.9756 
  -0.03676711 200.9756 
  -0.2121697 200.9756 
  0.03419035 200.9756 
  -0.07674354 200.9756 
  -0.1308612 200.9756 
  0.004940632 200.9756 ]
