 [
  0.07378709 193.1145 
  0.08785781 193.1145 
  -0.1380541 193.1145 
  -0.01112294 193.1145 
  0.01411117 193.1145 
  0.1143733 193.1145 
  0.03488294 193.1145 
  -0.131735 193.1145 
  0.06275164 193.1145 
  -0.04775645 193.1145 
  -0.008801562 193.1145 
  0.006056486 193.1145 
  -0.3981332 193.1145 
  0.3230919 192.1537 
  0.3041925 183.7191 
  0.2099826 196.0257 
  0.524496 209.1568 
  0.8988279 211.2535 
  0.9575598 213.3714 
  0.9611228 215.5104 
  0.9604815 217.6709 
  0.9841054 222.057 
  0.9769787 227.6642 
  0.9774587 234.5801 
  0.9732976 242.9146 
  0.9684274 250.2938 
  0.975812 257.8971 
  0.987658 263.0938 
  0.9941607 267.06 
  0.9967897 269.7372 
  0.9979791 271.0859 
  0.9944804 271.0859 
  0.9780614 268.3953 
  0.9643159 265.7313 
  0.9330035 268.3953 
  0.7282576 271.0859 
  0.6808139 273.8036 
  0.1343882 276.5485 
  -0.2083832 279.3209 
  -0.1591105 282.1211 
  -0.1920133 284.9493 
  -0.2452413 287.806 
  0.4015374 290.6912 
  0.937084 295.0734 
  0.9702832 293.6054 
  0.9878203 292.1447 
  0.9978411 289.245 
  0.9974374 286.3741 
  0.9952756 282.1211 
  0.9890394 277.9312 
  0.9902006 272.4414 
  0.9984655 268.3953 
  0.9994267 267.06 
  0.9996378 265.7313 
  0.9991184 264.4093 
  0.9972177 263.0938 
  0.9963418 260.4825 
  0.9963133 259.1866 
  0.9944917 257.8971 
  0.9858043 255.3373 
  0.9707337 250.2938 
  0.9689264 244.1292 
  0.9678283 240.5036 
  0.9360306 234.5801 
  0.9559659 228.8026 
  0.9480774 224.2832 
  0.8964733 218.7592 
  0.8829653 211.2535 
  0.7735902 205.0254 
  0.685266 197.9909 
  0.3797342 184.6377 
  0.2172732 181.8956 
  0.171453 180.0902 
  0.1671856 179.1942 
  -0.1805769 182.8051 
  0.06698587 196.0257 
  0.6601183 205.0254 
  0.9722984 210.2025 
  0.9817687 214.4382 
  0.978628 219.853 
  0.9768873 225.4046 
  0.9819274 229.9466 
  0.9901322 234.5801 
  0.9955602 236.9318 
  0.9970667 238.1164 
  0.9974235 239.307 
  0.9921954 240.5036 
  0.9844214 244.1292 
  0.9912283 246.5766 
  0.9928355 247.8095 
  0.9798539 247.8095 
  0.9529266 245.3498 
  0.9108821 240.5036 
  0.8154736 240.5036 
  0.09391817 241.7061 
  0.07814261 242.9146 
  0.01662155 244.1292 
  -0.1398857 245.3498 
  -0.201473 246.5766 
  -0.1041854 247.8095 
  0.1130291 249.0485 
  0.3933548 250.2938 
  0.2906409 250.2938 
  0.06632561 251.5452 
  -0.03617142 252.8029 
  -0.1532829 254.067 
  0.08396885 255.3373 
  0.2712339 256.614 
  0.1845352 257.8971 
  0.9662759 259.1866 
  0.9059623 260.4825 
  0.9474912 257.8971 
  0.9778246 257.8971 
  0.9801182 261.7849 
  0.9932103 263.0938 
  0.9991639 265.7313 
  0.9996576 265.7313 
  0.9989477 265.7313 
  0.9985227 268.3953 
  0.9988152 269.7372 
  0.99923 271.0859 
  0.9984179 273.8036 
  0.9997892 273.8036 
  1.000191 273.8036 
  0.9993244 272.4414 
  0.9986918 271.0859 
  0.9970646 269.7372 
  0.9959801 264.4093 
  0.9945412 261.7849 
  0.988088 255.3373 
  0.9812856 247.8095 
  0.9727837 239.307 
  0.9671932 229.9466 
  0.9548229 220.9523 
  0.9624754 212.3098 
  0.9694945 205.0254 
  0.9544812 200.9756 
  0.9265859 198.9809 
  0.8795134 197.9909 
  0.8949528 197.9909 
  0.8992034 197.9909 
  0.9303891 197.9909 
  0.821245 198.9809 
  0.206141 199.9758 
  0.4177274 200.9756 
  0.1281841 201.9805 
  0.6672064 196.0257 
  0.8203516 193.1145 
  0.9905318 191.1978 
  0.9712257 190.2465 
  0.9321277 189.3 
  0.8264781 188.3582 
  0.4308733 188.3582 
  0.1355132 188.3582 
  0.2720688 188.3582 
  -0.02392394 188.3582 
  0.1250895 189.3 
  -0.2935665 190.2465 
  -0.2128714 191.1978 
  -0.2286956 193.1145 
  -0.1134905 195.0505 
  0.06511532 197.0059 
  0.05052074 198.9809 
  0.1080202 200.9756 
  0.123387 202.9904 
  0.09342206 205.0254 
  0.7136232 207.0808 
  0.741482 201.9805 
  0.8768522 198.9809 
  0.9881223 196.0257 
  0.9953543 194.0801 
  0.9912625 193.1145 
  0.9886736 191.1978 
  0.995784 189.3 
  0.9986597 188.3582 
  0.9976189 188.3582 
  0.9935292 187.4211 
  0.9941154 185.5609 
  0.9947553 184.6377 
  0.9969093 183.7191 
  0.9925094 182.8051 
  0.9904591 180.9906 
  0.9958239 180.0902 
  0.9798216 180.0902 
  0.939996 180.0902 
  0.8682148 180.0902 
  0.6783795 180.0902 
  0.1235577 179.1942 
  -0.06966809 179.1942 
  0.06063922 179.1942 
  -0.01846091 179.1942 
  0.0295597 179.1942 
  0.1562584 179.1942 
  0.1498479 178.3027 
  0.07185642 177.4156 
  -0.1072904 177.4156 
  -0.05202652 177.4156 
  0.01564128 177.4156 
  0.04844435 177.4156 
  -0.1217387 177.4156 
  -0.02951767 177.4156 
  0.2022271 177.4156 
  0.2047826 177.4156 
  0.1501446 177.4156 
  0.2121657 176.533 
  0.3947887 182.8051 
  0.7380999 182.8051 
  0.8540472 183.7191 
  0.9807951 182.8051 
  0.9948655 180.9906 
  0.9900251 180.0902 
  0.9911231 178.3027 
  0.9992018 177.4156 
  0.9931605 177.4156 
  0.9937471 178.3027 
  0.9958675 179.1942 
  0.9968384 180.0902 
  0.9875644 181.8956 
  0.9446532 184.6377 
  0.9286191 189.3 
  0.9697856 194.0801 
  0.9714788 197.0059 
  0.9230927 198.9809 
  0.8550511 201.9805 
  0.6672997 206.0505 
  0.9889278 209.1568 
  0.9959767 211.2535 
  0.9979286 213.3714 
  0.9974121 215.5104 
  0.9938006 216.5879 
  0.9889344 216.5879 
  0.991904 216.5879 
  0.9707336 216.5879 
  0.7820072 216.5879 
  -0.02996495 216.5879 ]
