 [
  0.246563 128.9329 
  -0.1786775 128.9329 
  -0.08073816 128.9329 
  -0.1943672 128.9329 
  0.03006781 128.9329 
  0.1501532 128.9329 
  -0.005390995 128.9329 
  0.03523298 128.9329 
  0.1272723 128.9329 
  -0.07023069 128.9329 
  -0.1413722 128.9329 
  0.1425496 128.9329 
  -0.1863339 128.9329 
  -0.2167023 128.9329 
  -0.2311752 128.9329 
  0.4305672 128.2915 
  0.6545452 126.3862 
  0.9057984 125.7574 
  0.9916193 124.5092 
  0.9964826 123.8897 
  0.9989104 123.2734 
  0.9994144 122.6601 
  0.9975002 122.0498 
  0.9982052 121.4426 
  0.9995418 120.8384 
  0.9984896 120.2372 
  0.9961379 119.639 
  0.9855493 118.4515 
  0.9561212 117.2759 
  0.9367198 115.5342 
  0.9376859 114.3874 
  0.8678073 113.8184 
  0.7441624 113.8184 
  0.3646303 113.8184 
  0.4011499 114.9594 
  0.2693233 116.6924 
  0.1910201 118.4515 
  0.3709358 120.8384 
  0.2604683 123.2734 
  0.3925266 125.7574 
  0.5577985 128.2915 
  0.7376593 130.2255 
  0.7578431 132.8496 
  0.714785 136.8852 
  0.9073035 136.8852 
  0.9455838 137.5696 
  0.9305701 138.9488 
  0.9119771 142.4574 
  0.9205891 144.605 
  0.9209747 148.2564 
  0.9452161 150.4914 
  0.9400149 152.7601 
  0.9283569 153.5239 
  0.871277 153.5239 
  0.8596901 153.5239 
  0.5400371 152.7601 
  0.135342 152.7601 
  0.01574488 152.7601 
  0.2460948 152.7601 
  0.03352772 152.7601 
  -0.0638967 152.7601 
  0.3371216 152.7601 
  0.04796102 152.7601 
  0.1150193 152.7601 
  0.05730838 152.7601 
  0.2582933 152.0001 
  0.5422038 151.2439 
  0.6355109 150.4914 
  0.7533002 148.2564 
  0.6947616 139.6435 
  0.8681656 136.2042 
  0.8854707 133.5138 
  0.7616023 130.8766 
  0.8165684 126.3862 
  0.9223675 123.8897 
  0.9427673 122.0498 
  0.9570791 120.2372 
  0.9842985 119.0438 
  0.9852715 118.4515 
  0.9806028 117.8622 
  0.9819596 117.8622 
  0.9758163 117.2759 
  0.9805132 117.2759 
  0.9855025 116.6924 
  0.9859787 117.2759 
  0.9877075 117.8622 
  0.9862937 117.8622 
  0.9709438 117.2759 
  0.9680096 116.1118 
  0.9899868 115.5342 
  0.9722535 115.5342 
  0.9630971 116.6924 
  0.9869794 116.6924 
  0.9922179 117.2759 
  0.990692 117.8622 
  0.9937658 117.8622 
  0.9843266 118.4515 
  0.9767588 118.4515 
  0.9760961 119.0438 
  0.9431949 120.2372 
  0.8576066 121.4426 
  0.7806554 122.0498 
  0.5444325 121.4426 
  0.9430236 122.6601 
  0.8842294 123.8897 
  0.9010279 123.8897 
  0.911113 123.2734 
  0.9645891 122.6601 
  0.9729621 121.4426 
  0.9811714 120.8384 
  0.9907576 119.639 
  0.9852118 119.0438 
  0.9816737 118.4515 
  0.9851159 117.8622 
  0.9326879 117.2759 
  0.864994 116.1118 
  0.8214023 114.3874 
  0.3605161 114.3874 
  0.1864756 114.9594 
  -0.04969259 116.1118 
  -0.2230275 117.2759 
  -0.2528865 118.4515 
  0.06527504 119.0438 
  0.1614369 119.639 
  -0.03760099 120.2372 
  -0.09598053 120.8384 
  -0.01699162 121.4426 
  0.05310038 122.0498 
  0.09093775 122.6601 
  0.09672842 123.2734 
  0.06749725 123.8897 
  0.1428941 124.5092 
  0.289047 125.1317 
  0.4387192 125.1317 
  0.1179271 125.7574 
  0.02516619 126.3862 
  0.05837248 127.6532 
  0.1805852 128.9329 
  0.09278831 129.5776 
  0.1143675 130.2255 
  0.7072595 130.8766 
  0.9059178 130.8766 
  0.9928659 130.8766 
  0.9927418 131.531 
  0.9811723 132.1886 
  0.965209 133.5138 
  0.9722733 134.8523 
  0.9710965 135.5266 
  0.9609915 134.8523 
  0.9763066 134.1814 
  0.9840682 134.8523 
  0.9895614 134.8523 
  0.9918787 134.8523 
  0.9920451 134.8523 
  0.9880265 134.1814 
  0.9747087 132.8496 
  0.9702655 131.531 
  0.9360434 129.5776 
  0.8932709 127.6532 
  0.8372118 123.8897 
  0.8327354 120.2372 
  0.8661149 117.2759 
  0.8942612 114.9594 
  0.8941788 112.6886 
  0.8857933 111.0151 
  0.8611375 109.3664 
  0.6705145 108.2809 
  0.461306 108.2809 
  0.6541969 108.8223 
  0.9830627 109.3664 
  0.9756386 109.9132 
  0.9882607 110.4628 
  0.986853 111.0151 
  0.9603548 111.5702 
  0.9189445 112.128 
  0.5422884 112.6886 
  0.2820307 113.2521 
  0.09817667 114.3874 
  0.09347692 115.5342 
  0.02070368 116.6924 
  0.006479977 117.8622 
  0.03868666 119.0438 
  0.1474956 120.2372 
  0.2595614 121.4426 
  0.4134888 122.6601 
  -0.1055279 124.5092 
  0.08750613 126.3862 
  0.3236139 128.2915 
  0.683813 130.2255 
  0.7902092 130.8766 
  0.7763978 130.8766 
  0.7064275 130.2255 
  0.5549481 130.2255 
  0.3901369 130.2255 
  0.2652658 130.2255 
  0.1291743 130.2255 
  -0.002210665 130.2255 
  -0.04698944 130.2255 
  0.03291223 130.2255 
  0.1262642 130.2255 
  0.07450464 130.2255 
  -0.0178767 130.2255 
  -0.07977551 130.2255 
  -0.09284729 130.2255 
  -0.2037432 130.2255 
  0.03008601 130.2255 
  0.2006129 130.2255 ]
