 [
  -0.3472225 114.3874 
  -0.2449472 114.3874 
  -0.1410846 114.3874 
  0.09788593 114.3874 
  0.2126575 114.3874 
  0.0006447077 114.3874 
  -0.02537366 114.3874 
  0.01991419 114.3874 
  -0.1220217 114.3874 
  -0.2034699 114.3874 
  -0.2923619 114.3874 
  0.289466 114.3874 
  -0.5251719 114.3874 
  0.5956306 114.3874 
  0.8684938 115.5342 
  0.9689792 117.2759 
  0.5712573 119.639 
  0.7883628 120.8384 
  0.8421149 120.2372 
  0.942067 120.2372 
  0.8360735 121.4426 
  0.5409409 124.5092 
  0.5310122 129.5776 
  0.6391858 134.1814 
  0.8140761 137.5696 
  0.849867 136.8852 
  0.7601305 138.9488 
  -0.04456218 141.7487 
  -0.1864519 144.605 
  0.01415058 148.2564 
  0.04187793 152.0001 
  -0.002144183 155.063 
  -0.06208404 158.9785 
  0.2530656 163.8079 
  0.4966077 168.784 
  0.6576603 162.9929 
  0.8825043 159.7734 
  0.875433 154.2915 
  0.9122632 149.7427 
  0.9574207 145.328 
  0.9903086 143.1697 
  0.9818633 141.7487 
  0.9674193 139.6435 
  0.9812912 136.8852 
  0.957302 134.1814 
  0.9353015 130.8766 
  0.9303639 128.2915 
  0.9518839 127.0181 
  0.9539955 127.0181 
  0.9344534 128.2915 
  0.9325258 130.2255 
  0.9210815 132.1886 
  0.9466864 132.1886 
  0.8042155 129.5776 
  0.8269446 127.0181 
  0.7878433 123.2734 
  0.8230126 119.639 
  0.7900914 116.6924 
  0.8348429 114.3874 
  0.8846586 111.5702 
  0.9425137 109.3664 
  0.7346157 108.8223 
  0.358837 109.3664 
  -0.05602019 111.0151 
  -0.2568567 112.6886 
  0.2951351 114.3874 
  0.7794074 115.5342 
  0.7802107 116.6924 
  0.2713895 117.8622 
  -0.3043939 119.0438 
  0.1755461 120.2372 
  0.5664881 118.4515 
  0.7026348 119.0438 
  0.7889498 119.0438 
  0.8576901 116.6924 
  0.8985733 114.3874 
  0.7313024 113.2521 
  0.926533 112.6886 
  0.9845022 112.128 
  0.9877979 111.0151 
  0.9832138 109.9132 
  0.9790335 108.2809 
  0.9553891 107.2061 
  0.8698202 106.6728 
  0.565515 106.6728 
  -0.1379714 107.2061 
  0.6844214 107.2061 
  0.5389662 116.1118 
  0.7294299 114.9594 
  0.8824662 113.2521 
  0.9757152 112.6886 
  0.9775332 112.6886 
  0.9793228 112.6886 
  0.9848888 112.128 
  0.9409294 111.5702 
  0.9359127 110.4628 
  0.9569997 109.9132 
  0.9105288 109.9132 
  0.8667685 109.3664 
  0.7669511 108.8223 
  0.885807 109.3664 
  0.9830145 109.9132 
  0.982712 109.3664 
  0.9880332 108.2809 
  0.9871688 108.2809 
  0.9816409 107.7421 
  0.9804965 106.6728 
  0.9831509 106.142 
  0.9837556 106.6728 
  0.9820437 107.2061 
  0.9890898 107.7421 
  0.9728734 107.2061 
  0.977358 106.6728 
  0.9756575 107.2061 
  0.9697428 107.2061 
  0.9689233 107.2061 
  0.8606728 106.6728 
  0.5124093 107.2061 
  0.3331327 113.2521 
  0.9264088 114.3874 
  0.7604503 113.8184 
  0.4600006 138.9488 
  0.4463118 133.5138 
  0.696431 127.0181 
  0.5356503 127.0181 
  0.05170137 125.7574 
  0.4890774 124.5092 
  0.05098315 123.2734 
  0.08729491 122.0498 
  0.2225124 120.8384 
  0.01073936 119.639 
  0.1490921 118.4515 
  -0.03720544 117.2759 
  0.02511348 116.1118 
  0.002333547 114.3874 
  0.005384465 112.128 
  0.6496853 109.3664 
  0.4926464 109.3664 
  0.488248 108.2809 
  0.6546446 103.5278 
  0.2358984 104.5657 
  -0.08050141 105.614 
  -0.1277347 106.6728 
  -0.4321893 107.7421 
  -0.4338544 108.8223 
  -0.0320384 109.9132 
  0.01975034 111.0151 
  -0.002462125 112.128 
  -0.007416405 113.8184 
  0.0609417 115.5342 
  -0.05840126 117.2759 
  0.7461593 118.4515 
  0.4718062 107.7421 
  0.7208273 106.6728 
  0.9535024 106.6728 
  0.9764822 106.142 
  0.9114954 106.6728 
  0.8239932 108.8223 
  0.8536951 110.4628 
  0.7968645 111.0151 
  0.8025581 109.9132 
  0.2787588 111.5702 
  0.5684819 114.3874 
  0.05480985 117.2759 
  0.008607211 120.2372 
  -0.07505222 123.8897 
  0.07321686 125.1317 
  0.2864482 122.0498 
  0.5079737 117.2759 
  0.8839968 114.9594 
  0.9089417 113.8184 
  0.8636993 112.6886 
  0.4307957 111.0151 
  0.272395 111.0151 
  0.2852858 110.4628 
  -0.2256698 109.9132 
  0.1269031 109.3664 
  -0.4633045 108.2809 
  -0.3915734 107.2061 
  0.06991172 106.142 
  0.4656359 104.5657 
  0.5337802 111.5702 
  0.6278986 113.2521 
  0.7892314 112.6886 
  0.8564277 111.5702 
  0.9679962 111.0151 
  0.9819102 111.0151 
  0.9376452 110.4628 
  0.9048151 109.3664 
  0.9524229 108.2809 
  0.9327661 107.2061 
  0.8433734 106.142 
  0.765842 105.0885 
  0.7150764 107.2061 
  0.8629955 108.8223 
  0.8163623 108.8223 
  0.8090931 107.7421 
  0.9329398 106.142 
  0.938594 105.0885 
  0.8491258 105.0885 
  0.8323621 105.0885 
  0.8155763 106.142 
  0.7932245 104.5657 
  0.8602893 101.9903 
  0.8574242 99.97575 
  0.5678338 98.00098 
  0.02561263 96.06523 
  0.01593372 93.6992 
  -0.008946933 91.84841 
  0.1351444 89.58624 
  0.07640962 87.3798 
  -0.1112695 85.2277 
  0.1461618 83.96195 
  0.3496255 84.38177 
  0.2701797 83.96195 
  0.4146422 86.94508 
  0.6055891 87.8167 
  0.2364441 90.03418 
  0.2257181 96.06523 
  0.7824566 100.978 
  0.9454407 100.978 
  0.8513863 99.97575 
  0.7139739 98.491 
  0.601985 94.63854 
  0.5549426 95.11173 
  0.6387026 96.06523 
  0.7802384 96.54556 
  0.4379651 97.02828 
  0.1123661 97.51342 
  -0.2164008 98.00098 
  0.6404315 98.491 
  0.8132637 98.98344 
  0.9353946 99.47836 
  0.9381485 99.97575 
  0.9632869 100.4756 
  0.984911 100.4756 
  0.9877827 99.97575 
  0.9623491 99.47836 
  0.8345778 99.47836 
  0.6903861 98.491 
  0.689454 97.51342 
  0.837446 96.06523 
  0.8221235 95.11173 
  0.7096476 95.5873 
  0.7463239 96.06523 
  0.5319421 97.51342 
  -0.01553589 98.00098 
  -0.1198436 97.51342 
  0.4250681 95.11173 
  0.6711859 91.84841 
  0.5231351 94.1677 
  0.5044857 109.3664 
  0.6065149 109.9132 
  0.2359284 107.2061 
  0.6370767 100.978 
  0.9131838 101.9903 
  0.8853082 103.0128 
  0.8398199 104.0455 
  0.8426691 106.142 
  0.9408085 108.2809 
  0.9706143 108.8223 
  0.88727 108.8223 
  0.8296398 107.7421 
  0.6989731 108.2809 
  0.008411083 107.2061 
  0.1611804 106.6728 
  -0.284842 105.614 
  -0.01934916 105.0885 
  0.1345444 106.6728 
  0.5156258 108.8223 
  0.8600581 109.9132 
  0.9315055 111.5702 
  0.8873609 111.5702 
  0.8894755 111.0151 
  0.9540777 110.4628 
  0.9514418 109.9132 
  0.9018896 108.2809 
  0.9565479 107.2061 
  0.9597863 106.6728 
  0.9252337 106.142 
  0.835826 105.614 
  0.5244921 106.142 
  0.3443337 106.142 
  0.2668688 105.0885 
  0.2035754 103.0128 
  0.269223 99.97575 
  0.4430254 97.02828 
  0.5531786 97.02828 
  0.4272036 98.00098 
  0.2204222 99.97575 
  0.2151652 106.6728 
  0.1992292 110.4628 
  0.2944674 110.4628 
  0.4432817 107.2061 
  0.5767146 106.6728 
  0.541372 107.7421 
  0.1409941 108.2809 
  -0.01543226 114.3874 
  0.5528058 122.0498 
  0.3907914 130.8766 
  0.09734553 140.3417 
  0.219648 150.4914 
  0.2384537 161.3751 
  -0.2700256 173.9112 
  0.1516335 187.4211 
  0.5908641 195.0505 
  0.6453425 197.0059 
  0.4527479 197.9909 
  0.2586374 199.9758 
  -0.1658554 204.0054 
  -0.05676904 208.1162 
  -0.04930613 212.3098 
  -0.038995 215.5104 
  0.06051357 219.853 
  0.05651115 223.1673 
  0.1066588 226.5316 
  -0.1158601 231.0963 
  -0.1689009 235.753 
  0.01611129 239.307 
  -0.1354999 242.9146 
  0.27795 247.8095 
  0.2101577 259.1866 
  0.1616724 265.7313 
  0.2859651 269.7372 
  0.2006924 267.06 
  0.493084 264.4093 
  0.5413287 261.7849 
  0.5234454 254.067 
  0.371404 235.753 
  0.4585398 227.6642 
  -0.0982243 222.057 
  -0.232503 219.853 
  -0.09047546 222.057 
  -0.01190189 224.2832 
  0.04443852 226.5316 
  0.1483076 228.8026 
  0.08781336 232.2518 
  -0.006208399 234.5801 
  0.2372918 236.9318 
  0.1378107 240.5036 
  -0.1226128 244.1292 
  -0.2891586 247.8095 
  0.210451 251.5452 
  0.3158 254.067 
  0.4538588 255.3373 
  0.4478416 254.067 
  0.5411499 254.067 
  0.4319072 254.067 
  0.3002152 254.067 
  -0.3070852 254.067 
  0.2452369 254.067 
  0.4509877 254.067 
  0.4867396 254.067 
  0.3238598 254.067 
  0.371405 254.067 
  0.4441331 254.067 
  0.3500137 254.067 
  0.1749431 254.067 
  -0.1289234 254.067 
  -0.301579 254.067 
  -0.08744312 254.067 
  -0.05886413 254.067 
  0.0245387 254.067 
  0.2217025 254.067 
  0.3404128 254.067 
  0.1082594 254.067 
  -0.01596944 254.067 
  -0.05196328 254.067 
  0.02155692 254.067 
  0.02408365 254.067 
  0.1031141 254.067 
  0.09239878 254.067 
  0.2095817 254.067 
  -0.06715943 254.067 
  -0.2135574 254.067 
  0.0450131 254.067 
  0.4141963 254.067 
  0.04174784 254.067 
  0.07837013 254.067 
  -0.008105382 254.067 ]
