 [
  -0.3189933 100.978 
  -0.08436615 100.978 
  -0.04776155 100.978 
  0.1891093 100.978 
  0.08854125 100.978 
  -0.02382343 100.978 
  0.03539601 100.978 
  0.01065431 100.978 
  -0.1896305 100.978 
  0.000296596 100.978 
  0.6522734 100.978 
  0.2767006 100.978 
  0.7960595 100.978 
  0.1123508 100.978 
  0.450076 101.4829 
  0.7618443 100.978 
  0.9290735 100.978 
  0.9501286 101.4829 
  0.9711357 101.9903 
  0.9634812 102.5003 
  0.934342 103.0128 
  0.9323866 104.0455 
  0.9450616 105.0885 
  0.9162864 106.142 
  0.9326116 107.2061 
  0.896991 107.2061 
  0.8283582 107.7421 
  0.8491223 107.2061 
  0.5208107 108.8223 
  0.453097 112.128 
  0.5956259 115.5342 
  0.2401016 119.0438 
  0.7901129 122.6601 
  0.6507457 116.6924 
  0.8247117 113.8184 
  0.932441 113.8184 
  0.9140285 113.2521 
  0.8969686 112.128 
  0.9319891 111.0151 
  0.9436753 109.9132 
  0.9688196 109.3664 
  0.9783338 108.8223 
  0.9509925 108.8223 
  0.8446147 108.2809 
  0.6490058 107.2061 
  0.4790413 103.5278 
  0.8737932 106.6728 
  0.9309703 107.2061 
  0.9595843 107.2061 
  0.9869267 107.2061 
  0.9835776 107.2061 
  0.9735914 106.6728 
  0.977119 106.142 
  0.9422437 105.0885 
  0.9421465 103.0128 
  0.9418701 101.4829 
  0.9304449 99.47836 
  0.9402521 97.51342 
  0.9733478 96.54556 
  0.9881227 96.06523 
  0.9613494 97.02828 
  0.9625322 98.00098 
  0.9841864 98.491 
  0.9820085 98.491 
  0.9588591 99.47836 
  0.9699191 99.97575 
  0.9792991 100.978 
  0.9720151 100.978 
  0.9634465 100.978 
  0.9569301 100.4756 
  0.9563439 100.978 
  0.9565581 100.978 
  0.9617695 100.978 
  0.9678285 100.4756 
  0.9751527 100.4756 
  0.9796767 100.978 
  0.975319 101.4829 
  0.9738742 101.4829 
  0.968715 101.9903 
  0.9663157 101.9903 
  0.9735229 102.5003 
  0.9566956 101.9903 
  0.9583895 101.4829 
  0.9148712 100.978 
  0.9304273 100.4756 
  0.8385179 98.98344 
  0.8614469 98.491 
  0.9351206 97.02828 
  0.8761621 97.51342 
  0.7290763 96.54556 
  0.6612438 97.02828 
  0.504138 95.11173 
  0.4417261 96.06523 
  0.3314495 92.30766 
  0.3096811 93.23304 
  0.4215548 91.39146 
  0.5551084 92.7692 
  -0.4886006 93.23304 
  0.3437771 93.23304 
  0.06452791 93.23304 
  -0.05902749 93.23304 
  0.08011167 93.23304 
  0.0922423 93.6992 
  0.03383541 94.1677 
  0.008418106 94.63854 
  0.2090819 95.11173 
  0.01069882 95.11173 
  -0.006458132 95.5873 
  0.0645052 96.06523 
  0.1899709 96.54556 
  0.1654609 97.02828 
  0.1107438 97.02828 
  -0.03706671 97.51342 
  0.275003 98.00098 
  0.2164327 98.491 
  0.09140497 98.98344 
  -0.1124142 99.47836 
  0.1180555 99.97575 
  0.0414975 100.4756 
  0.6870448 104.5657 
  0.8179599 103.0128 
  0.8426967 100.4756 
  0.9575689 98.98344 
  0.9590849 98.00098 
  0.9247798 96.54556 
  0.9626814 95.5873 
  0.9362549 94.63854 
  0.9202981 93.6992 
  0.7972245 92.30766 
  0.556413 90.48434 
  0.7040417 87.8167 
  0.7381157 86.94508 
  0.6167243 86.94508 
  0.215792 86.51251 
  0.1099428 86.51251 
  -0.008777837 86.51251 
  -0.2962494 86.51251 
  -0.1169106 86.51251 
  0.05351921 86.51251 
  0.001642903 86.51251 
  0.01618248 86.51251 
  -0.1145589 86.94508 
  0.0880502 87.3798 
  0.3422338 87.8167 
  0.1044111 88.25578 
  0.1232524 89.14054 
  0.09059291 90.03418 
  -0.1150261 90.48434 
  -0.2129703 90.93677 
  -0.01580739 91.39146 
  0.2189293 91.84841 
  -0.03182985 92.7692 
  0.186033 93.23304 
  0.275116 94.1677 
  0.2545649 95.11173 
  0.2717097 95.11173 
  0.0606676 94.1677 
  0.1106899 92.7692 
  0.4538713 90.93677 
  0.500192 93.23304 
  0.9369155 94.63854 
  0.9161083 93.23304 
  0.9547851 91.84841 
  0.9486084 90.48434 
  0.9686567 89.58624 
  0.9781425 89.14054 
  0.989123 89.14054 
  0.9855575 88.69706 
  0.9687932 88.25578 
  0.9805787 87.8167 
  0.9406996 86.51251 
  0.8542002 85.2277 
  0.8342304 83.12859 
  0.8240628 82.3035 
  0.5108708 83.12859 
  0.1019725 85.65383 
  0.2423232 89.14054 
  0.5029662 92.7692 
  0.6534258 97.02828 
  0.6518362 95.5873 
  0.769578 94.1677 
  0.8453788 93.23304 
  0.8478591 92.30766 
  0.9084712 91.84841 
  0.9719343 90.93677 
  0.9832295 90.93677 
  0.9805092 90.93677 
  0.9529989 91.39146 
  0.9716807 91.84841 
  0.9267682 92.30766 
  0.8309692 91.84841 
  0.897154 90.48434 
  0.8792695 89.58624 
  0.7910858 88.69706 
  0.7154379 88.25578 
  0.6613586 87.8167 
  0.008373087 88.25578 
  0.009703236 89.14054 
  0.1308904 90.03418 
  0.002931458 90.93677 
  0.09118631 91.84841 
  -0.07130107 92.7692 
  -0.1003 93.6992 
  -0.111959 94.63854 
  -0.1366706 95.5873 
  -0.2036443 96.54556 
  0.2281773 97.02828 
  0.6433665 97.51342 
  0.6954442 96.54556 
  0.7064739 94.1677 
  0.8824179 91.39146 
  0.9668122 89.14054 
  0.9785802 87.8167 
  0.9787857 86.51251 
  0.9744794 85.65383 
  0.9608113 85.2277 
  0.972657 84.80367 
  0.9632995 85.2277 
  0.9339154 85.65383 
  0.9117885 85.2277 
  0.9056901 84.38177 
  0.9196841 84.38177 
  0.9374229 83.96195 
  0.9345131 83.96195 
  0.9469375 83.54424 
  0.9400984 82.71502 
  0.9395616 82.71502 
  0.8334712 83.54424 
  0.9352428 84.38177 
  0.9423572 84.38177 
  0.9118325 83.54424 
  0.9662693 82.71502 
  0.69089 81.4866 
  0.6481941 81.89403 
  0.5680076 82.3035 
  0.3938158 82.3035 
  0.08671326 80.6778 
  0.08017515 79.87703 
  0.0256853 79.47963 
  0.124198 79.08421 
  0.1446416 79.47963 
  0.1724419 79.47963 
  -0.005526393 79.47963 
  0.1097142 79.47963 
  0.08615858 79.47963 
  0.2593918 79.87703 
  0.0631307 80.27641 
  0.1123486 80.27641 
  0.6214393 80.27641 
  0.2847034 80.27641 
  0.1292915 80.27641 
  -0.1341832 80.27641 
  -0.08539507 80.27641 
  -0.1975717 80.27641 
  0.04897027 80.27641 
  0.062876 80.27641 
  -0.05982332 80.27641 
  -0.1784198 80.27641 
  -0.1868742 80.27641 
  -0.05179613 80.27641 
  0.1250902 80.27641 
  0.02938885 80.27641 
  0.0889234 80.27641 
  0.1121145 80.27641 
  -0.061514 80.27641 
  -0.2404425 80.27641 
  -0.1918856 80.27641 
  -0.3292951 80.27641 
  -0.1649664 80.27641 
  0.01000573 80.27641 
  0.09507307 80.27641 
  0.06623716 80.27641 
  -0.03683239 80.27641 
  -0.1121199 80.27641 
  -0.03494792 80.27641 
  0.09572273 80.27641 ]
