 [
  -0.1062723 112.128 
  -0.1094358 112.128 
  -0.3480452 112.128 
  -0.2486447 112.128 
  -0.2771797 112.128 
  0.08921462 112.128 
  -0.08387253 112.128 
  0.1638591 112.128 
  0.2669301 112.128 
  0.0188383 112.128 
  -0.01736903 112.128 
  0.193165 112.128 
  0.1523452 112.128 
  0.6099997 113.2521 
  0.6822209 112.6886 
  0.4072203 113.2521 
  0.05282255 117.8622 
  -0.001806736 120.2372 
  0.05820336 122.6601 
  0.3350405 125.1317 
  0.2631411 127.6532 
  -0.055858 130.2255 
  -0.01903804 132.8496 
  -0.08035381 134.8523 
  0.3650314 136.8852 
  0.2251006 137.5696 
  0.2665278 138.2575 
  0.2125517 150.4914 
  0.08707504 158.1876 
  0.08069927 167.1087 
  0.6334293 174.7808 
  0.6696719 155.8383 
  0.8556441 153.5239 
  0.9425831 154.2915 
  0.9640619 154.2915 
  0.959348 154.2915 
  0.9418218 153.5239 
  0.9093475 152.0001 
  0.8176584 148.2564 
  -0.3612838 148.9977 
  0.2519968 150.4914 
  0.1650716 152.0001 
  0.2582884 153.5239 
  0.08530585 155.063 
  -0.149695 156.6175 
  -0.05103549 158.1876 
  0.008800201 159.7734 
  0.01994775 161.3751 
  -0.02730008 162.9929 
  0.2315739 164.6269 
  0.2401558 166.2773 
  0.2370858 166.2773 
  0.2830522 163.8079 
  0.1739549 159.7734 
  0.1042236 155.063 
  0.4664053 152.0001 
  0.660984 151.2439 
  0.6693184 147.5188 
  0.7645574 143.8855 
  0.9247337 141.0434 
  0.9208999 138.2575 
  0.9069055 136.2042 
  0.8643528 133.5138 
  0.7844415 132.1886 
  0.4905268 129.5776 
  0.2536181 129.5776 
  0.5741421 129.5776 
  0.4437107 129.5776 
  0.2131323 130.2255 
  0.2382423 130.8766 
  0.002758925 131.531 
  -0.07843298 131.531 
  -0.1558825 131.531 
  -0.2291926 131.531 
  0.1261571 131.531 
  -0.1310872 132.1886 
  0.01054302 132.8496 
  0.0113006 133.5138 
  0.02000955 133.5138 
  0.1892947 133.5138 
  0.5576366 127.6532 
  0.7392544 127.6532 
  0.8832995 127.0181 
  0.8535011 124.5092 
  0.8939599 122.6601 
  0.9144447 121.4426 
  0.9838064 120.2372 
  0.9849433 119.639 
  0.9461909 119.0438 
  0.9678317 117.8622 
  0.9279696 116.6924 
  0.8441908 116.1118 
  0.7874151 114.9594 
  0.7658652 113.2521 
  0.9768816 111.5702 
  0.8586401 110.4628 
  0.785364 109.3664 
  0.8387049 108.2809 
  0.9022976 107.2061 
  0.8568184 105.614 
  0.8849104 104.5657 
  0.9021547 103.5278 
  0.8740731 102.5003 
  0.9054076 101.9903 
  0.9373951 100.978 
  0.9491874 99.97575 
  0.9368705 98.98344 
  0.9234433 98.491 
  0.848665 98.491 
  0.4912459 99.47836 
  -0.09602749 100.978 
  0.3938335 103.0128 
  0.8648299 104.5657 
  0.9331312 106.6728 
  0.85429 107.2061 
  0.8327734 106.6728 
  0.8375114 106.142 
  0.9011588 105.0885 
  0.9615387 104.5657 
  0.9573468 104.0455 
  0.8452524 102.5003 
  0.8484531 100.978 
  0.8542427 99.47836 
  0.8311571 98.00098 
  0.925048 96.06523 
  0.8022669 95.11173 
  0.7834471 94.1677 
  0.7100131 92.30766 
  0.1633885 91.84841 
  0.1656072 91.39146 
  -0.2226794 90.93677 
  0.2305034 90.03418 
  0.3942535 89.14054 
  0.2102337 88.25578 
  -0.00130555 87.3798 
  0.005867143 86.51251 
  0.04020023 86.0821 
  0.1903928 86.0821 
  -0.2384531 86.0821 
  0.2833293 86.0821 
  0.2861169 85.65383 
  0.256313 85.2277 
  0.341294 84.38177 
  0.2808273 83.96195 
  0.396862 83.96195 
  0.3849586 83.96195 
  0.2510417 83.96195 
  0.04975813 83.96195 
  0.1950212 83.96195 
  0.39342 83.96195 
  0.09788562 84.38177 
  -0.04441953 84.38177 
  0.1177041 84.38177 
  0.005650125 84.38177 
  0.1937385 84.38177 
  0.2549334 84.38177 
  0.113594 84.38177 
  0.06287365 84.38177 
  0.1515025 84.38177 
  -0.006205703 84.38177 
  -0.159971 84.38177 
  -0.2364577 84.38177 
  0.07342264 84.38177 
  -0.01121066 84.38177 
  0.2740415 84.38177 
  0.2711574 84.38177 
  0.5024379 84.38177 
  0.3549934 84.38177 
  0.07349052 84.38177 ]
