 [
  0.05917409 119.0438 
  0.06482963 119.0438 
  0.2610728 119.0438 
  0.3653221 119.0438 
  0.2016588 119.0438 
  0.1210721 119.0438 
  -0.1525485 119.0438 
  0.1085227 119.0438 
  0.2718874 119.0438 
  0.1611391 119.0438 
  0.3021252 119.0438 
  0.1077536 119.0438 
  0.1214115 119.0438 
  0.09678636 119.0438 
  0.1656428 119.0438 
  0.0247569 119.0438 
  -0.05554153 119.0438 
  0.2376671 119.0438 
  0.1639898 119.0438 
  0.2183405 119.0438 
  0.2754734 119.0438 
  0.1822215 119.0438 
  0.1777553 119.0438 
  0.5368285 119.0438 
  0.4626418 128.9329 
  0.7174803 129.5776 
  0.825565 128.2915 
  0.8156211 125.1317 
  0.9008397 122.6601 
  0.9517975 120.8384 
  0.9502602 119.0438 
  0.8678424 117.2759 
  0.7502679 116.1118 
  0.589178 111.5702 
  0.3919991 112.128 
  0.04572593 113.2521 
  -0.02439874 114.3874 
  0.04792259 114.9594 
  0.1463235 115.5342 
  -0.0196678 116.1118 
  0.04720852 117.2759 
  0.1436211 117.8622 
  -0.07162108 118.4515 
  0.3563758 117.8622 
  0.6526302 118.4515 
  0.9591775 118.4515 
  0.9683592 118.4515 
  0.9120056 119.639 
  0.8790134 121.4426 
  0.8918142 123.2734 
  0.9443964 125.7574 
  0.9383565 127.0181 
  0.9155115 128.9329 
  0.9592732 131.531 
  0.9844651 132.8496 
  0.9927977 133.5138 
  0.9921648 134.1814 
  0.99051 134.8523 
  0.8877364 134.8523 
  0.8048351 134.1814 
  0.6640594 132.1886 
  0.8283635 131.531 
  0.6015568 131.531 
  0.3510711 131.531 
  0.4940603 132.1886 
  0.1948997 132.8496 
  0.5374932 136.2042 
  0.8391995 135.5266 
  0.9306657 135.5266 
  0.9815774 134.8523 
  0.9742738 134.1814 
  0.9457487 133.5138 
  0.9363002 132.1886 
  0.8711399 132.8496 
  0.9400617 135.5266 
  0.987877 136.8852 
  0.9856696 137.5696 
  0.971076 138.2575 
  0.9685153 139.6435 
  0.9684776 140.3417 
  0.9805941 141.0434 
  0.9761667 141.0434 
  0.9544674 140.3417 
  0.8682097 139.6435 
  0.2277995 138.2575 
  -0.1277576 136.8852 
  -0.1620013 135.5266 
  -0.04822183 134.1814 
  0.06776188 132.8496 
  -0.02323482 131.531 
  0.08542823 130.2255 
  0.09461087 128.9329 
  -0.04255248 127.6532 
  -0.160052 126.3862 
  -0.097381 125.1317 
  -0.02782892 123.8897 
  0.2030216 122.6601 
  0.2462224 120.2372 
  0.6164172 117.8622 
  0.8878587 117.8622 
  0.955266 117.2759 
  0.9539456 118.4515 
  0.9702617 120.2372 
  0.9584551 120.8384 
  0.9666721 122.0498 
  0.9762071 122.0498 
  0.9840372 122.6601 
  0.9386376 123.2734 
  0.9059929 123.8897 
  0.9075775 125.1317 
  0.7874931 125.1317 
  0.2024832 125.7574 
  -0.00795034 125.7574 
  0.0269757 126.3862 
  0.1413765 127.0181 
  -0.06454418 127.6532 
  0.02389779 128.2915 
  -0.09275945 128.2915 
  0.1147652 128.2915 
  0.1489911 128.2915 
  0.638873 128.2915 
  0.7441566 128.9329 
  0.9319232 128.9329 
  0.9089784 129.5776 
  0.7585063 130.2255 
  0.4637441 130.8766 
  0.4011027 132.1886 
  -0.2780641 132.8496 
  -0.2854853 134.1814 
  0.1255376 135.5266 
  0.02275158 136.8852 
  0.01420035 138.2575 
  0.1180461 139.6435 
  -0.0338986 141.0434 
  0.1139105 142.4574 
  -0.08402593 143.8855 
  0.03282087 145.328 
  0.07149418 146.7849 
  0.6379936 151.2439 
  0.6384461 128.9329 
  0.9079357 128.9329 
  0.9686987 128.2915 
  0.9800749 128.2915 
  0.9722261 127.6532 
  0.9462168 128.2915 
  0.9022903 128.9329 
  0.8558191 130.2255 
  0.9235976 132.1886 
  0.8894584 133.5138 
  0.6893884 133.5138 
  0.5083449 134.8523 
  0.09326271 134.8523 
  -0.1697588 134.8523 
  -0.2932001 134.8523 
  -0.2577302 134.1814 
  -0.2656925 133.5138 
  -0.1417331 132.8496 
  0.03354344 132.1886 
  0.09675214 132.1886 
  0.1367934 132.1886 
  0.3121221 132.1886 
  0.2478804 131.531 
  0.2275153 132.8496 
  0.3004365 119.639 
  0.6634395 118.4515 
  0.8903516 116.1118 
  0.9248338 114.3874 
  0.9346331 112.6886 
  0.911949 111.0151 
  0.9242105 109.3664 
  0.9706458 108.8223 
  0.9640578 107.7421 
  0.9651761 107.2061 
  0.9773287 106.6728 
  0.9360584 105.614 
  0.9697762 105.0885 
  0.9791683 105.0885 
  0.9648042 105.614 
  0.9761023 106.142 
  0.909066 107.2061 
  0.9455567 107.7421 
  0.9143667 108.2809 
  0.7668163 108.8223 
  0.4802119 109.3664 
  0.9237652 111.5702 
  0.9553804 113.2521 
  0.9551835 114.9594 
  0.973564 116.1118 
  0.9697008 116.6924 
  0.9342381 117.2759 
  0.8718378 117.8622 
  0.7986796 117.8622 
  0.6500853 117.8622 
  0.5878214 117.8622 
  0.584799 117.8622 
  0.6066142 117.2759 
  0.2009929 116.6924 
  -0.01464599 116.1118 
  0.1209697 115.5342 
  0.03425618 114.9594 
  -0.05703255 114.3874 
  -0.127864 113.8184 
  0.00753062 113.2521 
  0.03079392 112.6886 
  -0.08619869 112.128 
  -0.1488454 111.5702 
  -0.1016135 111.0151 
  -0.04080391 110.4628 
  0.05535982 109.9132 
  0.002299083 109.3664 
  -0.1847035 108.8223 
  0.1542006 108.2809 
  0.1994828 107.7421 
  0.3808536 107.2061 
  0.7885268 106.6728 
  0.8832836 106.142 
  0.9275462 106.142 
  0.9248538 106.6728 
  0.6922907 108.2809 
  0.7895111 109.9132 
  0.8390747 109.3664 
  0.9028473 109.9132 
  0.8644148 111.0151 
  0.819218 113.2521 
  0.8128515 116.6924 
  0.8446777 120.8384 
  0.8217408 123.8897 
  0.8437712 126.3862 
  0.9256997 129.5776 
  0.8455313 130.8766 
  0.8635551 131.531 
  0.4442418 130.2255 
  0.2978919 129.5776 
  -0.3347687 128.9329 
  0.03658864 128.2915 
  -0.01048252 127.6532 
  -0.008300735 127.0181 
  -0.02433288 126.3862 
  -0.1231053 125.7574 
  -0.09992928 125.1317 
  0.02305578 124.5092 
  0.1292247 123.8897 
  0.1543849 123.8897 
  0.03723209 123.8897 
  -0.003936923 123.2734 
  0.05916616 122.6601 
  0.08669825 122.0498 
  0.3243414 121.4426 
  0.5565004 128.9329 
  0.8412666 128.2915 
  0.9341949 126.3862 
  0.9646542 124.5092 
  0.9776383 123.8897 
  0.9831267 123.2734 
  0.9785891 123.8897 
  0.9493775 124.5092 
  0.900467 123.8897 
  0.9062614 123.2734 
  0.9098851 123.8897 
  0.9154025 123.8897 
  0.9442845 125.1317 
  0.9793248 125.7574 
  0.9894193 125.7574 
  0.9953085 125.7574 
  0.9954912 125.1317 
  0.9937145 124.5092 
  0.9832948 123.8897 
  0.9735963 122.6601 
  0.9819837 122.0498 
  0.9872605 121.4426 
  0.9341131 121.4426 
  0.8478296 120.8384 
  0.7304745 119.639 
  0.9687636 118.4515 
  0.9882718 117.2759 
  0.9891098 116.6924 
  0.9918158 115.5342 
  0.9832842 114.3874 
  0.8666737 113.2521 
  0.7010767 110.4628 
  0.7643654 108.8223 
  0.9322903 107.7421 
  0.9811168 107.7421 
  0.9602723 108.2809 
  0.951567 108.8223 
  0.958465 110.4628 
  0.9200081 111.5702 
  0.963771 112.6886 
  0.9484438 113.2521 
  0.9413437 114.3874 
  0.9452957 114.3874 
  0.954932 113.8184 
  0.9428748 113.2521 
  0.9277558 112.6886 
  0.8762318 112.128 
  0.9051854 111.5702 
  0.8818139 111.5702 
  0.8470784 111.5702 
  0.7634271 111.5702 
  0.778971 111.0151 
  0.8443174 111.5702 
  0.8734716 112.6886 
  0.915279 114.3874 
  0.938256 115.5342 
  0.9447573 116.1118 
  0.9655426 116.1118 
  0.9761388 116.1118 
  0.969823 116.1118 
  0.9490828 114.9594 
  0.8625037 113.8184 
  0.749757 112.128 
  0.1645859 112.128 
  0.6098554 112.6886 
  0.4218706 113.2521 
  0.2069947 113.8184 
  0.102932 114.3874 
  -0.07870071 114.9594 
  0.292381 115.5342 
  0.6296818 109.9132 
  0.8310419 110.4628 
  0.8925792 109.9132 
  0.6747611 107.7421 
  0.7902051 105.0885 
  0.9700919 104.0455 
  0.9777431 104.0455 
  0.9867583 104.0455 
  0.9872714 104.0455 
  0.9894941 104.0455 
  0.9651762 103.0128 
  0.9823749 102.5003 
  0.9842565 102.5003 
  0.9643065 103.0128 
  0.9678905 103.5278 
  0.9773889 104.0455 
  0.9550812 104.5657 
  0.9374157 105.0885 
  0.9478621 106.142 
  0.9590517 107.2061 
  0.9718224 107.7421 
  0.9716806 107.7421 
  0.9526289 108.2809 
  0.926402 108.8223 
  0.8390192 109.3664 
  0.1744349 109.3664 
  -0.217939 109.9132 
  0.1077701 111.0151 
  0.2021193 112.128 
  0.103964 113.2521 
  0.1033619 114.3874 
  0.09391463 114.9594 
  0.1297511 115.5342 
  0.2709741 115.5342 
  0.2585668 115.5342 
  0.09497405 114.9594 
  0.08263567 114.3874 
  0.1236318 114.3874 
  0.503858 114.3874 
  0.3736424 109.3664 
  0.7525565 105.614 
  0.9827756 104.0455 
  0.9677694 103.0128 
  0.9560224 103.0128 
  0.9572501 104.5657 
  0.976993 106.142 
  0.9911962 107.2061 
  0.9727303 107.7421 
  0.949582 108.2809 
  0.9531251 108.2809 
  0.9616734 108.2809 
  0.9528358 108.8223 
  0.9015682 108.2809 
  0.7973971 106.6728 
  0.7992015 105.0885 
  0.7502708 102.5003 
  0.7331959 100.978 
  0.4077125 101.4829 
  0.5891396 103.0128 
  0.7974833 105.0885 
  0.675984 107.2061 
  0.411943 109.9132 
  0.5293168 112.6886 
  0.4444755 104.5657 
  0.7704376 103.5278 
  0.5419829 101.9903 
  0.5860342 97.02828 
  0.686052 94.1677 
  0.8814047 92.7692 
  0.684639 90.93677 
  0.7653347 88.69706 
  0.8814058 87.3798 
  0.9384524 86.94508 
  0.9063484 86.51251 
  0.8270717 86.0821 
  0.9569136 85.2277 
  0.8098292 84.80367 
  0.7932231 83.96195 
  0.4200825 84.38177 
  0.3487439 85.2277 
  -0.1082328 86.94508 
  0.3186685 86.94508 
  -0.1816403 86.94508 
  -0.2097375 86.94508 
  -0.4647838 86.94508 
  -0.4557754 86.94508 
  -0.4465896 86.94508 
  -0.359826 86.94508 
  -0.262745 86.94508 
  -0.2514488 86.94508 
  -0.1165097 86.94508 
  0.09422419 86.94508 
  0.1316087 86.94508 
  -0.0379211 86.94508 
  -0.1008778 86.94508 
  -0.1087825 86.94508 
  -0.09935309 86.94508 
  -0.1492029 86.94508 
  -0.08648016 86.94508 
  -0.0259462 86.94508 
  0.03424834 86.94508 
  0.0137913 86.94508 
  -0.2589793 86.94508 
  -0.1629244 86.94508 
  0.03692877 86.94508 
  0.03731067 86.94508 
  0.05453891 86.94508 
  0.1557971 86.94508 
  0.04149967 86.94508 
  -0.06566377 86.94508 
  -0.1796109 86.94508 
  -0.3045084 86.94508 
  -0.3905887 86.94508 
  -0.1843433 86.94508 
  0.03619436 86.94508 
  -0.09344561 86.94508 
  -0.1128051 86.94508 
  -0.1680624 86.94508 ]
