 [
  0.1880688 155.8383 
  0.1889238 155.8383 
  0.07234013 155.8383 
  -0.04553352 155.8383 
  0.07810126 155.8383 
  -0.01689472 155.8383 
  -0.03160613 155.8383 
  0.01413844 155.8383 
  -0.09114245 155.8383 
  0.1738359 155.8383 
  -0.2034278 155.8383 
  -0.08874897 155.8383 
  -0.08634695 155.8383 
  0.3433971 155.8383 
  0.2507181 155.8383 
  0.2514777 155.8383 
  0.2967106 155.8383 
  0.7183729 153.5239 
  0.8703721 152.0001 
  0.9840274 151.2439 
  0.9194517 149.7427 
  0.8151217 148.2564 
  0.1890866 146.0546 
  0.5295774 144.605 
  0.1090507 143.8855 
  -0.161318 143.1697 
  -0.02974614 142.4574 
  0.5303552 141.7487 
  0.1772396 141.0434 
  0.07694338 140.3417 
  -0.06548627 139.6435 
  -0.06201246 138.9488 
  0.07691707 138.2575 
  0.110617 137.5696 
  0.06809747 136.8852 
  0.3372807 136.8852 
  0.3923544 139.6435 
  0.5903305 137.5696 
  0.8912013 135.5266 
  0.8707835 132.8496 
  0.8879989 129.5776 
  0.9534297 127.0181 
  0.9643208 125.7574 
  0.9607429 123.2734 
  0.9282492 121.4426 
  0.9138844 119.0438 
  0.8431829 117.2759 
  0.789977 114.9594 
  0.1018659 112.6886 
  0.9002911 110.4628 
  0.9214597 108.2809 
  0.8520068 106.6728 
  0.7834852 105.0885 
  0.4598863 103.5278 
  -0.5471652 101.9903 
  0.4654586 100.4756 
  0.5807119 109.3664 
  0.7320501 109.9132 
  0.9000168 110.4628 
  0.910331 110.4628 
  0.9032422 112.128 
  0.9239367 113.2521 
  0.946457 114.9594 
  0.9595457 114.9594 
  0.9248687 116.1118 
  0.894128 117.2759 
  0.899166 119.0438 
  0.7270687 121.4426 
  0.6316255 125.1317 
  0.8679228 128.9329 
  0.9359022 130.8766 
  0.8466229 130.8766 
  0.6597928 130.2255 
  0.4387831 131.531 
  0.1905907 132.8496 
  -0.03912812 133.5138 
  -0.1975231 134.1814 
  -0.1244059 134.8523 
  -0.054541 135.5266 
  -0.03306158 136.8852 
  0.01564871 137.5696 
  0.1672659 138.2575 
  -0.007697785 138.9488 
  0.05353355 139.6435 
  0.04367417 140.3417 
  -0.05548299 141.0434 
  0.6717473 141.7487 
  0.7977256 139.6435 
  0.808516 137.5696 
  0.8332183 133.5138 
  0.8637598 128.9329 
  0.9326581 127.0181 
  0.9444604 126.3862 
  0.9572529 125.7574 
  0.9396558 125.1317 
  0.8848395 123.2734 
  0.8825985 120.8384 
  0.9058807 119.639 
  0.9128794 117.8622 
  0.9139974 116.1118 
  0.9434966 114.3874 
  0.9119701 113.2521 
  0.9360498 111.5702 
  0.9163346 110.4628 
  0.9559883 109.3664 
  0.9517148 108.8223 
  0.8816004 108.2809 
  0.8041959 106.142 
  0.8342978 102.5003 
  0.8803774 101.9903 
  0.970074 102.5003 
  0.9802488 103.5278 
  0.9645689 104.5657 
  0.9510828 105.614 
  0.927071 107.2061 
  0.9767472 108.2809 
  0.9889717 108.8223 
  0.9924042 108.8223 
  0.9956635 108.2809 
  0.9955713 108.2809 
  0.9963927 107.7421 
  0.9941936 107.7421 
  0.9889512 107.7421 
  0.9836541 108.2809 
  0.9880909 108.2809 
  0.9746416 107.7421 
  0.9535137 106.6728 
  0.980637 106.142 
  0.9738553 106.142 
  0.958872 106.142 
  0.9405477 106.142 
  0.9235603 105.614 
  0.9367676 105.0885 
  0.9616206 104.5657 
  0.9721625 105.0885 
  0.9602473 105.614 
  0.9681146 106.6728 
  0.9545707 106.6728 
  0.9342449 106.142 
  0.9379156 106.142 
  0.9323782 105.614 
  0.9517874 105.0885 
  0.9759094 104.5657 
  0.956972 104.0455 
  0.9607233 103.5278 
  0.9799591 102.5003 
  0.9424661 101.4829 
  0.9714156 100.4756 
  0.9502398 99.97575 
  0.9470862 99.47836 
  0.9133264 99.47836 
  0.9177672 98.491 
  0.9255258 97.51342 
  0.93581 96.54556 
  0.9513499 96.06523 
  0.8757041 97.51342 
  0.9297466 99.47836 
  0.9167459 101.4829 
  0.835471 103.5278 
  0.8118359 106.142 
  0.77022 108.2809 
  0.8392797 109.3664 
  0.8630822 109.3664 
  0.9143729 109.3664 
  0.9267241 108.8223 
  0.8931063 108.8223 
  0.8827038 107.7421 
  0.7711726 107.2061 
  0.7261133 105.614 
  0.6814316 104.5657 
  -0.5294254 105.614 
  -0.1680738 106.6728 
  0.1572889 108.2809 
  -0.1508091 109.9132 
  -0.103244 111.5702 
  -0.06578945 113.2521 
  0.0270541 114.9594 
  0.2085602 116.6924 
  0.6530331 118.4515 
  0.8055241 117.2759 
  0.8247473 114.9594 
  0.8352416 111.5702 
  0.8479347 108.8223 
  0.7473261 107.2061 
  0.3372042 107.2061 
  -0.06666546 107.7421 
  -0.3088085 108.2809 
  -0.1687587 109.3664 
  -0.128321 110.4628 
  -0.4882433 111.5702 
  -0.03694083 112.6886 
  0.08219416 113.8184 
  0.1177644 114.9594 
  0.1246574 115.5342 
  0.04022053 116.1118 
  0.09360126 116.6924 
  0.1715968 116.6924 
  0.03707676 116.6924 
  0.1315297 117.2759 
  -0.2537608 117.2759 
  0.6423578 117.2759 
  0.8732902 116.1118 
  0.879367 114.9594 
  0.8775678 113.2521 
  0.8536894 111.0151 
  0.7858316 109.3664 
  0.7302223 106.142 
  0.5730937 106.142 
  0.8452781 106.6728 
  0.8941945 106.142 
  0.9318038 105.614 
  0.8697729 104.0455 
  0.861666 101.9903 
  0.8429949 100.978 
  0.8024495 101.9903 
  0.9755012 103.0128 
  0.9879453 102.5003 
  0.9877329 101.9903 
  0.9928913 101.9903 
  0.992618 101.4829 
  0.7673748 103.0128 
  0.5572317 100.978 
  0.6983941 100.4756 
  0.9697349 100.4756 
  0.9753317 99.97575 
  0.9840757 99.97575 
  0.9713078 99.97575 
  0.9749596 99.97575 
  0.9762663 99.97575 
  0.9879704 99.97575 
  0.9764004 99.97575 
  0.9529688 100.978 
  0.9466296 100.978 
  0.9620909 101.4829 
  0.9402869 101.4829 
  0.8494279 100.978 
  0.7232322 100.978 
  0.5300038 99.47836 
  -0.1243556 100.4756 
  0.289582 101.4829 
  0.6407311 102.5003 
  0.4759325 100.4756 
  0.5572481 97.51342 
  0.8870654 95.11173 
  0.8769174 93.23304 
  0.8745406 91.39146 
  0.7431242 90.48434 
  0.1414765 90.48434 
  -0.1781862 90.48434 
  -0.1653726 90.48434 
  0.1068399 90.48434 
  0.04272709 90.48434 
  0.2062261 90.48434 
  0.2436086 90.48434 
  -0.1681208 90.93677 
  0.3915347 91.39146 
  0.6202679 91.39146 
  0.5552094 90.03418 
  0.591731 89.58624 
  0.4571647 89.14054 
  0.6913676 88.25578 
  0.7731633 87.3798 
  0.731397 87.8167 
  0.5642911 87.8167 
  0.2976135 89.14054 
  -0.05528052 90.48434 
  0.2968154 91.39146 
  -0.008647753 91.39146 
  0.505379 91.39146 
  0.4637549 91.39146 
  0.08090591 91.39146 
  0.07869576 91.39146 
  0.1597501 91.39146 
  0.03723454 91.39146 
  0.2601474 91.39146 
  0.2695724 91.39146 
  0.2070835 91.39146 
  0.2506548 91.39146 
  0.2188601 91.39146 
  -0.1121519 91.39146 
  -0.2632589 91.39146 
  -0.2748969 91.39146 ]
