 [
  0.09857891 120.2372 
  -0.2139108 120.2372 
  -0.1021219 120.2372 
  0.02913467 120.2372 
  -0.2928722 120.2372 
  -0.1381512 120.2372 
  0.0431944 120.2372 
  0.1060806 120.2372 
  0.1590054 120.2372 
  0.1133966 120.2372 
  0.3135208 120.2372 
  0.6605971 120.2372 
  0.7622657 120.2372 
  0.8806384 120.8384 
  0.9309485 121.4426 
  0.9798212 122.6601 
  0.9795471 123.8897 
  0.9843606 124.5092 
  0.9588295 125.1317 
  0.9450747 126.3862 
  0.9365624 128.2915 
  0.9518966 129.5776 
  0.9557865 130.2255 
  0.966791 130.2255 
  0.9759719 130.8766 
  0.9871289 132.1886 
  0.9774891 132.8496 
  0.958213 134.1814 
  0.9697372 135.5266 
  0.9844237 136.8852 
  0.9907721 138.2575 
  0.9928868 138.2575 
  0.9839207 139.6435 
  0.9838184 140.3417 
  0.9891602 141.0434 
  0.9849889 142.4574 
  0.9903758 143.1697 
  0.9948435 143.8855 
  0.9949661 144.605 
  0.9926223 145.328 
  0.994821 146.0546 
  0.99021 147.5188 
  0.9882524 148.9977 
  0.9911176 150.4914 
  0.9947869 151.2439 
  0.994721 152.7601 
  0.9893419 154.2915 
  0.9868962 154.2915 
  0.9682751 155.063 
  0.9637042 155.8383 
  0.9930108 156.6175 
  0.991769 156.6175 
  0.9933001 156.6175 
  0.9916099 155.8383 
  0.9873121 154.2915 
  0.9782813 152.0001 
  0.9351147 148.9977 
  0.8834916 146.7849 
  0.7700622 144.605 
  0.5142144 143.1697 
  0.1227725 141.7487 
  -0.04974072 140.3417 
  -0.1545502 138.9488 
  -0.1772484 137.5696 
  -0.07880664 136.2042 
  -0.1691781 134.8523 
  -0.04323502 133.5138 
  0.1217616 132.1886 
  0.06562274 130.2255 
  0.6022317 128.2915 
  0.8185019 125.7574 
  0.9248627 123.8897 
  0.9694525 122.0498 
  0.9829228 121.4426 
  0.9788066 122.0498 
  0.9746295 123.8897 
  0.9856771 125.1317 
  0.9937783 125.7574 
  0.9900107 125.7574 
  0.969128 125.7574 
  0.9544826 123.2734 
  0.9239944 120.8384 
  0.9001539 119.0438 
  0.8637519 117.2759 
  0.629441 116.6924 
  0.4610603 116.6924 
  0.3624265 116.6924 
  0.05310807 116.6924 
  0.3030267 116.6924 
  0.1644136 116.6924 
  0.6076874 116.6924 
  0.8711746 116.6924 
  0.9393352 116.1118 
  0.9466069 115.5342 
  0.9349701 113.8184 
  0.9321882 112.128 
  0.9658452 111.0151 
  0.963326 111.0151 
  0.9606144 111.0151 
  0.9385673 111.5702 
  0.9442474 112.128 
  0.8370571 113.2521 
  0.7905908 114.3874 
  0.7197503 115.5342 
  0.7774795 116.6924 
  0.8535832 117.8622 
  0.8812519 119.0438 
  0.827584 120.2372 
  0.190265 121.4426 
  -0.1406249 122.6601 
  0.6574399 123.8897 
  0.7955139 122.0498 
  0.8346859 123.2734 
  0.8734999 123.8897 
  0.9278672 125.1317 
  0.9779778 125.1317 
  0.9440885 126.3862 
  0.9290591 127.6532 
  0.9314339 129.5776 
  0.9514251 130.8766 
  0.9721562 132.1886 
  0.9559085 132.8496 
  0.9676077 133.5138 
  0.9561735 134.8523 
  0.9497797 135.5266 
  0.9696923 136.2042 
  0.9576312 136.8852 
  0.9043869 137.5696 
  0.8484472 139.6435 
  0.9388618 141.7487 
  0.8830513 141.7487 
  0.774518 139.6435 
  0.1040485 139.6435 
  0.209611 139.6435 
  0.2500134 139.6435 
  0.2826505 140.3417 
  0.1118203 141.0434 
  0.02562949 141.7487 
  0.03786957 142.4574 
  -0.1031376 143.1697 
  0.07151991 144.605 
  0.3310122 145.328 
  0.8032668 146.0546 
  0.851046 143.1697 
  0.8639026 138.9488 
  0.9576461 136.2042 
  0.9980744 134.8523 
  0.9814569 136.2042 
  0.9802997 137.5696 
  0.9860807 138.2575 
  0.9530258 138.9488 
  0.8682575 138.2575 
  0.7745703 137.5696 
  0.4628993 138.2575 
  0.911824 138.2575 
  0.9449413 138.2575 
  0.9765917 138.2575 
  0.9793476 138.2575 
  0.9382052 138.2575 
  0.5421667 138.2575 
  0.5621471 138.2575 
  0.7492497 136.2042 
  0.9359732 135.5266 
  0.9753597 136.2042 
  0.988605 137.5696 
  0.9975725 138.2575 
  0.9971938 138.2575 
  0.9967112 137.5696 
  0.9905748 136.2042 
  0.9881738 134.1814 
  0.9877456 132.8496 
  0.9885877 130.8766 
  0.9926895 129.5776 
  0.9915802 128.2915 
  0.9896455 127.0181 
  0.992283 125.7574 
  0.9776614 124.5092 
  0.9209837 123.8897 
  0.857077 123.2734 
  0.6367956 123.2734 
  0.365778 123.2734 
  0.4689265 123.8897 
  0.2116558 123.8897 
  0.004647375 124.5092 
  0.05854483 125.1317 
  -0.02839685 125.7574 
  -0.04001377 127.0181 
  -0.05580864 127.6532 
  0.1217833 127.6532 
  0.3392773 127.6532 
  0.6735044 127.6532 
  0.8154183 125.7574 
  0.7461864 122.0498 
  0.7959973 117.2759 
  0.9044811 114.9594 
  0.952803 113.2521 
  0.9767885 111.5702 
  0.9866309 110.4628 
  0.9923568 109.3664 
  0.989377 108.2809 
  0.9972417 108.2809 
  0.9984936 108.2809 
  0.9978487 108.2809 
  0.9964736 108.2809 
  0.9917651 108.2809 
  0.9896995 107.2061 
  0.9921 107.2061 
  0.987448 106.6728 
  0.9793893 106.142 
  0.9880626 105.0885 
  0.9810292 104.5657 
  0.9690463 103.5278 
  0.9851887 102.5003 
  0.991093 102.5003 
  0.9782767 101.9903 
  0.9748505 100.978 
  0.9568624 100.978 
  0.9289218 100.978 
  0.8900393 101.4829 
  0.8161294 102.5003 
  0.6288005 103.0128 
  0.5262771 103.5278 
  0.4843727 103.5278 
  0.3951658 103.5278 
  0.1816133 103.5278 
  0.1844388 103.5278 
  0.02177924 103.5278 
  0.03425213 103.5278 
  0.02120164 103.5278 
  -0.02450118 103.5278 
  0.04492533 103.5278 
  0.09080975 103.5278 
  -0.1609769 103.5278 
  -0.1224732 103.5278 
  -0.1202208 103.5278 
  -0.02831626 103.5278 
  -0.1367732 103.5278 
  -0.09123688 103.5278 
  0.01516984 103.5278 
  0.07790327 103.5278 ]
