 [
  -0.2065349 113.8184 
  -0.1032232 113.8184 
  -0.04453507 113.8184 
  -0.1556012 113.8184 
  -0.03204069 113.8184 
  -0.04359165 113.8184 
  -0.1203733 113.8184 
  -0.3113829 113.8184 
  -0.2360154 113.8184 
  0.08583944 113.8184 
  0.3329108 113.8184 
  -0.3587435 113.8184 
  0.5430347 113.8184 
  0.3727857 117.8622 
  0.6835893 119.639 
  0.9524375 120.8384 
  0.9775302 119.639 
  0.9451838 117.2759 
  0.8804134 114.9594 
  0.8322036 111.5702 
  0.8194588 107.7421 
  0.8636315 104.5657 
  0.9526269 102.5003 
  0.9499678 102.5003 
  0.9170841 104.5657 
  0.9659171 105.614 
  0.9678941 105.0885 
  0.9171691 104.0455 
  0.8042424 102.5003 
  0.682059 99.47836 
  0.4232165 97.51342 
  -0.4129595 98.00098 
  0.09135024 99.97575 
  0.07577147 101.4829 
  -0.1073514 103.0128 
  -0.05757967 104.5657 
  0.01244744 106.142 
  -0.1691263 107.7421 
  0.05840131 109.3664 
  0.2502577 111.0151 
  0.05351422 112.6886 
  0.008877896 114.3874 
  0.04171654 116.1118 
  0.02830193 117.8622 
  0.1106737 119.639 
  0.2168436 121.4426 
  0.7512111 122.6601 
  0.7834628 119.639 
  0.7834781 117.2759 
  0.7864835 114.9594 
  0.9764066 114.3874 
  0.9889315 114.3874 
  0.9641418 114.9594 
  0.9362959 116.1118 
  0.9427029 117.2759 
  0.9293993 118.4515 
  0.9323891 119.639 
  0.9475058 120.8384 
  0.9358134 121.4426 
  0.8639581 122.0498 
  0.9651713 123.2734 
  0.9788295 123.2734 
  0.9811406 122.6601 
  0.9851589 122.0498 
  0.968672 120.2372 
  0.9268637 118.4515 
  0.9413069 116.6924 
  0.9374443 115.5342 
  0.8939022 113.2521 
  0.7583427 109.9132 
  0.5684521 105.614 
  0.646507 103.5278 
  0.6183926 103.0128 
  0.8079704 104.0455 
  0.823547 107.2061 
  0.9339797 107.7421 
  0.9425855 108.2809 
  0.9436651 107.7421 
  0.9307464 107.2061 
  0.9499968 106.6728 
  0.9645864 106.6728 
  0.9675685 107.2061 
  0.9610913 107.7421 
  0.9576717 108.2809 
  0.9827323 108.8223 
  0.9837133 109.3664 
  0.9687513 109.9132 
  0.9409147 110.4628 
  0.8178228 109.9132 
  0.7494844 108.8223 
  0.545122 110.4628 
  0.4613293 109.3664 
  0.05970309 108.2809 
  0.02580177 107.7421 
  -0.09615641 107.2061 
  0.02385701 106.6728 
  0.2161753 106.142 
  0.796053 105.614 
  0.9220622 105.0885 
  0.5574965 104.5657 
  0.7300827 101.4829 
  0.7925525 99.97575 
  0.7112914 98.98344 
  0.831355 98.00098 
  0.9426208 97.51342 
  0.9570773 97.51342 
  0.8699506 97.02828 
  0.7369608 96.06523 
  0.7486154 93.6992 
  0.7061107 92.30766 
  0.02772574 95.11173 
  0.009748173 97.51342 
  -0.130628 99.97575 
  0.1218751 103.0128 
  -0.04587846 105.614 
  -0.01372246 108.8223 
  -0.07364997 111.5702 
  -0.08420157 114.3874 
  -0.1067805 117.2759 
  -0.004255722 120.2372 
  0.7071838 123.2734 
  0.2743227 113.2521 
  0.5476278 111.5702 
  0.8593459 110.4628 
  0.8823357 108.8223 
  0.9333982 107.7421 
  0.7275853 105.0885 
  0.4741951 100.4756 
  0.4391327 95.5873 
  0.2669523 91.84841 
  0.2350492 87.8167 
  0.442542 83.12859 
  0.7448066 81.89403 
  0.8004602 81.89403 
  0.6664739 82.3035 
  0.6340895 77.5221 
  0.1179948 77.13642 
  0.1968681 76.75266 
  0.1087899 76.3708 
  -0.07936866 76.3708 
  0.02560379 76.3708 
  0.1670548 76.3708 
  -0.1035824 76.3708 
  -0.1281204 76.3708 
  -0.2218671 76.3708 
  -0.1592998 76.3708 
  0.02902273 76.3708 
  0.1868513 76.3708 
  0.1013248 76.3708 
  0.09453247 76.3708 
  0.3696252 76.3708 
  0.2961263 76.3708 
  0.1716165 76.3708 
  -0.1092959 76.3708 
  -0.3383461 76.3708 
  -0.3286003 76.3708 
  -0.1976017 76.3708 
  -0.03946148 76.3708 
  -0.1256481 76.3708 
  -0.2773603 76.3708 
  -0.1523345 76.3708 
  0.02632401 76.3708 
  0.2123472 76.3708 
  0.1667058 76.3708 
  0.02965314 76.3708 
  0.1029486 76.3708 
  -0.04558352 76.3708 
  -0.2746432 76.3708 
  0.08385042 76.3708 
  -0.1432787 76.3708 ]
