 [
  0.07451639 212.3098 
  0.249157 212.3098 
  0.07058927 212.3098 
  -0.01129186 212.3098 
  0.01495608 212.3098 
  0.1154861 212.3098 
  -0.1217096 212.3098 
  0.03496486 212.3098 
  -0.06229845 212.3098 
  -0.06883249 212.3098 
  -0.1005071 212.3098 
  0.005137066 212.3098 
  0.0112126 212.3098 
  -0.2126673 212.3098 
  -0.08384624 212.3098 
  0.7435459 212.3098 
  0.881552 205.0254 
  0.9347639 201.9805 
  0.9810472 198.9809 
  0.9825735 195.0505 
  0.9756258 192.1537 
  0.9393379 190.2465 
  0.8071306 189.3 
  0.3060896 193.1145 
  -0.0936873 197.9909 
  -0.1589654 202.9904 
  -0.1445587 207.0808 
  -0.09293848 211.2535 
  0.1212328 215.5104 
  0.1705784 218.7592 
  0.03846374 222.057 
  -0.048417 225.4046 
  -0.04211271 227.6642 
  0.07878058 228.8026 
  0.1904963 229.9466 
  0.007918855 231.0963 
  -0.1678767 232.2518 
  0.05499616 233.4131 
  0.02585103 234.5801 
  0.01170071 236.9318 
  0.01717562 239.307 
  0.04212619 241.7061 
  0.390683 244.1292 
  -0.03544272 246.5766 
  0.1550647 247.8095 
  0.5389637 246.5766 
  0.7450007 236.9318 
  0.8611323 231.0963 
  0.9739771 225.4046 
  0.9820914 223.1673 
  0.9710605 222.057 
  0.9719274 219.853 
  0.9868707 217.6709 
  0.9940528 216.5879 
  0.9933175 216.5879 
  0.9891173 217.6709 
  0.9922218 218.7592 
  0.9827074 220.9523 
  0.9762185 223.1673 
  0.9811646 226.5316 
  0.9741762 228.8026 
  0.9692787 232.2518 
  0.9872403 234.5801 
  0.993156 236.9318 
  0.9944656 236.9318 
  0.9874444 236.9318 
  0.9465488 235.753 
  0.7740467 233.4131 
  0.3143139 231.0963 
  0.06814067 228.8026 
  0.1479033 226.5316 
  0.03335267 224.2832 
  0.04593721 220.9523 
  0.02527422 217.6709 
  -0.0307494 214.4382 
  0.1208466 211.2535 
  -0.2027671 208.1162 
  -0.1748071 205.0254 
  -0.1497054 201.9805 
  -0.1612065 198.9809 
  -0.1438344 196.0257 
  0.2400423 193.1145 
  0.1739393 195.0505 
  0.0656762 201.9805 
  0.6156791 209.1568 
  0.9153175 212.3098 
  0.9472359 210.2025 
  0.9932336 208.1162 
  0.9934188 205.0254 
  0.9878091 202.9904 
  0.9853573 199.9758 
  0.9832864 197.0059 
  0.9779795 195.0505 
  0.9610946 194.0801 
  0.960832 194.0801 
  0.9542974 195.0505 
  0.9237127 196.0257 
  0.8889978 197.0059 
  0.8652535 197.9909 
  0.8424425 199.9758 
  0.876707 201.9805 
  0.8651472 204.0054 
  0.9621826 205.0254 
  0.9753182 204.0054 
  0.9855152 202.9904 
  0.9950501 201.9805 
  0.9955961 200.9756 
  0.9962233 199.9758 
  0.9968375 198.9809 
  0.9967361 198.9809 
  0.9956911 197.9909 
  0.9951265 197.0059 
  0.9976566 197.0059 
  0.9983861 197.9909 
  0.9987556 197.9909 
  0.9976 197.9909 
  0.9982157 198.9809 
  0.9966028 199.9758 
  0.9961162 200.9756 
  0.9960234 201.9805 
  0.9960015 202.9904 
  0.9970124 202.9904 
  0.9954188 204.0054 
  0.9938691 204.0054 
  0.9959393 205.0254 
  0.9964414 206.0505 
  0.998142 207.0808 
  0.9973686 207.0808 
  0.9984531 208.1162 
  0.9991285 208.1162 
  0.9985358 209.1568 
  0.9991198 209.1568 
  0.9981993 208.1162 
  0.9937218 207.0808 
  0.9808087 206.0505 
  0.9702828 204.0054 
  0.9742312 201.9805 
  0.5102957 200.9756 
  0.1374324 199.9758 
  0.1154936 197.9909 
  0.1419552 196.0257 
  0.07728405 194.0801 
  0.1770569 193.1145 
  0.2746801 193.1145 
  0.2311651 193.1145 
  0.1259669 195.0505 
  0.2334798 197.9909 
  0.2302843 193.1145 
  0.3291794 168.784 
  0.3828575 167.9442 
  0.8645967 173.046 
  0.9624748 175.6547 
  0.9971018 177.4156 
  0.9967906 179.1942 
  0.9983222 180.0902 
  0.9945512 180.9906 
  0.889948 185.5609 
  0.8170934 184.6377 
  0.8718412 184.6377 
  0.9672852 183.7191 
  0.9827617 182.8051 
  0.9875244 182.8051 
  0.9962528 181.8956 
  0.9941543 181.8956 
  0.9824072 182.8051 
  0.9792814 182.8051 
  0.9622367 183.7191 
  0.9652152 185.5609 
  0.9566716 187.4211 
  0.8961194 188.3582 
  0.8366162 189.3 
  0.01232658 190.2465 
  0.02779404 197.0059 
  0.1037544 207.0808 
  0.1348316 216.5879 
  0.2096572 222.057 
  0.206764 217.6709 
  0.5088317 201.9805 
  0.8179764 196.0257 
  0.9396006 194.0801 
  0.9310429 190.2465 
  0.8926557 187.4211 
  0.7771386 184.6377 
  0.2581192 181.8956 
  -0.02994741 179.1942 
  -0.07866208 176.533 
  -0.09058459 174.7808 
  0.1301596 173.046 
  0.06533933 171.3284 
  0.006648906 168.784 
  0.3355919 167.1087 
  0.3784539 167.1087 
  0.6117253 167.9442 
  0.1616738 174.7808 
  0.1482306 181.8956 
  0.3024839 189.3 
  0.2361906 196.0257 
  0.3989058 204.0054 
  0.8330393 208.1162 
  0.9032435 206.0505 
  0.9517882 202.9904 
  0.9616741 199.9758 
  0.970672 197.0059 
  0.9832906 195.0505 
  0.9848002 193.1145 
  0.9856354 192.1537 
  0.9795231 190.2465 
  0.9357449 188.3582 
  0.9038371 186.4887 
  0.8658805 183.7191 
  0.9629132 186.4887 
  0.9811213 187.4211 
  0.9869882 186.4887 
  0.9806708 185.5609 
  0.963411 182.8051 
  0.9276195 179.1942 
  0.839249 174.7808 
  0.6938933 167.9442 
  0.2148327 170.476 
  0.2720687 180.9906 
  0.1443843 180.0902 
  -0.1015605 181.8956 
  -0.1467408 183.7191 
  0.1436383 184.6377 
  -0.4100231 185.5609 
  -0.1964179 186.4887 
  0.1560203 187.4211 
  0.1767578 188.3582 
  0.03770944 189.3 
  -0.1065735 190.2465 
  0.2049134 190.2465 
  0.7936445 189.3 
  0.9512329 189.3 
  0.9670786 188.3582 
  0.9696701 187.4211 
  0.984207 186.4887 
  0.9874854 185.5609 
  0.9950052 184.6377 
  0.9919223 185.5609 
  0.9846146 186.4887 
  0.9750742 188.3582 
  0.9667339 190.2465 
  0.9414563 192.1537 
  0.9022778 191.1978 
  0.6871105 192.1537 
  0.7718779 194.0801 
  0.0321659 195.0505 
  0.1518021 196.0257 
  0.07763725 197.0059 
  0.06106691 198.9809 
  -0.105897 200.9756 
  0.4839588 202.9904 
  0.7785963 205.0254 
  0.9107455 206.0505 
  0.9361867 206.0505 
  0.9725138 205.0254 
  0.9895701 204.0054 
  0.9979471 202.9904 
  0.9984552 201.9805 
  0.9984386 200.9756 
  0.988474 198.9809 
  0.9857694 197.0059 
  0.9928608 195.0505 
  0.9987036 194.0801 
  0.9987279 193.1145 
  0.9956976 192.1537 
  0.9890887 191.1978 
  0.9697492 191.1978 
  0.9288214 192.1537 
  0.01510162 193.1145 
  -0.1187361 195.0505 
  0.3924421 195.0505 
  0.7394819 194.0801 
  0.977459 194.0801 
  0.9680248 192.1537 
  0.9772944 190.2465 
  0.9940724 188.3582 
  0.9941165 189.3 
  0.99422 188.3582 
  0.9959981 188.3582 
  0.9957972 188.3582 
  0.9939983 189.3 
  0.9961496 189.3 
  0.9943472 189.3 
  0.9954247 189.3 
  0.9940318 190.2465 
  0.9931094 191.1978 
  0.9914396 192.1537 
  0.9903017 193.1145 
  0.9919453 194.0801 
  0.9774256 194.0801 
  0.9395521 194.0801 
  0.9041303 193.1145 
  0.9836273 192.1537 
  0.9889325 192.1537 
  0.9650997 192.1537 
  0.9659117 192.1537 
  0.9934459 191.1978 
  0.9848223 190.2465 
  0.9682257 189.3 
  0.9219518 188.3582 
  0.8848547 188.3582 
  0.887637 189.3 
  0.9331388 191.1978 
  0.9626274 194.0801 
  0.9811947 196.0257 
  0.9883442 196.0257 
  0.9893745 195.0505 
  0.9900075 194.0801 
  0.9924126 192.1537 
  0.9943516 191.1978 
  0.9974194 190.2465 
  0.9971125 189.3 
  0.994355 189.3 
  0.9892583 187.4211 
  0.9906187 186.4887 
  0.9954551 185.5609 
  0.9941918 184.6377 
  0.9943132 184.6377 
  0.9926069 184.6377 
  0.9961331 183.7191 
  0.9835421 182.8051 
  0.9862183 181.8956 
  0.976818 181.8956 
  0.8428239 180.0902 
  0.2440603 181.8956 
  0.2300613 205.0254 
  0.24413 215.5104 
  0.2986124 220.9523 
  0.3289988 222.057 
  0.2426515 216.5879 
  0.2231051 197.0059 
  0.5152921 183.7191 
  0.8996551 180.9906 
  0.9874482 181.8956 
  0.9343491 181.8956 
  0.8759401 180.9906 
  0.7313041 180.0902 
  0.9929681 180.9906 
  0.9988621 180.9906 
  0.9995826 180.0902 
  0.9993699 180.0902 
  0.9991007 180.0902 
  0.9983056 180.0902 
  0.9933306 180.0902 
  0.9365432 180.0902 
  0.7946155 180.0902 
  0.9338952 180.9906 
  0.9660105 180.0902 
  0.9885377 179.1942 
  0.9932556 177.4156 
  0.9938111 176.533 
  0.9889272 175.6547 
  0.9844295 173.9112 
  0.9763017 172.185 
  0.9919698 170.476 
  0.9947456 170.476 
  0.9934683 171.3284 
  0.9910044 171.3284 
  0.9925554 172.185 
  0.9864249 173.9112 
  0.9873236 175.6547 
  0.9939801 177.4156 
  0.9974144 179.1942 
  0.9882685 180.0902 
  0.986115 180.9906 
  0.9907298 181.8956 
  0.996295 182.8051 
  0.9961483 182.8051 
  0.9959891 183.7191 
  0.9966424 184.6377 
  0.9932722 185.5609 
  0.9859946 186.4887 
  0.9858378 188.3582 
  0.988536 190.2465 
  0.9898145 190.2465 
  0.9905539 190.2465 
  0.9956415 189.3 
  0.9946288 188.3582 
  0.9942318 187.4211 
  0.9944072 186.4887 
  0.982989 186.4887 
  0.9801753 185.5609 
  0.9658648 182.8051 
  0.93139 180.9906 
  0.7337078 179.1942 
  0.2189293 173.046 
  0.01464655 148.9977 
  0.1276627 123.8897 
  0.4682444 105.614 
  0.4900457 105.0885 
  0.4521189 105.614 
  0.7538841 95.11173 
  0.3901461 94.63854 
  0.3809247 85.65383 
  0.2805255 88.69706 
  0.6636656 90.03418 
  0.8039612 90.48434 
  0.9824374 90.48434 
  0.9897894 90.48434 
  0.9815399 90.03418 
  0.9389925 89.58624 
  0.9665504 89.14054 
  0.968016 89.14054 
  0.8113604 89.14054 
  0.5618964 88.69706 
  -0.130369 86.94508 
  -0.00220666 86.51251 
  0.1036409 86.0821 
  -0.2191359 85.65383 
  0.1164569 85.2277 
  0.1244496 85.2277 
  0.1467904 85.2277 
  0.1167527 85.2277 
  0.1196173 85.65383 
  0.1754636 86.0821 
  0.06201364 86.51251 
  0.05647141 86.94508 
  0.02100549 87.3798 
  0.1020712 87.8167 
  0.1588372 88.25578 
  0.2027758 88.69706 
  -0.1949306 89.14054 
  0.01618966 89.58624 
  0.2128007 90.03418 
  0.3146208 90.48434 
  0.4164263 90.93677 
  0.3527583 90.48434 
  0.6070879 89.14054 
  0.7567744 88.25578 
  0.7824059 87.3798 
  0.6731774 85.65383 
  0.302876 85.2277 
  0.321422 84.80367 
  -0.2160611 84.38177 
  -0.05724725 83.96195 
  0.0121043 83.54424 
  0.04594515 83.12859 
  0.04540784 82.71502 
  0.009126208 82.3035 
  -0.09841458 82.3035 
  0.3408904 82.71502 
  0.5426237 81.4866 
  0.7758532 81.08118 
  0.8814914 81.08118 
  0.8785335 80.6778 
  0.6724465 81.08118 
  0.5457583 82.71502 
  0.8175328 83.54424 
  0.4133618 83.54424 
  0.03743579 83.54424 
  0.6796334 81.89403 
  0.9306619 81.4866 
  0.9570813 81.89403 
  0.9639159 82.3035 
  0.9076008 82.71502 
  0.8737532 83.12859 
  0.7724143 83.12859 
  0.6429579 83.12859 
  0.2207877 83.12859 
  0.1735187 83.12859 
  0.02847062 83.12859 
  0.03658332 83.12859 
  -0.03817309 83.12859 
  -0.06525637 83.12859 
  -0.0697614 83.12859 
  -0.1226941 83.12859 
  -0.01494176 83.12859 
  0.1742884 83.12859 
  0.07354965 83.12859 
  -0.1061929 83.12859 
  -0.3282551 83.12859 
  0.1589968 83.12859 
  -0.08032616 83.12859 
  0.03523017 83.12859 
  0.0006521835 83.12859 
  -0.0721649 83.12859 
  0.1677229 83.12859 
  0.1515609 83.12859 ]
