 [
  -0.263163 132.8496 
  -0.1674216 132.8496 
  -0.07528684 132.8496 
  -0.04743195 132.8496 
  -0.03758231 132.8496 
  0.003907348 132.8496 
  -0.07609132 132.8496 
  -0.113521 132.8496 
  -0.2353102 132.8496 
  -0.1645337 132.8496 
  -0.179381 132.8496 
  0.06064191 132.8496 
  0.06382842 132.8496 
  0.2587253 134.1814 
  0.3447315 134.8523 
  -0.1336635 133.5138 
  -0.1709432 131.531 
  -0.01820473 129.5776 
  0.3154646 127.6532 
  0.6125377 132.1886 
  0.6403772 143.1697 
  0.8395705 149.7427 
  0.9138464 153.5239 
  0.9579306 158.1876 
  0.9638148 158.1876 
  0.8814414 155.063 
  0.4779024 152.0001 
  0.2643129 148.9977 
  -0.09432273 146.0546 
  -0.0656736 143.1697 
  0.2836387 140.3417 
  0.3190439 139.6435 
  0.059656 138.2575 
  0.1299991 136.2042 
  0.2872897 136.2042 
  0.2606824 136.8852 
  0.5262534 139.6435 
  0.7315239 136.8852 
  0.836944 134.1814 
  0.8516106 130.2255 
  0.8886215 125.7574 
  0.9477713 123.2734 
  0.9614088 120.8384 
  0.9178466 117.8622 
  0.9234657 114.9594 
  0.9730539 113.2521 
  0.9939843 112.6886 
  0.9605749 111.5702 
  0.9522808 109.9132 
  0.9903938 108.8223 
  0.9910081 109.3664 
  0.9853023 110.4628 
  0.9191183 111.5702 
  0.7627357 115.5342 
  0.5429798 122.0498 
  0.7097226 126.3862 
  0.5773326 132.8496 
  0.2735555 142.4574 
  0.727025 150.4914 
  0.9061186 158.1876 
  0.8675622 162.182 
  0.7228134 165.4501 
  -0.009573978 168.784 
  0.1880352 172.185 
  0.167606 175.6547 
  0.200149 179.1942 
  0.2167937 182.8051 
  0.1574899 186.4887 
  0.05674783 191.1978 
  -0.002725325 196.0257 
  0.2045864 200.9756 
  0.06696415 205.0254 
  -0.06938313 210.2025 
  -0.2367889 215.5104 
  0.559886 220.9523 
  0.5709754 235.753 
  0.5363818 240.5036 
  0.4624754 242.9146 
  0.6541812 136.2042 
  0.9155949 105.0885 
  0.7875021 104.5657 
  0.3408387 105.614 
  0.3047494 109.3664 
  0.02541261 113.2521 
  0.03926371 117.2759 
  0.06110429 120.8384 
  0.09304212 124.5092 
  0.04960616 128.9329 
  0.2197789 133.5138 
  -0.06060361 138.2575 
  0.0957533 143.1697 
  0.1712365 148.2564 
  0.8023937 149.7427 
  0.1939751 144.605 
  0.3278907 146.7849 
  0.5784119 154.2915 
  0.8318443 155.063 
  0.9327376 161.3751 
  0.9503106 165.4501 
  0.9891992 168.784 
  0.9962151 170.476 
  0.9726112 169.6279 
  0.9096634 166.2773 
  0.8597354 159.7734 
  0.8644822 152.0001 
  0.6974829 143.8855 
  0.5597882 135.5266 
  0.655812 131.531 
  0.3611711 123.8897 
  0.2254194 116.1118 
  0.3146346 104.5657 
  0.5064968 104.5657 
  0.4774144 106.6728 
  0.2490579 109.3664 
  0.3134096 101.4829 
  0.4811043 102.5003 
  0.1772165 110.4628 
  0.3104462 112.6886 
  0.2817585 103.0128 
  0.5005269 101.9903 
  0.499665 100.978 
  0.3573234 93.6992 
  0.4798336 94.1677 
  0.1620106 111.5702 
  0.636674 112.128 
  0.3893795 112.128 
  0.3565339 108.2809 
  0.5751196 93.23304 
  0.3911836 94.63854 
  0.6940532 96.54556 
  0.8654969 96.06523 
  0.7745628 96.54556 
  0.5381605 97.51342 
  0.09056835 98.491 
  -0.3622692 98.98344 
  -0.2044263 99.97575 
  -0.5662465 100.978 
  -0.1806594 101.9903 
  0.0988027 103.0128 
  0.004167499 104.0455 
  -0.03020197 105.0885 
  0.2871659 106.142 
  -0.01284409 107.2061 
  -0.02777279 108.2809 
  0.169965 108.8223 
  0.2249725 109.3664 
  0.3408104 109.9132 
  0.2388614 110.4628 
  0.1736418 110.4628 
  0.2953691 110.4628 
  0.3900422 110.4628 
  0.3207898 110.4628 
  0.3052154 110.4628 
  0.1876384 110.4628 
  0.1416252 110.4628 
  0.2365816 110.4628 
  0.2488247 110.4628 
  0.08134396 110.4628 
  -0.02640989 110.4628 
  0.05144947 111.0151 
  0.1202858 111.5702 
  0.1818221 112.128 
  -0.04791575 112.6886 
  0.01528072 113.2521 
  -0.09114113 113.2521 
  0.3604119 113.2521 
  -0.09724305 113.8184 
  -0.2362589 114.3874 
  0.3928602 114.3874 
  0.1657505 114.3874 
  0.1555722 114.3874 
  0.1385014 114.3874 
  -0.01823844 114.3874 
  0.1463171 114.3874 
  0.586745 112.6886 
  0.809218 113.8184 
  0.2913172 100.4756 
  0.6940357 101.9903 
  0.2730261 103.5278 
  0.5683601 92.30766 
  0.8745599 92.30766 
  0.875297 92.30766 
  0.7747383 91.84841 
  0.6225193 92.7692 
  0.548986 98.00098 
  0.5290886 99.47836 
  0.7744523 104.5657 
  0.7022054 106.142 
  0.714803 109.9132 
  0.865298 111.5702 
  0.9651484 112.128 
  0.9776883 112.6886 
  0.9710755 112.6886 
  0.9708492 112.6886 
  0.8132258 111.0151 
  0.9255599 108.8223 
  0.795746 107.7421 
  0.4846475 105.614 
  0.7886454 99.97575 
  0.5507618 99.97575 
  0.1807604 101.9903 
  0.2615378 107.2061 
  0.3780346 108.8223 
  0.06513703 111.5702 
  0.3122456 114.3874 
  0.2554219 112.128 
  0.02956257 119.0438 
  0.562896 122.0498 
  0.8938092 122.0498 
  0.982545 122.6601 
  0.9621994 122.0498 
  0.9727718 119.639 
  0.9882367 118.4515 
  0.9547518 117.2759 
  0.9556817 116.1118 
  0.944566 114.3874 
  0.9170234 112.6886 
  0.9287506 111.0151 
  0.9646932 110.4628 
  0.9796455 111.0151 
  0.9757997 111.0151 
  0.9308392 111.5702 
  0.8109912 113.2521 
  0.7134027 116.6924 
  0.0551464 121.4426 
  0.3049118 126.3862 
  0.7777326 128.9329 
  0.638712 129.5776 
  0.4753354 135.5266 
  0.3059344 137.5696 
  0.4796484 117.8622 
  0.3030734 116.6924 
  0.2191717 104.5657 
  0.2585998 87.8167 
  0.6131115 88.25578 
  0.8148755 87.8167 
  0.905615 88.69706 
  0.8889297 89.14054 
  0.9218287 90.03418 
  0.8389862 90.93677 
  0.7594616 93.23304 
  0.871686 95.5873 
  0.7596577 97.51342 
  0.4926124 100.978 
  0.6641276 106.142 
  0.787989 108.8223 
  0.6437003 111.5702 
  0.7227905 117.2759 
  0.8974111 122.0498 
  0.8522868 125.1317 
  0.719421 128.2915 
  0.7975363 131.531 
  0.8412895 134.1814 
  0.8581628 136.2042 
  0.9175517 137.5696 
  0.2913776 138.9488 
  0.0005574903 140.3417 
  -0.1044667 142.4574 
  0.1063216 144.605 
  -0.07116531 146.7849 
  -0.09176882 148.9977 
  0.2569487 151.2439 
  -0.1160965 153.5239 
  -0.03001773 155.8383 
  -0.002979457 158.1876 
  -0.04871028 160.5723 
  0.02019731 162.9929 
  -0.02820346 165.4501 
  -0.1341028 168.784 
  -0.03200785 172.185 
  0.6129535 175.6547 
  0.8216364 177.4156 
  0.8775434 173.046 
  0.9575872 173.9112 
  0.9308199 176.533 
  0.9533471 179.1942 
  0.9261364 181.8956 
  0.8735333 183.7191 
  0.7486433 190.2465 
  0.7375565 206.0505 
  0.8861309 211.2535 
  0.8532239 206.0505 
  0.9250096 198.9809 
  0.9492894 192.1537 
  0.9563997 187.4211 
  0.9039962 186.4887 
  0.7402377 186.4887 
  0.01441328 187.4211 
  -0.05960547 188.3582 
  0.02002241 189.3 
  -0.05598003 190.2465 
  -0.02939481 191.1978 
  -0.09645499 192.1537 
  -0.1078238 193.1145 
  -0.2729879 194.0801 
  -0.1355052 196.0257 
  -0.08009025 197.9909 
  -0.07899524 199.9758 
  0.5251195 200.9756 
  0.07932137 202.9904 
  -0.02894441 207.0808 
  0.4167356 215.5104 
  0.5003548 223.1673 
  0.5856697 226.5316 
  0.6210693 227.6642 
  0.5219285 227.6642 
  0.2486365 216.5879 
  0.2991945 215.5104 
  0.4320771 218.7592 
  0.3951439 224.2832 
  0.007696241 235.753 
  0.03598955 275.1726 
  0.3258875 292.1447 
  0.5304681 299.5217 
  0.5575699 304.037 
  0.5342836 308.6204 
  0.5629029 313.2729 
  0.5423146 310.1635 
  0.2311711 302.5244 
  -0.08595663 295.0734 
  -0.2012415 287.806 
  -0.3602628 279.3209 
  -0.4181052 271.0859 
  -0.2909389 263.0938 
  -0.2692795 255.3373 
  -0.1211961 247.8095 
  -0.07696093 241.7061 
  0.1108475 234.5801 
  -0.1175753 228.8026 
  -0.2660458 222.057 
  -0.0505658 215.5104 
  -0.03091398 209.1568 
  0.2286559 202.9904 
  -0.02016473 197.0059 
  -0.06127598 191.1978 
  -0.1612399 185.5609 
  -0.275141 180.0902 
  -0.04472884 174.7808 
  0.0924636 169.6279 
  -0.02497484 164.6269 
  -0.0289959 159.7734 
  -0.2149521 155.063 
  -0.01934519 150.4914 
  0.01400846 146.7849 
  -0.105759 143.1697 
  0.0365627 139.6435 
  -0.01881864 136.2042 
  0.02979946 132.8496 
  0.1906462 130.2255 
  0.2760848 128.2915 
  0.09954283 125.1317 
  0.1522873 120.8384 
  0.4478359 116.1118 
  0.3057649 116.1118 
  0.7111764 106.142 
  0.6169515 108.8223 
  0.5941191 105.0885 
  0.4394681 98.98344 
  0.738583 93.6992 
  0.9095705 90.03418 
  0.9162982 87.8167 
  0.8216573 86.0821 
  0.6095232 85.65383 
  0.5869818 83.12859 
  0.4460967 86.0821 
  0.6460423 88.25578 
  0.80626 87.8167 
  0.6396838 87.3798 
  0.4022229 85.65383 
  0.7552514 77.5221 
  0.5842848 77.13642 
  -0.08424965 78.69076 
  0.1543859 81.4866 
  -0.01543878 84.38177 
  0.05054143 86.51251 
  0.2825183 87.8167 
  0.4581479 84.80367 
  0.2869663 86.94508 
  0.5081399 92.30766 
  0.6900234 97.02828 
  0.6601278 100.978 
  0.8254197 104.5657 
  0.9859175 106.6728 
  0.9645728 107.2061 
  0.9327243 107.7421 
  0.7136294 110.4628 
  0.5201657 109.3664 
  0.7213004 104.0455 
  0.3152907 107.2061 
  0.5908232 113.2521 
  0.7110866 115.5342 
  0.7914396 117.8622 
  0.5574732 121.4426 
  0.7597626 125.7574 
  0.9312925 127.6532 
  0.9338595 128.2915 
  0.9601283 129.5776 
  0.8962201 132.1886 
  0.9477813 134.8523 
  0.9875345 135.5266 
  0.9812741 136.2042 
  0.9785122 135.5266 
  0.9640526 134.8523 
  0.9312167 133.5138 
  0.8997831 132.1886 
  0.7096668 132.1886 
  0.5564419 134.8523 
  0.1542019 138.9488 
  0.2883203 143.1697 
  0.08290196 147.5188 
  0.1205121 152.0001 
  -0.2387353 157.4006 
  0.08795598 162.9929 
  -0.2719919 168.784 
  -0.1989533 174.7808 
  -0.297473 180.9906 
  0.06966263 187.4211 
  0.05354711 194.0801 
  -0.05067628 200.9756 
  -0.231001 208.1162 
  0.01877395 215.5104 
  -0.02807382 223.1673 
  -0.1385708 231.0963 
  -0.1534862 240.5036 
  0.4042353 250.2938 
  0.5394996 256.614 
  0.3009041 276.5485 
  0.4013453 304.037 
  0.4434926 319.5855 
  0.490631 340.9934 
  0.5423358 353.1087 
  0.1366698 369.3201 
  0.3406442 378.6459 
  0.3957341 376.7621 
  0.4158347 373.0226 
  0.4675464 367.4827 
  0.4127576 360.224 
  0.3909316 347.8645 
  0.3283559 339.2969 
  0.3235542 337.6089 
  0.2157819 337.6089 
  0.02136789 337.6089 
  -0.005247084 337.6089 
  -0.1218606 337.6089 
  -0.1047463 337.6089 
  -0.08366492 337.6089 
  0.3709044 337.6089 
  0.372117 337.6089 
  0.5172858 337.6089 
  0.1508467 337.6089 ]
