 [
  -0.1862553 114.9594 
  -0.2223692 114.9594 
  0.2011639 114.9594 
  -0.229781 114.9594 
  -0.3121073 114.9594 
  -0.1440887 114.9594 
  0.05700802 114.9594 
  0.08024567 114.9594 
  0.06934889 114.9594 
  0.1038342 114.9594 
  0.2475684 114.9594 
  -0.1558972 114.9594 
  -0.01600392 114.9594 
  0.2777225 115.5342 
  0.8041463 114.9594 
  0.5531774 110.4628 
  0.8241429 107.7421 
  0.928347 105.614 
  0.9367485 104.0455 
  0.9038128 104.5657 
  0.8615052 105.614 
  0.8293259 104.5657 
  0.1690125 104.5657 
  0.02133026 105.0885 
  0.04319905 105.0885 
  -0.07849243 105.0885 
  0.1454779 105.0885 
  0.1181877 105.614 
  0.09643181 106.6728 
  -0.1328761 107.7421 
  0.4589341 108.2809 
  0.4718507 105.0885 
  0.4608027 104.5657 
  0.691646 101.9903 
  -0.02144066 98.00098 
  0.03747898 94.63854 
  0.1516116 91.39146 
  0.277961 88.69706 
  0.3897322 90.48434 
  0.6258219 90.48434 
  0.8435186 88.69706 
  0.8323133 88.69706 
  0.8450136 88.25578 
  0.682454 89.14054 
  0.6528987 91.39146 
  0.4369506 95.5873 
  0.7450995 98.491 
  0.8822322 100.4756 
  0.8263054 101.9903 
  0.8523594 101.9903 
  0.7858908 102.5003 
  0.7586983 102.5003 
  0.6143528 103.0128 
  0.7799225 104.0455 
  0.8199531 103.5278 
  0.9381762 104.0455 
  0.9010104 104.5657 
  0.9052673 105.0885 
  0.9347781 106.142 
  0.9158155 107.2061 
  0.884933 108.2809 
  0.5980362 109.9132 
  0.6055788 112.128 
  0.4157566 128.9329 
  0.4850207 124.5092 
  0.3515236 140.3417 
  0.3114921 136.8852 
  0.232224 148.9977 
  0.1359756 149.7427 
  0.5051603 154.2915 
  0.5710133 154.2915 
  0.7884536 153.5239 
  0.7209241 152.7601 
  0.1259633 152.0001 
  -0.2755016 151.2439 
  0.05212431 150.4914 
  0.006436339 149.7427 
  -0.03721676 148.9977 
  0.176085 148.2564 
  -0.06673467 147.5188 
  -0.04496905 146.7849 
  0.001711547 146.7849 
  -0.03565708 146.0546 
  -0.1237977 145.328 
  0.09013408 145.328 
  0.2157746 146.7849 
  0.4313681 147.5188 
  0.3992267 146.7849 
  0.2155065 145.328 
  0.0475086 144.605 
  -0.1108832 143.8855 
  0.04821666 143.1697 
  0.1872811 141.7487 
  -0.05068424 141.0434 
  0.1805469 140.3417 
  -0.02855129 139.6435 
  0.07112309 138.9488 
  -0.130793 138.2575 
  -0.07616206 137.5696 
  0.06241674 136.8852 
  -0.01882586 136.2042 
  -0.1129799 135.5266 
  0.01513604 134.8523 
  0.2169524 134.1814 
  0.1918918 133.5138 
  0.1023006 132.8496 
  -0.1421957 132.1886 
  -0.04131252 131.531 
  0.1193139 130.8766 
  0.1963689 130.2255 
  0.02370574 129.5776 
  -0.15862 128.9329 
  0.2084697 128.2915 
  0.1636114 127.6532 
  0.1178711 126.3862 
  0.09202807 125.1317 
  -0.2299612 123.8897 
  0.2610915 122.6601 
  0.6717735 121.4426 
  0.9435838 120.2372 
  0.6851644 117.8622 
  0.3888187 111.5702 
  0.7404888 110.4628 
  0.8370377 108.8223 
  0.8388145 107.7421 
  0.913646 106.6728 
  0.967466 106.142 
  0.9847227 106.142 
  0.9795758 106.142 
  0.9485493 106.6728 
  0.9112272 107.7421 
  0.9255829 108.8223 
  0.8480715 109.9132 
  0.8683916 111.5702 
  0.9075097 112.6886 
  0.8333301 113.2521 
  0.7643774 113.2521 
  0.5658913 113.8184 
  -0.107306 112.128 
  0.2588054 110.4628 
  0.1223157 119.0438 
  0.3754011 119.639 
  0.884798 119.0438 
  0.9336262 118.4515 
  0.9739343 117.8622 
  0.9843491 117.8622 
  0.9883788 117.8622 
  0.9879667 117.2759 
  0.8791671 117.2759 
  0.7751829 117.2759 
  0.4719806 117.2759 
  0.959172 118.4515 
  0.6482378 120.2372 
  0.6019801 122.6601 
  0.5694327 118.4515 
  0.7746197 119.0438 
  0.9721258 119.639 
  0.8464157 119.0438 
  0.7509248 118.4515 
  0.3530265 117.8622 
  0.8903853 117.8622 
  0.9172809 117.2759 
  0.9382955 116.1118 
  0.9378197 114.9594 
  0.8771868 113.8184 
  0.2930286 112.6886 
  0.1105842 112.128 
  0.5950397 111.5702 
  0.7983334 113.2521 
  0.6697843 109.3664 
  0.8147992 106.142 
  0.9374939 104.5657 
  0.8890365 103.0128 
  0.8120931 101.9903 
  0.9430256 100.4756 
  0.9518434 99.47836 
  0.8958964 98.491 
  0.9468361 97.51342 
  0.9353523 97.02828 
  0.8987145 95.5873 
  0.9351684 94.1677 
  0.8617026 94.63854 
  0.9511946 95.5873 
  0.9647248 95.11173 
  0.9536268 94.63854 
  0.8846775 95.11173 
  0.8577656 96.06523 
  0.8421273 96.54556 
  0.7762703 96.06523 
  0.5731918 95.5873 
  -0.01080197 95.11173 
  -0.05502906 94.63854 
  -0.02908282 94.1677 
  0.01320429 93.6992 
  0.1846737 93.6992 
  0.2561867 93.23304 
  0.09083402 93.23304 
  0.05992626 93.23304 
  0.1772972 93.23304 
  0.08930805 93.23304 
  0.04236367 93.23304 
  0.03202327 93.23304 
  0.06985065 92.7692 
  0.04486977 92.7692 
  0.1207046 92.7692 
  0.01074245 92.7692 
  0.2861819 92.7692 
  0.357628 92.7692 
  0.20921 92.7692 
  0.1733937 92.7692 
  0.1511093 92.7692 
  0.4179924 92.7692 
  0.3905164 92.7692 
  0.2488548 92.30766 
  0.04946007 91.84841 
  -0.2905801 91.39146 
  0.05469392 90.93677 
  0.07648592 90.48434 
  0.1024418 90.93677 
  0.03529263 92.30766 
  0.3138118 94.1677 
  0.3070835 98.98344 
  0.4992218 99.47836 
  0.6918942 99.47836 
  0.5425446 98.98344 
  0.6980834 93.6992 
  -0.4548094 94.1677 
  -0.2658635 94.63854 
  0.01460176 95.11173 
  0.2364621 95.5873 
  0.3755895 96.54556 
  0.393374 97.51342 
  0.5602051 98.491 
  0.6090354 99.47836 
  0.5023505 98.98344 
  0.6094584 97.02828 
  0.9692216 95.5873 
  0.9819071 95.5873 
  0.9862034 95.5873 
  0.9860971 95.11173 
  0.9814462 95.5873 
  0.9814273 95.5873 
  0.9590992 95.5873 
  0.8355023 95.5873 
  0.5717342 96.06523 
  -0.03630565 96.54556 
  0.09055848 97.02828 
  0.2813102 97.51342 
  0.03106733 98.00098 
  -0.1220886 98.491 
  -0.08722518 98.98344 
  -0.04282056 99.47836 
  -0.06774224 99.97575 
  0.1086667 100.978 
  0.1792018 101.9903 
  0.6882848 103.5278 
  0.8203756 101.9903 
  0.9434773 100.978 
  0.9120516 99.47836 
  0.8748374 97.02828 
  0.9486324 95.5873 
  0.9558839 95.11173 
  0.859326 93.6992 
  0.8676114 92.30766 
  0.9025547 90.93677 
  0.8906518 90.03418 
  0.8126883 88.69706 
  0.7680584 87.3798 
  0.6894475 84.80367 
  -0.1927087 85.65383 
  0.08685825 86.51251 
  0.5782757 87.3798 
  0.8831803 88.25578 
  0.7564515 89.14054 
  0.612347 90.48434 
  0.3731717 85.2277 
  0.6640595 83.54424 
  0.9383921 81.89403 
  0.8592443 81.08118 
  0.8765371 81.08118 
  0.9310743 79.87703 
  0.791448 79.08421 
  0.3686814 78.69076 
  0.5688434 79.08421 
  0.9042151 79.47963 
  0.9092751 79.87703 
  0.8940067 80.27641 
  0.8908693 80.6778 
  0.7626487 80.6778 
  0.6104302 80.6778 
  0.451157 80.6778 
  0.2795506 80.6778 
  0.1428141 80.6778 
  0.1463715 80.6778 ]
