 [
  0.05095388 125.1317 
  -0.1578811 125.1317 
  0.4220736 125.1317 
  -0.03726267 125.1317 
  -0.162817 125.1317 
  -0.2901439 125.1317 
  -0.1807107 125.1317 
  -0.2266777 125.1317 
  0.1558409 125.1317 
  0.3462393 125.1317 
  0.1658394 125.1317 
  -0.5368362 125.1317 
  0.1682481 125.1317 
  0.5929905 125.7574 
  0.6329318 127.6532 
  0.5527835 124.5092 
  0.7481315 123.2734 
  0.9826846 123.2734 
  0.9746213 124.5092 
  0.9742783 126.3862 
  0.9530977 127.6532 
  0.9351774 130.2255 
  0.9471422 132.8496 
  0.9412943 135.5266 
  0.9024042 138.2575 
  0.8958027 141.7487 
  0.8478442 144.605 
  0.8144524 146.7849 
  0.07533318 148.9977 
  0.703855 152.7601 
  0.5922689 156.6175 
  0.61326 160.5723 
  0.5125821 165.4501 
  0.6833286 170.476 
  0.8906323 172.185 
  0.9650818 172.185 
  0.9974818 173.046 
  0.9988273 173.9112 
  0.9975893 173.9112 
  0.9953746 174.7808 
  0.9981145 176.533 
  0.9975504 177.4156 
  0.9965283 179.1942 
  0.9973631 180.0902 
  0.9960358 180.0902 
  0.9802257 177.4156 
  0.9277295 173.046 
  0.8849432 171.3284 
  0.7916755 173.046 
  0.9211845 179.1942 
  0.8523717 176.533 
  -0.0750774 171.3284 
  -0.4094521 165.4501 
  -0.3736852 160.5723 
  0.3699741 155.063 
  0.603744 147.5188 
  0.874517 141.0434 
  0.9651481 138.9488 
  0.9528164 137.5696 
  0.9074953 134.1814 
  0.8961178 130.2255 
  0.8124455 128.9329 
  0.4025848 128.9329 
  -0.6085989 130.8766 
  -0.1554758 132.1886 
  0.1239322 134.1814 
  0.2352313 135.5266 
  0.1494818 137.5696 
  0.2006109 139.6435 
  0.032791 141.7487 
  -0.1299849 143.8855 
  -0.2162845 145.328 
  -0.06221036 146.7849 
  -0.3432475 148.2564 
  0.01423112 149.7427 
  0.0225037 151.2439 
  -0.06659016 152.7601 
  -0.06310032 154.2915 
  -0.1731265 155.8383 
  -0.1579171 158.1876 
  -0.1791573 161.3751 
  0.5283558 164.6269 
  0.75091 159.7734 
  0.8982044 155.063 
  0.9691501 152.7601 
  0.9779543 151.2439 
  0.9881798 149.7427 
  0.9909493 148.9977 
  0.9846171 148.9977 
  0.9813141 147.5188 
  0.9708464 146.7849 
  0.945394 144.605 
  0.9445215 142.4574 
  0.8958558 142.4574 
  0.588435 142.4574 
  0.2211155 142.4574 
  0.009900492 142.4574 
  0.01816594 143.1697 
  -0.01167097 143.8855 
  -0.02185706 143.8855 
  -0.07418931 143.8855 
  0.4602353 143.8855 
  0.7237539 143.1697 
  0.8674812 141.0434 
  0.9391296 137.5696 
  0.9667988 134.8523 
  0.9572152 131.531 
  0.9773045 129.5776 
  0.9894212 127.6532 
  0.9906781 126.3862 
  0.989952 125.1317 
  0.9948725 124.5092 
  0.9988787 123.8897 
  0.9983853 123.8897 
  0.9942662 123.2734 
  0.9392737 123.2734 
  0.9251469 122.6601 
  0.9478793 122.6601 
  0.9797933 122.0498 
  0.996284 122.0498 
  0.9948258 122.0498 
  0.9899715 122.6601 
  0.9844087 123.8897 
  0.9810345 124.5092 
  0.965296 126.3862 
  0.9432916 127.6532 
  0.9667664 127.6532 
  0.9762655 128.2915 
  0.9685627 129.5776 
  0.9660594 130.2255 
  0.9506518 131.531 
  0.9452139 133.5138 
  0.9677558 134.8523 
  0.9607334 136.2042 
  0.9840024 137.5696 
  0.9920149 138.2575 
  0.9763907 139.6435 
  0.9744061 140.3417 
  0.9762097 141.7487 
  0.9671536 142.4574 
  0.9563298 143.8855 
  0.9496374 145.328 
  0.948002 146.0546 
  0.9119322 145.328 
  0.8724536 141.7487 
  0.9234771 137.5696 
  0.9225864 134.1814 
  0.9117545 130.2255 
  0.8607692 126.3862 
  0.8879448 121.4426 
  0.6365414 116.6924 
  0.7375456 111.5702 
  0.8683368 110.4628 
  0.9527182 110.4628 
  0.9671931 110.4628 
  0.9840215 109.9132 
  0.9877194 109.9132 
  0.983355 109.9132 
  0.9831671 109.9132 
  0.9864478 110.4628 
  0.9817175 111.0151 
  0.9659408 111.5702 
  0.9602749 112.128 
  0.9510275 112.6886 
  0.8696257 112.128 
  0.714723 112.128 
  0.2943627 112.128 
  0.5933666 112.128 
  0.3171873 112.128 
  0.2697175 112.128 
  0.2392445 112.128 
  -0.0685868 112.6886 
  0.1160581 113.2521 
  -0.04715084 113.8184 
  -0.04584386 114.3874 
  -0.1596216 114.9594 
  -0.04223443 115.5342 
  -0.01151271 116.1118 
  0.1511624 116.6924 
  0.1681028 117.2759 
  -0.2765291 117.8622 
  0.2428988 119.0438 
  0.5377808 119.639 
  0.920052 120.2372 
  0.8934917 120.2372 
  0.7645417 120.8384 
  0.4968839 122.0498 
  0.21199 123.2734 
  -0.05339777 124.5092 
  -0.2507314 126.3862 
  -0.06922494 128.2915 
  0.04889041 130.2255 
  0.1879331 132.1886 
  0.694385 134.1814 
  0.853253 134.1814 
  0.9226379 132.8496 
  0.9405169 135.5266 
  0.9442021 136.8852 
  0.924938 136.8852 
  0.9394369 136.2042 
  0.9552904 136.8852 
  0.9750326 138.2575 
  0.9849063 139.6435 
  0.9688629 140.3417 
  0.906839 140.3417 
  0.856194 140.3417 
  0.7578809 139.6435 
  -0.1299459 139.6435 
  -0.4238452 139.6435 
  -0.2374115 139.6435 
  -0.1352058 140.3417 
  0.1020162 141.0434 
  0.247171 141.7487 
  -0.03418432 142.4574 
  -0.06383198 143.1697 
  0.08535401 143.8855 
  0.2689906 144.605 
  0.02419835 145.328 
  0.04905472 146.0546 
  0.006799615 146.7849 
  0.006193299 147.5188 
  0.02843852 148.2564 
  -0.170589 148.9977 
  -0.03375296 150.4914 
  0.6484461 152.0001 
  0.7154661 146.0546 
  0.8684282 143.1697 
  0.9895998 141.0434 
  0.9952927 141.0434 
  0.9967785 140.3417 
  0.9960232 139.6435 
  0.9953251 139.6435 
  0.9917678 138.9488 
  0.9925026 138.2575 
  0.993396 136.8852 
  0.9960693 136.2042 
  0.9965458 136.2042 
  0.9970324 135.5266 
  0.9939392 134.8523 
  0.9888567 134.1814 
  0.984922 132.8496 
  0.9889619 132.1886 
  0.9849985 131.531 
  0.9714512 130.8766 
  0.9345447 130.2255 
  0.7862983 130.2255 
  0.5613461 130.2255 
  -0.07377072 130.2255 
  0.08584878 130.2255 
  0.1833166 130.2255 
  -0.03243791 130.2255 
  -0.1029737 130.2255 
  -0.2595735 130.2255 
  0.08508589 130.2255 
  0.01429327 130.2255 
  0.05910331 130.2255 
  -0.003662195 130.2255 
  0.2560734 130.2255 
  0.2750457 130.2255 
  0.215057 130.2255 
  0.1042723 130.2255 
  -0.1607698 130.2255 
  -0.06234437 130.2255 
  -0.1650782 130.2255 
  0.004113861 130.2255 
  0.2819647 130.2255 
  0.4618298 130.8766 
  0.450622 130.8766 
  0.1365404 131.531 
  0.4050522 130.8766 
  0.6817676 128.9329 
  0.950829 127.6532 
  0.9728566 127.6532 
  0.8859682 129.5776 
  0.9100707 130.8766 
  0.9057337 132.1886 
  0.8850113 131.531 
  0.9040709 130.2255 
  0.9427342 128.9329 
  0.9759566 128.9329 
  0.9870096 129.5776 
  0.9916373 130.2255 
  0.9944547 130.2255 
  0.9964796 130.8766 
  0.985692 130.8766 
  0.963802 132.1886 
  0.9696389 133.5138 
  0.9810438 134.8523 
  0.978883 135.5266 
  0.9631796 136.2042 
  0.9214396 136.8852 
  0.8355086 137.5696 
  0.3336179 136.8852 
  0.7556701 138.9488 
  0.4680521 141.0434 
  -0.2333059 143.1697 
  0.7769955 143.1697 
  0.8869398 143.1697 
  0.9504942 142.4574 
  0.9769348 141.0434 
  0.9688804 139.6435 
  0.9655271 138.2575 
  0.956488 136.2042 
  0.9317342 134.1814 
  0.9155473 132.8496 
  0.9705679 130.2255 
  0.9824518 130.2255 
  0.9891545 130.8766 
  0.9585325 132.1886 
  0.9069877 134.8523 
  0.8668776 136.8852 
  0.871823 137.5696 
  0.8223085 136.2042 
  0.849894 134.1814 
  0.948809 131.531 
  0.9673555 130.8766 
  0.9536187 128.9329 
  0.9457465 127.0181 
  0.9372057 125.1317 
  0.933603 122.6601 
  0.9401048 120.8384 
  0.930131 118.4515 
  0.9298372 116.1118 
  0.9104032 113.8184 
  0.9110847 111.5702 
  0.959772 109.3664 
  0.9743547 107.7421 
  0.9849511 107.2061 
  0.9911466 106.6728 
  0.9898413 106.142 
  0.9881984 106.142 
  0.9790799 106.142 
  0.9725374 106.6728 
  0.9682438 107.2061 
  0.9741519 107.7421 
  0.9837232 108.2809 
  0.9918013 108.8223 
  0.9946954 108.8223 
  0.9918681 108.8223 
  0.9820352 108.8223 
  0.9676864 108.8223 
  0.8137717 109.3664 
  0.4922297 110.4628 
  0.177547 111.5702 
  -0.04219992 112.6886 
  0.5734345 113.8184 
  -0.03930197 114.9594 
  0.04599312 116.1118 
  -0.2820773 117.2759 
  -0.06326319 117.8622 
  -0.3669285 118.4515 
  -0.2004196 119.0438 
  -0.2660885 120.2372 
  0.5037979 122.0498 
  0.7323888 120.2372 
  0.9314233 119.639 
  0.968827 118.4515 
  0.9549369 118.4515 
  0.9107123 117.2759 
  0.9365969 114.9594 
  0.972312 113.8184 
  0.9806873 113.2521 
  0.9581172 112.6886 
  0.9159475 111.5702 
  0.8945758 110.4628 
  0.7983373 111.5702 
  0.979983 111.5702 
  0.9940443 111.0151 
  0.998325 110.4628 
  0.9985015 110.4628 
  0.995927 110.4628 
  0.967963 110.4628 
  0.7998366 109.9132 
  0.8044444 109.3664 
  0.8113122 107.2061 
  0.9142799 106.142 
  0.8381603 105.614 
  0.7478043 104.0455 
  0.4544249 103.5278 
  0.9601067 104.5657 
  0.7735065 106.142 
  0.4494926 107.7421 
  0.0986041 109.9132 
  -0.1678527 112.6886 
  -0.3335641 115.5342 
  -0.388208 118.4515 
  0.2938055 121.4426 
  0.7784715 124.5092 
  0.3808743 118.4515 
  0.5274737 116.1118 
  0.9486853 115.5342 
  0.8561301 117.2759 
  0.8772318 120.2372 
  0.9139934 122.0498 
  0.9218721 123.8897 
  0.9433721 125.7574 
  0.9552598 127.0181 
  0.9785672 128.2915 
  0.9700645 129.5776 
  0.9538927 130.8766 
  0.9717554 132.1886 
  0.9714829 132.8496 
  0.9681984 132.8496 
  0.952184 132.1886 
  0.9458842 131.531 
  0.9605688 130.2255 
  0.8067803 128.9329 
  0.2684032 127.6532 
  0.1753874 127.0181 
  0.1023483 126.3862 
  -0.1755941 125.1317 
  -0.007570728 124.5092 
  0.07374632 123.8897 
  0.1083159 123.2734 
  0.5568291 122.6601 
  0.6292056 122.0498 
  0.6574625 117.8622 
  0.88408 114.3874 
  0.9679945 112.128 
  0.9807293 111.5702 
  0.9861853 110.4628 
  0.9745594 109.3664 
  0.9852211 108.2809 
  0.9883835 107.7421 
  0.976542 107.2061 
  0.9707321 106.142 
  0.9716703 105.0885 
  0.9602062 104.0455 
  0.9628416 103.0128 
  0.9587964 102.5003 
  0.9272345 102.5003 
  0.8858793 103.0128 
  0.8150567 104.0455 
  0.8058425 106.142 
  0.9262869 107.7421 
  0.9576979 108.8223 
  0.9619678 109.3664 
  0.9785278 109.3664 
  0.9770822 109.3664 
  0.9593823 108.8223 
  0.9164538 107.7421 
  0.8449616 106.6728 
  0.1970343 107.7421 
  0.08751349 108.8223 
  0.2494073 110.4628 
  -0.1418851 111.5702 
  -0.01952452 112.6886 
  0.02105857 113.8184 
  -0.009199953 115.5342 
  0.04632213 116.6924 
  0.0432791 118.4515 
  -0.02723676 120.2372 
  0.1435597 122.0498 
  0.1037274 123.8897 
  -0.0141574 125.7574 
  0.005587074 127.6532 
  0.09078786 129.5776 
  -0.2145706 131.531 
  0.329048 133.5138 
  -0.001488177 135.5266 
  -0.06168122 137.5696 
  0.1198971 139.6435 
  -0.3127446 141.7487 
  0.1165307 143.8855 
  0.7882998 149.7427 
  0.5463248 140.3417 
  0.7752349 138.2575 
  0.9835374 137.5696 
  0.9693958 138.2575 
  0.9320276 138.9488 
  0.8386931 141.0434 
  0.8531677 145.328 
  0.7989046 146.7849 
  0.713778 145.328 
  -0.06187325 143.1697 
  -0.2291084 141.0434 
  0.28446 138.9488 
  0.3744372 136.8852 
  -0.05219092 134.8523 
  0.01289462 132.8496 
  -0.0232679 130.8766 
  -0.05599502 128.9329 
  0.137511 127.6532 
  0.1124973 125.7574 
  -0.1410498 123.8897 
  0.3808438 122.0498 
  0.05667389 120.2372 
  0.07064819 118.4515 
  0.1661978 116.6924 
  0.7649595 116.1118 
  0.8736545 115.5342 
  0.3984886 112.128 
  0.6004336 106.142 
  0.950584 104.0455 
  0.9704499 103.0128 
  0.9723247 101.9903 
  0.9696187 101.4829 
  0.9218763 100.978 
  0.845948 100.4756 
  0.3525147 100.4756 
  0.8250088 100.4756 
  0.8849487 100.4756 
  0.8652893 100.4756 
  0.9598989 100.4756 
  0.9569083 100.4756 
  0.958094 100.4756 
  0.9484207 100.4756 
  0.9450089 100.4756 
  0.9468198 100.4756 
  0.8746417 100.4756 
  0.7010936 100.4756 ]
