 [
  0.06890993 118.4515 
  -0.009549496 118.4515 
  -0.1255564 118.4515 
  0.0399393 118.4515 
  0.03568919 118.4515 
  0.07637505 118.4515 
  0.10473 118.4515 
  -0.01395663 118.4515 
  0.0793339 118.4515 
  0.1565718 118.4515 
  0.0552502 118.4515 
  -0.04078217 118.4515 
  -0.03664403 118.4515 
  -0.1014632 118.4515 
  -0.112389 118.4515 
  0.2125821 118.4515 
  -0.09684877 118.4515 
  0.09478472 118.4515 
  0.1563557 118.4515 
  -0.002669778 118.4515 
  -0.1312479 118.4515 
  0.02206632 118.4515 
  0.09950127 118.4515 
  0.3099862 118.4515 
  0.7730952 115.5342 
  0.6524512 118.4515 
  0.7891605 117.8622 
  0.8765081 117.8622 
  0.9421855 116.1118 
  0.9508806 114.9594 
  0.9378155 114.3874 
  0.9133034 115.5342 
  0.9607868 116.6924 
  0.958344 117.8622 
  0.9480343 119.0438 
  0.9611841 120.2372 
  0.9510433 122.0498 
  0.9466314 123.2734 
  0.9003949 125.1317 
  0.9253337 127.6532 
  0.9513312 129.5776 
  0.9639684 130.8766 
  0.9959913 132.1886 
  0.9931824 132.8496 
  0.9933665 133.5138 
  0.9890681 132.8496 
  0.9829554 132.1886 
  0.9813787 131.531 
  0.9836584 130.8766 
  0.9853856 130.2255 
  0.9832855 129.5776 
  0.9822223 129.5776 
  0.9784095 129.5776 
  0.9776677 128.9329 
  0.969717 128.2915 
  0.969098 127.0181 
  0.9738483 125.7574 
  0.9831674 124.5092 
  0.9846296 123.2734 
  0.9787351 122.0498 
  0.9445863 120.8384 
  0.7503616 119.639 
  0.8727163 119.639 
  0.8973157 118.4515 
  0.9444138 117.2759 
  0.9619398 115.5342 
  0.9269561 114.3874 
  0.8887944 112.128 
  0.906154 110.4628 
  0.935179 108.8223 
  0.9775735 107.7421 
  0.9798982 106.6728 
  0.9789965 106.6728 
  0.9462568 107.2061 
  0.9154341 107.2061 
  0.9254469 106.6728 
  0.9279802 105.614 
  0.9437676 105.614 
  0.9642148 105.0885 
  0.966565 104.5657 
  0.9635403 104.0455 
  0.9758223 104.0455 
  0.9797192 103.5278 
  0.9705701 104.0455 
  0.9597476 104.0455 
  0.9690821 104.5657 
  0.952536 104.5657 
  0.9396536 104.0455 
  0.9452029 104.0455 
  0.9199519 104.5657 
  0.89178 105.614 
  0.9373245 106.6728 
  0.9762959 107.2061 
  0.9612276 106.6728 
  0.9387564 107.2061 
  0.8716072 107.2061 
  0.8379222 105.614 
  0.6024873 104.5657 
  -0.2040072 104.0455 
  -0.08126103 104.0455 
  0.1824608 104.0455 
  0.2931156 104.0455 
  0.07868137 104.0455 
  -0.02276334 103.5278 
  0.128682 103.0128 
  0.2348301 102.5003 
  0.1830017 102.5003 
  -0.115816 103.0128 
  -0.07233195 103.5278 
  0.364463 104.0455 
  0.6330698 103.5278 
  0.7569015 104.0455 
  0.9255611 103.5278 
  0.8651195 102.5003 
  0.9276835 100.978 
  0.9127102 99.47836 
  0.9099007 98.00098 
  0.9388685 96.54556 
  0.9551192 95.5873 
  0.9736385 95.5873 
  0.9517809 96.54556 
  0.834829 98.491 
  0.8248272 100.978 
  0.8258333 103.5278 
  0.7939464 105.0885 
  0.8021023 105.0885 
  0.8962882 104.5657 
  0.9680127 104.0455 
  0.9719476 104.0455 
  0.9748838 103.5278 
  0.9759669 103.0128 
  0.9890299 102.5003 
  0.9792457 102.5003 
  0.9695604 101.9903 
  0.9400982 101.9903 
  0.9144423 101.9903 
  0.8849789 101.9903 
  0.9545876 101.9903 
  0.9674349 101.9903 
  0.9542271 102.5003 
  0.7358459 103.0128 
  0.3926412 103.5278 
  -0.3355531 104.0455 
  -0.09982982 104.5657 
  0.110016 105.0885 
  0.1973393 105.614 
  -0.01108905 106.142 
  -0.04811509 106.6728 
  0.06914294 107.2061 
  -0.2730173 107.2061 
  -0.1273954 107.7421 
  0.08099087 108.2809 
  0.01480916 108.2809 
  0.02397647 108.8223 
  0.1407036 109.3664 
  0.07953049 109.9132 
  -0.01205223 110.4628 
  0.07816534 111.0151 
  0.1792006 111.5702 
  0.08527581 112.128 
  0.5258712 113.2521 
  0.7229408 110.4628 
  0.5050454 106.6728 
  0.8432398 104.5657 
  0.9484872 103.5278 
  0.9539403 102.5003 
  0.8796117 100.4756 
  0.9717968 99.47836 
  0.9417797 98.98344 
  0.8844594 98.491 
  0.7055838 98.00098 
  0.2265435 98.491 
  0.615903 98.00098 
  0.7959995 98.00098 
  0.4261553 98.00098 
  -0.3969118 98.00098 
  -0.230763 98.00098 
  -0.04000163 98.00098 
  -0.3703521 98.00098 
  0.02607639 98.00098 
  -0.01244311 97.51342 
  0.03255968 97.02828 
  0.02092686 97.02828 
  0.2048266 97.02828 
  -0.03162326 97.02828 
  0.5114445 97.02828 
  0.7365711 97.02828 
  0.8235959 97.02828 
  0.8990179 97.02828 
  0.9442915 96.54556 
  0.9798239 96.54556 
  0.9830886 96.54556 
  0.9879036 96.54556 
  0.9893465 96.54556 
  0.9961392 96.54556 
  0.9921917 96.06523 
  0.9862836 95.5873 
  0.9889795 94.63854 
  0.9882096 94.1677 
  0.9213103 93.6992 
  0.7924373 92.7692 
  0.5981946 92.30766 
  0.8222706 92.30766 
  0.9888221 92.7692 
  0.991035 93.23304 
  0.7805734 93.6992 
  0.2079014 93.6992 
  0.7017647 93.6992 
  0.8324071 92.7692 
  0.8467216 91.84841 
  0.9139207 90.93677 
  0.9841476 90.03418 
  0.986756 89.58624 
  0.9728573 89.58624 
  0.926142 89.14054 
  0.9022543 87.8167 
  0.8745324 86.51251 
  0.8367558 84.80367 
  0.8448209 83.96195 
  0.8171744 83.96195 
  0.5983223 85.65383 
  0.5328266 89.14054 
  0.6586591 93.23304 
  0.8341479 96.54556 
  0.866326 98.491 
  0.8956001 99.97575 
  0.9269131 100.4756 
  0.9572118 100.978 
  0.9763337 101.4829 
  0.9864858 101.4829 
  0.9927583 101.4829 
  0.9953477 101.9903 
  0.9979175 101.9903 
  0.9972131 101.9903 
  0.9878075 102.5003 
  0.988611 102.5003 
  0.9310656 101.9903 
  0.8483784 101.4829 
  0.7109821 100.978 
  0.9049593 101.4829 
  0.8281093 101.4829 
  0.6068034 100.978 
  0.3790317 99.97575 
  0.5383456 99.47836 
  0.5179967 98.98344 
  0.539575 98.98344 
  0.7573795 99.47836 
  0.8036492 100.4756 
  0.8402935 102.5003 
  0.8175552 104.0455 
  0.9093731 105.0885 
  0.8938764 103.5278 
  0.9273008 101.9903 
  0.9321696 100.4756 
  0.9310066 98.98344 
  0.9318786 97.51342 
  0.9132916 96.06523 
  0.8844935 94.1677 
  0.7786604 92.30766 
  0.7525272 90.48434 
  0.4218351 90.48434 
  0.2530451 91.39146 
  -0.1098268 92.7692 
  0.01218307 94.63854 
  0.1810984 96.54556 
  0.224575 98.491 
  0.1662494 99.97575 
  0.1460329 100.978 
  0.183734 102.5003 
  -0.07730888 104.0455 
  0.1446592 105.0885 
  -0.1656657 106.142 
  0.5844514 106.6728 
  0.494158 105.0885 
  0.5522664 103.0128 
  0.8826915 100.978 
  0.8931341 99.47836 
  0.9513234 98.00098 
  0.9916758 97.51342 
  0.9756429 97.51342 
  0.9538035 98.00098 
  0.960438 98.491 
  0.9441243 98.98344 
  0.9209392 98.491 
  0.8742691 98.491 
  0.7139434 98.491 
  -0.0015257 98.491 
  0.2834327 98.98344 
  0.1057107 99.47836 
  -0.09156 99.97575 
  -0.03626299 100.4756 
  0.1675098 100.978 
  0.04059047 101.4829 
  0.04344017 101.9903 
  0.06788959 102.5003 
  0.1358896 103.0128 
  -0.1269079 103.5278 
  -0.1104557 104.0455 
  -0.1907685 104.5657 
  -0.2581403 105.0885 
  -0.1303548 105.614 
  -0.007923965 106.142 
  0.6705587 107.2061 
  0.2529885 103.5278 
  0.6795727 100.4756 
  0.9397528 99.97575 
  0.9861388 99.97575 
  0.9940581 99.47836 
  0.9932846 99.47836 
  0.9927076 99.47836 
  0.9895041 98.98344 
  0.9437037 98.491 
  0.7803034 97.02828 
  0.563121 95.5873 
  0.3027316 95.5873 
  0.7875988 96.54556 
  0.7230045 98.491 
  0.8894551 98.98344 
  0.9337554 98.491 
  0.9746984 98.00098 
  0.9793637 98.00098 
  0.9764174 97.51342 
  0.974206 96.54556 
  0.8925254 95.5873 
  0.8053926 94.63854 
  0.6772048 93.23304 
  -0.01687558 93.6992 
  -0.04283505 94.63854 
  -0.03671642 95.5873 
  0.00503074 96.54556 
  0.1427446 97.02828 
  0.1848372 97.51342 
  0.4581954 98.00098 
  0.7515252 98.00098 
  0.8760083 96.54556 
  0.9186075 95.5873 
  0.9228851 94.63854 
  0.8775524 93.23304 
  0.8252462 91.39146 
  0.7463049 89.58624 
  0.6160038 87.8167 
  -0.327984 90.48434 
  -0.4834579 93.6992 
  0.01199372 97.02828 
  -0.0005498882 100.4756 
  -0.1712424 104.0455 
  0.1453346 107.2061 
  0.2547308 108.8223 
  0.3530331 108.8223 
  0.23399 108.8223 
  0.005859646 108.2809 
  0.09702045 107.7421 
  0.6904555 107.2061 
  0.2407033 107.7421 
  0.4674401 98.00098 
  0.9809667 98.491 
  0.9673161 98.00098 
  0.962462 97.51342 
  0.9187921 96.54556 
  0.9506857 95.5873 
  0.9675533 95.11173 
  0.9312612 94.63854 
  0.9512166 94.1677 
  0.9664365 94.63854 
  0.9776647 94.63854 
  0.9808698 94.1677 
  0.9720789 94.63854 
  0.9785247 94.63854 
  0.9784737 94.63854 
  0.9702514 94.1677 
  0.9032919 93.6992 
  0.8918636 93.6992 
  0.865782 92.30766 
  0.7680097 91.39146 
  0.9440002 90.48434 
  0.9892465 90.03418 
  0.9770408 89.14054 
  0.82503 88.25578 
  0.7512271 87.3798 
  0.8082088 86.51251 
  0.9051589 86.0821 
  0.8952267 85.65383 
  0.8215291 85.2277 
  0.5110657 83.54424 
  0.1237138 82.3035 
  0.1041427 86.0821 
  0.2962017 88.25578 
  0.3429078 89.58624 
  0.2802822 90.48434 
  0.3059499 90.93677 
  0.001414188 91.39146 
  0.1773786 91.84841 
  0.06472223 92.30766 
  0.442819 91.84841 
  0.6953216 91.84841 
  0.806413 91.39146 
  0.9108367 90.03418 
  0.9538049 89.58624 
  0.9053553 89.14054 
  0.7807076 88.25578 
  0.8102765 86.94508 
  0.913889 85.65383 
  0.8455856 85.2277 
  0.744206 85.2277 
  0.8450464 85.65383 
  0.9402072 86.0821 
  0.9590312 86.51251 
  0.9749475 86.94508 
  0.9706544 86.94508 
  0.882248 86.94508 
  0.5863517 87.3798 
  0.2746146 87.8167 
  -0.1251997 88.25578 
  0.05135201 88.69706 
  0.2237444 89.14054 
  0.149566 89.14054 
  0.03050932 89.14054 
  -0.1651597 89.14054 
  0.09083769 89.14054 
  0.05254354 89.14054 
  0.06742542 89.14054 
  0.2266691 89.14054 
  0.1050633 89.14054 
  0.3277819 88.69706 
  0.390745 91.39146 
  0.8925391 91.84841 
  0.8464545 90.93677 
  0.8987517 90.03418 
  0.9716613 89.58624 
  0.9924608 89.14054 
  0.9939228 89.14054 
  0.9891644 89.14054 
  0.9889642 89.14054 
  0.9211198 88.69706 
  0.8859068 87.3798 
  0.898932 86.51251 
  0.8897869 86.0821 
  0.8527848 86.51251 
  0.8614308 86.51251 
  0.7978534 86.51251 
  0.7386898 86.51251 
  0.8871534 86.51251 
  0.7885281 86.51251 
  0.7582688 86.51251 
  0.7422821 86.51251 
  0.9150214 86.51251 
  0.7992033 86.51251 
  0.8085815 86.51251 
  0.7321783 86.51251 
  0.4481516 86.51251 
  0.1439565 86.51251 
  0.02172167 86.51251 
  -0.1150487 86.51251 ]
