 [
  -0.1666541 129.5776 
  0.02808172 129.5776 
  0.2529027 129.5776 
  0.1653589 129.5776 
  0.110447 129.5776 
  -0.07869256 129.5776 
  -0.1349631 129.5776 
  0.06252452 129.5776 
  0.2958031 129.5776 
  0.2174581 129.5776 
  0.1632214 129.5776 
  0.1739577 129.5776 
  -0.1072293 129.5776 
  -0.03554201 129.5776 
  0.5914668 127.0181 
  0.8464821 127.6532 
  0.8962575 125.7574 
  0.8201941 124.5092 
  0.8061818 122.6601 
  0.7285559 117.8622 
  0.6860519 120.2372 
  0.5603268 123.2734 
  0.3900654 126.3862 
  0.4535328 129.5776 
  0.6204488 132.8496 
  0.6416659 136.8852 
  0.4035088 141.0434 
  0.3189831 145.328 
  -0.2336478 149.7427 
  0.1856765 152.7601 
  0.7453951 150.4914 
  0.9064586 150.4914 
  0.9477631 152.7601 
  0.971355 155.063 
  0.989139 156.6175 
  0.9970219 158.1876 
  0.9971804 158.1876 
  0.9856308 157.4006 
  0.9513291 156.6175 
  0.8953071 154.2915 
  0.767765 151.2439 
  0.7496721 151.2439 
  0.07610835 151.2439 
  -0.1161839 150.4914 
  -0.2306956 149.7427 
  -0.006022387 148.9977 
  0.2117186 148.2564 
  0.4185563 147.5188 
  0.4438255 146.7849 
  0.6018403 146.0546 
  0.8066832 145.328 
  0.7796739 144.605 
  0.8702179 145.328 
  0.7718213 141.7487 
  0.8404045 141.0434 
  0.9527462 138.9488 
  0.9821194 138.9488 
  0.9930477 138.2575 
  0.9967412 138.2575 
  0.9968472 137.5696 
  0.9892487 137.5696 
  0.9663433 136.8852 
  0.9269297 136.2042 
  0.8108364 136.2042 
  0.897608 130.2255 
  0.8670118 128.2915 
  0.8307195 127.6532 
  0.7314011 127.0181 
  0.5347906 127.0181 
  0.4202291 127.0181 
  0.4067132 127.0181 
  0.2899724 127.0181 
  0.6567261 129.5776 
  0.827001 130.2255 
  0.9559101 129.5776 
  0.9676706 128.2915 
  0.9222813 126.3862 
  0.8444797 123.8897 
  0.4470556 120.8384 
  -0.00273431 118.4515 
  0.1489843 116.1118 
  -0.09862283 114.3874 
  -0.2162925 112.6886 
  0.2079744 111.0151 
  0.2142976 109.3664 
  -0.04710719 107.7421 
  0.3439561 108.8223 
  0.622541 110.4628 
  0.9450585 110.4628 
  0.9337665 109.9132 
  0.9235201 108.2809 
  0.8703126 107.7421 
  0.7007211 107.2061 
  0.1041574 108.8223 
  0.4133807 111.0151 
  0.06206058 113.2521 
  0.02646863 114.9594 
  0.08075556 116.6924 
  0.2264943 118.4515 
  0.1532433 120.2372 
  0.06825072 122.0498 
  0.03566962 124.5092 
  0.02480638 127.0181 
  -0.01221443 129.5776 
  0.1045913 131.531 
  0.1786702 132.8496 
  0.002962801 133.5138 
  -0.01938489 134.8523 
  0.5952444 136.2042 
  0.752194 135.5266 
  0.8531736 134.1814 
  0.8924974 131.531 
  0.9271991 130.2255 
  0.9712743 128.9329 
  0.9749385 128.2915 
  0.9841277 127.6532 
  0.968529 127.0181 
  0.9648825 125.7574 
  0.9416181 124.5092 
  0.9012272 122.6601 
  0.9077076 120.2372 
  0.9117225 117.8622 
  0.8592806 116.6924 
  0.6920148 115.5342 
  0.3012842 113.8184 
  0.1161446 111.5702 
  -0.02356339 111.5702 
  0.2030397 112.128 
  0.1656417 112.6886 
  0.1119762 112.6886 
  0.1068986 112.6886 
  0.1222887 113.2521 
  0.05660224 113.8184 
  -0.009404813 114.3874 
  -0.03643966 114.9594 
  -0.03855604 114.9594 
  -0.0957281 114.9594 
  0.06266816 114.9594 
  0.0860205 114.9594 
  0.4070023 114.9594 
  0.5714697 115.5342 
  0.9142269 115.5342 
  0.9854581 114.9594 
  0.9898462 113.8184 
  0.9921576 113.2521 
  0.9878148 112.6886 
  0.9622641 112.6886 
  0.4221729 113.8184 
  0.6406323 112.128 
  0.8124031 111.0151 
  0.9657312 111.5702 
  0.9424501 111.0151 
  0.7576003 109.9132 
  0.6863159 108.2809 
  0.1701527 108.8223 
  -0.5846812 109.3664 
  0.1195705 109.9132 
  -0.1858615 110.4628 
  0.006886594 111.0151 
  -0.1507118 111.5702 
  -0.1239278 112.128 
  -0.01055276 112.6886 
  0.1530228 113.2521 
  -0.08300459 113.8184 
  -0.001218789 113.8184 
  -0.04388852 113.8184 
  -0.00445839 113.8184 
  0.2577867 113.8184 
  -0.2104442 113.8184 
  0.5254441 114.3874 
  0.7189103 114.9594 
  0.9740995 115.5342 
  0.978722 116.1118 
  0.5799055 117.8622 
  0.5689692 117.8622 
  0.7677522 118.4515 
  0.9467064 119.639 
  0.9323186 120.8384 
  0.9396168 123.2734 
  0.9654917 125.1317 
  0.9756026 125.7574 
  0.9820268 127.0181 
  0.9753054 126.3862 
  0.9859022 125.7574 
  0.9891477 125.1317 
  0.9866592 124.5092 
  0.978824 123.2734 
  0.9776811 122.6601 
  0.9476291 120.8384 
  0.921245 119.639 
  0.903424 117.2759 
  0.8396923 114.3874 
  0.847773 111.5702 
  0.8860569 109.3664 
  0.9324401 107.7421 
  0.9248558 106.142 
  0.938826 105.0885 
  0.9698236 104.5657 
  0.9047667 105.0885 
  0.9366288 106.6728 
  0.9373479 107.2061 
  0.8700757 106.142 
  0.9237164 105.0885 
  0.9017702 104.5657 
  0.8780701 103.5278 
  0.7865443 101.9903 
  0.6640091 99.47836 
  0.2406275 99.97575 
  0.0614467 100.978 
  0.2997504 101.9903 
  0.03945591 103.0128 
  0.1325716 104.0455 
  0.3387479 104.5657 
  0.08715791 105.0885 
  0.5727459 106.142 
  0.755159 105.614 
  0.8280619 104.5657 
  0.8065165 103.5278 
  0.9708813 103.5278 
  0.986479 103.5278 
  0.8775926 103.5278 
  0.4511852 104.5657 
  0.6761664 105.0885 
  0.760097 107.2061 
  0.8100958 109.9132 
  0.788036 113.2521 
  0.9212831 115.5342 
  0.8877864 117.8622 
  0.8526061 120.8384 
  0.9310284 123.2734 
  0.8953545 124.5092 
  0.8391027 124.5092 
  0.7340978 123.8897 
  0.9085037 124.5092 
  0.8698866 124.5092 
  0.7008823 123.8897 
  0.02120618 123.2734 
  -0.05918175 122.6601 
  -0.1131673 122.0498 
  -0.09755644 121.4426 
  0.1581899 120.8384 
  0.4963062 120.2372 
  0.6609199 120.2372 
  0.6489207 120.2372 
  0.6651338 120.8384 
  0.09860362 120.8384 
  0.3687661 120.8384 
  0.1326175 121.4426 
  -0.09692936 121.4426 
  -0.1551027 121.4426 
  -0.1101319 121.4426 
  0.004540083 121.4426 
  -0.1758346 121.4426 
  -0.02604378 121.4426 
  0.06572899 121.4426 
  0.07094892 121.4426 
  0.06483815 121.4426 
  0.421351 121.4426 
  0.2430606 121.4426 
  0.7899355 124.5092 
  0.9313562 124.5092 
  0.9188049 123.2734 
  0.9512254 121.4426 
  0.9764639 120.2372 
  0.9594811 118.4515 
  0.966177 116.6924 
  0.9532363 115.5342 
  0.9374887 114.3874 
  0.9566981 112.6886 
  0.982657 112.128 
  0.9857098 111.0151 
  0.8942584 109.9132 
  0.8413311 109.3664 
  0.887238 108.8223 
  0.9108846 107.2061 
  0.9131455 105.614 
  0.8725498 104.0455 
  0.7635499 102.5003 
  0.800486 100.4756 
  0.7370399 99.97575 
  0.005303208 100.978 
  0.08564886 101.9903 
  -0.01165511 103.0128 
  -0.02462225 104.0455 
  -0.005834008 105.0885 
  0.08191764 106.6728 
  0.1804151 108.2809 
  0.07557455 109.9132 
  0.01823765 111.5702 
  -0.2804262 113.2521 
  0.4470499 114.9594 
  0.682842 116.1118 
  0.977825 117.2759 
  0.5624973 119.639 
  0.5449339 119.639 
  0.7069367 119.639 
  0.9007985 118.4515 
  0.9154726 117.2759 
  0.8761383 116.1118 
  0.8940367 113.8184 
  0.9043776 112.6886 
  0.8554424 111.5702 
  0.8538345 109.9132 
  0.8019079 108.2809 
  0.7657463 107.7421 
  0.5856137 106.6728 
  0.009741924 109.3664 
  0.1896688 109.9132 
  0.186444 109.3664 
  0.04125885 108.8223 
  0.00853114 108.8223 
  -0.00871315 108.8223 
  -0.4129225 109.3664 
  0.07878673 109.9132 
  -0.03099773 110.4628 
  0.3749108 110.4628 
  0.5968867 111.0151 
  0.799687 112.128 
  0.9299893 113.2521 
  0.4026195 114.9594 
  0.06710641 117.2759 
  0.5053617 118.4515 
  0.7704605 117.8622 
  0.9420613 117.2759 
  0.9502671 117.8622 
  0.9522964 118.4515 
  0.967199 119.639 
  0.9595932 121.4426 
  0.9704509 122.6601 
  0.9839407 123.2734 
  0.9866546 123.8897 
  0.9852219 123.8897 
  0.9738737 123.2734 
  0.9456869 122.6601 
  0.9219484 120.8384 
  0.9355085 119.639 
  0.8944596 117.8622 
  0.8011814 116.6924 
  0.6224289 115.5342 
  0.6383604 115.5342 
  0.5448163 115.5342 
  0.1321893 115.5342 
  0.1175088 115.5342 
  -0.03155113 115.5342 
  -0.1767898 115.5342 
  0.04258566 115.5342 
  0.02954207 115.5342 
  0.03120226 115.5342 
  0.08147706 116.1118 
  0.1369177 116.1118 
  0.08585741 116.1118 
  0.1608936 116.1118 
  0.2198048 116.1118 
  0.1570919 116.6924 
  0.0576128 117.2759 
  0.02046069 117.8622 
  -0.03034591 118.4515 
  -0.04815776 119.0438 
  0.6588353 119.639 
  0.3012633 114.9594 
  0.5171551 111.5702 
  0.974432 109.9132 
  0.9878213 109.3664 
  0.991438 109.3664 
  0.9858562 108.8223 
  0.9686434 108.2809 
  0.9381382 107.2061 
  0.9089741 105.614 
  0.9150468 104.5657 
  0.8980339 103.5278 
  0.9039223 102.5003 
  0.8667297 100.978 
  0.7938758 99.97575 
  0.9211025 98.491 
  0.8456174 98.98344 
  0.7700642 99.47836 
  0.9693552 100.978 
  0.9432768 100.978 
  0.8418056 100.4756 
  0.6902817 100.978 
  0.5770785 101.4829 
  0.9490957 101.9903 
  0.9453773 102.5003 
  0.9569935 103.0128 
  0.8877023 103.0128 
  0.8194401 103.0128 
  0.7184408 103.0128 
  0.7524705 103.0128 
  0.6479622 102.5003 
  0.3967093 101.9903 
  0.1269344 101.4829 
  0.2057011 100.978 
  0.1177812 100.4756 
  0.05168721 99.97575 
  0.0678366 99.97575 
  0.1716582 99.97575 
  0.2629336 99.97575 
  0.3542757 99.47836 
  0.3800395 99.47836 
  0.2347968 99.47836 
  0.3970038 99.97575 
  0.4178157 100.4756 
  0.3010823 100.4756 
  0.1878799 100.4756 
  0.1444898 100.4756 
  -0.05237302 100.4756 
  -0.04094177 100.4756 
  0.1266149 100.4756 
  -0.05979249 100.4756 
  -0.1043563 100.4756 
  0.1252964 100.4756 
  0.2802128 100.4756 
  -0.04174082 100.4756 
  -0.3196116 100.4756 
  -0.3335298 100.4756 
  -0.08079058 100.4756 
  -0.2469822 100.4756 
  -0.06645712 100.4756 
  -0.0830894 100.4756 
  0.2020546 100.4756 
  -0.1609831 100.4756 
  -0.122527 100.4756 
  -0.04601476 100.4756 
  -0.1214781 100.4756 
  -0.1225634 100.4756 
  -0.1179482 100.4756 
  0.06130332 100.4756 
  0.07198596 100.4756 
  0.05066767 100.4756 
  -0.003095221 100.4756 
  -0.08052888 100.4756 
  0.004248945 100.4756 
  -0.1103505 100.4756 
  0.2614644 100.4756 
  -0.02192374 100.4756 
  -0.1918401 100.4756 
  -0.06290919 100.4756 
  0.00379672 100.4756 
  0.1012681 100.4756 
  0.2379211 100.4756 
  -0.05863161 100.4756 
  0.1915542 100.4756 ]
