 [
  0.02148635 290.6912 
  0.1098155 290.6912 
  0.3381015 290.6912 
  0.4413141 290.6912 
  0.3701446 290.6912 
  0.2787108 290.6912 
  0.1931393 290.6912 
  0.2773078 290.6912 
  0.1132082 290.6912 
  0.01454688 290.6912 
  0.1401503 290.6912 
  0.557433 290.6912 
  0.6775913 290.6912 
  0.5272533 287.806 
  0.5577017 286.3741 
  0.2151788 283.5317 
  0.1770054 280.7175 
  0.1235075 277.9312 
  0.08626024 275.1726 
  0.4391856 272.4414 
  0.3242267 259.1866 
  0.6044368 241.7061 
  0.9309623 236.9318 
  0.9242749 238.1164 
  0.6427048 238.1164 
  0.839996 238.1164 
  0.7693628 239.307 
  0.6789044 241.7061 
  0.6150169 244.1292 
  -0.04275605 247.8095 
  0.6662064 252.8029 
  0.8885767 255.3373 
  0.9892958 256.614 
  0.9922746 260.4825 
  0.988507 267.06 
  0.9906377 273.8036 
  0.9904062 280.7175 
  0.9900255 287.806 
  0.9846137 295.0734 
  0.9799213 302.5244 
  0.9874628 311.7143 
  0.9880185 319.5855 
  0.9839426 326.0254 
  0.9889131 332.5949 
  0.9963191 337.6089 
  0.9958838 335.9292 
  0.9875831 332.5949 
  0.9806489 326.0254 
  0.9786428 317.9955 
  0.9659052 308.6204 
  0.9345549 298.0316 
  0.9098031 284.9493 
  0.9085549 272.4414 
  0.8770496 259.1866 
  0.8781514 242.9146 
  0.8938272 232.2518 
  0.9152578 222.057 
  0.9772966 214.4382 
  0.9849215 210.2025 
  0.9940867 207.0808 
  0.9970052 206.0505 
  0.9940834 207.0808 
  0.9981257 209.1568 
  0.9975024 208.1162 
  0.9907709 207.0808 
  0.9482017 205.0254 
  0.8764448 204.0054 
  0.3891788 206.0505 
  0.1226553 210.2025 
  -0.04370484 214.4382 
  -0.05369083 218.7592 
  0.5097962 223.1673 
  0.8268677 227.6642 
  0.9186423 227.6642 
  0.9309461 223.1673 
  0.9451641 216.5879 
  0.976832 210.2025 
  0.99605 206.0505 
  0.9974932 204.0054 
  0.9985849 202.9904 
  0.980256 200.9756 
  0.9732792 199.9758 
  0.9617426 198.9809 
  0.999613 197.9909 
  0.9991128 197.9909 
  1.000231 197.0059 
  0.9996419 197.0059 
  0.982673 197.0059 
  0.8962319 197.0059 
  0.9423476 197.0059 
  0.9948056 197.0059 
  0.9987033 197.0059 
  0.9988992 197.0059 
  0.999408 197.0059 
  0.999366 197.0059 
  0.9987972 197.0059 
  0.9985881 197.0059 
  0.9993566 197.0059 
  0.9975821 197.0059 
  0.996729 197.9909 
  0.9952154 197.9909 
  0.993776 198.9809 
  0.9920925 199.9758 
  0.9878894 201.9805 
  0.9809114 204.0054 
  0.9799579 207.0808 
  0.9637215 210.2025 
  0.9597973 213.3714 
  0.9623791 216.5879 
  0.9560337 219.853 
  0.711821 224.2832 
  0.4031102 231.0963 
  0.1934616 242.9146 
  0.258627 251.5452 
  0.2572689 257.8971 
  0.3215016 254.067 
  0.476238 246.5766 
  0.5862406 242.9146 
  0.6531084 239.307 
  0.7071117 239.307 
  0.8397306 236.9318 
  0.9278541 236.9318 
  0.4406178 238.1164 
  -0.06581253 239.307 
  -0.1146123 240.5036 
  0.02204901 241.7061 
  0.1697885 242.9146 
  0.08242678 244.1292 
  0.02700905 244.1292 
  0.055992 244.1292 
  -0.02050903 244.1292 
  -0.1262336 244.1292 
  -0.1124699 244.1292 
  0.08510046 244.1292 
  0.03876361 245.3498 
  0.08973673 246.5766 
  0.6944499 247.8095 
  0.9081118 242.9146 
  0.9602816 240.5036 
  0.9782906 238.1164 
  0.9649335 234.5801 
  0.9519742 229.9466 
  0.7591065 227.6642 
  0.8515991 226.5316 
  0.7977926 226.5316 
  0.7544925 226.5316 
  0.1900935 226.5316 
  0.3346426 226.5316 
  0.5256581 226.5316 
  0.7942493 225.4046 
  0.9747087 224.2832 
  0.994661 223.1673 
  0.9951205 222.057 
  0.9947643 219.853 
  0.9875967 218.7592 
  0.9516981 218.7592 
  0.9003307 219.853 
  0.4191834 222.057 
  0.2083641 224.2832 
  0.1129636 226.5316 
  -0.07295215 228.8026 
  0.5325187 231.0963 
  0.2458713 233.4131 
  0.1364188 235.753 
  0.4241583 238.1164 
  0.8443179 240.5036 
  0.8610692 239.307 
  0.8837321 238.1164 
  0.7871137 238.1164 
  0.3159708 240.5036 
  0.09656443 244.1292 
  -0.08549101 247.8095 
  -0.001853559 250.2938 
  0.09432121 252.8029 
  0.02228221 255.3373 
  0.04349966 257.8971 
  0.1911615 260.4825 
  0.09329265 263.0938 
  -0.04335458 265.7313 
  -0.0006860504 269.7372 
  0.1130801 273.8036 
  0.5051216 277.9312 
  0.731636 273.8036 
  0.8254678 272.4414 
  0.9947391 271.0859 
  0.9957339 273.8036 
  0.9934692 276.5485 
  0.9531267 280.7175 
  0.9147516 283.5317 
  0.6310499 287.806 
  0.8738589 292.1447 
  0.357607 296.5488 
  0.5445027 302.5244 
  0.8176013 305.5572 
  0.9531794 307.085 
  0.9929374 305.5572 
  0.9952155 302.5244 
  0.9896248 299.5217 
  0.9790975 295.0734 
  0.9672972 290.6912 
  0.9287184 286.3741 
  0.6028022 275.1726 
  0.7561427 267.06 
  0.6341995 259.1866 
  0.6249484 252.8029 
  0.6456031 246.5766 
  0.6998391 241.7061 
  0.5076061 236.9318 
  0.1690529 232.2518 
  -0.00663757 227.6642 
  0.3446496 223.1673 
  0.5338373 217.6709 
  0.707813 215.5104 
  0.8509211 212.3098 
  0.9529133 208.1162 
  0.9762048 206.0505 
  0.9734167 204.0054 
  0.9708564 201.9805 
  0.9740086 200.9756 
  0.9794874 200.9756 
  0.9650394 200.9756 
  0.9183226 200.9756 
  0.8239356 202.9904 
  0.5503106 211.2535 
  0.3447796 218.7592 
  0.2648468 227.6642 
  -0.06357032 236.9318 
  0.09016608 246.5766 
  0.1926545 252.8029 
  0.2099692 255.3373 
  -0.002397868 255.3373 
  -0.02423044 255.3373 
  0.1208619 255.3373 
  0.3437126 254.067 
  0.5264138 254.067 
  0.6448215 251.5452 
  0.8303434 251.5452 
  0.8909073 251.5452 
  0.9537985 255.3373 
  0.9422967 260.4825 
  0.9699444 265.7313 
  0.9714502 269.7372 
  0.977102 272.4414 
  0.9631423 275.1726 
  0.9861755 279.3209 
  0.9311645 283.5317 
  0.8286572 287.806 
  0.4842692 293.6054 
  -0.2116634 299.5217 
  0.119416 304.037 
  0.192211 307.085 
  0.2968637 305.5572 
  0.1889564 302.5244 
  0.2248325 301.0193 
  0.1167125 299.5217 
  0.7782874 298.0316 
  0.7989424 296.5488 
  0.8564948 290.6912 
  0.9641196 283.5317 
  0.9938605 279.3209 
  0.978799 275.1726 
  0.8751758 272.4414 
  0.293819 279.3209 
  0.1197578 290.6912 
  0.2842378 296.5488 
  0.351415 296.5488 
  0.137855 295.0734 
  0.2247567 292.1447 
  0.1851285 290.6912 
  0.07296509 289.245 
  0.1456162 287.806 
  0.06807177 286.3741 
  -0.2119159 284.9493 
  -0.03313098 283.5317 
  0.008858765 282.1211 
  0.03010046 280.7175 
  0.1437777 277.9312 
  0.2390189 272.4414 
  0.7673321 265.7313 
  0.7902064 245.3498 
  0.873425 239.307 
  0.975802 236.9318 
  0.9721841 233.4131 
  0.9660191 229.9466 
  0.9725589 226.5316 
  0.9724233 223.1673 
  0.983361 219.853 
  0.9857726 218.7592 
  0.9896618 216.5879 
  0.9815615 215.5104 
  0.9670026 213.3714 
  0.9522902 211.2535 
  0.9325294 210.2025 
  0.8426227 212.3098 
  0.5242291 214.4382 
  0.7593863 216.5879 
  0.5093256 219.853 
  0.7895264 217.6709 
  0.878742 214.4382 
  0.9833015 211.2535 
  0.9829648 209.1568 
  0.985136 208.1162 
  0.9876629 206.0505 
  0.9926914 205.0254 
  0.9947633 204.0054 
  0.9920498 205.0254 
  0.9871666 206.0505 
  0.9868088 207.0808 
  0.9802969 208.1162 
  0.9603984 209.1568 
  0.9120802 212.3098 
  0.5700136 215.5104 
  0.1244415 217.6709 
  0.04462889 222.057 
  0.1328558 226.5316 
  -0.0484321 231.0963 
  -0.2176472 235.753 
  -0.09343947 240.5036 
  0.04909383 245.3498 
  0.1762314 250.2938 
  0.6075335 255.3373 
  0.3501158 257.8971 
  0.3681521 257.8971 
  0.3010499 255.3373 
  0.1214521 256.614 
  0.03651468 254.067 
  0.8080482 250.2938 
  0.2298482 246.5766 
  0.03448998 242.9146 
  0.2770334 239.307 
  0.6972954 235.753 
  0.6877688 227.6642 
  0.7977936 222.057 
  0.9852017 217.6709 
  0.8846534 216.5879 
  0.8602453 216.5879 
  0.9079636 217.6709 
  0.9882465 217.6709 
  0.9925703 217.6709 
  0.9919158 218.7592 
  0.9917629 220.9523 
  0.9919152 222.057 
  0.9920932 223.1673 
  0.9956989 224.2832 
  0.9946393 225.4046 
  0.997593 224.2832 
  0.9938447 223.1673 
  0.9925287 222.057 
  0.9928696 222.057 
  0.9966699 220.9523 
  0.9878924 218.7592 
  0.9677445 217.6709 
  0.9419526 215.5104 
  0.8983661 217.6709 
  0.9920351 220.9523 
  0.9988943 222.057 
  0.9989051 222.057 
  0.9988492 223.1673 
  0.9581383 226.5316 
  0.9384036 229.9466 
  0.9706625 231.0963 
  0.9886021 232.2518 
  0.9940584 232.2518 
  0.9955486 232.2518 
  0.9943977 232.2518 
  0.98935 232.2518 
  0.9883922 231.0963 
  0.9816654 227.6642 
  0.9507758 225.4046 
  0.9243395 222.057 
  0.9227951 215.5104 
  0.6422955 197.0059 
  -0.1656353 168.784 
  -0.4911564 142.4574 
  -0.4024472 120.8384 
  0.8110058 103.0128 
  0.8565685 102.5003 
  0.9298553 103.0128 
  0.9228345 103.5278 
  0.9102039 104.5657 
  0.6078043 105.0885 
  0.2211207 105.0885 
  -0.01366436 106.142 
  0.09256341 111.0151 
  0.1928411 111.0151 
  0.06808057 110.4628 
  0.2033147 112.128 
  0.2708413 113.2521 
  0.01730751 112.128 
  0.2403245 113.8184 
  0.4471894 114.3874 
  0.5078767 114.3874 
  0.09783895 113.8184 
  -0.1658225 113.8184 
  -0.09987755 113.8184 
  -0.04890487 113.8184 
  -0.2115396 113.8184 
  -0.04934186 113.8184 
  0.09008808 113.8184 
  0.06358688 113.2521 
  0.1335214 112.6886 
  0.01936726 112.128 
  -0.09179466 111.5702 
  0.02894418 111.5702 
  0.18911 111.5702 
  0.1390848 111.5702 
  0.166558 111.5702 
  0.1827826 111.5702 
  0.1300954 111.5702 
  0.08876748 111.5702 
  0.01514951 111.5702 
  0.2810705 111.5702 
  -0.05484042 111.5702 
  -0.1302353 111.5702 
  -0.1662229 111.5702 
  -0.02045171 111.5702 
  -0.17688 111.5702 
  -0.1342673 111.5702 
  -0.1912806 111.5702 
  0.03104791 111.5702 
  0.02420138 111.5702 
  0.1194506 111.5702 
  -0.156491 111.5702 
  -0.2503221 111.5702 
  0.01155067 111.5702 
  0.1694764 111.5702 
  0.1646637 111.5702 
  0.1636184 111.5702 
  -0.04680395 111.5702 
  0.02977314 111.5702 
  -0.01651314 111.5702 
  -0.02658038 111.5702 
  0.1408997 111.5702 
  -0.06668323 111.5702 
  -0.0225983 111.5702 
  -0.1260868 111.5702 
  -0.04418949 111.5702 
  -0.03439478 111.5702 
  -0.1586138 111.5702 
  -0.06369872 111.5702 
  -0.06573699 111.5702 
  0.05056537 111.5702 
  0.2296301 111.5702 
  0.1151725 111.5702 
  0.04231942 111.5702 
  -0.03570091 111.5702 
  -0.2108597 111.5702 
  -0.02932242 111.5702 
  -0.06265387 111.5702 
  0.0008755191 111.5702 
  0.04385204 111.5702 
  -0.07448412 111.5702 
  -0.06546821 111.5702 
  -0.1288672 111.5702 
  -0.06051151 111.5702 
  -0.09323983 111.5702 
  -0.2967991 111.5702 
  -0.1740716 111.5702 
  -0.08078051 111.5702 
  -0.03265519 111.5702 
  0.003826259 111.5702 
  -0.05722998 111.5702 ]
