 [
  0.09150629 129.5776 
  0.1812081 129.5776 
  0.2536677 129.5776 
  0.004386556 129.5776 
  0.08214412 129.5776 
  0.01439903 129.5776 
  -0.1394085 129.5776 
  -0.265519 129.5776 
  -0.1128913 129.5776 
  0.1440713 129.5776 
  0.2759885 129.5776 
  0.06462828 129.5776 
  -0.3675314 129.5776 
  0.2198393 129.5776 
  0.5120323 128.2915 
  0.3545749 121.4426 
  0.2845635 125.7574 
  0.4602134 125.1317 
  0.7697272 127.0181 
  0.903924 125.7574 
  0.8805471 127.0181 
  0.8101644 125.7574 
  0.7441146 126.3862 
  0.9860502 128.2915 
  0.9743645 128.2915 
  0.8526438 127.0181 
  0.7753646 125.7574 
  0.8588405 123.8897 
  0.9716887 123.2734 
  0.9800804 123.2734 
  0.9857615 123.2734 
  0.9854761 123.2734 
  0.979575 122.6601 
  0.9637976 120.8384 
  0.9574168 119.0438 
  0.9643695 117.2759 
  0.9505611 115.5342 
  0.9081714 113.8184 
  0.8721172 111.5702 
  0.8064581 110.4628 
  0.4624909 112.6886 
  0.4292796 115.5342 
  0.1250486 118.4515 
  0.0910948 121.4426 
  -0.3765017 124.5092 
  0.02834059 127.6532 
  0.5905677 132.1886 
  0.671904 127.6532 
  0.7790729 123.8897 
  0.9285401 121.4426 
  0.9769385 120.2372 
  0.9601998 118.4515 
  0.9332328 117.2759 
  0.9264115 114.3874 
  0.9211414 112.6886 
  0.9024878 111.0151 
  0.838878 109.9132 
  0.7571778 109.9132 
  0.7487777 109.9132 
  0.7361085 110.4628 
  0.3727404 111.0151 
  0.0106921 111.5702 
  -0.001290111 112.128 
  -0.02249447 112.6886 
  -0.0480451 113.2521 
  0.009530411 113.8184 
  -0.01037049 114.3874 
  0.6151012 113.8184 
  0.8453891 113.2521 
  0.9901087 113.2521 
  0.9924198 113.8184 
  0.9806739 115.5342 
  0.9528319 118.4515 
  0.9326698 122.6601 
  0.9464734 127.0181 
  0.9343763 131.531 
  0.9102914 136.8852 
  0.8950705 142.4574 
  0.8987483 148.9977 
  0.9391055 154.2915 
  0.9756521 158.1876 
  0.9922342 160.5723 
  0.997925 161.3751 
  0.9904609 160.5723 
  0.9863085 158.1876 
  0.9942592 156.6175 
  0.9900529 155.063 
  0.9933344 152.7601 
  0.9954512 151.2439 
  0.9920709 150.4914 
  0.9875939 148.2564 
  0.984543 146.0546 
  0.9546314 143.8855 
  0.8947153 140.3417 
  0.8504301 135.5266 
  0.8631494 130.8766 
  0.7687431 126.3862 
  0.687234 120.2372 
  0.8272586 114.3874 
  0.7874274 111.5702 
  0.7969567 109.3664 
  0.8119378 108.8223 
  0.7980882 109.3664 
  0.8021778 109.3664 
  0.7803088 112.128 
  0.8910149 113.2521 
  0.9028675 112.128 
  0.9266665 111.0151 
  0.6789811 109.3664 
  0.7273621 107.2061 
  0.9728947 105.614 
  0.9476013 105.0885 
  0.9743986 104.0455 
  0.952324 103.5278 
  0.912227 103.0128 
  0.9101726 101.4829 
  0.9157665 100.4756 
  0.9243095 98.98344 
  0.894122 98.00098 
  0.8580661 97.02828 
  0.7799886 96.54556 
  0.6713997 97.51342 
  0.6852623 99.47836 
  0.6746107 101.4829 
  0.8938717 103.0128 
  0.9429975 103.0128 
  0.9519775 103.5278 
  0.9641688 104.0455 
  0.9278448 105.0885 
  0.9083135 106.6728 
  0.915406 107.7421 
  0.8128474 108.2809 
  0.8046275 107.7421 
  0.8404264 106.6728 
  0.9385409 106.142 
  0.9784898 105.614 
  0.9780086 105.614 
  0.9875048 105.0885 
  0.9865135 104.5657 
  0.9821912 104.5657 
  0.9637197 104.0455 
  0.9599173 103.5278 
  0.9691287 103.0128 
  0.9652007 103.0128 
  0.9611085 103.0128 
  0.9501134 103.0128 
  0.9500172 102.5003 
  0.9474527 101.9903 
  0.9698983 101.4829 
  0.985773 100.978 
  0.965319 100.4756 
  0.8931498 99.47836 
  0.8252102 98.98344 
  0.851253 99.47836 
  0.9076783 99.97575 
  0.9473702 99.97575 
  0.9562822 99.47836 
  0.9676875 98.98344 
  0.9818935 98.491 
  0.9360225 98.00098 
  0.8293225 97.02828 
  0.7076974 96.54556 
  0.02508436 96.54556 
  0.2213154 97.51342 
  -0.02492055 98.491 
  0.01939032 99.47836 
  0.03567508 100.4756 
  0.14138 100.978 
  0.1397882 101.4829 
  0.04963373 101.9903 
  -0.06918666 103.0128 
  -0.1915874 104.0455 
  -0.2169642 105.0885 
  -0.09362184 106.142 
  -0.1966246 107.2061 
  0.2661329 108.2809 
  0.009337725 109.3664 
  0.04426486 110.4628 
  0.0453951 111.5702 
  0.01877812 113.2521 
  -0.03204443 115.5342 
  0.7348984 118.4515 
  0.3536759 112.6886 
  0.4201199 107.7421 
  0.6360581 102.5003 
  0.8779571 99.97575 
  0.8769607 98.491 
  0.9505952 97.02828 
  0.9683331 96.54556 
  0.9897403 96.06523 
  0.9935938 96.06523 
  0.9855962 96.54556 
  0.9859166 96.54556 
  0.9802604 96.54556 
  0.9305974 96.06523 
  0.9494187 95.11173 
  0.9312573 95.11173 
  0.8497527 94.63854 
  0.7564579 93.6992 
  0.7613704 91.84841 
  0.8703411 90.48434 
  0.7536684 90.93677 
  0.7670736 91.84841 
  0.8664683 92.30766 
  0.8488968 92.7692 
  0.7792 91.39146 
  0.8066126 89.58624 
  0.8284082 88.25578 
  0.8371851 87.3798 
  0.8254361 86.94508 
  0.518723 86.94508 
  0.09379155 88.25578 
  0.129956 89.14054 
  0.1742062 89.58624 
  0.2377689 90.48434 
  0.1961119 90.93677 
  0.09727761 90.93677 
  0.2515569 90.93677 
  0.3749697 90.93677 
  0.4256633 90.93677 
  0.1726831 90.93677 
  0.1061211 90.93677 
  0.1515023 90.93677 
  -0.210928 90.93677 
  -0.274275 90.93677 
  -0.08503754 90.93677 
  0.1151316 90.93677 
  0.1486149 90.93677 
  0.07033031 90.93677 
  0.1126222 90.93677 
  0.1734851 91.39146 
  0.14497 91.84841 
  0.09197356 92.30766 
  -0.0036626 92.7692 
  -0.0699164 92.7692 
  -0.06457222 92.7692 
  0.005033396 92.7692 
  0.06132332 92.7692 
  -0.04058753 92.7692 
  0.06615826 92.7692 
  0.1076664 92.7692 
  0.04154436 92.7692 
  0.03921818 92.7692 
  0.1675687 92.7692 
  -0.0005584268 92.7692 
  0.03243354 92.7692 
  0.177823 92.7692 
  0.1300197 92.7692 
  0.1108331 92.7692 
  0.04419266 92.7692 
  0.08207696 92.7692 
  0.1416029 92.7692 
  0.1704034 92.7692 
  0.1447915 92.7692 
  0.1875442 92.7692 
  0.06516507 92.7692 
  -0.04620811 92.7692 
  -0.02786373 92.7692 
  0.003226945 92.7692 
  0.0415922 92.7692 
  0.03146569 92.7692 
  0.06495469 92.7692 
  0.03052835 92.7692 
  0.2702607 92.7692 
  0.2828821 92.7692 
  0.03751109 92.7692 
  -0.04370364 92.7692 
  -0.1025123 92.7692 
  -0.08404545 92.7692 
  -0.1216058 92.7692 
  -0.003035134 92.7692 
  -0.06013296 92.7692 
  -0.07385272 92.7692 
  0.02676097 92.7692 
  -0.08227419 92.7692 
  -0.04198736 92.7692 
  -0.01242197 92.7692 
  0.03067017 92.7692 
  -0.2210206 92.7692 
  -0.2176229 92.7692 
  -0.3070974 92.7692 
  -0.169481 92.7692 
  -0.1073859 92.7692 
  0.008914337 92.7692 
  0.02505339 92.7692 
  0.03312111 92.7692 
  -0.02700718 92.7692 
  -0.24513 92.7692 ]
