 [
  -0.08273824 99.97575 
  0.3572486 99.97575 
  0.5848535 99.97575 
  -0.0588814 99.97575 
  0.2442347 99.97575 
  0.2769465 99.97575 
  0.1109455 99.97575 
  0.4434757 99.97575 
  0.6629699 100.4756 
  0.4576256 100.978 
  0.3367761 101.9903 
  0.06634349 103.0128 
  0.2770959 104.0455 
  0.7600328 105.614 
  0.5980964 102.5003 
  0.7521172 103.5278 
  0.8623403 104.0455 
  0.9383453 106.142 
  0.9619957 106.6728 
  0.9617267 107.7421 
  0.9749269 108.8223 
  0.9782473 109.3664 
  0.9769738 110.4628 
  0.9807085 111.5702 
  0.9823989 112.128 
  0.9764997 112.6886 
  0.9734308 113.8184 
  0.9851871 114.9594 
  0.9847203 115.5342 
  0.9755993 116.6924 
  0.9841759 117.2759 
  0.9906315 117.8622 
  0.9858894 117.8622 
  0.9817157 118.4515 
  0.9820096 119.639 
  0.9774727 120.2372 
  0.984444 121.4426 
  0.986694 122.0498 
  0.9870718 122.6601 
  0.9927577 123.8897 
  0.9806721 123.8897 
  0.9655294 123.2734 
  0.7876947 124.5092 
  0.5292205 127.6532 
  -0.009327506 122.6601 
  0.3401453 117.8622 
  0.4342462 118.4515 
  0.1946573 119.639 
  0.2892166 117.8622 
  0.3735038 114.9594 
  0.06494119 105.0885 
  0.1947114 101.4829 
  0.6449254 100.978 
  0.5178915 103.5278 
  0.7150139 104.5657 
  0.8649756 104.5657 
  0.8791287 104.5657 
  0.4918624 103.0128 
  0.3397977 104.0455 
  0.5759738 104.0455 
  0.9006181 103.5278 
  0.9258868 102.5003 
  0.8041967 103.0128 
  0.7562119 104.5657 
  0.8074015 104.0455 
  0.2716209 105.0885 
  0.2949951 105.614 
  0.09360462 106.142 
  0.1532677 106.6728 
  -0.04544564 107.2061 
  -0.01028685 107.7421 
  0.04916494 108.2809 
  0.02848851 108.8223 
  0.03167261 109.3664 
  0.05857779 109.3664 
  0.02223008 109.9132 
  0.0234219 109.9132 
  0.1174081 109.9132 
  0.0398894 109.9132 
  0.03402481 109.9132 
  0.03355611 109.9132 
  -0.02905757 110.4628 
  -0.004014269 111.0151 
  0.01896752 111.0151 
  0.123868 111.0151 
  0.8033969 111.5702 
  0.9472246 111.0151 
  0.8787931 110.4628 
  0.8596268 109.3664 
  0.9410456 107.7421 
  0.9547154 107.2061 
  0.9921441 106.6728 
  0.9945434 106.6728 
  0.993904 106.6728 
  0.9907076 107.2061 
  0.9886239 107.7421 
  0.9934044 108.2809 
  0.9950517 108.2809 
  0.9817562 108.8223 
  0.9901921 108.8223 
  0.9908665 108.2809 
  0.9878379 107.7421 
  0.9857568 107.2061 
  0.9339601 107.7421 
  0.894082 107.2061 
  0.860229 108.2809 
  0.8487074 107.2061 
  0.7993224 108.8223 
  0.6976789 107.2061 
  0.787156 107.2061 
  0.7621397 106.142 
  0.8060812 105.614 
  0.8421379 105.0885 
  0.8483694 104.0455 
  0.884486 103.0128 
  0.9500871 101.9903 
  0.928131 101.9903 
  0.8910741 100.978 
  0.8093117 99.47836 
  0.80911 97.02828 
  0.9205778 95.5873 
  0.7839354 93.6992 
  0.2193824 90.48434 
  0.6404138 85.2277 
  0.4142438 85.2277 
  0.09621957 85.65383 
  0.2507479 90.48434 
  -0.1796429 91.39146 
  0.1530703 91.39146 
  -0.3447637 91.39146 
  0.3464129 91.84841 
  0.5839252 93.23304 
  0.805348 93.23304 
  0.9186679 93.6992 
  0.8998505 94.1677 
  0.9697067 95.11173 
  0.9704802 95.5873 
  0.9694558 96.54556 
  0.9788253 96.54556 
  0.961855 96.54556 
  0.9233981 95.5873 
  0.9600573 95.11173 
  0.9603043 95.11173 
  0.9433295 95.11173 
  0.9503389 94.63854 
  0.9034786 94.63854 
  0.8962579 95.11173 
  0.9576208 96.06523 
  0.9192009 96.54556 
  0.8108239 96.06523 
  0.7932094 94.1677 
  0.4134368 93.23304 
  0.1956667 94.1677 
  -0.003707311 95.5873 
  -0.03749179 97.02828 
  -0.01748675 98.491 
  -0.2085706 99.97575 
  -0.2876742 101.4829 
  -0.06036714 103.0128 
  -0.1070326 104.5657 
  -0.1125911 106.142 
  -0.1671104 107.7421 
  -0.2128816 109.3664 
  -0.1445963 111.0151 
  -0.01089973 112.6886 
  0.7194336 114.3874 
  0.5232553 110.4628 
  0.70874 110.4628 
  0.8910908 109.9132 
  0.9656383 111.5702 
  0.9379348 112.6886 
  0.9631996 113.8184 
  0.9716485 115.5342 
  0.940471 117.2759 
  0.9528006 118.4515 
  0.9776734 119.639 
  0.9830817 119.639 
  0.9634168 119.639 
  0.924423 120.2372 
  0.9353745 120.8384 
  0.9407244 120.8384 
  0.9113913 120.8384 
  0.8767361 120.8384 
  0.7260749 120.8384 
  0.5495385 120.8384 
  0.3798415 120.8384 
  0.1477661 120.8384 
  -0.0380463 120.8384 
  -0.1184663 120.8384 
  -0.1352569 120.8384 
  -0.01159321 120.8384 ]
