 [
  -0.06000827 138.9488 
  -0.07283431 138.9488 
  0.1329807 138.9488 
  0.05398281 138.9488 
  0.07845222 138.9488 
  -0.2138424 138.9488 
  0.3500519 138.9488 
  0.06738587 138.9488 
  0.1383767 138.9488 
  0.2292245 138.9488 
  -0.07947163 138.9488 
  -0.08618012 138.9488 
  -0.1423985 138.9488 
  0.06504533 138.9488 
  -0.004593158 138.9488 
  0.7164411 140.3417 
  0.8986073 138.9488 
  0.9532275 139.6435 
  0.9864758 139.6435 
  0.9474205 138.9488 
  0.9143142 135.5266 
  0.8881596 132.1886 
  0.8119087 128.2915 
  0.3108537 128.2915 
  -0.05367118 131.531 
  -0.01971157 134.8523 
  0.09528131 137.5696 
  0.05263757 141.0434 
  0.03137651 144.605 
  0.1025522 148.2564 
  0.1241229 151.2439 
  0.02696783 154.2915 
  0.8030573 158.1876 
  0.7423396 152.7601 
  0.7686461 148.9977 
  0.9205663 146.0546 
  0.9705176 143.8855 
  0.9768625 143.1697 
  0.9280562 143.8855 
  0.9454213 146.7849 
  0.9507227 148.9977 
  0.9183923 149.7427 
  0.8783536 149.7427 
  0.9010165 146.7849 
  0.1103555 148.9977 
  -0.07017532 151.2439 
  0.141452 153.5239 
  0.123354 155.8383 
  0.03524751 158.1876 
  0.05955558 161.3751 
  0.01819267 165.4501 
  0.1734967 167.9442 
  0.05884051 169.6279 
  -0.006530634 171.3284 
  0.03911139 172.185 
  0.05769822 172.185 
  0.1519028 171.3284 
  0.7986655 167.1087 
  0.8967054 166.2773 
  0.9857804 164.6269 
  0.9833077 163.8079 
  0.9816504 162.182 
  0.9779032 159.7734 
  0.9916283 158.1876 
  0.9851189 156.6175 
  0.9316659 155.8383 
  0.886382 152.7601 
  0.7444167 148.9977 
  0.9374555 148.9977 
  0.9117255 146.7849 
  0.584438 145.328 
  0.05673738 144.605 
  -0.08957997 144.605 
  -0.06036417 144.605 
  -0.1203502 144.605 
  -0.02261064 144.605 
  -0.05598819 144.605 
  0.334506 144.605 
  -0.08469905 145.328 
  -0.04528907 146.0546 
  0.08918038 146.7849 
  0.3777879 147.5188 
  0.8606459 145.328 
  0.9249743 143.8855 
  0.9827988 143.1697 
  0.9804884 143.1697 
  0.9765594 141.7487 
  0.958803 141.0434 
  0.9644583 139.6435 
  0.960887 137.5696 
  0.9587563 136.8852 
  0.9535471 135.5266 
  0.9731577 134.8523 
  0.9678172 133.5138 
  0.9587618 132.8496 
  0.9779062 131.531 
  0.981514 130.2255 
  0.9635502 129.5776 
  0.960523 128.2915 
  0.906878 127.0181 
  0.8341601 125.7574 
  0.9334729 123.8897 
  0.9663836 123.2734 
  0.9790109 122.0498 
  0.9646494 120.8384 
  0.8354529 120.8384 
  0.5578094 121.4426 
  -0.08242901 122.6601 
  0.06548715 124.5092 
  0.1456407 126.3862 
  -0.09123738 128.2915 
  0.3897615 128.2915 
  0.7480261 128.9329 
  0.9305277 127.6532 
  0.9624987 127.6532 
  0.9911398 127.6532 
  0.9716165 128.2915 
  0.9374656 129.5776 
  0.9639412 131.531 
  0.9651994 132.8496 
  0.9843342 133.5138 
  0.9758027 134.1814 
  0.9775847 134.1814 
  0.9854939 133.5138 
  0.9113016 132.1886 
  0.885735 128.9329 
  0.9292895 126.3862 
  0.9205763 124.5092 
  0.9610119 122.0498 
  0.9315434 120.2372 
  0.8515691 118.4515 
  0.9019261 116.1118 
  0.9565781 114.3874 
  0.9922643 113.2521 
  0.9858394 112.6886 
  0.9807951 112.128 
  0.9666465 111.5702 
  0.9628182 110.4628 
  0.9718994 109.9132 
  0.9080714 109.3664 
  0.8502223 108.2809 
  0.8026091 106.6728 
  0.7195413 107.2061 
  0.9525321 107.7421 
  0.982391 108.2809 
  0.9845636 108.2809 
  0.9849292 108.2809 
  0.9859286 107.7421 
  0.9259086 107.7421 
  0.8215599 107.7421 
  0.5588394 108.2809 
  0.1307341 109.3664 
  5.364558e-05 110.4628 
  0.1265393 111.5702 
  -0.1621969 112.6886 
  0.1106619 113.8184 
  -0.04317255 114.9594 
  0.004301688 116.1118 
  -0.07010725 117.2759 
  0.01570795 118.4515 
  0.02095809 119.0438 
  0.02722228 119.0438 
  0.02072496 119.0438 
  -0.0691571 119.0438 
  0.4604456 119.639 
  0.7294832 123.8897 
  0.8175406 123.8897 
  0.9525155 124.5092 
  0.9581981 123.2734 
  0.9821029 122.0498 
  0.9884302 121.4426 
  0.9742378 120.8384 
  0.9630481 120.8384 
  0.9504385 120.2372 
  0.8721999 120.2372 
  0.802534 120.2372 
  0.1532835 120.2372 
  0.04411954 122.6601 
  0.168 125.1317 
  0.1062601 127.6532 
  0.1151347 130.2255 
  0.2293944 132.8496 
  -0.09236494 135.5266 
  0.0004195727 138.2575 
  0.1761704 141.0434 
  0.2226987 143.1697 
  0.003660689 146.0546 
  0.4787153 148.2564 
  0.650461 135.5266 
  0.9111996 134.1814 
  0.9372188 132.1886 
  0.8957009 129.5776 
  0.9481358 127.0181 
  0.9886087 125.7574 
  0.9881265 125.1317 
  0.9361939 124.5092 
  0.9273183 122.6601 
  0.952928 121.4426 
  0.9388486 120.2372 
  0.9612857 119.0438 
  0.8680065 120.2372 
  0.8587468 120.8384 
  0.9226492 120.8384 
  0.9748237 120.2372 
  0.9755403 119.0438 
  0.9848616 118.4515 
  0.9710442 117.8622 
  0.8045873 117.8622 
  0.6009424 117.2759 
  -0.2952725 116.6924 
  -0.1778525 117.8622 
  -0.09706602 119.639 
  0.04549375 120.8384 
  -0.06621616 122.6601 
  -0.0767662 124.5092 
  0.04590873 126.3862 
  0.1386175 127.6532 
  0.256931 128.9329 
  0.1478311 129.5776 
  0.1636865 130.2255 
  -0.01711614 131.531 
  0.02998837 132.8496 
  -0.06824571 133.5138 
  -0.1838969 134.1814 
  0.03869138 134.8523 
  0.1530583 135.5266 
  0.2992434 136.2042 
  -0.03439583 136.8852 
  0.5457948 138.2575 
  0.733263 134.1814 
  0.8725797 131.531 
  0.8580347 127.6532 
  0.7364324 123.8897 
  0.4888938 117.8622 
  0.5578002 111.0151 
  0.6322135 107.2061 
  0.7454944 104.5657 
  0.9760169 102.5003 
  0.8957168 101.9903 
  0.8359395 101.4829 
  0.8677889 99.47836 
  0.7719607 98.98344 
  0.5147207 98.491 
  -0.2770784 98.491 
  0.05880366 98.491 
  -0.02663184 98.491 
  0.05022154 98.491 
  -0.09198733 98.491 
  0.03863162 98.491 
  0.04633996 98.491 
  0.1149616 98.491 
  -0.03521909 98.491 
  -0.1556323 98.491 
  -0.1124048 98.491 
  0.006354314 98.491 
  -0.05803056 98.491 
  -0.06523448 98.491 
  0.08711894 98.491 
  -0.09272414 98.98344 
  0.1582056 99.47836 
  0.0751498 99.47836 
  0.0853235 99.47836 
  0.171249 99.47836 
  0.1025623 99.47836 
  0.1708959 99.47836 
  0.1525304 99.47836 
  0.2486368 99.47836 
  0.2037967 99.47836 
  0.03099497 99.47836 
  -0.124597 99.47836 
  0.1840657 99.47836 
  0.1282132 99.47836 
  -0.02469919 99.47836 
  -0.009838291 99.47836 
  0.04684481 99.47836 
  -0.0328455 99.47836 
  0.05723857 99.47836 
  0.041909 99.47836 
  0.006162499 99.47836 
  -0.1299578 99.47836 
  -0.1297095 99.47836 
  0.02041915 99.47836 
  0.07236603 99.47836 
  0.1782014 99.47836 
  0.1007283 99.47836 
  0.1463104 99.47836 
  -0.04307835 99.47836 
  -0.1625013 99.47836 ]
