 [
  -0.05823274 133.5138 
  0.01657449 133.5138 
  -0.06499314 133.5138 
  -0.1738856 133.5138 
  -0.1037978 133.5138 
  -0.168213 133.5138 
  0.3153165 133.5138 
  0.8446549 133.5138 
  0.6600199 133.5138 
  0.6918054 133.5138 
  0.8500413 133.5138 
  0.1478802 134.1814 
  0.6279728 134.8523 
  0.8625678 134.8523 
  0.9449672 135.5266 
  0.9746091 136.2042 
  0.9581364 137.5696 
  0.9687843 138.9488 
  0.9485692 140.3417 
  0.9502414 141.7487 
  0.9809575 143.1697 
  0.9510598 143.1697 
  0.9263749 141.7487 
  0.9343224 141.7487 
  0.9448482 140.3417 
  0.9469315 137.5696 
  0.8937505 136.2042 
  0.8483127 134.8523 
  0.8155046 132.1886 
  0.8044516 129.5776 
  0.9207667 126.3862 
  0.9796906 124.5092 
  0.9278427 123.2734 
  0.9265904 121.4426 
  0.8827002 120.2372 
  0.8558999 118.4515 
  0.842215 115.5342 
  0.2262223 114.3874 
  0.206076 113.8184 
  0.1627969 113.2521 
  0.04319049 112.6886 
  -0.005196105 112.128 
  0.04516141 112.128 
  -0.1101553 112.128 
  -0.1039408 111.5702 
  0.1320391 111.0151 
  0.1369824 111.0151 
  0.2100554 111.0151 
  0.1326346 111.0151 
  0.1680765 111.5702 
  0.2016696 111.5702 
  0.2508709 111.5702 
  0.2372665 111.5702 
  0.1826499 111.5702 
  0.002605551 111.5702 
  0.119867 112.128 
  0.004450092 112.6886 
  -0.07138699 113.2521 
  -0.1061976 113.8184 
  -0.09823567 114.9594 
  -0.1743798 115.5342 
  0.02876666 116.6924 
  0.1053183 117.8622 
  -0.06078037 119.0438 
  0.2924259 120.2372 
  0.3098497 121.4426 
  0.2766232 122.0498 
  0.2751363 122.6601 
  0.4942243 123.2734 
  0.7431931 125.1317 
  0.9548301 125.1317 
  0.9468473 124.5092 
  0.8655441 122.6601 
  0.8969012 120.8384 
  0.9376012 119.0438 
  0.9657578 117.8622 
  0.9428646 116.6924 
  0.9717186 116.1118 
  0.9633219 114.9594 
  0.9282103 113.8184 
  0.9352342 112.128 
  0.9879441 111.0151 
  0.9844793 110.4628 
  0.9771127 109.9132 
  0.9203916 109.9132 
  0.8591674 108.8223 
  0.6164128 108.2809 
  -0.1938877 109.3664 
  -0.1934691 110.4628 
  -0.1878957 111.5702 
  0.3657477 112.6886 
  0.06662945 113.8184 
  -0.01867221 114.9594 
  -0.04800385 116.6924 
  0.0708731 118.4515 
  0.06997785 119.639 
  0.2920645 120.8384 
  0.3656181 122.0498 
  0.332271 122.6601 
  0.7831582 121.4426 
  0.868929 121.4426 
  0.9570096 120.8384 
  0.9413373 122.0498 
  0.9463888 123.2734 
  0.9859008 124.5092 
  0.9948858 124.5092 
  0.9931085 124.5092 
  0.9565092 123.2734 
  0.8884369 122.0498 
  0.849707 120.2372 
  0.2632017 120.2372 
  -0.06733078 120.8384 
  -0.05246571 121.4426 
  -0.04293919 122.0498 
  -0.01129889 122.6601 
  0.08512811 123.2734 
  0.241261 123.8897 
  0.1700005 124.5092 
  0.1152688 124.5092 
  0.2198574 124.5092 
  0.4794855 124.5092 
  0.1953398 123.2734 
  0.2866369 122.0498 
  0.5205505 120.2372 
  0.916223 119.0438 
  0.925972 117.8622 
  0.8430318 117.2759 
  0.7113781 116.6924 
  0.5523152 116.1118 
  0.3077744 116.1118 
  0.1501234 116.1118 
  -0.01748635 116.6924 
  -0.02236628 117.2759 
  0.1194022 117.8622 
  0.4140927 118.4515 
  0.1973824 119.0438 
  -0.05127778 119.639 
  0.1469094 120.2372 
  -0.154655 120.8384 
  -0.1879973 121.4426 
  -0.1093616 122.0498 
  -0.08707624 122.6601 
  -0.09699634 123.2734 
  0.3058402 123.8897 
  0.2085257 124.5092 
  0.2928813 125.7574 
  0.6223466 124.5092 
  0.7915874 124.5092 
  0.9491349 124.5092 
  0.8961274 124.5092 
  0.8355134 123.2734 
  0.8067058 122.6601 
  0.7905828 123.2734 
  0.801663 123.8897 
  0.6446177 122.6601 
  0.4611606 121.4426 
  0.4344871 120.8384 
  0.4928498 119.0438 
  0.7298129 118.4515 
  0.7290607 118.4515 
  0.5971492 118.4515 
  0.540463 118.4515 
  0.2291787 118.4515 
  -0.05398368 118.4515 
  -0.09052742 118.4515 
  -0.110268 118.4515 
  -0.02509511 118.4515 
  -0.1051129 118.4515 
  0.3309469 118.4515 
  0.4032173 118.4515 
  0.121433 118.4515 
  0.3809319 118.4515 
  0.3800777 118.4515 
  0.1677567 118.4515 
  0.225514 118.4515 ]
