 [
  0.1139194 148.9977 
  -0.07340217 148.9977 
  -0.06037711 148.9977 
  -0.04796015 148.9977 
  -0.1609343 148.9977 
  0.1278148 148.9977 
  -0.02440569 148.9977 
  0.278844 148.9977 
  0.1308748 148.9977 
  -0.122469 148.9977 
  0.2004872 148.9977 
  0.01855072 148.9977 
  0.206795 148.9977 
  0.2484547 148.9977 
  0.06776663 148.9977 
  -0.2626925 148.9977 
  0.01272818 148.9977 
  -0.1476395 148.9977 
  -0.1514706 148.9977 
  0.4929408 148.9977 
  0.05005408 148.9977 
  0.1318427 148.2564 
  0.03563166 147.5188 
  0.494924 146.7849 
  0.6673515 143.1697 
  0.6224553 141.0434 
  0.6845083 134.8523 
  0.8344389 129.5776 
  0.9905003 128.9329 
  0.9970209 127.6532 
  0.9944224 127.0181 
  0.9690441 126.3862 
  0.9236578 126.3862 
  0.8032718 127.0181 
  0.5172296 128.9329 
  0.4843383 130.8766 
  -0.0311215 132.8496 
  -0.06154739 134.8523 
  -0.1324544 136.8852 
  0.01888292 138.9488 
  -0.0827953 141.0434 
  -0.2122251 143.1697 
  -0.3313211 145.328 
  0.4839437 146.7849 
  0.7694867 149.7427 
  0.9111303 154.2915 
  0.9729888 158.1876 
  0.9712987 162.182 
  0.9605095 167.1087 
  0.9680213 171.3284 
  0.9617808 175.6547 
  0.9736963 179.1942 
  0.9780025 183.7191 
  0.988012 186.4887 
  0.9936731 188.3582 
  0.9924575 188.3582 
  0.9877694 188.3582 
  0.9797315 188.3582 
  0.9838865 188.3582 
  0.976554 189.3 
  0.9725349 189.3 
  0.9801001 189.3 
  0.9860434 188.3582 
  0.9776427 186.4887 
  0.9415061 182.8051 
  0.9373038 178.3027 
  0.9090466 174.7808 
  0.9232172 173.046 
  0.9722195 172.185 
  0.986429 170.476 
  0.9942688 168.784 
  0.9849611 166.2773 
  0.9849662 164.6269 
  0.9686294 162.182 
  0.9321938 159.7734 
  0.8866163 158.1876 
  0.774825 158.1876 
  0.385281 158.1876 
  0.659631 158.1876 
  0.5953348 148.2564 
  0.8193128 145.328 
  0.9184283 144.605 
  0.9006491 141.0434 
  0.7376189 140.3417 
  -0.1481191 141.7487 
  -0.01365198 143.8855 
  -0.02392048 146.0546 
  0.03894152 148.2564 
  0.04398394 150.4914 
  0.1559599 152.7601 
  0.3687638 155.063 
  0.1660415 157.4006 
  0.7859595 157.4006 
  0.8584464 156.6175 
  0.9249712 154.2915 
  0.9089894 151.2439 
  0.9503068 148.9977 
  0.9785914 147.5188 
  0.9891059 146.0546 
  0.9884509 145.328 
  0.993668 144.605 
  0.988632 143.1697 
  0.9942373 142.4574 
  0.9956976 141.7487 
  0.9897622 140.3417 
  0.9802109 139.6435 
  0.9784567 138.2575 
  0.9912331 137.5696 
  0.9919022 136.8852 
  0.9890416 136.2042 
  0.9742242 134.8523 
  0.9127267 134.1814 
  0.8123083 134.1814 
  0.6619322 135.5266 
  0.5287092 137.5696 
  0.0742054 139.6435 
  -0.1154721 141.7487 
  0.134371 143.1697 
  0.0690756 146.0546 
  0.01741514 150.4914 
  0.5243455 155.063 
  0.7910277 152.0001 
  0.9019988 148.9977 
  0.9522786 146.0546 
  0.9234351 142.4574 
  0.8213565 137.5696 
  0.8907162 134.8523 
  0.9734147 132.1886 
  0.9483687 130.2255 
  0.9669854 128.2915 
  0.9854496 127.0181 
  0.9839507 125.7574 
  0.9783025 124.5092 
  0.9484508 123.2734 
  0.9274017 121.4426 
  0.8683867 119.0438 
  0.6217478 115.5342 
  0.7795149 112.6886 
  0.9145756 111.5702 
  0.8219271 110.4628 
  0.5496995 107.2061 
  0.6405408 105.0885 
  0.6290311 104.5657 
  0.7120366 103.5278 
  0.9019436 104.5657 
  0.967836 104.0455 
  0.7694589 103.0128 
  0.3196091 101.9903 
  0.09714311 95.11173 
  0.5522321 93.23304 
  0.7723329 91.39146 
  0.1896163 90.93677 
  0.3406231 86.0821 
  0.4519075 86.94508 
  0.2342376 89.14054 
  0.3812519 93.6992 
  0.4068853 94.63854 
  0.2054137 95.5873 
  0.2592606 98.491 
  0.4730012 99.97575 
  0.1983601 100.978 
  0.02312111 101.9903 
  0.009875618 103.0128 
  0.08432937 104.0455 
  0.009360254 105.0885 
  0.1826527 106.142 
  0.2123776 107.2061 
  0.1947883 108.2809 
  0.0866274 109.3664 
  -0.240691 111.0151 
  -0.04527716 112.6886 
  0.03371079 114.3874 
  -0.1091259 116.1118 
  -0.2138332 117.8622 
  -0.05511968 119.639 
  -0.3442068 121.4426 
  -0.281511 123.2734 
  0.3180357 124.5092 
  0.2697868 125.1317 
  0.6288283 125.7574 
  0.7487602 127.6532 
  0.9046682 128.2915 
  0.9536761 130.2255 
  0.9643331 132.8496 
  0.9421091 135.5266 
  0.9174237 139.6435 
  0.9440513 144.605 
  0.9655169 148.9977 
  0.9576362 152.7601 
  0.9535945 155.8383 
  0.9142073 158.1876 
  0.8838766 158.9785 
  0.698551 158.9785 
  0.07467238 158.9785 
  0.006328415 158.9785 
  0.06655389 158.9785 
  -0.1023367 158.9785 
  -0.122129 158.9785 
  -0.2086296 158.9785 
  -0.2537028 158.9785 
  0.021717 158.9785 
  0.1012131 158.9785 
  0.1466725 158.9785 
  -0.1646513 158.9785 
  0.06992936 158.9785 
  0.05572166 158.9785 
  0.1618156 158.9785 
  0.6062378 158.9785 
  0.8173234 159.7734 
  0.9487216 158.9785 
  0.9407349 158.9785 
  0.9127354 158.1876 
  0.4216603 157.4006 
  0.0351035 156.6175 
  0.1530619 155.063 
  0.003379152 154.2915 
  0.03398814 153.5239 
  0.07058187 152.7601 
  -0.1671926 152.0001 
  -0.08039984 151.2439 
  0.1423957 151.2439 
  0.3043045 151.2439 
  0.2798082 151.2439 
  0.01961617 151.2439 
  0.08256678 150.4914 
  0.3418118 149.7427 
  0.6555223 149.7427 
  0.8897326 148.2564 
  0.9853723 146.7849 
  0.9940648 146.0546 
  0.9964744 146.0546 
  0.9959387 146.0546 
  0.9825267 145.328 
  0.9361013 143.1697 
  0.8861386 141.0434 
  0.7063306 139.6435 
  0.3872939 139.6435 
  0.02075598 139.6435 
  0.7391658 138.9488 
  0.8971007 138.2575 
  0.9473149 136.8852 
  0.9617542 135.5266 
  0.9440624 134.1814 
  0.9663167 132.1886 
  0.9951439 131.531 
  0.9980803 130.8766 
  0.9991175 130.2255 
  0.9960938 129.5776 
  0.9868109 128.2915 
  0.9892949 126.3862 
  0.9889916 125.1317 
  0.9836824 123.8897 
  0.9734814 122.6601 
  0.9275433 122.6601 
  0.658084 124.5092 
  0.215118 127.6532 
  0.5891662 131.531 
  0.5429178 120.8384 
  0.7635592 120.8384 
  0.9280645 120.2372 
  0.8502808 119.0438 
  0.8842645 117.8622 
  0.9489505 115.5342 
  0.95135 115.5342 
  0.9815207 114.3874 
  0.986675 114.3874 
  0.9880829 113.8184 
  0.8800714 112.6886 
  0.8845509 111.0151 
  0.9352313 109.9132 
  0.9477385 110.4628 
  0.9707548 109.9132 
  0.96434 109.9132 
  0.9791896 110.4628 
  0.9868307 110.4628 
  0.9604646 109.9132 
  0.8699225 108.8223 
  0.7593352 107.7421 
  0.1235417 105.614 
  0.8891503 104.5657 
  0.9247093 103.5278 
  0.7751967 102.5003 
  0.3758751 101.4829 
  0.1024196 100.4756 
  0.3268416 98.98344 
  0.4934407 98.491 
  0.3046932 105.0885 
  0.6916928 104.5657 
  0.7241897 105.0885 
  0.8434477 106.142 
  0.8197621 105.614 
  0.8975556 104.5657 
  0.9543037 104.0455 
  0.9649603 103.5278 
  0.8810976 102.5003 
  0.8802046 101.9903 
  0.7944455 100.978 
  0.5925134 101.9903 
  0.3911571 122.6601 
  0.4220289 122.6601 
  0.5599098 122.0498 
  0.1275724 122.6601 
  0.2589614 121.4426 
  -0.0139466 119.639 
  0.03603671 117.8622 
  -0.2503659 116.1118 
  0.2774475 113.8184 
  0.7197802 112.6886 
  0.8714771 112.128 
  0.9149877 112.6886 
  0.9853665 113.8184 
  0.9931509 114.9594 
  0.9423256 116.6924 
  0.8494134 120.8384 
  0.9303237 125.1317 
  0.9298006 127.6532 
  0.908604 130.2255 
  0.8935066 134.8523 
  0.9235647 138.2575 
  0.9752038 140.3417 
  0.991616 141.0434 
  0.9896865 141.7487 
  0.9877132 142.4574 
  0.985884 143.8855 
  0.9869102 143.8855 
  0.9548165 143.1697 
  0.9142997 140.3417 
  0.7967135 136.2042 
  0.81125 132.1886 
  0.8967516 129.5776 
  0.8738115 127.0181 
  0.919687 125.1317 
  0.9577285 124.5092 
  0.9677686 124.5092 
  0.9579918 123.8897 
  0.9030153 123.8897 
  0.8915632 123.2734 
  0.9076177 124.5092 
  0.883435 124.5092 
  0.8953986 125.7574 
  0.8317756 125.7574 
  0.7831934 125.7574 
  0.09453613 126.3862 
  0.0988849 127.6532 
  -0.1535072 128.9329 
  -0.07906286 129.5776 
  -0.08932535 130.2255 
  -0.08921787 130.8766 
  0.07337371 131.531 
  0.08900448 132.1886 
  0.03957991 132.8496 
  0.001530141 133.5138 
  -0.1963319 134.1814 
  -0.1140675 134.8523 
  -0.006787965 135.5266 
  0.6679997 136.8852 
  0.8346537 134.1814 
  0.9241087 132.1886 
  0.9176928 130.8766 
  0.8899477 127.6532 
  0.8783854 123.8897 
  0.8968591 121.4426 
  0.900596 119.0438 
  0.9432296 116.6924 
  0.9044807 114.3874 
  0.9630221 112.128 
  0.9390116 110.4628 
  0.9162368 109.9132 
  0.8256089 111.0151 
  0.7627259 114.9594 
  0.817023 112.6886 
  0.8788457 113.2521 
  0.9429085 112.6886 
  0.9327042 112.6886 
  0.8847728 111.5702 
  0.8816883 110.4628 
  0.8944777 109.3664 
  0.9522966 108.8223 
  0.9844609 108.2809 
  0.9845392 108.2809 
  0.9752565 107.7421 
  0.9666567 107.2061 
  0.947153 106.142 
  0.9385437 105.0885 
  0.9780449 104.5657 
  0.7943638 103.0128 
  0.8641918 101.9903 
  0.8632792 101.9903 
  0.5177794 102.5003 
  0.2337284 113.2521 
  0.4914359 112.128 
  0.2350009 117.8622 
  0.3521953 121.4426 
  0.2290487 128.2915 
  0.2048169 128.9329 
  0.2595433 125.7574 
  0.212843 124.5092 
  0.3248391 118.4515 
  0.4676729 119.0438 
  0.3039113 117.2759 
  0.1827492 117.2759 
  0.1863538 117.8622 
  0.1728368 117.8622 
  -0.2177278 117.8622 
  0.2060609 117.8622 
  0.4588633 117.8622 
  0.5647405 117.8622 
  0.4309876 117.8622 
  0.2710126 117.8622 
  0.2298133 117.8622 
  0.2099774 117.8622 
  0.02336018 117.8622 
  0.01828241 117.8622 
  -0.008726901 117.8622 
  0.008259375 117.8622 
  -0.0898471 117.8622 
  -0.1301324 117.8622 
  -0.3487028 117.8622 
  -0.1306647 117.8622 
  0.09963387 117.8622 
  -0.0495772 117.8622 
  -0.1182351 117.8622 
  -0.09823905 117.8622 
  -0.02774194 117.8622 
  0.08989523 117.8622 
  -0.1206267 117.8622 
  -0.2740326 117.8622 
  -0.2867392 117.8622 
  -0.01842788 117.8622 
  0.07213876 117.8622 
  0.2940388 117.8622 
  0.2684244 117.8622 
  0.420803 117.8622 
  -0.05242139 117.8622 
  0.2154911 117.8622 
  0.378024 117.8622 
  0.2717416 117.8622 
  0.0172818 117.8622 
  -0.09297889 117.8622 ]
