 [
  0.1403056 153.5239 
  0.1831861 153.5239 
  0.2334663 153.5239 
  0.04785788 153.5239 
  -0.07879782 153.5239 
  0.1426093 153.5239 
  0.1392277 153.5239 
  -0.03249195 153.5239 
  0.03258519 153.5239 
  0.03914127 153.5239 
  0.07157314 153.5239 
  0.1568222 153.5239 
  0.2239454 153.5239 
  0.2159154 153.5239 
  -0.1628318 153.5239 
  -0.2691023 153.5239 
  -0.07107344 153.5239 
  0.1941653 153.5239 
  0.2280385 153.5239 
  0.1071586 153.5239 
  -0.06477102 153.5239 
  -0.3058225 153.5239 
  -0.3854249 153.5239 
  -0.3036062 153.5239 
  0.07169513 153.5239 
  0.355524 153.5239 
  -0.1252371 153.5239 
  -0.02008588 153.5239 
  -0.03040051 153.5239 
  -0.02780222 153.5239 
  -0.02126427 153.5239 
  -0.07012306 153.5239 
  -0.09854688 153.5239 
  -0.03509648 153.5239 
  0.09136502 153.5239 
  0.2336176 153.5239 
  0.2416944 154.2915 
  0.3121387 155.063 
  0.1868869 155.8383 
  0.6307664 156.6175 
  0.8229082 152.7601 
  0.9249474 151.2439 
  0.9236569 149.7427 
  0.9430948 148.9977 
  0.9717093 148.2564 
  0.9857541 148.9977 
  0.9808733 150.4914 
  0.9670709 152.0001 
  0.970613 153.5239 
  0.9942686 154.2915 
  0.9900769 155.063 
  0.9636436 154.2915 
  0.9572068 152.7601 
  0.9097183 151.2439 
  0.7620801 153.5239 
  0.7849469 158.1876 
  0.5369072 155.063 
  -0.2367085 151.2439 
  -0.02536917 147.5188 
  0.1244301 143.8855 
  0.09765354 141.0434 
  0.2680378 138.2575 
  0.1646879 135.5266 
  0.02691082 132.8496 
  0.4813075 130.2255 
  0.730445 132.1886 
  0.7091622 129.5776 
  0.7570937 125.7574 
  0.7961519 121.4426 
  0.667972 114.9594 
  -0.2975136 116.1118 
  -0.03427219 117.2759 
  0.001814474 118.4515 
  0.198007 120.2372 
  0.3066852 121.4426 
  0.08232066 123.2734 
  -0.02282222 124.5092 
  0.01107312 125.7574 
  0.2498339 126.3862 
  -0.1066476 128.2915 
  -0.1979717 130.2255 
  0.1704486 132.1886 
  0.1640364 134.1814 
  0.01863478 136.2042 
  0.01009906 138.2575 
  -0.132231 140.3417 
  0.3009941 141.7487 
  0.2128044 143.8855 
  0.658932 139.6435 
  0.7764447 137.5696 
  0.8908 136.2042 
  0.9220532 135.5266 
  0.9324448 135.5266 
  0.9254892 135.5266 
  0.906154 135.5266 
  0.7669181 136.2042 
  0.5941786 136.2042 
  -0.319611 136.2042 
  0.2018109 136.8852 
  -0.3636666 137.5696 
  -0.3433231 138.2575 
  -0.06599666 138.9488 
  0.0114885 138.9488 
  0.01381612 138.2575 
  0.6827121 136.8852 
  0.7937459 132.8496 
  0.796687 128.2915 
  0.7604667 125.1317 
  0.4643658 122.0498 
  0.2006413 117.2759 
  0.4251369 105.0885 
  0.6292889 98.98344 
  0.7022955 100.978 
  0.1548291 101.9903 
  0.005590488 103.0128 
  0.1209663 104.0455 
  0.1073143 105.0885 
  0.1951596 106.142 
  0.6175352 106.142 
  0.8179733 106.6728 
  0.8834218 107.2061 
  0.8510147 105.614 
  0.9222221 104.5657 
  0.933575 104.0455 
  0.9211502 104.0455 
  0.9474912 104.0455 
  0.9590287 104.0455 
  0.9354554 103.0128 
  0.9289379 101.4829 
  0.9431111 100.4756 
  0.9419242 101.4829 
  0.9732694 103.0128 
  0.9683069 103.0128 
  0.9478033 102.5003 
  0.9570231 100.978 
  0.9182585 99.97575 
  0.8341867 98.491 
  0.8254469 97.02828 
  0.8318271 95.5873 
  0.2199877 96.06523 
  0.03359383 97.51342 
  0.05418942 98.491 
  0.1169951 99.47836 
  0.1550142 99.97575 
  0.2444652 99.97575 
  0.1146631 100.4756 
  0.1043363 101.4829 
  0.1921816 103.5278 
  0.005560074 105.0885 
  0.1265454 106.6728 
  0.2719125 107.7421 
  0.1476074 108.8223 
  0.02307833 110.4628 
  -0.0809126 111.5702 
  0.3509494 113.2521 
  0.533451 121.4426 
  0.6098402 118.4515 
  0.7685796 116.1118 
  0.9814175 113.8184 
  0.9890848 113.8184 
  0.9853729 114.3874 
  0.9812977 114.9594 
  0.9884778 114.9594 
  0.9807132 114.9594 
  0.970575 114.9594 
  0.9579226 114.9594 
  0.9570094 114.9594 
  0.9381362 115.5342 
  0.9466357 116.6924 
  0.982244 117.8622 
  0.9824869 117.8622 
  0.8739979 117.8622 
  0.7668397 116.6924 
  0.6306192 111.5702 
  0.6965252 109.9132 
  0.8552333 108.2809 
  0.06917997 106.6728 
  -0.03182116 105.0885 
  0.02479915 103.5278 
  0.09932365 102.5003 
  0.1577685 102.5003 
  0.2158503 103.5278 
  0.2201037 104.5657 
  0.171683 106.142 
  0.1276635 107.2061 
  0.2252221 107.2061 
  0.08660764 107.2061 
  0.2257451 107.2061 
  0.4575612 107.2061 
  0.793509 107.2061 
  0.8914435 106.6728 
  0.9280027 106.142 
  0.9622772 105.614 
  0.9786279 105.0885 
  0.9575212 104.5657 
  0.6343929 104.5657 
  0.5372396 105.614 
  0.8138142 107.2061 
  0.9503209 107.7421 
  0.9879625 108.2809 
  0.9902135 108.8223 
  0.9905656 109.3664 
  0.9947507 109.3664 
  0.9912513 109.3664 
  0.9863756 108.8223 
  0.9675447 108.2809 
  0.9401007 108.2809 
  0.9146409 107.7421 
  0.9051926 107.7421 
  0.8859062 105.0885 
  0.8316012 103.5278 
  0.4807057 103.5278 
  0.05671475 104.0455 
  0.1597573 104.5657 
  0.1477031 105.614 
  0.04329287 106.6728 
  0.05465872 107.7421 
  0.07515361 108.8223 
  0.4628431 109.9132 
  0.8872529 109.9132 
  0.9654828 109.3664 
  0.9665717 108.8223 
  0.972201 108.2809 
  0.9659038 107.7421 
  0.9710428 107.2061 
  0.9757141 107.2061 
  0.9605747 107.7421 
  0.9330866 107.2061 
  0.9031627 106.6728 
  0.9330391 106.142 
  0.9622189 105.0885 
  0.9661792 104.5657 
  0.9360607 103.5278 
  0.8298708 102.5003 
  0.7306861 100.978 
  -0.1382687 100.4756 
  0.02045955 101.4829 
  0.407872 102.5003 
  0.2976823 104.0455 
  0.1293128 105.614 
  -0.0251443 107.2061 
  -0.003527795 108.8223 
  -0.002310293 110.4628 
  0.1212212 112.128 
  -0.23204 113.8184 
  -0.109109 115.5342 
  0.08826128 117.2759 
  0.1213314 119.0438 
  0.1408143 119.639 
  0.1508629 119.639 
  0.6385024 118.4515 
  0.644089 115.5342 
  0.6632179 112.6886 
  0.7683771 108.2809 
  0.7670195 103.5278 
  0.534839 97.51342 
  0.4929949 91.39146 
  0.811389 89.14054 
  0.7457063 90.03418 
  0.7886963 92.7692 
  0.8351541 96.06523 
  0.902788 98.491 
  0.9165083 100.4756 
  0.8529693 101.9903 
  0.7584077 102.5003 
  0.530742 101.9903 
  0.9280692 101.9903 
  0.9723808 101.4829 
  0.9408563 101.4829 
  0.8258225 101.4829 
  0.6316622 101.4829 
  0.2006028 101.4829 
  0.01265139 101.4829 
  -0.1070684 101.9903 
  0.07277055 102.5003 
  0.2984246 103.0128 
  0.3435681 103.5278 
  0.7273149 104.0455 
  0.9055102 104.5657 
  0.965872 104.5657 
  0.9670925 103.5278 
  0.8838135 102.5003 
  0.8576856 100.978 
  0.4085353 99.97575 
  0.8788933 99.47836 
  0.9536917 98.491 
  0.8818412 98.00098 
  0.6060722 97.51342 
  0.8460699 97.02828 
  0.9531384 97.02828 
  0.9833564 97.51342 
  0.9767544 98.00098 
  0.9741313 98.491 
  0.9676499 98.98344 
  0.9702482 98.98344 
  0.9727421 98.491 
  0.9820262 98.491 
  0.9888334 98.00098 
  0.980241 97.51342 
  0.9829749 97.02828 
  0.9805113 96.54556 
  0.9656297 96.06523 
  0.9356138 95.5873 
  0.893378 95.11173 
  0.8600406 94.1677 
  0.7938948 93.23304 
  0.4968514 92.7692 
  -0.08253144 92.7692 
  -0.1189032 92.7692 
  -0.00866646 92.7692 
  0.1348989 92.7692 
  0.3159533 92.7692 
  0.3418609 92.7692 
  0.3334916 93.23304 
  -0.1240701 94.63854 
  0.2518314 96.54556 
  0.5913239 97.51342 
  0.9422645 97.51342 
  0.9512264 98.00098 
  0.9102048 98.98344 
  0.9133586 99.97575 
  0.9045173 101.4829 
  0.9027852 102.5003 
  0.9267322 103.5278 
  0.9493392 104.5657 
  0.9661847 105.0885 
  0.9851227 105.0885 
  0.9914117 105.0885 
  0.9872271 105.0885 
  0.9861706 104.5657 
  0.9681037 105.0885 
  0.9399121 106.142 
  0.9425323 107.2061 
  0.9601406 107.7421 
  0.9657049 108.2809 
  0.9446815 107.7421 
  0.9204404 106.6728 
  0.9117815 105.0885 
  0.9069966 103.5278 
  0.8783512 102.5003 
  0.6215821 102.5003 
  0.07667251 103.5278 
  -0.2099283 105.0885 
  -0.02030667 106.142 
  -0.04297192 107.2061 
  0.2408789 108.2809 
  0.1198236 108.8223 
  0.1172001 109.3664 
  0.03662369 110.4628 
  0.6425316 110.4628 
  0.7560297 107.2061 
  0.9156675 104.5657 
  0.9363198 101.9903 
  0.9629269 99.97575 
  0.976523 98.00098 
  0.9737416 96.54556 
  0.9873117 95.5873 
  0.9677631 94.63854 
  0.9466004 93.6992 
  0.9217058 92.7692 
  0.9127074 92.30766 
  0.8866317 93.6992 
  0.8266737 96.54556 
  0.8523728 98.98344 
  0.8847465 99.97575 
  0.9338129 100.4756 
  0.8878242 100.978 
  0.9200074 101.9903 
  0.9740225 103.0128 
  0.9632654 102.5003 
  0.8307179 102.5003 
  0.7778785 100.4756 
  0.8003818 97.51342 
  0.2767629 97.02828 
  0.1464611 96.54556 
  0.3075175 96.06523 
  0.1637724 96.06523 
  0.1537016 95.5873 
  0.05466927 95.11173 
  0.05171534 94.63854 
  0.0705929 94.1677 
  0.1394241 93.6992 
  -0.1180442 93.23304 
  -0.07196759 92.7692 
  -0.05692334 92.30766 
  -0.004077563 91.84841 
  0.1689895 91.39146 
  -0.09310937 90.93677 
  -0.1386597 90.48434 
  0.003606549 90.03418 
  0.07732364 89.58624 
  0.1479003 89.14054 
  0.08003265 88.25578 
  0.04390173 87.3798 
  0.02994744 86.51251 
  0.01144797 85.65383 
  0.59969 85.2277 
  0.5160376 84.80367 
  0.5458078 84.38177 
  0.7444359 83.96195 
  0.8919155 83.54424 
  0.4057039 83.12859 
  0.6409367 82.3035 
  0.7904992 82.3035 
  0.9060422 82.3035 
  0.879203 81.89403 
  0.1802118 79.47963 
  0.2853543 76.75266 
  0.07109422 75.2366 
  0.102894 74.86229 
  0.1222409 75.2366 
  0.4931222 75.2366 
  0.08710541 75.2366 
  0.05168317 75.2366 
  0.08834068 75.2366 
  0.1413708 75.2366 
  -0.1034758 75.2366 
  -0.03947078 75.2366 
  0.1167565 75.2366 
  0.2029745 75.2366 
  -0.008656468 75.2366 
  -0.1263287 75.2366 
  -0.2501668 75.2366 
  -0.1123314 75.2366 
  0.2882667 75.2366 
  0.1628731 75.2366 
  0.2194472 75.2366 
  0.03309811 75.61279 
  0.1034748 75.99085 
  0.1733254 75.99085 
  0.1023594 76.3708 
  0.0220206 76.75266 
  0.1031031 76.75266 
  0.1445402 76.75266 
  0.1730282 76.75266 
  0.02752339 76.75266 
  -0.1186676 76.75266 
  0.08586079 76.75266 
  0.01129041 76.75266 
  0.1162144 76.75266 
  0.1935108 76.75266 
  -0.08967339 76.75266 
  -0.09339181 76.75266 
  0.1348903 76.75266 
  0.15399 76.75266 
  0.03281251 76.75266 
  -0.2734003 76.75266 
  -0.0881007 76.75266 
  -0.02296586 76.75266 
  0.0659334 76.75266 
  -0.2174332 76.75266 
  -0.05220738 76.75266 
  -0.3801943 76.75266 
  -0.2098658 76.75266 
  -0.1354462 76.75266 
  -0.07289161 76.75266 
  -0.07488523 76.75266 
  0.0451928 76.75266 
  0.1204778 76.75266 
  0.01934783 76.75266 
  0.01666903 76.75266 
  -0.03756483 76.75266 
  -0.02370411 76.75266 
  -0.09206504 76.75266 
  -0.08298549 76.75266 
  -0.1121119 76.75266 
  -0.05123582 76.75266 
  0.03644767 76.75266 
  0.152193 76.75266 
  0.1851045 76.75266 
  0.04775627 76.75266 
  -0.03270651 76.75266 
  -0.05693187 76.75266 
  -0.1770037 76.75266 
  -0.2129534 76.75266 ]
