 [
  0.03445544 98.00098 
  0.04393632 98.00098 
  -0.0409122 98.00098 
  0.1574596 98.00098 
  0.2093996 98.00098 
  0.112401 98.00098 
  -0.001981863 98.00098 
  -0.06557482 98.00098 
  -0.1699594 98.00098 
  -0.2043179 98.00098 
  -0.3747861 98.00098 
  -0.00682356 98.00098 
  0.1998669 98.00098 
  0.2328126 98.00098 
  0.3251269 98.00098 
  0.2060234 98.00098 
  -0.008196328 98.491 
  0.01564788 98.98344 
  0.174381 99.47836 
  -0.2379263 99.97575 
  0.2432057 104.5657 
  0.4159409 108.2809 
  0.8571725 108.8223 
  0.943738 109.3664 
  0.8767224 107.7421 
  0.8852848 104.5657 
  0.9566078 103.0128 
  0.9900571 102.5003 
  0.9963703 101.9903 
  0.9991284 101.4829 
  0.9994063 101.4829 
  0.955518 101.9903 
  0.6689848 105.0885 
  0.8238224 107.2061 
  0.9219268 107.7421 
  0.9638833 108.8223 
  0.9420149 109.3664 
  0.8999221 111.0151 
  0.9755781 112.128 
  0.9397606 113.2521 
  0.8746898 113.8184 
  0.8470461 114.9594 
  0.614601 117.8622 
  0.6782511 118.4515 
  0.7298352 119.0438 
  0.8953136 119.0438 
  0.9817284 120.8384 
  0.9543872 120.8384 
  0.9808082 122.6601 
  0.9891485 123.8897 
  0.9858005 124.5092 
  0.9894288 125.1317 
  0.973416 124.5092 
  0.9707413 123.8897 
  0.9564271 123.8897 
  0.9736437 125.7574 
  0.9730631 127.0181 
  0.9603361 127.0181 
  0.9236376 126.3862 
  0.8796076 125.1317 
  0.7697216 123.8897 
  0.6712028 121.4426 
  0.7360309 119.0438 
  0.6171576 114.3874 
  0.4937551 108.2809 
  0.9187206 105.614 
  0.8124533 103.5278 
  0.8717408 101.4829 
  0.6828799 99.47836 
  0.7547233 96.54556 
  0.4561175 94.63854 
  0.3170612 94.1677 
  0.5786873 94.1677 
  0.4125443 94.1677 
  0.05201304 94.1677 
  0.01820327 94.1677 
  -0.1698527 94.1677 
  -0.4807289 94.1677 
  -0.6159464 94.1677 
  -0.6854896 93.6992 
  -0.4352142 93.23304 
  -0.02893172 92.7692 
  0.303404 92.7692 
  0.3957487 100.978 
  0.4051405 104.0455 
  0.6330355 105.0885 
  0.9807642 106.142 
  0.9852476 106.142 
  0.9879277 106.142 
  0.981565 106.142 
  0.9351668 106.6728 
  0.9473147 107.7421 
  0.9738954 107.7421 
  0.9560794 107.7421 
  0.922591 107.2061 
  0.8690453 107.2061 
  0.7418939 107.2061 
  0.6118552 106.6728 
  0.5610702 106.142 
  0.3392872 104.5657 
  0.9308119 104.0455 
  0.8792357 103.5278 
  0.7794781 103.0128 
  0.5978128 103.0128 
  0.3325749 103.5278 
  0.08120938 104.0455 
  -0.225483 104.5657 
  -0.05129431 105.0885 
  -0.0656515 106.142 
  0.06070429 107.2061 
  0.253953 108.2809 
  0.7844468 108.8223 
  0.8369731 109.3664 
  0.6958476 108.8223 
  0.7194433 107.7421 
  0.8361431 106.6728 
  0.8351011 106.6728 
  0.9036306 105.0885 
  0.930443 104.5657 
  0.9229431 103.5278 
  0.9744606 103.0128 
  0.9341285 102.5003 
  0.9040063 102.5003 
  0.913912 102.5003 
  0.9369213 104.0455 
  0.8992873 105.0885 
  0.9025201 106.142 
  0.7993794 106.6728 
  0.6576725 107.2061 
  0.8615377 109.3664 
  0.913789 108.8223 
  0.5231815 105.614 
  0.6376644 102.5003 
  0.9486841 101.4829 
  0.9646283 100.4756 
  0.9157242 99.47836 
  0.8208594 98.98344 
  0.7647206 99.47836 
  0.9308823 99.97575 
  0.995097 99.47836 
  0.9930362 99.47836 
  0.9718708 98.98344 
  0.938464 97.51342 
  0.9235206 96.06523 
  0.8587006 96.06523 
  0.7559041 97.02828 
  0.4447164 98.491 
  0.3844954 100.4756 
  0.3003113 102.5003 
  -0.01295579 105.0885 
  0.8025152 109.9132 
  0.9179622 109.3664 
  0.9559955 108.8223 
  0.9174787 107.2061 
  0.9157469 106.142 
  0.8497517 104.0455 
  0.778096 101.9903 
  0.7845423 98.00098 
  0.2442429 98.491 
  0.09563791 99.47836 
  0.1279721 100.4756 
  0.1170902 100.978 
  0.2350651 101.9903 
  0.3893609 103.0128 
  0.4381171 101.4829 
  0.7034405 99.47836 
  0.9195886 99.47836 
  0.8395706 101.4829 
  0.8675051 103.5278 
  0.801126 104.0455 
  0.8542122 104.5657 
  0.8538303 105.0885 
  0.9300451 105.0885 
  0.9576057 104.5657 
  0.981985 104.0455 
  0.9718617 103.5278 
  0.9552885 102.5003 
  0.9394106 100.978 
  0.9446484 99.97575 
  0.9316269 99.47836 
  0.9447488 99.47836 
  0.913475 99.97575 
  0.9641514 100.978 
  0.959841 101.9903 
  0.9023369 102.5003 
  0.6424585 102.5003 
  0.3248601 102.5003 
  0.1660112 102.5003 
  0.2746495 102.5003 
  0.05455781 102.5003 
  0.05779545 102.5003 
  -0.2014905 102.5003 
  -0.2697287 102.5003 
  -0.1987972 102.5003 
  -0.04685918 102.5003 
  0.08144902 102.5003 
  -0.03566217 102.5003 
  -0.2507265 102.5003 
  -0.1890445 102.5003 
  -0.15183 102.5003 
  -0.3659981 102.5003 
  -0.1706407 102.5003 
  -0.08826257 102.5003 
  -0.2155641 102.5003 
  -0.07677726 102.5003 
  -0.09152407 102.5003 
  0.03944125 102.5003 
  -0.03634508 102.5003 
  0.05363905 102.5003 
  -0.01968542 102.5003 ]
