 [
  0.2591407 132.8496 
  0.05315175 132.8496 
  0.08676143 132.8496 
  0.2709042 132.8496 
  -0.1884325 132.8496 
  0.03714307 132.8496 
  -0.01423393 132.8496 
  -0.0001527546 132.8496 
  -0.02163681 132.8496 
  -0.03341802 132.8496 
  0.0100645 132.8496 
  0.3018324 132.8496 
  0.4213831 132.8496 
  0.2195068 132.8496 
  0.1392271 132.1886 
  0.2430867 130.8766 
  0.4997931 127.6532 
  0.6952079 123.8897 
  0.8689659 122.0498 
  0.8991497 120.8384 
  0.7425932 120.8384 
  0.4318097 117.8622 
  0.9001921 118.4515 
  0.9314991 117.8622 
  0.9616709 117.2759 
  0.8963698 114.3874 
  0.8930431 112.128 
  0.9033114 109.3664 
  0.9586826 106.6728 
  0.9555321 105.614 
  0.8979979 104.5657 
  0.9041483 103.5278 
  0.5146608 104.5657 
  0.5241997 106.6728 
  0.8392861 108.8223 
  0.9223791 110.4628 
  0.9420888 111.5702 
  0.9239954 112.128 
  0.7488592 112.6886 
  0.4389496 115.5342 
  0.8033727 119.0438 
  0.9046045 121.4426 
  0.8999871 123.2734 
  0.9358757 125.1317 
  0.8923941 127.6532 
  0.8971342 130.8766 
  0.9325075 132.8496 
  0.9430553 134.1814 
  0.9627862 135.5266 
  0.8929332 136.2042 
  0.7989731 136.8852 
  0.786319 140.3417 
  0.8686035 143.1697 
  0.8406437 143.8855 
  0.8411564 142.4574 
  0.9637592 140.3417 
  0.9754018 139.6435 
  0.9328943 137.5696 
  0.8491558 134.8523 
  0.8488425 130.8766 
  0.8296353 126.3862 
  0.8098389 120.8384 
  0.6925117 114.9594 
  0.7548001 111.0151 
  0.8272224 107.7421 
  0.7629179 106.142 
  0.4442127 106.142 
  0.1400167 107.2061 
  0.607603 108.8223 
  0.8755709 111.0151 
  0.7227595 108.2809 
  0.5329124 105.0885 
  0.6029028 101.9903 
  0.7837628 99.97575 
  0.7366352 97.51342 
  0.6762286 94.1677 
  0.8238486 91.84841 
  0.9077395 93.23304 
  0.9834526 94.63854 
  0.9093258 96.06523 
  0.8242675 98.98344 
  0.8311076 103.0128 
  0.7982138 106.6728 
  0.8051203 111.0151 
  0.8757852 113.8184 
  0.9173365 116.1118 
  0.8632669 118.4515 
  0.8693599 121.4426 
  0.8921881 124.5092 
  0.9217501 127.6532 
  0.9461141 129.5776 
  0.9382955 132.1886 
  0.8931931 135.5266 
  0.9082072 138.2575 
  0.9769721 141.0434 
  0.9942361 141.7487 
  0.9891556 141.7487 
  0.9925911 142.4574 
  0.9948243 142.4574 
  0.9894012 141.7487 
  0.9131984 141.0434 
  0.8210751 140.3417 
  0.5525358 137.5696 
  0.5466093 136.8852 
  0.6409201 136.2042 
  0.8126369 136.2042 
  0.04260579 135.5266 
  -0.07780787 134.8523 
  -0.03053739 134.8523 
  0.5190236 135.5266 
  0.7587695 134.1814 
  0.8822075 133.5138 
  0.8452663 130.8766 
  0.8916466 128.2915 
  0.8828807 127.0181 
  0.8417726 125.7574 
  0.7514691 125.1317 
  0.8914654 128.2915 
  0.9754485 129.5776 
  0.9552212 129.5776 
  0.9026845 132.8496 
  0.9467217 134.1814 
  0.9614907 133.5138 
  0.9597716 132.8496 
  0.8698552 130.8766 
  0.718686 126.3862 
  0.6826688 122.0498 
  0.1981215 117.8622 
  -0.3609663 117.2759 
  -0.1936475 116.6924 
  0.07838829 116.1118 
  0.06519135 115.5342 
  0.01479878 114.9594 
  0.280682 114.3874 
  0.09092418 114.3874 
  0.2792316 114.3874 
  0.4207065 114.3874 
  0.8661085 116.1118 
  0.9371291 119.0438 
  0.9678006 119.0438 
  0.992457 119.0438 
  0.9985691 119.0438 
  0.9985453 119.0438 
  0.9970309 119.0438 
  0.9911392 119.0438 
  0.8911147 118.4515 
  0.8333596 117.2759 
  0.774428 115.5342 
  0.7916143 116.6924 
  0.4206877 116.6924 
  0.008842532 116.1118 
  -0.1950617 116.1118 
  -0.001847748 116.6924 
  0.09843217 117.8622 
  0.09858724 119.0438 
  0.06161585 119.639 
  0.1774197 120.2372 
  0.3126654 120.2372 
  0.5208223 119.639 
  0.7250175 117.8622 
  0.9049351 114.9594 
  0.801014 112.6886 
  0.947925 109.3664 
  0.9957025 108.2809 
  0.9926707 107.7421 
  0.983687 107.2061 
  0.9759303 106.6728 
  0.8957338 105.614 
  0.7056245 105.0885 
  0.1219472 106.142 
  0.2870155 107.2061 
  -0.1746344 108.2809 
  0.04545172 109.3664 
  0.1705445 110.4628 
  0.08622272 111.5702 
  0.09451237 112.6886 
  0.1379674 113.8184 
  0.2644601 114.9594 
  0.2186956 116.1118 
  0.2559397 116.6924 
  0.779986 118.4515 
  0.9037012 118.4515 
  0.9762651 117.8622 
  0.9929178 117.8622 
  0.9933179 118.4515 
  0.9767364 117.8622 
  0.9341615 116.6924 
  0.9761037 114.9594 
  0.9913898 114.9594 
  0.9906291 114.3874 
  0.9908472 113.8184 
  0.9969303 113.2521 
  0.9964268 113.2521 
  0.9831119 113.8184 
  0.97468 114.9594 
  0.9788842 116.1118 
  0.9821531 116.6924 
  0.9567858 116.1118 
  0.948555 116.1118 
  0.9512817 114.3874 
  0.8841781 112.6886 
  0.9713392 110.4628 
  0.9654722 108.8223 
  0.9585143 107.7421 
  0.9410341 106.142 
  0.9042069 104.5657 
  0.8122153 103.0128 
  0.8237115 100.978 
  0.9225158 99.97575 
  0.9453157 100.4756 
  0.8868009 99.97575 
  0.8595321 99.97575 
  0.932852 99.47836 
  0.9554411 99.97575 
  0.9577723 100.4756 
  0.9677821 100.978 
  0.9703653 101.4829 
  0.9679115 101.4829 
  0.9497889 100.978 
  0.9307831 99.47836 
  0.8842062 98.00098 
  0.8009349 96.54556 
  0.7218986 95.11173 
  0.1047653 95.11173 
  -0.04366219 96.06523 
  0.01015348 97.51342 
  0.2675403 98.98344 
  0.239387 99.97575 
  0.4241291 100.4756 
  0.08990964 100.978 
  0.1664836 101.4829 
  0.1651142 101.9903 
  0.09355833 102.5003 
  -0.1714591 103.0128 
  0.1975608 104.0455 
  0.7110797 105.0885 
  0.9452266 106.142 
  0.9670577 107.7421 
  0.8643561 110.4628 
  0.8201776 110.4628 
  0.8996446 111.0151 
  0.9633607 111.5702 
  0.962275 112.6886 
  0.9865599 113.8184 
  0.9828045 114.9594 
  0.9816278 116.1118 
  0.9877602 117.2759 
  0.9895763 117.8622 
  0.8695067 116.6924 
  0.8430873 116.6924 
  0.7831671 117.8622 
  0.9563504 119.0438 
  0.890089 119.0438 
  0.8299662 117.8622 
  0.7974436 117.2759 
  0.9472647 116.1118 
  0.948715 114.3874 
  0.9295349 112.6886 
  0.9371424 111.0151 
  0.978238 109.3664 
  0.9868324 109.3664 
  0.9790962 109.3664 
  0.9603462 110.4628 
  0.9261286 111.0151 
  0.8980504 110.4628 
  0.9357387 109.9132 
  0.9832851 110.4628 
  0.9743636 110.4628 
  0.937712 110.4628 
  0.9079825 110.4628 
  0.8660074 110.4628 
  0.9182358 112.6886 
  0.9653974 113.8184 
  0.9847859 114.3874 
  0.9885622 114.3874 
  0.9916804 113.2521 
  0.9959228 112.6886 
  0.9935846 112.128 
  0.9771505 111.5702 
  0.9621805 110.4628 
  0.9587311 108.8223 
  0.9492738 107.7421 
  0.9505104 107.7421 
  0.9787202 108.2809 
  0.9835147 108.2809 
  0.9609909 108.2809 
  0.9386411 108.2809 
  0.9329386 108.2809 
  0.9582764 108.2809 
  0.9852964 108.2809 
  0.9839949 108.2809 
  0.8139847 107.7421 
  0.7260756 107.2061 
  0.5761709 108.2809 
  0.8778251 108.8223 
  0.8957251 107.2061 
  0.9265724 106.142 
  0.9667802 104.5657 
  0.9486384 104.0455 
  0.8753376 104.5657 
  0.8382341 105.0885 
  0.8997318 104.0455 
  0.9793748 105.0885 
  0.9728667 106.142 
  0.9755346 106.6728 
  0.9788367 107.2061 
  0.9631224 106.6728 
  0.9072662 105.614 
  0.8244982 104.5657 
  0.8022736 101.9903 
  0.4326415 100.4756 
  0.05071411 99.97575 
  0.1242164 100.4756 
  0.6322132 101.4829 
  0.822888 101.9903 
  0.9166921 101.9903 
  0.9555973 101.4829 
  0.9672518 100.4756 
  0.987697 99.97575 
  0.993282 99.47836 
  0.9946623 98.98344 
  0.9900495 98.491 
  0.9833019 98.00098 
  0.9839206 97.51342 
  0.9864753 96.54556 
  0.9888933 96.06523 
  0.9923445 95.5873 
  0.9862862 95.11173 
  0.9938949 94.63854 
  0.9969162 94.1677 
  0.9913263 93.6992 
  0.9890727 93.23304 
  0.9893014 92.7692 
  0.9961587 91.84841 
  0.9949226 91.84841 
  0.9859937 91.39146 
  0.986711 90.93677 
  0.9915102 90.48434 
  0.9791571 90.48434 
  0.9206828 90.48434 
  0.8350753 90.48434 
  0.5264393 90.93677 
  0.3079272 91.84841 
  0.482313 93.23304 
  0.6142249 94.1677 
  0.4746655 94.1677 
  0.4808958 93.6992 
  0.3621654 93.23304 
  0.588786 93.23304 
  0.5504475 93.23304 
  0.6262634 93.23304 
  0.4158622 93.23304 
  0.2420869 93.23304 
  0.2058159 93.23304 
  0.03834291 93.23304 
  0.170199 93.23304 
  0.2794056 93.23304 
  0.287973 93.23304 
  0.1752165 93.23304 
  0.1655302 93.23304 
  0.1984918 93.23304 
  0.1910028 93.23304 
  -0.03855023 93.23304 ]
