 [
  0.1968666 234.5801 
  0.2305323 234.5801 
  -0.07923955 234.5801 
  -0.05232539 234.5801 
  -0.04519843 234.5801 
  0.03022506 234.5801 
  0.4138618 234.5801 
  0.4067504 234.5801 
  0.5538929 234.5801 
  0.7330832 234.5801 
  0.6914466 234.5801 
  0.9175876 234.5801 
  0.9193554 234.5801 
  0.9602946 232.2518 
  0.9906161 231.0963 
  0.9952824 232.2518 
  0.9943028 234.5801 
  0.9924129 235.753 
  0.9849134 238.1164 
  0.9852653 241.7061 
  0.9872329 244.1292 
  0.9908203 246.5766 
  0.9781749 247.8095 
  0.9522857 247.8095 
  0.9437835 242.9146 
  0.8955 245.3498 
  0.8566794 250.2938 
  0.5879209 255.3373 
  0.2660833 261.7849 
  0.5028755 268.3953 
  0.862401 275.1726 
  0.9565467 272.4414 
  0.9874956 271.0859 
  0.9978119 271.0859 
  0.9976876 269.7372 
  0.9965487 268.3953 
  0.996681 267.06 
  0.9967776 265.7313 
  0.9983121 263.0938 
  0.998149 263.0938 
  0.99637 263.0938 
  0.9923744 261.7849 
  0.9812382 260.4825 
  0.9579825 259.1866 
  0.9358042 259.1866 
  0.8989792 260.4825 
  0.8880571 260.4825 
  0.8576952 260.4825 
  0.8992845 263.0938 
  0.9031214 265.7313 
  0.9143409 264.4093 
  0.9463376 259.1866 
  0.9746451 255.3373 
  0.9647936 251.5452 
  0.9769564 247.8095 
  0.9927301 245.3498 
  0.9979113 244.1292 
  0.9944937 244.1292 
  0.9971291 245.3498 
  0.9952245 245.3498 
  0.9801214 245.3498 
  0.9512264 245.3498 
  0.883256 245.3498 
  0.1864439 246.5766 
  0.6491594 247.8095 
  0.5814611 249.0485 
  0.1651826 250.2938 
  -0.05560704 251.5452 
  -0.1928795 252.8029 
  0.3500526 255.3373 
  0.7725882 257.8971 
  0.8964121 255.3373 
  0.9903896 252.8029 
  0.9992983 250.2938 
  0.9989608 249.0485 
  0.9990964 249.0485 
  0.9995508 249.0485 
  0.9992765 249.0485 
  0.9989492 250.2938 
  0.9991432 250.2938 
  0.9986755 251.5452 
  0.998251 252.8029 
  0.9990736 252.8029 
  0.9989312 252.8029 
  0.9964252 251.5452 
  0.9958947 249.0485 
  0.9961124 247.8095 
  0.9964705 245.3498 
  0.9959155 244.1292 
  0.996858 241.7061 
  0.9960614 240.5036 
  0.9925219 239.307 
  0.9895388 238.1164 
  0.9967574 236.9318 
  0.997122 234.5801 
  0.9981322 233.4131 
  0.997507 232.2518 
  0.9951634 231.0963 
  0.9917479 229.9466 
  0.9899617 228.8026 
  0.9930965 226.5316 
  0.9955311 225.4046 
  0.9912698 224.2832 
  0.9634104 223.1673 
  0.9305726 222.057 
  0.8584716 220.9523 
  0.9924653 220.9523 
  0.9964795 220.9523 
  0.9984816 220.9523 
  0.9893911 220.9523 
  0.9903447 220.9523 
  0.9944965 220.9523 
  0.9984068 220.9523 
  0.9822755 222.057 
  0.8502329 223.1673 
  0.888414 220.9523 
  0.971589 219.853 
  0.9858031 218.7592 
  0.9888425 218.7592 
  0.9888573 218.7592 
  0.9890037 218.7592 
  0.9921061 218.7592 
  0.9914769 218.7592 
  0.9885705 218.7592 
  0.9918774 218.7592 
  0.9921761 217.6709 
  0.9795693 216.5879 
  0.9800971 215.5104 
  0.9822674 215.5104 
  0.9944702 215.5104 
  0.9946839 215.5104 
  0.993675 214.4382 
  0.9921452 213.3714 
  0.9902545 211.2535 
  0.9495054 212.3098 
  0.9034106 210.2025 
  0.887228 209.1568 
  0.9660788 206.0505 
  0.9587767 202.9904 
  0.9528947 199.9758 
  0.9759023 197.0059 
  0.9757195 195.0505 
  0.9636452 194.0801 
  0.96665 192.1537 
  0.9685767 190.2465 
  0.9829037 190.2465 
  0.9883918 189.3 
  0.9863839 189.3 
  0.9877024 189.3 
  0.9891707 189.3 
  0.9833472 190.2465 
  0.9688712 191.1978 
  0.8639543 193.1145 
  0.4997347 196.0257 
  0.255934 200.9756 
  0.09752087 205.0254 
  0.2600286 206.0505 
  0.4647018 206.0505 
  0.8961036 206.0505 
  0.5586563 206.0505 
  0.09277798 207.0808 
  0.1163191 208.1162 
  0.3441048 208.1162 
  0.05730176 208.1162 
  -0.06152008 208.1162 
  -0.2330069 208.1162 
  -0.05235901 208.1162 
  -0.07905984 208.1162 
  -0.1137827 208.1162 
  -0.2749387 208.1162 
  -0.2267117 208.1162 
  -0.07449701 208.1162 
  0.03560706 208.1162 
  0.09252393 208.1162 
  0.04165108 208.1162 
  -0.1683745 208.1162 
  -0.1481785 208.1162 
  -0.1867346 208.1162 
  -0.1365221 208.1162 
  -0.004970092 208.1162 
  -0.02693308 208.1162 
  0.07272349 208.1162 
  0.1194076 208.1162 
  -0.04479579 208.1162 
  0.1596939 208.1162 
  0.08347614 208.1162 
  0.1173893 208.1162 ]
