 [
  -0.2299635 135.5266 
  -0.06174679 135.5266 
  -0.111099 135.5266 
  0.0485541 135.5266 
  0.04697207 135.5266 
  -0.05686013 135.5266 
  -0.1457537 135.5266 
  -0.07844803 135.5266 
  0.02581685 135.5266 
  0.07185163 135.5266 
  0.0305841 135.5266 
  -0.1648653 135.5266 
  -0.1178303 135.5266 
  0.008518772 135.5266 
  -0.1630932 135.5266 
  -0.2830225 135.5266 
  -0.4456044 135.5266 
  -0.2901748 135.5266 
  -0.205271 135.5266 
  0.3815438 135.5266 
  -0.129768 135.5266 
  -0.02544523 135.5266 
  -0.04629525 135.5266 
  0.09304903 135.5266 
  -0.03779197 135.5266 
  0.1159799 135.5266 
  0.1371832 135.5266 
  0.1451206 135.5266 
  0.08799709 135.5266 
  0.03932146 135.5266 
  0.05664662 135.5266 
  -0.1010785 135.5266 
  -0.183179 135.5266 
  -0.04602112 135.5266 
  0.4820569 135.5266 
  0.5760594 136.8852 
  0.810583 135.5266 
  0.9508597 134.1814 
  0.9797842 132.8496 
  0.9727881 131.531 
  0.940271 128.9329 
  0.8933819 125.7574 
  0.8469274 122.0498 
  0.534294 120.2372 
  -0.1374799 122.0498 
  0.3723699 123.8897 
  0.8001793 125.7574 
  0.1120213 127.6532 
  0.231902 129.5776 
  0.1761363 131.531 
  0.1473469 133.5138 
  0.06516417 135.5266 
  0.5759034 138.2575 
  0.8677319 141.0434 
  0.9284965 141.0434 
  0.9104446 138.2575 
  0.9173118 135.5266 
  0.9789665 134.1814 
  0.9834864 133.5138 
  0.9581906 133.5138 
  0.9531904 132.1886 
  0.9918745 130.8766 
  0.9906584 130.8766 
  0.9956218 130.2255 
  0.9961537 130.2255 
  0.9925283 129.5776 
  0.9945691 128.9329 
  0.9722649 128.2915 
  0.9193325 127.0181 
  0.9257197 125.7574 
  0.9903488 125.7574 
  0.9882685 124.5092 
  0.9569287 123.2734 
  0.8649365 122.6601 
  0.5722339 124.5092 
  0.2217813 128.9329 
  0.1073848 134.8523 
  0.4056757 143.1697 
  0.6492531 131.531 
  0.8667254 131.531 
  0.9667393 132.1886 
  0.9716386 132.8496 
  0.9697347 133.5138 
  0.9749526 134.8523 
  0.9548851 135.5266 
  0.9596915 136.8852 
  0.9645323 138.2575 
  0.9562858 138.9488 
  0.9660669 140.3417 
  0.9838819 141.0434 
  0.9198018 141.0434 
  0.8618794 140.3417 
  0.8885319 138.2575 
  0.8882393 138.9488 
  0.8135144 138.2575 
  0.1770123 138.2575 
  0.09534812 138.2575 
  -0.222919 138.2575 
  0.3788676 138.2575 
  0.5410107 138.2575 
  0.03632739 138.2575 
  -0.005647046 138.2575 
  -0.003682192 138.2575 
  -0.1701197 138.2575 
  0.2206457 137.5696 
  -0.185148 136.8852 
  -0.03248799 136.2042 
  -0.551062 135.5266 
  0.08989535 134.8523 
  0.7523871 134.8523 
  0.7285846 128.9329 
  0.9014449 126.3862 
  0.9963508 124.5092 
  0.9964658 123.8897 
  0.9932833 123.8897 
  0.9821965 125.1317 
  0.9535592 125.1317 
  0.9355083 125.7574 
  0.9249711 126.3862 
  0.9522165 127.6532 
  0.9534704 128.2915 
  0.9663224 128.2915 
  0.9754823 128.2915 
  0.986702 128.9329 
  0.9876571 130.2255 
  0.990023 130.2255 
  0.9627633 130.2255 
  0.8742615 128.9329 
  0.7886795 126.3862 
  0.714837 123.2734 
  0.7547595 120.2372 
  0.7137587 119.639 
  0.655144 120.8384 
  0.7982362 124.5092 
  0.8865508 125.1317 
  0.9542702 125.1317 
  0.9552943 123.8897 
  0.9671343 122.0498 
  0.9626292 121.4426 
  0.8725864 120.8384 
  0.6621248 118.4515 
  0.6449889 117.2759 
  0.9393034 116.6924 
  0.9055694 116.1118 
  0.8090895 116.1118 
  0.7048042 116.1118 
  0.6191825 116.6924 
  0.4401578 117.8622 
  0.4525757 119.0438 
  0.7625386 123.2734 
  0.7831574 122.6601 
  0.7197063 120.8384 
  0.8763969 118.4515 
  0.9695466 117.2759 
  0.9663054 116.6924 
  0.9596217 115.5342 
  0.9835992 115.5342 
  0.9889518 115.5342 
  0.9830453 115.5342 
  0.9849849 114.9594 
  0.9809107 113.8184 
  0.9790154 113.2521 
  0.9846382 112.128 
  0.9774433 112.128 
  0.9729922 111.5702 
  0.9663997 112.128 
  0.9697647 111.5702 
  0.9728921 111.5702 
  0.9380426 111.5702 
  0.9065087 113.2521 
  0.8489436 114.9594 
  0.7433088 116.1118 
  -0.1656277 115.5342 
  0.5235245 115.5342 
  -0.157823 115.5342 
  0.2617842 115.5342 
  -0.1124059 115.5342 
  -0.313414 115.5342 
  0.1883551 115.5342 
  0.1281972 115.5342 
  0.1128866 115.5342 
  0.1050781 115.5342 
  0.3018623 115.5342 
  0.4219576 115.5342 
  0.7037547 113.8184 
  0.7860084 110.4628 
  0.8378108 107.2061 
  0.8983792 105.0885 
  0.9303681 103.5278 
  0.9536929 102.5003 
  0.9626688 101.9903 
  0.9630175 102.5003 
  0.915397 103.5278 
  0.9333616 105.614 
  0.9189404 107.7421 
  0.9392004 108.8223 
  0.9445522 108.8223 
  0.9523178 108.2809 
  0.9710475 107.7421 
  0.983125 107.7421 
  0.9927906 107.2061 
  0.990019 106.6728 
  0.9877961 106.6728 
  0.9882498 106.142 
  0.9898263 106.6728 
  0.992201 106.142 
  0.9919816 105.614 
  0.9935419 105.614 
  0.9830567 106.142 
  0.9793398 107.2061 
  0.9813484 107.2061 
  0.9351659 106.6728 
  0.8648138 105.614 
  0.7723402 104.0455 
  0.4421783 103.5278 
  0.3390973 104.5657 
  0.4801621 105.614 
  0.2499917 106.6728 
  -0.1262074 107.7421 
  0.1297015 108.8223 
  0.08225142 109.9132 
  -0.0764704 111.0151 
  -0.1044996 112.128 
  -0.1234958 113.2521 
  -0.1100304 114.3874 
  0.004293885 115.5342 
  -0.1651276 117.2759 
  -0.01592309 119.0438 
  0.003198336 120.8384 
  -0.03808468 122.6601 
  -0.3819457 124.5092 
  0.5430011 128.9329 
  0.7658518 126.3862 
  0.8905679 123.8897 
  0.9663 122.6601 
  0.9615778 121.4426 
  0.9688395 120.2372 
  0.9773451 119.639 
  0.9554156 119.0438 
  0.9228113 119.0438 
  0.8323781 117.8622 
  0.9031739 116.1118 
  0.9496909 114.3874 
  0.9178281 113.2521 
  0.856248 111.0151 
  0.803409 108.8223 
  0.7762454 106.142 
  0.7686177 104.0455 
  0.6818373 100.978 
  0.8008775 97.51342 
  0.8754534 95.11173 
  0.953764 93.23304 
  0.9634632 91.84841 
  0.882949 90.48434 
  0.8431621 90.03418 
  0.8425659 88.69706 
  0.8772082 87.3798 
  0.9169686 87.3798 
  0.9553594 87.3798 
  0.9559991 87.3798 
  0.9464042 87.8167 
  0.9594496 88.69706 
  0.9270035 89.14054 
  0.9660412 90.03418 
  0.9616945 90.03418 
  0.9239416 90.03418 
  0.8494003 90.03418 
  0.7455709 90.48434 
  0.582396 90.48434 
  0.4485157 90.48434 
  0.5749562 90.48434 
  0.4871861 90.48434 
  0.4291893 90.48434 
  0.2199737 90.48434 
  -0.1974374 90.48434 
  -0.3213883 90.48434 
  -0.1207739 90.48434 
  -0.003043648 90.48434 
  -0.07864458 90.48434 
  0.05152259 90.48434 
  0.1193262 90.48434 
  0.06700032 90.48434 
  0.09661537 90.48434 
  0.08005378 90.48434 ]
