 [
  -0.1221358 143.8855 
  -0.1669424 143.8855 
  -0.1605329 143.8855 
  0.0008469326 143.8855 
  -0.01066235 143.8855 
  0.02927679 143.8855 
  -0.1580538 143.8855 
  0.4532428 143.8855 
  0.2392796 143.8855 
  0.3629398 143.8855 
  0.34318 144.605 
  0.06080644 145.328 
  0.1902362 146.0546 
  0.7911108 153.5239 
  0.9060168 157.4006 
  0.9604607 158.9785 
  0.9874093 160.5723 
  0.9869778 162.182 
  0.9952841 162.9929 
  0.991857 162.9929 
  0.98972 161.3751 
  0.9715669 159.7734 
  0.9651459 157.4006 
  0.9783399 155.063 
  0.9712793 153.5239 
  0.9432821 151.2439 
  0.9126713 148.9977 
  0.895063 145.328 
  0.9290779 143.1697 
  0.9240512 141.0434 
  0.9363554 138.2575 
  0.9744225 136.2042 
  0.9911032 135.5266 
  0.992519 136.2042 
  0.9936165 136.2042 
  0.9723647 135.5266 
  0.9511889 133.5138 
  0.9475539 131.531 
  0.9176919 128.9329 
  0.9566385 126.3862 
  0.9857569 124.5092 
  0.9698601 123.2734 
  0.9723584 122.0498 
  0.9800239 120.2372 
  0.9786741 119.0438 
  0.9882445 117.8622 
  0.9711875 117.2759 
  0.9521734 116.1118 
  0.9556001 114.3874 
  0.8939352 113.8184 
  0.7522978 114.3874 
  0.4864577 116.1118 
  -0.0500205 117.8622 
  -0.04499439 119.639 
  -0.01212806 121.4426 
  -0.06507002 123.2734 
  -0.06522586 125.1317 
  -0.1822752 127.0181 
  -0.08265891 128.9329 
  0.2538585 130.8766 
  0.2922253 134.1814 
  0.5612209 146.7849 
  0.7931427 147.5188 
  0.7593347 145.328 
  0.8234521 141.0434 
  0.9356206 138.2575 
  0.9815249 136.8852 
  0.9833998 136.8852 
  0.9730279 136.2042 
  0.9247086 135.5266 
  0.8600651 134.1814 
  0.8675964 132.1886 
  -0.01157048 132.1886 
  0.4604974 132.1886 
  0.0458224 132.1886 
  0.2482785 132.1886 
  0.2075693 131.531 
  -0.2985849 130.2255 
  0.2978446 132.1886 
  0.5651667 132.8496 
  0.8857954 132.1886 
  0.8522763 130.8766 
  0.7954134 129.5776 
  0.1275684 130.2255 
  -0.005688954 131.531 
  0.03412521 132.8496 
  0.1589134 134.1814 
  0.2211425 135.5266 
  0.1494768 136.8852 
  0.1911885 138.2575 
  -0.2021239 139.6435 
  0.06873451 141.0434 
  0.6871245 142.4574 
  0.9113847 143.1697 
  0.9221937 141.0434 
  0.7642301 137.5696 
  0.6807718 132.1886 
  0.889447 126.3862 
  0.9535104 125.1317 
  0.9056357 126.3862 
  0.8407488 126.3862 
  0.7349845 127.0181 
  0.5127752 127.0181 
  0.0841402 127.0181 
  0.0669977 127.0181 
  0.1003878 127.0181 
  -0.1054614 127.0181 
  0.0404981 127.0181 
  -0.003071206 127.0181 
  -0.2812039 127.6532 
  0.5117255 130.2255 
  0.6449603 127.6532 
  0.6645942 123.2734 
  0.8465557 119.0438 
  0.9275485 116.6924 
  0.9699558 114.9594 
  0.9573399 113.8184 
  0.9730417 112.6886 
  0.9692706 112.6886 
  0.9896063 112.6886 
  0.9893444 112.6886 
  0.9919907 112.128 
  0.9863456 111.5702 
  0.9624175 111.0151 
  0.9354391 111.5702 
  0.6095233 113.8184 
  0.7284012 113.8184 
  0.874697 112.128 
  0.9454619 111.5702 
  0.9717131 111.5702 
  0.9759402 111.5702 
  0.9766172 112.128 
  0.9732475 112.128 
  0.9709715 112.6886 
  0.9763801 112.6886 
  0.8948196 111.5702 
  0.8732923 109.9132 
  0.8101586 108.2809 
  0.8499594 106.6728 
  0.8587614 105.0885 
  0.8805853 104.5657 
  0.8919671 104.5657 
  0.8839927 104.5657 
  0.8514931 104.5657 
  0.8798834 106.142 
  0.6830446 106.6728 
  0.4248588 106.6728 
  0.1929603 106.6728 
  0.04204311 106.6728 
  0.02211265 106.6728 
  0.08056576 106.6728 
  -0.008478205 106.6728 
  -0.1981626 106.6728 
  -0.1657654 106.6728 
  -0.1562817 106.6728 
  -0.1092957 106.6728 
  -0.1277197 106.6728 
  0.3546927 107.2061 
  0.01678354 107.2061 
  0.0343249 107.7421 
  0.1700616 108.2809 
  -0.02225782 108.8223 
  -0.05439029 109.3664 
  -0.1407232 109.9132 
  0.2174968 110.4628 
  0.6651289 112.128 
  0.298663 109.3664 
  0.2116396 104.0455 
  0.4551044 101.4829 
  0.6709304 99.47836 
  0.9254531 98.491 
  0.7619557 97.02828 
  0.2081652 96.54556 
  0.2955231 92.7692 
  0.6332768 90.03418 
  0.2484192 89.14054 
  0.2013744 91.84841 
  0.2642124 91.39146 
  0.08797378 91.84841 
  -0.05427455 98.98344 
  0.1292479 105.614 
  0.5089447 110.4628 
  0.5767841 113.8184 
  0.3163375 119.639 
  0.6629742 127.0181 
  0.9667456 129.5776 
  0.9884541 130.2255 
  0.9619521 129.5776 
  0.9356657 127.6532 
  0.865162 124.5092 
  0.8262106 121.4426 
  0.8750575 119.0438 
  0.8875772 117.2759 
  0.8449237 114.9594 
  0.6057758 114.3874 
  -0.2549373 114.3874 
  -0.06935027 114.3874 
  0.0814387 114.3874 
  -0.03293452 114.3874 
  -0.07704035 114.3874 
  -0.2176561 114.3874 
  -0.08248287 114.3874 
  -0.1187993 114.3874 
  -0.110616 114.3874 
  0.2794251 114.3874 
  0.7482919 114.3874 
  0.8436521 114.9594 
  0.9180536 113.8184 
  0.7788724 111.0151 
  0.7901123 107.7421 
  0.8325053 105.0885 
  0.8673681 104.0455 
  0.903966 103.5278 
  0.8970635 104.0455 
  0.9271991 104.5657 
  0.9044708 105.614 
  0.7238711 106.6728 
  0.2157782 107.7421 
  -0.1807276 108.8223 
  -0.08805788 109.9132 
  0.1478627 111.0151 
  0.1372119 112.128 
  -0.01199791 112.6886 
  -0.04709936 113.2521 
  0.03528449 114.3874 
  -0.1592326 115.5342 
  -0.2536224 116.6924 
  -0.02763649 117.8622 
  -0.1460575 119.0438 
  -0.02181001 120.2372 
  0.570325 121.4426 
  0.8131311 121.4426 
  0.5985376 119.0438 
  0.3624633 114.9594 
  0.3275688 107.7421 
  0.7543548 105.0885 
  0.9032654 104.0455 
  0.8337396 102.5003 
  0.9272302 100.978 
  0.9814871 100.978 
  0.9867056 100.4756 
  0.9199138 99.47836 
  0.9517515 98.98344 
  0.738153 98.491 
  0.6793473 96.06523 
  0.7164159 95.11173 
  0.9468715 95.11173 
  0.9511613 95.11173 
  0.8976653 95.5873 
  0.8593692 96.06523 
  0.5730904 97.02828 
  0.7694873 98.00098 
  0.8101289 98.491 
  0.9129198 98.98344 
  0.9650913 99.47836 
  0.847927 98.491 
  0.3700067 97.51342 
  0.0793914 97.51342 
  -0.2371646 98.98344 
  0.2951882 99.47836 
  0.162798 99.47836 
  0.1742264 99.47836 
  -0.3796372 99.47836 
  0.206923 99.47836 
  0.2946987 99.47836 
  0.1650363 99.47836 
  0.1031894 99.47836 
  -0.1589288 99.47836 
  0.03772675 99.47836 
  0.1871533 99.47836 
  0.09468764 99.47836 
  -0.009552874 99.47836 
  0.1887346 99.47836 
  0.4163148 99.47836 
  0.2418527 99.47836 
  0.2553198 99.47836 
  0.1786091 99.47836 
  0.06096806 99.47836 
  -0.2040424 99.47836 
  -0.01909796 99.47836 
  -0.02528488 99.47836 
  -0.2436436 99.47836 
  -0.1977828 99.47836 
  -0.09787437 99.47836 
  -0.2059394 99.47836 
  -0.1441234 99.47836 
  0.00271802 99.47836 
  0.06229801 99.47836 
  0.2134669 99.47836 
  0.134517 99.47836 
  -0.01340798 99.47836 ]
