 [
  -0.1948257 158.1876 
  -0.1935161 158.1876 
  -0.03834257 158.1876 
  -0.01109107 158.1876 
  -0.03212775 158.1876 
  -0.1535209 158.1876 
  0.02797959 158.1876 
  -0.1650537 158.1876 
  -0.2102309 158.1876 
  -0.0641279 158.1876 
  0.02252561 158.1876 
  -0.06428951 158.1876 
  0.2170136 158.1876 
  0.25374 158.1876 
  0.2009451 158.1876 
  0.02845629 158.1876 
  -0.2125728 158.1876 
  -0.3530858 158.1876 
  -0.1808122 158.1876 
  0.01969757 158.1876 
  -0.2529946 158.1876 
  0.200474 158.1876 
  0.7299032 158.1876 
  0.4913338 157.4006 
  0.2470885 152.0001 
  0.6462005 138.9488 
  0.4223746 132.8496 
  0.602459 129.5776 
  0.7889692 127.0181 
  0.9649522 128.2915 
  0.9931796 127.6532 
  0.9625446 127.0181 
  0.9228436 126.3862 
  0.7900987 123.2734 
  0.5179278 124.5092 
  0.4343851 132.1886 
  0.178541 135.5266 
  0.04947799 137.5696 
  0.1728074 139.6435 
  0.2134562 141.7487 
  0.1099955 143.1697 
  0.1248703 143.8855 
  -0.001726377 143.8855 
  0.07078349 143.8855 
  0.1636047 143.1697 
  -0.06372777 142.4574 
  0.05075807 141.7487 
  -0.1297639 141.7487 
  0.5363371 141.7487 
  0.5584112 141.0434 
  0.68409 136.8852 
  0.918973 132.8496 
  0.9629133 132.8496 
  0.988346 131.531 
  0.9793849 130.2255 
  0.9817121 129.5776 
  0.986998 128.2915 
  0.9949139 127.0181 
  0.9972749 127.0181 
  0.9962528 127.0181 
  0.9923059 127.0181 
  0.9889954 126.3862 
  0.9674114 125.1317 
  0.9643 123.8897 
  0.9771796 123.8897 
  0.9960228 123.2734 
  0.9957371 123.2734 
  0.9881358 122.6601 
  0.9800131 121.4426 
  0.9643387 119.639 
  0.97291 117.8622 
  0.8991096 116.1118 
  0.3272845 114.3874 
  -0.3599621 112.6886 
  0.1669992 110.4628 
  0.6653218 120.8384 
  0.7607047 123.2734 
  0.914089 123.8897 
  0.9503801 124.5092 
  0.920005 124.5092 
  0.9305869 125.7574 
  0.8793982 126.3862 
  0.9037924 128.2915 
  0.9412299 129.5776 
  0.9800013 130.2255 
  0.9879658 130.2255 
  0.9809654 130.8766 
  0.9854199 130.8766 
  0.989456 130.8766 
  0.989838 131.531 
  0.9711677 132.1886 
  0.9790186 132.1886 
  0.9805338 132.8496 
  0.9819487 132.8496 
  0.9797692 132.1886 
  0.953922 132.1886 
  0.9368627 131.531 
  0.9319031 130.8766 
  0.984919 131.531 
  0.9676779 131.531 
  0.9265594 130.8766 
  0.861899 129.5776 
  0.7118759 128.9329 
  0.4335949 128.9329 
  0.02246235 128.9329 
  0.2583463 128.9329 
  0.3776696 128.2915 
  0.1716756 125.7574 
  0.02097065 122.6601 
  0.1735983 119.0438 
  0.4361047 117.8622 
  0.433871 123.2734 
  0.4604491 128.2915 
  0.8908558 129.5776 
  0.9580535 130.2255 
  0.9550224 128.9329 
  0.9591073 128.2915 
  0.9800926 127.0181 
  0.9872854 127.0181 
  0.9849046 127.0181 
  0.9830242 127.0181 
  0.9853917 127.6532 
  0.9835224 127.6532 
  0.9860337 127.6532 
  0.9871678 127.0181 
  0.9722146 127.6532 
  0.9380575 127.0181 
  0.920603 127.0181 
  0.9049395 125.1317 
  0.865101 123.2734 
  0.6617627 122.0498 
  0.6077547 119.0438 
  0.6746987 118.4515 
  0.8988861 120.2372 
  0.9122773 123.2734 
  0.8738213 122.6601 
  0.860793 122.0498 
  0.9638689 119.639 
  0.9425776 119.639 
  0.9770963 120.2372 
  0.9779179 120.2372 
  0.9234597 119.639 
  0.8419428 118.4515 
  0.6688866 113.2521 
  0.7462154 110.4628 
  0.3877184 109.3664 
  0.5388323 102.5003 
  0.2694357 95.11173 
  0.3776795 88.25578 
  0.3928747 87.8167 
  0.5075308 84.80367 
  0.9575143 84.38177 
  0.9336453 83.96195 
  0.9097067 83.96195 
  0.674967 83.96195 
  0.352307 82.71502 
  0.5824524 79.08421 
  0.3242506 77.5221 
  0.3603647 79.08421 
  0.5048007 80.6778 
  0.1210091 81.4866 
  0.5045598 81.89403 
  0.6089956 82.71502 
  0.7141563 83.54424 
  0.9372261 83.96195 
  0.9317225 84.38177 
  0.7686856 84.38177 
  0.1473914 83.96195 
  0.01982998 83.54424 
  -0.06566107 83.12859 
  0.1067787 82.71502 
  0.2216719 82.3035 
  0.1917947 81.89403 
  0.1697516 81.4866 
  -0.1333388 81.4866 
  -0.1252914 81.4866 
  0.04217743 81.4866 
  0.2289111 81.4866 
  0.1338195 81.4866 
  0.1100598 81.4866 
  0.2828139 81.4866 
  0.1196722 81.4866 
  0.1080045 81.08118 
  0.1674048 81.08118 
  0.1868795 80.6778 
  -0.02066749 80.27641 
  -0.1275271 80.27641 
  0.06630276 80.27641 
  0.06748777 80.27641 
  0.004758956 80.27641 
  0.1222247 80.27641 
  0.2125167 80.27641 
  0.08040825 80.27641 
  0.3624904 80.27641 
  0.2327521 80.27641 
  0.1835459 80.6778 
  0.008229163 80.6778 
  0.1423929 80.6778 
  0.2564582 80.6778 ]
