 [
  0.2775138 78.69076 
  0.2274977 78.69076 
  -0.1461182 78.69076 
  -0.006361468 78.69076 
  0.1819069 78.69076 
  0.289752 78.69076 
  -0.1089987 78.69076 
  -0.1768358 78.69076 
  -0.2281559 78.69076 
  -0.1722042 78.69076 
  -0.169206 78.69076 
  0.1314816 78.69076 
  0.1603046 78.69076 
  0.1729068 78.29926 
  0.1088283 76.75266 
  0.5873982 75.99085 
  0.8217567 75.2366 
  0.4621563 79.08421 
  0.3921083 92.30766 
  0.4018921 94.63854 
  0.2598651 95.11173 
  0.3653129 99.97575 
  0.6824937 101.4829 
  0.600021 103.0128 
  0.6185976 110.4628 
  0.8761061 112.128 
  0.9162881 114.3874 
  0.9358885 117.8622 
  0.9722477 120.8384 
  0.9874519 122.6601 
  0.9892923 123.8897 
  0.9809034 125.1317 
  0.9256927 128.2915 
  0.8742666 128.2915 
  0.8519752 127.0181 
  0.8288108 126.3862 
  0.8486056 125.1317 
  0.9411882 123.8897 
  0.9819556 123.2734 
  0.980656 122.0498 
  0.9811754 122.6601 
  0.9862303 123.2734 
  0.9904215 123.8897 
  0.9628513 123.8897 
  0.8264053 125.1317 
  0.4557946 129.5776 
  0.01754333 131.531 
  0.03518816 129.5776 
  0.02943624 124.5092 
  0.4856009 117.2759 
  0.6144174 121.4426 
  0.807269 123.8897 
  0.9856386 124.5092 
  0.9796398 123.8897 
  0.9725205 122.6601 
  0.9766618 120.8384 
  0.9304171 119.639 
  0.8783171 117.8622 
  0.9341616 120.2372 
  0.9950956 122.0498 
  0.9964335 122.6601 
  0.9291977 121.4426 
  0.8352717 120.2372 
  0.6754959 119.0438 
  0.09266271 119.639 
  0.07049279 120.2372 
  0.1087278 120.8384 
  0.2580375 122.0498 
  0.6908853 120.8384 
  0.8091393 119.0438 
  0.8957444 117.2759 
  0.9351355 115.5342 
  0.958537 114.3874 
  0.9261202 113.2521 
  0.7808822 112.6886 
  0.6409628 111.5702 
  0.9063524 110.4628 
  0.9952014 110.4628 
  0.9980206 109.9132 
  0.9957032 109.9132 
  0.8490763 111.5702 
  0.868644 113.2521 
  0.9139355 112.128 
  0.9792461 112.128 
  0.9950756 112.128 
  0.9895304 111.5702 
  0.9799746 111.0151 
  0.9785755 110.4628 
  0.9752825 109.3664 
  0.9682298 108.2809 
  0.9727118 106.6728 
  0.9591061 105.0885 
  0.9263734 103.5278 
  0.926313 101.4829 
  0.9104309 99.97575 
  0.911048 98.491 
  0.9060431 96.54556 
  0.8295812 94.63854 
  0.7019558 93.23304 
  0.4718435 90.93677 
  0.1200598 90.03418 
  -0.1009706 90.03418 
  -0.5912709 90.48434 
  -0.3821346 90.93677 
  -0.2668897 91.39146 
  -0.201565 91.84841 
  0.1602941 92.7692 
  0.1195993 93.6992 
  0.1716327 94.1677 
  0.3055229 94.1677 
  0.4184062 88.69706 
  0.7620049 85.65383 
  0.9245448 84.38177 
  0.9880891 84.38177 
  0.9901337 84.38177 
  0.9914159 84.38177 
  0.9906642 84.38177 
  0.9788967 83.96195 
  0.9197066 83.12859 
  0.923867 81.89403 
  0.9643759 81.08118 
  0.9374783 80.6778 
  0.904229 79.87703 
  0.7543032 79.08421 
  0.3263165 79.47963 
  0.1149743 82.3035 
  0.3786305 83.96195 
  0.6822068 86.94508 
  0.2761911 82.3035 
  0.7499318 80.27641 
  0.8856701 80.27641 
  0.890753 80.6778 
  0.9780104 81.08118 
  0.8866494 80.27641 
  0.9671128 79.47963 
  0.6956746 80.27641 
  0.4866254 82.71502 
  0.7037052 84.38177 
  0.7572955 84.80367 
  0.8729505 84.80367 
  0.8051841 85.2277 
  0.8738165 86.0821 
  0.8549111 86.51251 
  0.8527634 87.3798 
  0.9656411 87.8167 
  0.9928291 88.25578 
  0.9733381 88.25578 
  0.9432584 87.8167 
  0.7435111 87.3798 
  0.4568074 87.8167 
  -0.2730657 88.69706 
  -0.09703846 90.03418 
  -0.08605088 91.39146 
  -0.1116361 92.7692 
  0.05495374 94.1677 
  -0.1312068 95.5873 
  0.5410724 97.02828 
  0.4955232 95.11173 
  0.357958 95.5873 
  0.392299 95.5873 
  0.1079991 96.06523 
  0.05920105 105.614 
  0.6414855 114.3874 
  0.4848934 100.978 
  0.6312351 99.47836 
  0.7491047 98.491 
  0.9169965 97.51342 
  0.9025621 96.06523 
  0.8162522 94.63854 
  0.8079886 93.23304 
  0.6986604 91.39146 
  0.5431209 89.58624 
  0.7422031 84.38177 
  0.7173754 81.4866 
  0.638977 80.27641 
  0.7650245 81.08118 
  0.6977664 81.4866 
  0.816942 82.3035 
  0.6143538 79.87703 
  0.5917884 77.5221 
  0.8200648 75.61279 
  0.958759 75.2366 
  0.8708569 74.11925 
  0.8888032 72.6552 
  0.9371598 71.93407 
  0.9639018 71.93407 
  0.8327408 71.22009 
  0.8594733 69.81332 
  0.906836 69.46598 
  0.6731787 67.75508 
  0.72604 66.74884 
  0.4396041 66.41676 
  0.2355687 66.41676 
  0.2074657 67.08258 
  0.2495461 68.09386 
  0.416983 68.09386 
  0.3331046 68.09386 
  -0.005409658 68.09386 
  -0.06876758 68.09386 
  -0.2760207 68.09386 
  -0.196969 68.09386 
  -0.4295369 68.09386 
  -0.6754613 68.09386 
  -0.5153161 68.09386 
  -0.01389211 68.09386 
  0.1238984 68.09386 
  0.01751569 68.09386 ]
