 [
  0.02874278 131.531 
  0.1519068 131.531 
  -0.04303462 131.531 
  -0.0722115 131.531 
  -0.2648359 131.531 
  -0.2741336 131.531 
  -0.1565729 131.531 
  -0.07025294 131.531 
  0.001838191 131.531 
  0.02519253 131.531 
  -0.1953954 131.531 
  0.1241497 131.531 
  0.6611339 131.531 
  0.4683347 130.8766 
  0.2242724 134.1814 
  0.734082 143.1697 
  0.9251124 144.605 
  0.9712939 145.328 
  0.9399925 146.7849 
  0.9479299 148.9977 
  0.9784747 151.2439 
  0.9887813 151.2439 
  0.9786788 151.2439 
  0.9554066 150.4914 
  0.8773271 151.2439 
  0.8114587 148.2564 
  0.8653662 145.328 
  0.9439982 141.0434 
  0.8982329 138.9488 
  0.8581223 136.8852 
  0.6036265 136.2042 
  0.03240804 135.5266 
  0.4323871 135.5266 
  0.9113223 135.5266 
  0.9656193 136.2042 
  0.9420139 136.2042 
  0.9638941 135.5266 
  0.9814493 134.8523 
  0.9762849 133.5138 
  0.9559405 131.531 
  0.9831833 129.5776 
  0.9960346 128.2915 
  0.9916965 127.6532 
  0.9881569 127.0181 
  0.9888533 125.7574 
  0.9732063 124.5092 
  0.9643531 123.2734 
  0.9773433 121.4426 
  0.9886855 120.8384 
  0.9863705 121.4426 
  0.984158 122.6601 
  0.9822011 124.5092 
  0.9748032 126.3862 
  0.9518762 128.9329 
  0.9291931 132.8496 
  0.9320611 137.5696 
  0.9599087 141.7487 
  0.9474597 146.0546 
  0.9383554 151.2439 
  0.9436239 156.6175 
  0.9698722 160.5723 
  0.9904127 163.8079 
  0.9965327 164.6269 
  0.9981838 165.4501 
  0.9984737 166.2773 
  0.997944 165.4501 
  0.9945716 164.6269 
  0.9884471 162.182 
  0.9694836 159.7734 
  0.9477309 155.063 
  0.8922083 150.4914 
  0.831992 145.328 
  0.838551 140.3417 
  0.8485525 134.1814 
  0.8860762 129.5776 
  0.9207928 127.0181 
  0.9101031 123.8897 
  0.8910663 120.8384 
  0.9399942 117.2759 
  0.9509277 115.5342 
  0.9492662 113.8184 
  0.9524211 112.128 
  0.9781677 111.0151 
  0.9758002 110.4628 
  0.9631194 109.9132 
  0.9417303 108.2809 
  0.8762889 106.6728 
  0.7536404 105.614 
  0.2065136 106.142 
  0.2062597 107.7421 
  0.1710275 109.3664 
  0.03294959 111.0151 
  -0.02965336 112.6886 
  -0.09255028 114.3874 
  0.277421 117.2759 
  0.5333867 117.2759 
  0.7953185 116.6924 
  0.7565778 116.6924 
  0.5665858 116.6924 
  0.4761823 110.4628 
  0.9275497 109.9132 
  0.6265804 111.5702 
  0.278385 116.1118 
  0.6228082 121.4426 
  0.8680183 123.2734 
  0.8305426 124.5092 
  0.8749602 124.5092 
  0.8893409 125.1317 
  0.9349655 125.7574 
  0.9107559 126.3862 
  0.9076032 127.6532 
  0.8108616 128.2915 
  0.735942 128.2915 
  0.54053 125.1317 
  -0.7286513 127.6532 
  0.1219277 130.2255 
  0.06747381 132.8496 
  0.3031125 135.5266 
  0.5286158 138.2575 
  -0.08784908 141.0434 
  0.04411775 143.8855 
  0.05462433 147.5188 
  0.08816855 150.4914 
  0.2094294 152.7601 
  -0.1376988 155.8383 
  -0.003610183 158.9785 
  0.03650815 162.182 
  -0.2732537 165.4501 
  0.7986451 177.4156 
  0.8539827 176.533 
  0.9697964 174.7808 
  0.9885085 172.185 
  0.9736476 172.185 
  0.9376372 174.7808 
  0.9124947 177.4156 
  0.7981247 177.4156 
  0.7008024 175.6547 
  0.3749257 173.9112 
  0.01404698 173.046 
  0.06990036 172.185 
  0.02796104 171.3284 
  -0.007835518 170.476 
  0.2109514 169.6279 
  0.07135047 168.784 
  0.1583955 167.9442 
  0.1556344 167.1087 
  -0.02793477 165.4501 
  0.01223198 164.6269 
  0.1913888 163.8079 
  0.7913668 162.182 
  0.8972834 159.7734 
  0.9260831 157.4006 
  0.9662652 154.2915 
  0.9750423 151.2439 
  0.9477803 147.5188 
  0.9082907 143.8855 
  0.8500648 141.0434 
  0.384574 141.0434 
  -0.07996435 141.7487 
  0.1111061 143.1697 
  0.005955438 144.605 
  -0.04024077 146.0546 
  -0.2879862 147.5188 
  -0.02756844 148.9977 
  -0.193408 150.4914 
  0.1048753 152.0001 
  -0.2790279 153.5239 
  -0.09284023 155.063 
  0.1440419 156.6175 
  0.2777004 157.4006 
  0.1006549 158.1876 
  0.00589908 157.4006 
  0.07512277 156.6175 
  0.2034445 155.8383 
  0.6761844 165.4501 
  0.5168222 159.7734 
  0.774478 154.2915 
  0.9671603 152.7601 
  0.9720454 154.2915 
  0.9670112 155.063 
  0.9632192 155.063 
  0.9680781 155.063 
  0.985028 155.8383 
  0.9860144 155.063 
  0.9867491 155.063 
  0.9853342 154.2915 
  0.948973 153.5239 
  0.9204724 150.4914 
  0.9109839 148.2564 
  0.866521 144.605 
  0.819681 141.7487 
  0.8794567 138.2575 
  0.909291 136.2042 
  0.8711648 132.8496 
  0.8454581 130.2255 
  0.8864303 127.6532 
  0.8379154 125.1317 
  0.7163732 123.2734 
  0.6499549 121.4426 
  0.2929497 120.8384 
  0.8862154 123.2734 
  0.9427938 125.7574 
  0.7640093 128.2915 
  0.3653983 131.531 
  0.02517949 134.8523 
  0.3594238 138.2575 
  0.7356693 138.9488 
  0.9126093 141.7487 
  0.9480402 143.1697 
  0.9780028 144.605 
  0.9889797 146.0546 
  0.9954325 146.7849 
  0.9967003 147.5188 
  0.9854792 147.5188 
  0.9588854 146.7849 
  0.9269171 146.0546 
  0.9018892 145.328 
  0.8907484 144.605 
  0.8926326 141.0434 
  0.7573207 138.2575 
  0.8838472 136.2042 
  0.9485642 134.8523 
  0.9674867 134.1814 
  0.9723791 134.1814 
  0.9671027 132.8496 
  0.9390092 130.8766 
  0.88944 128.2915 
  0.9066954 126.3862 
  0.8597496 124.5092 
  0.8089821 123.8897 
  0.8871927 123.2734 
  0.9107249 122.0498 
  0.925048 120.8384 
  0.9518414 119.639 
  0.9877711 119.0438 
  0.9960962 118.4515 
  0.9942192 117.8622 
  0.9862567 116.6924 
  0.9579341 115.5342 
  0.933583 113.8184 
  0.9121348 112.128 
  0.8909444 110.4628 
  0.9311446 109.3664 
  0.9334394 108.8223 
  0.7813829 109.3664 
  0.3831424 111.0151 
  -0.1078728 113.8184 
  -0.2463782 116.6924 
  -0.07922429 119.639 
  -0.1740296 122.6601 
  -0.07903487 126.3862 
  0.3085773 129.5776 
  0.813614 132.8496 
  0.8805251 136.2042 
  0.90184 138.2575 
  0.9432334 138.9488 
  0.9558253 139.6435 
  0.9474633 140.3417 
  0.9669816 142.4574 
  0.9803083 144.605 
  0.9687983 146.0546 
  0.9717792 148.2564 
  0.9847142 148.2564 
  0.9792249 147.5188 
  0.9459449 146.0546 
  0.8311034 143.8855 
  0.7455854 138.9488 
  0.73739 133.5138 
  0.7975436 128.2915 
  0.8983995 125.1317 
  0.8313643 123.8897 
  0.6261879 122.6601 
  0.4152686 122.6601 
  0.3171114 122.6601 
  0.2263354 123.2734 
  0.01214692 123.8897 
  0.01436873 124.5092 
  -0.07473585 125.1317 
  0.06102657 125.7574 
  0.0854188 126.3862 
  0.02836925 127.0181 
  -0.03142878 127.6532 
  -0.1939117 128.2915 
  -0.1773192 129.5776 
  -0.1448093 130.2255 
  -0.2469607 130.8766 
  0.7186581 131.531 
  0.7889166 130.2255 
  0.8754786 128.2915 
  0.9120011 124.5092 
  0.9305888 120.8384 
  0.9313141 118.4515 
  0.9129449 116.1118 
  0.8477585 114.9594 
  0.497803 114.3874 
  0.3033557 114.3874 
  0.5928976 114.3874 
  0.8902087 114.3874 
  0.87848 114.3874 
  0.8726183 114.3874 
  0.7656243 114.3874 
  0.7213435 113.8184 
  -0.1329427 113.2521 
  -0.0118671 112.6886 
  0.290375 112.128 
  0.09417757 111.5702 
  0.07991274 111.5702 
  0.09113294 111.0151 
  0.1037154 109.3664 
  0.7811039 107.2061 
  0.8105248 106.6728 
  0.8712867 105.614 
  0.9078206 103.5278 
  0.8653919 101.9903 
  0.6790778 101.9903 
  -0.09810907 104.0455 
  -0.1197567 106.6728 
  0.189064 109.3664 
  -0.03505769 112.6886 
  0.1465216 116.1118 
  -0.01700729 119.639 
  0.08594021 122.6601 
  0.1069259 125.1317 
  0.02450856 128.2915 
  -0.02227533 132.8496 
  0.1461602 136.2042 
  0.002098219 139.6435 
  -0.004225162 143.8855 
  0.6563691 146.7849 
  0.4102613 136.2042 
  0.7276676 134.8523 
  0.9308164 135.5266 
  0.944048 136.2042 
  0.9872207 136.8852 
  0.995104 136.8852 
  0.95017 137.5696 
  0.8835666 140.3417 
  0.9306101 141.7487 
  0.8507359 142.4574 
  0.7121274 141.7487 
  0.5594773 142.4574 
  0.8382514 142.4574 
  0.8415872 139.6435 
  0.7719369 136.8852 
  0.4318947 133.5138 
  0.2712125 130.8766 
  0.1862603 128.2915 
  0.4417877 125.1317 
  0.1009965 122.0498 
  0.1807149 119.0438 
  0.259394 116.1118 
  0.09879173 112.6886 
  0.4956007 109.9132 
  0.2782318 101.9903 
  0.2442923 91.39146 
  0.3344201 90.48434 
  0.5282061 90.93677 
  0.6568098 89.58624 
  0.5094054 89.58624 
  0.199203 88.69706 
  0.1207236 88.69706 
  0.3525163 89.14054 
  0.2697794 89.58624 
  0.3443094 90.03418 
  0.3253856 90.03418 
  -0.4192888 89.58624 
  -0.4373714 89.14054 
  0.03551776 88.69706 
  -0.1303062 88.25578 
  -0.1569002 87.8167 
  0.0393629 87.3798 
  0.01273122 87.3798 
  0.02199093 87.3798 
  0.3284973 87.3798 
  0.4714046 87.3798 
  0.6956037 87.3798 
  0.8432946 87.8167 
  0.7985588 87.8167 
  0.7222603 86.94508 
  0.6607349 85.65383 
  0.6555632 84.80367 
  0.7878724 83.54424 
  0.6947303 83.12859 
  0.3599394 82.3035 
  0.3420587 82.3035 
  0.8449717 82.71502 
  0.8456218 83.12859 
  0.7816765 83.12859 
  0.759869 83.96195 
  0.8647245 84.38177 
  0.9045173 84.38177 
  0.7567713 85.2277 
  0.8500946 85.65383 
  0.8725762 86.0821 
  0.7881676 86.51251 
  0.8678711 87.3798 
  0.7192982 87.8167 
  0.6592605 89.58624 
  0.6344756 90.48434 
  0.4713025 91.84841 
  0.3096501 94.63854 
  0.3580515 97.51342 
  0.4586204 100.4756 
  0.3663494 103.5278 
  0.5634415 106.6728 
  0.7626266 109.9132 
  0.8738256 112.128 
  0.9360615 114.3874 
  0.9209812 117.2759 
  0.9105157 120.8384 
  0.827593 124.5092 
  0.7889871 127.0181 
  0.7560849 128.2915 
  0.7623005 128.2915 
  0.7835947 128.2915 
  0.3635476 128.2915 
  0.004554861 128.2915 
  0.04206486 128.2915 
  0.2170695 128.2915 
  0.0928584 128.2915 
  -0.06876084 128.2915 
  0.05013319 128.2915 
  0.1619264 128.2915 
  0.167248 128.2915 
  0.2574182 128.2915 
  -0.01227463 128.2915 
  -0.1816215 128.2915 
  -0.1389976 128.2915 
  0.0009390544 128.2915 
  0.1309675 128.2915 
  0.03620855 128.2915 
  0.1078114 128.2915 
  -0.02044783 128.2915 
  -0.112143 128.2915 
  -0.09951194 128.2915 
  -0.1930735 128.2915 
  -0.06850472 128.2915 
  0.03693439 128.2915 
  0.01991254 128.2915 
  -0.06213523 128.2915 
  -0.0680656 128.2915 
  -0.2248458 128.2915 ]
