 [
  0.1400557 254.067 
  -0.1098382 254.067 
  -0.1118908 254.067 
  -0.2122594 254.067 
  0.09811608 254.067 
  0.1619595 254.067 
  0.2262999 254.067 
  0.06189356 254.067 
  0.1034977 254.067 
  0.04705352 254.067 
  -0.02634508 254.067 
  0.7830098 254.067 
  0.2009102 254.067 
  0.1845692 254.067 
  0.002468593 252.8029 
  -0.1871026 251.5452 
  -0.05962614 250.2938 
  0.3218544 249.0485 
  0.3351721 249.0485 
  0.6581625 250.2938 
  0.8498024 252.8029 
  0.9470767 254.067 
  0.9833629 257.8971 
  0.9934659 259.1866 
  0.9970042 259.1866 
  0.9996347 257.8971 
  0.9989331 257.8971 
  0.9945567 256.614 
  0.9861288 255.3373 
  0.9758673 252.8029 
  0.9202747 251.5452 
  0.8709813 251.5452 
  0.7334816 252.8029 
  0.0730593 254.067 
  -0.03559093 255.3373 
  -0.0236454 256.614 
  -0.1091704 257.8971 
  0.04997288 259.1866 
  -0.004734339 260.4825 
  0.3094937 261.7849 
  0.8376245 260.4825 
  0.9554955 260.4825 
  0.9815672 257.8971 
  0.9741044 256.614 
  0.9667578 254.067 
  0.9201728 251.5452 
  0.9745865 247.8095 
  0.999101 247.8095 
  0.9988117 250.2938 
  0.9996958 251.5452 
  1.000148 252.8029 
  0.9991999 251.5452 
  0.9972425 251.5452 
  0.9832833 252.8029 
  0.9394862 259.1866 
  0.9688779 261.7849 
  0.9882239 264.4093 
  0.9975184 264.4093 
  0.9964516 264.4093 
  0.993687 265.7313 
  0.9887112 267.06 
  0.9863369 269.7372 
  0.976747 273.8036 
  0.9699062 277.9312 
  0.9780282 282.1211 
  0.9853194 284.9493 
  0.9753453 287.806 
  0.9566603 286.3741 
  0.9347171 284.9493 
  0.8616876 286.3741 
  0.7603852 292.1447 
  0.772388 299.5217 
  0.2384199 307.085 
  0.3349547 314.8393 
  0.5690237 321.1834 
  0.7743561 313.2729 
  0.9820015 307.085 
  0.9987268 305.5572 
  0.9982501 304.037 
  0.9981087 304.037 
  0.998306 304.037 
  0.9982663 305.5572 
  0.9987856 307.085 
  0.9990887 308.6204 
  0.999123 308.6204 
  0.9987143 310.1635 
  0.9983132 310.1635 
  0.9966261 310.1635 
  0.9778622 305.5572 
  0.9136313 301.0193 
  0.5563367 305.5572 
  0.5631521 334.2579 
  0.7890517 340.9934 
  0.7125795 334.2579 
  -0.5204714 292.1447 
  0.4125006 252.8029 
  0.318489 246.5766 
  0.3209328 256.614 
  0.3891964 263.0938 
  0.3984274 254.067 
  0.7576709 249.0485 
  0.9710301 249.0485 
  0.9992173 249.0485 
  0.9955289 249.0485 
  0.9908395 247.8095 
  0.9775158 246.5766 
  0.9599046 245.3498 
  0.9382961 239.307 
  0.9781156 236.9318 
  0.9819977 235.753 
  0.9774563 236.9318 
  0.9668363 240.5036 
  0.9760615 244.1292 
  0.9818736 244.1292 
  0.9807882 242.9146 
  0.9871951 239.307 
  0.9921958 238.1164 
  0.9779041 235.753 
  0.9388087 233.4131 
  0.9159592 231.0963 
  0.9824144 228.8026 
  0.9915577 226.5316 
  0.9591614 226.5316 
  0.9646645 226.5316 
  0.9846668 226.5316 
  0.9960669 226.5316 
  0.9875705 225.4046 
  0.9733157 223.1673 
  0.9460745 219.853 
  0.9675869 216.5879 
  0.990567 214.4382 
  0.9883575 213.3714 
  0.9892184 213.3714 
  0.9903792 213.3714 
  0.9898879 214.4382 
  0.9872552 214.4382 
  0.9776531 215.5104 
  0.9237173 216.5879 
  0.8731502 218.7592 
  0.5104365 222.057 
  0.2827711 225.4046 
  0.1102631 228.8026 
  0.6366754 232.2518 
  0.3091478 235.753 
  0.5070723 239.307 
  0.4745245 242.9146 
  0.1550604 246.5766 
  -0.05052312 250.2938 
  0.01412341 255.3373 
  0.02059498 260.4825 
  0.2394789 265.7313 
  0.1445045 269.7372 
  0.2768114 275.1726 
  0.8534076 280.7175 
  0.9459013 280.7175 
  0.9804411 280.7175 
  0.9964143 280.7175 
  0.9984273 280.7175 
  0.9960982 279.3209 
  0.9876496 279.3209 
  0.9642932 277.9312 
  0.8376374 279.3209 
  0.4704958 282.1211 
  0.1241959 284.9493 
  0.114399 287.806 
  -0.03073989 290.6912 
  0.00447699 293.6054 
  0.08740677 296.5488 
  0.1916732 298.0316 
  0.2833402 299.5217 
  0.3192023 302.5244 
  0.2022677 305.5572 
  0.3281017 308.6204 
  0.2274495 310.1635 
  0.1299211 311.7143 
  0.1696811 313.2729 
  0.5566779 316.4135 
  0.6770127 311.7143 
  0.7756016 304.037 
  0.9887713 296.5488 
  0.9984214 293.6054 
  0.9968661 290.6912 
  0.997582 289.245 
  0.9957668 286.3741 
  0.9958111 283.5317 
  0.9920122 282.1211 
  0.9717234 280.7175 
  0.9106972 280.7175 
  0.7015977 280.7175 
  0.9497406 280.7175 
  0.7512839 282.1211 
  0.3623777 282.1211 
  0.4115141 282.1211 
  0.02708828 282.1211 
  0.03061752 282.1211 
  0.02617541 283.5317 
  0.02745224 283.5317 
  0.01781789 283.5317 
  -0.02555544 283.5317 
  -0.02409885 283.5317 
  0.01525378 283.5317 
  0.09929951 283.5317 
  0.1024037 283.5317 
  -0.2397841 283.5317 
  0.6012359 283.5317 
  0.8610467 282.1211 
  0.9257004 277.9312 
  0.9304286 269.7372 
  0.9553949 264.4093 
  0.9529386 260.4825 
  0.9459371 256.614 
  0.9622782 251.5452 
  0.9844343 249.0485 
  0.9759493 245.3498 
  0.9796447 242.9146 
  0.988425 240.5036 
  0.9916119 239.307 
  0.9965597 238.1164 
  0.976882 235.753 
  0.9793006 233.4131 
  0.9840714 232.2518 
  0.9920124 229.9466 
  0.9941176 228.8026 
  0.9861557 227.6642 
  0.9821964 225.4046 
  0.9975494 224.2832 
  0.9963733 224.2832 
  0.9861815 225.4046 
  0.9942001 226.5316 
  0.9949489 227.6642 
  0.9937388 227.6642 
  0.9930851 227.6642 
  0.9950963 228.8026 
  0.9881772 229.9466 
  0.9732393 231.0963 
  0.9480538 229.9466 
  0.9111475 227.6642 
  0.9294441 226.5316 
  0.4953718 226.5316 
  0.1642647 226.5316 
  0.02396385 226.5316 
  0.2107508 225.4046 
  0.5793846 223.1673 
  0.9251056 220.9523 
  0.9676591 217.6709 
  0.9644981 215.5104 
  0.9118183 212.3098 
  0.7934889 209.1568 
  0.4100348 209.1568 
  0.2585561 218.7592 
  0.3130814 220.9523 
  0.7540117 222.057 
  0.4650951 223.1673 
  0.1791983 224.2832 
  -0.07042615 225.4046 
  -0.09185674 226.5316 
  -0.1449705 227.6642 
  0.04144523 228.8026 
  0.05557434 229.9466 
  -0.08483963 231.0963 
  -0.1154547 231.0963 
  -0.08035027 231.0963 
  -0.04260465 231.0963 
  -0.05854953 232.2518 
  0.3303988 233.4131 
  0.12253 233.4131 
  0.115425 233.4131 
  0.6858781 233.4131 
  0.8734418 232.2518 
  0.8957293 229.9466 
  0.9284974 225.4046 
  0.9222322 220.9523 
  0.9337494 217.6709 
  0.9328929 213.3714 
  0.9609383 209.1568 
  0.9505164 206.0505 
  0.9633906 202.9904 
  0.9771969 200.9756 
  0.9592892 198.9809 
  0.960066 196.0257 
  0.9388731 194.0801 
  0.9346185 191.1978 
  0.90944 187.4211 
  0.9298548 184.6377 
  0.9512985 180.9906 
  0.9638289 179.1942 
  0.9955559 177.4156 
  0.9815821 176.533 
  0.9833228 175.6547 
  0.9050623 174.7808 
  0.4490519 173.9112 
  0.1625227 176.533 
  0.0268606 180.0902 
  -0.03488252 180.0902 
  -0.04163625 180.0902 
  -0.3207978 180.0902 
  -0.7386453 180.0902 
  0.05574917 180.0902 
  0.03881525 180.0902 
  0.3580191 180.0902 
  0.3821309 180.0902 
  0.2167605 180.0902 
  -0.03982758 180.0902 
  -0.07505421 180.0902 
  -0.04779316 180.0902 
  0.008918351 180.0902 
  0.1692305 180.0902 
  0.06674442 180.0902 
  0.2053082 180.0902 
  0.1767089 180.0902 
  0.0906224 180.0902 
  -0.02161054 180.0902 
  0.1140157 180.0902 
  0.1880964 180.0902 
  -0.4295486 180.0902 
  -0.1523668 180.0902 
  -0.1444826 180.0902 
  -0.09370216 180.0902 
  -0.1296149 180.0902 
  0.1300259 180.0902 
  -0.1127891 180.0902 
  -0.1624458 180.0902 
  -0.2015791 180.0902 
  -0.3683669 180.0902 
  -0.04180431 180.0902 
  0.01768794 180.0902 
  -0.05221073 180.0902 ]
