 [
  0.195983 112.6886 
  0.2268299 112.6886 
  0.1585198 112.6886 
  -0.09050658 112.6886 
  -0.01080264 112.6886 
  0.02174477 112.6886 
  0.1447745 112.6886 
  -0.1246034 112.6886 
  -0.08935201 112.6886 
  -0.1334977 112.6886 
  -0.03212079 112.6886 
  -0.06462695 112.6886 
  -0.02386178 112.6886 
  -0.3408512 112.6886 
  -0.2190184 112.6886 
  0.1359655 112.6886 
  0.1584493 112.6886 
  0.1214991 112.6886 
  -0.2509403 112.6886 
  -0.2186379 112.6886 
  -0.3393699 112.6886 
  -0.2657138 112.6886 
  0.5016409 112.6886 
  0.7020125 112.6886 
  0.6814231 112.6886 
  0.684121 110.4628 
  0.8100094 109.9132 
  0.926464 109.3664 
  0.9664086 109.3664 
  0.9776697 109.3664 
  0.9621493 109.9132 
  0.9488336 111.0151 
  0.9489841 112.128 
  0.9073054 113.2521 
  0.8179342 115.5342 
  0.7580105 118.4515 
  0.458553 121.4426 
  0.3391046 123.8897 
  0.1242749 126.3862 
  0.07089112 128.9329 
  0.1653141 128.9329 
  0.04231181 127.6532 
  -0.03399193 127.0181 
  0.1216042 126.3862 
  0.06411179 125.7574 
  -0.01390638 125.1317 
  0.2386956 124.5092 
  0.1477958 123.8897 
  0.2969767 123.2734 
  0.1423706 122.6601 
  -0.08713046 122.0498 
  -0.03511472 121.4426 
  0.309531 120.2372 
  0.6566641 121.4426 
  0.7561203 120.8384 
  0.6991813 121.4426 
  0.8754116 114.9594 
  0.931284 112.6886 
  0.9505137 111.5702 
  0.8607501 111.5702 
  0.8530114 114.3874 
  0.8140206 113.8184 
  0.8845159 113.2521 
  0.9748723 112.6886 
  0.9772426 112.128 
  0.9869798 112.128 
  0.9708145 111.5702 
  0.914838 109.9132 
  0.9402125 108.2809 
  0.866942 107.7421 
  0.6792775 107.7421 
  0.5414438 107.7421 
  0.06583335 108.2809 
  -0.02250265 108.8223 
  -0.04548402 108.8223 
  0.03660273 108.8223 
  0.1721143 109.3664 
  0.03230623 109.3664 
  0.01762302 109.9132 
  0.02338473 110.4628 
  0.1860472 111.0151 
  -0.04021646 111.0151 
  0.1348159 111.5702 
  0.154428 111.5702 
  0.6345272 111.5702 
  0.7461435 111.5702 
  0.6056743 111.5702 
  0.6548686 111.5702 
  0.6793501 111.5702 
  0.1140156 111.5702 
  -0.01647728 111.5702 
  0.6949476 112.128 
  0.8581924 113.2521 
  0.9239005 112.6886 
  0.9176204 113.2521 
  0.8659602 112.128 
  0.8684037 111.5702 
  0.9091355 109.9132 
  0.9449649 109.3664 
  0.9084572 109.3664 
  0.7842751 110.4628 
  0.8112442 112.6886 
  0.6927307 113.8184 
  0.3929284 112.6886 
  0.145133 111.5702 
  0.1644469 112.128 
  0.1447196 112.128 
  -0.03812993 113.2521 
  0.06118027 112.128 
  0.1172892 111.0151 
  0.04601287 109.3664 
  -0.09569717 106.6728 
  -0.1391486 103.0128 
  -0.002807407 99.97575 
  0.53511 97.51342 
  0.5433562 97.02828 
  0.7131571 95.5873 
  0.3484707 96.54556 
  0.4625137 99.47836 
  0.9351989 100.4756 
  0.9676335 99.97575 
  0.8858287 99.97575 
  0.8854145 99.47836 
  0.9456283 98.491 
  0.9591518 98.98344 
  0.9057747 98.98344 
  0.8575106 99.97575 
  0.8753276 101.4829 
  0.744588 101.9903 
  0.6994123 103.0128 
  0.2849708 104.0455 
  -0.3539938 105.614 
  -0.02881834 107.2061 
  0.08921719 108.8223 
  -0.1278696 110.4628 
  -0.05698868 112.128 
  0.1123622 113.8184 
  0.3684166 115.5342 
  0.09191918 117.2759 
  0.06617817 120.2372 
  0.2218048 123.8897 
  -0.0868094 126.3862 
  -0.152475 128.2915 
  0.6642652 128.9329 
  0.7736015 126.3862 
  0.8606139 122.0498 
  0.9469568 117.2759 
  0.9776464 114.3874 
  0.9787767 113.2521 
  0.9975665 112.128 
  0.9951374 111.5702 
  0.8899353 111.5702 
  0.783837 111.5702 
  0.4013231 111.0151 
  -0.03919343 110.4628 
  0.05008992 109.9132 
  0.08759867 109.3664 
  -0.1165919 108.8223 
  0.1731419 108.2809 
  0.2728235 107.7421 
  0.2170578 107.2061 
  0.1619225 106.6728 
  0.2186475 106.142 
  -0.3156608 105.614 
  -0.09512412 104.5657 
  0.1733499 103.5278 
  0.01192181 102.5003 
  0.09086439 101.4829 
  0.3352827 100.978 
  0.2195011 95.11173 
  0.4947504 93.23304 
  0.2452919 92.7692 
  0.186134 92.7692 
  0.5029823 99.97575 
  0.8793693 98.98344 
  0.9500027 99.47836 
  0.8409398 98.98344 
  0.8733644 98.00098 
  0.9109985 97.02828 
  0.9190025 96.54556 
  0.8332328 97.02828 
  0.7541971 98.491 
  0.8010291 100.4756 
  0.7532769 101.9903 
  0.6306993 104.5657 
  0.5402332 105.0885 
  0.5363048 104.5657 
  0.144789 107.2061 
  0.09450276 112.6886 
  0.4569486 118.4515 
  0.6564444 121.4426 
  0.6225968 119.639 
  0.6311105 115.5342 
  0.7900348 112.128 
  0.9247937 109.9132 
  0.9314973 107.7421 
  0.9595022 107.2061 
  0.9657522 107.2061 
  0.9779867 107.7421 
  0.9870421 108.2809 
  0.9777238 107.7421 
  0.9610406 107.2061 
  0.9313298 106.142 
  0.8836746 104.5657 
  0.8551248 102.5003 
  0.8982229 98.98344 
  0.9261605 98.491 
  0.939056 98.98344 
  0.9904269 99.47836 
  0.9916603 98.98344 
  0.9870334 99.47836 
  0.9821981 99.47836 
  0.9835483 99.47836 
  0.9778738 98.98344 
  0.9639772 98.98344 
  0.9301291 98.98344 
  0.9248237 98.98344 
  0.9535674 99.47836 
  0.9764215 98.98344 
  0.9408101 98.98344 
  0.9244345 98.491 
  0.9107524 97.51342 
  0.8368239 97.51342 
  0.7963521 97.02828 
  0.9127787 97.51342 
  0.8267134 98.491 
  0.713663 98.98344 
  0.6602913 99.47836 
  0.7560234 99.97575 
  0.8708297 100.4756 
  0.8651415 100.978 
  0.7696936 101.4829 
  0.5582781 101.9903 
  0.1400159 102.5003 
  0.06699546 103.0128 
  0.1134306 103.5278 
  0.3008097 103.5278 
  0.3869859 103.5278 
  0.06859069 103.5278 
  0.02358503 103.5278 
  -0.02325607 103.5278 
  -0.09585756 103.5278 
  -0.1488769 103.5278 
  -0.008882709 103.5278 
  -0.0630101 103.5278 
  -0.1910844 103.5278 
  0.1414083 103.5278 
  0.007124909 103.5278 
  -0.1626149 103.5278 ]
