 [
  -0.01988486 155.063 
  -0.04934529 155.063 
  -0.05221133 155.063 
  0.1723588 155.063 
  0.152406 155.063 
  0.2052729 155.063 
  -0.1099867 155.063 
  -0.05706716 155.063 
  0.02171932 155.063 
  -0.1040849 155.063 
  0.3708168 155.063 
  0.5100564 155.063 
  -0.03204175 155.063 
  0.587782 151.2439 
  0.848227 148.2564 
  0.9006722 145.328 
  0.8728132 141.0434 
  0.8641738 138.2575 
  0.8986222 134.8523 
  0.9138862 132.1886 
  0.9417861 130.2255 
  0.9747809 128.9329 
  0.9911227 128.2915 
  0.9768826 128.2915 
  0.9708137 127.6532 
  0.9838507 126.3862 
  0.9828417 125.7574 
  0.9772153 125.1317 
  0.9753189 124.5092 
  0.9660114 124.5092 
  0.9695161 125.1317 
  0.9850239 125.7574 
  0.9435606 125.7574 
  0.8887834 124.5092 
  0.9031382 122.6601 
  0.9430769 120.8384 
  0.9761477 120.2372 
  0.9812784 120.2372 
  0.9792721 120.2372 
  0.9804585 120.2372 
  0.9824727 120.2372 
  0.9797899 119.639 
  0.980395 119.0438 
  0.980888 118.4515 
  0.9787099 118.4515 
  0.9714676 119.0438 
  0.9665406 120.2372 
  0.9750692 121.4426 
  0.9704859 123.2734 
  0.9139545 127.0181 
  0.8697403 130.8766 
  0.8305442 134.8523 
  0.8681585 138.2575 
  0.8966113 140.3417 
  0.8870011 142.4574 
  0.8707033 145.328 
  0.9190946 148.2564 
  0.9212785 151.2439 
  0.9621944 153.5239 
  0.9606339 155.8383 
  0.9487514 158.1876 
  0.9606493 160.5723 
  0.9691212 163.8079 
  0.9888459 165.4501 
  0.9798515 166.2773 
  0.9225159 166.2773 
  0.8557359 165.4501 
  0.8090187 164.6269 
  0.6011509 163.8079 
  -0.0002022954 163.8079 
  0.146322 163.8079 
  0.1292284 162.9929 
  0.2206742 163.8079 
  -0.07912853 165.4501 
  0.08467552 167.1087 
  0.2981611 168.784 
  0.5088602 169.6279 
  0.568867 148.2564 
  0.6654608 144.605 
  0.8554062 138.9488 
  0.9012597 135.5266 
  0.9375319 133.5138 
  0.970549 131.531 
  0.9830515 130.2255 
  0.9739458 128.9329 
  0.9577585 127.6532 
  0.9147526 125.7574 
  0.8358077 123.2734 
  0.8025847 120.8384 
  0.741736 119.0438 
  0.6711873 117.2759 
  0.897535 117.2759 
  0.909408 119.639 
  0.9407755 120.2372 
  0.9590776 120.2372 
  0.9660704 119.0438 
  0.9604495 117.8622 
  0.9469763 116.1118 
  0.9570379 115.5342 
  0.9580746 114.9594 
  0.9209315 115.5342 
  0.9017642 117.2759 
  0.7903075 119.639 
  0.5658599 122.0498 
  0.3402542 124.5092 
  0.2013613 127.0181 
  0.3783308 130.2255 
  0.5163327 133.5138 
  0.5504868 136.8852 
  0.8933966 138.9488 
  0.970915 140.3417 
  0.9781389 141.7487 
  0.9870542 141.0434 
  0.9854715 140.3417 
  0.985773 138.9488 
  0.9787976 136.8852 
  0.9854485 135.5266 
  0.9799933 134.1814 
  0.9348488 133.5138 
  0.8639886 134.8523 
  0.3580689 134.8523 
  -0.01221341 134.8523 
  0.05099932 134.1814 
  -0.02077558 133.5138 
  0.1686772 132.8496 
  0.1084679 132.1886 
  0.007216733 131.531 
  -0.09519897 130.8766 
  0.1004599 130.2255 
  0.001284792 129.5776 
  0.3985826 128.9329 
  0.6417889 136.8852 
  0.7916933 135.5266 
  0.8338265 133.5138 
  0.8710551 130.8766 
  0.7648172 127.0181 
  0.6051308 125.1317 
  0.7752026 123.8897 
  0.7844588 122.6601 
  0.8095861 122.0498 
  0.7988858 121.4426 
  0.7606734 121.4426 
  0.8840549 122.0498 
  0.8827412 121.4426 
  0.9097239 120.2372 
  0.9450984 118.4515 
  0.9629226 117.2759 
  0.8699031 117.2759 
  0.7843252 117.8622 
  0.3716554 117.8622 
  0.2504396 122.0498 
  -0.02689619 126.3862 
  -0.1936255 130.8766 
  -0.0485983 135.5266 
  0.06824459 140.3417 
  0.1606586 144.605 
  -0.04524732 149.7427 
  0.1844164 155.063 
  0.1970712 159.7734 
  -0.1726877 164.6269 
  0.5784128 168.784 
  0.7294961 153.5239 
  0.8869923 151.2439 
  0.9919209 150.4914 
  0.997269 150.4914 
  0.9960679 151.2439 
  0.9910884 152.0001 
  0.9892936 152.7601 
  0.9885805 154.2915 
  0.9900851 155.8383 
  0.9939257 156.6175 
  0.9762053 155.8383 
  0.9177794 152.7601 
  0.8848919 149.7427 
  0.8206629 145.328 
  0.852531 141.0434 
  0.8848704 136.8852 
  0.8188258 132.8496 
  0.8615015 128.9329 
  0.8776567 125.7574 
  0.8856382 122.6601 
  0.9515571 120.8384 
  0.9698448 119.639 
  0.9843895 118.4515 
  0.9825327 118.4515 
  0.9732621 117.8622 
  0.9333088 116.6924 
  0.7649432 116.1118 
  0.1860444 117.2759 
  0.05930186 118.4515 
  -0.02036761 120.2372 
  0.06874962 122.0498 
  0.03873436 123.8897 
  0.01965269 125.7574 
  0.06107906 127.6532 
  -0.1077163 129.5776 
  0.007953491 130.8766 
  -0.118213 132.1886 
  0.03043371 134.1814 
  -0.03659778 135.5266 
  0.222051 137.5696 
  0.806199 139.6435 
  0.5942107 133.5138 
  0.7056217 128.9329 
  0.9567288 126.3862 
  0.9903058 125.1317 
  0.9810709 123.8897 
  0.9763187 122.6601 
  0.9910823 122.0498 
  0.9991833 121.4426 
  0.9982393 121.4426 
  0.9976081 121.4426 
  0.9978775 121.4426 
  0.9959252 120.8384 
  0.9844941 120.2372 
  0.9894558 119.639 
  0.9836019 119.0438 
  0.9778813 117.8622 
  0.9860157 116.6924 
  0.9885073 116.1118 
  0.9899276 116.1118 
  0.9873953 116.1118 
  0.951884 115.5342 
  0.8818625 114.9594 
  0.8538646 112.6886 
  0.3712402 113.2521 
  0.2708302 113.8184 
  -0.1430704 114.3874 
  0.1061064 114.9594 
  0.07694677 115.5342 
  0.2466761 116.1118 
  0.1171098 116.6924 
  0.02977679 117.2759 
  -0.1156278 117.8622 
  -0.003293276 118.4515 
  -0.005173988 119.0438 
  -0.03510178 119.639 
  -0.2206472 120.2372 
  0.2871633 120.8384 
  -0.1414249 121.4426 
  0.07448167 122.0498 
  0.09294201 122.6601 
  0.1957633 123.2734 
  0.07654988 123.8897 
  -0.05129891 124.5092 
  -0.04807191 125.1317 
  0.006469581 125.7574 
  0.1230624 126.3862 
  0.1926664 127.0181 
  0.03988083 127.6532 
  -0.00828987 128.9329 
  0.0528099 130.2255 
  -0.01717323 130.8766 
  0.1105266 131.531 
  0.1508778 132.1886 
  0.324183 132.8496 
  0.3158276 134.1814 
  0.178096 134.8523 
  0.1140134 136.2042 
  0.009283488 137.5696 
  -0.02642263 138.9488 
  0.06419593 140.3417 
  0.1139466 141.7487 
  0.1103449 143.1697 
  -0.6516556 144.605 
  -0.2658601 146.0546 
  -0.4306 147.5188 
  -0.1241183 148.9977 
  0.09217308 150.4914 
  -0.146031 152.0001 
  -0.3828003 153.5239 
  -0.2040105 155.063 
  -0.08089211 155.8383 
  0.07897301 156.6175 
  -0.1153231 158.1876 
  0.1388391 159.7734 
  0.1789811 161.3751 
  0.1760621 162.9929 
  0.2523825 164.6269 
  0.586975 160.5723 
  0.8017512 157.4006 
  0.9840543 156.6175 
  0.9961842 155.8383 
  0.9965837 155.063 
  0.9974833 155.063 
  0.9982345 154.2915 
  0.9953519 153.5239 
  0.9932867 152.7601 
  0.9834113 150.4914 
  0.9697953 148.2564 
  0.9620392 145.328 
  0.9504327 141.7487 
  0.9408315 137.5696 
  0.9384549 134.1814 
  0.9523084 131.531 
  0.9569439 128.9329 
  0.9680684 126.3862 
  0.9585323 125.1317 
  0.9403169 123.2734 
  0.90587 120.8384 
  0.93159 119.0438 
  0.9715323 117.8622 
  0.990678 116.6924 
  0.9681304 116.1118 
  0.8948604 115.5342 
  0.771876 114.3874 
  0.1548916 114.9594 
  -0.1378757 118.4515 
  -0.1090569 121.4426 
  -0.08973535 124.5092 
  0.2101231 127.6532 
  0.22958 130.2255 
  0.2757822 132.8496 
  0.03735568 135.5266 
  -0.07246593 138.2575 
  -0.07873221 141.0434 
  -0.0648884 143.8855 
  0.06380811 146.7849 
  0.4837107 148.9977 
  0.6902501 143.1697 
  0.8501034 140.3417 
  0.9430796 138.9488 
  0.8115712 135.5266 
  0.8446076 132.1886 
  0.9760354 130.8766 
  0.9988569 130.2255 
  0.9930812 130.2255 
  0.9933211 130.8766 
  0.9921184 130.8766 
  0.9821517 130.8766 
  0.9815444 130.2255 
  0.9782926 129.5776 
  0.9752471 128.9329 
  0.9763452 127.6532 
  0.9769124 127.0181 
  0.988782 125.7574 
  0.9904685 125.7574 
  0.9906591 125.1317 
  0.9808633 125.1317 
  0.973006 124.5092 
  0.9503386 123.2734 
  0.8756696 122.6601 
  0.7506334 121.4426 
  0.3697678 119.639 
  0.3814067 120.8384 
  -0.05323699 122.0498 
  -0.009000743 123.2734 
  0.05492119 124.5092 
  0.2093678 125.7574 
  0.1956439 127.0181 
  0.03066454 128.2915 
  -0.02267338 129.5776 
  0.09912436 130.8766 
  0.1741636 132.1886 
  -0.1895216 133.5138 
  0.5991706 134.8523 
  0.8028298 133.5138 
  0.933337 131.531 
  0.9185076 128.9329 
  0.9368069 126.3862 
  0.9338892 123.8897 
  0.8635691 121.4426 
  0.7849563 119.0438 
  0.5898919 117.2759 
  0.453498 117.2759 
  0.8313627 117.8622 
  0.7545778 118.4515 
  0.5374118 119.639 
  0.03142173 120.8384 
  0.168037 122.0498 
  0.162875 123.2734 
  0.1736357 124.5092 
  0.1155558 125.7574 
  0.1142322 127.0181 
  -0.07624261 128.2915 
  0.1919255 129.5776 
  0.02401302 130.2255 
  0.3057264 131.531 
  0.03572926 132.1886 
  -0.3194496 133.5138 
  -0.3555862 134.8523 
  0.2400162 135.5266 
  0.2970349 136.2042 
  0.1693522 136.8852 
  0.5106789 138.9488 
  0.9371766 138.2575 
  0.9635495 137.5696 
  0.9789483 135.5266 
  0.9778917 134.1814 
  0.9680266 132.8496 
  0.9678982 131.531 
  0.9536011 129.5776 
  0.9152359 127.0181 
  0.9325935 125.1317 
  0.9424027 123.8897 
  0.9440963 122.0498 
  0.8831514 120.2372 
  0.9005502 117.8622 
  0.9517504 116.6924 
  0.9310323 116.1118 
  0.9196452 115.5342 
  0.8434556 114.9594 
  0.5078737 115.5342 
  0.5472044 115.5342 
  0.5695272 115.5342 
  0.3084182 115.5342 
  -0.1294173 115.5342 
  -0.1839325 115.5342 
  -0.407023 115.5342 
  0.006441623 115.5342 
  -0.05124236 115.5342 
  0.1158153 115.5342 
  -0.1562413 115.5342 
  -0.2565512 115.5342 
  -0.1765613 115.5342 
  -0.07326985 115.5342 
  0.008335955 115.5342 
  -0.1834553 115.5342 
  -0.2631604 115.5342 
  -0.1275714 115.5342 
  0.03042434 115.5342 
  0.3319262 115.5342 
  0.08889229 115.5342 
  -0.07434513 115.5342 
  -0.2286361 115.5342 
  -0.1167473 115.5342 
  -0.03847822 115.5342 
  0.06282987 115.5342 
  0.2400997 115.5342 
  -0.003088027 115.5342 
  -0.07633495 115.5342 
  0.0711539 115.5342 
  0.09417819 115.5342 
  -0.05994674 115.5342 
  -0.05956585 115.5342 
  -0.08128442 115.5342 ]
