 [
  -0.0754313 168.784 
  -0.1182773 168.784 
  -0.1430077 168.784 
  -0.2691868 168.784 
  -0.3202441 168.784 
  -0.2419064 168.784 
  -0.2945947 168.784 
  -0.06003121 168.784 
  -0.6454657 168.784 
  -0.08466557 168.784 
  -0.1872641 168.784 
  -0.2664602 168.784 
  -0.2576914 168.784 
  -0.2135474 168.784 
  0.09487957 168.784 
  -0.007991318 168.784 
  0.1179374 168.784 
  -0.002802731 168.784 
  0.04816323 168.784 
  0.4019167 168.784 
  0.7496644 169.6279 
  0.4173971 169.6279 
  0.3272601 151.2439 
  0.7006633 140.3417 
  0.8755954 141.0434 
  0.9717085 141.7487 
  0.9919035 141.0434 
  0.9893275 141.7487 
  0.9879284 141.7487 
  0.9838141 141.7487 
  0.9896217 140.3417 
  0.9892776 140.3417 
  0.9783154 140.3417 
  0.9892957 139.6435 
  0.9927412 140.3417 
  0.9956827 140.3417 
  0.9940156 140.3417 
  0.9879116 140.3417 
  0.9888723 139.6435 
  0.9354085 138.2575 
  0.870587 134.8523 
  0.7741352 131.531 
  0.4495826 127.6532 
  0.04201294 123.8897 
  0.1097375 120.8384 
  0.05459685 117.8622 
  -0.1987463 114.9594 
  -0.1350709 112.128 
  0.1422289 109.9132 
  0.1425111 107.7421 
  -0.07193054 105.0885 
  -0.3290417 102.5003 
  -0.2978119 99.47836 
  0.04812776 97.02828 
  0.1190015 94.63854 
  -0.2394691 92.30766 
  -0.2561872 89.58624 
  -0.08750071 86.94508 
  -0.1719339 84.38177 
  0.008252807 81.89403 
  0.3057161 79.47963 
  0.1058897 77.13642 
  0.1995709 74.86229 
  0.01852611 72.6552 
  -0.1265168 70.51319 
  0.1122422 68.43433 
  -0.0878776 66.41676 
  0.4440739 64.78096 
  0.2053823 65.43038 
  0.6001381 65.43038 
  0.8079144 65.75754 
  0.5744656 64.45866 
  0.7425719 63.50137 
  0.8826783 126.3862 
  0.9273246 124.5092 
  0.9271491 123.8897 
  0.8871215 122.6601 
  0.9688172 120.8384 
  0.9083509 120.2372 
  0.8617662 118.4515 
  0.8996312 115.5342 
  0.6093912 116.1118 
  0.196355 116.1118 
  0.3150264 116.1118 
  0.2062762 116.1118 
  0.129592 116.1118 
  0.2260946 116.1118 
  0.06337316 116.1118 
  0.02383325 116.1118 
  -0.07260085 116.1118 
  0.2085065 116.1118 
  0.1189327 116.1118 
  0.06092482 117.2759 
  -0.03135966 119.639 
  -0.09343103 123.2734 
  0.1877283 126.3862 
  0.4426858 129.5776 
  0.6504871 131.531 
  0.8039527 133.5138 
  0.4583001 132.8496 
  0.5789617 133.5138 
  0.4079135 127.0181 
  0.6098443 127.6532 
  0.8102089 127.6532 
  0.9193404 126.3862 
  0.95023 125.1317 
  0.9592695 125.1317 
  0.9308196 124.5092 
  0.8527585 124.5092 
  0.5903054 125.1317 
  0.3819282 126.3862 
  0.1261822 127.6532 
  -0.01704014 128.9329 
  -0.04927364 130.2255 
  0.03261087 131.531 
  -0.06068493 132.8496 
  0.08385789 134.1814 
  0.1384462 134.1814 
  0.1258902 133.5138 
  0.1754507 131.531 
  0.756303 130.2255 
  0.860846 128.9329 
  0.9189586 127.0181 
  0.9319287 125.1317 
  0.8454484 122.0498 
  0.2466617 115.5342 
  -0.08630379 109.3664 
  0.08591019 103.5278 
  -0.06815264 98.00098 
  0.01895084 92.7692 
  -0.03092069 87.8167 
  0.1307524 83.12859 
  0.03253359 78.69076 
  -0.2135461 74.48985 
  0.127917 70.51319 
  0.0665086 66.74884 
  0.009016406 63.18545 
  0.6004746 59.81229 
  0.8303893 59.81229 
  0.8772342 59.51471 
  0.6042483 59.81229 
  0.6894608 59.51471 
  0.603403 59.21862 
  0.6115034 59.51471 
  0.7243942 58.63084 
  0.5771219 58.63084 
  -0.09251659 58.924 
  0.03195986 59.21862 
  0.1705846 59.51471 
  0.2415575 59.81229 
  0.2250433 60.11135 
  -0.02797594 60.4119 
  -0.07546081 61.01753 
  0.1078105 61.32262 
  0.1031225 61.62923 
  0.0338406 61.62923 
  0.2009464 61.62923 
  0.1661941 60.71396 
  0.6826685 59.21862 
  0.8709196 59.21862 
  0.6140421 58.63084 
  0.8312987 58.0489 
  0.5345701 58.63084 
  0.7518185 59.51471 
  0.3726403 59.21862 
  0.4096883 59.51471 
  0.8089603 60.11135 
  0.8310598 59.51471 
  0.86045 58.63084 
  0.8843659 58.63084 
  0.7857648 59.21862 
  0.6270979 60.71396 
  0.7744898 60.71396 
  0.5171261 59.81229 
  0.5914676 58.63084 
  0.3066386 58.33915 
  0.5584775 59.51471 
  0.7801785 60.11135 
  0.6763244 59.21862 
  0.7913593 58.33915 
  0.8383292 58.33915 
  0.8957582 58.0489 
  0.9695453 57.7601 
  0.9187618 57.7601 
  0.7445775 58.33915 
  0.7865019 59.51471 
  0.6707506 60.71396 
  0.428835 62.24707 
  0.7676126 63.81888 
  0.7727862 64.45866 
  0.5207851 63.18545 
  0.3101973 59.51471 
  0.4802773 58.924 
  0.7374161 58.924 
  0.9725933 58.924 
  0.9294966 59.21862 
  0.9150163 59.21862 
  0.6695942 59.81229 
  0.4818944 60.4119 
  0.6517128 60.4119 
  0.7401638 60.11135 
  0.8020791 60.4119 
  0.7490297 60.71396 
  0.6012256 60.4119 
  0.557165 60.4119 
  0.7083048 60.4119 
  0.5918493 61.62923 
  0.8787062 62.24707 
  0.8986632 61.93738 
  0.9011111 61.32262 
  0.8609229 60.71396 
  0.7205209 60.11135 
  0.8764381 59.21862 
  0.8526109 59.51471 
  0.9169828 59.81229 
  0.9347596 60.11135 
  0.9246556 60.4119 
  0.8390815 60.71396 
  0.8445299 61.93738 
  0.6410673 61.93738 
  0.7582493 61.62923 
  0.7128202 61.62923 
  0.4439523 59.21862 
  0.7192448 59.21862 
  0.6574121 59.51471 
  0.9245219 59.81229 
  0.8827009 59.81229 
  0.7668558 59.51471 
  0.5293957 59.51471 
  0.1754138 63.50137 
  0.2883084 66.74884 
  -0.01632719 69.81332 
  0.05663269 73.38358 
  0.2488201 77.13642 
  0.1988097 80.6778 
  0.05979279 84.80367 
  -0.05121088 89.14054 
  0.1527507 93.6992 
  0.540633 91.39146 
  0.4981074 92.7692 
  0.2468176 97.51342 
  0.5795938 100.4756 
  0.1926007 99.47836 
  0.1675418 97.02828 
  -0.2655713 94.63854 
  -0.329304 92.30766 
  -0.427554 90.03418 
  -0.3782323 87.8167 
  -0.4349913 85.65383 
  0.02160615 83.54424 
  0.04519605 81.4866 
  0.1306818 79.47963 
  -0.1622883 77.5221 
  0.03147373 75.61279 
  -0.008966438 73.7505 
  -0.07642447 71.93407 
  0.02831217 70.16238 
  0.01218625 68.43433 
  0.04949058 66.74884 
  0.2850149 65.43038 
  0.2512907 64.13797 
  0.2398091 63.18545 
  -0.04614284 61.62923 
  0.1121461 60.11135 
  0.1768209 58.63084 
  0.1707081 57.47274 
  -0.02584773 56.05722 
  -0.07901094 54.40454 
  -0.00551591 53.0646 
  0.1489598 52.80059 
  0.2050905 52.53791 
  0.8741446 52.53791 
  0.588274 53.0646 
  0.7354271 54.40454 
  0.4559431 54.94995 
  0.6828756 56.61919 
  0.7072575 57.47274 
  0.5707787 58.33915 
  0.63993 59.51471 
  0.8814816 60.11135 
  0.786213 60.4119 
  0.5231262 60.11135 
  0.5484504 58.63084 
  0.9034059 58.33915 
  0.817039 58.0489 
  0.7395762 58.33915 
  0.887756 58.63084 
  0.7150011 58.924 
  0.6789427 59.21862 
  0.8972226 59.51471 
  0.480942 60.71396 
  0.6677068 60.11135 
  0.7066451 60.11135 
  0.6766937 59.81229 
  0.4126233 61.01753 
  0.7311327 61.01753 
  0.8744345 61.32262 
  0.7018011 61.62923 
  0.5446032 61.01753 
  0.4778827 60.11135 
  0.6458099 59.21862 
  0.7410089 58.924 
  0.182351 58.63084 
  0.1872971 59.21862 
  0.1730467 59.21862 
  0.314675 59.21862 
  -0.05649856 59.21862 
  -0.06929702 59.21862 
  0.4118114 59.21862 
  0.3793421 59.21862 
  0.3005978 59.21862 
  0.105875 59.21862 
  0.1045576 59.21862 
  0.2068945 59.21862 
  0.3071332 59.21862 
  0.342129 59.21862 
  0.1276896 59.21862 ]
