 [
  0.09456424 158.1876 
  0.003364626 158.1876 
  0.133754 158.1876 
  -0.1218467 158.1876 
  -0.06672024 158.1876 
  -0.1113669 158.1876 
  -0.2080618 158.1876 
  -0.2421122 158.1876 
  -0.1685793 158.1876 
  0.09859908 158.1876 
  -0.3118833 158.1876 
  -0.2012604 158.1876 
  -0.2614087 158.1876 
  0.04112876 158.1876 
  0.08875285 158.1876 
  0.0724759 158.1876 
  -0.02898008 158.1876 
  0.02852739 158.1876 
  0.2098728 158.1876 
  0.3293304 158.1876 
  0.1090436 158.1876 
  0.0905541 158.1876 
  0.3473963 158.1876 
  0.3168818 158.1876 
  0.2366242 158.1876 
  0.1331603 158.1876 
  0.1524797 157.4006 
  0.05358648 156.6175 
  0.2209547 155.8383 
  0.2665084 155.063 
  0.7697126 154.2915 
  0.8910928 156.6175 
  0.8402753 159.7734 
  0.9051679 163.8079 
  0.9838268 165.4501 
  0.9751675 166.2773 
  0.9489241 168.784 
  0.9789797 172.185 
  0.9962502 173.046 
  0.9937638 173.9112 
  0.9891185 174.7808 
  0.922857 174.7808 
  0.8766319 173.046 
  0.6687922 169.6279 
  0.9855399 173.046 
  0.9930378 174.7808 
  0.9896449 173.9112 
  0.9931751 173.046 
  0.9959131 172.185 
  0.8347028 172.185 
  0.8209221 168.784 
  0.8855392 168.784 
  0.9666864 166.2773 
  0.9644157 164.6269 
  0.9808682 162.9929 
  0.9812881 160.5723 
  0.9807875 158.1876 
  0.9861522 155.8383 
  0.9882636 155.063 
  0.92888 152.7601 
  0.8840525 149.7427 
  0.9517727 146.0546 
  0.9832808 146.0546 
  0.982807 146.0546 
  0.9735946 146.0546 
  0.979794 146.0546 
  0.940788 147.5188 
  0.9397222 148.2564 
  0.9561024 147.5188 
  0.9795873 146.7849 
  0.9897771 147.5188 
  0.9919176 148.2564 
  0.9960586 148.9977 
  0.9968062 149.7427 
  0.9890555 149.7427 
  0.9869694 150.4914 
  0.978722 149.7427 
  0.9803671 148.9977 
  0.9889554 147.5188 
  0.98853 146.7849 
  0.9770062 144.605 
  0.9757789 143.1697 
  0.9712549 141.0434 
  0.9680651 138.9488 
  0.9690046 136.8852 
  0.9631272 135.5266 
  0.9592226 132.8496 
  0.9363194 131.531 
  0.8923889 129.5776 
  0.8620803 125.7574 
  0.6220708 123.8897 
  -0.01395511 123.8897 
  0.0921671 123.2734 
  0.1272193 122.6601 
  0.5890695 122.0498 
  -0.05146938 121.4426 
  0.1265307 120.8384 
  0.05693614 121.4426 
  0.04222873 123.2734 
  -0.0230448 127.0181 
  0.2504992 130.8766 
  0.6104205 134.8523 
  0.8404559 136.2042 
  0.985332 136.2042 
  0.9632694 135.5266 
  0.9520733 133.5138 
  0.9932622 131.531 
  0.9982411 130.8766 
  0.9973097 130.8766 
  0.9972697 130.8766 
  0.9970138 130.2255 
  0.9923527 129.5776 
  0.9839939 128.2915 
  0.9621818 127.0181 
  0.9192238 123.8897 
  0.8584011 121.4426 
  0.6494583 120.8384 
  0.1468722 120.8384 
  0.1082142 121.4426 
  -0.02836244 122.0498 
  0.4850176 122.6601 
  0.1908995 123.8897 
  0.254383 124.5092 
  0.6746371 124.5092 
  0.8203754 123.2734 
  0.9261978 122.0498 
  0.978393 120.2372 
  0.964287 119.639 
  0.9546704 119.0438 
  0.9309285 118.4515 
  0.930678 117.8622 
  0.9262154 117.2759 
  0.9247727 116.1118 
  0.8644669 114.3874 
  0.7944679 112.6886 
  0.4769518 111.0151 
  0.09811782 109.3664 
  0.2539357 107.2061 
  0.2806469 106.6728 
  0.2098975 107.7421 
  -0.08875198 111.5702 
  0.2208233 114.3874 
  0.2082314 116.6924 
  0.135595 119.0438 
  0.737934 122.0498 
  0.890479 122.6601 
  0.8702511 121.4426 
  0.9086764 120.2372 
  0.9554445 120.8384 
  0.947317 122.0498 
  0.9468731 123.2734 
  0.8852304 124.5092 
  0.8781812 125.7574 
  0.8879514 125.1317 
  0.8001855 123.8897 
  0.8379595 123.8897 
  0.8080733 124.5092 
  0.9046054 127.0181 
  0.9803703 128.2915 
  0.9882105 128.9329 
  0.9595279 129.5776 
  0.9120142 130.8766 
  0.8625084 132.8496 
  0.8464795 134.8523 
  0.7834429 135.5266 
  0.5429317 130.2255 
  -0.05822225 130.8766 
  -0.08990806 131.531 
  0.1360238 132.1886 
  0.2453316 132.8496 
  0.08389693 133.5138 
  -0.01395683 134.1814 
  -0.1334234 134.8523 
  -0.01668566 135.5266 
  0.4296007 136.8852 
  0.3421211 136.8852 
  0.08668398 134.8523 
  -0.0216722 133.5138 
  0.3827176 132.1886 
  0.2657008 130.8766 
  0.03816762 129.5776 
  0.03257447 128.2915 
  0.04305323 127.0181 
  -0.01585548 126.3862 
  0.653709 126.3862 
  0.7992414 125.7574 
  0.8756365 123.8897 
  0.8882698 120.8384 
  0.8775012 118.4515 
  0.8749406 116.1118 
  0.6887349 115.5342 
  0.08516575 115.5342 
  0.01714534 116.1118 
  0.4338128 116.6924 
  0.4020272 117.2759 
  0.07305714 117.8622 
  -0.01294519 118.4515 
  0.006866673 119.0438 
  0.07341844 119.639 
  -0.02095467 120.2372 
  -0.0776581 120.8384 
  -0.01696094 121.4426 
  -0.09534064 122.0498 
  -0.09538275 122.6601 
  0.5863491 123.2734 
  0.9263449 124.5092 
  0.966035 126.3862 
  0.9361618 128.2915 
  0.9555949 130.2255 
  0.9689789 131.531 
  0.9419189 131.531 
  0.9332488 130.8766 
  0.9519897 129.5776 
  0.9749678 128.9329 
  0.979178 128.9329 
  0.9763846 128.2915 
  0.9819919 127.6532 
  0.9757639 127.0181 
  0.9685323 125.7574 
  0.9762416 125.1317 
  0.906638 123.8897 
  0.8095729 122.6601 
  0.8380396 119.639 
  0.6732317 118.4515 
  0.09571128 117.8622 
  0.03764072 118.4515 
  0.2321628 119.0438 
  0.4925425 119.639 
  0.4291827 120.2372 
  0.2973688 121.4426 
  0.1824107 122.6601 
  -0.002588933 123.8897 
  0.169528 124.5092 
  0.0178274 125.1317 
  -0.1509552 125.1317 
  0.09898902 124.5092 
  0.1231045 124.5092 
  0.2249726 124.5092 
  0.3246883 124.5092 
  0.7367358 124.5092 
  0.7848604 122.6601 
  0.7808251 119.639 
  0.6164156 116.6924 
  0.7386764 113.2521 
  0.8807114 111.5702 
  0.8840219 111.5702 
  0.8842541 111.5702 
  0.9275457 112.128 
  0.8099073 112.6886 
  0.4250369 113.8184 
  0.1059763 114.9594 
  0.1247201 116.1118 
  0.7191415 117.2759 
  0.8296505 118.4515 
  0.4279335 120.2372 
  0.4333454 122.0498 
  0.5344043 123.8897 
  0.7843387 125.1317 
  0.8449274 124.5092 
  0.9109706 123.8897 
  0.9658126 123.2734 
  0.9501064 122.0498 
  0.8451767 120.2372 
  0.7858834 118.4515 
  0.4432533 118.4515 
  0.9767033 119.639 
  0.8474569 120.8384 
  0.7712565 121.4426 
  0.7846314 122.0498 
  0.8907002 121.4426 
  0.9141468 121.4426 
  0.8524325 122.6601 
  0.912329 125.1317 
  0.9152457 126.3862 
  0.9375707 128.2915 
  0.952163 128.9329 
  0.8198595 128.9329 
  0.7314716 128.2915 
  0.5045438 127.0181 
  0.9595717 127.6532 
  0.9955661 127.6532 
  0.991192 127.6532 
  0.9465904 127.0181 
  0.7843341 127.0181 
  0.4775391 127.6532 
  0.0228271 128.2915 
  0.0382512 128.9329 
  0.07769197 130.2255 
  0.06216226 130.8766 
  0.6161156 129.5776 
  0.8729753 128.2915 
  0.9440443 128.2915 
  0.9645298 128.2915 
  0.9771674 127.0181 
  0.9886935 126.3862 
  0.9956633 126.3862 
  0.9821033 125.7574 
  0.9734839 125.7574 
  0.9726624 125.1317 
  0.9446546 124.5092 
  0.8687603 124.5092 
  0.7888342 123.8897 
  0.01355152 124.5092 
  0.02005861 124.5092 
  -0.08533774 124.5092 
  -0.03759617 124.5092 
  0.09566226 124.5092 
  0.1262251 124.5092 
  0.08871683 123.2734 
  0.3976534 120.8384 
  0.5504836 120.8384 
  0.8918405 120.8384 
  0.9037794 119.0438 
  0.9273813 117.2759 
  0.9070432 114.9594 
  0.7410289 112.6886 
  0.6395083 111.0151 
  0.6546258 109.9132 
  0.1823458 109.3664 
  -0.04207184 108.8223 
  0.06093505 108.8223 
  0.1089035 108.8223 
  -0.1241438 108.2809 
  0.05438252 107.7421 
  0.09581763 107.2061 
  -0.04231237 107.2061 
  -0.2343448 107.2061 
  0.04572405 107.2061 
  0.344995 107.2061 
  0.4811791 108.8223 
  0.7854774 109.9132 
  0.7254397 111.0151 
  0.1024172 112.6886 
  -0.03119723 114.3874 
  -0.06011508 116.1118 
  0.1815396 117.8622 
  -0.0001100176 119.639 
  0.001321485 121.4426 
  -0.003568224 123.2734 
  0.2310641 125.1317 
  0.1780834 126.3862 
  -0.2576621 127.6532 
  0.7113184 128.9329 
  0.854229 129.5776 
  0.8931264 128.9329 
  0.8174096 127.6532 
  0.7587129 124.5092 
  0.9582167 122.0498 
  0.9698163 121.4426 
  0.9644564 120.8384 
  0.9600772 119.639 
  0.9245716 119.0438 
  0.9287468 120.2372 
  0.9325876 119.639 
  0.9200097 119.0438 
  0.9686252 117.8622 
  0.9751634 117.2759 
  0.9846791 116.6924 
  0.9690298 115.5342 
  0.968134 114.9594 
  0.9676897 114.9594 
  0.9769254 114.3874 
  0.9805368 114.3874 
  0.983103 114.3874 
  0.9811397 114.3874 
  0.9630417 114.9594 
  0.9669063 114.9594 
  0.9768255 115.5342 
  0.9850531 116.1118 
  0.964542 116.6924 
  0.948399 117.2759 
  0.9868577 118.4515 
  0.9924474 118.4515 
  0.990159 119.0438 
  0.9897207 119.0438 
  0.9871802 118.4515 
  0.9825377 118.4515 
  0.9769502 118.4515 
  0.8993459 116.6924 
  0.6957433 113.8184 
  0.4339211 111.5702 
  0.1860513 111.0151 
  -0.04819149 109.9132 
  0.02041598 108.8223 
  0.05005512 107.7421 
  0.07384025 107.2061 
  0.08435193 106.6728 
  -0.1780497 106.142 
  0.01787253 105.614 
  0.1815395 105.0885 
  0.07069173 104.5657 
  -0.0377673 104.0455 
  0.006413954 104.0455 
  0.3484979 103.5278 
  0.5265282 103.5278 
  0.7616451 104.0455 
  0.8905766 104.5657 
  0.9368559 104.5657 
  0.962562 104.0455 
  0.9903526 103.5278 
  0.9779192 103.0128 
  0.9159266 102.5003 
  0.9191166 101.9903 
  0.6729257 101.9903 
  0.4488269 101.9903 
  0.5104131 102.5003 
  -0.05544331 103.0128 
  -0.02980938 103.5278 
  0.1340498 104.0455 
  -0.03648628 104.5657 
  0.03997811 104.5657 
  0.1175142 105.0885 
  0.1842764 105.614 
  0.05225221 106.142 
  0.001578171 106.6728 
  0.04952585 107.2061 
  0.04102032 107.7421 
  0.1641299 108.2809 
  0.08374874 108.2809 
  0.2619372 108.2809 
  0.2068574 108.2809 
  0.2598516 108.2809 
  -0.01679121 108.2809 
  0.1661685 108.2809 
  0.05212321 108.2809 
  0.05701248 108.2809 
  0.1463644 108.2809 
  -0.22213 108.2809 
  -0.3592559 108.2809 
  -0.3290911 108.2809 
  -0.2480507 108.2809 
  -0.07526757 108.2809 
  0.1507939 108.2809 
  0.1950052 108.2809 
  0.1462784 108.2809 
  -0.02269939 108.2809 
  -0.1705946 108.2809 
  -0.2291942 108.2809 
  -0.123356 108.2809 
  -0.1982722 108.2809 
  -0.05740026 108.2809 
  0.07479899 108.2809 
  0.04202347 108.2809 
  -0.06284802 108.2809 
  -0.09188636 108.2809 
  -0.1480022 108.2809 
  -0.09386645 108.2809 
  -0.02214633 108.2809 
  0.06539425 108.2809 
  0.1865369 108.2809 
  0.2656725 108.2809 
  0.09753684 108.2809 
  -0.1825213 108.2809 
  -0.02595809 108.2809 
  -0.04987114 108.2809 
  -0.2747542 108.2809 
  -0.2513594 108.2809 
  -0.2654071 108.2809 
  -0.1864454 108.2809 
  -0.2188896 108.2809 
  0.002165676 108.2809 
  -0.1135679 108.2809 
  -0.151313 108.2809 
  -0.07936009 108.2809 
  -0.100931 108.2809 
  -0.2281448 108.2809 
  -0.2008015 108.2809 
  -0.04737959 108.2809 
  0.07690693 108.2809 
  -0.08109599 108.2809 
  -0.1554095 108.2809 
  -0.08882253 108.2809 
  -0.04484889 108.2809 
  0.03892517 108.2809 
  -0.1864622 108.2809 
  -0.02014268 108.2809 
  0.00944572 108.2809 
  -0.1004964 108.2809 
  0.07395494 108.2809 
  -0.1745858 108.2809 
  -0.1961371 108.2809 
  -0.1842287 108.2809 
  -0.0356441 108.2809 
  0.0131264 108.2809 
  -0.3611369 108.2809 
  -0.3446057 108.2809 ]
