 [
  0.4571643 205.0254 
  0.05330136 205.0254 
  -0.007418649 205.0254 
  -0.2349574 205.0254 
  -0.1141755 205.0254 
  -0.2276914 205.0254 
  0.06445327 205.0254 
  -0.05141902 205.0254 
  -0.101921 205.0254 
  -0.08477173 205.0254 
  -0.1879396 205.0254 
  -0.1690457 205.0254 
  -0.2067617 205.0254 
  0.6999093 205.0254 
  0.8121863 199.9758 
  0.9297016 198.9809 
  0.9904718 197.9909 
  0.991534 199.9758 
  0.9939899 200.9756 
  0.9915984 201.9805 
  0.9853054 202.9904 
  0.9783833 204.0054 
  0.9422529 204.0054 
  0.9152012 204.0054 
  0.8984098 201.9805 
  0.9355663 202.9904 
  0.9553905 204.0054 
  0.9143785 205.0254 
  0.6990395 206.0505 
  0.121748 207.0808 
  0.05823433 208.1162 
  -0.1164211 209.1568 
  -0.1515092 210.2025 
  0.2218317 211.2535 
  0.3789966 212.3098 
  0.7898844 207.0808 
  0.8822257 202.9904 
  0.9819569 198.9809 
  0.9822568 197.0059 
  0.9837452 195.0505 
  0.9928963 194.0801 
  0.9959897 193.1145 
  0.9970235 192.1537 
  0.9959585 191.1978 
  0.9972809 191.1978 
  0.996172 190.2465 
  0.9960523 191.1978 
  0.9957846 191.1978 
  0.9975423 191.1978 
  0.9971189 192.1537 
  0.9947145 193.1145 
  0.9786834 195.0505 
  0.9735171 197.9909 
  0.99367 198.9809 
  0.9910264 200.9756 
  0.9549567 202.9904 
  0.9551612 207.0808 
  0.9691576 208.1162 
  0.9802876 209.1568 
  0.9887614 209.1568 
  0.9975432 209.1568 
  0.9922382 208.1162 
  0.9936655 208.1162 
  0.985806 208.1162 
  0.9897988 208.1162 
  0.9827847 209.1568 
  0.9907009 210.2025 
  0.9915429 210.2025 
  0.9814846 212.3098 
  0.975753 214.4382 
  0.9638456 216.5879 
  0.9812479 218.7592 
  0.924144 220.9523 
  0.7840974 222.057 
  0.5151577 217.6709 
  0.7867774 208.1162 
  0.6370502 198.9809 
  -0.1541434 189.3 
  -0.01808126 180.0902 
  -0.01076895 171.3284 
  0.1002005 163.8079 
  0.009356406 156.6175 
  -0.04270444 149.7427 
  0.09425017 143.1697 
  0.0269393 136.8852 
  -0.01109955 130.2255 
  -0.02082399 123.8897 
  -0.01271319 117.8622 
  0.2988076 112.6886 
  0.3204942 107.7421 
  -0.1396605 103.0128 
  0.1444866 98.491 
  0.5591191 94.1677 
  0.680389 92.30766 
  0.7701333 92.30766 
  0.8821239 91.39146 
  0.9295501 91.84841 
  0.9514391 90.93677 
  0.9446399 90.03418 
  0.8435531 90.03418 
  0.02121927 95.11173 
  -0.3227339 103.0128 
  -0.375711 112.6886 
  -0.2704278 122.6601 
  -0.1283077 134.1814 
  -0.110512 146.7849 
  0.005808782 160.5723 
  0.2597914 175.6547 
  0.3864695 191.1978 
  0.71452 188.3582 
  0.8823416 183.7191 
  0.9832429 181.8956 
  0.9844959 181.8956 
  0.962006 180.0902 
  0.9238745 179.1942 
  0.7923282 177.4156 
  0.6341106 180.0902 
  0.6374204 183.7191 
  0.4245267 187.4211 
  0.3986723 191.1978 
  0.2758765 195.0505 
  0.2171475 198.9809 
  -0.07490067 202.9904 
  -0.3404906 207.0808 
  -0.3248091 211.2535 
  0.5376456 214.4382 
  0.8929565 218.7592 
  0.9456119 220.9523 
  0.9678938 219.853 
  0.974901 216.5879 
  0.9767721 211.2535 
  0.9869663 208.1162 
  0.9858895 206.0505 
  0.9881235 204.0054 
  0.9946775 202.9904 
  0.9883583 201.9805 
  0.9900998 200.9756 
  0.9891524 198.9809 
  0.9824237 197.0059 
  0.9897434 195.0505 
  0.9933845 195.0505 
  0.989135 196.0257 
  0.9889866 197.0059 
  0.9809327 196.0257 
  0.9680277 194.0801 
  0.9387348 191.1978 
  0.8913825 188.3582 
  0.8820894 184.6377 
  0.9163949 180.9906 
  0.9574561 178.3027 
  0.9647433 177.4156 
  0.969035 176.533 
  0.955386 175.6547 
  0.9175846 176.533 
  0.8611405 177.4156 
  0.7256434 177.4156 
  0.2507052 177.4156 
  -0.1574394 177.4156 
  -0.1601548 177.4156 
  0.009815188 177.4156 
  0.1620003 177.4156 
  0.01533687 178.3027 
  -0.03831893 178.3027 
  -0.2944957 178.3027 
  -0.3018316 178.3027 
  -0.08144908 178.3027 
  0.3909847 178.3027 
  -0.04970953 178.3027 
  0.01019415 178.3027 
  0.112996 179.1942 
  0.1197958 180.0902 
  0.194385 180.9906 
  0.4159137 181.8956 
  0.05355716 182.8051 
  0.3137131 181.8956 
  0.7165708 182.8051 
  0.9500582 183.7191 
  0.9825947 184.6377 
  0.9913227 185.5609 
  0.9952579 186.4887 
  0.9941588 187.4211 
  0.9861645 189.3 
  0.9841186 191.1978 
  0.9821184 194.0801 
  0.9847714 196.0257 
  0.9862401 197.9909 
  0.9629287 199.9758 
  0.9285218 202.9904 
  0.9149086 208.1162 
  0.8916863 209.1568 
  0.6693664 211.2535 
  0.2657509 213.3714 
  0.08270678 215.5104 
  -0.05894725 218.7592 
  -0.09704157 222.057 
  -0.02119717 224.2832 
  0.001807638 226.5316 
  0.003724194 229.9466 
  -0.09540069 233.4131 
  0.3465011 236.9318 
  0.6341798 240.5036 
  0.5742882 229.9466 
  0.8097335 223.1673 
  0.9688177 219.853 
  0.9854301 218.7592 
  0.9911509 220.9523 
  0.9935966 223.1673 
  0.9878061 224.2832 
  0.9630828 224.2832 
  0.9207291 224.2832 
  0.7338437 224.2832 
  0.08050015 224.2832 
  -0.009183498 224.2832 
  0.06350828 224.2832 
  -0.1554365 223.1673 
  -0.05896673 223.1673 
  0.07772126 223.1673 
  0.08742417 223.1673 
  0.01888645 223.1673 
  -0.01066577 223.1673 
  0.03544762 222.057 
  0.1175578 220.9523 
  0.1888976 219.853 
  0.1112642 218.7592 
  0.09244013 217.6709 
  0.1371243 216.5879 
  0.0817433 215.5104 
  -0.03649954 214.4382 
  -0.05147736 213.3714 
  0.02608328 212.3098 
  -0.181526 211.2535 
  0.5781673 205.0254 
  0.7870688 201.9805 
  0.9738337 201.9805 
  0.9824866 201.9805 
  0.9634565 199.9758 
  0.9665688 197.9909 
  0.9859267 196.0257 
  0.9880661 195.0505 
  0.9885963 195.0505 
  0.9708522 196.0257 
  0.9926489 197.9909 
  0.9911775 198.9809 
  0.9843891 198.9809 
  0.9371957 198.9809 
  0.895627 197.9909 
  0.7115313 197.0059 
  0.8929206 197.0059 
  0.8827236 197.0059 
  0.695844 197.0059 
  0.3573506 197.0059 
  0.2696107 197.0059 
  -0.02880042 197.0059 
  0.251884 197.0059 
  -0.1811446 197.0059 
  -0.1055434 197.0059 
  0.1089766 197.9909 
  0.3042001 198.9809 
  0.2668951 199.9758 
  0.2119408 200.9756 
  0.4220216 201.9805 
  0.7560707 200.9756 
  0.808088 195.0505 
  0.8404896 188.3582 
  0.9285319 184.6377 
  0.9807503 180.9906 
  0.968586 178.3027 
  0.9592032 175.6547 
  0.9830045 173.9112 
  0.9870489 172.185 
  0.9935838 171.3284 
  0.9964291 170.476 
  0.9873788 169.6279 
  0.9814709 169.6279 
  0.9877331 168.784 
  0.9845217 167.9442 
  0.9482764 167.9442 
  0.9248969 167.9442 
  0.9094527 170.476 
  0.9868283 173.046 
  0.9753449 175.6547 
  0.9625728 177.4156 
  0.9411329 179.1942 
  0.7050301 180.9906 
  0.1140421 182.8051 
  0.03341767 184.6377 
  0.03526385 186.4887 
  0.2499001 188.3582 
  -0.0179807 190.2465 
  0.06183695 192.1537 
  0.2392998 194.0801 
  0.2221408 196.0257 
  0.1386992 197.0059 
  -0.02775688 197.9909 
  -0.1460002 198.9809 
  -0.07970878 199.9758 
  0.1435825 200.9756 
  0.1141928 200.9756 
  0.2996262 199.9758 
  -0.1970672 197.9909 
  -0.2616603 195.0505 
  0.02604122 193.1145 
  -0.2218249 190.2465 
  0.2884861 187.4211 
  0.3181907 186.4887 
  0.3066141 191.1978 
  0.4080657 190.2465 
  0.4065957 177.4156 
  0.7033413 171.3284 
  0.88351 169.6279 
  0.8748052 170.476 
  0.9983296 172.185 
  0.9990857 171.3284 
  0.9979676 170.476 
  0.9728987 170.476 
  0.9420869 168.784 
  0.9330579 167.1087 
  0.9779192 165.4501 
  0.9858613 164.6269 
  0.9825166 164.6269 
  0.9848253 162.9929 
  0.9657956 162.182 
  0.9672966 162.182 
  0.9765023 162.9929 
  0.9951763 163.8079 
  0.9957403 163.8079 
  0.9951009 162.9929 
  0.997887 162.9929 
  0.9770522 163.8079 
  0.977335 166.2773 
  0.9941575 167.1087 
  0.9861912 167.9442 
  0.9852759 168.784 
  0.9699285 169.6279 
  0.9417902 171.3284 
  0.948325 171.3284 
  0.9715403 171.3284 
  0.9720026 171.3284 
  0.992356 173.046 
  0.9686225 173.9112 
  0.9511454 173.9112 
  0.9625621 174.7808 
  0.9881719 175.6547 
  0.9809096 176.533 
  0.9764497 176.533 
  0.9757811 177.4156 
  0.9759353 177.4156 
  0.9810611 178.3027 
  0.9811492 178.3027 
  0.9734569 178.3027 
  0.9726546 180.0902 
  0.9917188 181.8956 
  0.9975466 181.8956 
  0.9965284 181.8956 
  0.9655642 182.8051 
  0.9207452 182.8051 
  0.7797398 180.9906 
  0.717612 181.8956 
  0.3751485 181.8956 
  0.5573937 181.8956 
  0.6706263 181.8956 
  0.1281686 181.8956 
  -0.09524652 181.8956 
  0.3821687 181.8956 
  0.3687156 181.8956 
  0.4742082 181.8956 
  -0.2623105 181.8956 
  0.08289895 181.8956 
  0.09581612 181.8956 
  0.1655639 181.8956 
  -0.03902147 181.8956 
  0.07680458 181.8956 
  0.07205425 181.8956 
  0.04802131 181.8956 
  0.2104729 181.8956 
  0.3817113 181.8956 
  0.4425604 181.8956 
  0.3208426 181.8956 
  0.1006782 181.8956 
  0.1911398 181.8956 
  0.1281933 181.8956 
  0.09260199 180.9906 
  0.1171213 180.9906 
  -0.07263191 180.9906 
  0.1796534 180.9906 
  0.2097444 180.9906 
  0.243471 180.0902 
  0.2169997 180.0902 
  0.07500134 180.0902 
  -0.0251838 180.0902 
  -0.03424666 179.1942 
  0.2415328 178.3027 
  0.3622953 177.4156 
  0.5625153 177.4156 
  -0.09994496 177.4156 
  -0.07362428 176.533 
  0.164158 175.6547 
  0.3983726 174.7808 
  0.07154145 173.9112 
  0.06609344 173.046 
  -0.06335936 172.185 
  -0.162037 171.3284 
  0.2211319 171.3284 
  0.4972903 181.8956 
  0.7049306 177.4156 
  0.9627365 175.6547 
  0.993569 175.6547 
  0.9899808 175.6547 
  0.9611657 176.533 
  0.9165158 175.6547 
  0.7742106 176.533 
  -0.1460628 178.3027 
  0.753351 180.0902 
  0.7700244 182.8051 
  0.3696053 184.6377 
  0.06906965 186.4887 
  0.3353637 189.3 
  -0.1284738 192.1537 
  -0.0007121619 194.0801 
  -0.002867244 196.0257 
  -0.009834003 197.9909 
  -0.001596726 199.9758 
  -0.005962815 202.9904 
  0.1086729 205.0254 
  -0.02013934 207.0808 
  0.1727134 209.1568 
  -0.006605612 212.3098 
  -0.2087552 215.5104 
  0.3310131 218.7592 
  0.1989196 222.057 
  0.01012989 226.5316 
  0.3650027 232.2518 
  0.3523035 232.2518 
  0.322809 231.0963 
  0.4095704 229.9466 
  0.4788535 231.0963 
  0.374474 233.4131 
  0.2604879 233.4131 
  0.1433436 229.9466 
  0.4508807 226.5316 
  0.7929298 224.2832 
  0.8701213 219.853 
  0.9369272 217.6709 
  0.9979363 215.5104 
  0.9989952 215.5104 
  0.9993508 215.5104 
  0.9994987 215.5104 
  0.9994168 215.5104 
  0.9986016 216.5879 
  0.9978502 217.6709 
  0.999315 218.7592 
  0.9990325 218.7592 
  0.9892191 219.853 
  0.9703279 219.853 
  0.9189674 219.853 
  0.7358341 219.853 
  0.1643819 218.7592 
  0.08396639 218.7592 
  0.1567143 218.7592 
  0.1705498 217.6709 
  0.1371438 216.5879 
  0.2198356 216.5879 
  -0.0277275 216.5879 
  -0.05046623 215.5104 
  -0.02706821 215.5104 
  0.1256243 215.5104 
  0.1284662 215.5104 
  0.1895951 215.5104 
  0.008842801 215.5104 
  0.02440931 215.5104 
  0.07739069 215.5104 
  0.1786674 215.5104 
  0.2226549 215.5104 
  -0.01653282 215.5104 
  0.04180718 215.5104 
  0.1371306 215.5104 
  -0.006365336 215.5104 
  -0.1458096 215.5104 
  -0.1881241 215.5104 
  -0.1823633 215.5104 
  -0.2012065 215.5104 
  0.1394391 215.5104 
  0.1656224 215.5104 
  0.2629523 215.5104 
  0.1056454 215.5104 
  0.197902 215.5104 
  0.2996436 215.5104 
  0.1360356 215.5104 
  0.04322238 215.5104 
  -0.06731662 216.5879 
  0.01401585 216.5879 
  -0.0863209 217.6709 
  0.07348948 217.6709 
  0.2329747 217.6709 
  -0.05121947 217.6709 
  -0.0815627 217.6709 
  0.1002473 218.7592 
  0.1289944 218.7592 
  0.2803564 219.853 
  0.1010488 220.9523 
  0.04732879 222.057 
  0.1482254 223.1673 
  0.3910841 224.2832 
  -0.09845012 225.4046 
  -0.1316273 226.5316 
  -0.04409744 227.6642 
  -0.09044684 228.8026 
  -0.09120633 229.9466 
  -0.1122467 231.0963 
  0.07105435 232.2518 
  -0.07134712 233.4131 
  -0.00850698 234.5801 
  -0.03127798 235.753 
  -0.03214702 235.753 
  -0.2171447 235.753 
  0.0009039118 235.753 
  -0.1627906 235.753 
  0.272177 235.753 
  0.02140736 236.9318 
  0.05292299 238.1164 
  0.100024 238.1164 
  0.1485673 236.9318 
  0.1705356 235.753 
  0.1798525 233.4131 
  0.5063208 231.0963 
  0.7831783 229.9466 
  0.8699989 231.0963 
  0.9167856 226.5316 
  0.9249284 220.9523 
  0.9534261 216.5879 
  0.9780525 213.3714 
  0.9865556 211.2535 
  0.9867705 210.2025 
  0.9789831 208.1162 
  0.9748554 206.0505 
  0.9508672 206.0505 
  0.9152985 206.0505 
  0.7449535 204.0054 
  0.5715804 201.9805 
  0.4972982 199.9758 
  0.6413229 197.9909 
  0.5902405 196.0257 
  0.2800534 194.0801 
  0.2036591 192.1537 
  0.0008069857 190.2465 
  -0.02563093 188.3582 
  0.01868666 186.4887 
  0.1172766 184.6377 
  0.08233616 182.8051 
  -0.02687562 180.9906 
  0.003408161 180.0902 
  0.02336839 179.1942 
  -0.04292713 178.3027 
  -0.1680766 176.533 
  0.006805246 174.7808 
  0.08421091 173.9112 
  0.3589771 173.046 
  0.3785116 172.185 
  0.1909783 171.3284 
  0.003483348 170.476 
  0.1573562 169.6279 
  0.05152281 168.784 
  0.04557917 167.9442 
  0.03911724 167.1087 
  0.05573577 166.2773 
  0.08673017 165.4501 
  0.106218 164.6269 
  0.2189989 162.9929 
  0.2919444 162.182 
  0.2761957 161.3751 
  0.3884921 160.5723 
  0.3597006 158.9785 
  0.2102638 152.0001 
  0.5531474 146.7849 
  0.9714605 144.605 
  0.9851773 143.1697 
  0.9854993 142.4574 
  0.9901316 141.7487 
  0.9888623 141.0434 
  0.9935869 140.3417 
  0.9854883 140.3417 
  0.9757225 141.0434 
  0.9700881 141.0434 
  0.9768004 140.3417 
  0.9692848 140.3417 
  0.960097 140.3417 
  0.9473437 140.3417 
  0.9467775 141.0434 
  0.9210356 141.7487 
  0.8501127 143.1697 
  0.883186 144.605 
  0.9377692 146.0546 
  0.9330922 147.5188 
  0.8427358 148.2564 
  0.7251105 148.9977 
  0.4639208 148.9977 
  0.2976901 148.9977 
  0.1789925 148.9977 
  0.07931318 148.9977 
  0.1280607 148.9977 
  -0.02445278 148.9977 
  -0.2199436 148.9977 
  0.07483629 148.9977 
  0.1954939 148.9977 
  -0.03194412 148.9977 
  -0.1229523 148.9977 
  0.06974805 148.9977 
  0.2143671 148.9977 
  0.2441563 148.9977 
  0.1906009 148.9977 
  -0.03684323 148.9977 
  -0.0999826 148.9977 
  -0.1477647 148.9977 
  -0.06641033 148.9977 
  0.02536147 148.9977 
  0.02145564 148.9977 
  -0.006682137 148.9977 
  -0.07198137 148.9977 
  -0.1175132 148.9977 
  -0.2740234 148.9977 
  -0.2408456 148.9977 
  -0.04875093 148.9977 
  -0.04096615 148.9977 
  -0.07048007 148.9977 
  -0.1696312 148.9977 
  -0.2330638 148.9977 
  -0.2800787 148.9977 
  -0.3471056 148.9977 
  -0.1791687 148.9977 
  -0.08440325 148.9977 
  -0.2057711 148.9977 
  0.1269351 148.9977 ]
