 [
  0.09613328 198.9809 
  0.195567 198.9809 
  0.04684742 198.9809 
  0.02047655 198.9809 
  -0.2242008 198.9809 
  -0.3515259 198.9809 
  -0.3038582 198.9809 
  -0.06481913 198.9809 
  0.07853614 198.9809 
  -0.1485965 198.9809 
  -0.2904516 198.9809 
  -0.1225158 198.9809 
  -0.1052096 198.9809 
  -0.07538451 198.9809 
  -0.04577869 198.9809 
  -0.0221689 198.9809 
  -0.03268786 198.9809 
  -0.04773366 198.9809 
  -0.05370206 198.9809 
  -0.1512171 198.9809 
  0.04820263 198.9809 
  0.1972296 198.9809 
  -0.04826639 198.9809 
  0.02875351 198.9809 
  -0.2423841 198.9809 
  -0.1332145 198.9809 
  0.07813494 198.9809 
  0.2460933 198.9809 
  0.1641772 198.9809 
  0.2359418 198.9809 
  0.3037537 198.9809 
  0.317612 198.9809 
  0.1535625 198.9809 
  -0.1031042 198.9809 
  -0.09729069 198.9809 
  0.003688022 198.9809 
  0.008662166 198.9809 
  -0.04122904 198.9809 
  -0.1725802 198.9809 
  -0.00965055 198.9809 
  0.06451081 198.9809 
  0.1846192 198.9809 
  -0.02078637 198.9809 
  0.2922232 198.9809 
  0.05681316 198.9809 
  0.186304 198.9809 
  0.69923 198.9809 
  0.7920032 193.1145 
  0.7538801 187.4211 
  0.8254426 181.8956 
  0.9549721 176.533 
  0.9867027 175.6547 
  0.9838697 175.6547 
  0.9795322 177.4156 
  0.9648123 180.0902 
  0.9597156 181.8956 
  0.9598876 184.6377 
  0.9644324 188.3582 
  0.9662108 190.2465 
  0.9832238 193.1145 
  0.9872931 193.1145 
  0.9427803 192.1537 
  0.8867999 190.2465 
  0.8454163 184.6377 
  0.2187674 184.6377 
  0.05669457 184.6377 
  -0.06086759 183.7191 
  -0.02746816 182.8051 
  -0.007979722 181.8956 
  0.2765351 180.9906 
  0.005429576 180.0902 
  0.2180095 179.1942 
  0.1088989 179.1942 
  0.1119998 179.1942 
  0.08212128 180.0902 
  0.3131609 181.8956 
  -0.1579103 184.6377 
  -0.3465334 186.4887 
  -0.2654956 188.3582 
  -0.2063563 190.2465 
  0.01833004 192.1537 
  -0.1422359 195.0505 
  -0.255417 197.0059 
  0.2962648 198.9809 
  0.8984595 201.9805 
  0.9538677 204.0054 
  0.9859873 205.0254 
  0.9961447 206.0505 
  0.9983562 207.0808 
  0.9984833 206.0505 
  0.9957184 205.0254 
  0.9961354 202.9904 
  0.9985543 200.9756 
  0.9986301 199.9758 
  0.9996555 198.9809 
  0.9992439 198.9809 
  0.9983478 198.9809 
  0.9971077 198.9809 
  0.9962409 199.9758 
  0.9953884 199.9758 
  0.9927041 199.9758 
  0.9929291 199.9758 
  0.9927764 198.9809 
  0.9914698 198.9809 
  0.9899148 197.9909 
  0.9921362 197.0059 
  0.996651 197.0059 
  0.9992256 197.9909 
  0.9974755 197.9909 
  0.9968432 198.9809 
  0.9966767 199.9758 
  0.9983684 199.9758 
  0.9951819 199.9758 
  0.9891472 197.9909 
  0.9856757 196.0257 
  0.9715074 194.0801 
  0.9513289 191.1978 
  0.8944197 187.4211 
  0.4678069 185.5609 
  0.4212359 183.7191 
  0.5784008 182.8051 
  0.5636719 181.8956 
  0.56949 180.9906 
  0.8157203 180.9906 
  0.9490063 181.8956 
  0.9732872 183.7191 
  0.9552776 181.8956 
  0.9344309 180.0902 
  0.9119292 175.6547 
  0.9340342 172.185 
  0.9428026 169.6279 
  0.9558148 167.1087 
  0.97392 166.2773 
  0.988915 164.6269 
  0.9951007 163.8079 
  0.9915432 163.8079 
  0.965183 164.6269 
  0.9636805 164.6269 
  0.975764 165.4501 
  0.9868498 163.8079 
  0.9850488 162.9929 
  0.9825209 162.182 
  0.9801865 163.8079 
  0.9725841 164.6269 
  0.9492508 165.4501 
  0.9711583 167.1087 
  0.9897726 168.784 
  0.988538 168.784 
  0.9673613 170.476 
  0.9397574 173.9112 
  0.9212114 177.4156 
  0.9078283 181.8956 
  0.9259531 186.4887 
  0.9446505 191.1978 
  0.957679 194.0801 
  0.977524 197.0059 
  0.9887718 198.9809 
  0.9173354 197.9909 
  0.7912481 195.0505 
  0.6272598 185.5609 
  0.156698 185.5609 
  -0.02025488 185.5609 
  0.03794271 185.5609 
  0.0003877922 186.4887 
  0.1190781 187.4211 
  0.004680994 188.3582 
  0.05333291 189.3 
  0.03722249 190.2465 
  0.001906236 191.1978 
  0.7876598 192.1537 
  0.8771075 187.4211 
  0.9303976 185.5609 
  0.961149 182.8051 
  0.9712077 180.9906 
  0.9867748 178.3027 
  0.9788374 175.6547 
  0.9758909 173.046 
  0.9777268 170.476 
  0.9864713 168.784 
  0.9653504 166.2773 
  0.9053591 163.8079 
  0.8702966 162.182 
  0.2270291 162.9929 
  0.1739977 165.4501 
  0.2929017 167.9442 
  -0.3963045 170.476 
  -0.07597764 173.046 
  -0.09695233 175.6547 
  -0.146722 178.3027 
  0.1823773 180.9906 
  0.0498733 183.7191 
  0.0932401 186.4887 
  0.1403285 188.3582 
  0.3549611 189.3 
  0.7452698 190.2465 
  0.9196513 188.3582 
  0.9624223 187.4211 
  0.9841226 187.4211 
  0.9713632 186.4887 
  0.9641104 183.7191 
  0.9702349 181.8956 
  0.9850293 180.0902 
  0.9926939 178.3027 
  0.9786104 177.4156 
  0.924268 175.6547 
  0.8637348 173.9112 
  0.7519358 172.185 
  -0.1000754 174.7808 
  0.08985121 177.4156 
  -0.02406703 180.0902 
  0.3051724 182.8051 
  0.08464471 185.5609 
  -0.1799512 188.3582 
  0.02111282 191.1978 
  0.6011106 194.0801 
  0.8474103 196.0257 
  0.9388444 196.0257 
  0.9893233 195.0505 
  0.9687825 192.1537 
  0.9659148 188.3582 
  0.9723181 184.6377 
  0.9420523 181.8956 
  0.9097933 179.1942 
  0.8772507 175.6547 
  0.8548149 171.3284 
  0.9894586 169.6279 
  0.9837373 170.476 
  0.9043532 173.046 
  0.9437004 176.533 
  0.9806707 177.4156 
  0.9924768 177.4156 
  0.9962208 177.4156 
  0.9964003 177.4156 
  0.9935654 176.533 
  0.9922346 174.7808 
  0.9891729 173.9112 
  0.9935206 172.185 
  0.9951838 172.185 
  0.9791372 173.9112 
  0.9700522 176.533 
  0.9813095 177.4156 
  0.981468 179.1942 
  0.9738055 180.0902 
  0.9569714 179.1942 
  0.9652569 177.4156 
  0.9525895 176.533 
  0.9217076 175.6547 
  0.8470046 173.046 
  0.9765692 170.476 
  0.9724981 169.6279 
  0.9744715 169.6279 
  0.9838974 168.784 
  0.9739923 168.784 
  0.9783529 168.784 
  0.9762628 168.784 
  0.9913719 168.784 
  0.9846826 168.784 
  0.9722739 168.784 
  0.8872117 168.784 
  0.7936162 167.9442 
  0.9696072 167.9442 
  0.9990248 167.1087 
  0.9987907 167.1087 
  0.9965127 166.2773 
  0.992993 165.4501 
  0.9747083 165.4501 
  0.8929855 165.4501 
  0.7762137 165.4501 
  0.3530689 165.4501 
  0.3385517 166.2773 
  0.4352881 167.1087 
  0.3219647 168.784 
  0.7639207 172.185 
  0.930065 174.7808 
  0.9857106 176.533 
  0.98871 178.3027 
  0.9809892 180.0902 
  0.9792753 182.8051 
  0.9757338 185.5609 
  0.9755805 187.4211 
  0.991797 189.3 
  0.9947402 189.3 
  0.9987122 189.3 
  0.994887 189.3 
  0.9419346 186.4887 
  0.8332682 184.6377 
  0.7437736 180.0902 
  0.1564614 179.1942 
  0.1940859 180.0902 
  0.2202339 180.9906 
  0.1874705 182.8051 
  -0.2500391 184.6377 
  -0.01558349 186.4887 
  0.05509802 188.3582 
  -0.07130756 190.2465 
  -0.06962277 192.1537 
  0.001328134 193.1145 
  0.1331649 195.0505 
  0.7566681 197.0059 
  0.9102845 197.0059 
  0.9573637 196.0257 
  0.991729 196.0257 
  1.000409 196.0257 
  0.9989375 195.0505 
  0.999299 194.0801 
  0.9986405 193.1145 
  0.9978449 191.1978 
  0.9926219 188.3582 
  0.9827846 185.5609 
  0.9843392 182.8051 
  0.9930212 180.0902 
  0.9916148 179.1942 
  0.9841045 179.1942 
  0.8906771 178.3027 
  0.3385934 174.7808 
  0.2240112 172.185 
  0.4783991 174.7808 
  0.9242582 176.533 
  0.9686674 175.6547 
  0.9718049 173.046 
  0.9794674 171.3284 
  0.9832062 169.6279 
  0.9656651 167.9442 
  0.9662236 165.4501 
  0.9568179 162.9929 
  0.9172395 159.7734 
  0.9148102 156.6175 
  0.9114906 153.5239 
  0.9134291 151.2439 
  0.7892256 150.4914 
  0.5832742 152.0001 
  0.6202294 154.2915 
  0.434801 156.6175 
  0.3747135 158.9785 
  0.1162126 161.3751 
  -0.2294708 163.8079 
  -0.2267653 166.2773 
  -0.2394865 168.784 
  0.03145414 172.185 
  0.09778049 175.6547 
  0.08186712 179.1942 
  0.5604277 182.8051 
  0.7843077 186.4887 
  0.8977988 189.3 
  0.9645414 190.2465 
  0.9885793 191.1978 
  0.9976951 190.2465 
  0.9936353 188.3582 
  0.9945661 186.4887 
  0.9978904 184.6377 
  0.9996234 183.7191 
  0.9967117 183.7191 
  0.9653192 182.8051 
  0.9045557 180.9906 
  0.9049467 177.4156 
  0.9909539 175.6547 
  0.9947621 175.6547 
  0.9932188 175.6547 
  0.9944741 176.533 
  0.959369 177.4156 
  0.7097001 178.3027 
  0.8849219 178.3027 
  0.9540662 179.1942 
  0.995892 179.1942 
  0.9964446 178.3027 
  0.9931892 177.4156 
  0.9873915 176.533 
  0.988311 174.7808 
  0.9909118 173.046 
  0.9885401 171.3284 
  0.9841555 170.476 
  0.9839345 168.784 
  0.9767722 167.9442 
  0.947069 167.9442 
  0.8913638 167.9442 
  0.814684 167.9442 
  0.7841941 168.784 
  0.7981411 169.6279 
  0.7881088 170.476 
  0.7256088 171.3284 
  0.6552919 172.185 
  0.08542303 173.046 
  -0.1016608 173.9112 
  -0.1786201 174.7808 
  0.1247064 175.6547 
  0.2445641 176.533 
  0.004144408 177.4156 
  -0.1210448 179.1942 
  -0.2614768 180.9906 
  -0.1233556 182.8051 
  0.1915342 184.6377 
  0.1047104 186.4887 
  -0.03385741 188.3582 
  -0.1296249 190.2465 
  -0.1675203 192.1537 
  -0.03348297 194.0801 
  0.02924901 196.0257 
  0.129604 197.9909 
  0.08818616 199.9758 
  0.6545867 201.9805 
  0.8827021 201.9805 
  0.9532615 201.9805 
  0.997174 200.9756 
  0.9948984 199.9758 
  0.9924525 197.0059 
  0.9851031 194.0801 
  0.9776331 189.3 
  0.9859809 185.5609 
  0.9936593 183.7191 
  0.9972011 180.9906 
  0.9967925 180.0902 
  0.995356 178.3027 
  0.988557 175.6547 
  0.97583 171.3284 
  0.9528258 167.1087 
  0.9606369 162.9929 
  0.9740233 158.1876 
  0.9868149 155.063 
  0.9887928 152.7601 
  0.9926904 151.2439 
  0.9963152 149.7427 
  0.9951659 148.2564 
  0.9964773 147.5188 
  0.9993023 146.7849 
  0.9979694 146.7849 
  0.9976066 146.7849 
  0.9967952 146.7849 
  0.9943122 146.7849 
  0.9816639 146.7849 
  0.9599242 146.7849 
  0.9303838 146.7849 
  0.8921753 146.7849 
  0.7930955 146.7849 
  0.2698343 146.7849 
  -0.04002551 146.7849 
  0.01544324 146.7849 
  0.03164878 146.7849 
  0.09360348 146.7849 
  0.06035203 146.7849 
  -0.0422939 146.7849 
  0.0456031 146.7849 
  0.06249947 146.7849 
  0.09173042 146.7849 
  0.1111724 146.7849 
  -0.06958092 146.7849 
  -0.2095006 146.7849 
  -0.1631829 146.7849 
  -0.05165521 146.7849 
  0.02320317 146.7849 
  -0.13735 146.7849 
  -0.2048807 146.7849 
  0.04766153 146.7849 
  0.105504 146.7849 
  0.2192305 146.7849 
  0.2322239 146.7849 
  -0.04295229 146.7849 ]
