 [
  -0.06059088 304.037 
  0.03390348 304.037 
  0.1415676 304.037 
  0.2576238 304.037 
  0.1693004 304.037 
  -0.1657825 304.037 
  -0.2063944 304.037 
  -0.1684792 304.037 
  -0.07646123 304.037 
  0.1241469 304.037 
  0.1197972 304.037 
  -0.009815281 304.037 
  0.2600362 304.037 
  0.495275 304.037 
  0.4018854 304.037 
  0.3819618 304.037 
  0.1996433 304.037 
  0.1547922 304.037 
  0.1267465 304.037 
  0.06312715 304.037 
  -0.1682857 302.5244 
  -0.03127403 301.0193 
  0.1923347 299.5217 
  0.3015548 298.0316 
  0.18348 296.5488 
  -0.129876 295.0734 
  0.02603046 293.6054 
  0.02791314 293.6054 
  -0.037989 293.6054 
  0.7352865 293.6054 
  0.8460768 279.3209 
  0.943905 276.5485 
  0.9980085 275.1726 
  0.9987502 273.8036 
  0.997965 272.4414 
  0.9931165 269.7372 
  0.9720302 265.7313 
  0.9464579 261.7849 
  0.7469481 260.4825 
  -0.1310268 260.4825 
  0.2139792 261.7849 
  0.3367197 263.0938 
  0.07344235 264.4093 
  0.0720167 265.7313 
  0.007313312 268.3953 
  0.1626914 272.4414 
  0.1588409 276.5485 
  0.8782445 282.1211 
  0.9139423 286.3741 
  0.9401381 280.7175 
  0.9344627 273.8036 
  0.9532105 264.4093 
  0.9734342 257.8971 
  0.9877973 252.8029 
  0.9549642 249.0485 
  0.9315063 246.5766 
  0.885181 240.5036 
  0.9962665 240.5036 
  0.9915303 239.307 
  0.9916583 236.9318 
  0.9982315 235.753 
  0.9993586 235.753 
  0.9989294 235.753 
  0.9990405 234.5801 
  0.9955902 233.4131 
  0.9940904 231.0963 
  0.9944518 227.6642 
  0.9929477 225.4046 
  0.9916216 222.057 
  0.995527 219.853 
  0.9960105 217.6709 
  0.9650234 215.5104 
  0.9469578 213.3714 
  0.9405863 211.2535 
  0.9993784 212.3098 
  0.9997295 212.3098 
  0.9980527 211.2535 
  0.9956971 210.2025 
  0.9944358 208.1162 
  0.8852553 208.1162 
  0.7941735 201.9805 
  0.8183946 197.0059 
  0.9820824 194.0801 
  0.9945051 192.1537 
  0.9960698 191.1978 
  0.9958783 189.3 
  0.997151 188.3582 
  0.9949256 188.3582 
  0.9992059 187.4211 
  0.9990123 187.4211 
  0.9986495 187.4211 
  0.998418 187.4211 
  0.9978947 187.4211 
  0.9989562 187.4211 
  0.9986789 188.3582 
  0.9989237 188.3582 
  0.99964 188.3582 
  0.9984568 188.3582 
  0.9979273 189.3 
  0.9979537 189.3 
  0.9982323 190.2465 
  0.9977735 190.2465 
  0.9969386 190.2465 
  0.9939597 189.3 
  0.9955306 188.3582 
  0.9883455 187.4211 
  0.9728442 186.4887 
  0.9367836 185.5609 
  0.8615344 185.5609 
  0.7693679 185.5609 
  0.296615 186.4887 
  0.1246307 187.4211 
  -0.06532168 188.3582 
  -0.001317578 189.3 
  0.2873507 190.2465 
  0.2833273 191.1978 
  0.8798481 193.1145 
  -0.02193587 195.0505 
  -0.09182577 197.0059 
  0.4015157 198.9809 
  0.07933412 200.9756 
  -0.01103012 202.9904 
  0.01612888 205.0254 
  0.1930089 207.0808 
  -0.03032528 208.1162 
  0.4336847 208.1162 
  0.6246952 211.2535 
  0.7748351 210.2025 
  0.9933501 211.2535 
  0.9918244 211.2535 
  0.9957939 210.2025 
  0.9957225 210.2025 
  0.9966255 210.2025 
  0.9958325 210.2025 
  0.9865397 211.2535 
  0.9853845 213.3714 
  0.9893405 214.4382 
  0.9853011 216.5879 
  0.988969 217.6709 
  0.994977 218.7592 
  0.9905121 219.853 
  0.9944586 220.9523 
  0.9932604 222.057 
  0.951445 222.057 
  0.9193634 219.853 
  0.9207531 218.7592 
  0.9988019 219.853 
  0.9989784 219.853 
  0.9983884 217.6709 
  0.9956509 216.5879 
  0.8512107 218.7592 
  0.7392556 214.4382 
  0.7832767 210.2025 
  0.9696869 204.0054 
  0.9646459 200.9756 
  0.9593246 197.0059 
  0.9456279 193.1145 
  0.9177392 189.3 
  0.72684 183.7191 
  0.2499506 178.3027 
  0.06202469 167.9442 
  0.006185923 166.2773 
  -0.3659385 169.6279 
  0.04832931 173.046 
  0.6188051 177.4156 
  0.7387556 182.8051 
  0.9128417 187.4211 
  0.992317 189.3 
  0.8117298 191.1978 
  0.8822323 188.3582 
  0.9076089 187.4211 
  0.9700869 185.5609 
  0.9856157 183.7191 
  0.9963011 183.7191 
  0.9899738 183.7191 
  0.9873843 183.7191 
  0.9915751 181.8956 
  0.9916134 181.8956 
  0.9915837 181.8956 
  0.9905776 181.8956 
  0.9908226 183.7191 
  0.9946322 184.6377 
  0.9949061 184.6377 
  0.9915873 183.7191 
  0.9977866 183.7191 
  0.9951905 182.8051 
  0.9835542 182.8051 
  0.9418907 182.8051 
  0.8387173 182.8051 
  0.2100496 182.8051 
  0.161339 182.8051 
  -0.2827282 182.8051 
  0.2046338 182.8051 
  0.1363027 182.8051 
  -0.04568144 182.8051 
  0.02876016 181.8956 
  0.09132923 180.9906 
  0.1834982 180.9906 
  0.1245377 180.9906 
  0.2414612 180.9906 
  0.1780726 180.9906 
  0.06271254 180.9906 
  -0.03022504 180.9906 
  0.08271722 180.9906 
  -0.02841582 180.9906 
  0.02074091 180.9906 
  0.03440183 180.9906 
  0.3094158 180.9906 
  -0.008173387 180.9906 
  0.2625413 180.9906 
  -0.09314323 180.9906 
  -0.06776093 180.9906 
  0.1237972 180.9906 
  0.1026533 181.8956 
  0.04777117 182.8051 
  0.575053 183.7191 
  0.4070268 183.7191 
  0.5526336 182.8051 
  0.6300382 181.8956 
  0.9534907 181.8956 
  0.9672529 183.7191 
  0.9688863 185.5609 
  0.9791067 187.4211 
  0.9885037 187.4211 
  0.9901737 186.4887 
  0.9962617 186.4887 
  0.9965312 185.5609 
  0.9919579 185.5609 
  0.953564 185.5609 
  0.9047992 185.5609 
  0.4981915 184.6377 
  0.2084656 184.6377 
  -0.04399192 184.6377 
  0.2090604 184.6377 
  -0.03951845 184.6377 
  0.136348 184.6377 
  -0.03452879 184.6377 
  -0.171055 184.6377 
  0.6318064 197.0059 
  0.8100475 197.0059 
  0.9889317 196.0257 
  0.9988434 194.0801 
  0.9993499 194.0801 
  0.9984223 193.1145 
  0.9972814 192.1537 
  0.9966328 191.1978 
  0.9896105 190.2465 
  0.9593881 188.3582 
  0.9254504 187.4211 
  0.947658 187.4211 
  0.9986482 187.4211 
  0.9998992 187.4211 
  1.000093 187.4211 
  0.9767621 186.4887 
  0.931803 184.6377 
  0.9379423 183.7191 
  0.995229 182.8051 
  0.9981621 181.8956 
  0.9981089 181.8956 
  0.9973677 180.9906 
  0.9985453 180.0902 
  0.9978342 179.1942 
  0.9975792 179.1942 
  0.9963284 179.1942 
  0.9930735 179.1942 
  0.9955043 180.0902 
  0.9942269 179.1942 
  0.9975922 178.3027 
  0.9982215 177.4156 
  0.9941339 176.533 
  0.9938881 174.7808 
  0.9981692 173.9112 
  0.9944839 173.046 
  0.9927124 171.3284 
  0.9968034 169.6279 
  0.9977181 168.784 
  0.998267 167.9442 
  0.9982973 167.9442 
  0.9935587 168.784 
  0.9103339 169.6279 
  0.4677926 167.9442 
  0.01323457 162.9929 
  0.008214973 158.1876 
  -0.1990325 156.6175 
  -0.2196823 155.8383 
  -0.2976517 155.063 
  0.02860018 154.2915 
  0.2376684 153.5239 
  -0.04763377 152.7601 
  -0.1610082 152.0001 
  -0.1891622 151.2439 
  -0.02145984 150.4914 
  -0.2351114 149.7427 
  0.2465439 148.9977 
  0.008113609 148.2564 
  0.007236833 147.5188 
  0.1171546 147.5188 
  -0.004654931 146.7849 
  0.01669763 146.0546 
  0.07790415 145.328 
  0.1108701 144.605 
  0.2394274 143.8855 
  0.3921264 143.8855 
  0.2266101 143.8855 
  0.1974633 143.8855 
  0.08449166 143.8855 
  0.05349012 143.8855 
  0.0396317 143.8855 
  0.03866833 143.8855 
  0.07802851 143.8855 
  0.06509342 143.8855 
  -0.1512724 143.8855 
  -0.2447781 143.8855 
  -0.1609496 143.8855 
  0.02539943 143.8855 
  -0.0807571 143.8855 
  -0.09648582 143.8855 
  -0.2002282 143.8855 
  -0.05427264 143.8855 
  0.1641813 143.8855 
  0.0465356 143.8855 
  0.009562865 143.8855 
  0.05846472 143.8855 
  -0.06283407 143.8855 
  -0.07236424 143.8855 
  -0.2257354 143.8855 
  -0.34109 143.8855 
  -0.07686291 143.8855 
  -0.2380958 143.8855 
  -0.1680534 143.8855 
  -0.3187675 143.8855 
  -0.1608956 143.8855 
  0.02976949 143.8855 
  -0.1954797 143.8855 
  -0.1464156 143.8855 
  0.03451213 143.8855 
  0.1160926 143.8855 
  0.06358559 143.8855 
  -0.0443091 143.8855 
  0.0649814 143.8855 
  0.0615137 143.8855 
  -0.09227706 143.8855 
  0.02222566 143.8855 
  0.0368612 143.8855 
  0.1518894 143.8855 
  -0.1801115 143.8855 
  -0.08654731 143.8855 
  0.07951034 143.8855 
  -0.04920561 143.8855 
  -0.0501575 143.8855 
  0.07208431 143.8855 
  -0.03056008 143.8855 
  0.09443405 143.8855 
  -0.01957153 143.8855 
  -0.163632 143.8855 
  -0.3648587 143.8855 ]
