 [
  0.01605844 222.057 
  0.04515548 222.057 
  0.1903748 222.057 
  0.136607 222.057 
  0.03299973 222.057 
  -0.1952539 222.057 
  -0.118004 222.057 
  0.03429376 222.057 
  0.07077554 222.057 
  0.09337416 222.057 
  0.03182678 222.057 
  -0.2792869 222.057 
  0.3619624 222.057 
  0.277238 220.9523 
  0.3421795 218.7592 
  0.5270501 217.6709 
  0.5382273 220.9523 
  0.412208 227.6642 
  0.4520499 229.9466 
  0.3501265 229.9466 
  0.4403518 218.7592 
  -0.09974559 200.9756 
  -0.3910796 183.7191 
  -0.140466 167.9442 
  0.1312439 154.2915 
  0.04298591 142.4574 
  0.2287328 131.531 
  -0.209133 122.0498 
  0.2901502 110.4628 
  0.8479736 107.7421 
  0.9777346 108.2809 
  0.5606028 109.3664 
  0.7880771 108.8223 
  0.9646184 108.2809 
  0.9855641 108.2809 
  0.9840636 108.2809 
  0.9695343 108.8223 
  0.9653549 109.3664 
  0.9641742 110.4628 
  0.9763368 111.0151 
  0.9627219 112.128 
  0.9594457 113.2521 
  0.9492214 114.9594 
  0.9718389 116.1118 
  0.9302003 116.1118 
  0.8043606 116.1118 
  0.6195104 115.5342 
  0.5639095 119.0438 
  0.9251577 119.0438 
  0.9626334 119.0438 
  0.9356457 117.8622 
  0.9328711 116.1118 
  0.9438046 114.3874 
  0.9166834 112.6886 
  0.8908548 109.3664 
  0.7770098 107.2061 
  0.3605512 107.2061 
  -0.01690042 108.2809 
  0.1989577 110.4628 
  0.6305375 113.2521 
  0.8928343 116.1118 
  0.9480551 117.2759 
  0.9196585 117.2759 
  0.9152004 116.6924 
  0.9343078 115.5342 
  0.9758757 114.3874 
  0.9943527 113.8184 
  0.99293 113.8184 
  0.9924502 113.2521 
  0.988897 113.2521 
  0.9808555 113.2521 
  0.966608 113.8184 
  0.9601122 113.8184 
  0.9453281 114.3874 
  0.9489071 114.9594 
  0.9117479 114.9594 
  0.7327077 112.6886 
  0.595411 108.8223 
  0.3131451 104.5657 
  0.06054845 105.0885 
  -0.1780024 106.142 
  -0.003072496 107.2061 
  -0.108536 108.2809 
  -0.08086665 108.8223 
  -0.1205296 109.3664 
  -0.08960462 109.9132 
  -0.1371549 111.0151 
  -0.02842638 112.128 
  0.04693424 112.6886 
  -0.1742754 113.2521 
  -0.008571342 114.3874 
  -0.1142005 115.5342 
  -0.08194099 116.6924 
  -0.03690293 117.8622 
  -0.03321857 119.0438 
  -0.1442946 120.2372 
  -0.05508286 121.4426 
  0.4822529 120.8384 
  0.7404965 120.2372 
  0.9105787 117.8622 
  0.8772509 115.5342 
  0.9397589 112.128 
  0.9855325 111.0151 
  0.9917443 110.4628 
  0.9793161 109.3664 
  0.9612898 108.2809 
  0.9589701 106.6728 
  0.9728597 105.614 
  0.968176 104.5657 
  0.9210994 104.5657 
  0.8331659 104.5657 
  0.6204004 105.0885 
  0.2792784 105.614 
  0.07227099 105.614 
  -0.1426046 105.614 
  -0.04979653 105.614 
  0.2869207 106.142 
  0.4625434 106.6728 
  0.4252363 107.2061 
  0.2956298 107.7421 
  0.301608 108.2809 
  0.1744332 108.8223 
  0.7065457 109.3664 
  0.9054765 110.4628 
  0.9685984 111.0151 
  0.9863997 110.4628 
  0.9829873 109.9132 
  0.9801307 109.9132 
  0.9678441 108.8223 
  0.9013577 108.2809 
  0.9069549 106.142 
  0.9076236 104.0455 
  0.8826307 102.5003 
  0.8893104 101.9903 
  0.8767459 101.9903 
  0.8825725 102.5003 
  0.9150285 103.0128 
  0.912829 104.0455 
  0.9164153 104.5657 
  0.9498032 105.0885 
  0.93704 104.0455 
  0.8784916 101.9903 
  0.9590812 99.97575 
  0.9697775 98.98344 
  0.9839099 98.491 
  0.9758905 98.00098 
  0.9794827 97.51342 
  0.9785625 97.02828 
  0.9833412 96.54556 
  0.9755447 96.06523 
  0.9677094 95.11173 
  0.9686592 94.1677 
  0.9344275 93.23304 
  0.862115 91.39146 
  0.8598331 89.58624 
  0.9043741 87.8167 
  0.9502251 86.94508 
  0.9630496 86.51251 
  0.9754829 86.94508 
  0.9742727 87.3798 
  0.9851071 88.25578 
  0.985705 88.69706 
  0.979899 89.14054 
  0.950915 88.69706 
  0.939093 88.25578 
  0.956957 87.8167 
  0.95883 87.8167 
  0.9141645 87.3798 
  0.9224502 86.0821 
  0.9548011 85.2277 
  0.9643238 84.80367 
  0.9641322 84.80367 
  0.9194913 84.80367 
  0.7432754 86.0821 
  0.8295835 88.25578 
  0.7591772 90.03418 
  0.634917 91.39146 
  0.6267409 92.30766 
  0.4692153 92.7692 
  0.4103207 93.23304 
  0.2782439 93.6992 
  0.4870317 94.1677 
  0.3905524 94.63854 
  0.2544874 94.63854 
  0.3623014 94.63854 
  0.3524832 94.63854 
  0.2081915 94.63854 
  0.1268156 94.63854 
  -0.1530101 94.63854 
  0.07408819 94.63854 
  0.1852223 94.63854 
  0.05867876 94.63854 
  -0.0980363 94.63854 
  -0.01389975 94.63854 
  -0.1113886 94.63854 
  -0.236605 94.63854 
  -0.2439058 94.63854 
  0.02428189 94.63854 
  0.229662 94.63854 ]
