 [
  -0.2235606 137.5696 
  -0.2308432 137.5696 
  -0.2201944 137.5696 
  -0.3051559 137.5696 
  -0.06344058 137.5696 
  -0.1035025 137.5696 
  -0.01290805 137.5696 
  0.09145156 137.5696 
  -0.01233687 137.5696 
  -0.1324071 137.5696 
  -0.1491107 137.5696 
  0.0004013466 137.5696 
  0.05834947 137.5696 
  -0.04437364 137.5696 
  0.7657047 138.2575 
  0.6962134 134.1814 
  0.8096709 133.5138 
  0.7338488 130.8766 
  0.7549191 128.2915 
  0.9443362 128.2915 
  0.8159041 129.5776 
  0.6597549 132.8496 
  0.6400949 138.2575 
  0.7861332 143.8855 
  0.1905832 149.7427 
  0.5656994 156.6175 
  0.7481793 161.3751 
  0.8869726 164.6269 
  0.9433801 167.9442 
  0.9882942 169.6279 
  0.9946775 170.476 
  0.9902819 170.476 
  0.9916385 171.3284 
  0.9939854 170.476 
  0.9991561 171.3284 
  0.9960744 172.185 
  0.9938889 173.9112 
  0.9890353 175.6547 
  0.9866418 178.3027 
  0.9872371 181.8956 
  0.9927115 184.6377 
  0.954891 185.5609 
  0.9039524 184.6377 
  0.7858435 175.6547 
  0.8636376 173.046 
  0.8436633 172.185 
  0.8324415 173.9112 
  0.8965383 177.4156 
  0.9017131 183.7191 
  0.9753499 187.4211 
  0.987364 187.4211 
  0.9924645 187.4211 
  0.991537 186.4887 
  0.9876758 184.6377 
  0.9794197 182.8051 
  0.9488296 180.9906 
  0.8962214 178.3027 
  0.8143005 175.6547 
  0.9694663 174.7808 
  0.9827142 173.046 
  0.9916879 171.3284 
  0.9945325 169.6279 
  0.9914955 167.9442 
  0.9928519 166.2773 
  0.9935556 163.8079 
  0.988443 162.182 
  0.9896042 159.7734 
  0.9919618 158.1876 
  0.9901665 157.4006 
  0.7141862 158.1876 
  0.7903625 160.5723 
  0.9129634 162.9929 
  0.9606511 162.9929 
  0.9908125 163.8079 
  0.9836907 164.6269 
  0.9780293 166.2773 
  0.9728587 167.9442 
  0.9783839 170.476 
  0.9800804 171.3284 
  0.9885769 173.046 
  0.9898241 173.9112 
  0.9687762 173.046 
  0.8769792 172.185 
  0.8346129 169.6279 
  0.7169819 162.9929 
  0.6906624 162.182 
  0.4276875 162.9929 
  0.3183453 164.6269 
  0.3900929 166.2773 
  0.8304578 168.784 
  0.9267955 171.3284 
  0.9562353 171.3284 
  0.9759226 169.6279 
  0.9884429 167.1087 
  0.9913923 166.2773 
  0.9973237 164.6269 
  0.9977171 163.8079 
  0.9919745 162.9929 
  0.9895623 161.3751 
  0.9925833 158.9785 
  0.986711 157.4006 
  0.9759472 155.063 
  0.9580951 152.0001 
  0.9410533 148.2564 
  0.9386196 144.605 
  0.9329174 141.7487 
  0.9068857 138.9488 
  0.8321157 136.8852 
  0.7704359 135.5266 
  0.6032135 134.8523 
  0.4037852 134.1814 
  0.7270257 134.1814 
  0.8838352 134.1814 
  0.9688848 134.1814 
  0.9851149 134.1814 
  0.9936407 134.1814 
  0.9837087 134.8523 
  0.9735539 136.2042 
  0.9566906 138.2575 
  0.9374104 140.3417 
  0.9247577 144.605 
  0.8363297 150.4914 
  0.810199 155.063 
  0.8961241 155.8383 
  0.9108514 158.1876 
  0.963249 159.7734 
  0.9754112 161.3751 
  0.9899426 162.9929 
  0.9937605 164.6269 
  0.9976379 164.6269 
  0.9969893 165.4501 
  0.9948415 165.4501 
  0.9540953 164.6269 
  0.8526146 163.8079 
  0.7190288 158.1876 
  0.762564 150.4914 
  0.7881862 148.9977 
  0.7721952 150.4914 
  0.8442868 155.063 
  0.9129435 158.9785 
  0.9730821 159.7734 
  0.9760481 158.9785 
  0.9779125 156.6175 
  0.993437 155.063 
  0.9907449 153.5239 
  0.9840484 152.0001 
  0.9815719 150.4914 
  0.9877326 148.2564 
  0.9857273 146.7849 
  0.9869193 146.0546 
  0.9968307 146.0546 
  0.989835 145.328 
  0.9934538 144.605 
  0.9717144 145.328 
  0.9275712 146.0546 
  0.8269684 146.7849 
  0.07606936 147.5188 
  0.02857919 147.5188 
  -0.09940413 147.5188 
  0.2474003 147.5188 
  0.1675463 146.7849 
  0.5154284 146.0546 
  0.7827962 146.0546 
  0.9352498 147.5188 
  0.9392232 148.9977 
  0.889183 148.2564 
  0.9031493 147.5188 
  0.9360507 148.9977 
  0.9355073 150.4914 
  0.8778176 153.5239 
  0.8635035 156.6175 
  0.9387379 160.5723 
  0.9385072 162.9929 
  0.9600142 165.4501 
  0.9579063 167.9442 
  0.9683253 169.6279 
  0.9314588 169.6279 
  0.8668319 167.9442 
  0.7832141 164.6269 
  0.9454564 167.9442 
  0.9506648 166.2773 
  0.8687545 162.9929 
  0.8374633 158.1876 
  0.8493518 152.0001 
  0.8170084 147.5188 
  0.8028375 141.7487 
  0.4297367 138.9488 
  0.2096698 138.9488 
  0.2785366 138.9488 
  0.36057 138.9488 
  -0.07908554 138.9488 
  0.3349264 138.9488 
  0.1779033 138.9488 
  -0.05492913 138.9488 
  0.1591046 138.9488 
  0.05152443 138.9488 
  -0.04729033 138.2575 
  -0.1073335 138.2575 
  -0.2137433 138.2575 
  -0.06130084 138.2575 
  0.1456025 138.2575 
  -0.2659042 137.5696 
  0.5018682 138.9488 
  0.6301964 134.8523 
  0.6905016 129.5776 
  0.8296815 124.5092 
  0.88099 120.2372 
  0.9140081 116.1118 
  0.965426 113.2521 
  0.9884214 111.5702 
  0.9954971 111.0151 
  0.998962 110.4628 
  0.9989176 110.4628 
  0.994093 109.9132 
  0.9907976 109.3664 
  0.9948874 108.8223 
  0.9959219 108.8223 
  0.9971357 108.2809 
  0.9943686 107.7421 
  0.9121988 107.2061 
  0.8159384 106.6728 
  0.5778212 106.6728 
  -0.05604374 107.2061 
  0.2668952 107.7421 
  0.2091305 108.2809 
  0.3393307 108.8223 
  0.4492426 109.9132 
  0.09208125 110.4628 
  0.1132018 111.5702 
  0.07104537 112.6886 
  0.02901969 113.8184 
  0.003633242 114.9594 
  0.5737912 116.1118 
  0.7182348 116.6924 
  0.2581783 117.2759 
  0.2652702 117.8622 
  0.6555943 118.4515 
  0.9087788 119.0438 
  0.9610585 119.0438 
  0.9777903 119.0438 
  0.9821327 118.4515 
  0.9762174 117.2759 
  0.9400595 116.1118 
  0.95692 114.9594 
  0.9730098 114.3874 
  0.9860813 114.3874 
  0.9859856 114.9594 
  0.9892828 114.9594 
  0.984641 114.9594 
  0.9738402 114.9594 
  0.9735299 115.5342 
  0.9884995 116.1118 
  0.9730964 117.2759 
  0.8864471 119.639 
  0.7080747 125.7574 
  0.8460212 127.0181 
  0.9243289 127.6532 
  0.9581516 128.9329 
  0.9764007 130.2255 
  0.9900849 130.8766 
  0.9717082 131.531 
  0.9319246 133.5138 
  0.9667234 134.8523 
  1.000012 135.5266 
  1.00008 135.5266 
  0.9895846 135.5266 
  0.9779488 134.8523 
  0.9826921 134.1814 
  0.9800321 133.5138 
  0.9754565 132.8496 
  0.9000853 131.531 
  0.8113474 130.2255 
  0.7430399 128.2915 
  0.5822679 131.531 
  0.8323371 134.1814 
  0.9291325 134.1814 
  0.9631458 133.5138 
  0.9679551 132.8496 
  0.9857141 131.531 
  0.9788269 130.8766 
  0.9851079 130.2255 
  0.9840823 129.5776 
  0.9824523 130.2255 
  0.9851729 130.8766 
  0.9810334 131.531 
  0.9885782 132.1886 
  0.9701752 133.5138 
  0.9850526 134.1814 
  0.9927964 134.1814 
  0.9919109 133.5138 
  0.9918355 133.5138 
  0.9878836 133.5138 
  0.987273 133.5138 
  0.9914887 133.5138 
  0.9926202 133.5138 
  0.9903274 132.8496 
  0.986447 132.8496 
  0.9770772 132.1886 
  0.9729273 132.1886 
  0.9723308 131.531 
  0.975309 130.8766 
  0.9751157 130.2255 
  0.9651931 128.9329 
  0.9599689 127.6532 
  0.9714195 127.0181 
  0.9724504 126.3862 
  0.9730707 125.7574 
  0.9828967 125.1317 
  0.9895965 124.5092 
  0.9841393 123.2734 
  0.9833248 122.6601 
  0.9856708 121.4426 
  0.9877639 120.2372 
  0.9826158 119.0438 
  0.9557165 117.2759 
  0.9091201 116.1118 
  0.7810999 115.5342 
  0.5074648 116.1118 
  0.3534297 116.6924 
  -0.03787801 117.8622 
  -0.06500059 119.0438 
  -0.04795714 120.2372 
  -0.05820848 121.4426 
  -0.0211712 122.6601 
  0.3091961 123.2734 
  -0.05235673 124.5092 
  0.1897915 125.7574 
  0.362353 127.0181 
  0.4869144 128.2915 
  0.3212079 129.5776 
  0.1620981 130.8766 
  0.2585471 131.531 
  -0.04987544 132.1886 
  0.1138865 132.8496 
  0.2232255 133.5138 
  0.1701124 134.1814 
  0.5700074 134.8523 
  0.7169606 130.8766 
  0.8475885 127.6532 
  0.9486471 125.1317 
  0.9681563 122.6601 
  0.980637 120.2372 
  0.9782938 119.0438 
  0.9429042 117.2759 
  0.8731955 115.5342 
  0.7528398 113.2521 
  0.3195547 112.6886 
  0.1119612 113.2521 
  0.2677369 114.3874 
  0.2782719 116.1118 
  0.668346 119.0438 
  0.8306223 122.6601 
  0.8818324 124.5092 
  0.9582205 125.7574 
  0.9720495 125.7574 
  0.9897142 125.1317 
  0.9884682 125.1317 
  0.9875329 125.1317 
  0.9712591 125.1317 
  0.9628736 123.2734 
  0.9315577 122.0498 
  0.9033246 119.639 
  0.9388831 117.8622 
  0.8715484 115.5342 
  0.7899231 114.3874 
  0.8110803 114.3874 
  0.9697642 116.1118 
  0.926106 117.2759 
  0.8771974 119.0438 
  0.301886 120.8384 
  -0.3837996 122.6601 
  -0.370375 124.5092 
  -0.3872779 125.7574 
  -0.5497595 127.0181 
  -0.5801603 128.2915 
  -0.3311086 129.5776 
  -0.3602132 130.8766 
  0.396956 132.1886 
  0.5540943 133.5138 
  0.8228672 133.5138 
  0.8021398 130.8766 
  0.920178 128.2915 
  0.9676777 125.7574 
  0.9413407 123.8897 
  0.8670179 121.4426 
  0.8141505 119.0438 
  0.8055048 116.6924 
  0.08342728 116.6924 
  -0.02327445 117.8622 
  -0.04797634 119.0438 
  0.02573485 120.2372 
  0.08161025 121.4426 
  -0.02271815 122.0498 
  0.056693 122.6601 
  0.1547409 123.2734 
  0.07299253 123.8897 
  0.08208 124.5092 
  -0.08063574 125.1317 
  0.2408013 125.7574 
  0.380059 126.3862 
  0.1381579 127.0181 
  0.3165167 127.6532 
  0.6649203 128.2915 
  0.7895809 127.0181 
  0.7302837 123.2734 
  0.8063521 118.4515 
  0.920136 114.3874 
  0.9585013 111.5702 
  0.9518376 109.3664 
  0.8783981 107.2061 
  0.8039001 104.5657 
  0.6873568 103.0128 
  0.184353 104.5657 
  0.0778145 108.2809 
  -0.06441969 112.128 
  0.1874917 116.1118 
  0.70052 121.4426 
  0.7391636 127.6532 
  0.7649888 130.8766 
  0.7919199 134.1814 
  0.8843754 140.3417 
  0.9764907 142.4574 
  0.9952782 143.1697 
  0.9947209 142.4574 
  0.9958415 141.7487 
  0.9974022 141.7487 
  0.9961836 141.7487 
  0.9823967 141.7487 
  0.8978211 139.6435 
  0.7794513 135.5266 
  0.7229325 128.2915 
  0.650227 122.6601 
  0.5487383 117.8622 
  0.8765434 113.2521 
  0.9504986 109.9132 
  0.7523533 106.6728 
  0.5018218 102.5003 
  0.6655169 98.00098 
  0.9186763 96.06523 
  0.9390687 95.5873 
  0.9479535 95.11173 
  0.9439477 95.11173 
  0.9546474 94.63854 
  0.9596702 94.1677 
  0.9660828 93.6992 
  0.9289933 93.6992 
  0.8473929 93.6992 
  0.6780356 93.6992 
  0.4791479 93.6992 
  0.4145977 93.6992 
  0.5613899 93.6992 
  0.477522 93.6992 
  0.3585912 93.6992 
  0.1013744 93.6992 
  -0.02428786 93.6992 
  -0.1549652 93.6992 
  0.1108332 93.6992 
  0.08392835 93.6992 
  0.03616912 93.6992 
  0.008190136 93.6992 
  -0.01329274 93.6992 
  -0.253074 93.6992 
  -0.07901226 93.6992 
  -0.3649341 93.6992 
  -0.2453016 93.6992 
  -0.1768623 93.6992 
  -0.01734439 93.6992 ]
