 [
  0.3675306 121.4426 
  0.2140857 121.4426 
  -0.02015592 121.4426 
  0.101608 121.4426 
  -0.1534928 121.4426 
  -0.02075861 121.4426 
  -0.05158029 121.4426 
  0.1018702 121.4426 
  0.1067569 121.4426 
  0.3773583 121.4426 
  0.2911379 121.4426 
  0.08756697 121.4426 
  0.09595361 121.4426 
  0.03629707 121.4426 
  0.3855618 121.4426 
  0.5835874 120.8384 
  0.8822982 119.639 
  0.8945185 119.639 
  0.8413577 119.639 
  0.5164143 120.2372 
  0.2469867 120.8384 
  0.5761641 122.0498 
  0.6993714 123.2734 
  0.7942201 127.6532 
  0.914029 131.531 
  0.9533549 134.1814 
  0.9671636 136.2042 
  0.9812971 137.5696 
  0.9861265 136.8852 
  0.9938392 136.8852 
  0.996075 136.8852 
  0.9806717 136.8852 
  0.8696921 135.5266 
  0.6870919 133.5138 
  0.6087614 121.4426 
  0.4464588 121.4426 
  0.1712692 122.0498 
  0.1209264 123.2734 
  0.221512 123.8897 
  0.02456769 124.5092 
  0.2471919 125.1317 
  0.0323566 125.7574 
  0.03336625 126.3862 
  0.07315976 127.0181 
  -0.04168201 128.2915 
  0.04472367 130.2255 
  -0.01036554 132.1886 
  -0.1007196 134.1814 
  0.6796949 136.2042 
  0.7468498 131.531 
  0.7393692 125.1317 
  0.776099 120.2372 
  0.8725003 116.6924 
  0.9549655 113.8184 
  0.9328364 112.128 
  0.9051043 111.5702 
  0.6635112 111.0151 
  0.2331291 111.5702 
  0.2949109 111.5702 
  0.543263 112.6886 
  0.07941847 113.8184 
  -0.1297931 114.9594 
  -0.04580591 116.1118 
  0.02980467 117.2759 
  0.1098429 118.4515 
  0.4670882 119.639 
  0.5488821 119.639 
  0.6186612 116.1118 
  0.8857801 112.6886 
  0.9488674 109.9132 
  0.937754 108.8223 
  0.8986322 108.2809 
  0.7776384 108.2809 
  0.5301336 109.3664 
  0.2214774 111.0151 
  0.05739475 113.2521 
  0.00148681 115.5342 
  0.1154846 117.8622 
  0.4357109 120.2372 
  0.03602176 122.0498 
  0.007738724 123.8897 
  0.1168573 125.1317 
  0.2203978 126.3862 
  0.1508986 127.0181 
  0.03458959 128.9329 
  0.6379709 136.2042 
  0.7830347 133.5138 
  0.8476455 130.8766 
  0.8659284 127.6532 
  0.8182746 125.1317 
  0.6853026 122.6601 
  0.4693858 119.639 
  0.256497 117.8622 
  0.3462527 116.6924 
  0.02901887 116.1118 
  0.357223 116.1118 
  0.2142836 116.6924 
  0.3256555 119.0438 
  0.7559839 116.6924 
  0.5812696 113.8184 
  0.6205947 112.128 
  0.5224643 109.3664 
  0.186091 112.128 
  0.02593793 113.8184 
  -0.0005056257 115.5342 
  0.1271492 117.2759 
  0.1611426 119.0438 
  0.08920047 120.8384 
  -0.2035922 122.6601 
  0.07113327 124.5092 
  -0.01646224 126.3862 
  0.2397631 128.2915 
  0.5475149 130.2255 
  0.7282551 124.5092 
  0.7532629 121.4426 
  0.869433 119.0438 
  0.9483839 117.8622 
  0.9855875 117.2759 
  0.9830307 117.2759 
  0.9430311 117.2759 
  0.8331003 116.1118 
  0.6661758 114.3874 
  -0.02273325 117.8622 
  0.7307174 123.8897 
  0.8128284 120.8384 
  0.7259248 117.8622 
  0.6773825 116.1118 
  0.5266966 112.128 
  0.6454016 110.4628 
  0.5569199 110.4628 
  0.1992195 110.4628 
  -0.2234445 110.4628 
  0.3611912 110.4628 
  0.0604644 110.4628 
  -0.2085933 110.4628 
  -0.2256261 109.9132 
  -0.2050647 109.3664 
  -0.008167942 108.8223 
  0.1358723 108.2809 
  0.4716494 114.9594 
  0.7441935 113.2521 
  0.9078557 111.5702 
  0.9878818 110.4628 
  0.9945487 110.4628 
  0.9942455 111.0151 
  0.9816385 112.128 
  0.9820416 112.6886 
  0.9826481 113.8184 
  0.9760374 113.8184 
  0.9745013 113.2521 
  0.981961 112.6886 
  0.9808431 112.6886 
  0.9714169 112.128 
  0.9718028 112.128 
  0.9712497 111.5702 
  0.8640015 111.0151 
  0.6962605 109.9132 
  0.5723673 108.8223 
  0.8852234 108.2809 
  0.941761 106.142 
  0.9586651 104.5657 
  0.9759741 103.5278 
  0.735569 103.0128 
  0.5169374 102.5003 
  0.4742042 102.5003 
  0.5359748 101.9903 
  0.5198326 103.0128 
  0.2221723 103.5278 
  0.07708185 104.5657 
  0.03765447 105.0885 
  0.1136349 106.142 
  0.03246711 106.6728 
  0.008094041 107.2061 
  0.09234231 107.7421 
  0.161237 108.2809 
  -0.002042014 108.8223 
  -0.3308413 109.3664 
  -0.1593729 109.9132 
  0.1669786 110.4628 
  -0.01999691 111.0151 
  -0.01743548 112.6886 
  0.4369759 114.9594 
  0.750662 117.2759 
  0.8792301 116.6924 
  0.8222276 114.3874 
  0.9207007 111.5702 
  0.9577512 110.4628 
  0.9549997 109.9132 
  0.9066563 109.3664 
  0.8854021 109.3664 
  0.9715303 108.8223 
  0.8970142 108.8223 
  0.7633711 109.9132 
  0.8431983 111.5702 
  0.9100946 111.5702 
  0.8629638 113.2521 
  0.8133317 114.3874 
  0.5717624 116.1118 
  0.3921951 118.4515 
  0.3220758 120.2372 
  0.3765128 121.4426 
  0.340627 123.2734 
  0.4634525 127.6532 
  0.6707885 130.8766 
  0.9266469 132.1886 
  0.8705682 133.5138 
  0.7884799 133.5138 
  0.6652231 134.1814 
  0.6137784 134.8523 
  0.1712662 135.5266 
  -0.2394761 136.2042 
  -0.1502004 136.8852 
  -0.198458 137.5696 
  0.1367112 138.2575 
  0.07938672 138.9488 
  0.101221 138.9488 
  -0.1287173 138.9488 
  -0.03098947 138.9488 
  0.1458956 138.9488 
  -0.08568826 138.9488 
  -0.1521756 138.9488 
  -0.3244335 138.9488 
  -0.1059198 138.9488 
  -0.02108972 138.9488 
  -0.2112342 138.9488 
  0.1507118 138.9488 
  -0.05548093 138.9488 ]
