 [
  0.04496051 257.8971 
  0.08098899 257.8971 
  0.1538846 257.8971 
  0.04080635 257.8971 
  0.1746271 257.8971 
  -0.03692066 257.8971 
  -0.1427306 257.8971 
  -0.09136084 257.8971 
  -0.2340276 257.8971 
  -0.1767625 257.8971 
  0.08646873 257.8971 
  0.05314949 257.8971 
  0.04005067 257.8971 
  -0.003240681 257.8971 
  0.3339047 257.8971 
  -0.06491585 257.8971 
  0.02744232 257.8971 
  -0.1308712 257.8971 
  -0.2743659 257.8971 
  -0.05481441 257.8971 
  0.07630873 257.8971 
  0.06705568 257.8971 
  -0.06987199 257.8971 
  -0.1852189 257.8971 
  -0.1561994 257.8971 
  -0.06279702 257.8971 
  -0.2223505 257.8971 
  0.04236569 257.8971 
  0.2031393 257.8971 
  0.1854187 257.8971 
  0.02459733 257.8971 
  -0.2501288 257.8971 
  -0.09319751 257.8971 
  -0.03061346 257.8971 
  -0.005328474 257.8971 
  -0.1621503 257.8971 
  -0.06944667 257.8971 
  -0.1911441 257.8971 
  0.06174602 257.8971 
  0.09917244 257.8971 
  0.1211715 257.8971 
  0.2539034 257.8971 
  0.06819899 257.8971 
  -0.1034233 257.8971 
  0.00918125 257.8971 
  0.06180742 257.8971 
  0.1956772 257.8971 
  0.6984504 263.0938 
  0.7776264 255.3373 
  0.9228244 247.8095 
  0.9664552 242.9146 
  0.9849368 239.307 
  0.9962383 236.9318 
  0.9893352 236.9318 
  0.9816002 239.307 
  0.9905431 241.7061 
  0.9912548 242.9146 
  0.9903293 244.1292 
  0.9981034 242.9146 
  0.9982933 242.9146 
  0.9965344 242.9146 
  0.9939955 242.9146 
  0.9849445 245.3498 
  0.9775637 250.2938 
  0.983806 255.3373 
  0.9924325 261.7849 
  0.9909204 267.06 
  0.9926116 272.4414 
  0.9957026 275.1726 
  0.9959772 276.5485 
  0.9941266 275.1726 
  0.9891412 273.8036 
  0.9584769 272.4414 
  0.9458757 271.0859 
  0.9508419 269.7372 
  0.990458 267.06 
  0.9885842 265.7313 
  0.989683 264.4093 
  0.9561877 263.0938 
  0.9548616 263.0938 
  0.9301188 261.7849 
  0.9437839 260.4825 
  0.9545234 259.1866 
  0.9792614 256.614 
  0.9780552 252.8029 
  0.9805238 249.0485 
  0.9599862 245.3498 
  0.9133069 241.7061 
  0.5002651 238.1164 
  -0.1246302 234.5801 
  -0.08289742 231.0963 
  -0.008633476 227.6642 
  0.1898611 224.2832 
  -0.07966541 222.057 
  0.8510764 218.7592 
  0.9182859 220.9523 
  0.9447806 224.2832 
  0.9715525 226.5316 
  0.9327637 228.8026 
  0.940576 232.2518 
  0.9261311 234.5801 
  0.9090734 232.2518 
  0.728668 233.4131 
  0.5297448 236.9318 
  -0.02680703 240.5036 
  -0.3592102 245.3498 
  -0.3271775 250.2938 
  0.2256824 255.3373 
  0.3315236 259.1866 
  0.3216161 263.0938 
  0.224696 267.06 
  0.2467912 271.0859 
  0.3849967 275.1726 
  0.8314226 255.3373 
  0.7662002 247.8095 
  0.9211169 241.7061 
  0.9363605 235.753 
  0.9226961 233.4131 
  0.9434547 227.6642 
  0.9479663 227.6642 
  0.9741578 226.5316 
  0.9861097 227.6642 
  0.9873475 228.8026 
  0.9788889 229.9466 
  0.9823118 232.2518 
  0.9622014 234.5801 
  0.980038 239.307 
  0.9664763 242.9146 
  0.985882 246.5766 
  0.9888347 247.8095 
  0.9909685 249.0485 
  0.9883594 247.8095 
  0.9653579 246.5766 
  0.8669817 245.3498 
  0.08276423 244.1292 
  -0.2641575 242.9146 
  -0.02011336 241.7061 
  -0.1198698 240.5036 
  0.09304873 239.307 
  0.06638006 238.1164 
  0.1034895 236.9318 
  -0.04470431 235.753 
  -0.329321 234.5801 
  -0.3798959 233.4131 
  -0.3087861 232.2518 
  -0.1083113 231.0963 
  -0.2623017 229.9466 
  -0.2003285 228.8026 
  -0.3085787 227.6642 
  -0.5622739 226.5316 
  -0.0757167 226.5316 
  0.1319442 225.4046 
  0.3521252 225.4046 
  0.0100686 225.4046 
  0.01001277 225.4046 
  0.3076839 225.4046 
  -0.165108 225.4046 
  0.8711509 226.5316 
  0.8935206 229.9466 
  0.9535782 233.4131 
  0.9689188 236.9318 
  0.9754112 233.4131 
  0.9699246 232.2518 
  0.9724856 229.9466 
  0.9688352 228.8026 
  0.9969171 226.5316 
  0.9781528 223.1673 
  0.9658659 219.853 
  0.9561411 215.5104 
  0.9939061 210.2025 
  0.9563266 206.0505 
  0.9555157 201.9805 
  0.9795789 198.9809 
  0.9538965 197.9909 
  0.9236817 198.9809 
  0.9294841 202.9904 
  0.9739323 207.0808 
  0.96786 209.1568 
  0.9378749 209.1568 
  0.7710747 209.1568 
  0.09420263 209.1568 
  0.175992 209.1568 
  0.1246521 209.1568 
  0.08763269 208.1162 
  -0.03352979 208.1162 
  -0.183952 208.1162 
  -0.2505482 208.1162 
  -0.04099468 208.1162 
  0.03839466 208.1162 
  0.01397995 208.1162 
  0.03741768 208.1162 
  0.3208764 208.1162 
  0.397407 207.0808 
  0.09866391 207.0808 
  0.07164415 206.0505 
  -0.2727817 205.0254 
  -0.1879805 205.0254 
  -0.1094386 205.0254 
  -0.1104851 205.0254 
  -0.1165848 205.0254 
  -0.1144964 205.0254 
  -0.03297438 205.0254 
  -0.170906 204.0054 
  -0.2434669 202.9904 
  -0.1665573 201.9805 
  0.5041951 200.9756 
  0.7138664 201.9805 
  0.9694324 204.0054 
  0.9892344 206.0505 
  0.9763259 208.1162 
  0.9827803 210.2025 
  0.9862093 210.2025 
  0.9907486 208.1162 
  0.9947732 207.0808 
  0.9913054 208.1162 
  0.9766487 209.1568 
  0.9774019 212.3098 
  0.9713024 215.5104 
  0.9536628 216.5879 
  0.9493663 217.6709 
  0.9787791 216.5879 
  0.9911622 216.5879 
  0.9842772 215.5104 
  0.9881707 215.5104 
  0.9874499 216.5879 
  0.9913671 216.5879 
  0.9918849 216.5879 
  0.9880608 217.6709 
  0.9650954 218.7592 
  0.9432155 220.9523 
  0.9964389 223.1673 
  0.9983813 223.1673 
  0.9950613 223.1673 
  0.9939694 223.1673 
  0.9887474 222.057 
  0.9623797 219.853 
  0.9345412 218.7592 
  0.7075884 217.6709 
  0.2485247 217.6709 
  0.3576182 217.6709 
  0.2659341 217.6709 
  0.05071574 217.6709 
  -0.05842633 217.6709 
  0.3367119 216.5879 
  0.5899811 213.3714 
  0.955918 210.2025 
  0.970743 210.2025 
  0.9409949 208.1162 
  0.9115099 207.0808 
  0.6720212 206.0505 
  0.9522194 206.0505 
  0.925884 204.0054 
  0.3845295 201.9805 
  -0.09017802 198.9809 
  -0.04864423 197.9909 
  0.09668408 197.0059 
  0.5949954 196.0257 
  0.4151064 195.0505 
  0.3861531 194.0801 
  0.1368843 192.1537 
  0.03326993 184.6377 
  0.3790165 173.9112 
  0.2103331 176.533 
  0.2901544 195.0505 
  0.4852383 200.9756 
  0.9242773 206.0505 
  0.9897811 208.1162 
  0.997647 209.1568 
  0.9987389 209.1568 
  0.9958149 210.2025 
  0.9888228 211.2535 
  0.9933766 212.3098 
  0.9978986 213.3714 
  0.9983235 213.3714 
  0.9985018 212.3098 
  0.9991788 212.3098 
  0.9956546 212.3098 
  0.9926281 213.3714 
  0.9984409 215.5104 
  0.99913 216.5879 
  1.000343 216.5879 
  1.000084 215.5104 
  0.9972739 215.5104 
  0.9903516 214.4382 
  0.9867969 213.3714 
  0.9827169 211.2535 
  0.6281992 207.0808 
  0.5037767 201.9805 
  0.1210375 214.4382 
  0.583512 220.9523 
  0.5545845 224.2832 
  0.4765729 227.6642 
  0.4797512 228.8026 
  0.8841847 225.4046 
  0.00302674 216.5879 
  -0.6485361 208.1162 
  0.1643561 199.9758 
  -0.2468392 192.1537 
  0.131727 183.7191 
  0.3561183 185.5609 
  0.4840019 189.3 
  0.5160055 200.9756 
  0.8742737 205.0254 
  0.9809169 209.1568 
  0.9944982 210.2025 
  0.9952308 210.2025 
  0.9980649 210.2025 
  0.9955636 209.1568 
  0.9892215 208.1162 
  0.9796568 207.0808 
  0.9739751 205.0254 
  0.9142837 202.9904 
  0.817135 200.9756 
  0.7590226 200.9756 
  0.9309707 199.9758 
  0.8259543 194.0801 
  0.6515527 184.6377 
  0.8229458 175.6547 
  0.7789567 167.9442 
  0.592995 158.1876 
  0.4201029 154.2915 
  0.2046629 146.0546 
  0.1199393 137.5696 
  0.3383627 144.605 
  0.1195445 145.328 
  -0.1148536 145.328 
  -0.1839727 145.328 
  -0.0822772 144.605 
  0.2193404 143.8855 
  0.06936111 143.1697 
  -0.08953468 142.4574 
  -0.1775039 141.7487 
  -0.04268635 141.0434 
  0.15153 140.3417 
  0.1168213 139.6435 
  0.1034066 138.9488 
  -0.3195434 138.2575 
  -0.007055121 137.5696 
  0.1247731 136.8852 
  0.08559507 136.8852 
  0.03840165 136.8852 
  0.2485211 136.8852 
  0.154086 136.8852 
  0.1114945 136.8852 
  0.2619139 136.8852 
  0.4366377 136.8852 
  0.4000611 136.8852 
  0.2019195 136.8852 
  0.1167274 136.8852 
  0.1945325 136.8852 
  0.2147313 136.8852 
  -0.02689925 136.8852 
  -0.1048626 136.8852 
  -0.1877511 136.8852 
  -0.08660121 136.8852 
  -0.08384579 136.8852 
  -0.04434801 136.8852 
  0.04650655 136.8852 
  -0.01984792 136.8852 
  -0.0312512 136.8852 
  -0.02059076 136.8852 
  -0.115795 136.8852 
  -0.3030406 136.8852 
  -0.002680104 136.8852 
  0.1987218 136.8852 
  0.03559394 136.8852 
  -0.02667584 136.8852 
  0.2492223 136.8852 
  0.2317041 136.8852 ]
