 [
  -0.1560882 116.6924 
  0.02584918 116.6924 
  -0.1841651 116.6924 
  0.2464457 116.6924 
  -0.1981747 116.6924 
  0.1541322 116.6924 
  0.1697367 116.6924 
  0.1220335 116.6924 
  0.2122268 116.6924 
  0.271073 116.6924 
  0.3155723 116.6924 
  0.08196458 116.6924 
  0.001864875 116.6924 
  0.3830701 116.6924 
  0.6188706 127.6532 
  0.4032729 107.7421 
  0.7601509 106.142 
  0.8846548 104.5657 
  0.9096641 102.5003 
  0.9303614 100.4756 
  0.9453896 98.491 
  0.9572176 97.51342 
  0.9710536 96.54556 
  0.9602264 96.06523 
  0.9611436 95.11173 
  0.8423257 94.63854 
  0.7482213 92.7692 
  0.4556155 93.6992 
  0.1731009 94.63854 
  -0.2410117 95.11173 
  -0.04373188 95.5873 
  -0.0731301 96.06523 
  0.06007287 96.54556 
  0.07660099 97.02828 
  0.1669452 97.51342 
  0.2391902 98.00098 
  0.02750042 98.491 
  0.005433158 98.98344 
  -0.01522746 99.47836 
  0.4506854 100.4756 
  0.3181956 90.93677 
  0.4994936 92.7692 
  0.8073082 94.1677 
  0.8824736 93.23304 
  0.869626 93.23304 
  0.8748994 91.84841 
  0.8946869 90.48434 
  0.9328144 89.58624 
  0.9501308 89.58624 
  0.9416743 89.58624 
  0.9096913 90.03418 
  0.7897757 90.48434 
  0.8232956 87.8167 
  0.7440483 88.69706 
  0.4393028 90.48434 
  0.5940626 92.30766 
  0.6172487 94.1677 
  0.5085078 96.06523 
  0.2244455 98.00098 
  0.1419914 99.97575 
  0.735392 101.9903 
  0.7837998 100.978 
  0.9400306 100.978 
  0.937592 100.978 
  0.8585396 102.5003 
  0.8379623 104.0455 
  0.9440624 106.6728 
  0.9503059 107.7421 
  0.8601383 109.9132 
  0.7771482 113.2521 
  0.8614548 117.8622 
  0.9700364 119.639 
  0.9806018 120.2372 
  0.9612378 120.2372 
  0.9122877 119.639 
  0.6472976 119.639 
  0.1628388 119.639 
  -0.05096033 119.639 
  -0.1620082 119.639 
  -0.187622 119.639 
  -0.09473435 119.639 
  0.06783438 119.639 
  0.1047536 119.639 
  0.07510424 119.639 
  -0.1218792 119.639 
  -0.001936398 119.639 
  -0.1056164 119.0438 
  0.1938552 117.8622 
  0.4831932 118.4515 
  0.2029177 120.8384 
  0.4998906 123.8897 
  0.7563187 126.3862 
  0.8217874 128.2915 
  0.9639931 128.9329 
  0.9794874 128.9329 
  0.9767899 128.2915 
  0.9662352 126.3862 
  0.898287 123.8897 
  0.8690391 121.4426 
  0.8444303 119.0438 
  0.4460393 116.6924 
  0.04174491 114.3874 
  -0.05238664 112.128 
  0.006336123 109.9132 
  0.2177113 107.7421 
  6.192829e-06 105.614 
  0.4192037 102.5003 
  0.5493267 95.5873 
  0.4963695 98.00098 
  0.6817086 96.54556 
  0.6277838 96.06523 
  0.9112698 94.1677 
  0.9080316 93.23304 
  0.9291626 92.7692 
  0.9415227 92.30766 
  0.9665626 92.7692 
  0.96816 92.30766 
  0.8974835 92.7692 
  0.9503018 93.6992 
  0.9511968 94.1677 
  0.786492 93.23304 
  0.2548172 94.63854 
  0.2520111 93.23304 
  0.414537 97.02828 
  0.4744298 94.1677 
  0.6615465 95.5873 
  0.8404506 95.11173 
  0.7842781 96.54556 
  0.6211979 98.00098 
  0.7320862 99.47836 
  0.5850731 101.9903 
  0.553001 104.5657 
  0.72431 107.2061 
  0.6808321 109.9132 
  0.8800437 112.128 
  0.982008 113.2521 
  0.9381568 113.8184 
  0.8422516 112.128 
  0.7597291 109.9132 
  0.802024 108.8223 
  0.9247582 107.2061 
  0.8897636 105.0885 
  0.9184989 103.0128 
  0.9652796 100.978 
  0.3659423 99.97575 
  0.7088444 98.00098 
  0.8287603 98.00098 
  0.9678991 97.51342 
  0.9778802 97.51342 
  0.9726091 97.51342 
  0.9371377 98.00098 
  0.9257005 98.491 
  0.9208717 98.98344 
  0.9066481 98.98344 
  0.9115536 99.47836 
  0.9256897 98.98344 
  0.9112688 98.98344 
  0.8467009 98.98344 
  0.5967059 99.47836 
  0.170683 99.97575 
  -0.3584282 99.97575 
  0.1113832 99.97575 
  -0.03730071 99.97575 
  -0.1174928 99.97575 
  0.1418171 100.4756 
  -0.1466631 100.4756 
  -0.02440161 100.978 
  -0.01031263 100.978 
  -0.2718234 100.978 
  -0.1104867 100.978 
  0.2370747 100.978 
  0.3396895 100.978 
  0.12911 100.978 
  -0.1520351 100.978 
  0.09658884 100.978 
  0.2802659 103.0128 
  0.1884149 101.4829 
  0.2899902 94.63854 
  0.6133588 91.84841 
  0.6781188 92.7692 
  0.8413892 94.63854 
  0.869751 95.11173 
  0.8647557 94.63854 
  0.7309543 96.06523 
  0.7021526 95.11173 
  0.716052 95.11173 
  0.7304425 95.5873 
  0.6935337 95.11173 
  0.7229526 94.63854 
  0.8800569 94.1677 
  0.9414275 93.6992 
  0.9638024 93.23304 
  0.8735438 93.6992 
  0.781749 94.63854 
  0.9106753 95.5873 
  0.9399844 96.54556 
  0.920143 96.54556 
  0.8492559 96.54556 
  0.7805185 97.02828 
  0.5777322 98.98344 
  0.9635493 101.9903 
  0.8476037 104.5657 
  0.8694547 107.2061 
  0.9285417 107.7421 
  0.9651217 107.7421 
  0.9914244 107.7421 
  0.9894748 107.7421 
  0.985849 107.7421 
  0.9804609 107.7421 
  0.9339995 107.7421 
  0.8221418 108.2809 
  0.8886671 109.3664 
  0.9692779 109.9132 
  0.9808238 109.9132 
  0.979826 109.3664 
  0.9578007 108.2809 
  0.9420069 107.2061 
  0.4788126 106.142 
  0.3204168 105.614 
  0.1495543 105.0885 
  0.5524651 107.7421 
  0.7171045 106.142 
  0.8733516 104.5657 
  0.9773349 103.5278 
  0.9317659 101.9903 
  0.9077388 99.97575 
  0.9301819 98.00098 
  0.8816662 96.54556 
  0.9057723 95.11173 
  0.9494575 94.1677 
  0.9761287 94.1677 
  0.9776971 94.1677 
  0.9812102 93.6992 
  0.9869858 93.6992 
  0.9852896 93.23304 
  0.9842172 93.23304 
  0.9835255 92.30766 
  0.9831487 92.30766 
  0.9090483 92.30766 
  0.8736095 92.30766 
  0.9309402 91.84841 
  0.8156787 90.93677 
  0.7263565 90.48434 
  0.6893753 90.48434 
  0.1956964 90.48434 
  -0.004288845 90.48434 
  -0.3979328 90.93677 
  -0.2768477 91.39146 
  -0.07249752 91.39146 
  -0.1969255 91.39146 
  -0.448434 91.39146 
  -0.09196293 91.39146 
  -0.01223403 91.39146 
  0.01179413 91.39146 
  0.07373365 91.39146 
  0.1236614 91.39146 
  0.0792101 91.39146 
  0.1677286 91.39146 
  -0.007124295 91.39146 
  -0.1329497 91.39146 
  -0.07763442 91.39146 
  -0.119619 91.39146 
  0.04160878 91.39146 
  0.0223341 91.39146 
  -0.005164708 91.39146 
  -0.04964506 91.39146 
  -0.1214363 91.39146 
  -0.1501415 91.39146 
  -0.1492104 91.39146 
  0.02879671 91.39146 
  -0.1911252 91.39146 
  -0.09347547 91.39146 
  -0.1532925 91.39146 
  -0.2410612 91.39146 
  -0.1742005 91.39146 
  -0.08610677 91.39146 
  -0.2496216 91.39146 
  -0.06191079 91.39146 
  -0.1323642 91.39146 ]
