 [
  0.04784024 101.9903 
  0.02166289 101.9903 
  0.2767853 101.9903 
  -0.04027068 101.9903 
  -0.02681263 101.9903 
  -0.1744026 101.9903 
  -0.2604107 101.9903 
  0.06134899 101.9903 
  0.1487935 101.9903 
  0.1005014 101.9903 
  -0.1514677 101.9903 
  0.06495071 101.9903 
  0.2951848 101.9903 
  0.260193 103.0128 
  0.2401444 106.142 
  0.6791973 108.8223 
  0.3067609 114.3874 
  0.7521475 113.8184 
  0.6266878 115.5342 
  0.5402222 119.0438 
  0.6171631 122.6601 
  0.6975369 125.7574 
  0.7012333 130.2255 
  0.8462725 133.5138 
  0.7746512 136.2042 
  0.7663463 138.9488 
  0.768843 142.4574 
  0.7640494 145.328 
  0.6993882 152.7601 
  0.9569282 157.4006 
  0.9897164 159.7734 
  0.9974461 160.5723 
  0.9943728 159.7734 
  0.9859503 157.4006 
  0.9775748 155.063 
  0.8158015 152.0001 
  0.8728339 148.9977 
  0.9793533 146.0546 
  0.9792641 144.605 
  0.9804217 142.4574 
  0.9874895 141.0434 
  0.9972407 139.6435 
  0.9956301 138.9488 
  0.9956729 138.2575 
  0.995297 137.5696 
  0.9943668 138.2575 
  0.994401 138.2575 
  0.9965354 138.2575 
  0.9973199 138.2575 
  0.9871424 138.9488 
  0.9663916 138.9488 
  0.9283904 138.2575 
  0.8814723 136.8852 
  0.7815738 134.8523 
  0.3702718 133.5138 
  0.178288 132.1886 
  -0.019675 130.2255 
  -0.05690178 128.2915 
  -0.001385746 126.3862 
  -0.08663516 124.5092 
  -0.03223965 122.6601 
  -0.003453933 120.8384 
  0.04598686 119.0438 
  -0.1278752 117.2759 
  0.522096 115.5342 
  0.6918851 119.0438 
  0.880301 119.639 
  0.913959 119.0438 
  0.9535052 117.8622 
  0.9641668 117.2759 
  0.9725402 117.2759 
  0.9605281 117.8622 
  0.9270418 118.4515 
  0.9072617 119.639 
  0.6821896 121.4426 
  0.2892222 124.5092 
  0.416171 127.0181 
  0.08665507 128.9329 
  -0.2224351 130.8766 
  -0.1733091 132.8496 
  0.08288004 134.8523 
  0.009936018 136.8852 
  0.05711323 138.9488 
  -0.05306754 140.3417 
  0.1360554 141.7487 
  0.0619842 143.1697 
  0.08075331 144.605 
  0.05504021 146.7849 
  -0.01316373 148.2564 
  0.7104106 150.4914 
  0.8370333 148.9977 
  0.8686639 146.0546 
  0.9294176 143.1697 
  0.9785489 141.0434 
  0.9842798 141.0434 
  0.9599181 141.7487 
  0.9128261 140.3417 
  0.9205761 138.2575 
  0.9768662 136.2042 
  0.9823359 136.2042 
  0.9838877 135.5266 
  0.9877783 135.5266 
  0.9887781 134.8523 
  0.9892449 134.8523 
  0.9856708 134.1814 
  0.9856784 134.8523 
  0.9794725 134.8523 
  0.9679438 134.8523 
  0.9747199 134.8523 
  0.9640906 134.8523 
  0.8985854 134.1814 
  0.8651543 131.531 
  0.9409907 130.2255 
  0.96465 128.9329 
  0.984376 128.2915 
  0.9883232 127.0181 
  0.9772314 127.0181 
  0.9554321 127.0181 
  0.9497869 127.6532 
  0.9551766 126.3862 
  0.9469209 125.1317 
  0.8752097 123.8897 
  0.6972728 123.8897 
  0.02937658 124.5092 
  0.2594887 125.1317 
  -0.02500864 125.7574 
  -0.2205062 126.3862 
  0.109451 127.0181 
  0.1463735 127.6532 
  0.2670586 128.2915 
  0.2437353 128.9329 
  0.2339317 129.5776 
  0.1653466 130.2255 
  -0.09433137 130.8766 
  0.307056 130.2255 
  0.2992684 127.0181 
  0.7822827 122.6601 
  0.7600416 119.0438 
  0.8350813 116.1118 
  0.8849564 114.3874 
  0.892172 113.8184 
  0.8865087 113.8184 
  0.9114897 114.3874 
  0.8328363 114.9594 
  0.8702846 114.9594 
  0.9081517 115.5342 
  0.9148508 114.9594 
  0.9455863 114.9594 
  0.9761546 114.9594 
  0.9697751 114.9594 
  0.9653878 113.8184 
  0.9538939 113.2521 
  0.9694431 112.128 
  0.9850197 111.5702 
  0.9921349 111.0151 
  0.9900803 111.0151 
  0.9721596 111.5702 
  0.9793345 112.128 
  0.9891956 112.128 
  0.9834281 112.128 
  0.9778782 112.128 
  0.9798723 112.128 
  0.9848875 112.128 
  0.9910287 112.128 
  0.9788318 111.5702 
  0.9751493 111.0151 
  0.9877944 111.0151 
  0.9821541 110.4628 
  0.9859812 110.4628 
  0.9873904 110.4628 
  0.9668278 109.9132 
  0.9591918 109.3664 
  0.9439474 108.2809 
  0.9220589 107.2061 
  0.858952 105.614 
  0.836713 103.5278 
  0.9217865 101.9903 
  0.9310957 100.978 
  0.6774473 98.98344 
  0.8103045 97.02828 
  0.8155753 95.5873 
  0.6815742 95.11173 
  0.6276127 95.11173 
  0.6793713 95.11173 
  0.6010801 93.6992 
  0.2234531 92.30766 
  -0.08228933 92.7692 
  0.3105215 93.6992 
  0.6537333 94.1677 
  0.4135128 94.1677 
  0.06470919 94.1677 
  0.02418007 94.1677 
  -0.07847068 94.1677 
  -0.1346925 94.1677 
  -0.01208012 94.1677 
  -0.1367717 94.1677 
  0.146395 94.1677 
  0.01217281 94.1677 
  0.0645012 94.1677 
  0.2114086 94.1677 
  -0.05265123 94.1677 
  0.01566869 94.1677 
  -0.006042229 94.1677 ]
