 [
  -0.1201338 133.5138 
  -0.1073795 133.5138 
  -0.1848668 133.5138 
  -0.1717847 133.5138 
  -0.2901913 133.5138 
  -0.2631837 133.5138 
  -0.3225611 133.5138 
  -0.2198438 133.5138 
  -0.2064832 133.5138 
  -0.04630713 133.5138 
  0.1088195 133.5138 
  0.2428407 133.5138 
  -0.2628409 133.5138 
  0.49789 133.5138 
  0.4353721 136.8852 
  0.5915279 136.2042 
  0.6194122 138.2575 
  0.750626 135.5266 
  0.02974343 132.8496 
  -0.3777367 134.1814 
  -0.5790764 135.5266 
  -0.4056917 136.8852 
  -0.08575612 138.2575 
  0.4052122 139.6435 
  0.1551744 141.7487 
  -0.08476713 144.605 
  0.7364872 149.7427 
  0.8033089 143.1697 
  0.8925285 140.3417 
  0.9268231 137.5696 
  0.8880156 134.8523 
  0.8273343 130.8766 
  0.6232733 126.3862 
  0.0558802 129.5776 
  -0.04791305 133.5138 
  -0.04700061 137.5696 
  0.04594304 141.7487 
  0.2222846 146.0546 
  0.03634223 150.4914 
  0.1282255 154.2915 
  0.09902005 158.1876 
  -0.052196 162.9929 
  0.01325719 167.9442 
  0.4157771 173.046 
  0.2815858 156.6175 
  0.5999544 152.7601 
  0.9226383 152.0001 
  0.8620607 149.7427 
  0.7071911 146.7849 
  -0.221418 146.0546 
  -0.2310889 145.328 
  -0.4706004 144.605 
  0.06052191 143.8855 
  -0.2498022 143.1697 
  -0.191303 142.4574 
  -0.05224924 142.4574 
  -0.07681501 142.4574 
  0.0001191711 142.4574 
  -0.1419494 142.4574 
  -0.1839886 142.4574 
  0.1322838 141.7487 
  0.5008022 140.3417 
  0.7876037 138.9488 
  0.8444275 136.2042 
  0.8208395 132.8496 
  0.8098453 128.2915 
  0.8511377 122.6601 
  0.8052943 119.0438 
  0.5031356 117.8622 
  0.4140108 117.8622 
  0.5123144 118.4515 
  0.7549437 120.2372 
  0.8238608 123.8897 
  0.8857068 125.7574 
  0.9412404 126.3862 
  0.9360515 125.7574 
  0.9573061 124.5092 
  0.9848824 123.2734 
  0.9937009 123.2734 
  0.9904618 123.2734 
  0.9896111 122.6601 
  0.987325 122.6601 
  0.985401 122.6601 
  0.9775983 122.0498 
  0.9751092 122.0498 
  0.948531 122.0498 
  0.9217136 123.2734 
  0.9400612 124.5092 
  0.9322491 124.5092 
  0.9391901 122.6601 
  0.8267705 120.2372 
  0.7582719 116.6924 
  0.3392551 115.5342 
  0.1313496 117.2759 
  0.01584078 119.0438 
  -0.01446592 120.8384 
  -0.09587236 122.0498 
  0.0814869 123.2734 
  0.165226 125.1317 
  0.2727936 127.0181 
  0.21265 128.9329 
  0.3587027 130.8766 
  0.007225896 133.5138 
  -0.01686086 136.2042 
  -0.01896149 138.9488 
  -0.04387389 141.0434 
  -0.07205608 143.1697 
  -0.006905811 145.328 
  0.6720009 147.5188 
  0.6257835 140.3417 
  0.7472976 137.5696 
  0.9348321 136.2042 
  0.9434567 135.5266 
  0.936007 134.8523 
  0.960752 133.5138 
  0.993008 132.1886 
  0.9957984 132.1886 
  0.9944363 131.531 
  0.9956477 131.531 
  0.9897833 131.531 
  0.9913911 130.8766 
  0.9863731 130.8766 
  0.9750874 131.531 
  0.9596217 130.8766 
  0.8443403 130.2255 
  0.785357 129.5776 
  0.7610365 127.0181 
  0.9874392 128.2915 
  0.9944643 127.0181 
  0.9966123 126.3862 
  0.8892521 126.3862 
  0.7941529 125.1317 
  0.8423032 123.8897 
  0.9774916 123.2734 
  0.9768647 123.2734 
  0.979418 122.0498 
  0.9894055 122.0498 
  0.9911536 122.0498 
  0.9938276 122.0498 
  0.9795831 122.6601 
  0.96697 122.6601 
  0.9683111 123.2734 
  0.9713738 123.2734 
  0.9879938 122.6601 
  0.9704068 123.2734 
  0.9781355 123.8897 
  0.9819997 123.8897 
  0.9727548 123.2734 
  0.9647773 122.6601 
  0.9422143 122.0498 
  0.8332626 120.8384 
  0.8590228 119.639 
  0.9440191 118.4515 
  0.8558729 117.2759 
  0.8548297 117.2759 
  0.8932565 119.0438 
  0.8670562 119.0438 
  0.5607476 120.8384 
  0.2515903 130.8766 
  0.1974554 135.5266 
  0.3120919 136.8852 
  0.07000844 138.9488 
  0.272254 138.9488 
  -0.005896421 138.9488 
  -0.1900799 138.2575 
  -0.3528765 137.5696 
  -0.04973422 136.8852 
  0.6751841 136.2042 
  0.9341577 136.2042 
  0.9147902 136.2042 
  0.639893 135.5266 
  0.1583024 134.8523 
  0.02804288 135.5266 
  0.1525532 136.2042 
  0.2624702 137.5696 
  0.4346093 139.6435 
  0.4754087 141.0434 
  0.704761 139.6435 
  0.7177638 135.5266 
  0.8209977 131.531 
  0.8913417 129.5776 
  0.8816347 127.6532 
  0.8796626 126.3862 
  0.9043153 125.1317 
  0.9725555 124.5092 
  0.9929478 124.5092 
  0.9842137 125.1317 
  0.9609697 125.1317 
  0.9365582 125.1317 
  0.9349254 125.1317 
  0.9245083 124.5092 
  0.9459299 122.6601 
  0.9414194 121.4426 
  0.8837835 120.2372 
  0.8296964 119.0438 
  0.3829016 118.4515 
  0.5714247 118.4515 
  0.4213544 118.4515 
  0.286267 118.4515 
  0.4330619 118.4515 
  0.07465757 119.0438 
  0.07380646 119.639 
  0.3609709 119.0438 
  0.4300324 130.2255 
  0.7459804 129.5776 
  0.8630092 128.9329 
  0.9031251 128.9329 
  0.9088624 129.5776 
  0.9077252 130.8766 
  0.9539949 132.1886 
  0.9746237 132.1886 
  0.9696595 132.1886 
  0.9905377 131.531 
  0.9721632 130.8766 
  0.9714642 130.2255 
  0.9518094 129.5776 
  0.9110582 128.9329 
  0.7781726 128.2915 
  0.6892266 125.7574 
  0.5175708 125.7574 
  0.3194423 127.0181 
  0.02574524 128.2915 
  0.3273678 129.5776 
  0.1081511 130.8766 
  -0.007857723 132.8496 
  0.06274556 134.1814 
  0.1170827 136.2042 
  -0.0003434243 138.9488 
  -0.08964111 142.4574 
  0.7070106 146.7849 
  0.6773803 140.3417 
  0.7194603 135.5266 
  0.8940074 132.1886 
  0.9809149 130.2255 
  0.9907369 130.2255 
  0.9866166 130.2255 
  0.974982 130.2255 
  0.9627422 130.8766 
  0.8832707 130.2255 
  0.8104438 128.9329 
  0.7683867 127.0181 
  0.2855312 127.6532 
  0.1211942 128.2915 
  -0.1073568 128.9329 
  0.01007905 129.5776 
  0.0547389 130.2255 
  0.08435976 130.8766 
  0.186083 131.531 
  0.1418796 132.1886 
  0.03170664 132.8496 
  0.2354247 133.5138 
  0.03102478 134.1814 
  0.07148281 134.8523 
  0.09545919 135.5266 
  0.4637229 136.8852 
  0.5323705 134.8523 
  0.6926101 133.5138 
  0.9008755 131.531 
  0.8479005 129.5776 
  0.8411771 127.6532 
  0.8397562 125.1317 
  0.9363361 123.2734 
  0.9646191 120.8384 
  0.9703143 119.639 
  0.9225037 119.0438 
  0.8922639 117.8622 
  0.9077891 117.2759 
  0.9479628 117.2759 
  0.9604929 117.2759 
  0.9659581 117.2759 
  0.9602839 117.2759 
  0.9593298 116.6924 
  0.9559452 116.6924 
  0.9802886 117.2759 
  0.9795285 117.2759 
  0.9921857 117.8622 
  0.9842554 117.8622 
  0.9727073 117.2759 
  0.9103236 115.5342 
  0.7349347 114.9594 
  0.3649988 116.6924 
  0.2293198 118.4515 
  -0.119726 120.2372 
  -0.04826564 122.0498 
  -0.03164376 123.8897 
  -0.07169258 125.7574 
  -0.03960904 127.6532 
  -0.0972036 128.9329 
  -0.002090489 130.2255 
  -0.02694488 131.531 
  0.001590815 133.5138 
  0.003581866 135.5266 
  0.02995727 137.5696 
  0.1526193 138.9488 
  0.155929 140.3417 
  0.7255653 142.4574 
  0.3484638 134.1814 
  0.6398873 132.1886 
  0.9531558 130.2255 
  0.9549714 129.5776 
  0.9559525 128.2915 
  0.8977497 126.3862 
  0.8973388 124.5092 
  0.9577471 123.2734 
  0.971487 122.0498 
  0.9524923 121.4426 
  0.9494888 120.2372 
  0.9751238 119.0438 
  0.9733157 119.0438 
  0.9305207 119.639 
  0.9423886 120.2372 
  0.9117658 119.639 
  0.9079993 119.639 
  0.9357384 119.0438 
  0.9299083 118.4515 
  0.957577 117.2759 
  0.9343232 116.6924 
  0.9694655 115.5342 
  0.9775499 114.9594 
  0.9726967 114.3874 
  0.9358793 113.8184 
  0.9136522 112.128 
  0.935331 109.9132 
  0.7747278 107.2061 
  0.9149162 104.5657 
  0.947678 104.0455 
  0.947531 104.5657 
  0.8667471 105.614 
  0.7760916 108.2809 
  0.7333367 112.128 
  0.854041 116.1118 
  0.8869984 118.4515 
  0.9145054 119.0438 
  0.8308744 117.8622 
  0.725569 114.9594 
  0.873453 112.128 
  0.8847414 110.4628 
  0.8670377 109.3664 
  0.9497296 107.7421 
  0.9256136 107.7421 
  0.9818183 108.2809 
  0.9861766 108.8223 
  0.9822359 108.8223 
  0.987643 108.2809 
  0.9949461 107.7421 
  0.9950211 107.7421 
  0.9890996 107.7421 
  0.9725862 107.7421 
  0.9538881 107.7421 
  0.9441127 107.2061 
  0.9610809 107.2061 
  0.9883094 106.6728 
  0.9912508 106.6728 
  0.8426317 106.142 
  0.8615427 105.614 
  0.8934032 105.0885 
  0.9694828 104.5657 
  0.9755697 104.5657 
  0.979969 104.5657 
  0.9858344 105.0885 
  0.9884145 105.0885 
  0.984293 104.5657 
  0.9695703 104.5657 
  0.9464249 104.0455 
  0.9292812 103.0128 
  0.8942568 102.5003 
  0.9459023 101.9903 
  0.9473602 101.9903 
  0.9441336 101.9903 
  0.9402722 101.9903 
  0.9614933 101.4829 
  0.9761807 101.4829 
  0.976969 101.4829 
  0.9343593 101.9903 
  0.8848183 102.5003 
  0.8213638 103.5278 
  0.685228 104.0455 
  0.5021748 104.0455 
  0.4703196 104.0455 
  0.04219781 104.0455 
  0.1642794 104.0455 
  -0.004475397 104.0455 
  -0.1138938 104.0455 
  -0.04484973 104.0455 
  0.2636551 104.0455 
  0.2320486 104.0455 
  0.3070186 104.0455 ]
