 [
  -0.3228499 93.23304 
  0.0003031394 93.23304 
  -0.1156696 93.23304 
  -0.17575 93.23304 
  -0.30424 93.23304 
  -0.2500056 93.23304 
  -0.00631288 93.23304 
  -0.2394571 93.23304 
  0.0952483 93.23304 
  0.6013647 93.23304 
  -0.1936584 93.23304 
  -0.1859681 93.23304 
  0.04877921 93.23304 
  0.2410727 93.6992 
  0.5803592 98.491 
  0.4403834 98.491 
  0.6779245 98.491 
  0.2235192 101.9903 
  -0.5537807 105.0885 
  -0.2620357 108.2809 
  0.07292816 111.0151 
  0.04567932 113.8184 
  -0.1213118 116.6924 
  0.3426486 119.639 
  0.1967053 122.6601 
  0.06438296 125.7574 
  0.04806155 129.5776 
  -0.09351382 133.5138 
  0.2724811 138.9488 
  0.7746907 135.5266 
  0.8817578 135.5266 
  0.8548382 139.6435 
  0.9163393 141.7487 
  0.9754087 143.1697 
  0.9702098 143.1697 
  0.9095027 143.8855 
  0.8394516 144.605 
  0.5570741 194.0801 
  -0.464408 186.4887 
  -0.5029474 178.3027 
  -0.2111748 171.3284 
  0.3212812 165.4501 
  0.8421994 160.5723 
  0.7918057 155.8383 
  0.8898226 155.063 
  0.9843929 154.2915 
  0.769641 159.7734 
  0.8697779 158.9785 
  0.8036265 157.4006 
  0.8518441 154.2915 
  0.7667149 146.7849 
  0.1713833 142.4574 
  0.2377337 139.6435 
  0.2884742 136.8852 
  0.2924634 134.1814 
  -0.1740583 131.531 
  0.04548029 128.9329 
  -0.09309436 125.1317 
  0.7814825 120.2372 
  0.7810484 115.5342 
  0.7857494 112.128 
  0.8224131 108.2809 
  0.8616227 104.0455 
  0.8802968 100.4756 
  0.8485477 97.02828 
  0.7505079 94.63854 
  0.2448238 94.1677 
  0.2293235 94.63854 
  0.4023468 95.5873 
  0.5116239 96.54556 
  0.661935 98.491 
  0.8870857 100.4756 
  0.9331549 103.0128 
  0.9364051 105.614 
  0.9554628 108.2809 
  0.6072303 112.6886 
  0.8180473 114.3874 
  0.878497 113.8184 
  0.9416687 113.2521 
  0.9721646 112.6886 
  0.9757188 112.6886 
  0.9851648 112.6886 
  0.988914 112.6886 
  0.9870784 112.6886 
  0.9845004 112.128 
  0.9596565 112.128 
  0.9590504 111.0151 
  0.9603293 110.4628 
  0.922424 109.3664 
  0.8540862 108.2809 
  0.5077298 106.6728 
  0.3474472 103.5278 
  0.6955902 99.97575 
  0.4992331 97.02828 
  0.3841971 93.6992 
  0.1337068 90.93677 
  0.144475 89.14054 
  0.4774742 87.8167 
  0.08483473 79.87703 
  0.7005129 77.13642 
  0.4273479 76.3708 
  0.4228558 93.23304 
  0.5502908 93.6992 
  0.7871789 95.11173 
  0.8843664 95.5873 
  0.8375314 94.63854 
  0.9246989 93.23304 
  0.914157 92.30766 
  0.9027737 90.93677 
  0.974436 90.03418 
  0.940586 89.58624 
  0.962429 88.69706 
  0.9752173 88.69706 
  0.9729187 88.69706 
  0.9776594 88.69706 
  0.9584103 88.25578 
  0.9205025 88.25578 
  0.8503922 89.14054 
  0.8736541 91.39146 
  0.9250881 93.23304 
  0.8596601 95.11173 
  0.9140614 96.54556 
  0.9558605 97.02828 
  0.94498 96.54556 
  0.8855573 95.5873 
  0.3925615 94.63854 
  0.1258783 93.6992 
  0.07609513 93.23304 
  0.07787597 92.7692 
  0.2513921 92.30766 
  0.162853 91.39146 
  0.5277573 90.93677 
  0.7353542 90.48434 
  0.8894596 90.48434 
  0.8866946 91.84841 
  0.9034662 92.30766 
  0.9085435 92.30766 
  0.8569604 92.30766 
  0.7905416 91.84841 
  0.2859632 93.23304 
  0.1166467 94.63854 
  -0.2255454 96.54556 
  -0.04873911 98.491 
  0.1442731 99.97575 
  0.1555952 101.9903 
  0.07517239 104.0455 
  0.1350293 105.614 
  -0.04799523 107.7421 
  0.3857169 109.3664 
  0.3102013 110.4628 
  0.2547694 111.0151 
  0.1289197 111.5702 
  -0.0656769 112.128 
  0.04536607 112.6886 
  -0.03763101 112.6886 
  0.02046008 112.6886 
  -0.05964593 112.6886 
  -0.1171102 112.6886 
  -0.07161083 112.6886 
  0.09498118 112.6886 
  0.2301733 112.6886 
  0.8234102 112.6886 
  0.7331305 109.9132 
  0.8181145 109.9132 
  0.8987039 109.3664 
  0.9084402 110.4628 
  0.8726591 108.8223 
  0.4881812 108.2809 
  0.00278541 109.9132 
  -0.01945869 111.5702 
  0.057416 113.2521 
  0.1071987 114.9594 
  0.01560472 116.6924 
  -0.02889141 118.4515 
  0.05152747 119.639 
  -0.04406361 121.4426 
  0.3827853 123.2734 
  -0.06299438 124.5092 
  0.007520263 125.7574 
  0.5734125 130.8766 
  0.7139927 127.6532 
  0.7883093 125.7574 
  0.8145556 123.2734 
  0.8014814 119.639 
  0.7663758 119.639 
  -0.04904786 119.639 
  -0.3199793 119.639 
  0.4468755 119.639 
  0.08402434 119.639 
  0.1500823 119.639 
  0.196715 120.2372 
  0.127788 121.4426 
  0.0960299 122.6601 
  0.3027486 123.2734 
  0.6667374 113.2521 
  0.9574455 112.128 
  0.9412757 110.4628 
  0.8776006 107.7421 
  0.8793892 105.614 
  0.8690081 103.0128 
  0.9213746 100.4756 
  0.9570336 98.98344 
  0.962194 98.491 
  0.940457 98.491 
  0.952687 99.47836 
  0.9114208 99.97575 
  0.8982723 98.00098 
  0.6379943 97.02828 
  0.1961639 97.02828 
  -0.1225815 97.51342 
  -0.07721359 97.51342 
  0.1340705 98.00098 
  -0.01013913 98.491 
  0.02279512 98.98344 
  0.00827409 99.47836 
  0.06445399 100.4756 
  -0.008422526 101.4829 
  0.5632874 102.5003 
  0.5457186 99.97575 
  0.7316709 98.98344 
  0.8984573 98.00098 
  0.8303916 97.51342 
  0.8496512 96.06523 
  0.969653 95.5873 
  0.9729725 94.63854 
  0.9476781 93.23304 
  0.7109864 91.39146 
  0.3024803 89.14054 
  0.1958005 87.8167 
  0.1837848 87.8167 
  0.1359978 88.25578 
  0.08163811 88.69706 
  0.1995838 88.69706 
  0.1641611 88.25578 
  0.03838897 86.51251 
  0.05964658 83.54424 
  0.09708139 83.54424 
  0.1344044 83.12859 
  0.313332 85.2277 
  0.3542972 85.65383 
  0.7952105 86.0821 
  0.5908046 86.0821 
  0.9141994 86.51251 
  0.9446325 85.65383 
  0.966803 84.38177 
  0.9773352 83.96195 
  0.9842212 83.54424 
  0.969218 83.96195 
  0.9243656 85.2277 
  0.8204137 87.3798 
  0.6187059 90.93677 
  0.2108132 96.06523 
  0.7033237 101.9903 
  0.8321385 106.142 
  0.7765542 108.8223 
  0.7782987 112.128 
  0.8246331 116.6924 
  0.9097128 120.8384 
  0.9774952 123.2734 
  0.9384462 123.2734 
  0.8975603 122.0498 
  0.9019998 119.0438 
  0.8350329 116.1118 
  0.3603206 112.128 
  0.008151492 108.2809 
  0.2903877 103.5278 
  0.8508505 99.47836 
  0.6520906 96.06523 
  0.8264991 93.23304 
  0.6843778 90.03418 
  0.8140474 87.3798 
  0.8818721 85.65383 
  0.871431 84.38177 
  0.9038367 83.54424 
  0.9383028 83.54424 
  0.9601883 83.12859 
  0.9707153 82.71502 
  0.9734991 82.3035 
  0.9741354 81.89403 
  0.9059723 81.89403 
  0.8511602 81.4866 
  0.8233634 79.87703 
  0.3082449 81.08118 
  -0.2854941 82.3035 
  0.04343236 83.54424 
  0.03911788 84.80367 
  -0.0634537 86.0821 
  0.04412732 87.3798 
  0.1552589 88.69706 
  0.02202512 89.58624 
  0.05764458 90.93677 
  -0.1981381 91.84841 
  -0.1100108 92.7692 
  0.03326199 93.6992 
  -0.005037842 94.63854 
  0.6675386 95.5873 
  0.4387253 96.06523 
  0.5086393 95.5873 
  -0.02573775 92.30766 
  0.9034468 89.58624 
  0.9112804 88.25578 
  0.7452292 87.3798 
  0.4801313 87.3798 
  0.1137393 87.8167 
  -0.1559811 89.14054 
  -0.1339814 90.48434 
  -0.07697648 91.84841 
  -0.05605771 93.23304 
  0.1207821 94.63854 
  0.5134432 96.06523 
  0.7585933 94.63854 
  0.9516813 94.1677 
  0.9854738 94.1677 
  0.9944693 94.1677 
  0.9887244 94.1677 
  0.9714226 92.7692 
  0.9865199 92.30766 
  0.9970417 91.84841 
  0.8681508 91.84841 
  0.6612899 90.93677 
  -0.04081332 87.3798 
  0.07851219 85.65383 
  -0.03633359 83.96195 
  0.6808634 83.96195 
  0.8029207 84.80367 
  0.9533036 85.65383 
  0.9764973 86.0821 
  0.9149485 85.2277 
  0.697744 83.96195 
  -0.1517211 83.54424 
  0.3312837 83.96195 
  0.6524141 84.80367 
  0.9010504 85.65383 
  0.9646901 86.51251 
  0.9773216 86.94508 
  0.9848748 87.3798 
  0.9880451 87.3798 
  0.9750811 88.25578 
  0.9210613 90.03418 
  0.5550634 92.7692 
  0.7646784 95.5873 
  0.8907388 97.02828 
  0.9283825 98.00098 
  0.9253804 99.47836 
  0.9624219 100.978 
  0.9812795 101.9903 
  0.9822523 102.5003 
  0.9870836 102.5003 
  0.9806776 102.5003 
  0.8382224 101.9903 
  0.7059779 100.4756 
  3.478862e-05 95.5873 
  0.1286392 91.84841 
  0.1562273 88.25578 
  0.434985 85.65383 
  0.7488949 86.0821 
  0.9891353 86.0821 
  0.896166 84.38177 
  0.867195 82.3035 
  0.8653888 80.27641 
  0.9206815 79.08421 
  0.8214625 76.75266 
  0.7980002 75.61279 
  0.2721103 76.75266 
  0.1987387 90.93677 
  0.2321063 92.30766 
  0.2629998 93.23304 
  0.157589 95.11173 
  0.1078054 94.1677 
  0.04855075 91.84841 
  0.1018029 91.39146 
  0.08427164 90.48434 
  0.09825454 90.03418 
  0.08001076 89.58624 
  0.04788451 89.58624 
  0.274093 89.58624 
  0.2119989 89.58624 
  -0.1638931 89.58624 
  -0.267119 89.58624 
  0.2432503 89.58624 
  0.04916546 89.58624 
  -0.1814493 89.58624 
  -0.2805049 89.58624 
  -0.2449018 89.58624 
  0.05006207 89.58624 
  0.08080594 89.58624 ]
