 [
  -0.008624896 175.6547 
  0.0206513 175.6547 
  -0.01295932 175.6547 
  0.00378903 175.6547 
  -0.004822204 175.6547 
  0.3234843 175.6547 
  0.3314673 175.6547 
  0.3369066 175.6547 
  0.01476949 175.6547 
  -0.2388347 175.6547 
  -0.3384862 175.6547 
  -0.1581554 175.6547 
  0.4030946 175.6547 
  0.8788978 175.6547 
  0.9382289 175.6547 
  0.9325849 173.9112 
  0.8407751 168.784 
  0.7193108 162.182 
  0.540297 158.9785 
  -0.05348565 159.7734 
  -0.1239867 160.5723 
  -0.02439491 161.3751 
  -0.1624461 162.182 
  0.009934273 162.9929 
  0.3472501 163.8079 
  0.29316 164.6269 
  0.0159338 165.4501 
  0.05603591 166.2773 
  0.2087218 167.1087 
  -0.3356397 167.9442 
  -0.2839758 168.784 
  0.02519897 170.476 
  0.03812224 171.3284 
  0.5946592 172.185 
  0.8033374 162.182 
  0.8120396 158.9785 
  0.7735479 154.2915 
  0.8507407 150.4914 
  0.8906296 146.0546 
  0.8199294 143.8855 
  0.7363659 138.2575 
  -0.1446382 141.0434 
  0.04944031 142.4574 
  -0.1272681 144.605 
  0.002426866 146.0546 
  0.3124902 147.5188 
  0.3047841 148.9977 
  0.008320716 150.4914 
  0.5444968 152.0001 
  0.1398969 155.063 
  0.4519737 158.1876 
  0.7975252 158.1876 
  0.9923476 158.1876 
  0.9485854 161.3751 
  0.9444756 161.3751 
  0.9492058 158.9785 
  0.9885125 158.1876 
  0.9714307 161.3751 
  0.957316 165.4501 
  0.9171029 170.476 
  0.8626785 177.4156 
  0.9104003 184.6377 
  0.9704127 193.1145 
  0.8854201 196.0257 
  0.5342495 199.9758 
  -0.05524879 204.0054 
  0.2716711 207.0808 
  0.09612478 210.2025 
  0.03254657 213.3714 
  0.3933827 216.5879 
  0.6470555 219.853 
  0.8461584 220.9523 
  0.9509057 219.853 
  0.9885134 217.6709 
  0.9699273 214.4382 
  0.9552857 210.2025 
  0.9453245 205.0254 
  0.8691787 201.9805 
  0.7569502 200.9756 
  0.3115426 200.9756 
  0.2154199 200.9756 
  0.4517235 200.9756 
  0.5619665 201.9805 
  0.7000573 200.9756 
  0.2835634 196.0257 
  -0.3260664 189.3 
  -0.5725626 181.8956 
  0.09334686 175.6547 
  0.3818735 169.6279 
  0.7617413 160.5723 
  0.8327122 157.4006 
  0.7839572 152.0001 
  0.9126721 148.2564 
  0.9448377 145.328 
  0.9665973 143.8855 
  0.9820986 142.4574 
  0.9874747 141.7487 
  0.9858394 141.7487 
  0.9861459 142.4574 
  0.9834467 142.4574 
  0.9495319 141.7487 
  0.8468089 141.0434 
  0.7774625 137.5696 
  0.8101938 132.1886 
  0.9158326 132.8496 
  0.7381032 134.1814 
  -0.0331028 136.8852 
  0.2857262 140.3417 
  0.3862145 143.8855 
  0.003366622 147.5188 
  0.06326048 150.4914 
  -0.09802987 154.2915 
  0.8536401 161.3751 
  0.8991743 158.9785 
  0.93647 157.4006 
  0.9824239 155.063 
  0.9946382 155.063 
  0.9898288 155.8383 
  0.9907773 155.8383 
  0.8870516 154.2915 
  0.6600585 153.5239 
  0.3181679 151.2439 
  0.06967427 155.063 
  0.152482 151.2439 
  0.1709544 151.2439 
  0.3318494 151.2439 
  0.5572064 151.2439 
  0.511403 148.9977 
  0.72415 148.2564 
  0.9075174 146.0546 
  0.9322016 144.605 
  0.8871579 141.7487 
  0.7731478 138.9488 
  0.8270888 135.5266 
  0.8506829 134.8523 
  0.9948226 136.2042 
  0.9879559 136.8852 
  0.9142517 138.2575 
  0.935681 138.2575 
  0.9613904 136.8852 
  0.9599172 136.2042 
  0.9407198 133.5138 
  0.904663 130.8766 
  0.8703676 127.6532 
  0.6916896 127.6532 
  0.2077859 129.5776 
  0.2872481 131.531 
  0.04686799 133.5138 
  0.03559848 135.5266 
  -0.2292254 137.5696 
  0.008731212 139.6435 
  -0.004006659 141.7487 
  0.007756045 143.8855 
  0.8098722 146.7849 
  0.9309003 147.5188 
  0.9710184 146.0546 
  0.9735516 145.328 
  0.9602563 143.8855 
  0.9715817 143.1697 
  0.9940563 142.4574 
  0.9763399 143.8855 
  0.9832699 146.0546 
  0.992737 148.2564 
  0.9956309 148.9977 
  0.9922468 149.7427 
  0.9842557 149.7427 
  0.9824108 151.2439 
  0.947914 153.5239 
  0.8808489 157.4006 
  0.7913393 162.182 
  0.6482549 167.9442 
  0.4100997 173.9112 
  0.8126708 180.0902 
  0.9539682 184.6377 
  0.9764242 185.5609 
  0.9272081 185.5609 
  0.9005481 185.5609 
  0.5026773 188.3582 
  0.04701998 192.1537 
  0.008378165 196.0257 
  0.0403057 199.9758 
  0.04780371 204.0054 
  0.2445059 208.1162 
  0.4821309 212.3098 
  0.6487719 191.1978 
  0.7954871 187.4211 
  0.9677434 185.5609 
  0.9847643 182.8051 
  0.98613 180.0902 
  0.8469518 176.533 
  0.2808521 169.6279 
  0.5147187 153.5239 
  0.5853294 154.2915 
  0.2823439 155.8383 
  0.1854781 150.4914 
  0.4161795 150.4914 
  0.02119085 149.7427 
  0.6537005 151.2439 
  0.9076377 152.0001 
  0.9168001 154.2915 
  0.9690452 155.8383 
  0.9637159 155.8383 
  0.9729146 154.2915 
  0.963356 154.2915 
  0.9594386 153.5239 
  0.951965 153.5239 
  0.9232938 151.2439 
  0.8822556 149.7427 
  0.8419957 146.7849 
  0.384775 146.7849 
  0.74681 148.2564 
  0.603096 149.7427 
  0.0886023 151.2439 
  0.3304518 152.7601 
  0.6799697 152.7601 
  0.9016412 150.4914 
  0.985875 148.2564 
  0.9947959 146.7849 
  0.994251 145.328 
  0.9846677 143.1697 
  0.9828799 141.0434 
  0.9908218 138.9488 
  0.9965696 137.5696 
  0.9972407 137.5696 
  0.9901571 138.2575 
  0.9849613 139.6435 
  0.9858828 141.0434 
  0.9881938 142.4574 
  0.9910427 143.1697 
  0.9916574 143.1697 
  0.9844571 142.4574 
  0.9792292 141.0434 
  0.9427471 138.9488 
  0.9206593 136.8852 
  0.7789645 136.8852 
  0.3449624 138.9488 
  0.2385592 141.0434 
  0.02133422 143.1697 
  0.100893 144.605 
  0.09526361 146.7849 
  -0.07925959 148.9977 
  0.1639916 151.2439 
  0.5647066 146.0546 
  0.7294268 141.0434 
  0.8239803 136.8852 
  0.846155 133.5138 
  0.8363115 128.9329 
  0.8997406 125.7574 
  0.8802988 123.8897 
  0.838228 122.0498 
  0.6350003 120.2372 
  -0.3114532 122.0498 
  -0.2971372 124.5092 
  -0.1680143 127.0181 
  0.2504269 129.5776 
  0.03576924 132.1886 
  -0.0665602 134.8523 
  -0.03692018 136.8852 
  0.1478895 138.2575 
  0.2120716 138.2575 
  0.003799496 137.5696 
  0.02644974 137.5696 
  0.7672724 137.5696 
  0.7566462 135.5266 
  0.7329201 132.8496 
  0.7147734 130.2255 
  -0.3403006 130.2255 
  -0.1795788 131.531 
  -0.0212578 132.8496 
  0.2210634 134.1814 
  -0.07602483 135.5266 
  -0.01281602 136.8852 
  -0.002358812 138.2575 
  -0.09611367 139.6435 
  0.6907461 139.6435 
  0.8222884 140.3417 
  0.8019096 136.2042 
  0.8627341 133.5138 
  0.9271011 131.531 
  0.9436228 130.2255 
  0.9532736 128.9329 
  0.9489058 127.6532 
  0.9073017 127.6532 
  0.8343931 128.2915 
  0.441436 129.5776 
  0.1476186 132.1886 
  -0.05179187 134.8523 
  -0.09203016 137.5696 
  0.4526876 140.3417 
  0.5677744 143.1697 
  0.3184621 145.328 
  0.3604867 147.5188 
  0.431245 149.7427 
  -0.00540645 152.0001 
  0.4055795 154.2915 
  0.7348747 155.063 
  0.905643 153.5239 
  0.8730919 152.0001 
  0.8487809 148.2564 
  0.6395765 146.0546 
  0.8716352 144.605 
  0.8142744 143.8855 
  0.7250119 143.1697 
  0.7124258 142.4574 
  0.6649622 141.7487 
  0.6644431 141.0434 
  0.8092516 140.3417 
  0.9012738 139.6435 
  0.2025576 138.9488 
  0.1852367 139.6435 
  0.7933061 139.6435 
  0.9440624 139.6435 
  0.9930982 138.9488 
  0.9961856 138.9488 
  0.995727 138.2575 
  0.9877745 136.8852 
  0.9892178 136.2042 
  0.9862084 134.8523 
  0.9552427 133.5138 
  0.8979213 131.531 
  0.8509259 128.2915 
  0.8382573 127.6532 
  0.9634245 130.2255 
  0.978822 130.8766 
  0.9739341 130.2255 
  0.9264002 129.5776 
  0.8761781 127.0181 
  0.7912528 124.5092 
  0.2851331 124.5092 
  0.1358258 125.1317 
  0.2425919 125.1317 
  0.2074692 125.1317 
  0.2125612 124.5092 
  0.2014697 124.5092 
  0.1534016 123.8897 
  -0.0131487 123.2734 
  0.07672013 122.0498 
  0.05387636 121.4426 
  0.2469917 120.2372 
  0.2827562 119.0438 
  0.5442417 117.2759 
  0.4268506 113.2521 
  0.5783536 108.8223 
  0.8348125 106.142 
  0.8917722 104.0455 
  0.9603269 102.5003 
  0.9635478 101.9903 
  0.966298 101.9903 
  0.9530169 101.4829 
  0.8949966 101.4829 
  0.6878727 101.4829 
  0.5461517 101.9903 
  0.3294334 102.5003 
  0.3609699 102.5003 
  0.02502752 102.5003 
  -0.04223265 102.5003 
  -0.01443722 102.5003 
  0.103596 102.5003 
  -0.04707762 102.5003 
  -0.02226819 102.5003 
  -0.1164775 102.5003 
  -0.168404 102.5003 
  -0.1698465 102.5003 
  -0.1186361 102.5003 
  0.0720946 102.5003 ]
