 [
  0.2611284 155.063 
  0.1941942 155.063 
  -0.04089696 155.063 
  -0.06235447 155.063 
  -0.03265195 155.063 
  0.1142759 155.063 
  -0.01205596 155.063 
  0.07141515 155.063 
  0.1652007 155.063 
  -0.06898141 155.063 
  -0.1152053 155.063 
  -0.05651426 155.063 
  0.4518837 155.063 
  0.705427 153.5239 
  0.7999022 149.7427 
  0.9669415 146.0546 
  0.9657356 142.4574 
  0.8745761 140.3417 
  0.5670903 140.3417 
  0.09820642 142.4574 
  -0.04260297 143.8855 
  0.01443161 146.0546 
  0.02719398 148.2564 
  0.1058423 149.7427 
  0.023172 151.2439 
  0.006487012 152.7601 
  0.06233908 154.2915 
  0.0197471 155.063 
  -0.005692356 156.6175 
  -0.08954115 158.1876 
  0.03015912 159.7734 
  0.02299497 161.3751 
  0.1497768 162.9929 
  -0.05297204 164.6269 
  0.7109531 172.185 
  0.8537118 173.9112 
  0.9638247 174.7808 
  0.9675508 175.6547 
  0.9624516 178.3027 
  0.9559717 180.0902 
  0.9785041 182.8051 
  0.977572 183.7191 
  0.9880738 184.6377 
  0.9942639 184.6377 
  0.9844716 183.7191 
  0.9391909 180.9906 
  0.8753436 178.3027 
  0.8356656 175.6547 
  0.5276529 175.6547 
  0.6483936 175.6547 
  0.542171 175.6547 
  0.4850709 175.6547 
  0.1400791 176.533 
  -0.03364012 177.4156 
  -0.02927485 178.3027 
  -0.04272521 179.1942 
  -0.04585779 179.1942 
  0.02044509 179.1942 
  -0.05848458 180.0902 
  -0.1998254 180.9906 
  0.1307898 181.8956 
  0.05810963 181.8956 
  0.07600413 181.8956 
  -0.1266391 181.8956 
  0.07018323 180.9906 
  0.2760398 180.0902 
  0.234656 179.1942 
  -0.0183172 178.3027 
  -0.06242491 178.3027 
  0.6303346 177.4156 
  0.8067039 173.9112 
  0.9159547 173.046 
  0.9380738 172.185 
  0.9065191 169.6279 
  0.9481012 167.1087 
  0.978284 167.1087 
  0.9850697 167.9442 
  0.9751462 168.784 
  0.90777 169.6279 
  0.8489097 169.6279 
  0.9588358 171.3284 
  0.9422663 172.185 
  0.959044 172.185 
  0.9931306 171.3284 
  0.9916168 170.476 
  0.9928284 168.784 
  0.9935942 167.1087 
  0.9920832 165.4501 
  0.9847071 162.9929 
  0.9716945 160.5723 
  0.9070319 158.1876 
  0.9135118 154.2915 
  0.9511797 151.2439 
  0.9824126 148.9977 
  0.9902363 147.5188 
  0.9923502 146.0546 
  0.9934689 145.328 
  0.9917578 143.8855 
  0.9943806 143.1697 
  0.8482478 141.7487 
  0.5862933 138.2575 
  0.8133208 138.2575 
  0.9631333 138.2575 
  0.9815764 137.5696 
  0.9824386 136.8852 
  0.9819591 136.2042 
  0.971507 135.5266 
  0.9755641 134.8523 
  0.9489188 133.5138 
  0.9518959 132.8496 
  0.9649324 131.531 
  0.8541257 130.8766 
  0.8241479 128.9329 
  0.5741952 126.3862 
  0.9440817 128.2915 
  0.9881781 128.2915 
  0.8922464 128.2915 
  0.8539267 128.9329 
  0.9159375 128.2915 
  0.9534246 128.2915 
  0.9704504 127.6532 
  0.9211701 127.0181 
  0.8176761 126.3862 
  0.74125 123.2734 
  0.03269449 124.5092 
  -0.2804766 125.7574 
  0.08629966 127.0181 
  -0.08717326 128.2915 
  0.1953786 129.5776 
  0.09340204 130.8766 
  0.1094339 132.1886 
  0.2144322 133.5138 
  0.2340675 134.8523 
  -0.01866051 136.2042 
  0.09250823 137.5696 
  -0.2126703 138.9488 
  -0.2168989 140.3417 
  -0.1035907 141.7487 
  0.08051216 143.1697 
  0.3630159 145.328 
  0.1164234 148.2564 
  0.6992148 150.4914 
  0.7846701 148.2564 
  0.6531661 143.1697 
  0.7957525 140.3417 
  0.9668096 138.2575 
  0.9547082 136.8852 
  0.9786317 136.2042 
  0.9405281 136.8852 
  0.9627169 138.2575 
  0.9768556 139.6435 
  0.936652 138.9488 
  0.8618663 138.9488 
  0.8126251 137.5696 
  0.6127424 138.9488 
  0.1012458 138.9488 
  -9.953848e-05 138.9488 
  -0.05049017 138.9488 
  0.2031668 138.9488 
  0.2477441 138.9488 
  0.2932388 138.2575 
  0.6437805 138.2575 
  0.1858766 138.2575 
  0.002577711 137.5696 
  -0.05543468 136.8852 
  -0.1008614 135.5266 
  0.04554427 134.1814 
  0.5216343 132.8496 
  0.3588198 131.531 
  0.1089636 130.2255 
  0.0517422 128.9329 
  -0.004169783 127.6532 
  0.3611835 127.0181 
  0.7384565 123.8897 
  0.7539446 122.6601 
  0.7944368 120.8384 
  0.9127573 119.639 
  0.9638388 119.0438 
  0.9823782 118.4515 
  0.9792311 118.4515 
  0.9612299 117.8622 
  0.9439795 117.8622 
  0.8901014 117.2759 
  0.8176401 117.8622 
  0.8260384 118.4515 
  0.7236437 118.4515 
  0.4821748 114.9594 
  -0.01054903 116.1118 
  -0.009517955 116.6924 
  -0.03750625 117.2759 
  -0.06944293 117.8622 
  -0.1036265 118.4515 
  -0.1486114 119.0438 
  -0.07570644 119.639 
  -0.1349455 120.2372 
  -0.04585686 120.8384 
  -0.1017397 121.4426 
  -0.1177907 122.0498 
  -0.1643392 122.6601 
  -0.01222168 123.2734 
  -0.1016077 123.8897 
  0.1174543 125.1317 
  0.1087837 126.3862 
  0.07304579 127.6532 
  -0.07491838 128.9329 
  0.5632669 129.5776 
  0.4450991 130.2255 
  0.01959559 131.531 
  0.004524916 132.8496 
  -0.2058064 134.1814 
  -0.04372883 135.5266 
  0.1885633 136.8852 
  -0.1498094 138.2575 
  0.02330641 139.6435 
  0.6848555 140.3417 
  0.8503311 137.5696 
  0.974191 137.5696 
  0.9596981 138.2575 
  0.8991097 140.3417 
  0.7149464 144.605 
  0.8277575 146.7849 
  0.8935243 147.5188 
  0.9623148 148.9977 
  0.9557963 150.4914 
  0.9462861 152.7601 
  0.9309354 155.063 
  0.9209985 155.8383 
  0.7655229 156.6175 
  0.8973664 157.4006 
  0.9949017 158.1876 
  0.9834605 158.1876 
  0.9689191 158.1876 
  0.604295 157.4006 
  0.7080593 157.4006 
  0.8757188 157.4006 
  0.9638566 157.4006 
  0.9777411 157.4006 
  0.9693238 155.8383 
  0.9211355 153.5239 
  0.9060497 150.4914 
  0.7689484 149.7427 
  0.56418 149.7427 
  0.5904163 150.4914 
  0.2317488 151.2439 
  0.7491406 148.2564 
  0.9284377 146.7849 
  0.9811155 146.0546 
  0.9938248 146.0546 
  0.9975944 145.328 
  0.9953758 145.328 
  0.8099868 148.2564 
  0.8540493 150.4914 
  0.8989802 149.7427 
  0.969238 148.2564 
  0.9699011 146.7849 
  0.9739562 146.7849 
  0.9823076 146.0546 
  0.9938739 146.7849 
  0.9893907 148.2564 
  0.9895075 148.9977 
  0.9883291 149.7427 
  0.9118066 148.9977 
  0.8113821 147.5188 
  0.1897195 146.7849 
  0.3276963 146.0546 
  0.08568752 144.605 
  0.455037 143.8855 
  0.305651 143.1697 
  0.04513778 142.4574 
  0.1296846 141.7487 
  0.2184721 141.0434 
  -0.06452653 140.3417 
  -0.06441265 138.9488 
  -0.09777883 137.5696 
  0.02916951 136.2042 
  0.1847957 134.8523 
  0.1777903 134.1814 
  0.04872552 134.1814 
  -0.09735398 134.1814 
  -0.04502751 134.8523 
  0.6344581 135.5266 
  0.6299359 133.5138 
  0.4077334 132.1886 
  0.4004272 126.3862 
  0.5531639 119.0438 
  0.8630636 114.3874 
  0.9854786 112.6886 
  0.9622812 112.6886 
  0.9013796 114.3874 
  0.8674253 116.6924 
  0.9219466 118.4515 
  0.9148049 120.8384 
  0.8312193 122.6601 
  0.8556678 123.2734 
  0.8888528 123.8897 
  0.9304569 125.1317 
  0.9192439 126.3862 
  0.8546033 128.2915 
  0.8146665 130.8766 
  0.8905566 133.5138 
  0.9363294 135.5266 
  0.9245054 136.2042 
  0.9041881 137.5696 
  0.7907181 137.5696 
  0.4744017 138.2575 
  0.9702485 140.3417 
  0.778191 140.3417 
  0.8398505 138.9488 
  0.8961119 138.2575 
  0.9141197 137.5696 
  0.8609239 136.2042 
  0.8012433 135.5266 
  0.4060484 136.2042 
  0.1056003 136.8852 
  0.06617017 137.5696 
  -0.285036 138.9488 
  0.03441349 139.6435 
  0.1015289 140.3417 
  0.108172 141.0434 
  0.2574027 141.7487 
  0.1902907 141.7487 
  -0.1352194 141.7487 
  0.6209111 143.1697 
  0.7958925 142.4574 
  0.9136454 141.0434 
  0.9585806 138.9488 
  0.8962116 137.5696 
  0.8163295 136.2042 
  0.8462015 135.5266 
  0.9318383 135.5266 
  0.9920307 135.5266 
  0.992151 135.5266 
  0.9850605 134.8523 
  0.9855636 133.5138 
  0.9525803 132.8496 
  0.8349665 132.8496 
  0.8641997 131.531 
  0.9196841 130.8766 
  0.8431357 128.9329 
  0.8071306 126.3862 
  0.5460896 124.5092 
  0.2749976 125.1317 
  0.02379957 125.7574 
  0.04119029 126.3862 
  0.0328814 127.0181 
  -0.01865516 127.6532 
  -0.04964942 127.6532 
  0.01175012 127.6532 
  0.02772266 127.6532 
  0.1038035 128.2915 
  0.06513037 128.9329 
  0.03300497 129.5776 
  0.1152017 130.2255 
  0.03283281 130.2255 
  0.4030675 130.2255 
  0.7609279 131.531 
  0.8286055 129.5776 
  0.8786185 125.7574 
  0.9271882 123.2734 
  0.906902 120.8384 
  0.8896533 119.0438 
  0.9826674 117.8622 
  0.9858322 117.2759 
  0.9844455 116.6924 
  0.9877445 116.1118 
  0.9688952 115.5342 
  0.9714472 114.9594 
  0.9868775 113.8184 
  0.9780757 113.2521 
  0.9859084 112.128 
  0.9838509 111.5702 
  0.9811311 111.0151 
  0.9656883 111.0151 
  0.9537913 111.0151 
  0.9509652 111.5702 
  0.9373948 112.128 
  0.9306384 112.6886 
  0.9267014 113.2521 
  0.8205519 113.2521 
  0.44256 113.2521 
  0.1054403 113.2521 
  -0.1381291 113.2521 
  0.1682077 113.2521 
  0.2195672 113.2521 
  0.2344919 113.2521 
  0.04544124 113.2521 
  0.01225718 113.2521 
  -0.08680063 113.2521 
  0.0851534 113.2521 
  0.09476565 113.2521 
  0.1674074 113.2521 
  0.07562197 113.2521 
  0.1189804 112.6886 
  0.2297954 112.128 
  0.1791919 111.5702 
  0.09681807 111.0151 
  0.02358263 111.0151 
  -0.03721531 111.0151 
  0.03479223 111.0151 
  0.1793589 111.0151 
  0.1933957 111.0151 
  0.1135117 111.0151 
  0.1244356 111.0151 
  0.1442108 111.0151 
  0.03919544 111.0151 
  -0.01167374 111.0151 
  0.2945372 111.0151 
  0.1459904 111.0151 
  0.02345158 111.0151 
  -0.3038847 111.0151 
  -0.1209547 111.0151 
  -0.09206419 111.0151 
  -0.1251286 111.0151 
  -0.01828313 111.0151 
  0.2164735 111.0151 ]
