 [
  -0.3115315 127.6532 
  -0.05427961 127.6532 
  0.04455215 127.6532 
  0.3782317 127.6532 
  -0.171373 127.6532 
  0.4814042 127.6532 
  -0.1532527 127.6532 
  0.3466266 127.6532 
  0.09673905 127.6532 
  0.2504038 127.6532 
  0.2366907 127.6532 
  0.3630469 127.6532 
  0.2908642 127.6532 
  0.2581331 127.6532 
  0.03391494 128.2915 
  -0.004024672 128.9329 
  0.2023128 129.5776 
  0.3974185 130.2255 
  0.4689953 125.7574 
  0.7881488 125.1317 
  0.9821059 124.5092 
  0.9844126 124.5092 
  0.9735335 124.5092 
  0.9460145 124.5092 
  0.8891944 125.1317 
  0.7444721 123.2734 
  0.27306 120.8384 
  0.2236678 121.4426 
  0.3378103 122.6601 
  0.6973045 123.8897 
  0.5070416 125.7574 
  0.8121384 130.8766 
  0.9124388 133.5138 
  0.9615552 133.5138 
  0.8757487 132.1886 
  0.8811074 129.5776 
  0.940852 128.9329 
  0.9833059 128.9329 
  0.9882731 128.2915 
  0.9604701 127.6532 
  0.881533 126.3862 
  0.8469914 124.5092 
  0.9198288 122.6601 
  0.9673378 121.4426 
  0.9604072 119.0438 
  0.9718261 116.6924 
  0.9733174 114.9594 
  0.9593391 112.128 
  0.9655117 109.9132 
  0.9737597 108.2809 
  0.972596 106.6728 
  0.9746173 105.0885 
  0.9800614 104.0455 
  0.7053434 104.5657 
  0.7503939 101.9903 
  0.7600222 100.4756 
  0.8957968 99.97575 
  0.963784 98.98344 
  0.9718962 98.491 
  0.9842169 98.00098 
  0.9871833 97.51342 
  0.9814539 97.51342 
  0.97411 97.51342 
  0.9575306 97.02828 
  0.8918992 97.51342 
  0.8709933 98.00098 
  0.9574662 99.47836 
  0.9826736 99.97575 
  0.9821613 100.4756 
  0.9785933 100.4756 
  0.9119262 100.4756 
  0.7767607 99.97575 
  0.8758701 96.54556 
  0.7474905 96.06523 
  0.5876222 95.5873 
  -0.04743374 96.06523 
  -0.1574232 97.02828 
  0.09591465 98.00098 
  0.03190642 98.98344 
  -0.009920788 99.97575 
  -0.04883178 100.978 
  0.001543962 101.9903 
  -0.1156687 103.0128 
  -0.1206409 104.0455 
  -0.01238399 105.0885 
  0.07135624 106.142 
  0.05448447 107.2061 
  0.1297629 108.2809 
  -0.03630166 108.8223 
  -0.1865847 109.3664 
  -0.02702696 109.9132 
  -0.03540922 111.0151 
  0.2342603 111.5702 
  0.7049582 109.9132 
  0.238333 101.9903 
  0.6069949 99.97575 
  0.9649076 98.98344 
  0.9729413 98.98344 
  0.9869159 98.491 
  0.9856814 98.491 
  0.9864006 98.98344 
  0.9839655 98.98344 
  0.9810944 98.00098 
  0.9001519 97.51342 
  0.7925225 97.02828 
  0.3926723 96.06523 
  0.3091591 96.06523 
  0.002111489 96.06523 
  0.2312654 96.06523 
  0.130272 96.54556 
  0.08425707 97.02828 
  0.08624889 97.51342 
  -0.04445227 97.51342 
  -0.04490883 97.51342 
  0.04708667 97.51342 
  0.280199 97.51342 
  0.3181261 97.02828 
  0.3786277 96.06523 
  0.4062954 95.11173 
  0.1246097 95.11173 
  0.3219699 95.5873 
  0.08441945 96.06523 
  -0.08077171 96.54556 
  -0.1296906 97.02828 
  0.07146563 97.51342 
  0.135572 98.00098 
  0.1962665 98.491 
  0.1418068 98.98344 
  0.01396615 99.47836 
  -0.1167946 99.97575 
  0.03846397 100.978 
  0.001016669 101.9903 
  -0.01004916 103.0128 
  0.05129141 104.0455 
  0.6600291 104.5657 
  0.4879226 99.47836 
  0.174402 83.96195 
  0.6243236 93.23304 
  0.9319914 92.7692 
  0.9427479 92.30766 
  0.7764454 91.39146 
  0.7002543 90.03418 
  0.9035637 88.69706 
  0.9736985 88.25578 
  0.9747171 88.25578 
  0.7285147 87.3798 
  0.6658359 98.491 
  0.514411 98.00098 
  0.2689524 97.02828 
  0.348299 102.5003 
  0.5017142 102.5003 
  0.6224131 102.5003 
  0.1832924 106.6728 
  0.5126797 108.8223 
  0.5593943 109.3664 
  0.3320561 127.6532 
  0.5172915 134.1814 
  0.4908025 134.8523 
  0.8219534 135.5266 
  -0.03726769 134.8523 
  0.159136 134.1814 
  0.1611505 134.8523 
  0.1434686 138.9488 
  0.109647 144.605 
  0.249081 149.7427 
  0.2478087 151.2439 
  0.8753425 151.2439 
  0.02670506 150.4914 
  0.1296537 149.7427 
  0.05904205 148.9977 
  -0.1378435 148.2564 
  -0.05419838 147.5188 
  -0.150203 147.5188 
  -0.1458442 146.7849 
  0.07671101 146.0546 
  0.1697604 145.328 
  0.2911847 145.328 
  -0.02595652 145.328 
  -0.03818445 145.328 
  -0.08217441 145.328 
  0.09853902 145.328 
  0.09171905 145.328 
  0.06486158 145.328 
  0.1394861 145.328 
  0.1789321 144.605 
  0.0202443 143.8855 
  0.07559542 143.1697 
  -0.09293415 142.4574 
  0.02144936 141.7487 
  -0.002012703 141.0434 
  -0.09823851 140.3417 
  -0.2546412 139.6435 
  -0.138805 138.9488 
  0.04751907 138.2575 
  -0.2411567 137.5696 
  -0.3700044 136.8852 
  -0.32939 136.2042 
  -0.04822142 135.5266 
  -0.1084543 134.8523 
  -0.186278 134.1814 
  -0.0891442 133.5138 
  0.02965008 132.8496 
  -0.02386119 132.1886 
  -0.1316445 130.8766 
  0.1865472 129.5776 
  0.5974075 121.4426 
  0.5856818 115.5342 
  0.704002 112.6886 
  0.9509806 111.5702 
  0.9789159 111.5702 
  0.9218669 112.128 
  0.8707001 114.3874 
  0.9248798 116.6924 
  0.9237863 117.8622 
  0.8928244 119.0438 
  0.8651037 118.4515 
  0.6067297 116.6924 
  0.3273136 116.1118 
  0.1038912 115.5342 
  0.04338992 114.9594 
  0.4908003 114.9594 
  0.2694119 114.3874 
  0.08242705 113.8184 
  -0.05806584 113.8184 
  -0.007211341 114.3874 
  -0.01212801 114.9594 
  -0.1460705 116.1118 
  0.03541975 117.2759 
  0.6832749 118.4515 
  0.331976 107.7421 
  0.3723907 101.9903 
  0.7938715 99.47836 
  0.9078242 98.00098 
  0.9480922 96.06523 
  0.9570917 94.63854 
  0.9791648 94.1677 
  0.9929224 94.1677 
  0.9973924 94.1677 
  0.9959747 94.1677 
  0.9715162 93.6992 
  0.9631103 93.23304 
  0.9059361 92.7692 
  0.5725221 92.30766 
  0.1610908 90.93677 
  0.2057275 90.48434 
  0.123677 91.39146 
  0.6524236 92.7692 
  0.6007099 92.7692 
  0.2222371 93.6992 
  0.005417118 95.11173 
  0.002402232 96.06523 
  0.1104459 96.54556 
  0.217088 96.54556 
  0.2373086 96.54556 
  0.1553748 96.06523 
  0.1511533 96.06523 
  0.4609356 96.06523 
  0.349911 96.06523 
  -0.06737886 96.06523 
  -0.01435779 96.06523 
  -0.1146993 96.06523 
  -0.01462031 96.06523 
  0.01470948 96.06523 
  0.03424672 96.06523 
  -0.02389787 96.06523 
  -0.02603915 96.06523 
  -0.06664849 96.06523 
  0.2542626 96.06523 
  -0.04529203 96.06523 
  0.05382736 96.06523 
  -0.02100258 96.06523 
  0.03346876 96.06523 
  0.1496221 96.06523 
  0.08253667 96.06523 
  0.08860191 96.06523 
  0.1058751 96.06523 
  0.3937461 96.06523 
  0.01929103 96.06523 
  0.1198706 96.06523 
  0.1145598 96.06523 
  0.1354396 96.06523 
  0.2274113 96.06523 
  0.1966855 96.06523 
  -0.07935414 96.06523 
  -0.05074769 96.06523 
  -0.02099673 96.06523 
  -0.06285369 96.06523 
  -0.1376615 96.06523 
  -0.2298793 96.06523 
  -0.08575742 96.06523 
  -0.1273506 96.06523 
  -0.05750069 96.06523 
  -0.01559677 96.06523 
  0.1633378 96.06523 
  0.1335738 96.06523 
  -0.08441292 96.06523 
  -0.1971594 96.06523 
  -0.2870821 96.06523 
  -0.1620154 96.06523 
  -0.07751464 96.06523 
  -0.2827332 96.06523 
  -0.3879935 96.06523 
  -0.2121128 96.06523 
  -0.05844151 96.06523 
  -0.1471652 96.06523 
  -0.05788357 96.06523 
  -0.1881686 96.06523 
  0.2436228 96.06523 
  -0.1561358 96.06523 
  0.04681486 96.54556 
  0.1585703 96.54556 
  -0.03285687 96.54556 
  -0.1560074 96.54556 
  -0.3530846 96.54556 
  -0.209279 96.54556 
  -0.08608037 96.54556 
  -0.1011895 96.54556 
  0.4421423 96.54556 
  0.5856824 96.54556 
  0.8095282 98.491 
  0.8936678 100.978 
  0.9748449 101.4829 
  0.9195056 100.4756 
  0.7218876 98.00098 
  0.645817 94.1677 
  0.6869466 91.39146 
  0.4397097 92.30766 
  0.05564599 93.6992 
  0.1023113 95.11173 
  0.2142445 96.54556 
  0.1601248 98.00098 
  0.1294703 99.47836 
  -0.1975241 100.978 
  -0.09479576 102.5003 
  0.01811742 104.0455 
  0.1118464 105.614 
  0.03025068 106.6728 
  0.409639 108.2809 
  -0.1720906 109.9132 
  0.205466 111.5702 
  0.1774914 112.128 
  0.4468369 110.4628 
  0.5017945 107.7421 
  0.2169451 113.2521 
  0.5312783 107.7421 
  0.8215213 109.3664 
  0.923009 109.3664 
  0.9543045 107.7421 
  0.9270847 106.142 
  0.9067256 105.0885 
  0.8544098 104.5657 
  0.766121 105.0885 
  0.6614537 105.0885 
  0.6292736 105.614 
  0.5675042 106.6728 
  0.2273539 108.2809 
  -0.02184174 110.4628 
  0.1944902 112.6886 
  0.1070929 114.9594 
  0.2142341 117.2759 
  0.660955 119.0438 
  0.9152582 119.639 
  0.9156516 119.0438 
  0.6596888 115.5342 
  0.5960454 111.5702 
  0.05049694 109.3664 
  0.01479158 108.2809 
  -0.8011394 107.2061 
  -0.1276178 106.6728 
  -0.049763 106.142 
  -0.1397137 105.0885 
  -0.2098596 104.5657 
  -0.1418542 104.0455 
  -0.376124 103.5278 
  -0.3286024 103.0128 
  0.1169342 102.5003 
  0.5292867 101.9903 
  0.7965636 101.9903 
  0.9210724 103.0128 
  0.9152295 104.0455 
  0.9530344 105.0885 
  0.9657321 106.142 
  0.9716514 106.6728 
  0.9801773 107.2061 
  0.9791189 107.7421 
  0.9149903 107.2061 
  0.8762534 106.6728 
  0.9170891 104.5657 
  0.8905228 101.9903 
  0.9128875 98.98344 
  0.9095936 97.02828 
  0.8695141 96.06523 
  0.8209701 96.06523 
  0.8865966 96.54556 
  0.9152572 97.51342 
  0.9717728 98.00098 
  0.9336299 97.51342 
  0.8894325 96.06523 
  0.9336041 95.11173 
  0.9845676 93.6992 
  0.9827131 93.23304 
  0.9505514 92.30766 
  0.9236245 90.93677 
  0.9040453 89.58624 
  0.8686957 87.8167 
  0.8127489 86.0821 
  0.6010907 84.38177 
  0.2341895 82.71502 
  0.1866032 81.08118 
  0.1226068 79.47963 
  -0.03631618 77.90971 
  -0.1284797 76.3708 
  -0.06510499 74.86229 
  -0.1737023 73.38358 
  0.00473933 71.93407 
  0.1304164 70.51319 
  0.3074455 69.46598 
  0.07438694 68.43433 
  -0.2140791 67.08258 
  -0.3497809 65.75754 
  -0.08684804 64.45866 
  -0.4322577 63.18545 
  0.1404274 61.93738 
  0.03875608 60.71396 
  0.0884186 59.51471 
  -0.1385112 58.33915 
  -0.1445376 57.1868 
  0.002251653 56.05722 
  -0.01582187 54.94995 
  -0.1938388 53.86455 
  0.3666871 52.01644 
  0.4032854 51.75765 
  0.558401 51.75765 
  0.4855821 57.47274 
  0.2149108 74.48985 
  0.8193327 98.98344 
  0.9203426 99.47836 
  0.9224311 98.491 
  0.8428695 97.51342 
  0.6508476 96.06523 
  0.6006138 91.39146 
  -0.08189628 91.39146 
  -0.2136381 91.84841 
  0.232865 92.30766 
  0.2601827 92.30766 
  -0.08479526 92.30766 
  0.05963721 92.7692 
  0.2493497 93.23304 
  0.08524272 94.1677 
  -0.1743259 94.1677 
  0.2209425 93.23304 
  0.5870161 92.30766 
  0.9594791 91.39146 
  0.9489796 90.48434 
  0.8744109 89.14054 
  0.8792926 87.8167 
  0.8716561 86.51251 
  0.4003976 86.94508 
  -0.2124139 89.14054 
  -0.2149335 90.93677 
  -0.04357057 92.7692 
  0.0471711 94.63854 
  -0.08037645 96.54556 
  -0.008600953 98.491 
  0.6985943 100.978 
  0.4700365 101.4829 
  0.4279633 100.978 
  0.2424025 98.98344 
  0.1037549 98.98344 
  0.2802479 98.98344 
  0.4080552 98.491 
  0.1363499 96.06523 
  0.2736565 93.6992 
  0.6601461 92.7692 
  0.201377 92.7692 
  -0.06416161 92.7692 
  -0.1490333 92.30766 
  -0.08738373 91.84841 
  -0.07153396 91.84841 
  -0.1791716 91.84841 
  -0.07572604 91.84841 
  0.2020227 91.84841 
  0.1090204 91.84841 
  0.03533026 91.84841 
  -0.02559213 91.84841 
  -0.01925969 91.84841 
  -0.05094411 91.84841 
  0.2389473 91.84841 
  0.331456 91.84841 
  0.478967 91.84841 
  0.319167 91.84841 
  0.122075 91.84841 
  0.07471956 91.84841 
  0.2643034 91.84841 
  0.2869806 91.84841 
  0.2270434 91.84841 
  0.07524995 91.84841 
  0.2435874 91.84841 
  0.04993181 91.84841 
  -0.03158043 91.84841 
  -0.05543175 91.84841 
  -0.00338883 91.84841 
  0.01987824 91.84841 
  -0.01406379 91.84841 
  0.08885361 91.84841 
  -0.001467874 91.84841 
  -0.1687552 91.84841 
  -0.2113957 91.84841 
  -0.3935493 91.84841 
  -0.2782193 91.84841 
  -0.2256167 91.84841 
  -0.009903312 91.84841 ]
