 [
  0.02949117 106.6728 
  0.06409964 106.6728 
  -0.02787316 106.6728 
  0.2050898 106.6728 
  0.06409041 106.6728 
  0.03849555 106.6728 
  -0.1230257 106.6728 
  -0.03155122 106.6728 
  0.06704393 106.6728 
  0.2617263 106.6728 
  0.7115518 106.6728 
  0.3849379 106.6728 
  0.09944811 106.6728 
  -0.02372616 106.6728 
  0.4366254 106.142 
  0.3909418 107.2061 
  0.5189692 98.491 
  0.6766992 99.97575 
  0.8637959 99.97575 
  0.9167006 98.98344 
  0.9872566 98.00098 
  0.9794897 97.02828 
  0.9848732 97.02828 
  0.9768434 97.51342 
  0.9600084 98.98344 
  0.9607552 99.97575 
  0.9069746 98.98344 
  0.3958147 96.06523 
  0.2403578 88.69706 
  0.2900785 86.51251 
  0.4808693 83.12859 
  0.4044383 80.6778 
  0.4912937 91.84841 
  0.6951002 95.11173 
  0.3494416 108.8223 
  0.7293569 106.6728 
  0.9364157 106.6728 
  0.9811792 106.6728 
  0.9864851 106.6728 
  0.8811111 107.7421 
  0.7869453 109.3664 
  0.7834871 111.5702 
  0.8636419 113.8184 
  0.8970389 115.5342 
  0.8592764 116.6924 
  0.4585718 116.6924 
  0.05627026 119.0438 
  -0.2460339 121.4426 
  0.04350018 124.5092 
  0.09936313 127.6532 
  0.03261843 130.2255 
  0.009751536 132.1886 
  0.7551965 134.8523 
  0.2500972 119.0438 
  0.6683199 117.2759 
  0.6404524 114.9594 
  0.8114341 109.9132 
  0.8598472 106.6728 
  0.3224468 106.6728 
  0.006338061 107.2061 
  0.08198758 108.2809 
  -0.02771477 109.3664 
  0.09505627 109.9132 
  0.1705661 110.4628 
  0.05474571 110.4628 
  -0.07142127 110.4628 
  -0.02421427 110.4628 
  0.08199456 110.4628 
  -0.03288827 110.4628 
  -0.2017815 110.4628 
  -0.06328021 111.0151 
  0.2356231 111.5702 
  0.5984859 107.2061 
  0.7480894 106.142 
  0.8617809 105.0885 
  0.9287413 104.0455 
  0.9342188 103.0128 
  0.9389089 101.9903 
  0.9336159 100.978 
  0.9721649 100.4756 
  0.9360097 99.47836 
  0.9154677 98.491 
  0.9654286 97.51342 
  0.9530113 97.02828 
  0.964316 96.06523 
  0.9676412 95.5873 
  0.9741566 95.11173 
  0.9707816 94.63854 
  0.9814483 94.1677 
  0.9684656 93.23304 
  0.9940274 92.7692 
  0.9889563 93.23304 
  0.9752278 93.6992 
  0.961033 93.6992 
  0.9438642 93.6992 
  0.9739097 94.1677 
  0.9739089 94.1677 
  0.9805087 94.1677 
  0.9633253 93.6992 
  0.9522967 93.23304 
  0.9569877 92.30766 
  0.8863277 91.84841 
  0.7893947 90.93677 
  0.7464377 88.69706 
  0.1890389 90.03418 
  -0.107044 91.84841 
  0.0679969 93.23304 
  -0.05098268 94.63854 
  -0.1021947 96.06523 
  0.1318873 97.51342 
  0.136853 99.47836 
  0.1045773 100.4756 
  0.1283081 100.978 
  0.2025586 100.4756 
  0.2525228 99.97575 
  0.5762187 97.51342 
  0.8364504 97.51342 
  0.8932716 97.02828 
  0.909323 97.02828 
  0.9439692 97.02828 
  0.870506 97.51342 
  0.8763057 98.491 
  0.841239 99.97575 
  0.8873923 100.978 
  0.8658262 101.4829 
  0.7613693 100.978 
  0.6300482 101.4829 
  0.1345111 100.4756 
  0.9754641 100.978 
  0.9814589 101.4829 
  0.9846872 101.9903 
  0.979718 101.9903 
  0.9735269 101.9903 
  0.9241083 101.9903 
  0.9149919 101.9903 
  0.9481514 101.9903 
  0.9691553 102.5003 
  0.9390891 104.0455 
  0.9644274 104.0455 
  0.9817308 104.5657 
  0.9900416 104.5657 
  0.9851596 104.5657 
  0.9856101 104.0455 
  0.9712289 103.0128 
  0.966993 102.5003 
  0.9714531 101.9903 
  0.9480125 101.4829 
  0.8955119 100.4756 
  0.8927169 98.491 
  0.9339139 97.51342 
  0.8996186 96.54556 
  0.8465273 96.06523 
  0.713034 94.63854 
  0.296759 95.5873 
  0.2377949 96.54556 
  0.2347611 97.51342 
  -0.1024715 98.00098 
  0.08400531 98.491 
  -0.006497526 98.98344 
  -7.410161e-05 99.47836 
  0.08273086 100.4756 
  0.1219639 101.4829 
  -0.03388831 102.5003 
  -0.1293979 103.5278 
  0.03394868 104.5657 
  0.2048747 105.614 
  0.06745438 106.6728 
  0.09077988 107.7421 
  0.5519805 109.3664 
  0.393838 99.97575 
  0.8702866 98.491 
  0.9595845 98.98344 
  0.9695411 98.98344 
  0.9434531 98.491 
  0.9288206 97.51342 
  0.9500398 96.06523 
  0.9737483 95.11173 
  0.9818393 95.11173 
  0.9753223 95.11173 
  0.962667 94.63854 
  0.8339302 93.6992 
  0.559393 93.23304 
  0.05578192 93.23304 
  0.1495156 98.98344 
  0.4684262 94.63854 
  0.6257897 95.11173 
  0.4648711 95.5873 
  0.07201134 97.02828 
  0.05075084 96.54556 
  0.04077314 93.6992 
  0.1590299 90.03418 
  0.6494095 88.69706 
  0.4605681 87.8167 
  0.9316908 95.5873 
  0.9250957 94.63854 
  0.9522003 94.63854 
  0.9220427 95.11173 
  0.9496656 95.5873 
  0.90869 96.06523 
  0.9346753 96.54556 
  0.9616576 97.02828 
  0.8746626 97.02828 
  0.7720361 97.02828 
  0.5071375 96.54556 
  0.923046 98.491 
  0.9088056 98.491 
  0.9442514 98.491 
  0.9343556 97.51342 
  0.950485 97.51342 
  0.9789945 97.51342 
  0.9570484 97.02828 
  0.8726163 96.54556 
  0.7646257 95.5873 
  0.6633602 92.30766 
  0.4034362 92.30766 
  0.1346647 92.30766 
  -0.02090565 92.30766 
  0.04326161 92.30766 
  0.1134155 92.30766 
  0.1147802 92.30766 
  0.0546391 92.7692 
  -0.01762559 93.23304 
  0.1614906 93.23304 
  0.1603457 93.23304 
  0.2139098 93.23304 
  0.2012176 93.6992 
  0.1008615 94.1677 
  -0.1166722 95.11173 
  -0.03658242 96.06523 
  -0.2357012 97.02828 
  0.3342661 97.51342 
  0.6368557 97.51342 
  0.9687425 97.02828 
  0.9943801 96.54556 
  0.9883701 96.54556 
  0.9812118 97.02828 
  0.9533166 97.51342 
  0.5130271 99.47836 
  0.6830233 99.97575 
  0.8355122 98.491 
  0.9060407 98.98344 
  0.9793261 98.98344 
  0.977705 98.491 
  0.9838559 98.00098 
  0.9874582 98.00098 
  0.9193277 98.00098 
  0.7101404 97.02828 
  0.372739 113.8184 
  -0.028362 112.6886 
  0.02188253 111.5702 
  0.008086666 111.0151 
  0.4173504 109.9132 
  0.6583925 95.11173 
  0.402189 86.0821 
  0.8414031 87.8167 
  0.9336244 88.69706 
  0.9563376 88.69706 
  0.9549177 88.69706 
  0.9344093 88.69706 
  0.9732604 89.58624 
  0.9860967 90.03418 
  0.9768949 89.58624 
  0.9925082 89.14054 
  0.9891081 89.14054 
  0.9688596 89.58624 
  0.9315571 89.58624 
  0.6874253 90.48434 
  0.4115359 90.93677 
  0.5282094 93.23304 
  0.03999277 86.51251 
  0.2534076 83.96195 
  0.405203 83.12859 
  0.2227348 83.54424 
  -0.1712843 83.54424 
  0.3098144 83.96195 
  0.1084737 84.38177 
  0.1462254 84.80367 
  0.06686695 85.65383 
  -0.01411774 86.51251 
  -0.1809118 86.94508 
  0.03386031 87.3798 
  0.008618496 87.8167 
  -0.02365726 88.69706 
  0.7053511 90.03418 
  0.8930998 90.93677 
  0.960126 90.93677 
  0.9730666 91.39146 
  0.9084458 90.93677 
  0.8273478 90.93677 
  0.5536577 91.39146 
  0.8557739 93.23304 
  0.8776175 92.30766 
  0.9304146 91.39146 
  0.8884605 89.58624 
  0.9169862 87.8167 
  0.7411455 87.3798 
  0.6856108 87.3798 
  0.3517078 86.51251 
  0.2837543 86.0821 
  0.1335473 87.3798 
  0.1369923 89.14054 
  -0.004392545 90.93677 
  -0.1174586 92.7692 
  0.1635753 94.63854 
  0.1350401 96.54556 
  0.05558017 98.491 
  0.1490503 100.4756 
  -0.3287386 103.0128 
  0.07117824 105.614 
  0.02035002 107.7421 
  0.1215048 109.9132 
  0.05881018 112.128 
  -0.1218019 113.8184 
  0.08718897 115.5342 
  -0.1687909 116.6924 
  0.1700027 117.8622 
  0.631583 119.0438 
  0.3677208 107.7421 
  0.6016021 106.6728 
  0.8611023 107.7421 
  0.8254428 106.6728 
  0.8742127 106.142 
  0.9408083 104.5657 
  0.9128187 103.5278 
  0.9611654 101.9903 
  0.9586941 101.4829 
  0.9734421 100.4756 
  0.9799248 99.97575 
  0.9746102 99.47836 
  0.9719934 98.98344 
  0.9811014 98.00098 
  0.9857695 97.02828 
  0.9855283 96.06523 
  0.9656715 94.63854 
  0.9874311 93.6992 
  0.9652908 93.23304 
  0.9340762 92.30766 
  0.8702 91.39146 
  0.7840213 90.93677 
  0.06839757 91.39146 
  -0.1566463 91.39146 
  0.1095457 91.39146 
  0.221953 91.39146 
  0.3503292 91.84841 
  -0.1245577 91.84841 
  0.6133415 91.84841 
  0.924433 91.84841 
  0.9835361 91.39146 
  0.9949567 90.93677 
  0.9942568 90.93677 
  0.7824216 91.84841 
  0.4607823 93.23304 
  0.6195809 91.84841 
  0.76268 91.84841 
  0.9603809 91.84841 
  0.962535 92.30766 
  0.9831514 93.23304 
  0.9804894 93.6992 
  0.9666929 93.6992 
  0.9379894 93.23304 
  0.878096 92.7692 
  0.7660947 92.30766 
  0.06645035 93.23304 
  -0.03826903 94.1677 
  0.3628776 95.11173 
  0.4334058 95.5873 
  0.2701384 96.06523 
  0.1784963 96.54556 
  -0.08873269 96.54556 
  -0.3180121 96.06523 
  -0.3520573 96.06523 
  -0.1911754 96.06523 
  -0.07297462 96.06523 
  -0.004422672 96.06523 
  0.1164658 95.5873 
  0.227008 95.5873 
  0.09520264 95.5873 
  -0.03904071 96.06523 
  0.6202893 93.6992 
  0.8125595 92.7692 
  0.8919405 92.30766 
  0.8456167 91.39146 
  0.8127042 90.03418 
  0.4604495 89.14054 
  0.3188547 90.48434 
  0.1258153 91.84841 
  0.03063409 93.23304 
  0.0299254 94.63854 
  0.1943463 96.06523 
  -0.09411992 97.51342 
  -0.003004701 98.98344 
  -0.05540244 100.4756 
  -0.07887449 101.9903 
  0.08098477 104.0455 
  -0.2360411 106.142 
  0.1404706 108.2809 
  0.1341753 110.4628 
  0.06136581 112.128 
  0.01524184 113.8184 
  0.05805231 116.1118 
  0.7323806 116.6924 
  0.5178906 93.23304 
  0.5211124 91.39146 
  0.9001467 90.48434 
  0.965986 90.48434 
  0.9763832 90.48434 
  0.9842599 90.48434 
  0.9862123 90.48434 
  0.9738315 90.48434 
  0.9431725 90.03418 
  0.8774093 90.03418 
  0.8022292 89.14054 
  0.8762446 89.14054 
  0.9037877 88.69706 
  0.8690244 88.25578 
  0.7686568 87.8167 
  0.7375408 87.3798 
  -0.05103996 86.94508 
  -0.00833129 86.51251 
  0.01938167 86.0821 
  0.0791658 86.0821 
  0.1788587 86.0821 
  -0.09441854 86.0821 
  0.2279362 86.0821 
  0.04310064 85.65383 
  -0.07908942 85.2277 
  -0.2704226 84.80367 
  0.4851271 84.38177 
  0.2716779 83.96195 
  0.4089946 79.08421 
  0.4395768 79.87703 
  0.4972221 82.3035 
  0.5825104 82.71502 
  0.6089708 80.6778 
  0.5713899 82.3035 
  -0.05428727 83.12859 
  0.6895772 83.54424 
  0.7077299 83.96195 
  0.6495314 83.96195 
  0.07118355 83.96195 
  0.4025664 83.96195 
  -0.2843793 82.71502 
  0.3074933 80.27641 
  0.4964089 79.47963 
  0.3554107 80.27641 
  0.1680037 82.3035 
  0.3409929 84.38177 
  0.2481488 86.0821 
  0.09422544 85.65383 
  0.07810122 84.80367 
  0.3036464 80.6778 
  0.6419436 80.27641 
  0.4382855 79.08421 
  0.3744781 77.5221 
  0.4638014 80.6778 
  0.4504822 81.08118 
  0.1875525 80.6778 
  -0.002164738 80.6778 
  0.1032932 81.08118 
  -0.05033782 81.4866 
  0.00440629 81.89403 
  -0.06005413 81.89403 
  -0.02873081 81.89403 
  0.04972072 81.89403 
  0.1357618 81.89403 
  0.2386374 81.89403 
  0.3136076 81.89403 
  0.2462889 81.89403 
  0.03005053 81.89403 
  0.04391874 81.89403 ]
