 [
  -0.08867651 143.8855 
  -0.004730545 143.8855 
  -0.04199678 143.8855 
  -0.09590594 143.8855 
  -0.2022442 143.8855 
  -0.3917793 143.8855 
  -0.4504708 143.8855 
  -0.2030326 143.8855 
  -0.07689846 143.8855 
  0.1177836 143.8855 
  0.04767329 143.8855 
  -0.05162789 143.8855 
  -0.02251541 143.8855 
  -0.05888228 143.8855 
  0.02650054 143.8855 
  -0.119768 143.8855 
  -0.1825531 143.8855 
  -0.1694364 143.8855 
  -0.1944475 143.8855 
  -0.1303512 143.8855 
  -0.1031868 143.8855 
  -0.007009542 143.8855 
  -0.1244347 143.8855 
  0.01517118 143.8855 
  0.02365642 143.8855 
  0.1605895 143.8855 
  -0.009568154 143.8855 
  -0.02936638 143.8855 
  -0.1789621 143.8855 
  -0.1244484 143.8855 
  -0.03605596 143.8855 
  0.1875853 143.8855 
  0.2765096 143.8855 
  0.1766854 143.8855 
  0.07889494 143.8855 
  0.000267487 143.8855 
  -0.08334014 143.8855 
  -0.2111769 143.8855 
  -0.0813997 143.8855 
  -0.1029671 143.8855 
  -0.1923355 143.8855 
  -0.3469252 143.8855 
  -0.2308532 143.8855 
  0.007436933 143.8855 
  -0.08004405 143.8855 
  0.2002096 143.8855 
  0.2145249 143.8855 
  0.107195 143.8855 
  0.3091066 143.8855 
  -0.3401873 143.8855 
  0.06053002 143.8855 
  0.362521 143.8855 
  0.06986593 143.8855 
  0.08025403 143.8855 
  -0.01988174 143.8855 
  0.05181609 143.8855 
  0.02993608 143.8855 
  0.1555336 143.8855 
  0.1132154 143.8855 
  -0.01690309 143.8855 
  0.007006731 144.605 
  0.260165 145.328 
  0.7639982 143.1697 
  0.838635 143.8855 
  0.9476078 145.328 
  0.9758694 147.5188 
  0.9917262 148.2564 
  0.9922751 148.2564 
  0.8955585 146.7849 
  0.8194298 144.605 
  0.7612614 138.2575 
  0.7353795 132.1886 
  0.818082 130.8766 
  0.9234259 132.8496 
  0.9674183 134.1814 
  0.9645412 133.5138 
  0.8442668 130.8766 
  0.5974561 125.7574 
  0.76682 120.8384 
  0.7612377 118.4515 
  0.7612918 115.5342 
  0.7592238 112.128 
  0.9344305 113.2521 
  0.9415804 113.2521 
  0.9052186 114.9594 
  0.8761945 116.1118 
  0.8927994 116.6924 
  0.9267098 117.2759 
  0.9698185 118.4515 
  0.9862689 119.0438 
  0.9794281 118.4515 
  0.9650562 117.8622 
  0.9524412 117.2759 
  0.9392048 117.2759 
  0.9013545 116.1118 
  0.8875776 114.3874 
  0.8290958 112.128 
  0.5434081 112.128 
  -0.1343678 113.2521 
  0.07971014 114.3874 
  0.001559133 115.5342 
  0.08274679 116.6924 
  0.09249429 117.8622 
  0.1446714 119.0438 
  0.2537077 120.2372 
  0.1651905 120.8384 
  0.258039 122.0498 
  0.303894 122.6601 
  0.1518206 123.8897 
  0.0144223 125.1317 
  0.1408253 126.3862 
  -0.03735662 127.6532 
  -0.1494647 129.5776 
  0.09866707 130.8766 
  0.2436568 132.8496 
  0.7057692 134.8523 
  0.7802306 133.5138 
  0.8011792 130.8766 
  0.868668 128.2915 
  0.8733077 125.1317 
  0.954668 123.2734 
  0.9887508 122.6601 
  0.9942887 122.0498 
  0.9742497 122.0498 
  0.954043 120.8384 
  0.9321623 119.0438 
  0.9354575 117.8622 
  0.979229 117.2759 
  0.9990053 116.6924 
  0.9789594 116.1118 
  0.9196177 115.5342 
  0.8847851 114.3874 
  0.8834765 113.2521 
  0.9577402 113.8184 
  0.9544971 112.6886 
  0.9615267 110.4628 
  0.9243431 108.2809 
  0.715789 106.142 
  0.246291 105.0885 
  -0.0974253 105.0885 
  -0.04715889 105.0885 
  0.07357816 105.0885 
  0.06425902 105.0885 
  0.04941013 105.0885 
  0.1295073 105.0885 
  0.05790009 105.0885 
  0.09808666 105.0885 
  0.1343385 105.0885 
  -0.302017 105.0885 
  0.5482705 104.5657 
  0.8421583 104.0455 
  0.8649043 103.5278 
  0.3086596 101.9903 
  0.3190975 94.1677 
  0.2978314 87.8167 
  0.2120055 91.84841 
  0.3328663 93.6992 
  0.1024665 95.5873 
  -0.01257538 97.02828 
  0.1118169 98.491 
  0.2820517 99.97575 
  -0.0195028 100.978 
  0.3618603 102.5003 
  0.5526013 107.7421 
  0.8945106 109.9132 
  0.9611093 111.0151 
  0.964594 112.128 
  0.9305804 113.2521 
  0.9536458 114.9594 
  0.9895055 115.5342 
  0.9808887 116.1118 
  0.9426357 114.9594 
  0.8356533 113.2521 
  0.8061559 109.9132 
  0.8214922 106.142 
  0.7446025 104.0455 
  0.6047281 105.0885 
  0.7500302 108.2809 
  0.8467003 111.0151 
  0.944671 111.5702 
  0.9518106 111.5702 
  0.7659883 109.9132 
  0.7086152 105.614 
  0.9173816 100.978 
  0.9286015 98.98344 
  0.9709549 97.51342 
  0.8693811 98.98344 
  0.8996781 100.4756 
  0.9050624 100.4756 
  0.9339124 99.47836 
  0.9315706 98.491 
  0.946576 97.02828 
  0.9528502 96.06523 
  0.9300621 95.11173 
  0.7924919 94.63854 
  0.5108865 94.63854 
  0.02617995 96.54556 
  -0.1064145 98.98344 
  -0.5336176 101.9903 
  -0.02448764 104.5657 
  0.310563 107.2061 
  -0.05050616 110.4628 
  -0.04326212 113.8184 
  -0.04228808 117.8622 
  0.2178976 122.0498 
  0.2872008 123.8897 
  0.161735 125.7574 
  0.1938315 128.9329 
  0.06155641 131.531 
  0.07864976 134.1814 
  0.5632903 138.2575 
  0.7857601 137.5696 
  0.9604638 136.2042 
  0.960502 134.8523 
  0.9320446 133.5138 
  0.9184203 130.8766 
  0.8460333 127.6532 
  0.8571907 124.5092 
  0.8628326 121.4426 
  0.8007427 118.4515 
  0.8196414 115.5342 
  0.8242257 111.5702 
  0.8471787 108.8223 
  0.8279703 106.6728 
  0.8665016 105.0885 
  0.7604273 103.5278 
  0.8245961 100.978 
  0.9497622 99.47836 
  0.9052118 98.491 
  0.9170425 97.02828 
  0.9545344 96.54556 
  0.9538413 96.54556 
  0.9610754 97.02828 
  0.9640943 97.51342 
  0.9261528 97.51342 
  0.8932636 96.06523 
  0.8593958 94.1677 
  0.7636935 93.6992 
  0.3703826 95.11173 
  -0.1535339 97.02828 
  -0.5900074 98.98344 
  -0.08147329 100.978 
  0.2544523 103.0128 
  0.4477901 105.614 
  0.1774183 107.7421 
  -0.1907545 110.4628 
  -0.07489135 113.2521 
  0.1032749 116.1118 
  0.05031006 119.0438 
  0.2541808 122.0498 
  0.1544075 125.1317 
  -0.06552777 128.2915 
  0.08521653 132.1886 
  0.2649424 134.8523 
  -0.07974226 137.5696 
  0.7719834 141.7487 
  0.5541465 132.1886 
  0.7553441 130.2255 
  0.8572875 128.2915 
  0.8326599 125.1317 
  0.9367159 123.2734 
  0.9871789 122.0498 
  0.9881108 122.0498 
  0.9803541 122.6601 
  0.9856354 122.6601 
  0.9674811 122.6601 
  0.9443061 122.6601 
  0.8610972 122.6601 
  0.7376047 120.2372 
  0.3676179 112.128 
  0.7581212 110.4628 
  0.6068072 109.3664 
  0.5248355 108.2809 
  0.790506 107.2061 
  0.8725807 106.142 
  0.9319536 105.0885 
  0.9641387 103.5278 
  0.9517378 102.5003 
  0.9086416 101.4829 
  0.7673352 100.978 
  0.2891449 101.4829 
  -0.03011359 102.5003 
  -0.1916453 103.5278 
  -0.2070701 104.5657 
  -0.2077127 106.142 
  0.1816051 107.7421 
  0.3461302 108.8223 
  0.20382 110.4628 
  0.03533746 112.128 
  -0.008495325 113.8184 
  -0.0878133 115.5342 
  -0.08931546 117.2759 
  0.1189502 118.4515 
  0.01344653 119.639 
  0.1164317 120.8384 
  -0.05194322 121.4426 
  0.7840999 123.2734 
  0.4647435 117.2759 
  0.5779953 114.3874 
  0.8044431 111.5702 
  0.8477101 108.8223 
  0.9502118 106.6728 
  0.9203109 105.0885 
  0.9364142 104.5657 
  0.9451039 103.5278 
  0.9384139 103.5278 
  0.9817725 103.0128 
  0.8926028 102.5003 
  0.9150995 101.4829 
  0.9775336 100.4756 
  0.927458 100.978 
  0.9149061 100.978 
  0.9308542 101.4829 
  0.9647525 100.4756 
  0.9462305 100.4756 
  0.9450604 100.4756 
  0.9499511 100.978 
  0.9314472 100.4756 
  0.9201852 101.9903 
  0.962104 103.0128 
  0.9613057 104.0455 
  0.9418531 104.5657 
  0.8631078 104.5657 
  0.7573085 104.5657 
  0.3752683 104.5657 
  0.1085208 105.0885 
  0.07072114 105.614 
  0.03232335 106.142 
  -0.09890096 106.6728 
  0.1136868 107.2061 
  -0.09882567 107.7421 
  -0.1097596 108.2809 
  -0.06953729 108.8223 
  0.1216811 109.3664 
  0.2130839 109.9132 
  0.1924364 110.4628 
  0.3900868 111.0151 
  0.03994399 111.5702 
  0.1085241 112.128 
  0.06083079 112.6886 
  0.05145518 113.8184 
  0.4351334 119.639 
  0.4589954 116.1118 
  0.6121436 113.8184 
  0.6168758 111.0151 
  0.6737924 107.7421 
  0.917783 105.0885 
  0.9864613 104.5657 
  0.9820904 104.5657 
  0.9399192 105.0885 
  0.853741 107.7421 
  0.9242018 110.4628 
  0.8775592 113.2521 
  0.9312777 116.1118 
  0.9626327 117.8622 
  0.9857234 119.0438 
  0.9915532 119.639 
  0.8215295 119.639 
  0.5170628 120.2372 
  0.08213151 118.4515 
  0.5394182 116.6924 
  0.7474386 114.9594 
  0.8175237 113.2521 
  0.8135018 111.0151 
  0.9562545 109.3664 
  0.9442756 108.2809 
  0.8547091 107.7421 
  0.5723134 107.2061 
  -0.3288082 109.3664 
  -0.2550352 111.5702 
  0.03977111 113.8184 
  0.38802 116.1118 
  0.1174545 118.4515 
  -0.2262303 120.8384 
  -0.05494829 123.2734 
  0.003461398 125.1317 
  0.05854857 127.0181 
  0.0009493824 128.2915 
  -0.1218399 129.5776 
  -0.01816512 130.8766 
  0.5777164 131.531 
  0.523021 122.0498 
  0.6901544 117.8622 
  0.9186333 115.5342 
  0.9070034 111.5702 
  0.9212335 108.2809 
  0.9411675 105.614 
  0.9601935 104.0455 
  0.9122816 102.5003 
  0.8398905 101.4829 
  0.8731915 99.97575 
  0.8448962 100.4756 
  0.9861536 100.978 
  0.9926053 101.4829 
  0.9809648 101.9903 
  0.9725627 103.0128 
  0.9603611 104.0455 
  0.3758038 107.2061 
  0.7251012 108.2809 
  0.82155 107.7421 
  0.9400618 107.7421 
  0.9613215 107.7421 
  0.9704804 107.7421 
  0.9412301 106.6728 
  0.9577575 105.614 
  0.9731774 105.0885 
  0.9804638 105.614 
  0.9931191 106.142 
  0.9933039 106.6728 
  0.9708067 106.142 
  0.9217116 105.614 
  0.9097863 104.0455 
  0.8919097 103.0128 
  0.8162279 101.4829 
  0.7194462 99.97575 
  0.6472836 97.02828 
  -0.01463695 97.02828 
  -0.2798649 98.491 
  0.02389583 99.97575 
  -0.04482999 101.4829 
  0.1261778 103.0128 
  0.2539817 104.5657 
  0.7175005 104.0455 
  0.8768079 103.5278 
  0.9424247 103.0128 
  0.9245642 101.4829 
  0.8315237 99.97575 
  0.7384958 97.51342 
  0.7489996 95.11173 
  0.7273161 94.63854 
  0.8779769 95.5873 
  0.9788264 96.54556 
  0.6685278 98.00098 
  0.8001911 98.00098 
  0.8275993 97.02828 
  0.920536 96.54556 
  0.9454505 96.06523 
  0.9720362 95.5873 
  0.989339 95.5873 
  0.9915784 95.5873 
  0.9578192 96.06523 
  0.9505864 96.06523 
  0.9883218 96.54556 
  0.9903489 96.06523 
  0.9729412 95.5873 
  0.9580639 95.5873 
  0.8574342 95.11173 
  0.6630464 94.1677 
  0.2846071 90.93677 
  0.05738718 89.14054 
  0.2127123 87.8167 
  0.6383159 86.94508 
  0.7525142 86.0821 
  0.7982554 86.0821 
  0.7799541 84.38177 
  0.3436185 83.12859 
  0.3422527 83.12859 
  0.1335561 83.12859 
  -0.05379771 83.12859 
  0.4224233 83.12859 
  0.2325413 83.12859 
  0.07867192 83.12859 
  0.2814355 83.12859 
  0.39252 83.12859 
  0.2259072 83.12859 
  0.2079386 83.12859 
  0.2852855 83.12859 
  0.18524 83.12859 
  -0.08879033 83.12859 
  -0.138701 83.12859 
  0.150542 83.12859 
  0.1704354 83.12859 
  -0.1810639 83.12859 
  -0.09777835 83.12859 
  0.2117147 83.12859 
  0.3024522 83.12859 
  0.131931 83.12859 
  0.1251193 83.12859 
  0.06313391 83.12859 
  0.08608853 83.12859 
  0.07991486 83.12859 
  0.1119247 83.12859 
  0.054395 83.12859 
  -0.1870543 83.12859 
  -0.4751524 83.12859 
  -0.3114849 83.12859 
  -0.06429508 83.12859 
  -0.0509826 83.12859 
  -0.1430608 83.12859 
  -0.05894792 83.12859 
  -0.2369973 83.12859 
  -0.2053518 83.12859 
  -0.0464787 83.12859 
  -0.1974326 83.12859 
  -0.1759018 83.12859 
  -0.05977432 83.12859 
  -0.02209517 83.12859 
  0.08013124 83.12859 
  -0.08579468 83.12859 
  -0.01210237 83.12859 
  0.06051578 83.12859 
  0.1838261 83.12859 
  0.1357999 83.12859 
  0.01695838 83.12859 
  -0.07639645 83.12859 
  -0.02007322 83.12859 
  -0.02145953 83.12859 
  -0.1323573 83.12859 
  -0.256093 83.12859 
  -0.1107867 83.12859 
  -0.04507075 83.12859 
  -0.008984247 83.12859 
  0.02101152 83.12859 
  -0.006816612 83.12859 
  -0.1150612 83.12859 
  -0.05537796 83.12859 
  -0.006607188 83.12859 
  0.3147199 83.12859 
  0.2545437 83.12859 
  -0.07387231 83.12859 
  -0.1330678 83.12859 ]
