 [
  0.05045929 275.1726 
  -0.05264116 275.1726 
  -0.01186003 275.1726 
  0.1732566 275.1726 
  0.2321345 275.1726 
  -0.1134798 275.1726 
  -0.1096818 275.1726 
  -0.08762287 275.1726 
  0.2159833 275.1726 
  0.3603085 275.1726 
  0.3657811 275.1726 
  0.7741933 275.1726 
  0.8463683 275.1726 
  0.6702486 275.1726 
  0.8204705 255.3373 
  0.8934802 254.067 
  0.9599958 252.8029 
  0.938821 254.067 
  0.8078548 252.8029 
  0.4197694 254.067 
  -0.006233247 256.614 
  0.2526684 259.1866 
  0.2328696 261.7849 
  0.1190227 264.4093 
  -0.1045767 265.7313 
  0.0003858921 268.3953 
  0.01906134 269.7372 
  0.08337791 271.0859 
  0.05629626 272.4414 
  0.099561 273.8036 
  0.0154141 275.1726 
  0.08539744 276.5485 
  -0.05848691 277.9312 
  -0.07001645 279.3209 
  0.6546212 280.7175 
  0.9031797 276.5485 
  0.886363 275.1726 
  0.8919534 271.0859 
  0.976238 264.4093 
  0.9885145 264.4093 
  0.9730751 267.06 
  0.9634446 271.0859 
  0.9549521 273.8036 
  0.9475204 277.9312 
  0.847473 272.4414 
  0.7032374 277.9312 
  -0.273477 283.5317 
  -0.2806646 290.6912 
  -0.312006 298.0316 
  -0.008176881 304.037 
  0.3037821 310.1635 
  0.8273628 316.4135 
  0.9187269 314.8393 
  0.9703675 313.2729 
  0.9935859 311.7143 
  0.9970821 308.6204 
  0.9973896 308.6204 
  0.9957932 307.085 
  0.9893888 304.037 
  0.9774175 299.5217 
  0.9663718 295.0734 
  0.9120811 292.1447 
  0.3545916 290.6912 
  0.03128863 289.245 
  -0.06571403 289.245 
  0.1133652 289.245 
  0.08077837 289.245 
  0.1124968 289.245 
  0.008293578 289.245 
  -0.001072989 289.245 
  -0.02341255 289.245 
  -0.06899865 289.245 
  0.01866085 289.245 
  0.02879793 289.245 
  0.1616343 289.245 
  0.04690449 289.245 
  0.8020919 284.9493 
  0.7993432 276.5485 
  0.8584371 268.3953 
  0.9297054 256.614 
  0.9492657 249.0485 
  0.9541887 244.1292 
  0.9316252 239.307 
  0.9360947 236.9318 
  0.9951995 235.753 
  0.9966601 233.4131 
  0.826868 232.2518 
  0.8493342 228.8026 
  0.9004191 224.2832 
  0.9850091 223.1673 
  0.991597 222.057 
  0.9938029 220.9523 
  0.9976618 219.853 
  0.9947426 219.853 
  0.9859383 218.7592 
  0.9884608 218.7592 
  0.9807823 218.7592 
  0.9958415 219.853 
  0.9977403 220.9523 
  0.9961019 222.057 
  0.9953442 224.2832 
  0.9711465 226.5316 
  0.9372725 228.8026 
  0.9599481 227.6642 
  0.9913475 226.5316 
  0.9934058 227.6642 
  0.9789545 228.8026 
  0.9885774 229.9466 
  0.9878457 229.9466 
  0.9916201 229.9466 
  0.9954987 229.9466 
  0.9926609 231.0963 
  0.9871843 232.2518 
  0.9643854 234.5801 
  0.9357941 238.1164 
  0.891736 244.1292 
  0.8921902 251.5452 
  0.9112008 259.1866 
  0.9528698 264.4093 
  0.9194074 267.06 
  0.7129227 264.4093 
  0.2371611 261.7849 
  0.1746177 259.1866 
  0.2870794 256.614 
  0.2903587 254.067 
  -0.1699956 251.5452 
  0.1222146 249.0485 
  0.4061051 244.1292 
  0.495132 232.2518 
  0.8239751 224.2832 
  0.9804505 218.7592 
  0.9736208 218.7592 
  0.9765463 220.9523 
  0.9594845 222.057 
  0.9295366 223.1673 
  0.8544172 224.2832 
  0.5094416 226.5316 
  0.07284 227.6642 
  0.2887219 229.9466 
  0.2860469 232.2518 
  0.2951121 234.5801 
  0.2059872 235.753 
  0.2888207 236.9318 
  0.7255332 238.1164 
  0.8067858 238.1164 
  0.897526 236.9318 
  0.9923731 235.753 
  0.9976099 235.753 
  0.9978442 236.9318 
  0.9981943 236.9318 
  0.9981173 236.9318 
  0.9986655 236.9318 
  0.9990159 236.9318 
  0.9992233 238.1164 
  0.9593383 238.1164 
  0.9333882 239.307 
  0.9295547 241.7061 
  0.9990672 244.1292 
  0.9287823 246.5766 
  0.8816284 250.2938 
  0.9199027 250.2938 
  0.9937317 249.0485 
  0.9934301 250.2938 
  0.9674277 254.067 
  0.9815541 259.1866 
  0.9638098 261.7849 
  0.9389557 264.4093 
  0.6739257 268.3953 
  0.9376426 273.8036 
  0.5753828 279.3209 
  0.3773016 284.9493 
  0.2635387 287.806 
  0.3068365 289.245 
  0.02831355 290.6912 
  0.1535307 292.1447 
  0.08103811 292.1447 
  0.1273289 292.1447 
  0.05640765 292.1447 
  0.8411477 293.6054 
  0.8947206 289.245 
  0.9269321 283.5317 
  0.9878973 275.1726 
  0.988843 268.3953 
  0.9921632 263.0938 
  0.9915226 257.8971 
  0.9852971 252.8029 
  0.9889641 249.0485 
  0.9859815 245.3498 
  0.9144887 241.7061 
  0.879615 234.5801 
  0.9501469 222.057 
  0.9624822 216.5879 
  0.9890306 213.3714 
  0.9832658 212.3098 
  0.9709756 213.3714 
  0.9003458 215.5104 
  0.8863745 219.853 
  0.5271925 224.2832 
  0.05648185 227.6642 
  0.04019529 232.2518 
  0.05063754 236.9318 
  0.110736 241.7061 
  -0.001796715 246.5766 
  0.01137557 251.5452 
  0.03145512 256.614 
  0.1317421 261.7849 
  0.03885771 267.06 
  0.1590236 271.0859 
  0.1565725 275.1726 
  0.1021419 276.5485 
  0.1258007 275.1726 
  -0.09445106 272.4414 
  0.1971986 271.0859 
  0.8208296 269.7372 
  0.8879458 261.7849 
  0.915615 256.614 
  0.9720297 251.5452 
  0.9918389 247.8095 
  0.9966879 246.5766 
  0.9978581 245.3498 
  0.9970056 245.3498 
  0.9941697 246.5766 
  0.9925628 247.8095 
  0.9890556 250.2938 
  0.988371 254.067 
  0.9757192 255.3373 
  0.9484504 255.3373 
  0.4702901 257.8971 
  0.6776356 259.1866 
  0.6491234 260.4825 
  0.7787898 261.7849 
  0.1958652 263.0938 
  0.186184 264.4093 
  -0.05122377 265.7313 
  0.4317889 268.3953 
  0.7696387 267.06 
  0.8839762 263.0938 
  0.9960946 261.7849 
  0.9977542 260.4825 
  0.9967318 260.4825 
  0.9889868 260.4825 
  0.9770488 259.1866 
  0.9422967 257.8971 
  0.8205202 257.8971 
  0.2082266 257.8971 
  0.1971733 259.1866 
  0.02810404 260.4825 
  -0.04418144 261.7849 
  -0.07508241 263.0938 
  -0.03437649 264.4093 
  0.03992319 265.7313 
  -0.1001347 267.06 
  -0.146438 268.3953 
  0.5629593 269.7372 
  0.8756354 268.3953 
  0.7849785 259.1866 
  0.8148207 250.2938 
  0.9380659 238.1164 
  0.9645009 233.4131 
  0.9589025 229.9466 
  0.9063252 227.6642 
  0.7910486 225.4046 
  0.9515544 223.1673 
  0.9876341 219.853 
  0.990707 217.6709 
  0.8038684 215.5104 
  0.8419191 213.3714 
  0.9011366 211.2535 
  0.9891564 210.2025 
  0.9823945 211.2535 
  0.9749725 213.3714 
  0.9720694 215.5104 
  0.9699581 217.6709 
  0.9650118 219.853 
  0.9209406 222.057 
  0.792197 224.2832 
  0.4167594 226.5316 
  0.08089873 228.8026 
  0.1285522 231.0963 
  0.1494878 233.4131 
  -0.05256698 235.753 
  -0.06971648 238.1164 
  0.02735053 239.307 
  -0.01217313 240.5036 
  0.01532249 241.7061 
  0.1185498 242.9146 
  0.1101746 244.1292 
  0.04666658 245.3498 
  -0.0376079 246.5766 
  0.4861347 249.0485 
  0.09416015 251.5452 
  -0.07346827 254.067 
  0.2392937 256.614 
  0.4722288 259.1866 
  0.4960125 250.2938 
  0.6074036 240.5036 
  0.9387802 233.4131 
  0.971305 231.0963 
  0.9744937 229.9466 
  0.9899532 227.6642 
  0.9900042 227.6642 
  0.9789997 229.9466 
  0.9719637 232.2518 
  0.9554431 235.753 
  0.9500787 239.307 
  0.9559208 244.1292 
  0.9128019 245.3498 
  0.6199098 245.3498 
  0.1769167 245.3498 
  -0.1417376 245.3498 
  -0.1149802 245.3498 
  -0.08408923 245.3498 
  -0.1211387 245.3498 
  0.02339468 245.3498 
  0.09246331 245.3498 
  0.3179744 245.3498 
  0.2807782 245.3498 
  -0.006854332 245.3498 
  -0.1228558 245.3498 
  -0.2906644 245.3498 
  -0.1101845 245.3498 
  -0.238841 245.3498 
  -0.07791235 246.5766 
  -0.02390761 247.8095 
  -0.1007235 249.0485 
  -0.3223912 250.2938 
  -0.1987764 251.5452 
  -0.2145768 252.8029 
  0.3151626 254.067 
  0.6533414 255.3373 
  0.7353334 247.8095 
  0.8722366 240.5036 
  0.9495875 232.2518 
  0.9694246 227.6642 
  0.9845461 225.4046 
  0.9912395 222.057 
  0.9924903 220.9523 
  0.9766926 220.9523 
  0.9368712 222.057 
  0.8309065 220.9523 
  0.7321358 219.853 
  0.5567268 218.7592 
  0.4960721 219.853 
  0.625235 223.1673 
  0.7886363 228.8026 
  0.8856957 233.4131 
  0.9390622 231.0963 
  0.925632 227.6642 
  0.9250016 223.1673 
  0.9911792 218.7592 
  0.9948769 217.6709 
  0.9933524 216.5879 
  0.9936706 217.6709 
  0.9978842 217.6709 
  0.9974909 217.6709 
  0.9955242 218.7592 
  0.9880983 220.9523 
  0.9833874 222.057 
  0.9826881 222.057 
  0.9859588 222.057 
  0.9894406 222.057 
  0.9936771 222.057 
  0.9965296 222.057 
  0.997247 222.057 
  0.9963214 223.1673 
  0.9944613 224.2832 
  0.9919007 225.4046 
  0.9939156 226.5316 
  0.9919584 226.5316 
  0.9911035 226.5316 
  0.9924796 228.8026 
  0.9976701 229.9466 
  0.9950956 231.0963 
  0.9913025 233.4131 
  0.9887868 235.753 
  0.9783384 239.307 
  0.9665936 244.1292 
  0.9604353 247.8095 
  0.9607092 250.2938 
  0.9441769 250.2938 
  0.5550837 249.0485 
  -0.00473813 247.8095 
  0.5341942 246.5766 
  0.2844428 245.3498 
  0.2268864 244.1292 
  0.08767979 242.9146 
  0.06671409 244.1292 
  0.2515879 246.5766 
  0.5636456 250.2938 
  0.8247312 247.8095 
  0.9141313 244.1292 
  0.9724892 239.307 
  0.9868775 234.5801 
  0.9253596 231.0963 
  0.952683 228.8026 
  0.9713393 227.6642 
  0.9977374 226.5316 
  0.999066 225.4046 
  0.9993874 225.4046 
  0.9968851 224.2832 
  0.9872562 222.057 
  0.9758111 218.7592 
  0.9647583 216.5879 
  0.9384817 213.3714 
  0.9798601 214.4382 
  0.980311 215.5104 
  0.9880759 215.5104 
  0.9945558 214.4382 
  0.9971692 214.4382 
  0.9944757 214.4382 
  0.9898387 215.5104 
  0.9807374 216.5879 
  0.9412826 215.5104 
  0.8801041 214.4382 
  0.5520837 213.3714 
  0.2543009 212.3098 
  -0.0565607 211.2535 
  -0.06566517 210.2025 
  0.0187002 210.2025 
  -0.1420577 210.2025 
  -0.04595813 210.2025 
  -0.06545122 210.2025 
  -0.03586784 210.2025 
  -0.03509588 210.2025 
  0.04635116 210.2025 
  0.1440062 210.2025 
  0.08208966 210.2025 
  0.4820985 210.2025 
  0.7490519 207.0808 
  0.9515457 202.9904 
  0.9728096 200.9756 
  0.9757693 198.9809 
  0.9561761 197.0059 
  0.932533 195.0505 
  0.951709 191.1978 
  0.8630705 188.3582 
  0.8186362 187.4211 
  0.5879343 185.5609 
  0.3606634 183.7191 
  0.02517395 182.8051 
  -0.4799135 182.8051 
  -0.0704487 182.8051 
  -0.1523664 182.8051 
  -0.02930414 182.8051 
  -0.128089 182.8051 
  -0.2269542 182.8051 
  -0.1630108 182.8051 
  -0.009390921 182.8051 
  0.1553908 182.8051 
  0.229656 182.8051 
  -0.2335193 182.8051 
  -0.1408754 182.8051 
  -0.09406424 182.8051 
  0.04199053 182.8051 
  -0.001696086 182.8051 
  -0.1243026 182.8051 
  -0.2222117 182.8051 
  -0.1051209 182.8051 
  0.03226876 182.8051 ]
