 [
  -0.1045632 115.5342 
  0.02479485 115.5342 
  -0.1940355 115.5342 
  0.002504821 115.5342 
  -0.06304125 115.5342 
  -0.1917339 115.5342 
  0.02019384 115.5342 
  0.1816282 115.5342 
  0.2432917 115.5342 
  0.2190734 115.5342 
  0.4273117 116.1118 
  0.5714803 116.6924 
  0.237913 117.2759 
  0.6683642 117.2759 
  0.682831 113.2521 
  0.7408363 108.8223 
  0.7799244 105.0885 
  0.9194453 103.0128 
  0.9147657 101.9903 
  0.902906 100.4756 
  0.8222444 99.47836 
  0.7549659 97.51342 
  0.8099192 95.11173 
  -0.1222225 97.51342 
  0.2981599 98.98344 
  0.5802682 100.4756 
  0.02795081 101.9903 
  -0.2719431 103.5278 
  -0.4630325 105.0885 
  -0.2956035 106.6728 
  -0.3093799 108.2809 
  -0.2468175 109.9132 
  0.02021246 111.5702 
  0.03425867 113.2521 
  0.1992225 114.9594 
  0.1970306 116.6924 
  0.2538127 117.2759 
  0.2226836 118.4515 
  0.1279095 123.2734 
  0.7542758 125.1317 
  0.4676793 119.639 
  0.5289255 116.6924 
  0.7690774 113.8184 
  0.9150155 112.128 
  0.8569908 111.0151 
  0.9526678 109.3664 
  0.9355173 109.3664 
  0.9443176 111.0151 
  0.8968925 112.6886 
  0.7555256 113.8184 
  0.6492351 114.3874 
  -0.009219967 110.4628 
  0.005950335 109.3664 
  0.05569695 108.2809 
  -0.00469862 107.2061 
  0.05045858 106.142 
  -0.03208523 105.0885 
  -0.01126968 104.0455 
  -0.08453716 103.5278 
  -0.1365355 103.0128 
  -0.01384833 102.5003 
  0.0565143 101.4829 
  0.09004545 99.97575 
  0.1791314 98.98344 
  0.3306594 98.00098 
  -0.1595378 96.06523 
  0.004241651 94.63854 
  -0.06215077 93.23304 
  0.4452138 91.84841 
  0.3640704 90.93677 
  0.3072355 90.48434 
  0.4019172 94.1677 
  0.6126301 95.11173 
  0.9443345 95.5873 
  0.9273604 95.11173 
  0.951169 94.1677 
  0.9249164 93.6992 
  0.8362514 93.23304 
  0.7062092 92.30766 
  -0.1431918 94.1677 
  -0.03905691 96.54556 
  0.356325 98.98344 
  -0.01509908 100.978 
  0.1525753 103.0128 
  0.2096552 105.0885 
  -0.2008625 107.2061 
  -0.1928772 109.3664 
  -0.01691956 111.5702 
  0.1351057 114.3874 
  -0.1169652 117.2759 
  -0.1061196 120.2372 
  0.2746743 122.6601 
  -0.00408212 125.1317 
  0.1512856 127.0181 
  0.2406746 128.9329 
  0.2881165 129.5776 
  0.362367 132.1886 
  0.8258265 135.5266 
  0.890151 134.1814 
  0.9379741 131.531 
  0.9081032 128.2915 
  0.9687087 125.1317 
  0.9902562 123.2734 
  0.9964857 123.2734 
  0.9948794 122.6601 
  0.9990186 123.2734 
  0.9987828 123.2734 
  0.9995068 123.2734 
  0.9985011 123.2734 
  0.9844272 124.5092 
  0.9696305 125.7574 
  0.9586748 127.6532 
  0.9826769 129.5776 
  0.9947107 130.8766 
  0.9908431 130.8766 
  0.9761657 130.2255 
  0.9329253 128.9329 
  0.8333957 128.2915 
  0.6722116 128.9329 
  0.2750651 130.2255 
  -0.01430807 130.8766 
  0.07030111 131.531 
  0.1426917 132.1886 
  0.07724573 132.8496 
  0.3381786 132.8496 
  0.3947475 133.5138 
  0.1923668 132.8496 
  -0.007576363 132.1886 
  0.04002104 130.8766 
  0.03823875 129.5776 
  -0.2684777 128.2915 
  0.2483746 127.0181 
  -0.3011442 125.7574 
  0.09147214 124.5092 
  0.2637965 122.6601 
  0.80387 122.0498 
  0.1699025 114.9594 
  0.4287493 110.4628 
  0.9409696 109.9132 
  0.9576591 110.4628 
  0.9626979 111.0151 
  0.9724661 111.0151 
  0.9698656 111.5702 
  0.9788198 112.6886 
  0.9128147 112.128 
  0.8203353 111.5702 
  0.7901294 109.9132 
  0.04191057 109.9132 
  -0.0477112 108.2809 
  0.07105715 106.6728 
  -0.1090569 105.0885 
  -0.1966082 103.5278 
  0.1105289 101.9903 
  0.01661198 100.4756 
  0.01237134 98.98344 
  -0.05513423 97.51342 
  0.6245267 96.06523 
  0.7619409 96.54556 
  0.6403332 99.47836 
  0.5330526 106.6728 
  0.8638857 109.9132 
  0.9777744 112.128 
  0.6465108 114.9594 
  0.7562026 113.8184 
  0.8286798 113.8184 
  0.9417741 112.6886 
  0.9562181 112.128 
  0.976687 111.0151 
  0.9714463 109.9132 
  0.9803792 109.9132 
  0.9883599 109.3664 
  0.9885456 109.3664 
  0.9830115 109.9132 
  0.9836609 109.9132 
  0.9851012 109.9132 
  0.9796179 109.9132 
  0.7748892 109.3664 
  0.587047 106.6728 
  0.2244357 107.7421 
  0.8812197 108.8223 
  0.9102722 110.4628 
  0.9694915 110.4628 
  0.987003 110.4628 
  0.9934366 109.9132 
  0.985367 109.3664 
  0.990172 109.3664 
  0.9814399 108.8223 
  0.9776402 108.8223 
  0.9846516 108.2809 
  0.9751937 109.3664 
  0.9745154 109.9132 
  0.9659825 111.0151 
  0.9635926 112.128 
  0.9869025 112.6886 
  0.9885154 113.2521 
  0.9714824 113.2521 
  0.9405608 112.6886 
  0.9187319 111.0151 
  0.7045993 108.2809 
  0.4283436 106.142 
  -0.1213978 103.5278 
  -0.02981665 101.4829 
  0.1788848 99.47836 
  0.2584954 97.51342 
  0.1591405 95.5873 
  0.0207229 93.6992 
  -0.2033355 91.84841 
  -0.3767805 90.03418 
  -0.01075909 88.25578 
  -0.2304155 86.51251 
  -0.03667324 84.80367 
  -0.0258823 83.12859 
  -0.05040967 81.4866 
  0.6545899 80.27641 
  0.4173041 81.4866 
  0.2163171 85.65383 
  0.7048217 86.51251 
  0.8117118 86.51251 
  0.7039391 86.0821 
  0.7059042 86.51251 
  0.5609237 88.25578 
  0.2303586 90.03418 
  -0.3093982 91.84841 
  0.1619714 93.6992 
  0.09336817 95.5873 
  0.02187876 97.51342 
  -0.05169624 99.47836 
  -0.06942664 101.4829 
  -0.04283044 103.5278 
  0.1042959 105.614 
  -0.03521922 107.7421 
  0.1487973 109.9132 
  0.02137495 112.128 
  0.06140301 114.3874 
  0.02218177 116.1118 
  0.03874892 117.8622 
  0.06773424 119.639 
  0.1742208 120.8384 
  0.5768611 119.0438 
  0.7920756 119.0438 
  0.9593351 118.4515 
  0.8623582 116.1118 
  0.844992 113.2521 
  0.9267833 109.9132 
  0.9397622 108.2809 
  0.9699633 106.142 
  0.985428 105.614 
  0.9916242 105.0885 
  0.9892806 105.614 
  0.9902316 106.142 
  0.9843723 106.142 
  0.983833 106.142 
  0.9837891 106.142 
  0.9843779 106.142 
  0.9758462 105.614 
  0.9777685 105.614 
  0.9899442 105.614 
  0.9935443 105.614 
  0.9925361 105.614 
  0.9940064 105.614 
  0.9810578 105.0885 
  0.9892272 104.5657 
  0.9782134 104.5657 
  0.8481152 104.0455 
  0.5821818 104.0455 
  0.1999999 101.9903 
  0.661396 94.1677 
  0.08658916 96.06523 
  0.20581 98.00098 
  -0.03167254 100.4756 
  -0.007102217 103.0128 
  0.06221006 105.0885 
  0.06412062 107.2061 
  0.08683086 108.2809 
  0.2631809 108.8223 
  0.4625374 107.7421 
  0.7227813 107.2061 
  0.5529811 106.142 
  0.5910209 101.4829 
  0.7797703 98.98344 
  0.7806828 97.02828 
  0.9221141 96.06523 
  0.894514 94.63854 
  0.8985461 93.23304 
  0.6846101 91.39146 
  0.8139879 89.58624 
  0.9404197 90.03418 
  0.8196315 90.48434 
  0.8395312 90.03418 
  0.8591056 89.14054 
  0.8840977 88.69706 
  0.8975545 87.8167 
  0.9303757 87.3798 
  0.9137781 86.0821 
  0.8130918 84.80367 
  0.6735258 83.96195 
  0.3253213 82.71502 
  0.09726577 82.3035 
  0.2042638 83.96195 
  0.3380221 85.2277 
  0.125715 86.51251 
  -0.1408083 87.8167 
  -0.1585965 89.14054 
  -0.2787077 90.48434 
  -0.2941659 91.84841 
  -0.08042159 93.23304 
  0.007987403 94.63854 
  -0.004769535 96.06523 
  0.216699 98.00098 
  0.1875987 98.491 
  0.2963958 98.491 
  0.2470473 98.491 
  0.1621213 98.00098 
  -0.0683971 98.00098 
  0.2133465 98.491 
  -0.01367231 98.00098 
  0.5120342 99.47836 
  0.7142807 99.47836 
  0.9342829 99.47836 
  0.9668472 99.47836 
  0.9805675 99.47836 
  0.968921 99.97575 
  0.9781057 100.4756 
  0.9716211 99.97575 
  0.9744229 99.97575 
  0.989868 99.47836 
  0.9603794 98.98344 
  0.9475695 98.00098 
  0.9755477 98.00098 
  0.9797344 97.51342 
  0.9841954 97.51342 
  0.9882335 98.00098 
  0.9819487 98.491 
  0.9838945 98.491 
  0.9497331 98.491 
  0.9103281 98.491 
  0.7490957 98.491 
  0.4978517 98.491 
  0.8737131 99.97575 
  0.9900503 100.4756 
  0.9949377 100.978 
  0.9924539 100.978 
  0.97163 100.978 
  0.8642415 101.4829 
  0.7383747 101.9903 
  0.3170699 103.0128 
  0.01310697 104.0455 
  -0.07057219 105.0885 
  -0.4459051 106.142 
  -0.1514178 107.2061 
  0.02187413 108.2809 
  0.1767252 109.3664 
  0.1001797 110.4628 
  0.06350095 111.5702 
  0.08106607 112.6886 
  -0.04959723 113.8184 
  0.1848422 114.9594 
  0.19447 116.1118 
  0.1056655 117.2759 
  0.7676991 116.1118 
  0.5802833 97.51342 
  0.7533642 97.02828 
  0.9413998 97.02828 
  0.7899553 96.06523 
  0.6950902 94.1677 
  0.784217 92.30766 
  0.8588676 90.48434 
  0.9259971 89.14054 
  0.9440515 87.8167 
  0.9377645 86.94508 
  0.9527603 86.0821 
  0.9347773 85.2277 
  0.9456936 83.96195 
  0.9417943 83.54424 
  0.9348158 82.71502 
  0.971331 81.89403 
  0.952676 81.4866 
  0.955898 81.08118 
  0.932406 80.6778 
  0.9597334 80.6778 
  0.9802873 80.27641 
  0.9085164 79.47963 
  0.9437691 78.69076 
  0.8345142 78.29926 
  0.7901583 77.90971 
  0.7318527 77.13642 
  0.953406 77.13642 
  0.9547985 77.13642 
  0.9368244 77.13642 
  0.884472 77.13642 
  0.8929761 77.13642 
  0.8511802 77.13642 
  0.8390007 77.13642 
  0.6469513 77.13642 
  0.4890692 77.13642 
  0.4620045 77.13642 
  0.5146652 77.13642 
  0.5126091 77.13642 
  0.1382775 77.13642 
  -0.0157058 77.13642 
  0.07960396 77.13642 
  0.07391112 77.13642 
  0.04609604 77.13642 
  -0.123215 77.13642 
  -0.08074355 77.13642 
  -0.07001612 77.13642 
  0.05323998 77.13642 ]
