 [
  -0.2334138 228.8026 
  -0.146363 228.8026 
  -0.2166989 228.8026 
  -0.1664795 228.8026 
  -0.2757326 228.8026 
  -0.1051421 228.8026 
  -0.03580851 228.8026 
  0.06751957 228.8026 
  -0.07171877 228.8026 
  0.001387908 228.8026 
  -0.05684546 228.8026 
  -0.1411541 228.8026 
  -0.2658426 228.8026 
  -0.1616214 228.8026 
  -0.0385859 228.8026 
  -0.1155862 228.8026 
  -0.2210317 228.8026 
  -0.2688302 228.8026 
  -0.2360613 228.8026 
  -0.4189231 228.8026 
  -0.4633775 228.8026 
  -0.3957673 228.8026 
  -0.2068682 228.8026 
  0.1423701 228.8026 
  0.1266381 228.8026 
  0.5316315 228.8026 
  0.8802937 232.2518 
  0.9547375 236.9318 
  0.992512 239.307 
  0.9962181 239.307 
  0.9886853 240.5036 
  0.9787405 245.3498 
  0.9917945 247.8095 
  0.9975153 249.0485 
  0.9983392 250.2938 
  0.9979994 250.2938 
  0.997158 250.2938 
  0.9952987 249.0485 
  0.9944576 247.8095 
  0.9961766 246.5766 
  0.995838 246.5766 
  0.9990215 245.3498 
  1.001693 244.1292 
  0.999898 244.1292 
  0.9959445 242.9146 
  0.9886885 241.7061 
  0.9833356 238.1164 
  0.9847804 233.4131 
  0.9957045 229.9466 
  0.9967295 228.8026 
  0.9990258 226.5316 
  0.9991207 225.4046 
  0.9922605 224.2832 
  0.9749317 223.1673 
  0.9507942 220.9523 
  0.9040793 213.3714 
  0.8154013 209.1568 
  0.5352803 207.0808 
  0.8344037 205.0254 
  0.9406791 208.1162 
  0.9614294 212.3098 
  0.9878057 213.3714 
  0.9969814 213.3714 
  0.9974176 212.3098 
  0.9989417 211.2535 
  0.9967058 211.2535 
  0.9841276 211.2535 
  0.9660894 210.2025 
  0.8796073 209.1568 
  0.4122342 209.1568 
  -0.02984764 209.1568 
  0.05835462 209.1568 
  0.06083278 208.1162 
  0.03144638 208.1162 
  0.0920088 208.1162 
  0.07057916 208.1162 
  0.01980314 207.0808 
  -0.1658848 206.0505 
  0.1274439 205.0254 
  0.4718252 202.9904 
  0.7900085 200.9756 
  0.9870819 200.9756 
  0.999506 200.9756 
  0.9989247 200.9756 
  0.9956328 200.9756 
  0.9892318 198.9809 
  0.9885774 196.0257 
  0.9817994 192.1537 
  0.9779544 188.3582 
  0.9706545 185.5609 
  0.9589667 182.8051 
  0.9544207 180.9906 
  0.9612442 180.0902 
  0.9754733 180.0902 
  0.9804609 180.9906 
  0.9759715 182.8051 
  0.9825202 185.5609 
  0.9892306 186.4887 
  0.9822944 185.5609 
  0.9598036 182.8051 
  0.9574091 180.0902 
  0.9811596 176.533 
  0.991192 174.7808 
  0.9905359 174.7808 
  0.9854009 173.046 
  0.9762679 172.185 
  0.9874312 171.3284 
  0.9962714 171.3284 
  0.9920636 172.185 
  0.9481214 173.046 
  0.9517129 174.7808 
  0.9632851 176.533 
  0.9863362 178.3027 
  0.9914901 180.9906 
  0.9940137 182.8051 
  0.9964397 184.6377 
  0.9975208 186.4887 
  0.9975932 187.4211 
  0.9925582 188.3582 
  0.9820211 189.3 
  0.966146 192.1537 
  0.9498963 194.0801 
  0.9434344 194.0801 
  0.9450729 193.1145 
  0.9772403 192.1537 
  0.9809875 192.1537 
  0.9849502 191.1978 
  0.9913676 191.1978 
  0.9932207 190.2465 
  0.9952425 190.2465 
  0.9965027 190.2465 
  0.9952608 191.1978 
  0.9927692 192.1537 
  0.9962697 192.1537 
  0.9972703 192.1537 
  0.9953681 192.1537 
  0.9930971 191.1978 
  0.9935542 191.1978 
  0.9930581 191.1978 
  0.9929585 191.1978 
  0.9934544 191.1978 
  0.9956394 191.1978 
  0.9932854 190.2465 
  0.9957477 190.2465 
  0.9915738 189.3 
  0.9066548 188.3582 
  0.8411171 187.4211 
  0.5590577 185.5609 
  0.8560317 184.6377 
  0.7461506 184.6377 
  0.9196033 184.6377 
  0.9541522 185.5609 
  0.9923854 184.6377 
  0.9919598 183.7191 
  0.9904789 181.8956 
  0.9889448 180.0902 
  0.993379 178.3027 
  0.9959381 178.3027 
  0.9991456 179.1942 
  0.9983969 179.1942 
  0.9992037 179.1942 
  1.000633 178.3027 
  0.9969469 177.4156 
  0.9872334 176.533 
  0.9788738 173.9112 
  0.9822934 171.3284 
  0.9812983 169.6279 
  0.9734694 167.9442 
  0.9702301 167.9442 
  0.9730185 168.784 
  0.9805021 170.476 
  0.9864122 173.046 
  0.9942955 173.9112 
  0.9976451 174.7808 
  0.9989694 174.7808 
  0.9970185 173.9112 
  0.9968404 173.046 
  0.9969514 173.046 
  0.9965588 173.046 
  0.9936914 173.046 
  0.9856486 174.7808 
  0.9777727 176.533 
  0.9657671 179.1942 
  0.9399436 180.9906 
  0.9441388 180.9906 
  0.9393159 180.9906 
  0.9775567 180.9906 
  0.9859957 180.9906 
  0.9932856 180.9906 
  0.9956747 180.9906 
  0.9967133 180.9906 
  0.9940439 180.9906 
  0.9947231 180.9906 
  0.9991389 180.0902 
  0.9949003 180.0902 
  0.9802908 180.0902 
  0.983612 180.9906 
  0.9845127 180.9906 
  0.983702 180.0902 
  0.9838085 179.1942 
  0.9898153 178.3027 
  0.9889763 177.4156 
  0.9909682 176.533 
  0.9709688 174.7808 
  0.9653077 173.046 
  0.9612562 169.6279 
  0.9392644 167.1087 
  0.9490205 163.8079 
  0.9483043 161.3751 
  0.9438638 159.7734 
  0.9131076 158.9785 
  0.5595084 159.7734 
  0.3319061 161.3751 
  0.8159842 162.9929 
  0.7760515 164.6269 
  0.8018596 166.2773 
  0.5454104 167.9442 
  0.8425972 169.6279 
  0.9232243 169.6279 
  0.9861156 169.6279 
  0.9929633 169.6279 
  0.9921216 170.476 
  0.9811762 171.3284 
  0.977885 173.046 
  0.8766564 175.6547 
  0.8946618 174.7808 
  0.9163815 174.7808 
  0.9787868 174.7808 
  0.9871505 175.6547 
  0.9736505 177.4156 
  0.9755855 178.3027 
  0.9885839 179.1942 
  0.9801475 180.0902 
  0.9821431 180.9906 
  0.9872289 181.8956 
  0.9916847 182.8051 
  0.9913021 182.8051 
  0.9853177 181.8956 
  0.9831683 180.9906 
  0.9823275 180.9906 
  0.9922974 180.0902 
  0.9921312 180.0902 
  0.9900127 179.1942 
  0.9833308 179.1942 
  0.9742841 178.3027 
  0.9616433 175.6547 
  0.9699656 174.7808 
  0.9846112 173.046 
  0.9710389 171.3284 
  0.948903 168.784 
  0.9574589 166.2773 
  0.9258593 163.8079 
  0.9199458 161.3751 
  0.9629394 158.9785 
  0.9001153 157.4006 
  0.7276812 156.6175 
  0.3295389 157.4006 
  0.1940116 157.4006 
  0.254715 156.6175 
  0.2621173 155.8383 
  0.380771 154.2915 
  0.4136763 152.0001 
  0.5317817 150.4914 
  0.421645 150.4914 
  0.1385649 150.4914 
  0.5717644 150.4914 
  0.8010333 150.4914 
  0.8115658 150.4914 
  0.8123105 150.4914 
  0.841959 150.4914 
  0.7636531 150.4914 
  0.3717788 150.4914 
  0.02469367 150.4914 
  0.1255723 150.4914 
  0.08287971 150.4914 
  -0.06066519 150.4914 
  -0.05875094 150.4914 
  0.06159229 150.4914 
  0.01163455 150.4914 
  0.03129095 150.4914 
  0.0008316836 150.4914 
  0.01484485 150.4914 
  -0.05925654 150.4914 
  -0.192114 150.4914 
  -0.3739651 150.4914 
  0.02272858 150.4914 
  0.1463346 150.4914 
  0.1147165 150.4914 
  -0.1139992 150.4914 
  -0.05045878 150.4914 
  0.05569074 150.4914 
  0.2014914 150.4914 
  0.0574807 150.4914 
  -0.0232028 150.4914 
  0.07061319 150.4914 
  0.2464481 150.4914 
  0.1228934 150.4914 ]
