 [
  -0.1192252 136.2042 
  -0.02932848 136.2042 
  -0.1925341 136.2042 
  -0.1903284 136.2042 
  -0.3004507 136.2042 
  -0.2585718 136.2042 
  -0.1583767 136.2042 
  0.09942784 136.2042 
  0.3190822 136.2042 
  -0.1830105 136.2042 
  0.1806505 136.2042 
  -0.004983421 136.2042 
  -0.174153 136.2042 
  -0.1136988 136.2042 
  -0.2186667 136.2042 
  0.02790062 136.2042 
  0.1400364 136.2042 
  -0.2228997 136.2042 
  -0.2299634 136.2042 
  -0.1417752 136.2042 
  0.0698801 136.2042 
  0.07664801 136.2042 
  0.09270866 136.2042 
  0.1119048 136.2042 
  0.09372975 136.2042 
  0.825116 134.8523 
  0.8669652 133.5138 
  0.8998417 132.1886 
  0.9485101 130.8766 
  0.9754322 130.2255 
  0.980779 129.5776 
  0.9767845 129.5776 
  0.9728203 129.5776 
  0.9719958 130.8766 
  0.9656816 131.531 
  0.9273655 133.5138 
  0.9304636 134.8523 
  0.8541439 137.5696 
  0.8939064 141.0434 
  0.9085512 141.7487 
  0.7654095 142.4574 
  0.9588022 143.8855 
  0.9877082 144.605 
  0.9858356 144.605 
  0.9913685 144.605 
  0.989657 143.8855 
  0.6358152 142.4574 
  0.809916 141.7487 
  0.8927904 139.6435 
  0.9569264 139.6435 
  0.9848775 138.9488 
  0.9765852 137.5696 
  0.9759363 136.8852 
  0.9875915 136.2042 
  0.9695895 135.5266 
  0.9508149 134.1814 
  0.9609641 132.8496 
  0.9440314 131.531 
  0.9606425 130.2255 
  0.8074612 128.9329 
  0.5983322 123.8897 
  0.6108199 119.0438 
  0.656756 113.8184 
  -0.1262231 113.8184 
  -0.008211598 116.1118 
  0.1228255 119.0438 
  0.2476087 121.4426 
  -0.2827201 124.5092 
  0.101857 127.6532 
  0.1824041 130.8766 
  0.0328046 134.1814 
  0.01558508 136.8852 
  0.06961285 139.6435 
  0.1876227 142.4574 
  0.1895461 144.605 
  0.7804486 146.0546 
  0.8564622 141.0434 
  0.9462202 140.3417 
  0.9873266 138.9488 
  0.9863355 138.2575 
  0.9881486 136.8852 
  0.9847344 135.5266 
  0.9391432 134.8523 
  0.8950572 131.531 
  0.8282813 127.6532 
  0.3376056 127.0181 
  -0.1009904 126.3862 
  0.03506102 125.7574 
  0.09024244 125.1317 
  0.09015144 125.1317 
  0.1242639 125.1317 
  0.06812391 124.5092 
  0.4136966 123.8897 
  0.369225 119.639 
  0.42792 114.9594 
  0.7200124 112.6886 
  0.7836093 111.0151 
  0.7855776 108.8223 
  0.5298117 107.7421 
  0.09751225 110.4628 
  0.6231223 111.5702 
  0.5887029 111.5702 
  0.5528215 111.0151 
  0.2589446 107.2061 
  0.4067141 103.5278 
  0.834374 100.4756 
  0.9330206 99.97575 
  0.9614271 99.47836 
  0.8793123 98.00098 
  0.9317555 97.51342 
  0.8769872 98.98344 
  0.9157771 100.4756 
  0.9689665 100.978 
  0.9734766 100.4756 
  0.9288048 100.978 
  0.9326611 102.5003 
  0.9609051 104.0455 
  0.9710311 105.614 
  0.9823774 106.6728 
  0.9635226 108.2809 
  0.9442137 110.4628 
  0.6832909 113.2521 
  0.5962396 114.3874 
  0.09262968 111.5702 
  0.1586686 106.142 
  0.3737583 101.4829 
  0.1999005 98.98344 
  0.2757267 98.00098 
  0.009341789 98.98344 
  0.2274563 100.978 
  0.3748776 103.5278 
  0.1068587 105.0885 
  0.2929511 108.8223 
  0.4264123 122.6601 
  0.8322767 122.0498 
  0.9630934 121.4426 
  0.9615806 121.4426 
  0.9704027 122.6601 
  0.967648 122.6601 
  0.9540398 122.0498 
  0.950244 120.8384 
  0.9223667 119.639 
  0.9553937 119.639 
  0.9748799 119.639 
  0.9858205 120.2372 
  0.9766271 120.8384 
  0.9863949 121.4426 
  0.9932472 121.4426 
  0.9870425 121.4426 
  0.9799271 121.4426 
  0.9763975 120.8384 
  0.9740044 119.639 
  0.9794838 119.0438 
  0.9859709 118.4515 
  0.992176 117.8622 
  0.9944145 117.2759 
  0.9973264 117.2759 
  0.9947941 116.6924 
  0.9971133 116.1118 
  0.9950438 115.5342 
  0.9920287 114.9594 
  0.9888484 114.3874 
  0.9802479 113.2521 
  0.9777393 112.128 
  0.9682751 113.2521 
  0.9755821 114.9594 
  0.9133718 116.1118 
  0.901466 116.1118 
  0.9500796 116.1118 
  0.9895796 114.9594 
  0.9822878 113.8184 
  0.9821446 113.2521 
  0.9924165 112.6886 
  0.9907247 112.128 
  0.9957677 112.128 
  0.9940195 112.128 
  0.9886449 112.6886 
  0.9896489 112.6886 
  0.9824607 112.128 
  0.9734244 111.5702 
  0.9648098 110.4628 
  0.9564683 109.3664 
  0.9156546 107.7421 
  0.8737684 106.142 
  0.8158953 105.0885 
  0.5200019 105.0885 
  0.1020996 106.142 
  0.1646574 107.7421 
  0.5209302 109.3664 
  0.6999226 111.0151 
  0.8738612 111.5702 
  0.9366058 111.0151 
  0.9784213 110.4628 
  0.9729555 109.3664 
  0.9826065 108.8223 
  0.975297 107.7421 
  0.9961947 106.6728 
  0.9744701 106.142 
  0.9590972 105.614 
  0.9616731 105.0885 
  0.9223771 104.5657 
  0.9142588 103.5278 
  0.7192752 104.0455 
  0.3503056 105.614 
  0.5581586 108.2809 
  0.7864037 111.5702 
  0.8455153 113.2521 
  0.8594366 113.8184 
  0.6367347 110.4628 
  0.8002019 110.4628 
  0.8952729 111.0151 
  0.8458405 111.5702 
  0.8693807 111.5702 
  0.9635485 112.128 
  0.9893493 111.5702 
  0.9684198 112.128 
  0.9731078 112.6886 
  0.9876067 113.2521 
  0.9749401 113.2521 
  0.9611344 113.2521 
  0.9558879 112.6886 
  0.9365364 111.5702 
  0.970327 111.0151 
  0.9631041 111.5702 
  0.9699655 112.128 
  0.9652512 112.128 
  0.8744593 111.0151 
  0.8692821 108.2809 
  0.8035981 105.614 
  0.8586417 103.0128 
  0.9554124 100.978 
  0.9509457 100.4756 
  0.9248741 100.978 
  0.945902 101.9903 
  0.8285733 104.0455 
  0.909004 105.0885 
  0.9217223 105.614 
  0.796605 104.0455 
  0.7111589 101.9903 
  0.5448444 101.4829 
  0.2417594 104.5657 
  0.02068686 107.7421 
  0.02789369 111.0151 
  0.2267788 114.3874 
  0.1165344 117.2759 
  0.08375178 120.2372 
  0.1449713 123.2734 
  -0.003355827 127.0181 
  0.8075234 128.9329 
  0.4914196 112.6886 
  0.7012861 112.6886 
  0.9345629 112.6886 
  0.937353 112.6886 
  0.9180261 112.6886 
  0.8498722 112.128 
  0.7221203 110.4628 
  0.7000628 107.7421 
  0.4762357 104.0455 
  -0.06106918 106.6728 
  -0.03526334 109.3664 
  -0.005353758 112.128 
  0.02673968 114.9594 
  0.4462926 117.8622 
  0.7207067 121.4426 
  0.575457 117.2759 
  0.6932632 116.1118 
  0.9842012 114.3874 
  0.9628712 114.3874 
  0.9550309 114.9594 
  0.930152 113.8184 
  0.8605415 112.6886 
  0.8394152 111.0151 
  0.9292638 109.9132 
  0.9700893 109.3664 
  0.9776886 109.3664 
  0.9686183 109.3664 
  0.9416986 110.4628 
  0.9160836 111.0151 
  0.888243 112.128 
  0.8680058 112.128 
  0.828341 112.128 
  0.8092957 111.5702 
  0.8194907 109.9132 
  0.8907354 108.2809 
  0.967926 109.9132 
  0.9769067 111.0151 
  0.9915998 112.128 
  0.9677058 111.5702 
  0.888121 109.9132 
  0.8275329 107.7421 
  0.5581999 106.6728 
  -0.1126348 106.142 
  -0.08959843 105.614 
  -0.08522211 105.0885 
  -0.0512128 104.5657 
  -0.121919 104.5657 
  -0.08318916 104.0455 
  0.1765169 103.5278 
  0.3489082 109.3664 
  0.6340309 111.5702 
  0.9491834 112.128 
  0.9709505 112.128 
  0.9447424 111.5702 
  0.817499 110.4628 
  0.631075 108.2809 
  0.5854095 106.142 
  0.01418801 105.614 
  -0.1111144 105.0885 
  0.3406636 104.5657 
  0.19565 104.0455 
  0.1678184 103.5278 
  0.6276084 103.0128 
  0.02851187 102.5003 
  0.09857225 101.4829 
  0.1440216 101.4829 
  0.2718186 101.9903 
  0.3525914 103.5278 
  0.690252 105.0885 
  0.9229728 106.142 
  0.9376132 106.6728 
  0.9350493 106.6728 
  0.8381345 106.6728 
  0.6008235 106.6728 
  0.1508941 106.6728 
  0.1739163 107.2061 
  0.06361642 107.7421 
  -0.04684262 108.2809 
  -0.06950936 108.8223 
  -0.07738668 108.8223 
  0.01895781 108.8223 
  0.3869691 109.3664 
  0.3073457 109.3664 
  0.4531287 107.2061 
  0.6775543 108.2809 
  0.8108011 107.7421 
  0.7316687 105.614 
  0.9165115 104.0455 
  0.9624486 104.0455 
  0.9453815 105.0885 
  0.9424969 106.142 
  0.9270796 105.614 
  0.9381369 104.5657 
  0.8852737 104.0455 
  0.8508954 104.0455 
  0.615912 104.0455 
  0.1002142 104.5657 
  0.09928636 104.5657 
  0.09886746 105.0885 
  -0.02578243 105.614 
  -0.06883679 105.614 
  -0.1280228 105.614 
  -0.01815138 105.614 
  0.1520767 105.614 
  0.2045005 106.142 
  -0.1691419 106.6728 
  -0.2815228 107.2061 
  -0.26245 107.2061 
  -0.1434609 107.2061 
  -0.00494984 107.2061 
  -0.2331977 107.2061 
  -0.3339791 107.2061 
  -0.234242 107.2061 
  0.2658524 107.2061 
  0.3321686 107.2061 
  0.2073982 107.2061 
  0.1836593 107.2061 
  0.1864083 107.2061 
  0.04387888 107.2061 
  0.0910026 107.2061 
  0.03770326 107.2061 
  -0.02470957 107.2061 
  -0.0714986 107.2061 
  -0.09610792 107.2061 
  0.07870169 107.2061 
  -0.0837291 107.2061 
  -0.1382396 107.2061 
  0.06309675 107.2061 
  0.1016182 107.2061 
  0.03129158 107.2061 
  0.08867875 107.2061 
  0.0318869 107.2061 
  0.04694833 107.2061 
  0.1676538 107.2061 
  0.05392376 107.2061 
  0.3010587 107.2061 ]
