 [
  -0.06203925 100.4756 
  -0.1903466 100.4756 
  -0.02893981 100.4756 
  0.02701091 100.4756 
  0.3136829 100.4756 
  0.01093128 100.4756 
  -0.1391233 100.4756 
  -0.2796384 100.4756 
  -0.09113307 100.4756 
  -0.06141307 100.4756 
  -0.03083071 100.4756 
  0.07612254 100.4756 
  -0.007920826 100.4756 
  0.234571 100.4756 
  0.515758 100.978 
  -0.1603758 105.0885 
  0.5538466 110.4628 
  0.925876 111.0151 
  0.9797727 109.9132 
  0.9800393 109.3664 
  0.9857048 109.9132 
  0.9788274 110.4628 
  0.95898 111.0151 
  0.9316059 110.4628 
  0.9282632 110.4628 
  0.9309989 112.128 
  0.9518098 113.2521 
  0.9449835 113.8184 
  0.903966 112.128 
  0.952395 111.5702 
  0.9612944 111.0151 
  0.8748362 109.3664 
  0.5884846 178.3027 
  0.7291285 256.614 
  0.7868986 247.8095 
  0.7047068 235.753 
  0.3053184 232.2518 
  0.007992461 231.0963 
  0.3639396 229.9466 
  0.4960591 228.8026 
  -0.4937082 227.6642 
  -0.1249355 225.4046 
  -0.1577164 223.1673 
  -0.02250155 220.9523 
  0.2351931 218.7592 
  0.2574341 216.5879 
  0.3576102 214.4382 
  0.5573394 214.4382 
  0.6196359 214.4382 
  0.6422589 219.853 
  0.7323658 224.2832 
  0.6059032 220.9523 
  0.5903832 217.6709 
  0.3655704 215.5104 
  0.1591808 212.3098 
  0.05121778 209.1568 
  -0.1429762 207.0808 
  0.612825 207.0808 
  0.756421 208.1162 
  0.8190191 208.1162 
  0.7213815 208.1162 
  0.5936993 205.0254 
  0.3316627 183.7191 
  0.2305351 162.182 
  0.3315547 158.1876 
  0.7363341 155.8383 
  0.07190262 152.7601 
  0.03909644 149.7427 
  0.3343495 147.5188 
  0.4405934 145.328 
  0.4313748 143.1697 
  0.385794 140.3417 
  0.2894321 136.8852 
  0.3410717 133.5138 
  0.2506316 129.5776 
  -0.03003181 125.7574 
  0.02866182 122.0498 
  -0.1045653 119.0438 
  -0.02415721 116.1118 
  0.1061325 113.2521 
  0.3630436 110.4628 
  0.69293 108.8223 
  0.8843365 108.8223 
  0.9245582 110.4628 
  0.9084724 113.2521 
  0.9264207 116.1118 
  0.9182733 119.639 
  0.9160139 123.8897 
  0.9351774 127.0181 
  0.9394957 130.2255 
  0.969826 132.1886 
  0.9871334 133.5138 
  0.9814934 135.5266 
  0.9631343 136.8852 
  0.9676229 138.9488 
  0.9811739 141.0434 
  0.9442713 142.4574 
  0.940201 145.328 
  0.9804736 147.5188 
  0.9704254 148.9977 
  0.9761155 148.9977 
  0.9476004 149.7427 
  0.8300213 147.5188 
  0.4636833 145.328 
  0.04648736 143.8855 
  0.1707995 142.4574 
  0.05982662 141.7487 
  0.0282032 141.0434 
  -0.09095985 139.6435 
  0.03664591 138.2575 
  -0.158789 136.8852 
  -0.0002095979 135.5266 
  0.04834947 134.1814 
  0.1708637 132.8496 
  0.2270389 131.531 
  -0.001437772 130.2255 
  0.1960582 128.9329 
  -0.07208741 127.6532 
  0.1394323 126.3862 
  0.0390055 125.1317 
  -0.1005558 123.8897 
  -0.1204724 122.6601 
  -0.2398205 121.4426 
  -0.07289758 120.2372 
  -0.1486163 119.0438 
  -0.104916 117.8622 
  0.03070222 116.6924 
  0.1614528 115.5342 
  0.06898554 114.3874 
  -0.06002472 113.2521 
  0.06812385 112.128 
  0.1025803 111.0151 
  0.04416565 110.4628 
  0.1930308 109.9132 
  0.1712905 109.3664 
  0.05961451 108.8223 
  -0.05181442 108.2809 
  0.04041151 107.7421 
  0.1046474 107.2061 
  0.2546332 106.6728 
  -0.2020702 106.142 
  -0.08382264 105.614 
  0.09247819 104.5657 
  0.07682687 103.5278 
  0.1648658 101.9903 
  -0.1076868 100.4756 
  0.1931866 98.98344 
  0.6683609 98.00098 
  0.3977958 97.51342 
  0.02703007 97.02828 
  0.3599489 95.11173 
  0.4998122 95.5873 
  0.5928333 98.491 
  0.6993825 101.4829 
  0.8704613 104.0455 
  0.7538865 104.0455 
  0.7408359 101.9903 
  0.8775197 100.4756 
  0.7439513 99.97575 
  0.6220648 98.00098 
  0.1395498 97.02828 
  0.8505362 99.47836 
  0.9708983 98.98344 
  0.8507739 99.47836 
  0.7686074 100.4756 
  0.7339121 100.4756 
  0.6640589 99.97575 
  0.4209636 99.97575 
  0.3726676 100.978 
  0.1832532 101.9903 
  0.4611963 103.0128 
  0.3721792 104.0455 
  0.4199184 105.614 
  0.5362558 108.8223 
  0.7977382 111.5702 
  0.8952795 112.6886 
  0.9388385 112.6886 
  0.98082 112.6886 
  0.9769405 112.6886 
  0.9816312 112.128 
  0.9885661 112.128 
  0.9887398 112.128 
  0.9879371 112.128 
  0.9712038 112.128 
  0.983489 112.6886 
  0.9850147 112.6886 
  0.9853058 112.6886 
  0.9829564 112.6886 
  0.984713 113.2521 
  0.9566633 113.8184 
  0.9812905 114.3874 
  0.9783833 114.9594 
  0.9753771 115.5342 
  0.9454107 114.9594 
  0.9003308 113.8184 
  0.8794733 112.128 
  0.9237314 109.9132 
  0.9095279 107.7421 
  0.7564497 106.6728 
  0.4019555 106.142 
  0.1631435 105.614 
  0.3617391 105.614 
  0.1959562 105.614 
  0.7080465 106.142 
  0.7034602 103.0128 
  0.8053483 99.97575 
  0.7006108 97.51342 
  0.5581235 95.11173 
  0.3112739 94.1677 
  0.5265352 93.6992 
  0.8496753 93.23304 
  0.8611485 91.84841 
  0.6835281 93.23304 
  0.330733 91.39146 
  0.4684063 91.39146 
  0.6801199 89.14054 
  0.9186542 87.3798 
  0.8446243 86.51251 
  0.7671776 84.80367 
  0.9042727 83.96195 
  0.8194906 83.96195 
  0.7008987 83.54424 
  0.630311 82.71502 
  -0.1016539 83.96195 
  0.1126665 84.80367 
  -0.03156301 86.0821 
  0.2353039 87.3798 
  0.1532712 88.69706 
  0.05419622 89.58624 
  0.04463245 90.48434 
  -0.005236891 91.84841 
  0.1148859 93.23304 
  0.3807769 94.63854 
  0.5790744 96.06523 
  0.5967671 97.51342 
  0.4101496 98.98344 
  0.3219084 100.4756 
  0.3252871 101.9903 
  0.5779263 103.5278 
  0.8491788 105.0885 
  0.8891828 107.2061 
  0.9107616 108.2809 
  0.928153 109.3664 
  0.9273427 109.9132 
  0.9359965 109.9132 
  0.883564 111.0151 
  0.7801489 113.8184 
  0.8530166 116.6924 
  0.9752551 118.4515 
  0.9572448 118.4515 
  0.60789 116.1118 
  0.7248601 109.3664 
  0.5736883 107.2061 
  0.1921339 107.7421 
  0.1291913 109.3664 
  0.1183565 111.0151 
  -0.05780125 112.6886 
  -0.07349654 114.3874 
  -0.06342484 116.1118 
  -0.1246345 117.8622 
  -0.02013593 119.639 
  -0.02205765 121.4426 
  0.01963722 122.6601 
  0.02602253 123.8897 
  -0.01454053 124.5092 
  0.1409888 124.5092 
  -0.01080191 124.5092 
  0.7086805 123.8897 
  0.8217546 121.4426 
  0.9421347 119.639 
  0.9663877 117.8622 
  0.8858659 116.1118 
  0.8645101 113.2521 
  0.9526339 109.9132 
  0.8935083 107.7421 
  0.7886961 106.6728 
  0.7218408 106.142 
  0.6475636 105.614 
  0.3022462 105.0885 
  0.1228448 105.0885 
  0.3511957 105.0885 
  0.2678175 104.5657 
  0.1688957 103.5278 
  0.6525089 101.9903 
  0.9173321 100.978 
  0.9467931 99.97575 
  0.9611588 99.47836 
  0.9515485 99.47836 
  0.9235303 99.47836 
  0.8589856 98.491 
  0.9075904 97.02828 
  0.9384816 96.06523 
  0.9557612 96.06523 
  0.9767846 96.54556 
  0.9818143 97.02828 
  0.9897138 97.02828 
  0.9787391 96.54556 
  0.9679091 96.06523 
  0.9453865 96.06523 
  0.8751935 95.11173 
  0.8923665 95.11173 
  0.8764803 95.11173 
  0.8822608 96.54556 
  0.9078299 97.51342 
  0.952391 98.491 
  0.9658486 98.98344 
  0.9579404 99.47836 
  0.9271247 100.4756 
  0.8051814 102.5003 
  0.8304605 104.5657 
  0.8717799 106.142 
  0.8670664 107.7421 
  0.9690089 108.8223 
  0.9806297 109.3664 
  0.9580539 109.3664 
  0.7524195 109.3664 
  0.576099 107.7421 
  0.5525051 107.7421 
  0.9429615 106.142 
  0.8978256 104.5657 
  0.901627 104.0455 
  0.9056555 103.5278 
  0.841776 101.9903 
  0.82682 99.47836 
  0.6865291 97.02828 
  0.7485059 93.23304 
  0.09665866 90.93677 
  0.3304102 89.58624 
  0.06980187 88.25578 
  0.03368234 86.94508 
  -0.07111479 85.65383 
  0.01553154 84.38177 
  -0.0001439014 83.12859 
  0.04998352 81.89403 
  0.08124702 81.08118 
  0.126131 79.87703 
  -0.02193616 78.69076 
  0.2484166 77.5221 
  0.2234954 76.3708 
  0.3840708 79.47963 
  0.5995291 80.6778 
  0.9520445 81.08118 
  0.9828013 81.4866 
  0.9834926 81.08118 
  0.9824224 80.6778 
  0.9833091 80.6778 
  0.9796223 80.27641 
  0.9806819 80.6778 
  0.9880511 81.08118 
  0.989549 81.4866 
  0.9738927 81.89403 
  0.9607725 82.3035 
  0.9215598 82.71502 
  0.7359228 83.12859 
  0.5012786 83.54424 
  0.2990985 83.96195 
  -0.3934314 84.38177 
  -0.2038338 84.80367 
  -0.1569658 85.2277 
  0.296 85.65383 
  0.2353387 86.0821 
  0.2667604 86.51251 
  0.2542579 86.94508 
  0.1493523 87.3798 
  0.02504534 87.8167 
  -0.06207373 88.25578 
  -0.1743098 88.69706 
  -0.1370886 89.14054 
  0.1038913 89.58624 
  0.05389387 90.03418 
  0.1005372 90.48434 
  0.1247784 90.93677 
  0.2740032 91.39146 
  0.2766263 91.84841 
  0.04205185 92.30766 
  -0.1912049 92.7692 
  -0.1638893 93.23304 
  0.06082724 93.6992 
  0.1396609 94.1677 
  -0.01188051 94.63854 
  -0.04722034 95.11173 
  -0.08815641 96.06523 
  -0.09981351 96.54556 
  0.1457677 97.02828 
  0.1959551 97.51342 
  0.2120112 98.491 
  0.03441787 99.47836 
  -0.09639236 100.4756 
  -0.1509167 101.4829 
  -0.02881164 102.5003 
  -0.005968445 103.5278 
  0.09630565 104.5657 
  0.2454514 105.614 
  0.02857733 106.142 
  -0.2005926 106.6728 
  -0.1032621 107.2061 
  0.1180916 107.7421 
  -0.01035766 108.8223 
  -0.1955564 109.9132 
  -0.1739591 111.0151 
  -0.03535439 112.128 
  0.1643059 113.2521 
  -0.1609581 114.3874 
  0.123099 115.5342 
  0.03381451 116.6924 
  -0.2107436 117.8622 
  0.09556998 119.0438 
  0.3717391 120.2372 
  0.13097 121.4426 
  -0.009031066 122.0498 
  0.6761113 122.6601 
  0.2721298 112.128 
  0.5647762 108.8223 
  0.9223636 107.7421 
  0.9669308 107.2061 
  0.949071 106.6728 
  0.8813389 105.0885 
  0.8049096 103.0128 
  0.745158 99.47836 
  0.6124899 97.02828 
  0.3555015 98.00098 
  -0.1105482 98.491 
  -0.0180249 98.98344 
  -0.1091878 99.47836 
  -0.0842237 99.97575 
  -0.008831827 100.4756 
  0.01518603 100.978 
  0.1376716 101.4829 
  0.1072862 101.9903 
  0.05251011 102.5003 
  -0.180004 103.0128 
  -0.004108309 103.5278 
  0.168852 104.0455 
  0.237689 104.5657 
  0.2138505 105.0885 
  0.2510634 105.614 
  0.2891316 106.6728 
  0.04190665 107.7421 
  -0.2339427 109.3664 
  0.2700614 111.0151 
  0.6788968 112.6886 
  0.8598564 113.2521 
  0.960404 113.2521 
  0.9604205 112.6886 
  0.9561308 111.5702 
  0.9244151 110.4628 
  0.8961595 108.8223 
  0.9057552 106.6728 
  0.9160085 104.5657 
  0.7727553 103.0128 
  0.5717024 99.97575 
  0.7748032 102.5003 
  0.985359 103.0128 
  0.9931833 102.5003 
  0.9709315 101.4829 
  0.9917406 100.4756 
  0.9842861 99.97575 
  0.8097725 98.98344 
  0.5019217 98.00098 
  -0.01328643 98.00098 
  0.2164605 98.00098 
  0.2726861 98.00098 
  0.01171329 97.51342 
  0.6534093 102.5003 
  0.8823436 100.978 
  0.9737532 99.97575 
  0.984701 98.98344 
  0.9920775 98.491 
  0.9813909 98.00098 
  0.9767482 96.54556 
  0.9942812 95.5873 
  0.9930394 94.63854 
  0.9922742 94.1677 
  0.9948378 94.1677 
  0.9819883 93.6992 
  0.9893504 93.23304 
  0.9883745 92.7692 
  0.98105 92.7692 
  0.9493194 92.30766 
  0.8950987 91.39146 
  0.819582 90.03418 
  0.6304071 86.51251 
  0.7196369 84.38177 
  0.4668415 83.96195 
  0.6394459 84.38177 
  0.005445455 85.65383 
  -0.1835464 87.3798 
  -0.06223462 89.14054 
  0.02425342 90.93677 
  -0.1188309 92.30766 
  -0.0380096 93.6992 
  -0.03854492 95.5873 
  -0.0624362 97.51342 
  -0.01874707 99.47836 
  0.2452063 100.978 
  0.2483553 103.0128 
  0.02153811 105.0885 
  0.1623158 107.2061 
  0.10998 109.3664 
  0.09160948 111.0151 
  0.1690286 112.6886 
  0.3448014 114.3874 
  0.03137391 116.1118 
  -0.06241468 118.4515 
  -0.07855304 120.8384 
  -0.183425 122.6601 
  0.2382801 125.1317 
  0.5007875 127.6532 
  0.1600692 130.2255 
  -0.01666209 132.1886 
  0.0114327 134.1814 
  0.07363325 136.8852 
  0.09170538 139.6435 
  0.4331654 142.4574 
  0.7326635 126.3862 
  0.9179173 126.3862 
  0.9909729 127.0181 
  0.9856281 127.0181 
  0.9823648 128.2915 
  0.9928244 128.9329 
  0.9892233 129.5776 
  0.9828101 130.8766 
  0.9862125 130.8766 
  0.9840215 130.8766 
  0.9693277 129.5776 
  0.9793313 128.2915 
  0.9856804 127.6532 
  0.9831517 127.6532 
  0.9825449 128.2915 
  0.9920595 127.6532 
  0.9958289 127.6532 
  0.9968896 127.6532 
  0.993742 127.6532 
  0.993215 127.0181 
  0.991688 127.0181 
  0.9795793 127.0181 
  0.9845803 127.6532 
  0.9813738 127.0181 
  0.990925 126.3862 
  0.988865 127.0181 
  0.9926836 127.0181 
  0.9509972 126.3862 
  0.8517151 125.1317 
  0.8376669 119.0438 
  0.5469465 114.9594 
  -0.06924328 112.128 
  0.3693051 109.9132 
  0.03368028 108.2809 
  -0.01362559 106.6728 
  0.1689958 105.0885 
  0.2133704 103.5278 
  0.3240665 102.5003 
  0.3839213 101.9903 
  -0.1328303 101.4829 
  0.04707462 100.978 
  0.2398491 100.4756 
  -0.2408928 99.97575 
  -0.05942561 99.47836 
  0.2628644 98.98344 
  0.364107 98.491 
  0.2092731 98.00098 
  -0.1171609 97.51342 
  0.05037712 97.02828 
  -0.04946916 97.02828 
  0.2149819 96.54556 
  0.1670074 96.54556 
  -0.2121662 96.54556 
  0.1351384 96.54556 
  0.1239526 96.06523 
  0.3084992 95.5873 
  0.02329675 95.11173 
  0.1233066 94.63854 
  0.1717952 94.1677 
  0.4184013 93.6992 
  0.1690414 93.23304 
  0.1697079 92.30766 
  -0.3025758 91.39146 
  0.1625239 90.93677 
  -0.1589274 90.48434 
  -0.2816017 90.03418 
  -0.06691453 89.14054 
  0.09426796 88.25578 
  -0.3254175 87.8167 
  -0.1546098 87.3798 
  -0.4023842 86.94508 
  -0.08681402 86.51251 
  0.7522907 85.65383 
  0.2281794 90.48434 
  0.3914954 94.1677 
  0.7424627 95.11173 
  0.7744829 97.51342 
  0.7395975 100.4756 
  0.9140856 101.4829 
  0.9630849 101.4829 
  0.9731652 101.4829 
  0.9791528 100.978 
  0.9588938 101.4829 
  0.959812 102.5003 
  0.9831997 103.0128 
  0.9791449 103.0128 
  0.8671597 103.0128 
  0.8007771 101.9903 
  0.7037483 99.97575 
  0.9037979 101.4829 
  0.9800219 101.9903 
  0.9877214 101.4829 
  0.9924799 100.978 
  0.9963893 100.978 
  0.9968054 100.978 
  0.9949254 100.4756 
  0.995878 99.97575 
  0.988076 99.47836 
  0.9893368 98.98344 
  0.986524 98.98344 
  0.9887727 98.98344 
  0.9915529 98.98344 
  0.9985912 98.98344 
  0.989659 99.47836 
  0.592333 101.4829 
  0.7684973 100.978 
  0.8176801 100.4756 
  0.9441532 100.4756 
  0.9764947 100.4756 
  0.9789099 100.4756 
  0.975691 99.97575 
  0.9770462 99.97575 
  0.9730929 99.97575 
  0.9454033 100.4756 
  0.979848 100.978 
  0.9822276 100.978 
  0.9666846 100.4756 
  0.9059008 99.47836 
  0.820254 98.00098 
  0.8033257 96.54556 
  0.6633925 94.63854 
  0.4618452 93.23304 
  0.4656481 89.58624 
  0.8487694 87.3798 
  0.7333237 84.80367 
  0.7940067 82.71502 
  0.7569131 81.08118 
  0.9089345 79.87703 
  0.9367124 79.87703 
  0.9361435 79.87703 
  0.9879987 79.47963 
  0.9786957 79.87703 
  0.9551513 79.87703 
  0.9484871 79.87703 
  0.9750845 79.47963 
  0.9742888 79.47963 
  0.8383936 78.69076 
  0.7335182 77.5221 
  0.6909604 76.75266 
  0.5738754 75.99085 
  0.7319783 76.3708 
  0.9113057 76.3708 
  0.9235466 76.75266 
  0.9585181 77.13642 
  0.8849914 77.5221 
  0.7508973 78.29926 
  0.6753033 79.08421 
  0.7057105 79.47963 
  0.709156 79.87703 
  0.5950156 79.87703 
  0.3392878 79.87703 
  0.3171514 79.87703 
  0.1187628 79.87703 
  0.1489596 79.87703 
  0.05670801 79.87703 ]
