 [
  -0.301331 114.9594 
  -0.3599115 114.9594 
  -0.244141 114.9594 
  -0.001281381 114.9594 
  -0.03686899 114.9594 
  0.04353005 114.9594 
  0.01204407 114.9594 
  -0.04713803 114.9594 
  0.0446044 114.9594 
  -0.1799532 114.9594 
  -0.2241199 114.9594 
  0.09292318 114.9594 
  0.2580779 114.3874 
  0.4141895 114.9594 
  0.1376917 115.5342 
  0.3783165 127.6532 
  0.8856803 128.2915 
  0.4954752 128.9329 
  0.2687963 130.8766 
  -0.0324707 132.8496 
  0.003296252 134.8523 
  0.01204769 136.8852 
  0.1077533 138.2575 
  0.05297896 139.6435 
  0.221365 141.0434 
  0.7087438 141.7487 
  0.7847083 143.8855 
  0.9404022 143.8855 
  0.967389 144.605 
  0.9832547 144.605 
  0.9805796 144.605 
  0.9873191 144.605 
  0.9557406 143.8855 
  0.9243271 143.8855 
  0.7213192 141.7487 
  0.3601938 139.6435 
  0.7842338 130.8766 
  0.6692312 129.5776 
  0.2068051 116.6924 
  0.47622 117.8622 
  0.3930932 119.639 
  0.893584 122.0498 
  0.953875 123.2734 
  0.9619438 124.5092 
  0.9259518 125.7574 
  0.7991787 128.2915 
  0.9024397 130.8766 
  0.9644027 132.8496 
  0.7253112 134.8523 
  0.5953614 134.8523 
  0.7250069 134.8523 
  0.9266611 134.1814 
  0.9794291 134.1814 
  0.991569 133.5138 
  0.9908475 132.8496 
  0.9886365 133.5138 
  0.9810449 133.5138 
  0.9819514 133.5138 
  0.9885563 132.8496 
  0.9869238 132.8496 
  0.9937428 133.5138 
  0.9930761 134.1814 
  0.992839 134.1814 
  0.9938321 133.5138 
  0.9666897 132.8496 
  0.9812222 132.1886 
  0.9318162 131.531 
  0.8622721 131.531 
  0.5500638 132.1886 
  0.903449 134.1814 
  0.9362391 134.1814 
  0.8515717 133.5138 
  0.7688596 132.1886 
  0.7727653 130.2255 
  0.761777 127.6532 
  0.6250861 126.3862 
  0.5149537 125.1317 
  0.6097441 125.7574 
  0.6121225 127.0181 
  0.4351379 130.8766 
  0.48714 136.8852 
  0.8636476 139.6435 
  0.890333 138.2575 
  0.6800637 132.1886 
  0.8288603 129.5776 
  0.8734014 127.6532 
  0.8994463 125.7574 
  0.9590126 123.2734 
  0.9629649 122.6601 
  0.9556773 123.2734 
  0.950592 123.2734 
  0.9595451 123.2734 
  0.9691017 122.0498 
  0.9562179 121.4426 
  0.9630337 120.2372 
  0.9802265 119.639 
  0.9819972 119.0438 
  0.976472 119.0438 
  0.892396 119.639 
  0.7865499 120.8384 
  0.7708372 122.6601 
  0.2142317 123.8897 
  -0.0979462 125.1317 
  0.1121107 126.3862 
  0.2819636 127.6532 
  0.2251787 128.9329 
  0.09050517 130.2255 
  -0.192571 131.531 
  -0.1438786 132.8496 
  -0.03182519 134.1814 
  0.00529288 135.5266 
  0.03474433 136.8852 
  0.2359402 137.5696 
  0.05681399 138.9488 
  0.01029513 140.3417 
  -0.04055158 141.7487 
  -0.05272195 142.4574 
  -0.01968618 142.4574 
  0.6935927 141.0434 
  0.8337448 141.7487 
  0.8278126 139.6435 
  0.8309209 137.5696 
  0.9523442 135.5266 
  0.9355505 134.1814 
  0.942185 132.1886 
  0.9101856 130.8766 
  0.9039912 129.5776 
  0.7817481 131.531 
  0.9008257 134.1814 
  0.95872 135.5266 
  0.9575698 135.5266 
  0.9378546 134.8523 
  0.9398379 132.8496 
  0.9553928 131.531 
  0.9751214 130.2255 
  0.9880587 129.5776 
  0.9931622 128.9329 
  0.9910973 128.2915 
  0.9713024 127.6532 
  0.9303396 127.0181 
  0.9008495 124.5092 
  0.8079549 123.8897 
  0.7782198 123.2734 
  0.9755671 122.6601 
  0.9517779 122.0498 
  0.9345197 121.4426 
  0.8741246 120.2372 
  0.7610228 119.0438 
  -0.05140777 117.2759 
  0.3686538 115.5342 
  0.6444958 124.5092 
  0.8644865 125.1317 
  0.9746033 125.7574 
  0.9767128 125.7574 
  0.9761723 125.7574 
  0.97613 125.1317 
  0.9803491 124.5092 
  0.9872816 124.5092 
  0.988874 123.8897 
  0.9902792 123.8897 
  0.9891945 123.8897 
  0.9917169 123.8897 
  0.9943548 123.8897 
  0.9870956 123.8897 
  0.9885194 123.8897 
  0.9884085 123.8897 
  0.9900818 123.2734 
  0.9922189 123.2734 
  0.9853989 123.2734 
  0.978739 122.6601 
  0.962634 122.0498 
  0.9312682 122.0498 
  0.9665043 122.0498 
  0.9957061 122.0498 
  0.9890828 121.4426 
  0.9807177 121.4426 
  0.8460414 121.4426 
  0.9090043 121.4426 
  0.9409784 120.8384 
  0.8951262 119.639 
  0.9321874 119.0438 
  0.8111579 121.4426 
  0.9188072 123.2734 
  0.9333259 122.6601 
  0.9642264 122.0498 
  0.9623423 122.0498 
  0.9645601 122.6601 
  0.9593371 122.0498 
  0.9413102 121.4426 
  0.9468449 120.8384 
  0.905039 122.0498 
  0.9449871 123.2734 
  0.9689452 124.5092 
  0.9615579 125.1317 
  0.8643104 125.1317 
  0.752982 122.0498 
  0.6969853 122.6601 
  0.37026 123.8897 
  0.1977015 124.5092 
  0.2547501 124.5092 
  0.08834356 123.8897 
  0.03002395 123.2734 
  -0.1657184 122.6601 
  0.08735216 122.0498 
  -0.03762253 122.0498 
  0.09642238 121.4426 
  0.3608746 120.8384 
  0.7419996 120.8384 
  0.9551905 120.8384 
  0.981361 120.8384 
  0.9784424 120.8384 
  0.9182342 120.8384 
  0.6288967 120.8384 
  0.2251448 120.8384 
  0.05454709 120.8384 
  0.06584471 120.8384 
  -0.04583193 120.8384 
  0.07156095 120.8384 
  0.0833704 120.8384 
  0.2730396 120.8384 
  0.2498211 120.8384 
  0.1437935 120.2372 
  -0.1232052 119.639 
  0.1996334 119.639 
  0.5328183 119.639 
  0.5887581 122.0498 
  0.8101945 122.6601 
  0.9495206 123.8897 
  0.9822928 123.8897 
  0.9812206 123.8897 
  0.978233 123.8897 
  0.9850411 123.2734 
  0.9847668 122.6601 
  0.9896044 122.0498 
  0.990339 122.0498 
  0.9846601 121.4426 
  0.9556153 122.0498 
  0.9331706 122.6601 
  0.9887812 124.5092 
  0.983883 124.5092 
  0.9609707 124.5092 
  0.9446884 125.1317 
  0.934341 125.7574 
  0.9728826 125.7574 
  0.9030112 125.7574 
  0.7894732 125.7574 
  0.2721796 125.7574 
  0.09879724 125.7574 
  0.05239879 125.7574 
  -0.2259652 125.7574 
  0.02198494 125.7574 
  0.1813464 125.7574 
  0.2671268 125.7574 
  0.1329273 125.7574 
  0.05520684 126.3862 
  0.2494458 127.0181 
  0.1747082 127.0181 
  0.2492386 125.7574 
  0.2598065 124.5092 
  0.4347721 122.6601 
  -0.05069003 121.4426 
  0.008919684 120.8384 
  0.2770342 121.4426 
  0.7052097 122.6601 
  0.9468888 123.2734 
  0.9193984 123.2734 
  0.8784202 123.2734 
  0.7061862 123.8897 
  0.4173751 125.1317 
  0.1080327 123.2734 
  -0.04891478 122.0498 
  0.06461152 120.8384 
  0.2594616 120.2372 
  0.4592777 120.2372 
  0.5864368 120.2372 
  0.2856619 119.639 
  0.01406978 120.8384 
  0.6681628 123.8897 
  0.6305637 122.0498 
  0.7292191 119.0438 
  0.9371877 117.2759 
  0.9752694 117.8622 
  0.9484862 117.8622 
  0.8275046 120.2372 
  0.910709 121.4426 
  0.9403294 121.4426 
  0.9415537 122.0498 
  0.9153668 122.0498 
  0.9273214 120.2372 
  0.8510667 119.0438 
  0.7773986 118.4515 
  0.1649844 119.0438 
  0.1631992 119.639 
  0.007050673 120.2372 
  -0.2230158 120.8384 
  -0.1391361 121.4426 
  -0.05934186 122.0498 
  0.1503584 122.6601 
  0.009736806 123.2734 
  0.1407916 123.8897 
  0.2477089 124.5092 
  -0.1138084 125.1317 
  -0.1439393 125.7574 
  -0.2360607 126.3862 
  -0.1953397 127.0181 
  -0.05496212 127.6532 
  -0.07966602 128.2915 
  -0.3128333 128.9329 
  -0.2874407 129.5776 
  -0.2783321 130.2255 
  -0.07121398 130.8766 
  0.02685198 131.531 
  0.03615109 132.1886 
  0.1425981 132.8496 
  0.02983106 132.8496 
  0.1110278 132.8496 
  -0.002308637 132.8496 
  -0.07247165 132.8496 
  0.04478595 132.8496 
  0.227043 132.8496 
  0.2157622 132.8496 
  0.09705096 132.8496 
  0.1692066 132.8496 
  0.5499938 132.8496 
  0.6184413 132.1886 
  0.5350983 131.531 
  0.3424032 128.9329 
  0.7096462 125.1317 
  0.7046103 125.1317 
  0.6517549 122.6601 
  0.8541953 120.2372 
  0.9472062 121.4426 
  0.9681507 120.2372 
  0.9588208 120.8384 
  0.934575 122.0498 
  0.942708 123.2734 
  0.9331903 122.6601 
  0.8356367 122.0498 
  0.3295352 122.0498 
  0.3202792 121.4426 
  0.3414312 120.8384 
  0.5579762 120.2372 
  0.3051377 119.0438 
  0.509887 114.9594 
  0.6066465 119.0438 
  0.8422593 118.4515 
  0.882349 117.2759 
  0.7661193 116.6924 
  0.6019824 120.2372 
  0.9375955 122.0498 
  0.9473294 123.2734 
  0.9476186 123.2734 
  0.9485341 123.2734 
  0.9624002 122.6601 
  0.8626981 121.4426 
  0.9516296 119.639 
  0.9408613 119.0438 
  0.9604083 118.4515 
  0.949114 118.4515 
  0.9581569 118.4515 
  0.9686195 117.8622 
  0.9502801 117.2759 
  0.8979464 117.2759 
  0.8210408 117.2759 
  0.582085 118.4515 
  0.3926987 120.2372 
  0.2719642 121.4426 
  -0.1594654 123.2734 
  0.1791589 124.5092 
  0.06461509 125.7574 
  0.2073131 127.0181 
  -0.02968907 128.9329 
  0.01727213 130.2255 
  0.1179819 131.531 
  0.1719396 132.8496 
  0.2456436 134.1814 
  0.5847514 135.5266 
  0.5514118 132.8496 
  0.6128986 128.9329 
  0.8602613 127.0181 
  0.9487077 125.7574 
  0.9744251 124.5092 
  0.9704453 123.8897 
  0.9780957 122.6601 
  0.9735538 122.0498 
  0.9513502 120.8384 
  0.927853 120.2372 
  0.9543724 119.639 
  0.9874436 119.639 
  0.9683707 119.639 
  0.8671085 120.2372 
  0.8071585 120.8384 
  0.6966507 121.4426 
  0.6466393 121.4426 
  0.7042536 122.0498 
  0.8436177 122.6601 
  0.9750785 122.6601 
  0.9360096 122.0498 
  0.8981226 122.0498 
  0.8403116 122.6601 
  0.8562098 123.8897 
  0.8488604 125.1317 
  0.8163763 123.2734 
  0.8825805 121.4426 
  0.9146262 120.2372 
  0.8652692 120.2372 
  0.7538258 120.8384 
  0.9232441 122.0498 
  0.9701908 123.2734 
  0.9881475 124.5092 
  0.9053498 125.7574 
  0.9078717 126.3862 
  0.8489037 127.0181 
  0.7705259 127.6532 
  0.5935228 127.6532 
  0.352441 127.6532 
  0.1459191 127.0181 
  -0.04716245 126.3862 
  0.0009776242 125.7574 
  -0.1349726 125.7574 
  -0.004842833 125.7574 
  0.005343684 125.1317 
  -0.1054082 124.5092 
  0.01406391 124.5092 
  0.1734574 124.5092 
  0.1853922 124.5092 
  -0.04437119 124.5092 
  0.04705733 124.5092 
  0.02852446 124.5092 
  0.1239527 124.5092 
  0.07440408 124.5092 
  0.1448906 124.5092 
  0.2760008 124.5092 
  0.1317 124.5092 
  0.1951104 124.5092 
  0.2959227 124.5092 
  0.05254133 124.5092 
  -0.01696223 124.5092 
  -0.2897865 124.5092 
  -0.1070392 124.5092 
  -0.1023755 124.5092 
  0.06189091 124.5092 
  0.06909686 124.5092 
  0.1571912 124.5092 
  0.2729489 124.5092 
  0.3377495 124.5092 
  0.3440053 124.5092 
  0.1637439 124.5092 
  0.2369588 124.5092 
  0.2385999 124.5092 
  0.1353572 124.5092 
  -0.1113039 124.5092 
  -0.08860031 124.5092 
  -0.1037019 124.5092 
  -0.3594074 124.5092 
  -0.3318821 124.5092 
  -0.1802649 124.5092 
  0.07050993 124.5092 
  -0.04618097 124.5092 
  -0.3381551 124.5092 
  -0.2709138 124.5092 
  -0.3111737 124.5092 
  -0.1279764 124.5092 
  -0.06847611 124.5092 
  -0.1003216 124.5092 
  0.009745244 124.5092 
  0.07482753 124.5092 
  0.1388291 124.5092 
  0.1415662 124.5092 
  0.1463667 124.5092 
  0.07475834 124.5092 
  0.3150095 124.5092 
  0.3312764 124.5092 
  0.06276585 124.5092 
  0.03387503 124.5092 
  -0.02358868 124.5092 
  -0.03878767 124.5092 
  0.3738154 124.5092 
  0.39066 124.5092 
  0.1508554 124.5092 
  0.4045954 124.5092 
  0.5088921 124.5092 
  0.4029109 124.5092 
  -0.007725875 124.5092 
  0.2039384 124.5092 
  0.2555696 124.5092 
  0.1497793 124.5092 
  -0.1753432 124.5092 
  -0.2398964 124.5092 
  0.2766787 124.5092 
  0.4813917 124.5092 
  0.3429313 124.5092 
  0.1950077 124.5092 
  0.08982927 124.5092 
  -0.129653 124.5092 
  -0.008626588 124.5092 
  0.2690537 124.5092 
  0.02719267 124.5092 
  0.04183491 124.5092 
  0.2012514 124.5092 
  0.1315268 124.5092 
  0.1500864 124.5092 
  0.1795479 124.5092 
  0.07719057 124.5092 
  0.3004618 124.5092 
  0.2777465 124.5092 
  0.1782435 124.5092 
  0.1392289 124.5092 
  0.1076778 124.5092 
  0.1951171 124.5092 
  0.03960059 124.5092 
  -0.08870153 124.5092 
  -0.2464091 124.5092 
  0.1865768 124.5092 
  0.336606 124.5092 
  0.1140459 124.5092 
  -0.1543551 124.5092 
  0.3135932 124.5092 
  -0.007027435 124.5092 
  -0.005540802 124.5092 
  0.004574892 124.5092 
  -0.2561894 124.5092 
  0.08942238 124.5092 
  0.1439511 124.5092 
  0.04674096 124.5092 
  0.2274294 124.5092 
  0.3898758 124.5092 
  0.1594805 124.5092 
  0.1667141 124.5092 
  0.1973294 124.5092 
  0.3130801 124.5092 
  0.1970501 124.5092 
  0.201851 124.5092 
  0.2666262 124.5092 
  0.119077 124.5092 
  -0.02628852 124.5092 
  0.3172154 124.5092 
  0.1241755 124.5092 
  0.1201781 124.5092 
  0.04542882 124.5092 
  0.1213594 124.5092 
  0.3325486 124.5092 
  0.4090531 124.5092 
  0.2648674 124.5092 
  0.3033024 124.5092 
  0.2540953 124.5092 
  0.2424354 124.5092 
  0.213691 124.5092 
  -0.007416155 124.5092 
  -0.08993714 124.5092 
  -0.02484189 124.5092 
  0.1347971 124.5092 
  0.02731332 124.5092 
  -0.05003847 124.5092 
  -0.1730231 124.5092 
  -0.2590025 124.5092 
  0.2345983 124.5092 
  0.04133879 124.5092 
  0.08759718 124.5092 
  0.1455427 124.5092 
  0.1672888 124.5092 
  0.1925184 124.5092 
  0.1250873 124.5092 
  0.2283693 124.5092 
  0.1040034 124.5092 
  0.09210568 124.5092 
  -0.04669934 124.5092 
  0.09945746 124.5092 
  0.1368938 124.5092 
  0.1325499 124.5092 ]
