 [
  -0.1609673 215.5104 
  0.278786 215.5104 
  0.1125664 215.5104 
  0.3038718 215.5104 
  0.01146823 215.5104 
  -0.1430782 215.5104 
  0.08461916 215.5104 
  0.002980248 215.5104 
  -0.06044887 215.5104 
  0.01573 215.5104 
  -0.08616953 215.5104 
  -0.2181261 215.5104 
  0.2260309 215.5104 
  0.3416253 213.3714 
  0.8229749 247.8095 
  0.924678 249.0485 
  0.9731256 246.5766 
  0.9806445 241.7061 
  0.9765658 239.307 
  0.9698588 238.1164 
  0.977533 240.5036 
  0.9950698 241.7061 
  0.9855441 242.9146 
  0.9785583 245.3498 
  0.9807835 249.0485 
  0.9710461 252.8029 
  0.9781947 257.8971 
  0.985527 261.7849 
  0.9782637 263.0938 
  0.9462329 263.0938 
  0.8173583 261.7849 
  -0.07121527 263.0938 
  -0.3399978 264.4093 
  0.2027469 265.7313 
  -0.07965263 267.06 
  -0.02085339 268.3953 
  0.005352742 269.7372 
  0.03258563 271.0859 
  0.001932459 272.4414 
  0.08920041 273.8036 
  -0.02859148 276.5485 
  0.108326 279.3209 
  -0.1802801 282.1211 
  0.4601946 283.5317 
  0.5203142 284.9493 
  0.8018268 279.3209 
  0.8931586 275.1726 
  0.9892423 269.7372 
  0.9878389 265.7313 
  0.9879168 261.7849 
  0.9737673 257.8971 
  0.9753292 251.5452 
  0.9929824 246.5766 
  0.9931398 244.1292 
  0.996012 241.7061 
  0.9990115 239.307 
  0.9060618 239.307 
  0.9178082 234.5801 
  0.9505196 235.753 
  0.9446964 233.4131 
  0.9203452 229.9466 
  0.959976 225.4046 
  0.960188 222.057 
  0.9692349 219.853 
  0.9905662 218.7592 
  0.9915434 218.7592 
  0.9905079 219.853 
  0.9918413 219.853 
  0.9928104 220.9523 
  0.9914801 219.853 
  0.9945354 219.853 
  0.9933054 219.853 
  0.9932275 220.9523 
  0.9867034 220.9523 
  0.9772637 219.853 
  0.9830198 217.6709 
  0.9773471 217.6709 
  0.9460755 217.6709 
  0.8822085 218.7592 
  0.4684911 219.853 
  -0.08252974 220.9523 
  0.3401184 222.057 
  0.03301439 222.057 
  0.0321418 223.1673 
  0.1368532 224.2832 
  0.01366696 224.2832 
  0.0580925 224.2832 
  0.2811443 225.4046 
  0.8433467 225.4046 
  0.9167604 224.2832 
  0.9917493 222.057 
  0.9930233 219.853 
  0.9744892 217.6709 
  0.9242749 215.5104 
  0.9587768 215.5104 
  0.9923235 215.5104 
  0.9952005 215.5104 
  0.9978401 214.4382 
  0.9970605 214.4382 
  0.9964942 213.3714 
  0.9970057 212.3098 
  0.997812 212.3098 
  0.9985063 212.3098 
  0.9973368 212.3098 
  0.9983045 212.3098 
  0.9966228 212.3098 
  0.9964561 212.3098 
  0.9944841 212.3098 
  0.9918541 212.3098 
  0.996765 212.3098 
  0.9931573 211.2535 
  0.9889789 211.2535 
  0.9743596 210.2025 
  0.9293907 208.1162 
  0.8242037 204.0054 
  0.9190859 197.9909 
  0.8644233 189.3 
  0.4662827 179.1942 
  0.6044593 167.9442 
  0.8394396 165.4501 
  0.7472342 168.784 
  0.4216644 174.7808 
  0.6412331 179.1942 
  0.7220444 181.8956 
  0.7796946 188.3582 
  0.9012979 193.1145 
  0.9706867 195.0505 
  0.9498626 195.0505 
  0.9099197 193.1145 
  0.9295008 187.4211 
  0.9584629 182.8051 
  0.9446174 181.8956 
  0.9640468 183.7191 
  0.966033 185.5609 
  0.971088 187.4211 
  0.9559577 191.1978 
  0.9733689 192.1537 
  0.9733633 194.0801 
  0.971881 196.0257 
  0.972157 197.9909 
  0.9431813 199.9758 
  0.7653266 200.9756 
  0.4302998 200.9756 
  0.0673436 199.9758 
  0.05123903 198.9809 
  0.2623267 198.9809 
  0.3189614 199.9758 
  0.158396 201.9805 
  0.2558921 202.9904 
  -0.03834672 205.0254 
  -0.05611005 207.0808 
  -0.282004 209.1568 
  -0.1182181 211.2535 
  0.117954 213.3714 
  0.09422866 215.5104 
  0.02508664 217.6709 
  0.1385698 219.853 
  0.07072406 220.9523 
  -0.07207142 222.057 
  -0.2018414 223.1673 
  0.1860133 225.4046 
  0.6511334 228.8026 
  0.7560052 224.2832 
  0.9121197 218.7592 
  0.9621364 212.3098 
  0.9735916 208.1162 
  0.9663774 204.0054 
  0.9742739 199.9758 
  0.9920708 197.0059 
  0.9928318 195.0505 
  0.9449241 191.1978 
  0.9529805 187.4211 
  0.9865059 184.6377 
  0.9840465 182.8051 
  0.9885751 181.8956 
  0.9939325 180.9906 
  0.9933934 180.9906 
  0.9885089 180.0902 
  0.9884112 179.1942 
  0.9862986 178.3027 
  0.9755595 176.533 
  0.9462173 175.6547 
  0.9292424 173.9112 
  0.9694359 173.9112 
  0.9932837 173.9112 
  0.9853405 172.185 
  0.9068444 169.6279 
  0.4748355 165.4501 
  0.05588152 159.7734 
  0.1156215 154.2915 
  0.2870736 150.4914 
  0.2483542 148.9977 
  0.3878988 148.9977 
  0.2435713 150.4914 
  0.115227 152.7601 
  -0.1408631 155.8383 
  -0.180985 159.7734 
  -0.7327157 162.9929 
  -0.7478912 167.1087 
  -0.4938172 170.476 
  -0.2355108 173.9112 
  -0.347608 177.4156 
  -0.3205042 180.9906 
  -0.2502589 184.6377 
  0.001999906 188.3582 
  -0.02589445 192.1537 
  0.2221833 196.0257 
  0.1384994 199.9758 
  0.04989134 204.0054 
  0.2130662 208.1162 
  0.5834031 211.2535 
  0.8162057 213.3714 
  0.9619887 211.2535 
  0.9833099 209.1568 
  0.9952568 208.1162 
  0.9847391 206.0505 
  0.9508609 205.0254 
  0.9167343 201.9805 
  0.7452086 197.9909 
  0.9713153 193.1145 
  0.9841686 192.1537 
  0.9769393 192.1537 
  0.9252381 189.3 
  0.744355 184.6377 
  0.6243056 180.0902 
  0.3732775 244.1292 
  0.5732275 271.0859 
  0.6130903 271.0859 
  0.5507695 264.4093 
  0.7846562 259.1866 
  0.9087379 257.8971 
  0.9403645 260.4825 
  0.8713233 254.067 
  0.5633755 236.9318 
  0.6000218 214.4382 
  0.9632019 204.0054 
  0.9887758 201.9805 
  0.9908331 201.9805 
  0.9953107 201.9805 
  0.9939541 202.9904 
  0.9948385 204.0054 
  0.9943726 205.0254 
  0.9953601 206.0505 
  0.9892048 206.0505 
  0.9860972 206.0505 
  0.9935353 206.0505 
  0.982944 206.0505 
  0.9753532 205.0254 
  0.946689 207.0808 
  0.9634284 206.0505 
  0.9788439 206.0505 
  0.9908334 207.0808 
  0.9911174 207.0808 
  0.9912447 207.0808 
  0.9839485 207.0808 
  0.9787362 209.1568 
  0.9840015 210.2025 
  0.9891627 212.3098 
  0.9814926 213.3714 
  0.9796946 215.5104 
  0.9857919 216.5879 
  0.99369 217.6709 
  0.9902633 216.5879 
  0.9759054 216.5879 
  0.9698046 215.5104 
  0.9651915 215.5104 
  0.9310704 216.5879 
  0.7420866 217.6709 
  0.459606 218.7592 
  0.1629362 219.853 
  0.1407202 219.853 
  -0.02931289 219.853 
  -0.1219024 219.853 
  0.007129062 219.853 
  0.1565396 219.853 
  0.1502358 220.9523 
  -0.03336215 222.057 
  -0.06068372 223.1673 
  0.7438729 224.2832 
  0.7918128 224.2832 
  0.8036633 219.853 
  0.9304557 211.2535 
  0.9078213 201.9805 
  0.8906062 192.1537 
  0.9007596 181.8956 
  0.4060117 171.3284 
  0.1884293 162.182 
  0.2302743 152.7601 
  0.2773438 151.2439 
  0.1367294 153.5239 
  0.1679218 158.9785 
  0.08920671 162.182 
  0.325889 147.5188 
  0.3589348 148.9977 
  0.2077285 150.4914 
  0.3883783 190.2465 
  0.9226512 192.1537 
  0.9490395 194.0801 
  0.9359121 197.0059 
  0.940405 200.9756 
  0.9373375 204.0054 
  0.9204955 207.0808 
  0.9271234 211.2535 
  0.9737495 214.4382 
  0.9603953 215.5104 
  0.9160423 216.5879 
  0.7824719 218.7592 
  0.01622283 219.853 
  -0.1289895 220.9523 
  -0.04460543 222.057 
  -0.001491912 223.1673 
  -0.03769027 224.2832 
  0.07134974 225.4046 
  0.05262794 226.5316 
  0.03744378 228.8026 
  0.1220584 231.0963 
  -0.114632 233.4131 
  0.5636833 223.1673 
  0.6604016 213.3714 
  0.8919259 205.0254 
  0.9612353 200.9756 
  0.9781582 197.9909 
  0.994335 196.0257 
  0.9968414 195.0505 
  0.9986926 195.0505 
  0.9980187 195.0505 
  0.9984497 195.0505 
  0.9901066 194.0801 
  0.9372317 193.1145 
  0.9185272 190.2465 
  0.7980193 189.3 
  0.8240722 192.1537 
  0.7719304 195.0505 
  0.7624085 197.0059 
  0.212495 197.9909 
  0.4566126 192.1537 
  0.7012787 186.4887 
  0.8952146 183.7191 
  0.9700701 181.8956 
  0.9624181 180.9906 
  0.9713817 181.8956 
  0.9348916 183.7191 
  0.8150071 185.5609 
  0.6123504 186.4887 
  0.3124496 187.4211 
  -0.05882587 188.3582 
  -0.01147537 189.3 
  0.038103 189.3 
  -0.07180908 189.3 
  -0.1923019 189.3 
  -0.1328296 189.3 
  -0.1911513 189.3 
  0.03460016 189.3 
  0.2675419 189.3 
  0.1053524 189.3 
  0.09384286 190.2465 
  -0.01977144 191.1978 
  0.003567814 192.1537 
  -0.2419068 193.1145 
  0.03430963 194.0801 
  -0.004475355 196.0257 
  0.08045734 198.9809 
  0.1420887 200.9756 
  0.05731376 202.9904 
  0.01709609 205.0254 
  0.09805878 208.1162 
  0.2217772 212.3098 
  0.1933056 216.5879 
  0.4612171 222.057 
  0.8306769 224.2832 
  0.8433211 219.853 
  0.9012156 214.4382 
  0.9462746 208.1162 
  0.9545876 204.0054 
  0.9787074 199.9758 
  0.9938633 197.9909 
  0.9920364 197.9909 
  0.9949375 197.9909 
  0.9951078 197.9909 
  0.9928469 197.9909 
  0.9862045 198.9809 
  0.9825018 199.9758 
  0.9810197 200.9756 
  0.9823047 201.9805 
  0.9509608 201.9805 
  0.9058916 201.9805 
  0.9870378 202.9904 
  0.9895146 204.0054 
  0.9767492 204.0054 
  0.945841 202.9904 
  0.8902684 200.9756 
  0.3121107 198.9809 
  0.04381897 197.0059 
  0.05158288 195.0505 
  0.1133627 193.1145 
  0.1007832 191.1978 
  0.1261874 189.3 
  0.09395927 188.3582 
  0.05469335 187.4211 
  0.1864391 186.4887 
  0.09380854 185.5609 
  -0.05116583 184.6377 
  -0.1581224 183.7191 
  -0.01662033 182.8051 
  -0.01527534 180.9906 
  0.2154859 179.1942 
  -0.009957377 177.4156 
  0.4885524 175.6547 
  0.6128327 178.3027 
  0.8219573 176.533 
  0.8733921 175.6547 
  0.9260426 173.046 
  0.9623199 170.476 
  0.9811573 168.784 
  0.985279 167.9442 
  0.9773479 167.1087 
  0.8605062 167.9442 
  0.3825215 173.046 
  -0.06463849 182.8051 
  -0.08083162 197.0059 
  0.2168493 206.0505 
  0.3336208 211.2535 
  0.3644493 217.6709 
  0.3592912 223.1673 
  0.4642113 227.6642 
  0.4034263 229.9466 
  0.5185457 231.0963 
  0.5254387 231.0963 
  0.3160125 231.0963 
  0.6274658 231.0963 
  0.6998411 231.0963 
  0.9357828 231.0963 
  0.9552091 231.0963 
  0.9411225 231.0963 
  0.9150186 231.0963 
  0.7133551 231.0963 
  0.2261768 231.0963 
  -0.01408421 231.0963 
  0.02317725 231.0963 
  0.06260191 231.0963 
  0.06507061 232.2518 
  0.08195006 233.4131 
  0.1216052 233.4131 
  -0.1374155 234.5801 
  0.05106816 235.753 
  0.004594838 235.753 
  0.03475959 235.753 
  0.03365244 235.753 
  0.02777699 235.753 
  -0.01229912 235.753 
  0.08147553 235.753 
  0.08970702 235.753 
  -0.05347133 236.9318 
  0.04433369 238.1164 
  0.1480033 239.307 
  0.09847577 239.307 
  0.2417766 239.307 
  0.5182546 239.307 
  0.4031365 239.307 
  0.2792852 239.307 
  0.1947574 239.307 
  0.190131 239.307 
  -0.220916 239.307 
  -0.2338782 239.307 
  -0.09907833 239.307 
  -0.05356677 239.307 
  -0.1237663 239.307 
  -0.07082108 239.307 ]
