 [
  -0.06669554 127.6532 
  0.08587289 127.6532 
  0.1188932 127.6532 
  0.04070799 127.6532 
  0.06810606 127.6532 
  0.08056356 127.6532 
  0.1433169 127.6532 
  0.01155835 127.6532 
  0.09955812 127.6532 
  -0.3422799 127.6532 
  -0.06979447 127.6532 
  -0.1460776 127.6532 
  -0.2167401 127.6532 
  -0.2057638 127.6532 
  -0.09040171 127.6532 
  0.06459059 127.6532 
  0.04992137 127.6532 
  0.1612555 127.6532 
  0.1288295 127.6532 
  0.05594581 127.6532 
  0.278884 127.6532 
  0.2523357 127.6532 
  0.09306839 127.6532 
  0.0325811 127.6532 
  -0.1235386 127.6532 
  -0.1423279 127.6532 
  0.6463021 127.6532 
  0.7038106 126.3862 
  0.7489446 123.8897 
  0.9270905 123.2734 
  0.9886346 122.6601 
  0.9851487 122.6601 
  0.9742997 122.6601 
  0.9324847 122.6601 
  0.8548703 122.6601 
  0.5841156 122.0498 
  0.3727018 119.639 
  -0.07694869 117.8622 
  -0.08459181 116.1118 
  -0.02437612 114.3874 
  -0.0006970139 112.6886 
  0.04697629 110.4628 
  0.1833502 108.2809 
  0.01199397 106.142 
  -0.04793439 103.5278 
  0.5595741 99.97575 
  0.7059736 98.491 
  0.8509952 97.51342 
  0.8408705 95.5873 
  0.8379619 94.1677 
  0.6424593 93.6992 
  -0.1974849 97.02828 
  -0.2040253 99.97575 
  -0.411834 103.0128 
  -0.1769102 106.142 
  -0.3753047 109.3664 
  -0.08809245 112.6886 
  0.07300431 116.1118 
  0.0207061 119.0438 
  -0.04525391 120.8384 
  0.0718029 121.4426 
  0.2287869 120.8384 
  0.381963 118.4515 
  0.7289324 114.3874 
  0.9533286 113.8184 
  0.9727303 113.8184 
  0.94754 114.3874 
  0.9460822 114.9594 
  0.9592354 116.1118 
  0.9023792 117.2759 
  0.8710502 119.639 
  0.8824632 120.8384 
  0.9315844 122.6601 
  0.9351938 123.8897 
  0.9058963 125.1317 
  0.9596975 126.3862 
  0.9923027 127.0181 
  0.9756535 127.0181 
  0.8745407 126.3862 
  0.7807157 125.1317 
  0.4754826 126.3862 
  0.8818131 126.3862 
  0.9240611 123.8897 
  0.693819 120.2372 
  0.7869081 116.6924 
  0.5358672 112.6886 
  0.4823399 109.9132 
  0.4774842 106.142 
  0.4812072 102.5003 
  0.6355299 99.47836 
  0.5591752 96.54556 
  0.5598212 95.11173 
  0.8103739 94.63854 
  0.6916214 92.30766 
  0.9230809 91.39146 
  0.9743491 91.39146 
  0.9487986 91.84841 
  0.9114912 92.30766 
  0.9716945 92.7692 
  0.9649656 93.23304 
  0.8737764 92.7692 
  0.752422 92.7692 
  0.4876511 91.84841 
  0.2686777 92.7692 
  0.07545013 94.1677 
  -0.04265276 95.5873 
  0.03400038 96.54556 
  0.1681975 97.51342 
  0.06414763 98.491 
  0.03473643 99.47836 
  0.1324027 99.97575 
  0.1025094 100.4756 
  -0.02462986 101.4829 
  -0.147238 103.5278 
  -0.07164045 105.0885 
  -0.1082358 106.6728 
  0.1406466 108.2809 
  0.6746579 110.4628 
  0.8797387 112.128 
  0.9790817 112.6886 
  0.9906168 112.128 
  0.9882646 112.128 
  0.9835982 112.6886 
  0.9782168 112.6886 
  0.9695349 113.8184 
  0.9877219 114.3874 
  0.9905127 114.3874 
  0.9882292 114.3874 
  0.9880235 113.8184 
  0.9670299 113.2521 
  0.9353349 112.128 
  0.9369274 111.0151 
  0.9520127 109.3664 
  0.9306403 107.7421 
  0.9234853 105.614 
  0.9552286 103.0128 
  0.9550755 100.4756 
  0.9322191 98.00098 
  0.9020793 95.5873 
  0.7517908 94.1677 
  0.325613 94.63854 
  0.1242228 96.06523 
  -0.1141995 97.51342 
  -0.6522138 98.98344 
  -0.6944228 99.97575 
  -0.5742701 100.978 
  0.0279211 101.9903 
  0.01982094 103.0128 
  -0.137067 104.5657 
  -0.04597589 106.142 
  0.2796153 107.2061 
  0.11961 108.2809 
  0.3645316 117.8622 
  0.8010455 119.639 
  0.9951287 118.4515 
  0.9908988 117.8622 
  0.9832323 116.6924 
  0.9778775 115.5342 
  0.9728078 113.2521 
  0.9274212 109.9132 
  0.9476553 106.142 
  0.9476146 103.5278 
  0.7954854 100.978 
  0.7076048 98.00098 
  0.6817387 95.5873 
  0.5312718 95.11173 
  0.09102024 94.63854 
  0.1244133 94.1677 
  0.1660611 93.6992 
  0.1472163 93.23304 
  0.05768024 92.7692 
  -0.04928162 92.7692 
  -0.09479919 92.7692 
  -0.08175915 92.7692 
  -0.390999 92.7692 
  0.0839976 92.7692 
  -0.005336232 92.7692 
  0.0161541 92.7692 
  -0.3147072 92.7692 
  -0.1298417 92.7692 
  -0.05077017 92.7692 
  0.002270926 92.7692 
  0.366832 89.14054 
  0.5201124 87.8167 
  0.812219 87.3798 
  0.8540901 86.51251 
  0.7650776 86.51251 
  0.98471 86.94508 
  0.9944795 86.94508 
  0.97129 86.51251 
  0.969924 86.0821 
  0.9646369 85.65383 
  0.9408 85.65383 
  0.8877788 86.51251 
  0.6121506 88.25578 
  0.8123946 90.03418 
  0.6710294 88.25578 
  0.8320557 86.94508 
  0.9839714 86.0821 
  0.9919758 86.0821 
  0.9951926 86.0821 
  0.9955248 86.0821 
  0.9955124 85.65383 
  0.9928975 85.65383 
  0.9863285 85.2277 
  0.9806622 85.2277 
  0.9834511 85.2277 
  0.9750461 85.65383 
  0.9752586 86.51251 
  0.9475099 87.8167 
  0.920053 89.58624 
  0.9437689 90.93677 
  0.9504039 91.39146 
  0.847056 90.48434 
  0.8627397 89.58624 
  0.979512 88.69706 
  0.9752715 88.69706 
  0.9705769 90.03418 
  0.9675029 90.48434 
  0.9486026 90.03418 
  0.9305657 89.14054 
  0.8935544 89.58624 
  0.8972087 90.03418 
  0.9598757 90.48434 
  0.9378594 90.48434 
  0.9183792 90.48434 
  0.7601498 89.14054 
  0.9008598 87.8167 
  0.7802706 88.25578 
  0.4045033 86.51251 
  0.5225962 85.2277 
  0.6572472 84.80367 
  0.8214816 86.94508 
  0.9826674 85.65383 
  0.9072906 84.80367 
  0.9485459 83.54424 
  0.7948651 83.12859 
  0.496354 83.54424 
  -0.01821589 83.96195 
  0.06544453 84.38177 
  0.121727 84.80367 
  0.1670958 85.2277 
  0.1765445 85.65383 
  0.1262256 86.0821 
  0.226092 86.51251 
  0.222591 86.94508 
  0.08421599 86.94508 
  0.03724324 86.94508 
  -0.03167927 86.94508 
  0.05751231 86.94508 
  0.01358817 86.94508 
  -0.04980581 86.94508 
  -0.2531246 86.94508 
  -0.132642 86.94508 
  0.1824096 86.94508 
  0.2310723 86.94508 
  -0.1875479 86.94508 
  -0.04635421 86.94508 
  0.01823584 86.94508 
  0.2382865 86.94508 ]
