 [
  -0.01661218 129.5776 
  -0.0552934 129.5776 
  0.08241048 129.5776 
  -0.1365883 129.5776 
  -0.05503491 129.5776 
  0.04347348 129.5776 
  -0.1908242 129.5776 
  -0.1465103 129.5776 
  -0.109447 129.5776 
  0.008013278 129.5776 
  0.02360103 129.5776 
  0.08242201 129.5776 
  -0.01092632 128.9329 
  0.002561357 127.6532 
  0.5268005 126.3862 
  0.6419673 125.1317 
  0.8389698 123.2734 
  0.9046317 120.2372 
  0.8864638 116.6924 
  0.9287049 113.8184 
  0.9381102 110.4628 
  0.8762177 107.2061 
  0.7514051 106.6728 
  0.4910495 108.2809 
  0.1522573 110.4628 
  0.003519491 112.6886 
  0.04663214 114.3874 
  0.2306245 115.5342 
  0.3867898 117.2759 
  0.7450187 119.639 
  0.8731337 122.0498 
  0.9184782 123.8897 
  0.9354931 126.3862 
  0.9174182 128.9329 
  0.9072399 130.8766 
  0.9558027 132.8496 
  0.9830518 134.1814 
  0.9914652 134.1814 
  0.9894173 133.5138 
  0.9780547 132.8496 
  0.981488 132.1886 
  0.9850352 131.531 
  0.9800989 131.531 
  0.9419627 130.8766 
  0.8674613 129.5776 
  0.8436227 128.2915 
  0.6934564 128.2915 
  0.9495246 130.2255 
  0.9743702 130.2255 
  0.9830133 130.2255 
  0.9845793 129.5776 
  0.9528377 128.2915 
  0.8522406 125.1317 
  0.8240237 120.8384 
  0.7758865 116.6924 
  0.6049548 113.2521 
  0.6596715 109.3664 
  0.7037726 104.5657 
  0.1339067 106.142 
  0.2630926 107.7421 
  0.3041634 108.8223 
  0.09505599 109.9132 
  -0.04136189 111.0151 
  0.03744726 112.128 
  0.03165549 112.6886 
  0.04411406 113.8184 
  0.008877838 117.2759 
  0.09357344 120.2372 
  0.1927718 122.6601 
  0.1538672 123.2734 
  -0.06041704 127.0181 
  0.153931 129.5776 
  0.09688231 132.8496 
  0.506427 136.2042 
  0.67506 125.1317 
  0.900853 123.8897 
  0.9507582 122.6601 
  0.9344753 120.8384 
  0.9752414 119.0438 
  0.9951216 119.0438 
  0.9918431 119.0438 
  0.986641 117.8622 
  0.9898832 117.2759 
  0.983012 116.1118 
  0.9786396 115.5342 
  0.9344151 113.2521 
  0.9464322 111.5702 
  0.958979 109.9132 
  0.9447587 108.2809 
  0.9186006 106.142 
  0.8891985 103.0128 
  0.8025309 99.97575 
  0.7243798 97.02828 
  0.7421128 94.1677 
  0.1449885 93.23304 
  0.2858896 92.7692 
  0.1838326 92.30766 
  0.2374454 91.84841 
  -0.05978451 91.84841 
  -0.0648128 91.84841 
  -0.1424201 91.84841 
  -0.08520444 91.84841 
  -0.03005727 91.84841 
  -0.01229733 91.84841 
  -0.01239936 91.84841 
  -0.06360133 91.84841 
  -0.001407192 91.84841 
  0.01082835 91.84841 
  -0.06562859 92.30766 
  0.01101658 92.7692 
  0.2197255 92.30766 
  0.4136529 90.93677 
  0.889667 89.58624 
  0.9065499 90.03418 
  0.7902205 91.39146 
  0.5381306 94.1677 
  0.7239819 98.00098 
  0.6094376 96.06523 
  0.7346046 96.06523 
  0.9063628 95.11173 
  0.9783624 96.06523 
  0.8939316 95.11173 
  0.8611686 93.6992 
  0.8297646 93.23304 
  0.9792614 94.1677 
  0.9952345 94.63854 
  0.9918703 94.63854 
  0.958554 94.1677 
  0.6977401 95.11173 
  0.7937021 96.06523 
  0.8784634 95.11173 
  0.9386455 95.11173 
  0.9635031 94.63854 
  0.9389915 95.11173 
  0.939031 95.11173 
  0.9590424 95.11173 
  0.9726439 95.11173 
  0.9709727 94.63854 
  0.9203631 94.1677 
  0.7959321 93.23304 
  0.6754565 92.30766 
  0.2050005 87.3798 
  0.2518648 85.2277 
  0.673739 84.38177 
  0.8413674 85.65383 
  0.853611 87.3798 
  0.8932832 88.25578 
  0.8587272 88.25578 
  0.7950745 86.94508 
  0.8408246 83.96195 
  0.8655394 83.12859 
  0.8231974 83.12859 
  0.2487235 83.12859 
  0.2704827 82.3035 
  0.6279601 90.03418 
  0.7544334 91.39146 
  0.9032407 91.84841 
  0.9113207 92.7692 
  0.9773855 94.1677 
  0.982134 94.1677 
  0.9673241 93.6992 
  0.950879 93.23304 
  0.9401918 93.23304 
  0.9404961 93.6992 
  0.8919168 94.63854 
  0.7599369 95.11173 
  0.6796625 94.63854 
  0.1731698 93.6992 
  0.1346642 97.02828 
  0.2515987 100.978 
  0.1184062 105.0885 
  -0.2657785 109.3664 
  0.01807684 113.8184 
  0.2493396 118.4515 
  0.2378555 123.2734 
  0.009509737 128.2915 
  -0.01212557 133.5138 
  -0.1053341 139.6435 
  -0.1495631 146.0546 
  -0.08807866 152.7601 
  -0.01967684 159.7734 
  0.1047516 167.1087 
  0.08605874 174.7808 
  0.2093274 183.7191 
  -0.03347454 194.0801 
  0.3469423 207.0808 
  0.4948468 209.1568 
  0.6008107 212.3098 
  0.4786081 214.4382 
  0.5636696 213.3714 
  0.6176306 212.3098 
  0.423846 215.5104 
  0.5969337 217.6709 
  0.5458032 218.7592 
  0.4916066 220.9523 
  0.3127073 223.1673 
  0.2748089 225.4046 
  0.1611418 227.6642 
  0.1519211 228.8026 
  0.2901681 228.8026 
  0.342607 228.8026 
  0.2410236 228.8026 
  -0.01751513 228.8026 
  -0.0244168 228.8026 
  -0.04448272 228.8026 
  -0.2635333 228.8026 
  -0.3284552 228.8026 
  -0.286672 228.8026 
  -0.3704798 228.8026 
  -0.1603365 228.8026 
  -0.02112386 228.8026 
  0.03895006 228.8026 
  -1.92679e-06 228.8026 
  -0.1621654 228.8026 
  -0.01646003 228.8026 
  -0.2498855 228.8026 
  -0.2313726 228.8026 
  -0.2977883 228.8026 
  -0.2226691 228.8026 ]
