 [
  0.2121246 129.5776 
  0.1644582 129.5776 
  0.07901489 129.5776 
  0.08638284 129.5776 
  0.3132157 129.5776 
  0.6917602 129.5776 
  0.7931224 129.5776 
  0.4491535 129.5776 
  0.4389386 130.2255 
  0.3540413 131.531 
  0.6299951 132.8496 
  0.3417946 134.1814 
  0.5038405 135.5266 
  0.7765952 138.2575 
  0.8796222 146.7849 
  0.9012926 150.4914 
  0.8436219 155.063 
  0.8583433 159.7734 
  0.9509752 164.6269 
  0.985388 166.2773 
  0.9704474 166.2773 
  0.9371333 165.4501 
  0.7107286 164.6269 
  0.4329972 160.5723 
  0.07236955 155.8383 
  -0.1518486 151.2439 
  -0.09699633 146.0546 
  -0.09686211 141.0434 
  -0.09998307 136.2042 
  0.08313841 132.1886 
  0.1587245 128.2915 
  0.1855587 125.1317 
  0.1036186 121.4426 
  0.8219751 119.0438 
  0.8134947 115.5342 
  0.7666589 112.128 
  0.7562819 109.3664 
  0.7810889 106.6728 
  0.7570083 104.0455 
  0.2635571 103.0128 
  0.08129928 104.5657 
  0.01680959 106.142 
  0.06126835 107.2061 
  -0.06264018 107.7421 
  0.03550003 108.8223 
  -0.006756424 109.9132 
  0.004148323 111.0151 
  0.5991487 112.128 
  0.7336543 111.0151 
  0.8572979 109.3664 
  0.915126 107.2061 
  0.9147357 104.5657 
  0.9005134 101.9903 
  0.8802139 99.97575 
  0.9401598 98.98344 
  0.9365903 98.00098 
  0.9726534 97.02828 
  0.985918 96.54556 
  0.9763088 96.54556 
  0.9485216 96.06523 
  0.9138761 95.11173 
  0.926653 94.1677 
  0.8727117 94.63854 
  0.8252625 94.63854 
  0.743111 95.11173 
  0.8333874 92.30766 
  0.3082074 93.6992 
  0.03457305 96.06523 
  0.09229454 98.491 
  0.1632456 100.4756 
  0.1730539 101.9903 
  -0.02440229 103.5278 
  0.01692056 105.0885 
  0.1294242 106.142 
  0.2156133 106.6728 
  0.02265296 107.7421 
  -0.03173041 108.8223 
  -0.1098047 110.4628 
  0.127945 112.128 
  -0.3036946 113.8184 
  0.3932956 115.5342 
  0.4649848 117.2759 
  0.477198 119.0438 
  -0.2024722 120.8384 
  0.3144864 122.6601 
  0.8284274 125.1317 
  0.3759412 114.3874 
  0.358225 107.7421 
  0.7331052 104.5657 
  0.9311795 103.5278 
  0.9092723 102.5003 
  0.8621737 101.9903 
  0.6916242 101.9903 
  0.8030334 99.97575 
  0.493173 100.4756 
  0.04643046 100.978 
  0.05982597 101.4829 
  0.06234077 101.9903 
  0.253169 102.5003 
  -0.4271492 103.0128 
  0.03286653 103.5278 
  0.1568098 104.0455 
  -0.1219545 104.5657 
  -0.1566996 105.0885 
  -0.09451467 105.614 
  -0.03704211 105.614 
  0.004682552 105.614 
  0.02884387 105.614 
  0.01035794 106.142 
  0.451956 106.142 
  0.7058573 109.9132 
  0.8538848 109.9132 
  0.9622497 109.3664 
  0.9726219 108.2809 
  0.9931559 107.2061 
  0.9834477 106.6728 
  0.9368385 106.142 
  0.8494982 105.614 
  0.7668309 103.5278 
  0.7281775 104.5657 
  0.906311 107.2061 
  0.9773048 108.2809 
  0.9726763 107.7421 
  0.9630775 106.6728 
  0.9686692 105.614 
  0.9404769 104.5657 
  0.8756008 103.5278 
  0.8210239 101.9903 
  0.543288 100.4756 
  -0.1225317 100.4756 
  0.09199896 100.4756 
  -0.03080056 100.978 
  -0.246821 101.4829 
  0.04890602 101.9903 
  0.05592828 101.9903 
  -0.07364036 102.5003 
  -0.1117851 103.5278 
  -0.272026 106.6728 
  0.2676311 109.9132 
  0.4019027 111.5702 
  0.7037637 113.8184 
  0.528518 108.8223 
  0.8898014 106.142 
  0.970813 105.614 
  0.9062132 106.142 
  0.9402167 107.7421 
  0.9763873 108.2809 
  0.9335465 107.7421 
  0.7893963 107.2061 
  0.6930428 106.142 
  -0.2178537 107.7421 
  -0.03202365 108.8223 
  0.785956 110.4628 
  0.788319 112.128 
  0.497202 113.2521 
  -0.09007493 114.3874 
  -0.1048522 115.5342 
  -0.1020506 116.1118 
  -0.03002744 116.1118 
  0.6479558 116.1118 
  0.383864 112.128 
  0.5929514 105.0885 
  0.4761939 100.978 
  0.3603204 100.978 
  -0.08124261 100.978 
  -0.2306213 100.978 
  -0.1189053 100.978 
  -0.07729964 100.978 
  0.2165557 100.4756 
  0.08959901 99.97575 
  0.04564103 98.491 
  0.1546922 98.00098 
  0.2712631 97.51342 
  0.2387136 98.00098 
  0.1754591 98.491 
  0.1756616 99.47836 
  0.1048512 100.4756 
  -0.01910481 100.978 
  -0.03811897 101.9903 
  -0.19392 103.0128 
  0.3099113 104.0455 
  -0.06939769 105.0885 
  -0.09432605 106.142 
  -0.02794822 107.2061 
  0.2225175 108.2809 
  0.5957456 111.5702 
  0.768434 112.128 
  0.9430889 111.5702 
  0.9305737 109.9132 
  0.9832163 108.8223 
  0.9909778 108.8223 
  0.9933181 108.8223 
  0.984426 108.2809 
  0.9774808 108.2809 
  0.9717989 109.3664 
  0.8953692 111.0151 
  0.7643098 114.3874 
  0.8849771 116.6924 
  0.9477112 117.2759 
  0.9848727 117.2759 
  0.9879857 117.8622 
  0.9792697 118.4515 
  0.9767293 119.0438 
  0.9697803 119.639 
  0.9635016 120.2372 
  0.9952198 121.4426 
  0.9953255 121.4426 
  0.9918795 121.4426 
  0.9917017 121.4426 
  0.969924 122.0498 
  0.9696788 122.6601 
  0.9465233 123.2734 
  0.9562478 123.8897 
  0.9543669 124.5092 
  0.8906821 123.8897 
  0.8100603 123.2734 
  0.6202326 122.6601 
  0.2695842 122.0498 
  -0.08255978 121.4426 
  0.05363815 120.8384 
  -0.007558339 120.2372 
  -0.02402455 119.639 
  0.04239377 119.0438 
  0.1319977 118.4515 
  -0.00534659 117.8622 
  -0.1623286 117.2759 
  -0.0001764661 116.6924 
  0.1332797 116.1118 
  0.1151131 116.1118 
  0.05876484 116.6924 
  -0.1554323 117.2759 
  -0.196854 117.8622 
  -0.08111903 117.8622 
  0.1849425 117.8622 
  0.03953072 117.2759 
  0.08844907 116.6924 
  0.01113174 116.1118 
  0.02574258 116.1118 
  -0.1409512 116.1118 
  -0.129498 116.1118 
  0.08394381 116.1118 
  0.1654869 116.1118 
  0.02120145 116.1118 
  -0.05262884 116.1118 
  0.1177012 116.1118 
  0.2386225 116.1118 
  0.1337018 116.1118 
  0.1034307 116.1118 
  0.1301004 116.1118 
  -0.03760237 116.1118 
  0.05799892 116.1118 
  -0.01408454 116.1118 
  -0.1067944 116.1118 
  -0.06852978 116.1118 
  0.01984805 116.1118 
  0.03180472 116.1118 
  -0.1150946 116.1118 
  -0.2039921 116.1118 
  -0.2491974 116.1118 
  0.09776747 116.1118 
  -0.04586711 116.1118 
  0.05070727 116.1118 
  0.02047129 116.1118 
  0.7675532 117.2759 
  0.8988347 117.8622 
  0.9056987 116.6924 
  0.9075479 118.4515 
  0.9365309 119.639 
  0.9376754 120.2372 
  0.9654769 121.4426 
  0.9553136 122.0498 
  0.9331576 123.2734 
  0.9195693 123.8897 
  0.8511867 124.5092 
  0.7484274 123.2734 
  0.4912676 119.0438 
  0.7484375 120.2372 
  0.8870727 122.0498 
  0.9400901 123.8897 
  0.9436343 123.2734 
  0.8644177 120.8384 
  0.845939 118.4515 
  0.8567839 115.5342 
  0.857997 112.6886 
  0.8694507 109.3664 
  0.8690066 106.142 
  0.8058401 101.4829 
  0.8373695 98.00098 
  0.9368612 96.06523 
  0.7792259 98.491 
  0.7861893 100.978 
  0.8651758 101.9903 
  0.9065918 102.5003 
  0.9349324 103.0128 
  0.9124467 104.0455 
  0.8903887 104.0455 
  0.8590523 103.5278 
  0.8511716 103.0128 
  0.8598613 101.9903 
  0.8786134 100.978 
  0.8653172 99.97575 
  0.8488275 99.47836 
  0.8972809 99.47836 
  0.8884103 97.51342 
  0.7967913 94.1677 
  0.9087617 91.84841 
  0.9161561 90.93677 
  0.7407864 92.30766 
  0.6001212 95.5873 
  0.8381196 97.51342 
  0.8856229 98.491 
  0.882453 97.51342 
  0.7627295 97.02828 
  0.3326358 96.54556 
  -0.001226361 96.54556 
  0.08676461 96.54556 
  0.0696848 97.02828 
  -0.2028632 97.02828 
  -0.02501733 97.02828 
  -0.09937508 97.02828 
  0.06974827 97.02828 
  0.1326947 97.51342 
  0.186247 98.491 
  0.09840611 99.47836 
  0.1272787 100.4756 
  0.2647606 101.4829 
  0.5834107 101.9903 
  0.3862388 103.0128 
  -0.04976746 105.0885 
  0.1600778 107.2061 
  0.1658642 109.3664 
  0.1342284 111.5702 
  0.7352629 113.8184 
  0.7182398 112.128 
  0.7728058 109.3664 
  0.9172744 106.6728 
  0.9536842 104.5657 
  0.9817584 104.0455 
  0.9502648 105.0885 
  0.9696547 106.142 
  0.9786443 106.142 
  0.9776478 106.6728 
  0.9906356 106.6728 
  0.9674302 106.6728 
  0.8278016 105.614 
  0.704111 104.0455 
  0.1610334 105.0885 
  0.1045426 106.6728 
  0.1831987 108.2809 
  0.3497878 109.9132 
  0.2264661 111.5702 
  -0.03437355 113.2521 
  -0.1044279 114.9594 
  -0.1445679 116.6924 
  -0.4213353 119.0438 
  0.1248128 120.8384 
  0.3791121 122.6601 
  0.2813426 124.5092 
  0.1154749 126.3862 
  0.1686546 128.2915 
  0.4177113 130.2255 
  0.1470685 132.1886 
  0.06132071 134.1814 
  0.02197782 136.2042 
  0.3439929 138.9488 
  0.4393653 141.0434 
  0.442081 141.7487 
  0.2983457 140.3417 
  -0.1765808 138.9488 
  0.321059 138.2575 
  0.6895103 136.2042 
  0.643133 130.2255 
  0.8263821 126.3862 
  0.9768924 123.8897 
  0.9575986 123.8897 
  0.9087358 123.8897 
  0.7696117 124.5092 
  0.1761111 123.2734 
  0.055539 122.0498 
  -0.002159283 120.8384 
  0.1282838 119.639 
  0.1773716 118.4515 
  -0.07700068 117.2759 
  -0.01585836 116.1118 
  0.02052487 114.3874 
  0.02654023 113.2521 
  0.02335681 111.5702 
  -0.1187578 110.4628 
  -0.1754381 109.3664 
  0.1689402 108.2809 
  0.06829968 107.2061 
  0.06685774 106.142 
  0.1832749 105.0885 
  0.1332555 103.5278 
  0.0266018 102.5003 
  -0.08941076 100.978 
  -0.06056965 99.47836 
  0.1014972 98.00098 
  0.09840944 96.54556 
  0.06315198 94.63854 
  0.5268166 92.30766 
  0.4201174 91.39146 
  0.5347381 85.65383 
  0.3645603 80.6778 
  0.6322135 79.47963 
  0.9265047 80.27641 
  0.7562378 79.47963 
  0.5534624 78.69076 
  0.347172 79.08421 
  0.1992548 79.08421 
  0.02953099 79.08421 
  -0.1155793 78.69076 
  0.1643343 78.29926 
  0.06557414 77.90971 
  0.06766417 77.90971 
  -0.09141307 77.90971 
  -0.2061781 77.90971 
  -0.1294729 77.90971 
  0.2229282 77.5221 
  0.02080757 77.5221 
  -0.01787753 77.5221 
  0.1799932 77.13642 
  0.1760315 77.13642 
  0.2018479 76.75266 
  0.306043 76.75266 
  0.3738209 76.75266 
  0.003135273 76.75266 
  -0.0251589 76.3708 
  0.2387108 75.99085 
  0.3757651 75.99085 
  0.2040927 75.99085 
  0.09227909 76.3708 
  0.1235744 76.75266 
  0.1451641 77.13642 
  0.1769264 77.13642 
  0.2617416 77.13642 
  0.1894435 77.13642 
  -0.04316101 76.75266 
  0.0869739 76.3708 
  0.2056865 75.99085 
  0.08809854 75.99085 
  0.0768539 75.99085 
  -0.05588301 75.99085 
  0.2551171 75.99085 
  0.3609545 75.99085 
  0.1925192 75.99085 
  0.2489525 75.99085 
  0.1083327 76.3708 
  -0.01733945 76.75266 
  0.1624465 76.75266 
  0.224428 76.75266 
  0.2394003 76.75266 
  0.09451643 76.75266 
  -0.08676919 76.75266 
  -0.1730681 76.75266 
  -0.07518227 76.75266 
  0.09728368 76.75266 
  0.1148171 76.75266 
  0.07111187 76.75266 ]
