 [
  -0.07147035 103.5278 
  0.05807268 103.5278 
  0.1678125 103.5278 
  -0.05447062 103.5278 
  -0.2283707 103.5278 
  -0.07708565 103.5278 
  0.1301122 103.5278 
  -0.06462105 103.5278 
  0.2388754 103.5278 
  0.1505995 103.5278 
  -0.2845571 103.5278 
  -0.005615629 103.5278 
  -0.03667434 103.5278 
  0.5418888 103.5278 
  0.4675204 103.5278 
  0.7655528 103.5278 
  0.9332045 104.0455 
  0.7373445 105.0885 
  0.8038619 105.0885 
  0.8758771 105.0885 
  0.9492716 105.0885 
  0.9508322 105.614 
  0.9254396 106.142 
  0.8337766 107.2061 
  0.721954 109.3664 
  0.815097 112.128 
  0.8735679 113.8184 
  0.8169629 114.9594 
  0.7981716 116.6924 
  0.8128038 117.8622 
  0.8869221 115.5342 
  0.3012262 113.8184 
  0.09568267 112.128 
  0.09251876 111.0151 
  0.2660526 109.9132 
  -0.04950339 108.8223 
  -0.01173128 107.7421 
  0.2776051 106.142 
  0.3386736 104.5657 
  0.2636803 103.0128 
  0.2919697 101.9903 
  0.3288772 100.978 
  0.314235 99.97575 
  0.2175383 98.98344 
  0.804221 98.98344 
  0.9675502 99.47836 
  0.9723636 99.97575 
  0.966369 99.97575 
  0.9850899 99.47836 
  0.9598289 99.97575 
  0.9522322 100.4756 
  0.7819507 102.5003 
  0.9090254 103.0128 
  0.9514185 103.0128 
  0.9133511 104.0455 
  0.91211 106.142 
  0.9426093 108.2809 
  0.9721939 109.3664 
  0.9560952 110.4628 
  0.8787842 110.4628 
  0.7911687 109.9132 
  0.8683931 109.3664 
  0.9770532 110.4628 
  0.855144 111.5702 
  0.9211419 113.2521 
  0.8405588 113.2521 
  0.7208626 112.6886 
  0.7981222 109.3664 
  0.6680719 106.142 
  -0.4127239 107.7421 
  0.09431298 109.9132 
  -0.09640282 112.128 
  -0.1563065 113.8184 
  0.3791094 115.5342 
  0.09544194 117.8622 
  0.1059007 119.0438 
  0.3620314 119.0438 
  0.1729905 115.5342 
  0.8036842 112.128 
  0.445908 99.97575 
  0.6680532 100.4756 
  0.856131 99.97575 
  0.7182322 98.491 
  0.6622146 96.54556 
  0.4841883 94.63854 
  0.6857487 92.30766 
  0.6235692 76.3708 
  0.3388951 75.2366 
  0.2661409 74.48985 
  0.2353632 77.13642 
  0.4720811 83.12859 
  0.4654654 94.1677 
  0.6663445 95.11173 
  0.8401428 96.54556 
  0.8632612 98.00098 
  0.9066029 99.47836 
  0.9260327 100.4756 
  0.950087 101.9903 
  0.9427978 103.0128 
  0.9540372 104.0455 
  0.979277 105.0885 
  0.9794931 105.614 
  0.9672484 106.142 
  0.963027 106.6728 
  0.9416223 106.142 
  0.9131297 105.614 
  0.8807469 104.5657 
  0.842308 103.0128 
  0.5637252 101.9903 
  0.3062297 95.5873 
  0.5603534 94.1677 
  0.7313164 91.84841 
  0.5355698 89.58624 
  0.6933321 86.94508 
  0.779938 86.0821 
  0.9061091 84.80367 
  0.9895931 83.96195 
  0.9860632 83.96195 
  0.9666244 83.54424 
  0.9575916 83.54424 
  0.9532223 83.96195 
  0.8410057 84.80367 
  0.677986 86.0821 
  0.6483965 88.25578 
  0.5866144 91.39146 
  0.8035045 94.63854 
  0.814346 96.06523 
  0.8059352 97.51342 
  0.7068714 98.00098 
  0.07106742 97.51342 
  0.01714486 97.02828 
  0.009779504 96.54556 
  0.05017427 96.06523 
  0.03721382 95.5873 
  0.1056723 95.11173 
  -0.07396439 94.63854 
  0.1191277 94.1677 
  -0.1286765 93.6992 
  -0.2958511 93.23304 
  -0.2072996 92.7692 
  -0.4621284 92.30766 
  0.01124469 91.84841 
  0.1157752 91.39146 
  0.6830432 90.03418 
  0.6206096 83.54424 
  0.7282842 82.71502 
  0.8391599 82.3035 
  0.9566713 81.89403 
  0.9306489 82.3035 
  0.9210213 82.3035 
  0.8975363 82.3035 
  0.8796138 81.89403 
  0.8830391 81.89403 
  0.8475927 81.89403 
  0.827194 82.3035 
  0.7910684 81.89403 
  0.8293775 81.89403 
  0.8610337 81.89403 
  0.8701402 81.89403 
  0.8730667 82.3035 
  0.8359026 82.71502 
  0.8061353 84.38177 
  0.847259 85.65383 
  0.8944859 86.94508 
  0.8932478 88.25578 
  0.9271166 90.03418 
  0.9328089 91.39146 
  0.9233215 93.23304 
  0.9073068 94.1677 
  0.8133584 95.11173 
  0.356218 97.02828 
  0.01902555 98.98344 
  -0.01747106 100.978 
  -0.0507273 103.0128 
  -0.1906521 105.0885 
  -0.2710244 107.2061 
  0.678257 111.0151 
  0.4310222 107.2061 
  0.4065811 102.5003 
  0.6294443 101.4829 
  0.7232789 98.98344 
  0.4679599 96.06523 
  0.4167245 94.1677 
  0.9619751 93.6992 
  0.9758323 93.6992 
  0.9890155 94.1677 
  0.9828686 94.63854 
  0.7953631 95.5873 
  0.6584984 96.54556 
  0.7333227 94.1677 
  0.9745199 93.6992 
  0.9626178 94.1677 
  0.8646653 95.5873 
  0.9669788 96.06523 
  0.8961817 97.02828 
  0.9517223 97.51342 
  0.979905 97.51342 
  0.9544079 97.51342 
  0.8674012 97.02828 
  0.7359911 96.54556 
  0.8304726 96.06523 
  0.6767313 95.5873 
  0.841104 95.11173 
  0.8649327 94.1677 
  0.8649715 93.23304 
  0.4528438 93.23304 
  0.3262822 85.65383 
  0.5251586 85.65383 
  -0.06856392 86.0821 
  0.09070033 86.0821 
  0.03103196 86.51251 
  -0.005167503 87.3798 
  -0.04724056 88.25578 
  0.09260833 89.14054 
  -0.08144765 90.03418 
  -0.08938151 90.93677 
  -0.09787887 91.84841 
  0.0248663 92.7692 
  0.09457229 93.6992 
  0.2744096 94.63854 
  0.1901621 95.11173 
  0.05425892 95.5873 
  -0.05520586 96.06523 
  -0.1114806 96.06523 
  -0.1075298 96.06523 
  0.01882642 96.06523 
  -0.04530643 96.06523 
  0.4869844 96.06523 
  0.758365 94.1677 
  0.9093863 93.6992 
  0.9392558 92.7692 
  0.9703366 91.84841 
  0.9735757 90.93677 
  0.9158058 90.48434 
  0.8761376 89.58624 
  0.6936637 88.69706 
  0.1407118 89.14054 
  0.04320974 89.58624 
  0.08219769 89.58624 
  0.04878251 89.58624 
  -0.05974083 89.58624 
  -0.001952239 89.58624 
  -0.05623204 89.58624 
  -0.001776336 89.58624 
  -0.02685292 89.58624 
  0.1238072 89.58624 
  0.08258636 89.14054 
  0.06524463 88.69706 
  -0.07067445 88.25578 
  0.4278532 87.8167 
  0.8104287 87.8167 
  0.9041863 87.3798 
  0.8645743 86.51251 
  0.9475686 85.2277 
  0.9134969 83.96195 
  0.982309 82.71502 
  0.9807082 82.3035 
  0.9770976 81.89403 
  0.9026174 81.89403 
  0.7478597 81.4866 
  0.7698979 80.27641 
  0.9786092 79.87703 
  0.9789768 80.27641 
  0.9714075 79.87703 
  0.9664378 79.87703 
  0.9439303 79.47963 
  0.7472885 79.08421 
  0.2915061 79.08421 
  -0.4216506 79.87703 
  0.11196 81.08118 
  0.02767255 82.3035 
  0.09496342 83.54424 
  0.102366 84.80367 
  -0.02597906 85.65383 
  0.1423882 86.94508 
  0.1559358 87.8167 
  0.04279078 88.69706 
  0.01290805 89.58624 
  0.09001286 90.93677 
  0.06543928 91.84841 
  0.3230712 95.11173 
  0.6472475 91.39146 
  0.9011588 91.84841 
  0.9568999 92.7692 
  0.9564784 93.23304 
  0.9512466 93.6992 
  0.9579026 93.23304 
  0.9599622 92.7692 
  0.8067695 92.30766 
  0.6785542 90.48434 
  0.8459662 88.69706 
  -0.2403275 88.69706 
  0.2109518 89.14054 
  -0.1776509 89.58624 
  0.2417193 90.03418 
  0.1088516 90.48434 
  -0.02887764 90.93677 
  -0.04904601 91.39146 
  0.06428512 91.84841 
  0.09427738 92.7692 
  0.1964093 94.1677 
  0.04311392 95.5873 
  -0.003404885 97.51342 
  0.3634623 98.491 
  0.6918492 100.4756 
  0.9061683 100.4756 
  0.8798942 99.47836 
  0.9178599 98.98344 
  0.8362669 97.51342 
  0.9612185 96.54556 
  0.9761479 97.02828 
  0.9849409 97.02828 
  0.9782764 97.02828 
  0.9946769 96.54556 
  0.9957901 96.54556 
  0.9812494 96.06523 
  0.9642328 95.5873 
  0.9184741 94.63854 
  0.9310001 93.6992 
  0.9632728 92.7692 
  0.957128 92.30766 
  0.9351296 91.39146 
  0.9180756 90.48434 
  0.8321928 89.58624 
  0.8384843 87.8167 
  0.8456174 85.65383 
  0.5460969 82.71502 
  0.8805203 80.6778 
  0.8994682 79.87703 
  0.8004743 79.47963 
  0.6915945 79.47963 
  0.7628951 81.4866 
  0.7794476 80.6778 
  0.4819288 80.27641 
  -0.03836451 80.27641 
  0.01015403 80.27641 
  0.07329551 80.27641 
  -0.05813132 79.87703 
  -0.01460905 79.47963 
  -0.04179839 79.47963 
  -0.09968403 79.47963 
  0.1424681 79.47963 
  -0.1720902 79.47963 
  0.4670091 79.87703 
  0.6562086 79.87703 
  0.6641286 80.27641 
  0.6561499 82.71502 
  0.8807376 83.54424 
  0.9747528 83.12859 
  0.915369 82.71502 
  0.7969885 82.71502 
  0.6371761 83.12859 
  0.3987107 83.96195 
  -0.04223808 84.80367 
  0.06378295 85.65383 
  0.209053 86.94508 
  0.02924149 87.8167 
  0.04144373 89.58624 
  -0.1355387 90.93677 
  -0.1119579 92.30766 
  0.01678981 93.6992 
  0.1511616 95.11173 
  0.8178962 95.5873 
  0.6586059 92.30766 
  0.8409683 91.39146 
  0.9775013 91.39146 
  0.9851264 90.93677 
  0.978371 90.93677 
  0.9808109 90.48434 
  0.9927997 90.48434 
  0.9934679 90.48434 
  0.9833045 90.03418 
  0.9760509 90.03418 
  0.9620919 89.14054 
  0.8132248 88.25578 
  0.7462617 86.94508 
  0.8293812 85.65383 
  0.8373209 83.96195 
  0.8362913 82.3035 
  0.8589525 80.27641 
  0.9321044 79.47963 
  0.9397618 79.08421 
  0.9312679 78.29926 
  0.9585288 77.5221 
  0.9695948 77.5221 
  0.9113278 77.5221 
  0.8771037 78.29926 
  0.9485946 79.47963 
  0.802916 79.87703 
  0.6041218 79.47963 
  0.4277099 79.08421 
  0.4111361 78.69076 
  0.1805184 78.29926 
  0.1559687 77.90971 
  -0.1853655 77.5221 
  -0.1423911 77.13642 
  -0.252207 76.75266 
  0.008726476 76.3708 
  -0.0008655712 75.99085 
  0.2395556 75.99085 
  -0.058637 75.61279 
  0.48498 75.61279 
  0.8386657 75.61279 
  0.655132 75.99085 
  0.6356392 76.75266 
  0.9131859 77.5221 
  0.9893777 77.90971 
  0.9844376 78.69076 
  0.9709038 79.08421 
  0.9336915 79.87703 
  0.4855402 81.89403 
  0.7537428 81.08118 
  0.9289371 80.6778 
  0.9607525 80.6778 
  0.9561547 80.6778 
  0.9391697 80.6778 
  0.9104046 81.08118 
  0.8924907 81.08118 
  0.8771272 81.08118 
  0.8648058 80.27641 
  0.8680488 79.47963 
  0.827 78.69076 
  0.836956 77.90971 
  0.8753927 78.29926 
  -0.03948677 78.29926 
  -0.06689338 78.29926 
  -0.007377202 78.29926 
  0.1355332 78.29926 
  0.03393235 78.29926 
  0.005432265 78.29926 
  -0.04498652 78.29926 
  -0.1350917 78.29926 
  -0.1049563 78.29926 
  -0.2214487 78.29926 
  -0.1285525 78.29926 
  -0.1619077 78.29926 
  -0.007333742 78.29926 
  0.1012267 78.29926 
  0.08980969 79.47963 
  0.3430659 81.4866 
  0.5510519 82.3035 
  0.5873712 82.71502 
  0.1163075 82.71502 
  0.3338714 82.71502 
  0.5781227 82.71502 
  0.5187081 82.71502 
  0.3226853 82.71502 
  -0.07351336 82.71502 
  0.07317673 82.71502 
  -0.153199 82.71502 
  0.01398701 82.71502 
  0.1098704 82.71502 
  -0.03793888 82.71502 
  -0.006736892 82.71502 
  -0.1322774 82.71502 ]
