 [
  -0.3141171 105.0885 
  -0.02527297 105.0885 
  -0.2358909 105.0885 
  0.02123678 105.0885 
  0.1754666 105.0885 
  0.07486799 105.0885 
  -0.07932302 105.0885 
  0.1474421 105.0885 
  0.2073649 105.0885 
  0.1104757 105.0885 
  0.1231197 105.0885 
  0.6274072 105.0885 
  0.8894259 105.614 
  0.9491231 107.7421 
  0.9493421 111.5702 
  0.5050774 116.6924 
  0.7546083 121.4426 
  0.746621 125.7574 
  0.6904973 130.2255 
  0.7185382 136.2042 
  0.7942137 140.3417 
  0.7355163 144.605 
  0.736778 149.7427 
  0.9074892 155.8383 
  0.9380879 159.7734 
  0.9542008 162.182 
  0.9799257 163.8079 
  0.9028407 164.6269 
  0.8081531 165.4501 
  0.8979231 166.2773 
  0.9928147 166.2773 
  0.990249 164.6269 
  0.9887692 162.182 
  0.9899162 159.7734 
  0.9853286 156.6175 
  0.9752794 152.7601 
  0.9497313 148.9977 
  0.9111744 143.8855 
  0.8208038 138.9488 
  0.7858098 134.1814 
  0.3584618 130.2255 
  0.4335514 127.6532 
  0.7626557 127.0181 
  0.9446123 127.0181 
  0.91574 126.3862 
  0.8671371 126.3862 
  0.8785134 127.6532 
  0.9790567 128.2915 
  0.9936962 128.2915 
  0.9832106 128.2915 
  0.9810028 129.5776 
  0.964439 130.2255 
  0.8404027 132.8496 
  0.8882677 134.8523 
  0.9462276 136.2042 
  0.9876224 137.5696 
  0.9973697 137.5696 
  0.9983522 138.2575 
  0.9985401 138.2575 
  0.999107 138.2575 
  0.9995625 138.2575 
  0.9969554 138.2575 
  0.9963359 136.8852 
  0.9881856 136.2042 
  0.9476916 134.8523 
  0.8940844 132.1886 
  0.827768 128.9329 
  0.7543633 127.6532 
  0.4566782 127.6532 
  0.2351023 128.2915 
  0.4304291 128.9329 
  0.2199195 129.5776 
  0.1733868 130.2255 
  0.1692988 130.8766 
  0.02571739 132.1886 
  0.08714477 132.8496 
  -0.597116 134.1814 
  0.7276145 135.5266 
  0.8291952 131.531 
  0.8162984 127.6532 
  0.8925803 124.5092 
  0.9743385 122.0498 
  0.9854832 121.4426 
  0.9779618 120.8384 
  0.9028199 119.0438 
  0.8026736 117.8622 
  0.8315857 115.5342 
  -0.05350163 116.6924 
  -0.03278409 118.4515 
  -0.3443788 120.2372 
  0.06156197 122.0498 
  0.1168871 122.6601 
  -0.06068067 122.6601 
  0.6088998 123.2734 
  0.3192005 119.0438 
  0.2491626 115.5342 
  0.7052339 111.5702 
  0.2033487 108.8223 
  -0.2738463 109.3664 
  -0.1362908 109.9132 
  -0.1523959 111.0151 
  -0.06441274 112.128 
  -0.03160851 113.2521 
  -0.03523255 114.3874 
  0.02510415 114.9594 
  0.02394342 116.1118 
  -0.04541236 117.2759 
  0.4257835 119.0438 
  0.7684509 119.639 
  0.8973803 119.0438 
  0.981199 117.2759 
  0.9836324 115.5342 
  0.9580219 113.8184 
  0.913962 112.128 
  0.8381594 111.0151 
  0.5932233 111.0151 
  0.127915 111.5702 
  0.02858786 112.128 
  0.02569975 113.2521 
  -0.01777239 114.3874 
  0.2221955 116.1118 
  0.2129337 117.2759 
  0.189221 119.0438 
  0.09258842 121.4426 
  0.03659872 123.8897 
  0.1392289 127.0181 
  0.740957 129.5776 
  0.8584596 130.2255 
  0.9230917 129.5776 
  0.9581146 128.9329 
  0.9743994 129.5776 
  0.9774374 130.8766 
  0.946651 132.1886 
  0.9181401 134.1814 
  0.9102505 136.2042 
  0.8030436 139.6435 
  0.8159967 145.328 
  0.9068071 149.7427 
  0.8548573 153.5239 
  0.9210949 157.4006 
  0.9600149 158.1876 
  0.9761842 156.6175 
  0.9131963 154.2915 
  0.7959222 149.7427 
  0.7803621 143.8855 
  0.6378604 138.9488 
  0.5972691 133.5138 
  0.7603699 127.6532 
  0.744279 121.4426 
  0.9043403 115.5342 
  0.9187154 111.5702 
  0.9311416 108.8223 
  0.8100029 106.142 
  0.6751154 102.5003 
  0.7665657 100.978 
  0.9716783 100.4756 
  0.9393306 99.47836 
  0.9208277 98.491 
  0.9555184 97.51342 
  0.9447813 98.00098 
  0.933014 97.51342 
  0.8867286 97.02828 
  0.7992511 96.54556 
  0.7851763 95.5873 
  0.4913838 95.11173 
  0.1618494 96.06523 
  0.03195799 97.02828 
  0.1243945 98.00098 
  0.02453931 98.98344 
  -0.04508184 99.97575 
  0.004818843 100.4756 
  0.004184771 100.978 
  -0.01427906 101.9903 
  0.4028444 107.7421 
  0.6344345 107.2061 
  0.9061873 106.6728 
  0.9793015 105.614 
  0.9832981 105.614 
  0.9532169 105.614 
  0.9105754 104.5657 
  0.8679835 103.0128 
  0.7737769 101.4829 
  0.3505153 100.978 
  0.5222671 100.978 
  0.7489649 100.978 
  0.6451651 101.4829 
  0.6079146 101.9903 
  0.6176949 102.5003 
  0.5122682 103.5278 
  0.1967515 104.5657 
  0.5833595 106.142 
  0.2471948 101.4829 
  0.3301634 98.491 
  0.6682124 98.00098 
  0.8530592 97.02828 
  0.8951923 96.54556 
  0.9306005 96.54556 
  0.9517105 96.54556 
  0.946426 96.54556 
  0.9337541 96.06523 
  0.9317802 96.06523 
  0.8781539 96.06523 
  0.9094573 97.02828 
  0.9520197 97.51342 
  0.9763114 97.02828 
  0.9605572 97.02828 
  0.9527845 97.02828 
  0.9458638 96.54556 
  0.9583099 96.06523 
  0.9501644 96.06523 
  0.9528936 96.06523 
  0.8797567 96.06523 
  0.7199833 94.63854 
  0.5733914 93.23304 
  0.3164856 94.1677 
  0.7677788 95.5873 
  0.7977952 97.02828 
  0.6164783 98.491 
  -0.0892712 99.97575 
  0.5816107 101.4829 
  0.7067592 105.614 
  0.8514305 105.0885 
  0.9262891 104.5657 
  0.9182862 105.0885 
  0.8595341 106.142 
  0.8802557 106.142 
  0.8990096 106.6728 
  0.9850632 107.2061 
  0.9926815 107.7421 
  0.9949728 107.7421 
  0.997138 107.7421 
  0.9968929 108.2809 
  0.9960142 108.2809 
  0.9875115 108.8223 
  0.9913194 109.3664 
  0.9927455 108.8223 
  0.9851865 107.7421 
  0.9944019 107.2061 
  0.9943786 107.2061 
  0.9911339 107.7421 
  0.9896612 107.7421 
  0.9880048 107.7421 
  0.9799855 107.7421 
  0.9843444 107.2061 
  0.9917812 106.6728 
  0.9616936 105.614 
  0.921731 104.0455 
  0.847858 101.9903 
  0.8251467 99.97575 
  0.8632794 98.98344 
  0.7748532 97.02828 
  0.730593 95.5873 
  0.76905 94.1677 
  0.8187316 93.23304 
  0.7812616 92.30766 
  0.6491511 92.30766 
  0.7294361 93.23304 
  0.9689192 93.23304 
  0.9793362 93.23304 
  0.9627309 94.1677 
  0.9694203 95.11173 
  0.981774 96.06523 
  0.8672532 96.06523 
  0.4514064 95.5873 
  0.7345589 95.11173 
  0.9375483 95.5873 
  0.9566013 96.54556 
  0.8968689 98.00098 
  0.8568245 99.47836 
  0.8983232 101.4829 
  0.8605548 103.5278 
  0.914542 105.0885 
  0.9387003 106.6728 
  0.9362985 108.2809 
  0.9614502 109.3664 
  0.9852502 110.4628 
  0.9815304 111.0151 
  0.9871471 111.0151 
  0.9877794 111.0151 
  0.9896969 111.0151 
  0.9937508 111.0151 
  0.9938616 110.4628 
  0.9900424 110.4628 
  0.9727209 109.3664 
  0.9788269 108.8223 
  0.9488896 108.2809 
  0.9501435 107.2061 
  0.9675804 106.142 
  0.9789931 105.614 
  0.9854234 105.0885 
  0.9878759 105.0885 
  0.9656796 104.5657 
  0.9123898 104.5657 
  0.8130432 104.0455 
  0.5821086 104.0455 
  -0.1109972 104.0455 
  -0.2305704 105.0885 
  -0.03744978 106.142 
  0.008726452 107.2061 
  -0.0322666 107.7421 
  -0.0185966 108.2809 
  0.06072048 108.8223 
  -0.01069523 110.4628 
  0.1099568 111.5702 
  0.3424287 112.128 
  -0.06969349 112.128 
  -0.005666239 112.128 
  0.06454149 112.6886 
  0.002224069 113.2521 
  0.6517093 111.5702 
  0.6813805 108.8223 
  0.6870962 106.142 
  0.7319413 103.0128 
  0.8460792 100.4756 
  0.974357 99.47836 
  0.9740847 99.47836 
  0.9745631 99.97575 
  0.9783016 99.97575 
  0.9869314 99.47836 
  0.9920996 98.98344 
  0.9934644 98.491 
  0.9660169 98.00098 
  0.9739215 97.51342 
  0.9697711 97.02828 
  0.9290027 96.06523 
  0.9615019 95.5873 
  0.992583 94.63854 
  0.9941751 94.1677 
  0.9641987 93.6992 
  0.9528384 92.7692 
  0.9884348 92.30766 
  0.9845408 91.84841 
  0.9943196 91.39146 
  0.9874663 91.39146 
  0.9763984 91.39146 
  0.885437 91.84841 
  0.7300028 91.84841 
  0.4859432 91.84841 
  0.6069158 91.84841 
  0.781105 91.84841 
  0.7493474 91.84841 
  0.729267 91.84841 
  0.2937075 91.84841 
  0.2452948 91.84841 
  0.4610702 91.84841 
  0.7713617 91.84841 
  0.8337421 91.84841 
  0.7535521 91.84841 
  0.5430713 91.84841 
  0.3986823 91.84841 
  0.1050281 91.84841 
  -0.08299511 91.84841 
  -0.2721038 91.84841 
  -0.2020182 91.84841 
  0.2356213 91.84841 
  0.06010215 91.84841 ]
