 [
  -0.07251236 268.3953 
  -0.04268704 268.3953 
  -0.004557854 268.3953 
  0.06547718 268.3953 
  0.04868096 268.3953 
  -0.09884592 268.3953 
  -0.005649498 268.3953 
  -0.07418194 268.3953 
  -0.01119222 268.3953 
  0.5411744 268.3953 
  0.2075699 268.3953 
  -0.4399095 268.3953 
  -0.02772495 268.3953 
  0.1070634 268.3953 
  0.3068249 268.3953 
  0.7550884 268.3953 
  0.8278111 263.0938 
  0.9358775 261.7849 
  0.9788281 260.4825 
  0.9963201 261.7849 
  0.9781693 261.7849 
  0.9521364 260.4825 
  0.7463483 260.4825 
  0.3393798 264.4093 
  0.2667418 268.3953 
  0.0225041 272.4414 
  -0.2347776 276.5485 
  -0.5390706 280.7175 
  -0.3060883 284.9493 
  -0.3727033 289.245 
  -0.04515247 293.6054 
  0.09177288 298.0316 
  0.3080735 302.5244 
  0.8545906 311.7143 
  0.9360418 314.8393 
  0.9837095 316.4135 
  0.9882091 316.4135 
  0.9853101 314.8393 
  0.990005 313.2729 
  0.9924018 313.2729 
  0.9930189 313.2729 
  0.9927877 313.2729 
  0.9876901 313.2729 
  0.984818 316.4135 
  0.989961 317.9955 
  0.984831 319.5855 
  0.9854399 319.5855 
  0.9822841 321.1834 
  0.9879977 321.1834 
  0.9792776 317.9955 
  0.9666114 314.8393 
  0.9601576 310.1635 
  0.9534968 304.037 
  0.9213478 296.5488 
  0.9226807 287.806 
  0.9389186 282.1211 
  0.9554635 275.1726 
  0.954074 268.3953 
  0.9466592 261.7849 
  0.9431389 252.8029 
  0.9583977 246.5766 
  0.9784018 241.7061 
  0.9717273 236.9318 
  0.9542114 231.0963 
  0.9798274 227.6642 
  0.9924449 227.6642 
  0.9946465 227.6642 
  0.9973797 226.5316 
  0.9998519 225.4046 
  1.000388 225.4046 
  0.9995693 225.4046 
  0.9981127 227.6642 
  0.9970197 229.9466 
  0.991632 232.2518 
  0.9891285 235.753 
  0.9906604 240.5036 
  0.9888399 244.1292 
  0.9935515 247.8095 
  0.996894 249.0485 
  0.9940821 250.2938 
  0.9901403 251.5452 
  0.97436 249.0485 
  0.9746684 246.5766 
  0.9756823 246.5766 
  0.98461 249.0485 
  0.9868858 249.0485 
  0.9714058 247.8095 
  0.9595953 245.3498 
  0.9813613 240.5036 
  0.9870082 239.307 
  0.9844007 238.1164 
  0.9912364 235.753 
  0.9966797 234.5801 
  0.985516 235.753 
  0.9790817 238.1164 
  0.9776523 240.5036 
  0.9496939 242.9146 
  0.9110132 245.3498 
  0.7313732 246.5766 
  0.2403305 249.0485 
  0.2745979 251.5452 
  0.1436695 254.067 
  0.01820404 256.614 
  -0.08476663 259.1866 
  -0.1952766 261.7849 
  0.02467313 264.4093 
  -0.2081374 267.06 
  -0.2604256 269.7372 
  -0.1964564 272.4414 
  0.7221828 275.1726 
  0.9415144 275.1726 
  0.9644397 272.4414 
  0.9346248 271.0859 
  0.8946525 264.4093 
  0.9324927 255.3373 
  0.9367504 252.8029 
  0.927351 251.5452 
  0.9962096 252.8029 
  0.9956485 254.067 
  0.9440693 260.4825 
  0.9475252 265.7313 
  0.964754 265.7313 
  0.9855688 267.06 
  0.9840104 268.3953 
  0.9576772 272.4414 
  0.9599088 276.5485 
  0.9724203 279.3209 
  0.987212 280.7175 
  0.9898546 282.1211 
  0.9926379 282.1211 
  0.9955877 282.1211 
  0.9947256 282.1211 
  0.9877195 280.7175 
  0.9792164 276.5485 
  0.9562075 273.8036 
  0.9566506 272.4414 
  0.9351193 273.8036 
  0.9838775 276.5485 
  0.9866958 277.9312 
  0.9910335 277.9312 
  0.9724093 276.5485 
  0.9558474 275.1726 
  0.9344572 273.8036 
  0.9899115 273.8036 
  0.9998947 273.8036 
  1.000222 272.4414 
  1.000036 271.0859 
  0.9997153 269.7372 
  0.8772405 271.0859 
  0.8902074 269.7372 
  0.9713046 268.3953 
  0.9900553 268.3953 
  0.9961379 267.06 
  0.9898131 267.06 
  0.9771594 269.7372 
  0.9793093 273.8036 
  0.9745805 276.5485 
  0.9604636 275.1726 
  0.9255433 273.8036 
  0.3969632 271.0859 
  0.2150811 268.3953 
  0.2002168 267.06 
  0.006981588 265.7313 
  0.09529321 264.4093 
  0.03616934 263.0938 
  -0.04274769 261.7849 
  -0.1172426 259.1866 
  0.1265977 257.8971 
  0.2790756 256.614 
  0.437983 254.067 
  -0.07466561 251.5452 
  0.5814137 249.0485 
  0.7101498 246.5766 
  0.9337212 244.1292 
  0.9716749 241.7061 
  0.9749234 238.1164 
  0.9660757 233.4131 
  0.9860831 229.9466 
  0.9935662 227.6642 
  0.9891534 224.2832 
  0.9550462 222.057 
  0.911522 219.853 
  0.4422958 220.9523 
  -0.03755533 222.057 
  0.2659779 223.1673 
  0.02352062 224.2832 
  0.07580658 225.4046 
  -0.1376168 226.5316 
  -0.03758034 227.6642 
  0.1129896 228.8026 
  0.643505 229.9466 
  0.816205 231.0963 
  0.9065003 232.2518 
  0.9867477 234.5801 
  0.9837036 238.1164 
  0.981767 241.7061 
  0.9662234 247.8095 
  0.9652376 254.067 
  0.9896533 259.1866 
  0.994046 261.7849 
  0.9966908 264.4093 
  0.9970182 264.4093 
  0.9956272 265.7313 
  0.9880223 268.3953 
  0.9830247 271.0859 
  0.9603461 273.8036 
  0.894456 273.8036 
  0.6692964 273.8036 
  0.6467233 275.1726 
  0.5712349 276.5485 
  0.1264825 277.9312 
  0.08291473 279.3209 
  0.1036763 280.7175 
  -0.02068741 282.1211 
  0.006406574 283.5317 
  0.04310894 284.9493 
  0.1646635 284.9493 
  0.7741933 284.9493 
  0.9420324 286.3741 
  0.975994 289.245 
  0.985407 293.6054 
  0.9911449 296.5488 
  0.9958716 299.5217 
  0.9933181 298.0316 
  0.9842266 295.0734 
  0.9881465 292.1447 
  0.9924173 287.806 
  0.9918845 286.3741 
  0.9954624 284.9493 
  0.9968706 284.9493 
  0.9926285 282.1211 
  0.9840875 277.9312 
  0.9479166 275.1726 
  0.9070578 269.7372 
  0.9272264 260.4825 
  0.9422982 254.067 
  0.9750762 251.5452 
  0.9275388 254.067 
  0.9200697 261.7849 
  0.9758685 267.06 
  0.9463796 267.06 
  0.9183244 264.4093 
  0.8272017 259.1866 
  0.9327237 256.614 
  0.9328785 254.067 
  0.924808 252.8029 
  0.8832263 252.8029 
  0.7742241 254.067 
  0.5578271 255.3373 
  0.4033345 256.614 
  0.1928472 259.1866 
  -0.02319298 261.7849 
  -0.06052817 264.4093 
  0.5654376 265.7313 
  0.8098354 268.3953 
  0.940025 271.0859 
  0.9587368 276.5485 
  0.9799734 279.3209 
  0.9693515 276.5485 
  0.9460524 271.0859 
  0.9458225 264.4093 
  0.9301978 257.8971 
  0.9554657 251.5452 
  0.9507449 246.5766 
  0.9540547 240.5036 
  0.9577954 235.753 
  0.933392 228.8026 
  0.9342027 224.2832 
  0.9395536 218.7592 
  0.9624081 213.3714 
  0.9500075 209.1568 
  0.8974504 205.0254 
  0.8717865 198.9809 
  0.844004 193.1145 
  0.4472111 190.2465 
  0.2861649 188.3582 
  -0.08830908 186.4887 
  -0.1056968 184.6377 
  0.3623067 182.8051 
  0.8441126 182.8051 
  0.9209359 180.9906 
  0.8128862 178.3027 
  0.7254881 174.7808 
  0.7519694 169.6279 
  0.4578751 167.1087 
  0.2194628 160.5723 
  0.5364205 157.4006 
  0.6293285 157.4006 
  0.8154456 157.4006 
  0.9180297 157.4006 
  0.5024009 157.4006 
  0.6423388 157.4006 
  0.774577 157.4006 
  0.6784215 158.1876 
  0.5945349 158.9785 
  0.4253353 160.5723 
  0.07671279 162.9929 
  0.1226011 165.4501 
  -0.1705522 167.9442 
  -0.1440243 170.476 
  0.08127907 173.046 
  0.1918816 175.6547 
  0.1223002 178.3027 
  0.1202372 180.9906 
  -0.2188021 183.7191 
  -0.270902 186.4887 
  -0.2186832 189.3 
  -0.1860625 192.1537 
  -0.1302377 195.0505 
  -0.1304455 197.9909 
  -0.0371119 200.9756 
  -0.03872762 204.0054 
  -0.1424844 207.0808 
  0.100852 210.2025 
  0.4101197 213.3714 
  -0.1074137 216.5879 
  0.02226522 219.853 
  0.6962801 223.1673 
  0.8414385 226.5316 
  0.9368998 229.9466 
  0.9576124 233.4131 
  0.9654695 233.4131 
  0.9527011 229.9466 
  0.9230308 226.5316 
  0.8943211 223.1673 
  0.7427444 218.7592 
  0.966152 219.853 
  0.9936319 220.9523 
  0.9984801 220.9523 
  0.9987845 222.057 
  0.9972066 223.1673 
  0.9908252 226.5316 
  0.9925498 229.9466 
  0.5810331 235.753 
  0.755677 239.307 
  0.844293 240.5036 
  0.9748804 241.7061 
  0.9812481 242.9146 
  0.992557 245.3498 
  0.9924276 246.5766 
  0.9919397 247.8095 
  0.9916372 247.8095 
  0.9949365 247.8095 
  0.9930979 246.5766 
  0.9861535 244.1292 
  0.9855404 242.9146 
  0.9918326 241.7061 
  0.9878002 240.5036 
  0.9811345 240.5036 
  0.9648662 242.9146 
  0.9511635 245.3498 
  0.94938 247.8095 
  0.8773336 246.5766 
  0.7547758 241.7061 
  0.2356547 245.3498 
  0.350001 249.0485 
  0.5764475 251.5452 
  0.6856376 254.067 
  0.5784974 256.614 
  0.3678618 259.1866 
  0.38934 261.7849 
  0.03852897 264.4093 
  0.1009823 267.06 
  0.01668622 269.7372 
  -0.09214742 271.0859 
  0.3010453 272.4414 
  0.5035622 272.4414 
  0.5610139 271.0859 
  -0.2708561 268.3953 
  -0.860858 264.4093 
  -0.002717599 261.7849 
  0.2321904 259.1866 
  0.0992699 256.614 
  0.5918329 254.067 
  0.7156609 247.8095 
  0.6110089 238.1164 
  0.39292 227.6642 
  0.7207163 218.7592 
  0.8560024 214.4382 
  0.9271955 211.2535 
  0.9079176 208.1162 
  0.8576741 206.0505 
  0.7740861 205.0254 
  0.953949 205.0254 
  0.9338245 206.0505 
  0.9043521 207.0808 
  0.9062917 209.1568 
  0.9576652 211.2535 
  0.973458 211.2535 
  0.9747033 211.2535 
  0.9863403 211.2535 
  0.9845551 212.3098 
  0.9563233 213.3714 
  0.9141739 214.4382 
  0.7760831 216.5879 
  0.8252157 219.853 
  0.04237537 223.1673 
  0.2865149 225.4046 
  0.2742103 227.6642 
  0.01140468 229.9466 
  0.07762094 233.4131 
  0.0180664 236.9318 
  0.06888364 240.5036 
  0.04032285 242.9146 
  0.121288 246.5766 
  0.1647337 250.2938 
  0.07469149 254.067 
  0.02745784 257.8971 
  0.409633 263.0938 
  0.8679172 267.06 
  0.9446021 265.7313 
  0.9859227 263.0938 
  0.9891702 259.1866 
  0.9945231 255.3373 
  0.9973136 252.8029 
  0.9992142 251.5452 
  0.9993008 251.5452 
  0.9981062 251.5452 
  0.9947562 254.067 
  0.9923857 255.3373 
  0.9887681 257.8971 
  0.9789137 259.1866 
  0.9426256 259.1866 
  0.7626191 260.4825 
  0.4574985 261.7849 
  0.3550618 263.0938 
  0.6244575 264.4093 
  -0.1039241 265.7313 
  0.04748433 267.06 
  0.1359814 268.3953 
  0.5372632 269.7372 
  0.9179698 271.0859 
  0.9695218 273.8036 
  0.9932798 273.8036 
  0.9867691 271.0859 
  0.9734119 268.3953 
  0.9650238 263.0938 
  0.9744761 256.614 
  0.9800893 252.8029 
  0.9708049 250.2938 
  0.9561949 245.3498 
  0.9273495 239.307 
  0.891673 232.2518 
  0.8908227 224.2832 
  0.9237642 217.6709 
  0.9273937 212.3098 
  0.8946011 207.0808 
  0.8735093 200.9756 
  0.8220844 196.0257 
  0.9038002 191.1978 
  0.9646121 188.3582 
  0.9487344 186.4887 
  0.8690279 186.4887 
  0.7998481 184.6377 
  0.8447049 182.8051 
  0.796662 181.8956 
  0.9067563 181.8956 
  0.9524263 180.9906 
  0.942723 179.1942 
  0.962445 177.4156 
  0.9349351 175.6547 
  0.7412884 173.046 
  0.7042757 169.6279 
  0.7811684 167.1087 
  0.8977349 163.8079 
  0.7213823 161.3751 
  0.6372989 158.9785 
  0.286651 157.4006 
  0.1764728 154.2915 
  0.1995 151.2439 
  0.1542305 148.2564 
  0.301557 145.328 
  0.2353405 141.7487 
  0.3300527 138.2575 
  0.6242322 135.5266 
  0.6113531 132.8496 
  0.6545627 130.8766 
  0.4694419 129.5776 
  0.1464867 128.9329 
  -0.5735275 128.9329 
  -0.4135816 128.9329 
  -0.06049251 128.9329 
  -0.2714417 128.9329 
  -0.0398136 128.9329 ]
