 [
  0.2088537 100.978 
  -0.1121416 100.978 
  0.08570624 100.978 
  0.06462908 100.978 
  0.2153895 100.978 
  0.2865164 100.978 
  0.4629285 100.978 
  -0.1810126 100.978 
  0.1065973 100.978 
  -0.1348411 100.978 
  -0.04911788 100.978 
  0.01872713 100.978 
  0.421081 100.978 
  0.7103989 100.978 
  0.5261021 100.978 
  0.6558549 100.978 
  0.7985433 101.9903 
  0.9632444 103.5278 
  0.9749497 103.5278 
  0.9709283 103.5278 
  0.9607789 103.0128 
  0.9362644 101.9903 
  0.9037344 100.4756 
  0.9331707 98.491 
  0.9127598 97.51342 
  0.8502515 96.06523 
  0.6531001 96.06523 
  0.4127187 96.54556 
  0.354713 97.02828 
  0.1328844 97.51342 
  0.01449595 98.00098 
  0.08543871 98.491 
  0.08777962 99.47836 
  0.07047445 100.4756 
  0.2315692 101.4829 
  0.2359288 102.5003 
  0.3149908 103.5278 
  -0.005293588 104.5657 
  0.05626643 105.614 
  -0.1491301 107.2061 
  -0.1585223 108.8223 
  0.245709 109.9132 
  0.1599049 111.0151 
  0.2811435 112.128 
  0.1921615 113.2521 
  0.1322998 114.3874 
  -0.109062 115.5342 
  0.01884562 116.6924 
  -0.07475802 117.8622 
  0.07396913 119.0438 
  0.2633931 120.2372 
  0.3877824 121.4426 
  0.1598463 123.2734 
  0.1207253 125.1317 
  0.4804512 127.6532 
  0.7360146 133.5138 
  0.7080418 130.2255 
  0.6221228 125.7574 
  0.8431624 122.6601 
  0.9870605 121.4426 
  0.9473904 121.4426 
  0.8799949 123.2734 
  0.9084384 125.7574 
  0.9546547 127.0181 
  0.9579679 128.2915 
  0.954114 129.5776 
  0.9633091 130.2255 
  0.9448386 132.1886 
  0.9401633 132.8496 
  0.8828641 132.1886 
  0.7963864 130.8766 
  0.2944319 129.5776 
  0.1951148 130.2255 
  0.6932967 131.531 
  0.6568912 132.8496 
  -0.04616364 134.1814 
  0.2812734 135.5266 
  0.2713243 136.8852 
  -0.2314711 138.2575 
  -0.1276566 139.6435 
  -0.02752188 141.0434 
  0.06538467 142.4574 
  0.2346466 143.1697 
  0.2416268 143.8855 
  0.09960913 146.0546 
  -0.1837828 149.7427 
  0.5377532 153.5239 
  0.4527351 141.0434 
  0.7498503 138.2575 
  0.9555178 136.8852 
  0.9379174 134.1814 
  0.9718584 131.531 
  0.9833063 129.5776 
  0.991794 128.9329 
  0.9979662 128.9329 
  0.9969959 128.9329 
  0.989277 129.5776 
  0.9786875 129.5776 
  0.9670776 130.2255 
  0.9427209 129.5776 
  0.9410348 129.5776 
  0.9224635 128.2915 
  0.9048052 127.6532 
  0.9375833 127.0181 
  0.9714072 126.3862 
  0.978791 125.7574 
  0.9844785 125.7574 
  0.9862648 125.7574 
  0.9907039 125.1317 
  0.9960957 125.1317 
  0.993547 125.1317 
  0.971143 125.7574 
  0.9262446 126.3862 
  0.8905038 128.2915 
  0.8616292 128.9329 
  0.7526156 127.0181 
  0.555851 123.8897 
  -0.03882486 122.6601 
  0.2177394 122.0498 
  0.1081858 120.8384 
  -0.1218854 119.639 
  0.1194279 118.4515 
  -0.1758542 117.2759 
  -0.1180095 116.6924 
  -0.1355128 115.5342 
  -0.07946887 114.3874 
  -0.08768556 113.2521 
  -0.06033597 112.6886 
  0.7346185 111.5702 
  0.7606782 109.9132 
  0.8538873 108.8223 
  0.7887235 107.7421 
  0.6414636 107.2061 
  -0.4149698 106.142 
  -0.2782266 105.0885 
  0.01776203 104.0455 
  -0.08838902 103.0128 
  0.1218764 101.9903 
  -0.04422053 100.978 
  -0.1406096 100.4756 
  -0.03367631 99.97575 
  0.09207513 99.47836 
  0.05756186 98.98344 
  0.09881922 98.00098 
  0.01467257 97.02828 
  0.4197584 96.06523 
  0.64261 97.51342 
  0.89596 97.51342 
  0.5957597 94.1677 
  0.2650514 86.0821 
  0.5638094 85.65383 
  0.7807966 85.65383 
  0.9144908 84.38177 
  0.8669116 84.38177 
  0.775647 86.0821 
  0.914418 87.3798 
  0.9591295 88.25578 
  0.9739737 88.25578 
  0.9754556 88.25578 
  0.9896775 87.8167 
  0.9772778 88.25578 
  0.9621177 88.69706 
  0.9322014 89.14054 
  0.9171761 90.03418 
  0.9273772 90.93677 
  0.9399222 91.39146 
  0.928581 91.39146 
  0.8296667 91.84841 
  0.8200346 92.30766 
  0.745338 93.23304 
  0.6309941 92.7692 
  0.5557669 93.6992 
  0.8607704 93.6992 
  0.9527589 93.6992 
  0.9349034 93.23304 
  0.9028966 92.7692 
  0.7807522 92.30766 
  0.3314996 92.30766 
  -0.007186104 91.84841 
  0.01365382 91.39146 
  0.1776382 91.39146 
  0.6591238 94.63854 
  0.759729 97.02828 
  0.7091163 97.02828 
  0.7696528 96.06523 
  0.9575835 95.11173 
  0.9830077 95.5873 
  0.9474102 95.5873 
  0.6848564 93.6992 
  0.2873788 90.48434 
  0.5313917 85.2277 
  0.2535062 85.65383 
  0.4340903 87.3798 
  0.1324126 89.14054 
  0.05267868 88.25578 
  -0.1021373 88.25578 
  0.1779348 88.69706 
  0.1845054 89.14054 
  -0.04573086 90.03418 
  0.1491868 90.48434 
  0.5158879 91.39146 
  0.5722577 93.23304 
  0.9395639 95.11173 
  0.9835109 96.54556 
  0.9790165 97.02828 
  0.957116 96.54556 
  0.95983 96.06523 
  0.9534184 95.11173 
  0.8581663 94.1677 
  0.4622974 94.1677 
  0.07791804 94.63854 
  -0.07672089 95.5873 
  0.1410293 96.54556 
  0.2741749 98.00098 
  0.6017201 99.47836 
  0.8485219 100.4756 
  0.9500284 100.978 
  0.9539044 101.9903 
  0.9759467 102.5003 
  0.9889139 103.0128 
  0.9922524 103.0128 
  0.995267 103.5278 
  0.897213 104.5657 
  0.7181396 107.7421 
  0.8309512 108.8223 
  0.8844241 109.9132 
  0.9490577 110.4628 
  0.9571441 112.128 
  0.9498451 113.8184 
  0.9212117 115.5342 
  0.927179 117.2759 
  0.9644576 119.0438 
  0.9859376 119.639 
  0.9849531 120.2372 
  0.7787193 118.4515 
  0.5254835 115.5342 
  0.3410728 112.128 
  0.4748283 98.00098 
  0.4803701 91.84841 
  0.4947633 89.14054 
  -0.3598943 89.58624 
  0.1376618 90.48434 
  -0.1824755 91.39146 
  0.1767431 92.30766 
  0.06693926 93.23304 
  0.08209631 94.1677 
  0.6108828 94.63854 
  0.721078 96.06523 
  0.4694828 100.4756 
  0.6365702 105.614 
  0.9020534 108.8223 
  0.9624448 109.9132 
  0.95748 109.3664 
  0.9709684 109.3664 
  0.949517 108.2809 
  0.9099627 106.142 
  0.9071725 104.0455 
  0.9081954 101.9903 
  0.9041436 99.97575 
  0.7236099 98.98344 
  0.0388786 99.97575 
  0.2392661 100.978 
  0.06084669 101.9903 
  -0.01265203 103.0128 
  -0.06325169 104.0455 
  -0.205807 105.0885 
  0.07760881 106.142 
  -0.02476008 107.2061 
  -0.1460058 108.2809 
  -0.1308021 109.9132 
  -0.126063 111.0151 
  -0.1793362 112.128 
  -0.03073667 113.2521 
  0.2855979 114.3874 
  0.7405796 116.6924 
  0.8683887 115.5342 
  0.9081192 113.8184 
  0.9409473 112.6886 
  0.9771264 111.5702 
  0.9759818 111.0151 
  0.9592853 111.5702 
  0.9597539 111.5702 
  0.9861145 112.128 
  0.9858261 111.5702 
  0.9748139 111.0151 
  0.9648549 109.3664 
  0.9666733 108.2809 
  0.9577857 106.6728 
  0.9455771 105.614 
  0.8806968 103.5278 
  0.8015307 101.9903 
  0.457808 100.978 
  -0.1913418 100.4756 
  0.05824294 99.97575 
  -0.0092611 99.47836 
  -0.1436031 98.98344 
  -0.08326625 98.491 
  -0.1605056 98.00098 
  0.1578047 98.00098 
  -0.03142586 98.00098 
  0.06420701 98.00098 
  -0.08722112 98.00098 
  0.0753644 98.00098 
  -0.03288387 97.51342 
  -0.03178004 97.51342 
  0.04452128 97.51342 
  0.5387312 98.98344 
  0.6838868 103.0128 
  0.7763832 104.0455 
  0.8207846 104.0455 
  0.8828213 101.9903 
  0.9602799 100.978 
  0.9744402 99.97575 
  0.9921995 99.47836 
  0.9863205 99.97575 
  0.9849098 99.97575 
  0.9780008 100.4756 
  0.9712504 100.4756 
  0.9702238 100.4756 
  0.9441792 100.4756 
  0.8598726 99.97575 
  0.7856731 99.47836 
  0.1568168 99.97575 
  0.4582468 100.978 
  -0.1151039 101.9903 
  -0.5372925 103.0128 
  -0.3283159 104.5657 
  -0.2617804 105.614 
  -0.2476439 106.6728 
  0.2489446 107.7421 
  0.6895113 105.614 
  0.8711061 105.614 
  0.9220273 105.614 
  0.8767226 105.0885 
  0.8903872 103.5278 
  0.9314396 101.9903 
  0.9033452 100.4756 
  0.9356182 98.98344 
  0.9176263 97.51342 
  0.9002835 96.06523 
  0.8892052 94.63854 
  0.8227392 92.7692 
  0.8250352 90.93677 
  0.9455211 90.03418 
  0.9411148 88.69706 
  0.9376295 87.3798 
  0.9378638 86.0821 
  0.9005471 84.80367 
  0.9326835 83.96195 
  0.8054707 83.54424 
  0.7455582 82.71502 
  0.7698973 81.08118 
  0.8466331 81.08118 
  0.9819288 81.08118 
  0.9629194 80.6778 
  0.9362449 80.27641 
  0.9070537 79.08421 
  0.8228191 77.90971 
  0.8361844 77.13642 
  0.8667446 77.13642 
  0.724609 77.13642 
  0.1588901 77.13642 
  -0.3502542 77.13642 
  -0.3315919 77.13642 
  -0.2464622 77.13642 
  -0.0238151 77.13642 
  -0.2505745 77.13642 
  -0.2291897 77.13642 
  -0.1064895 77.13642 
  -0.08672582 77.13642 
  -0.0520684 77.13642 
  -0.03457607 77.13642 
  -0.09579609 77.13642 
  -0.0671384 77.13642 ]
