 [
  -0.2401129 108.8223 
  -0.1184575 108.8223 
  -0.2986059 108.8223 
  -0.2007618 108.8223 
  -0.02495338 108.8223 
  -0.1425576 108.8223 
  -0.2300868 108.8223 
  -0.2294068 108.8223 
  0.04666705 108.8223 
  0.0259085 108.8223 
  0.1670754 108.8223 
  0.1880048 108.8223 
  -0.007016897 108.8223 
  -0.07892935 108.8223 
  -0.1070341 108.8223 
  -0.1106454 108.8223 
  0.1158284 108.8223 
  0.02898583 108.8223 
  0.04319184 108.8223 
  -0.05201426 108.8223 
  -0.119014 108.8223 
  0.1398594 108.8223 
  0.1176006 108.8223 
  0.0259404 109.3664 
  0.0609393 109.9132 
  0.2135678 110.4628 
  0.7219226 111.0151 
  0.886158 111.0151 
  0.9056262 109.9132 
  0.9153553 110.4628 
  0.8947039 111.5702 
  0.9070232 112.6886 
  0.8862885 113.8184 
  0.9220237 114.9594 
  0.9464132 116.1118 
  0.9668261 117.2759 
  0.9857314 117.2759 
  0.9739228 116.6924 
  0.9294455 116.1118 
  0.9135738 114.3874 
  0.9356992 113.2521 
  0.9371182 111.5702 
  0.8614752 110.4628 
  0.5837537 110.4628 
  0.03237036 112.6886 
  -0.08569542 114.9594 
  0.09925256 117.2759 
  -0.04206315 119.639 
  -0.07072098 122.0498 
  -0.01767486 124.5092 
  -0.1168182 127.0181 
  -0.01010302 129.5776 
  -0.04403767 132.1886 
  0.09229136 134.1814 
  0.3319745 136.8852 
  0.8234921 148.2564 
  0.9304879 148.9977 
  0.9798756 150.4914 
  0.9903107 151.2439 
  0.9967232 152.0001 
  0.9956412 152.0001 
  0.9731382 153.5239 
  0.9746236 155.063 
  0.9872674 156.6175 
  0.9626904 156.6175 
  0.9447234 155.063 
  0.8597779 152.7601 
  0.5877612 152.0001 
  0.1892267 151.2439 
  -0.02486559 150.4914 
  -0.08427241 149.7427 
  0.01348407 148.9977 
  0.1537352 148.2564 
  0.09429797 147.5188 
  -0.03024375 146.7849 
  -0.2086598 146.0546 
  -0.2345397 145.328 
  -0.1656806 144.605 
  0.6533991 143.8855 
  0.7895139 142.4574 
  0.8287255 140.3417 
  0.8295529 135.5266 
  0.8491336 132.1886 
  0.7148771 130.2255 
  -0.01367374 129.5776 
  -0.2114604 128.9329 
  -0.04052804 128.2915 
  -0.06903633 127.6532 
  -0.06557611 127.0181 
  -0.05191123 126.3862 
  -0.08773359 125.7574 
  0.07484921 125.1317 
  -0.06085863 124.5092 
  0.05072085 123.8897 
  0.5017503 123.8897 
  0.654523 129.5776 
  0.8599118 130.8766 
  0.9511488 130.8766 
  0.9761166 129.5776 
  0.9928977 128.2915 
  0.9917818 127.6532 
  0.9809847 127.6532 
  0.9596038 127.6532 
  0.9257563 127.6532 
  0.8820933 125.1317 
  0.634149 125.1317 
  0.07295152 125.7574 
  -0.01818927 125.7574 
  -0.05802506 125.7574 
  -0.1321465 125.7574 
  -0.1470253 125.7574 
  -0.08184721 126.3862 
  0.1071889 127.0181 
  0.1108667 127.6532 
  -0.02876379 127.6532 
  0.06880345 128.2915 
  -0.06671755 128.9329 
  -0.1996972 129.5776 
  -0.1833787 130.2255 
  0.3576857 130.8766 
  0.460345 132.1886 
  0.4992393 128.2915 
  0.817396 125.7574 
  0.7798839 122.6601 
  -0.04490894 120.8384 
  0.1155411 119.639 
  0.8125917 119.0438 
  0.9217077 118.4515 
  0.9566005 117.2759 
  0.9792517 116.1118 
  0.9884534 115.5342 
  0.9896032 114.3874 
  0.9846154 112.6886 
  0.9906901 111.5702 
  0.9956517 110.4628 
  0.994749 109.9132 
  0.9949373 109.9132 
  0.9651398 110.4628 
  0.9178326 111.0151 
  0.9086801 112.6886 
  0.8807049 114.3874 
  0.9570014 116.6924 
  0.9506166 117.8622 
  0.9341054 117.8622 
  0.9296972 117.8622 
  0.9257945 117.2759 
  0.8687158 116.1118 
  0.7793605 115.5342 
  0.7596924 114.9594 
  0.6171377 114.3874 
  0.3046783 113.8184 
  0.09921291 113.2521 
  0.01369463 112.6886 
  0.1319812 112.128 
  -0.1452557 111.5702 
  -0.0944455 111.0151 
  -0.06590855 110.4628 
  0.3487609 109.9132 
  0.2449422 109.3664 
  0.08826403 108.8223 
  -0.06884817 108.2809 
  -0.07255617 107.7421 
  -0.4116566 107.2061 
  -0.09537932 106.6728 
  -0.1130865 106.142 
  0.08140743 105.614 
  0.3057405 105.0885 
  0.3675017 101.9903 
  0.3778401 106.142 
  0.6640761 107.2061 
  0.8244535 108.2809 
  0.7994244 108.8223 
  0.7091057 109.3664 
  0.6520555 106.142 
  0.03328421 106.6728 
  -0.2465725 107.2061 
  0.1127797 108.2809 
  0.2179707 109.3664 
  0.2661283 110.4628 
  -0.03992021 111.5702 
  -0.1635339 112.6886 
  0.1191495 113.8184 
  0.3807725 114.9594 
  0.4161856 112.6886 
  0.5501541 109.3664 
  0.9305272 107.2061 
  0.885218 105.614 
  0.8729024 103.5278 
  0.9291013 101.4829 
  0.9211689 100.4756 
  0.7890803 100.978 
  0.5851314 103.5278 
  0.6251339 108.2809 
  0.8197316 112.6886 
  0.8946796 115.5342 
  0.9340461 116.1118 
  0.9689371 116.6924 
  0.9800817 118.4515 
  0.9937418 118.4515 
  0.9960483 118.4515 
  0.9957702 118.4515 
  0.9783493 119.0438 
  0.9453759 120.8384 
  0.9529358 122.6601 
  0.9465634 123.8897 
  0.9267848 125.7574 
  0.9179415 128.2915 
  0.9270958 130.8766 
  0.9629621 132.1886 
  0.9618211 134.1814 
  0.9794764 135.5266 
  0.9915534 136.2042 
  0.9968566 136.2042 
  0.9980685 135.5266 
  0.992469 134.8523 
  0.9826469 133.5138 
  0.9794556 132.1886 
  0.9685293 130.2255 
  0.9344237 127.6532 
  0.9480515 126.3862 
  0.9113711 125.1317 
  0.8882606 123.2734 
  0.8650941 121.4426 
  0.9046173 119.0438 
  0.9718891 118.4515 
  0.9883784 117.8622 
  0.9851077 117.8622 
  0.9869572 117.8622 
  0.9681429 117.2759 
  0.9692408 116.6924 
  0.9658788 115.5342 
  0.9426101 114.9594 
  0.968325 114.3874 
  0.9501843 114.9594 
  0.7563903 113.2521 
  0.6537386 111.0151 
  0.2258196 116.1118 
  -0.1302483 116.1118 
  -0.06687874 116.1118 
  0.003056025 116.1118 
  -0.04704333 116.1118 
  -0.05749474 116.1118 
  -0.02870757 116.1118 
  0.02721748 116.1118 
  -0.02678702 116.1118 
  -0.1365904 116.1118 
  -0.1676008 116.1118 
  -0.1342708 116.6924 
  -0.09458812 116.6924 
  0.09488503 116.6924 
  0.06987311 116.6924 
  0.05979065 116.6924 
  -0.01228985 116.6924 
  -0.1360726 116.6924 
  -0.2125026 117.2759 
  0.02835321 117.8622 
  0.4552903 118.4515 
  0.6805003 124.5092 
  0.8187976 125.1317 
  0.9256402 124.5092 
  0.916352 122.6601 
  0.9459679 120.8384 
  0.9773562 119.639 
  0.9861875 118.4515 
  0.9869426 118.4515 
  0.9915749 117.8622 
  0.9931329 117.2759 
  0.9455996 116.6924 
  0.8214895 116.6924 
  0.4596616 114.3874 
  0.6728362 115.5342 
  0.8888175 116.6924 
  0.9287097 116.6924 
  0.8018415 115.5342 
  0.7067671 113.8184 
  0.8252875 109.3664 
  0.8745583 105.614 
  0.8334727 101.9903 
  0.9101571 99.47836 
  0.9262482 98.491 
  0.9155976 98.491 
  0.8373647 99.47836 
  0.8259363 100.978 
  0.8269321 102.5003 
  0.8605452 104.5657 
  0.9281623 106.6728 
  0.9521356 108.2809 
  0.9322931 110.4628 
  0.9359093 113.2521 
  0.910912 115.5342 
  0.9342531 117.2759 
  0.9788584 119.0438 
  0.9889403 119.639 
  0.9963491 120.2372 
  0.9979757 120.2372 
  0.9981965 120.2372 
  0.9948441 120.2372 
  0.9911609 119.639 
  0.9799537 118.4515 
  0.952252 116.6924 
  0.9423614 115.5342 
  0.9343526 113.2521 
  0.9491435 112.128 
  0.9232898 110.4628 
  0.8343096 108.2809 
  0.8884498 106.6728 
  0.9419124 106.142 
  0.9317924 105.614 
  0.9393384 105.0885 
  0.9510917 105.0885 
  0.9578385 106.142 
  0.9566762 106.142 
  0.9518548 107.2061 
  0.9297354 107.7421 
  0.9764832 108.8223 
  0.9828492 108.8223 
  0.9777531 108.8223 
  0.9317789 108.2809 
  0.885924 107.7421 
  0.783311 106.6728 
  0.8482603 106.142 
  0.907782 105.614 
  0.8815709 105.0885 
  0.865419 104.5657 
  0.8693502 104.0455 
  0.5314404 103.5278 
  0.361895 102.5003 
  0.2574785 101.4829 
  0.494151 100.978 
  -0.390898 100.4756 
  -0.310487 99.97575 
  -0.4077271 99.47836 
  -0.3701568 98.98344 
  -0.01018178 98.491 
  0.2401063 98.00098 
  0.6124032 97.51342 
  0.3348251 97.02828 
  0.04726578 96.54556 
  -0.1232641 96.06523 
  -0.1761564 95.5873 
  -0.1767909 95.11173 
  -0.06805067 94.63854 
  -0.09589346 94.1677 
  -0.1437254 93.6992 
  -0.2625549 93.23304 
  -0.1135394 92.7692 
  0.4357194 92.30766 
  0.740667 91.84841 
  0.7155414 93.23304 
  0.3720618 101.9903 
  0.656619 106.142 
  0.7574502 111.0151 
  0.954412 113.2521 
  0.9001775 111.5702 
  0.8965092 109.3664 
  0.9363537 106.6728 
  0.8033834 104.0455 
  0.7711626 101.9903 
  0.767979 100.4756 
  0.5643113 100.978 
  0.2633678 101.9903 
  -0.05901049 103.0128 
  0.04393118 103.5278 
  -0.04276896 104.0455 
  0.03323695 104.5657 
  -0.3519477 105.614 
  0.05655012 106.6728 
  -0.2286398 107.7421 
  0.05547182 108.8223 
  0.04715699 109.9132 
  0.09214672 111.0151 
  0.05250664 112.128 
  0.3780022 113.2521 
  0.4875364 114.3874 
  0.1249809 115.5342 
  0.02185863 116.6924 
  0.1058125 117.2759 
  0.1952482 117.8622 
  0.2080056 117.8622 
  0.1848867 117.2759 
  0.2068363 116.6924 
  0.2246279 116.1118 
  0.6798468 125.7574 
  0.8298849 125.7574 
  0.8955183 124.5092 
  0.8723453 123.2734 
  0.9805964 122.0498 
  0.9697202 122.0498 
  0.9598055 123.2734 
  0.9539137 124.5092 
  0.9480479 125.1317 
  0.8697315 125.1317 
  0.7693052 125.1317 
  0.4841595 121.4426 
  0.2061654 120.8384 
  0.1339688 120.2372 
  -0.004365435 119.0438 
  0.1942771 117.8622 
  0.2597228 117.2759 
  0.264627 116.6924 
  -0.06163743 116.1118 
  -0.103167 115.5342 
  -0.04490435 114.9594 
  -0.3574297 114.3874 
  0.4220782 113.8184 
  0.7073725 116.6924 
  0.7808831 116.1118 
  0.8542536 116.6924 
  0.7739745 113.2521 
  -0.08769768 113.2521 
  -0.2846423 113.2521 
  -0.6302996 113.2521 
  -0.3159264 113.2521 
  -0.4863175 113.2521 
  -0.2301501 113.2521 
  -0.1161285 113.8184 
  0.101014 113.8184 
  0.0752515 113.8184 
  0.1363706 114.3874 
  -0.003159431 114.9594 
  0.4415359 116.6924 
  0.8256637 120.8384 
  0.9489844 120.2372 
  0.9353524 119.0438 
  0.9201813 117.8622 
  0.8827501 116.1118 
  0.8739042 114.3874 
  0.9359664 112.6886 
  0.9855376 111.5702 
  0.9939226 111.0151 
  0.9866687 111.0151 
  0.9665356 111.0151 
  0.9282666 111.0151 
  0.8680477 111.0151 
  0.6795341 111.5702 
  -0.2222046 111.5702 
  0.04493754 111.0151 
  -0.03744135 110.4628 
  -0.05034542 109.9132 
  0.004916738 109.9132 
  0.009965243 109.9132 
  0.1586592 109.9132 
  0.03486937 109.3664 
  -0.0275371 108.8223 
  0.4880165 108.2809 
  0.4034628 105.614 
  0.5319381 104.0455 
  0.8527126 103.0128 
  0.7941943 103.0128 
  0.01898511 104.5657 
  0.1209844 106.142 
  -0.1748225 108.2809 
  0.3105605 110.4628 
  -0.1410119 112.6886 
  0.002819814 114.9594 
  0.07119679 116.6924 
  0.03710103 117.8622 
  -0.02457947 119.0438 
  -0.1659777 121.4426 
  -0.1258311 123.2734 
  0.7611427 125.7574 
  0.7364279 122.0498 
  0.7738721 120.2372 
  0.8985063 119.0438 
  0.8990034 117.2759 
  0.8641315 114.9594 
  0.943547 113.2521 
  0.9780935 112.6886 
  0.995465 112.128 
  0.9937091 112.128 
  0.9633092 111.5702 
  0.8219021 111.5702 
  0.6008402 109.9132 
  0.6909294 110.4628 
  0.7844716 108.8223 
  0.8037921 107.2061 
  0.8949753 105.614 
  0.8796903 104.5657 
  0.7951076 103.5278 
  0.7681631 101.9903 
  0.5328777 98.98344 
  0.3715201 98.491 
  0.1321032 98.00098 
  -0.01140444 97.51342 
  -0.01267299 97.02828 
  0.1278651 97.02828 
  0.1252297 97.02828 
  0.08972956 97.02828 
  -0.08445546 97.02828 
  0.004545437 97.02828 
  0.1245814 97.02828 
  -0.001156901 97.02828 
  0.4043188 97.02828 
  0.6743161 96.06523 
  0.9231981 95.5873 
  0.7388465 94.1677 
  0.6223659 90.93677 
  0.6378304 88.25578 
  0.5980216 86.94508 
  0.223272 86.51251 
  -0.1906017 86.51251 
  0.07663541 86.51251 
  0.1973685 86.51251 
  0.031175 86.51251 
  -0.0554933 86.51251 
  -0.05477577 86.51251 
  -0.1049341 86.51251 
  0.09219435 86.51251 
  -0.002180937 86.51251 
  0.08777177 86.51251 
  0.1447205 86.51251 
  0.005771061 86.0821 
  0.0557095 85.65383 
  0.1365191 85.2277 
  0.02026274 85.2277 
  -0.1605017 85.2277 
  -0.1957938 85.2277 
  -0.08671487 85.2277 
  0.01446562 85.2277 
  0.01144748 85.2277 
  0.1324971 85.2277 
  0.1442607 85.2277 
  0.1087487 85.2277 
  0.0633666 85.2277 
  0.04634063 85.2277 
  0.05220053 85.2277 
  -0.07366613 85.2277 
  0.04969165 85.2277 
  -0.08699667 85.2277 
  -0.2929916 85.2277 
  -0.3848963 85.2277 
  -0.2742634 85.2277 
  0.03324516 85.2277 
  0.09718211 85.2277 
  0.04007936 85.2277 
  0.1362399 85.2277 
  0.198545 85.2277 
  0.141892 85.2277 ]
