 [
  0.0250726 114.9594 
  0.005107611 114.9594 
  0.01169257 114.9594 
  0.04158302 114.9594 
  0.1807405 114.9594 
  0.267819 114.9594 
  0.09000165 114.9594 
  -0.2111395 114.9594 
  -0.4754733 114.9594 
  0.002699804 114.9594 
  0.2387462 114.9594 
  -0.07188237 114.9594 
  -0.02079936 114.9594 
  0.006451743 114.9594 
  0.02506492 114.9594 
  0.01425372 114.9594 
  0.04610475 114.9594 
  -0.1015382 114.9594 
  -0.0800992 114.9594 
  -0.1037794 114.9594 
  -0.0825021 114.9594 
  0.02985784 114.9594 
  0.1256958 114.9594 
  -0.06416054 114.9594 
  0.04441668 114.9594 
  0.05806323 114.9594 
  0.03383696 114.9594 
  0.008133937 114.9594 
  -0.09136182 114.9594 
  -0.06081012 114.9594 
  0.03636961 114.9594 
  0.073296 114.9594 
  0.05293628 114.9594 
  0.1684054 114.9594 
  0.01493918 114.9594 
  -0.06345838 114.9594 
  -0.06800544 114.9594 
  0.09907106 114.9594 
  0.0009559654 114.9594 
  0.07014314 114.9594 
  -0.02782743 114.9594 
  0.03523055 114.9594 
  0.1157288 114.9594 
  0.220537 114.9594 
  -0.04628457 114.9594 
  -0.06150732 114.9594 
  0.01229628 114.9594 
  0.14643 114.9594 
  0.07713243 114.9594 
  -0.01979581 114.9594 
  -4.034676e-05 114.9594 
  0.1402788 114.9594 
  0.2359878 114.9594 
  0.2973367 115.5342 
  0.1192659 116.1118 
  -0.0189149 116.1118 
  -0.07102761 116.1118 
  -0.1096407 116.1118 
  -0.01305698 116.1118 
  0.06214374 116.1118 
  -0.02721489 116.1118 
  0.6192647 116.1118 
  0.7184612 116.6924 
  0.748338 117.2759 
  0.51195 119.0438 
  0.7636576 117.2759 
  0.8266481 119.639 
  0.9315813 119.639 
  0.9581717 120.8384 
  0.9771716 120.8384 
  0.9765841 120.8384 
  0.9654498 120.2372 
  0.9131403 119.0438 
  0.8747869 116.6924 
  0.9581656 115.5342 
  0.9741679 115.5342 
  0.9498994 115.5342 
  0.9251116 116.1118 
  0.888844 116.1118 
  0.8179137 114.9594 
  0.7971923 114.3874 
  0.6335607 111.5702 
  0.5942545 108.2809 
  0.5418963 108.2809 
  0.4908727 108.2809 
  0.33183 109.9132 
  0.3976013 113.2521 
  0.4367004 117.2759 
  0.3974843 123.2734 
  0.7339714 130.8766 
  0.9001818 139.6435 
  0.9570399 141.7487 
  0.9779855 143.8855 
  0.9887288 144.605 
  0.988965 146.0546 
  0.9752325 147.5188 
  0.9500436 151.2439 
  0.9388034 155.063 
  0.9590018 158.9785 
  0.983367 161.3751 
  0.9968013 162.9929 
  0.9940919 162.9929 
  0.97166 161.3751 
  0.9404895 157.4006 
  0.9127761 153.5239 
  0.8587303 147.5188 
  0.8268251 143.1697 
  0.8369489 137.5696 
  0.8670909 132.1886 
  0.9493645 127.6532 
  0.9341105 125.1317 
  0.9178004 122.6601 
  0.8915025 118.4515 
  0.8565909 114.3874 
  0.770463 112.128 
  0.3706771 112.128 
  -0.1726506 113.8184 
  -0.2666786 115.5342 
  -0.2037259 117.2759 
  -0.06316809 119.0438 
  -0.09540125 120.8384 
  -0.1610166 122.6601 
  -0.2106109 124.5092 
  -0.2147493 126.3862 
  -0.1639161 128.2915 
  -0.3377117 130.2255 
  0.1471871 132.1886 
  0.1286203 134.1814 
  0.1300884 136.2042 
  0.3396988 138.2575 
  0.2629668 140.3417 
  -0.05782292 142.4574 
  -0.1284594 143.8855 
  -0.05164769 145.328 
  0.1204395 147.5188 
  0.2696436 148.9977 
  -0.03113491 149.7427 
  0.7506942 152.0001 
  0.8709469 152.0001 
  0.9819362 152.7601 
  0.993847 153.5239 
  0.9993616 154.2915 
  0.9984357 155.063 
  0.9976171 155.063 
  0.9976842 155.8383 
  0.9971357 155.063 
  0.9903886 154.2915 
  0.9825124 153.5239 
  0.9873842 152.7601 
  0.9955565 152.7601 
  0.9815272 153.5239 
  0.9876778 154.2915 
  0.9918695 155.063 
  0.9938015 155.063 
  0.9904019 155.063 
  0.9894873 154.2915 
  0.9940944 153.5239 
  0.9973829 152.7601 
  0.9973679 152.7601 
  0.9876041 153.5239 
  0.9853631 155.063 
  0.9885814 155.8383 
  0.9951397 155.063 
  0.9932544 155.063 
  0.9936651 155.063 
  0.9964488 155.063 
  0.9985951 155.8383 
  0.9961006 155.8383 
  0.9927798 155.8383 
  0.9958462 155.8383 
  0.9944119 155.8383 
  0.9930608 155.8383 
  0.9411996 155.063 
  0.8848777 154.2915 
  0.6256887 152.0001 
  0.9816266 150.4914 
  0.9904607 148.9977 
  0.9888315 146.7849 
  0.9847593 144.605 
  0.9696168 141.7487 
  0.973725 138.9488 
  0.944556 136.2042 
  0.3608847 133.5138 
  0.7279555 128.9329 
  0.7791646 127.0181 
  0.8341787 125.7574 
  0.9571762 124.5092 
  0.9685705 123.2734 
  0.9436761 122.6601 
  0.9744924 121.4426 
  0.9472594 120.8384 
  0.9567473 119.639 
  0.9449872 118.4515 
  0.8933403 116.6924 
  0.773508 113.8184 
  0.8723159 112.128 
  0.9412411 111.0151 
  0.9766865 109.9132 
  0.972782 109.9132 
  0.9818025 109.3664 
  0.9453673 108.2809 
  0.8824344 106.6728 
  0.6525419 104.5657 
  0.6791278 100.978 
  0.1172036 100.4756 
  0.2172437 101.4829 
  0.3564661 102.5003 
  0.6065058 103.5278 
  0.8925456 104.0455 
  0.9574018 104.0455 
  0.9842046 104.0455 
  0.9846812 103.5278 
  0.9144027 104.5657 
  0.8547364 104.5657 
  0.7015828 103.5278 
  0.8854002 101.4829 
  0.8525594 100.4756 
  0.758581 99.47836 
  0.3221523 98.98344 
  0.6020237 98.98344 
  0.5559024 98.98344 
  0.3938922 98.98344 
  0.03295881 98.98344 
  0.04101571 98.98344 
  0.09476946 98.98344 
  0.1261624 98.98344 
  0.06497461 98.98344 
  0.0898294 98.98344 
  -0.1322533 98.98344 
  -0.04951553 98.98344 
  -0.04506141 98.98344 
  -0.3208743 98.98344 
  -0.1882193 98.98344 
  -0.02184522 98.98344 
  0.006305831 98.98344 
  -0.1176437 98.98344 
  -0.1339393 98.98344 
  -0.1984347 98.98344 
  -0.06958064 98.98344 
  -0.0261203 98.98344 
  0.2213605 98.98344 
  -0.01069556 98.98344 
  0.08789882 98.98344 
  0.08119101 98.98344 
  -0.09203467 98.98344 
  0.1049496 98.98344 
  0.06168322 98.98344 ]
