 [
  -0.05338159 273.8036 
  -0.1167532 273.8036 
  0.0292021 273.8036 
  -0.02633451 273.8036 
  0.02697241 273.8036 
  0.0564891 273.8036 
  0.1485643 273.8036 
  0.1706514 273.8036 
  0.08171976 273.8036 
  0.02707013 273.8036 
  0.04060687 273.8036 
  0.03112943 273.8036 
  0.1549036 273.8036 
  0.1271222 273.8036 
  -0.1819911 273.8036 
  -0.2896258 273.8036 
  -0.1368766 273.8036 
  -0.1552278 273.8036 
  0.03797887 273.8036 
  0.09987226 273.8036 
  0.1582085 273.8036 
  -0.112565 273.8036 
  -0.1855128 273.8036 
  -0.005509296 273.8036 
  0.001591438 273.8036 
  -0.04720671 273.8036 
  0.1076401 273.8036 
  0.2768384 273.8036 
  0.2518647 273.8036 
  0.1442218 273.8036 
  -0.06434759 273.8036 
  -0.1001761 273.8036 
  -0.000926893 273.8036 
  0.2256331 273.8036 
  0.2649777 273.8036 
  0.1929725 273.8036 
  0.001602868 273.8036 
  -0.09122838 273.8036 
  -0.08811561 273.8036 
  -0.09772712 273.8036 
  -0.03110587 273.8036 
  0.1194589 273.8036 
  0.1210721 273.8036 
  0.1129444 273.8036 
  0.1878913 273.8036 
  0.04939584 273.8036 
  -0.05310084 273.8036 
  -0.09947782 273.8036 
  -0.039125 273.8036 
  0.07539557 273.8036 
  0.05473325 273.8036 
  0.0303499 273.8036 
  -0.05160383 273.8036 
  -0.07553282 273.8036 
  0.06442752 273.8036 
  0.2822256 273.8036 
  0.1826977 273.8036 
  -0.02736156 273.8036 
  0.04458486 273.8036 
  0.1329852 273.8036 
  0.2666847 273.8036 
  0.1930957 273.8036 
  0.3183091 273.8036 
  -0.0747425 273.8036 
  0.02941504 273.8036 
  -0.003863705 273.8036 
  0.2878379 273.8036 
  0.1660713 273.8036 
  0.1664337 273.8036 
  -0.1063585 273.8036 
  0.03607431 273.8036 
  -0.08568394 273.8036 
  -0.1469807 273.8036 
  0.7926455 275.1726 
  0.9204414 260.4825 
  0.9637561 261.7849 
  0.9971954 261.7849 
  0.9977071 260.4825 
  0.9748354 257.8971 
  0.9270189 250.2938 
  0.5639633 235.753 
  0.2788868 324.4033 
  0.4584824 324.4033 
  0.3251423 346.1339 
  0.4536158 349.6039 
  0.4634784 360.224 
  0.3145611 363.8352 
  0.1610699 263.0938 
  0.2526708 231.0963 
  0.6355446 238.1164 
  0.6878436 245.3498 
  0.8067302 254.067 
  0.8911337 261.7849 
  0.9634978 269.7372 
  0.9705057 273.8036 
  0.9835373 277.9312 
  0.9881266 280.7175 
  0.9758689 284.9493 
  0.9754646 289.245 
  0.9766994 292.1447 
  0.9745694 296.5488 
  0.987941 301.0193 
  0.9897554 301.0193 
  0.9711881 301.0193 
  0.94153 298.0316 
  0.8572803 295.0734 
  0.6741153 295.0734 
  0.6584344 295.0734 
  0.3576421 295.0734 
  0.3808394 295.0734 
  0.2208161 295.0734 
  -0.03506987 295.0734 
  -0.1871326 295.0734 
  0.05872728 295.0734 
  0.0474673 296.5488 
  0.09594439 302.5244 
  0.06350251 310.1635 
  0.850413 319.5855 
  0.9357984 319.5855 
  0.9681061 314.8393 
  0.9870635 308.6204 
  0.9657848 302.5244 
  0.9389104 292.1447 
  0.9297307 283.5317 
  0.9443316 280.7175 
  0.7901211 279.3209 
  0.9421039 279.3209 
  0.9740135 279.3209 
  0.9564108 280.7175 
  0.9687022 284.9493 
  0.9958928 286.3741 
  0.9984676 284.9493 
  0.9976416 282.1211 
  0.9976468 279.3209 
  0.9975269 277.9312 
  0.9975463 275.1726 
  0.9964517 271.0859 
  0.9953299 268.3953 
  0.992847 264.4093 
  0.9929603 260.4825 
  0.9915954 256.614 
  0.9856125 251.5452 
  0.9799571 245.3498 
  0.9715741 240.5036 
  0.9597521 234.5801 
  0.9578461 227.6642 
  0.9499021 222.057 
  0.8735652 218.7592 
  0.8371564 217.6709 
  0.8942739 216.5879 
  0.8625389 216.5879 
  0.9497346 216.5879 
  0.9526306 218.7592 
  0.9570552 216.5879 
  0.9390558 212.3098 
  0.9334968 208.1162 
  0.9557329 205.0254 
  0.9859443 201.9805 
  0.9919872 200.9756 
  0.9753925 200.9756 
  0.9651378 201.9805 
  0.874964 204.0054 
  0.7227534 206.0505 
  0.5638571 208.1162 
  0.8372204 210.2025 
  0.8141535 212.3098 
  0.8227451 214.4382 
  0.897442 217.6709 
  0.079517 219.853 
  0.3033717 223.1673 
  0.6800315 225.4046 
  0.8733944 227.6642 
  0.9542099 227.6642 
  0.9963478 228.8026 
  0.9960378 231.0963 
  0.9969212 233.4131 
  0.9971864 233.4131 
  0.9974602 233.4131 
  0.9946495 233.4131 
  0.9884189 234.5801 
  0.9829049 236.9318 
  0.9883288 239.307 
  0.9857711 240.5036 
  0.9741939 240.5036 
  0.9148501 240.5036 
  0.6836331 242.9146 
  -0.2210818 244.1292 
  -0.07373811 246.5766 
  0.006900759 247.8095 
  -0.02099001 249.0485 
  -0.09166379 250.2938 
  -0.1128722 251.5452 
  -0.09668013 252.8029 
  0.07453195 254.067 
  0.4550204 255.3373 
  0.6459486 241.7061 
  0.7855288 239.307 
  0.978784 239.307 
  0.9591317 235.753 
  0.9210587 233.4131 
  0.6344433 234.5801 
  0.05070655 235.753 
  -0.02709793 236.9318 
  0.06111878 238.1164 
  0.06313781 239.307 
  0.003723821 239.307 
  0.1481467 239.307 
  0.1838228 239.307 
  0.1484525 239.307 
  -0.1388225 239.307 
  -0.08423553 239.307 
  0.1836129 239.307 
  0.2331875 239.307 
  0.8103147 238.1164 
  0.9060438 244.1292 
  0.9470401 244.1292 
  0.9624335 246.5766 
  0.915446 242.9146 
  0.6666703 239.307 
  0.3327984 239.307 
  0.1339635 239.307 
  0.01258569 240.5036 
  -0.03242338 241.7061 
  -0.08416384 241.7061 
  0.1135297 241.7061 
  0.1516789 242.9146 
  0.2390688 242.9146 
  0.01928052 244.1292 
  0.2000308 245.3498 
  0.1720498 246.5766 
  0.2957011 247.8095 
  0.5048731 249.0485 
  0.7500733 241.7061 
  0.8045977 236.9318 
  0.9669869 229.9466 
  0.9695936 223.1673 
  0.9721679 216.5879 
  0.9820879 212.3098 
  0.9919369 208.1162 
  0.9938037 205.0254 
  0.9948698 201.9805 
  0.9955726 199.9758 
  0.994028 197.9909 
  0.9903293 197.0059 
  0.9901035 196.0257 
  0.9833935 195.0505 
  0.971762 195.0505 
  0.9757634 195.0505 
  0.991286 195.0505 
  0.9545384 195.0505 
  0.8888369 195.0505 
  0.5874342 195.0505 
  -0.6201909 195.0505 
  -0.4778934 195.0505 
  0.1176102 195.0505 
  -0.08423616 195.0505 
  -0.08924313 196.0257 
  -0.1075355 197.9909 
  0.7513544 200.9756 
  0.8515138 200.9756 
  0.9152291 200.9756 
  0.9013402 201.9805 
  0.7638323 204.0054 
  -0.1260916 206.0505 
  0.131142 208.1162 
  0.5572175 210.2025 
  0.1208889 212.3098 
  -0.04735559 214.4382 
  0.003379022 216.5879 
  0.1440541 217.6709 
  0.1093533 219.853 
  0.3263233 222.057 
  0.6837021 223.1673 
  0.8438186 225.4046 
  0.938145 223.1673 
  0.9806241 220.9523 
  0.9750437 220.9523 
  0.9423246 219.853 
  0.8310087 217.6709 
  0.5019494 217.6709 
  0.3457026 217.6709 
  0.5763586 217.6709 
  -0.001831101 217.6709 
  -0.06129761 217.6709 
  -0.03119956 216.5879 
  0.4896267 216.5879 
  0.2542564 216.5879 
  0.1021525 216.5879 
  0.555586 216.5879 
  0.8266478 216.5879 
  0.8710954 214.4382 
  0.9360268 212.3098 
  0.9115548 210.2025 
  0.6343476 209.1568 
  0.7933068 209.1568 
  0.5348942 209.1568 
  0.0004270074 209.1568 
  0.004334938 209.1568 
  0.1922749 209.1568 
  0.9017168 209.1568 
  0.9431854 208.1162 
  0.9779971 208.1162 
  0.9933156 208.1162 
  0.9967026 208.1162 
  0.9972898 209.1568 
  0.9939803 210.2025 
  0.9926308 210.2025 
  0.9910669 210.2025 
  0.9935048 209.1568 
  0.9918777 209.1568 
  0.995693 208.1162 
  0.9937336 208.1162 
  0.9922364 207.0808 
  0.9959704 206.0505 
  0.9935441 205.0254 
  0.9901196 204.0054 
  0.9802331 201.9805 
  0.9813789 200.9756 
  0.938468 198.9809 
  0.8852888 197.9909 
  0.1399049 198.9809 
  0.07116631 199.9758 
  -0.01483422 201.9805 
  0.1432476 202.9904 
  0.4967323 202.9904 
  0.7367293 202.9904 
  0.9146232 201.9805 
  0.9969846 202.9904 
  0.9979506 202.9904 
  0.9961606 202.9904 
  0.9896433 202.9904 
  0.9737054 201.9805 
  0.951565 200.9756 
  0.9152209 199.9758 
  0.6753273 198.9809 
  -0.08665343 198.9809 
  0.1463878 198.9809 
  0.1683507 198.9809 
  0.1029071 198.9809 
  0.0737071 197.9909 
  0.452083 197.0059 
  0.5816927 196.0257 
  0.7727197 197.0059 
  0.9748493 197.0059 
  0.9727514 196.0257 
  0.943109 195.0505 
  0.8587173 194.0801 
  0.4845269 195.0505 
  0.1957627 195.0505 
  0.07266761 195.0505 
  -0.02297747 195.0505 
  0.06126139 195.0505 
  0.1238537 195.0505 
  -0.06653379 195.0505 
  -0.2694606 195.0505 
  -0.009527847 195.0505 
  0.1237047 195.0505 
  0.6615716 194.0801 
  0.808097 193.1145 
  0.9321606 194.0801 
  0.8945634 193.1145 
  0.763156 193.1145 
  0.153816 195.0505 
  -0.1887007 197.0059 
  -0.08850691 198.9809 
  0.1361553 200.9756 
  0.1157858 202.9904 
  0.02214299 205.0254 
  -0.2163852 207.0808 
  0.0436784 208.1162 
  0.02310465 209.1568 
  0.1479072 210.2025 
  0.134526 211.2535 
  0.1339595 212.3098 
  0.8132688 213.3714 
  0.9252439 214.4382 
  0.9614643 216.5879 
  0.9734057 215.5104 
  0.974269 213.3714 
  0.9925086 212.3098 
  0.9966455 211.2535 
  0.9920567 210.2025 
  0.9680155 208.1162 
  0.9377318 205.0254 
  0.9610875 201.9805 
  0.9648783 200.9756 
  0.9464345 201.9805 
  0.8897241 201.9805 
  0.8709447 201.9805 
  0.6529634 201.9805 
  -0.279733 201.9805 
  -0.1700113 201.9805 
  0.003448302 201.9805 
  0.02369503 200.9756 
  -0.02056033 199.9758 
  0.07940935 198.9809 
  0.09491335 197.9909 
  0.5206405 197.9909 
  0.397695 190.2465 
  0.5132261 184.6377 
  0.8690013 180.9906 
  0.9303284 176.533 
  0.943767 173.046 
  0.9724055 170.476 
  0.9827695 167.9442 
  0.9910659 165.4501 
  0.9173522 162.9929 
  0.8354107 160.5723 
  0.8787132 158.1876 
  0.1513766 155.8383 
  0.003897857 153.5239 
  -0.08267511 151.2439 
  0.4130041 148.9977 
  0.03130518 146.7849 
  0.02818467 144.605 
  -0.02229556 142.4574 
  0.1730441 140.3417 
  0.1436366 139.6435 
  -0.02377431 138.9488 
  -0.03448772 136.8852 
  -0.08598444 134.8523 
  0.06829982 132.8496 
  0.05722737 130.8766 
  0.3412036 134.1814 
  0.6778204 136.2042 
  0.4611108 136.2042 
  0.2597461 130.8766 
  0.2844818 130.2255 
  0.4033441 128.9329 
  0.08512592 127.6532 
  0.1351825 127.0181 
  0.3638636 127.0181 
  -0.2718952 127.0181 
  0.3183671 127.0181 
  0.3443928 127.0181 
  0.2560272 127.0181 
  0.3129621 127.0181 
  0.09252957 127.0181 
  -0.1644233 127.0181 
  -0.1369864 127.0181 
  -0.2061962 127.0181 
  0.3061875 127.0181 
  -0.02939581 127.0181 
  0.004931189 127.0181 
  -0.04468536 127.0181 
  -0.007008105 127.0181 
  -0.04983002 127.0181 
  0.08749148 127.0181 
  -0.04023157 127.0181 
  0.1379889 127.0181 
  0.1401112 127.0181 
  0.1609577 127.0181 
  0.07464514 127.0181 
  -0.0147011 127.0181 
  -0.2495042 127.0181 
  -0.1259002 127.0181 
  -0.1190088 127.0181 
  -0.2720305 127.0181 
  -0.2196742 127.0181 
  -0.3072686 127.0181 
  -0.2436153 127.0181 
  -0.04177125 127.0181 
  0.09135701 127.0181 
  0.1928386 127.0181 
  0.1053768 127.0181 
  -0.262989 127.0181 
  -0.02339659 127.0181 
  0.1116524 127.0181 
  0.05579013 127.0181 ]
