 [
  0.2497596 110.4628 
  0.02583904 110.4628 
  0.02014694 110.4628 
  0.2662548 110.4628 
  0.1502139 110.4628 
  -0.2119179 110.4628 
  -0.2078287 110.4628 
  -0.1101536 110.4628 
  0.1616579 110.4628 
  -0.01448694 110.4628 
  -0.2719275 110.4628 
  -0.1650533 110.4628 
  -0.2153767 110.4628 
  -0.1567816 110.4628 
  -0.352083 110.4628 
  0.07299146 110.4628 
  0.7170776 111.0151 
  0.8693593 111.5702 
  0.9567211 112.128 
  0.9016247 113.8184 
  0.8715373 116.6924 
  0.829558 119.639 
  0.6021512 125.1317 
  0.9112342 132.1886 
  0.9405959 137.5696 
  0.9860669 141.0434 
  0.9481276 143.8855 
  0.857661 146.7849 
  0.9031138 144.605 
  0.956568 143.1697 
  0.9375042 141.7487 
  0.9099354 139.6435 
  0.8771304 137.5696 
  0.8133972 134.8523 
  0.4600918 132.8496 
  0.1398348 131.531 
  -0.1291809 130.2255 
  0.1638262 128.9329 
  0.07615599 127.6532 
  -0.1876922 127.0181 
  -0.2515505 126.3862 
  -0.009707199 125.7574 
  -0.01594935 125.1317 
  0.0009293562 124.5092 
  -0.002967493 123.2734 
  -0.1360893 122.6601 
  0.1284422 122.6601 
  0.6838329 127.0181 
  0.8944799 125.7574 
  0.9320807 123.8897 
  0.9383249 121.4426 
  0.9550661 119.0438 
  0.9660698 116.6924 
  0.9868707 114.9594 
  0.9886544 114.3874 
  0.9903558 113.8184 
  0.9921705 113.2521 
  0.9642304 112.6886 
  0.6461728 109.3664 
  0.644962 102.5003 
  0.7223607 101.4829 
  0.8439136 102.5003 
  0.3891156 104.0455 
  0.8342541 105.614 
  0.3488355 107.2061 
  0.09894876 108.8223 
  0.09670272 110.4628 
  -0.1270415 112.128 
  0.1393388 113.8184 
  0.7099161 116.1118 
  0.7144016 119.639 
  0.8638485 120.8384 
  0.8895812 119.0438 
  0.9749758 117.2759 
  0.9920129 116.6924 
  0.9901028 115.5342 
  0.9247714 114.3874 
  0.8262436 112.6886 
  0.7413044 108.2809 
  0.7745692 103.5278 
  0.5752721 100.4756 
  0.1135796 98.98344 
  0.05220098 98.00098 
  0.08592228 97.51342 
  0.07178763 97.02828 
  0.07687065 96.54556 
  0.11383 95.5873 
  0.1310499 94.1677 
  0.3494296 91.84841 
  0.7817889 90.48434 
  0.935051 89.58624 
  0.887215 88.25578 
  0.9367868 87.8167 
  0.9937803 87.3798 
  0.9792822 87.3798 
  0.956647 87.8167 
  0.9529679 88.69706 
  0.9127615 88.69706 
  0.6518681 89.14054 
  0.405455 90.93677 
  0.1993678 92.30766 
  0.2125238 92.30766 
  0.09639017 92.7692 
  -0.0596342 93.23304 
  0.1704022 93.6992 
  0.09049235 94.1677 
  0.06691085 94.63854 
  -0.2191088 95.11173 
  -0.1955527 95.5873 
  0.1382984 96.06523 
  0.09076399 95.5873 
  0.00710937 93.6992 
  0.5068688 90.93677 
  0.739686 91.39146 
  0.7775174 92.30766 
  0.8832178 93.6992 
  0.9193035 93.6992 
  0.9332595 93.23304 
  0.8960905 92.7692 
  0.9295229 92.30766 
  0.9709466 92.30766 
  0.9312284 91.84841 
  0.7472065 91.84841 
  0.2391178 92.7692 
  0.4523682 93.6992 
  0.4398251 94.1677 
  0.516405 95.11173 
  0.2050114 98.00098 
  -0.09463593 100.978 
  0.009083104 104.0455 
  0.1090269 107.2061 
  -0.01856533 110.4628 
  0.237722 113.8184 
  0.2026803 117.8622 
  0.2260516 121.4426 
  0.7195017 125.7574 
  0.6428471 120.8384 
  0.7451376 117.8622 
  0.9505236 115.5342 
  0.9671697 114.3874 
  0.9664845 114.3874 
  0.9702706 114.9594 
  0.8214884 113.2521 
  0.7956972 109.9132 
  0.8407091 107.2061 
  0.6071907 105.0885 
  0.08157782 104.5657 
  -0.1227618 102.5003 
  -0.2361694 100.4756 
  0.08379103 98.491 
  0.01254756 96.06523 
  0.01596234 93.6992 
  -0.4385686 91.39146 
  0.0702941 89.14054 
  -0.002141766 86.94508 
  -0.1060077 84.80367 
  0.2150061 83.96195 
  0.7619937 84.38177 
  0.9516332 83.96195 
  0.9428393 84.38177 
  0.9109966 85.2277 
  0.9523365 86.0821 
  0.9578347 86.51251 
  0.9367961 86.51251 
  0.9197946 86.0821 
  0.9182408 85.65383 
  0.8138272 86.0821 
  0.8169838 87.3798 
  0.9357727 88.69706 
  0.8988702 90.03418 
  0.9176194 91.39146 
  0.5976182 93.23304 
  0.7004464 93.6992 
  0.6822112 91.39146 
  0.8014005 90.48434 
  0.8860596 89.58624 
  0.9365082 89.14054 
  0.9309759 89.58624 
  0.9275842 90.03418 
  0.9550679 90.93677 
  0.9503052 91.39146 
  0.9295775 92.30766 
  0.8889924 93.6992 
  0.8526845 95.11173 
  0.8518472 96.54556 
  0.8359177 97.02828 
  0.8437634 97.02828 
  0.7879041 96.54556 
  0.5516024 95.11173 
  0.5230047 94.1677 
  0.4419362 94.63854 
  0.6467476 95.5873 
  0.7647036 97.51342 
  0.7923021 99.47836 
  0.8916808 101.4829 
  0.946543 103.0128 
  0.9781451 103.5278 
  0.9844915 103.5278 
  0.9903697 103.5278 
  0.9864207 104.0455 
  0.9782935 105.0885 
  0.9848877 106.142 
  0.9942011 107.2061 
  0.9123911 107.2061 
  0.7461152 106.6728 
  0.4972558 103.5278 
  0.1489338 101.9903 
  0.3748174 103.0128 
  0.7332475 106.142 
  0.6411648 110.4628 
  0.8395699 111.0151 
  0.9231654 109.9132 
  0.8932898 109.3664 
  0.8665768 108.8223 
  0.9837296 109.3664 
  0.9913787 108.8223 
  0.9894035 108.2809 
  0.9618824 107.2061 
  0.9103362 105.614 
  0.8628197 104.0455 
  0.7522238 103.5278 
  0.4790575 104.5657 
  0.07772861 106.142 
  0.08697522 107.7421 
  -0.1855836 109.3664 
  -0.1445214 111.0151 
  -0.09399612 112.6886 
  -0.09008026 114.3874 
  -0.1675217 115.5342 
  0.5994155 116.6924 
  0.1511353 107.2061 
  0.4888196 106.6728 
  0.8828437 105.614 
  0.8321011 104.0455 
  0.7114586 101.9903 
  0.6940133 99.97575 
  0.7872305 97.51342 
  0.7482453 95.5873 
  0.7432892 93.6992 
  0.7318368 91.39146 
  0.7239349 89.14054 
  0.8305991 87.3798 
  0.779025 85.2277 
  0.7907899 83.54424 
  0.8107519 81.89403 
  0.6254132 80.27641 
  0.5612993 77.90971 
  0.5226835 74.48985 
  0.3246425 70.86576 
  0.4701832 68.7765 
  0.5998887 61.93738 
  0.2394785 62.24707 
  0.7099717 58.63084 
  0.7720453 57.47274 
  0.6963169 56.90229 
  0.002232682 57.47274 
  0.3517844 59.81229 
  -0.01686606 60.11135 
  -0.05878858 60.4119 
  -0.1023616 60.71396 
  -0.1181442 61.32262 
  -0.00367311 61.62923 
  0.0308876 61.93738 
  -0.05588051 61.93738 
  0.1141068 61.93738 
  0.04215729 61.93738 
  0.2297882 61.93738 
  0.1331431 61.93738 
  -0.03292507 61.93738 
  -0.1352109 61.93738 
  -0.006375124 61.93738 
  0.06478932 61.93738 
  -0.105855 61.93738 ]
