 [
  0.08886291 170.476 
  -0.05486995 170.476 
  0.03949013 170.476 
  0.1561096 170.476 
  -0.2319584 170.476 
  -0.1755458 170.476 
  -0.2154183 170.476 
  -0.1668056 170.476 
  -0.1232856 170.476 
  0.001086768 170.476 
  0.3254227 170.476 
  0.33828 170.476 
  0.7748575 170.476 
  0.8709418 165.4501 
  0.9585408 164.6269 
  0.9784372 166.2773 
  0.973146 167.9442 
  0.9657776 170.476 
  0.9815935 173.9112 
  0.9899077 174.7808 
  0.9725165 174.7808 
  0.9241717 173.9112 
  0.7978063 171.3284 
  0.4644156 169.6279 
  0.2090161 169.6279 
  -0.2141194 169.6279 
  -0.2783301 169.6279 
  -0.2845679 170.476 
  -0.07919913 170.476 
  -0.1266598 170.476 
  -0.01263412 171.3284 
  0.003664932 172.185 
  0.2020638 172.185 
  0.06122723 172.185 
  -0.03388897 172.185 
  0.7318676 170.476 
  0.8077568 167.1087 
  0.8623176 163.8079 
  0.9612277 160.5723 
  0.9855546 158.1876 
  0.9876531 157.4006 
  0.9855124 156.6175 
  0.9847138 155.8383 
  0.9806789 155.8383 
  0.9755667 155.063 
  0.9906839 154.2915 
  0.9935975 153.5239 
  0.9901427 152.7601 
  0.9868338 152.0001 
  0.985143 152.0001 
  0.9835675 153.5239 
  0.9832794 155.063 
  0.9875336 156.6175 
  0.9899539 157.4006 
  0.9877573 158.9785 
  0.98133 158.9785 
  0.9667466 158.9785 
  0.9471287 157.4006 
  0.9156228 155.8383 
  0.8525869 155.063 
  0.77376 154.2915 
  0.1179151 153.5239 
  0.09479947 152.7601 
  0.5218992 152.0001 
  0.3631584 151.2439 
  0.1207095 149.7427 
  0.5897449 155.063 
  0.6591476 145.328 
  0.8056536 142.4574 
  0.8694469 138.9488 
  0.785914 134.8523 
  0.6002146 132.1886 
  0.1692766 133.5138 
  0.210944 135.5266 
  0.08597533 137.5696 
  0.0231015 139.6435 
  0.04955231 141.7487 
  0.1962865 143.8855 
  0.4707272 146.0546 
  -0.111777 148.2564 
  -0.1529083 150.4914 
  -0.06919679 152.0001 
  0.3660952 153.5239 
  0.4675208 156.6175 
  0.7186098 155.063 
  0.9461581 154.2915 
  0.9667937 152.7601 
  0.984849 152.0001 
  0.9698653 151.2439 
  0.9589281 149.7427 
  0.9605044 148.9977 
  0.9537919 147.5188 
  0.958416 148.9977 
  0.9553497 149.7427 
  0.9690076 149.7427 
  0.9889692 150.4914 
  0.9912041 149.7427 
  0.9939765 149.7427 
  0.9954554 148.9977 
  0.9965008 148.9977 
  0.9977674 148.2564 
  0.9975325 148.9977 
  0.9985213 148.9977 
  0.9988585 148.9977 
  1.000383 148.9977 
  0.9958163 148.9977 
  0.9911832 148.9977 
  0.9542593 148.9977 
  0.8711112 148.2564 
  0.8729435 148.2564 
  0.3394693 148.9977 
  0.05857925 148.9977 
  0.06878512 148.9977 
  0.08422753 148.9977 
  0.03001216 149.7427 
  -0.0315835 150.4914 
  0.1336522 150.4914 
  0.4763398 150.4914 
  0.5634087 150.4914 
  0.7160171 147.5188 
  0.7768176 143.8855 
  0.7856454 139.6435 
  0.8818454 138.9488 
  0.8660032 140.3417 
  0.8655564 141.0434 
  0.7374778 138.2575 
  0.7971233 134.8523 
  0.9840176 132.8496 
  0.9758004 132.1886 
  0.9916325 130.8766 
  0.9891866 130.2255 
  0.9892123 129.5776 
  0.9917436 128.9329 
  0.9905084 128.9329 
  0.9793903 128.2915 
  0.8862856 127.0181 
  0.8761703 124.5092 
  0.8119792 119.639 
  0.6143964 114.3874 
  0.269588 109.3664 
  -0.2991998 104.5657 
  0.04681564 99.97575 
  0.0677286 95.5873 
  0.01589853 91.84841 
  0.2356936 88.69706 
  0.281483 87.8167 
  0.2998256 84.80367 
  0.08981206 83.54424 
  0.4875477 80.6778 
  0.5991995 72.6552 
  0.7426574 73.01849 
  0.8617964 73.7505 
  0.8993022 73.7505 
  0.7594282 73.7505 
  0.6993622 72.29374 
  0.8586789 71.22009 
  0.9124891 70.86576 
  0.909727 70.51319 
  0.8444864 69.46598 
  0.7174841 69.46598 
  0.7755516 70.16238 
  0.6258118 104.5657 
  0.9393172 138.9488 
  0.9028717 136.2042 
  0.9693381 133.5138 
  0.9862295 132.1886 
  0.9848752 131.531 
  0.9693127 131.531 
  0.9699896 128.9329 
  0.9725481 127.0181 
  0.890498 126.3862 
  0.7055496 127.0181 
  0.2313221 127.6532 
  0.07557575 128.2915 
  -0.08969869 128.9329 
  -0.04366765 129.5776 
  -0.1692071 129.5776 
  0.5565779 130.2255 
  0.7182581 130.2255 
  0.7714688 130.8766 
  0.6075761 130.8766 
  0.3197405 128.2915 
  0.7174119 125.7574 
  0.8540444 124.5092 
  0.9176097 123.8897 
  0.8659183 123.8897 
  0.7633283 123.8897 
  0.6737078 123.8897 
  0.3291761 123.8897 
  0.09680184 123.8897 
  -0.2066996 123.8897 
  -0.2337603 123.8897 
  -0.04383568 123.8897 
  -0.06652498 123.8897 
  -0.1892498 123.8897 
  -0.2470219 123.8897 
  -0.2841582 123.8897 
  -0.04962779 123.8897 
  -0.0134453 123.8897 
  -0.2213487 123.8897 
  -0.4280623 123.8897 
  -0.1728894 123.8897 
  -0.06072999 123.8897 ]
