 [
  -0.1199967 94.63854 
  -0.09239124 94.63854 
  -0.07536381 94.63854 
  0.006769215 94.63854 
  -0.1839031 94.63854 
  -0.08301476 94.63854 
  -0.005983908 94.63854 
  -0.2015959 94.63854 
  -0.2230501 94.63854 
  -0.2363454 94.63854 
  0.0882642 94.63854 
  0.03684408 94.63854 
  -0.2046549 94.63854 
  -0.169166 94.63854 
  0.147265 94.63854 
  0.4329844 94.63854 
  0.4091941 94.63854 
  0.1600518 94.63854 
  0.1008712 94.63854 
  0.1483035 94.63854 
  0.362828 94.63854 
  0.7184651 92.7692 
  0.727417 93.6992 
  0.8310282 94.63854 
  0.9106664 94.63854 
  0.905107 94.1677 
  0.9779212 93.6992 
  0.9658515 93.6992 
  0.907271 95.11173 
  0.9003498 97.02828 
  0.9265909 98.00098 
  0.8981771 98.98344 
  0.8027403 99.47836 
  0.6054044 99.47836 
  0.6022569 99.47836 
  0.4451867 99.47836 
  0.1697434 99.47836 
  0.05995857 98.98344 
  0.0292178 98.491 
  0.01099745 98.00098 
  0.08949389 97.51342 
  0.1373036 97.51342 
  0.1237719 97.02828 
  0.09842496 97.02828 
  -0.009897217 97.02828 
  -0.08239638 97.02828 
  -0.3378975 97.02828 
  0.3892281 97.51342 
  0.4131318 104.0455 
  0.6150109 105.614 
  0.9596831 105.614 
  0.9726779 105.614 
  0.9851356 105.614 
  0.9868355 106.142 
  0.9800279 105.614 
  0.9701856 104.5657 
  0.9573703 103.5278 
  0.9064294 103.0128 
  0.8588708 102.5003 
  0.955236 103.0128 
  0.9812239 102.5003 
  0.9888768 101.9903 
  0.9675329 101.4829 
  0.7148832 103.0128 
  0.7802082 101.4829 
  0.8708572 99.47836 
  0.967916 98.491 
  0.9308569 97.51342 
  0.9646063 97.02828 
  0.9594817 96.54556 
  0.9630755 95.5873 
  0.9427846 94.63854 
  0.8799239 93.6992 
  0.7821956 92.30766 
  0.2761814 92.7692 
  -0.182615 93.6992 
  0.04525412 94.1677 
  0.01256675 94.63854 
  0.1882613 95.11173 
  0.139966 95.11173 
  0.1444001 95.5873 
  0.03068733 96.06523 
  0.0396974 97.02828 
  0.06840425 98.00098 
  -0.09615148 98.98344 
  0.03628141 99.97575 
  0.1387529 99.97575 
  0.1516408 99.97575 
  0.09047005 99.97575 
  -0.09454969 99.97575 
  -0.04981718 100.4756 
  0.7087673 101.9903 
  0.5212349 96.54556 
  0.8475191 94.1677 
  0.9324514 93.6992 
  0.8149222 92.30766 
  0.8607575 90.48434 
  0.9820206 89.58624 
  0.9901894 89.14054 
  0.989104 89.14054 
  0.9665841 89.58624 
  0.8909351 90.48434 
  0.7681668 91.39146 
  0.2789857 91.39146 
  0.3550656 91.84841 
  0.2557797 91.84841 
  -0.186414 91.84841 
  0.09895882 91.84841 
  -0.04365923 91.84841 
  -0.1001466 91.84841 
  -0.04616947 92.30766 
  0.230953 92.30766 
  0.1813655 92.30766 
  -0.009136813 92.7692 
  -0.1086312 92.7692 
  -0.03193983 92.30766 
  0.08715574 91.84841 
  0.678844 90.93677 
  0.769543 90.03418 
  0.7658144 89.14054 
  0.8108543 87.3798 
  0.8508809 86.0821 
  0.7810423 84.38177 
  0.836773 83.54424 
  0.9787939 83.54424 
  0.9848012 83.54424 
  0.9904736 83.96195 
  0.9925188 83.96195 
  0.8912989 85.2277 
  0.3233702 87.8167 
  0.633507 85.65383 
  0.898072 85.65383 
  0.9583532 86.0821 
  0.9640449 86.0821 
  0.9842269 86.51251 
  0.9871801 86.51251 
  0.987663 86.51251 
  0.9799835 86.94508 
  0.9477273 87.8167 
  0.9307588 88.25578 
  0.9376106 88.69706 
  0.9509633 89.14054 
  0.9394145 89.58624 
  0.8671195 89.58624 
  0.7207282 90.03418 
  0.8001721 92.7692 
  0.9083111 93.6992 
  0.9271698 94.1677 
  0.9365366 94.1677 
  0.9498541 94.63854 
  0.9386081 94.1677 
  0.7700606 93.23304 
  0.7499459 93.23304 
  0.6300197 91.84841 
  0.8837404 94.1677 
  0.9605858 94.63854 
  0.9591663 94.63854 
  0.9679043 95.11173 
  0.976131 95.5873 
  0.974359 95.5873 
  0.9593773 95.11173 
  0.9182426 94.63854 
  0.8565938 93.6992 
  0.6784002 92.7692 
  0.4431094 92.30766 
  0.6388667 91.84841 
  0.5225452 91.39146 
  0.6841806 90.93677 
  0.09828368 90.93677 
  0.03837412 90.48434 
  0.1388539 90.03418 
  0.7489125 89.14054 
  0.9054346 87.8167 
  0.7759991 84.80367 
  0.8783245 82.71502 
  0.9457808 81.4866 
  0.9695584 81.08118 
  0.8824957 80.6778 
  0.7193155 79.87703 
  0.4888254 80.6778 
  0.4586807 81.4866 
  0.2722486 82.3035 
  0.2199344 83.12859 
  -0.05962891 83.54424 
  0.01480102 83.96195 
  0.09997293 84.38177 
  -0.1187588 84.80367 
  0.5779366 85.2277 
  0.8294852 84.80367 
  0.9397788 84.80367 
  0.830749 85.65383 
  0.5646051 86.0821 
  0.7140258 85.65383 
  0.8999285 86.0821 
  0.9229237 86.94508 
  0.8406723 87.8167 
  0.6087061 89.58624 
  0.5808866 91.84841 
  0.7008981 92.7692 
  0.3932413 92.30766 
  0.5546036 90.03418 
  0.7647566 81.89403 
  0.6935509 82.71502 
  0.3688861 83.12859 
  0.4807232 83.96195 
  0.02995816 84.38177 
  -0.1445423 84.38177 
  0.08455052 84.38177 
  0.436178 84.38177 
  0.131504 84.80367 
  -0.1274176 85.2277 
  0.02159885 85.65383 
  0.06351772 86.0821 
  0.1400364 86.0821 
  0.1449186 86.51251 
  -0.00766451 87.3798 
  0.2011679 88.25578 
  0.1654452 90.03418 
  0.06044291 92.30766 
  0.3812788 95.11173 
  0.6397482 94.63854 
  0.8939418 94.63854 
  0.9701561 94.63854 
  0.9006798 93.6992 
  0.8372351 92.30766 
  0.8228339 90.48434 
  0.8212513 89.14054 
  0.6953166 88.25578 
  0.1294781 86.94508 
  0.06074978 86.51251 
  -0.03695636 86.0821 
  0.01550623 85.65383 
  0.0317455 85.2277 
  0.04376 85.2277 
  0.08874643 84.80367 
  0.2919505 84.38177 
  0.04242977 83.96195 
  -0.1471378 83.54424 
  -0.2718474 83.12859 
  -0.02845993 83.12859 
  -0.08009375 83.12859 
  0.2919553 83.12859 
  -0.1622797 83.12859 
  0.01241262 83.12859 
  0.3083668 83.12859 
  0.5608169 82.71502 
  0.3595284 79.87703 
  0.6565213 79.47963 
  0.6564391 79.87703 
  0.9181741 80.6778 
  0.9340668 80.27641 
  0.931834 79.47963 
  0.9185079 79.47963 
  0.7563911 81.4866 
  0.8139071 83.12859 
  0.8175478 84.38177 
  0.8595877 85.2277 
  0.8761839 84.38177 
  0.721312 82.71502 
  0.6963069 81.4866 
  0.8845851 80.6778 
  0.9450309 79.08421 
  0.8367412 78.29926 
  0.7812824 76.75266 
  0.6613629 76.3708 
  0.4908724 76.75266 
  0.2677898 79.47963 
  0.804391 82.3035 
  0.8326144 86.0821 
  0.7554339 84.80367 
  0.6423702 86.0821 
  0.7216944 84.38177 
  0.709222 82.71502 
  0.752361 83.54424 
  0.889421 83.96195 
  0.9602242 84.38177 
  0.97076 84.80367 
  0.9298666 85.65383 
  0.9774493 86.51251 
  0.9885308 86.51251 
  0.992336 86.51251 
  0.9761863 86.94508 
  0.9679733 86.51251 
  0.9229157 86.51251 
  0.7902216 86.0821 
  0.7655993 84.80367 
  -0.09795845 88.69706 
  0.02973684 90.03418 
  0.009589124 91.39146 
  -0.02632134 92.7692 
  0.1724768 94.1677 
  0.3982341 91.84841 
  0.5572607 90.93677 
  0.9830235 90.48434 
  0.9795239 90.93677 
  0.9467013 91.39146 
  0.9275215 91.39146 
  0.8612753 90.93677 
  0.5234861 90.93677 
  -0.165496 90.93677 
  -0.3423849 90.93677 
  -0.2414883 90.93677 
  0.07487138 90.93677 
  0.3124771 90.93677 
  -0.01459843 91.39146 
  -0.1608667 91.84841 
  0.3399458 92.30766 
  0.1876377 92.30766 
  0.1629438 92.30766 
  0.2475222 91.84841 
  0.07332079 91.39146 
  -0.05917411 90.93677 
  -0.07790864 90.93677 
  0.01319738 90.48434 
  -0.07598536 90.03418 
  -0.2632819 89.58624 
  0.07033125 89.14054 
  -0.09333073 88.69706 
  -0.002918844 88.25578 
  -0.05984293 87.8167 
  -0.1854151 87.3798 
  0.1139912 86.94508 
  0.1705236 86.51251 
  0.04332229 86.0821 
  0.585353 85.65383 
  0.7871557 86.51251 
  0.9686968 86.94508 
  0.9871739 86.94508 
  0.9655293 86.51251 
  0.9771156 86.0821 
  0.9869855 85.65383 
  0.9746954 85.2277 
  0.9757519 84.80367 
  0.6434495 83.96195 
  0.5477936 81.89403 
  0.887557 80.27641 
  0.7634124 81.89403 
  0.5451784 83.54424 
  0.4680743 83.12859 
  0.1756458 81.89403 
  0.1706021 80.6778 
  0.2617953 79.87703 
  0.01569156 79.08421 
  -0.1748251 78.29926 
  -0.004637662 77.5221 
  0.03687802 76.75266 
  0.1299703 75.99085 
  0.03398017 75.2366 
  -0.2320518 74.48985 
  0.003444931 73.7505 
  0.07368229 73.01849 
  0.1120044 72.29374 
  -0.04317866 71.57619 
  0.1883836 70.86576 
  0.2001159 70.16238 
  0.132334 69.46598 
  0.104653 68.7765 
  -0.2396687 67.75508 
  -0.3242497 66.74884 
  0.070102 66.08632 
  0.1282168 65.75754 
  0.1426637 65.10486 
  0.5244295 63.50137 
  0.6528056 63.50137 
  0.7162859 63.50137 
  0.4207161 69.12038 
  0.8955708 68.7765 
  0.9551559 68.7765 
  0.5035685 69.81332 
  0.2960228 71.57619 
  0.330684 80.27641 
  0.6284748 79.87703 
  0.7005392 83.12859 
  0.5454929 83.96195 
  0.3704162 85.65383 
  0.3070594 87.3798 
  0.4198753 89.14054 
  0.2657024 90.93677 
  0.01879511 92.7692 
  0.5188745 94.63854 
  0.7136284 94.63854 
  0.6597291 95.11173 
  0.816736 91.39146 
  0.4210402 86.0821 
  0.466828 84.38177 
  0.1456665 81.4866 
  0.785768 93.23304 
  0.003997135 94.1677 
  -0.1305422 94.63854 
  -0.4853021 95.5873 
  0.01856028 96.54556 
  0.01490782 97.51342 
  -0.01788078 98.491 
  0.124965 99.47836 
  -0.1900824 100.4756 
  -0.1284836 101.4829 
  -0.01511131 101.4829 
  0.6556683 101.4829 
  0.3967933 100.978 
  0.4475538 100.978 
  0.3219661 99.47836 
  0.007701051 98.00098 
  0.3083363 96.54556 
  -0.01553543 95.11173 
  0.08627994 93.6992 
  0.01244891 93.23304 
  -0.06610814 92.30766 
  0.1261991 90.48434 
  -0.04854194 89.58624 
  0.2821005 88.69706 
  0.6340891 89.58624 
  0.6583691 89.58624 
  0.6056214 87.3798 
  0.8597916 85.2277 
  0.903715 83.54424 
  0.8425893 82.3035 
  0.8175706 80.6778 
  0.8752683 79.87703 
  0.9079533 77.90971 
  0.2864822 77.13642 
  0.6054346 70.51319 
  0.7494318 69.12038 
  0.9864928 68.7765 
  0.8811868 69.12038 
  0.8477834 69.81332 
  0.8607699 70.86576 
  0.9137453 71.57619 
  0.5345382 72.29374 
  0.460618 73.38358 
  0.7516873 75.2366 
  0.122026 75.2366 
  -0.1775354 75.2366 
  0.01116208 75.2366 
  -0.01801639 75.2366 
  -0.2507555 75.2366 
  -0.1916141 75.2366 
  -0.1611661 74.86229 
  0.008777992 74.86229 
  -0.02867517 74.86229 
  0.2498507 74.86229 
  0.2952434 74.86229 
  0.2354021 74.86229 
  0.03729189 74.86229 
  -0.2134449 74.86229 
  -0.37528 74.86229 
  -0.06213615 74.86229 
  -0.07550524 74.86229 
  -0.008422656 74.86229 
  0.05709996 74.86229 
  0.4340621 74.86229 
  0.3485297 74.86229 
  0.3264057 74.86229 
  0.3580514 74.86229 
  0.1721568 74.86229 
  -0.1224058 74.86229 
  -0.3145897 74.86229 
  -0.4205355 74.86229 
  -0.5901641 74.86229 ]
