 [
  0.01394647 131.531 
  0.153633 131.531 
  0.1635165 131.531 
  -0.2738027 131.531 
  -0.2480795 131.531 
  -0.3128635 131.531 
  -0.2797718 131.531 
  -0.2696371 131.531 
  -0.1234318 131.531 
  -0.1215608 131.531 
  0.04105447 131.531 
  -0.1155109 131.531 
  -0.1253139 131.531 
  0.02861835 131.531 
  -0.01736665 131.531 
  0.1637516 131.531 
  0.1206734 131.531 
  0.0455925 130.2255 
  0.4005276 128.9329 
  0.5715868 129.5776 
  0.7405993 131.531 
  0.7670846 130.8766 
  0.656707 132.1886 
  0.1790657 132.8496 
  -0.01484317 134.1814 
  -0.02171437 135.5266 
  -0.2359814 136.8852 
  -0.3542858 138.2575 
  -0.2694822 139.6435 
  -0.1949905 141.0434 
  0.3250762 142.4574 
  0.3946466 143.8855 
  0.5203281 145.328 
  0.1575471 146.7849 
  0.408042 148.2564 
  0.6266264 148.9977 
  0.8556514 146.7849 
  0.9912579 146.0546 
  0.9966609 146.0546 
  0.9974302 146.7849 
  0.9968171 146.0546 
  0.9966817 146.0546 
  0.9940729 146.0546 
  0.9910901 146.7849 
  0.9834152 148.2564 
  0.976288 151.2439 
  0.9903261 153.5239 
  0.9959092 154.2915 
  0.9961565 154.2915 
  0.9942147 153.5239 
  0.9903698 152.0001 
  0.9915384 150.4914 
  0.992154 149.7427 
  0.9919032 149.7427 
  0.9873733 149.7427 
  0.9784491 148.2564 
  0.9794712 147.5188 
  0.9833848 146.0546 
  0.9829302 146.0546 
  0.9803919 146.7849 
  0.9885414 146.7849 
  0.9893 146.7849 
  0.9855204 146.7849 
  0.9761343 146.0546 
  0.9560834 144.605 
  0.9301352 142.4574 
  0.9292675 138.9488 
  0.8581806 137.5696 
  0.6192706 137.5696 
  0.3504638 137.5696 
  0.1188827 138.2575 
  -0.04211171 138.9488 
  -0.03949624 138.9488 
  0.2372026 138.9488 
  0.6502688 134.8523 
  0.8469579 132.8496 
  0.9802207 132.1886 
  0.9775376 131.531 
  0.6459221 132.8496 
  0.7505155 128.9329 
  0.9081993 127.6532 
  0.9742274 127.0181 
  0.9794915 126.3862 
  0.9519424 125.7574 
  0.9618704 123.8897 
  0.9708043 123.2734 
  0.975247 123.8897 
  0.9861885 124.5092 
  0.9923189 124.5092 
  0.9959853 124.5092 
  0.9659027 124.5092 
  0.8343273 123.8897 
  0.5743356 122.6601 
  0.3445249 122.6601 
  0.8545845 123.2734 
  0.9027925 123.8897 
  0.9518951 124.5092 
  0.9751974 125.1317 
  0.9856613 124.5092 
  0.9924341 123.8897 
  0.9956244 123.2734 
  0.995626 123.2734 
  0.9548023 122.6601 
  0.8688183 121.4426 
  0.7411819 120.2372 
  0.1325546 120.2372 
  0.858825 120.2372 
  0.6332712 120.2372 
  0.8174087 120.2372 
  0.9188545 120.8384 
  0.9180698 120.8384 
  0.9627597 120.2372 
  0.969542 119.639 
  0.9081925 118.4515 
  0.8378991 117.8622 
  0.6546226 117.8622 
  0.3351923 118.4515 
  0.735057 119.0438 
  0.537042 120.2372 
  0.3222209 121.4426 
  0.1659239 122.6601 
  -0.06182923 123.8897 
  0.5469555 125.7574 
  0.8099273 127.0181 
  0.8161343 125.1317 
  0.8872471 123.8897 
  0.9695633 122.6601 
  0.9703768 122.6601 
  0.9183797 122.6601 
  0.8524179 122.0498 
  0.8705989 120.2372 
  0.9273139 120.2372 
  0.9132719 120.8384 
  0.9256213 120.8384 
  0.9447066 120.8384 
  0.9600937 120.8384 
  0.9648452 120.8384 
  0.9646788 120.8384 
  0.9672502 120.8384 
  0.9451313 120.2372 
  0.9258497 119.639 
  0.975504 117.8622 
  0.9631579 116.1118 
  0.9142104 113.8184 
  0.7945498 109.9132 
  0.6598122 105.614 
  0.5987925 100.978 
  0.2324862 96.54556 
  -0.05240266 92.30766 
  0.03539349 88.25578 
  -0.03259399 84.38177 
  -0.1893054 80.27641 
  -0.02176076 76.3708 
  0.1335533 72.6552 
  -0.05661758 69.12038 
  0.1919086 65.75754 
  0.4304537 62.87109 
  0.7028183 62.87109 
  0.4697909 62.5583 
  0.4673148 60.4119 
  0.8130907 59.81229 
  0.8301181 59.21862 
  0.9201949 58.924 
  0.8726809 58.63084 
  0.8429012 58.63084 
  0.8808979 58.63084 
  0.8723679 58.924 
  0.9220146 58.924 
  0.9380768 58.924 
  0.9359645 58.924 
  0.9595833 59.21862 
  0.8502248 59.21862 
  0.8439283 59.51471 
  0.8592367 59.51471 
  0.9169748 59.81229 
  0.9354103 59.51471 
  0.905206 59.21862 
  0.9044881 59.51471 
  0.9378078 59.81229 
  0.93897 59.81229 
  0.9102626 59.51471 
  0.5773353 58.924 
  0.6218457 58.33915 
  0.7715501 58.63084 
  0.6454895 58.63084 
  0.6020707 58.63084 
  0.6871027 58.63084 
  0.635989 58.63084 
  0.3563507 58.63084 
  0.008609314 58.63084 
  0.04110733 58.63084 
  0.1901669 58.63084 
  0.2645707 58.63084 
  0.2085135 58.63084 
  0.07240982 58.63084 
  -0.1509043 58.63084 
  -0.1718482 58.63084 
  -0.1336441 58.63084 ]
