 [
  -0.04202325 109.3664 
  -0.01985684 109.3664 
  -0.06045657 109.3664 
  -0.133711 109.3664 
  0.01374655 109.3664 
  -0.2190995 109.3664 
  0.1058779 109.3664 
  -0.1647634 109.3664 
  -0.03281583 109.3664 
  -0.06206036 109.3664 
  0.1957159 109.3664 
  0.02041567 109.3664 
  0.02640117 109.3664 
  0.00900125 109.3664 
  0.1018381 108.8223 
  -0.1434468 108.2809 
  0.5984531 105.0885 
  0.8001463 105.614 
  0.9750634 105.614 
  0.9724259 106.142 
  0.9840995 106.142 
  0.9543238 107.2061 
  0.9167338 108.8223 
  0.9686679 109.9132 
  0.9348901 111.5702 
  0.9550328 113.2521 
  0.8588043 114.9594 
  0.8340308 117.2759 
  0.8998411 119.0438 
  0.9081345 120.2372 
  0.8951203 122.6601 
  0.8917062 124.5092 
  0.8731911 126.3862 
  0.8712074 128.9329 
  0.9386889 131.531 
  0.9791216 133.5138 
  0.9822061 134.1814 
  0.9752483 135.5266 
  0.9654151 136.2042 
  0.9585391 137.5696 
  0.9625701 138.2575 
  0.9697345 138.9488 
  0.9739898 138.9488 
  0.9724916 139.6435 
  0.9831041 140.3417 
  0.9860175 141.7487 
  0.9865286 142.4574 
  0.9887027 142.4574 
  0.9897932 141.7487 
  0.9928275 141.7487 
  0.9973042 141.7487 
  0.9955558 142.4574 
  0.9919478 143.1697 
  0.8231139 143.1697 
  0.4257954 141.0434 
  -0.03960703 136.8852 
  0.166516 132.8496 
  -0.5027432 129.5776 
  -0.6648862 125.7574 
  -0.02754212 122.0498 
  0.129644 118.4515 
  0.02117137 114.9594 
  0.544759 111.5702 
  0.7085208 114.9594 
  0.872726 114.3874 
  0.9284685 113.2521 
  0.8851724 111.5702 
  0.8835864 109.9132 
  0.8867581 108.8223 
  0.8718851 107.2061 
  0.8648192 107.2061 
  0.8116872 106.142 
  0.6819986 105.0885 
  0.4345221 103.5278 
  0.4127609 106.142 
  0.08360024 108.8223 
  0.06043519 111.5702 
  -0.2240368 114.3874 
  -0.1146475 116.6924 
  0.03520119 118.4515 
  0.05005569 120.2372 
  -0.1703151 122.0498 
  -0.0861313 124.5092 
  -0.01923665 126.3862 
  -0.05019756 129.5776 
  0.08136427 132.8496 
  0.7868941 132.8496 
  0.5168654 124.5092 
  0.8265784 121.4426 
  0.913003 119.0438 
  0.9288443 117.8622 
  0.9699914 116.1118 
  0.9896774 115.5342 
  0.9928234 114.9594 
  0.9864544 114.3874 
  0.987264 113.8184 
  0.9660918 113.2521 
  0.9244975 112.128 
  0.9221726 109.9132 
  0.9235729 107.7421 
  0.8325614 105.614 
  0.5618659 104.0455 
  0.3143573 104.5657 
  0.0009379666 105.614 
  -0.1575256 106.6728 
  0.006906396 107.7421 
  0.1494518 108.8223 
  0.1219515 109.3664 
  0.07753489 110.4628 
  -0.1786004 111.0151 
  -0.1176192 112.128 
  -0.09058765 113.2521 
  -0.08669136 114.3874 
  0.03710714 115.5342 
  -0.02573436 116.6924 
  0.6698858 117.2759 
  0.4639827 111.0151 
  0.8405826 109.3664 
  0.9662793 108.2809 
  0.9632656 107.2061 
  0.9031515 105.614 
  0.9204508 103.5278 
  0.9387746 101.9903 
  0.8782608 101.9903 
  0.7853827 103.5278 
  0.7852756 105.614 
  0.6587724 107.7421 
  0.7051445 110.4628 
  0.6700276 113.2521 
  0.8836247 115.5342 
  0.9650212 117.2759 
  0.9879664 117.8622 
  0.9932774 118.4515 
  0.9922592 119.0438 
  0.9936674 119.0438 
  0.9934036 119.0438 
  0.9948067 118.4515 
  0.993028 117.8622 
  0.974595 116.6924 
  0.9604204 115.5342 
  0.9517635 114.3874 
  0.9453577 112.6886 
  0.9159222 111.0151 
  0.6211358 109.9132 
  0.2136055 108.8223 
  -0.03057455 107.7421 
  0.07319567 106.6728 
  0.2535757 105.614 
  -0.1215867 104.5657 
  0.5697619 102.5003 
  0.762637 99.97575 
  0.8650829 97.02828 
  0.9395436 95.5873 
  0.9513947 94.1677 
  0.9469919 93.23304 
  0.931162 92.30766 
  0.8779933 91.39146 
  0.9039589 90.93677 
  0.9266956 90.03418 
  0.9313923 89.58624 
  0.9812402 89.14054 
  0.9741917 89.14054 
  0.9888532 89.58624 
  0.9422741 89.14054 
  0.9425286 88.69706 
  0.8101274 89.14054 
  0.619962 89.14054 
  0.3193662 89.14054 
  0.345603 89.14054 
  0.2161286 89.14054 
  0.5084754 89.14054 
  0.4308649 89.14054 
  0.3064799 89.14054 
  0.0693495 89.14054 
  -0.01831192 89.14054 
  0.1619914 89.14054 
  -0.03839001 89.14054 ]
