 [
  -0.01902925 240.5036 
  -0.02892658 240.5036 
  -0.07453883 240.5036 
  0.03492377 240.5036 
  0.1086324 240.5036 
  0.1726695 240.5036 
  0.1516628 240.5036 
  0.06862323 240.5036 
  -0.09991229 240.5036 
  -0.07955839 240.5036 
  -0.1311928 240.5036 
  0.006350602 240.5036 
  0.3675842 240.5036 
  0.3886323 240.5036 
  0.1863531 240.5036 
  0.01056555 240.5036 
  -0.1318754 240.5036 
  0.1042495 240.5036 
  0.2655217 240.5036 
  0.1288116 240.5036 
  -0.07981367 240.5036 
  -0.2204698 240.5036 
  -0.2228323 240.5036 
  -0.1680482 240.5036 
  -0.03355278 240.5036 
  0.2121186 240.5036 
  -0.03412365 240.5036 
  0.02170872 240.5036 
  0.088963 240.5036 
  0.231539 240.5036 
  0.1553439 240.5036 
  0.04151405 240.5036 
  -0.03416939 240.5036 
  0.7477518 240.5036 
  0.8045545 240.5036 
  0.8753046 240.5036 
  0.7032036 240.5036 
  0.04426495 240.5036 
  -0.2145335 240.5036 
  0.1077739 240.5036 
  0.187764 240.5036 
  0.7504738 233.4131 
  0.887984 229.9466 
  0.9269535 228.8026 
  0.9112621 224.2832 
  0.7736599 222.057 
  0.3809313 225.4046 
  0.6184814 229.9466 
  -0.2164795 234.5801 
  -0.0373386 239.307 
  0.02707632 244.1292 
  0.1080921 249.0485 
  0.08567648 252.8029 
  0.2519285 255.3373 
  0.699771 255.3373 
  0.7845131 259.1866 
  0.7073927 251.5452 
  0.7753252 241.7061 
  0.9896159 236.9318 
  0.9962513 235.753 
  0.996944 235.753 
  0.9959902 236.9318 
  0.9970389 236.9318 
  0.9977149 236.9318 
  0.9950057 235.753 
  0.9794788 234.5801 
  0.9733946 232.2518 
  0.9537547 231.0963 
  0.9289907 229.9466 
  0.9819492 231.0963 
  0.9993131 231.0963 
  0.9999374 231.0963 
  0.973525 232.2518 
  0.7323115 233.4131 
  0.8861583 235.753 
  0.9288773 239.307 
  0.957931 242.9146 
  0.938975 247.8095 
  0.9553791 251.5452 
  0.9623302 254.067 
  0.9234213 250.2938 
  0.8273744 247.8095 
  0.5109623 249.0485 
  -0.1235557 252.8029 
  -0.1129707 257.8971 
  -0.02971246 263.0938 
  0.0911082 268.3953 
  0.06160012 273.8036 
  0.02200312 279.3209 
  -0.07904883 284.9493 
  0.02514639 289.245 
  0.09002431 293.6054 
  0.07736604 298.0316 
  0.7427666 301.0193 
  0.8406225 289.245 
  0.8908393 283.5317 
  0.9798609 277.9312 
  0.9837553 273.8036 
  0.9778682 269.7372 
  0.9612834 265.7313 
  0.9430369 259.1866 
  0.856164 255.3373 
  0.6660317 254.067 
  0.6325799 252.8029 
  0.3664921 252.8029 
  0.005037166 252.8029 
  0.1615098 252.8029 
  0.1411365 254.067 
  0.06257489 257.8971 
  0.05924637 260.4825 
  0.02633307 263.0938 
  0.1085566 265.7313 
  0.07814279 268.3953 
  0.1662873 271.0859 
  0.7617741 273.8036 
  0.8892887 263.0938 
  0.9042383 257.8971 
  0.9157636 251.5452 
  0.9546226 245.3498 
  0.9768567 240.5036 
  0.9894565 236.9318 
  0.9955799 234.5801 
  0.9982847 233.4131 
  0.9993013 232.2518 
  0.9990057 233.4131 
  0.999666 232.2518 
  1.000251 231.0963 
  1.000293 231.0963 
  0.9997852 231.0963 
  1.000225 229.9466 
  0.9987022 229.9466 
  0.9959092 229.9466 
  0.9939289 228.8026 
  0.9997265 227.6642 
  0.9990388 227.6642 
  0.9884921 226.5316 
  0.9859051 225.4046 
  0.9880567 224.2832 
  0.9985507 224.2832 
  0.9982165 223.1673 
  0.9988599 222.057 
  0.9984177 220.9523 
  0.9981408 219.853 
  0.9974326 218.7592 
  0.9904619 218.7592 
  0.9771776 218.7592 
  0.9510792 218.7592 
  0.8760739 218.7592 
  0.7922684 219.853 
  0.5852618 220.9523 
  0.07351284 222.057 
  -0.03749384 223.1673 
  -0.1670621 224.2832 
  0.8408117 227.6642 
  0.9346945 226.5316 
  0.9798341 224.2832 
  0.9963394 223.1673 
  0.9940383 222.057 
  0.9817698 223.1673 
  0.9669444 225.4046 
  0.9667965 227.6642 
  0.9857704 226.5316 
  0.9895142 227.6642 
  0.9897509 229.9466 
  0.9941966 231.0963 
  0.9865906 233.4131 
  0.988015 234.5801 
  0.9913749 235.753 
  0.9652281 236.9318 
  0.9334633 235.753 
  0.8082709 234.5801 
  0.9919533 234.5801 
  0.9987091 233.4131 
  0.9980683 232.2518 
  0.9985968 231.0963 
  0.9968814 229.9466 
  0.995132 228.8026 
  0.9954901 227.6642 
  0.996847 226.5316 
  0.9875484 226.5316 
  0.7714229 226.5316 
  0.9256939 224.2832 
  0.9589674 225.4046 
  0.9794235 225.4046 
  0.9867335 226.5316 
  0.9666086 229.9466 
  0.953054 231.0963 
  0.9472241 233.4131 
  0.7083607 234.5801 
  0.4863682 234.5801 
  0.3506801 229.9466 
  -0.009764254 228.8026 
  -0.02520178 228.8026 
  -0.2226306 227.6642 
  -0.1041409 226.5316 
  0.04460475 225.4046 
  -0.1750045 225.4046 
  -0.3110676 225.4046 
  -0.008356207 224.2832 
  -0.1203021 223.1673 
  -0.06635701 222.057 
  -0.07832749 220.9523 
  0.01200437 220.9523 
  0.008765385 220.9523 
  0.230632 220.9523 
  0.6938471 219.853 
  0.7189325 217.6709 
  0.8875136 214.4382 
  0.8048816 212.3098 
  0.6229427 212.3098 
  0.7730584 213.3714 
  0.9109089 214.4382 
  0.9813583 216.5879 
  0.954246 218.7592 
  0.8854845 220.9523 
  0.8590528 215.5104 
  0.9590623 212.3098 
  0.9888524 211.2535 
  0.9856989 210.2025 
  0.9801632 208.1162 
  0.9404569 206.0505 
  0.9012271 204.0054 
  0.7972046 199.9758 
  -0.4081482 196.0257 
  -0.1241361 192.1537 
  -0.4744276 188.3582 
  -0.2199699 185.5609 
  0.1921532 183.7191 
  0.2931411 189.3 
  0.3184744 193.1145 
  0.433773 206.0505 
  0.5741037 207.0808 
  0.9874728 208.1162 
  0.9981996 209.1568 
  0.9985613 209.1568 
  0.9939185 209.1568 
  0.9821331 210.2025 
  0.6104057 212.3098 
  0.7514255 209.1568 
  0.8650087 210.2025 
  0.9750901 212.3098 
  0.974476 214.4382 
  0.9614629 216.5879 
  0.9496424 219.853 
  0.9357191 222.057 
  0.9380707 222.057 
  0.6348938 220.9523 
  0.4964907 220.9523 
  -0.09812304 220.9523 
  -0.0679405 220.9523 
  -0.04082928 220.9523 
  0.001154944 220.9523 
  -0.01337414 219.853 
  -0.152035 218.7592 
  0.317349 217.6709 
  -0.007680194 216.5879 
  0.6849841 215.5104 
  0.9008614 214.4382 
  0.9772921 214.4382 
  0.979996 213.3714 
  0.9739454 212.3098 
  0.9681864 213.3714 
  0.9702192 212.3098 
  0.9697035 214.4382 
  0.97001 213.3714 
  0.9760741 213.3714 
  0.9855053 213.3714 
  0.9880416 213.3714 
  0.9875828 213.3714 
  0.9850364 214.4382 
  0.9910918 215.5104 
  0.9949346 215.5104 
  0.9953458 215.5104 
  0.9971508 215.5104 
  0.9938635 214.4382 
  0.9832774 213.3714 
  0.9809749 212.3098 
  0.9789677 211.2535 
  0.9942573 212.3098 
  0.9971351 212.3098 
  0.9944614 211.2535 
  0.9968496 210.2025 
  0.9923767 210.2025 
  0.9708259 209.1568 
  0.9433007 207.0808 
  0.8867521 206.0505 
  0.7459922 206.0505 
  0.3683465 206.0505 
  -0.03100351 206.0505 
  0.08154221 206.0505 
  0.05062399 206.0505 
  -0.006010033 206.0505 
  -0.02270383 207.0808 
  -0.04243466 208.1162 
  -0.1700483 209.1568 
  0.02948511 210.2025 
  0.3403325 212.3098 
  0.7234623 213.3714 
  0.8557566 214.4382 
  0.9852721 214.4382 
  0.9836515 213.3714 
  0.6316227 213.3714 
  0.7088716 210.2025 
  0.8761685 211.2535 
  0.9836434 210.2025 
  0.9900892 209.1568 
  0.9894999 208.1162 
  0.989264 207.0808 
  0.9876396 206.0505 
  0.9791509 205.0254 
  0.9323051 204.0054 
  0.8620033 200.9756 
  -0.1784996 198.9809 
  0.1346819 196.0257 
  0.0374256 193.1145 
  -0.06060016 190.2465 
  0.1010005 188.3582 
  0.2690725 176.533 
  0.3545376 173.9112 
  0.4307083 173.9112 
  0.7001414 180.9906 
  0.3925118 184.6377 
  -0.4714462 188.3582 
  0.09674576 192.1537 
  -0.1492897 195.0505 
  0.2220722 197.9909 
  0.1637355 200.9756 
  -0.2756694 204.0054 
  -0.0822978 207.0808 
  -0.07302584 210.2025 
  -0.006908677 213.3714 
  -0.2962876 216.5879 
  0.4925004 220.9523 
  0.7203645 219.853 
  0.9606224 216.5879 
  0.9919187 215.5104 
  0.9888685 214.4382 
  0.9909942 214.4382 
  0.9904187 213.3714 
  0.993076 212.3098 
  0.9839256 212.3098 
  0.9318018 211.2535 
  0.83777 211.2535 
  0.930451 211.2535 
  0.9972531 212.3098 
  0.9978476 212.3098 
  0.9960681 212.3098 
  0.9869648 212.3098 
  0.9681952 212.3098 
  0.9339234 212.3098 
  0.8636508 213.3714 
  0.3688315 214.4382 
  0.005140762 215.5104 
  -0.01792786 216.5879 
  0.06637878 217.6709 
  -0.008661032 219.853 
  0.1251021 220.9523 
  0.1848722 220.9523 
  0.3316128 220.9523 
  -0.2157754 219.853 
  0.5523981 217.6709 
  0.6587864 207.0808 
  0.8499948 201.9805 
  0.9009294 196.0257 
  0.81973 192.1537 
  0.4161785 192.1537 
  0.2900943 207.0808 
  0.5235011 210.2025 
  0.2861069 204.0054 
  0.4274473 199.9758 
  0.2372372 197.0059 
  0.6481355 196.0257 
  0.3713972 196.0257 
  0.3803743 196.0257 
  0.06927933 195.0505 
  0.1114231 195.0505 
  0.2045886 195.0505 
  0.09144159 195.0505 
  0.1674649 195.0505 
  0.1040928 194.0801 
  0.01706782 193.1145 
  -0.08389243 192.1537 
  -0.09862997 191.1978 
  -0.008241035 190.2465 
  0.01102172 189.3 
  -0.2585301 189.3 
  0.4096207 189.3 
  -0.1190944 189.3 
  0.2823316 189.3 
  -0.03232836 188.3582 
  0.07640599 187.4211 
  0.01898594 186.4887 
  0.1509134 185.5609 
  0.1154654 184.6377 
  0.1615547 184.6377 
  0.2314253 184.6377 
  0.1979689 184.6377 
  0.001551771 184.6377 
  0.00104503 184.6377 
  0.2365012 184.6377 
  0.2255146 184.6377 
  0.02783151 184.6377 
  -0.03254347 184.6377 
  -0.04981802 184.6377 
  0.1508702 184.6377 
  0.1609817 184.6377 
  -0.0328858 184.6377 
  -0.1122664 184.6377 
  -0.1042478 184.6377 
  -0.06360299 184.6377 
  0.1715773 184.6377 
  0.2007163 184.6377 
  -0.09821417 184.6377 
  -0.2476107 184.6377 
  -0.3484052 184.6377 ]
