 [
  -0.06536335 95.5873 
  -0.04745426 95.5873 
  -0.01301936 95.5873 
  -0.08814463 95.5873 
  -0.03892717 95.5873 
  0.06624278 95.5873 
  -0.1027479 95.5873 
  0.008056389 95.5873 
  0.04884174 95.5873 
  0.07579356 95.5873 
  0.1712392 95.5873 
  0.02461397 95.5873 
  0.08938205 95.5873 
  0.1913882 95.5873 
  0.4150068 95.5873 
  0.4291083 95.5873 
  0.3528659 95.5873 
  0.1555016 95.5873 
  0.03933591 95.5873 
  0.08305683 95.5873 
  -0.07508383 95.5873 
  -0.01318131 95.11173 
  0.3632063 94.63854 
  0.2414134 98.98344 
  0.2101819 101.4829 
  0.3377979 104.0455 
  0.632472 106.142 
  0.936609 105.0885 
  0.8757916 104.5657 
  0.9149375 103.0128 
  0.9550587 101.4829 
  0.9191773 100.978 
  0.7338179 99.47836 
  0.6462796 97.02828 
  0.7093568 94.1677 
  -0.08504699 93.6992 
  0.02396481 95.11173 
  -0.08789699 97.02828 
  0.06284708 98.98344 
  0.08308922 100.978 
  0.1080095 102.5003 
  0.2683504 104.5657 
  0.2849902 106.142 
  0.03466394 107.7421 
  -0.2709892 109.9132 
  -0.2388244 112.128 
  -0.2135924 114.3874 
  0.001249421 116.6924 
  -0.05832464 119.0438 
  0.0819776 121.4426 
  0.100689 123.8897 
  0.2435378 126.3862 
  -0.09118587 128.9329 
  0.7569914 130.8766 
  0.8058663 128.9329 
  0.9390463 128.2915 
  0.9690403 128.2915 
  0.9210811 129.5776 
  0.9252889 131.531 
  0.9329704 133.5138 
  0.9496804 133.5138 
  0.9609054 133.5138 
  0.9474265 134.8523 
  0.9448668 136.8852 
  0.9630929 140.3417 
  0.981234 143.1697 
  0.9910115 144.605 
  0.9937871 145.328 
  0.9683432 144.605 
  0.8879306 143.1697 
  0.7169045 142.4574 
  -0.3682701 142.4574 
  -0.3769072 142.4574 
  -0.3321133 142.4574 
  -0.02496684 141.7487 
  0.02277542 141.0434 
  0.02294461 140.3417 
  0.004638777 139.6435 
  0.02832743 138.9488 
  0.1109243 138.9488 
  0.09454577 138.9488 
  0.1032909 138.2575 
  0.2807717 137.5696 
  0.1185257 136.8852 
  0.1024291 136.2042 
  0.006276101 134.8523 
  -0.0297063 133.5138 
  -0.1070052 132.1886 
  0.1697177 130.8766 
  0.09116188 129.5776 
  -0.02837235 128.9329 
  0.7594657 130.2255 
  0.841603 130.2255 
  0.8440572 128.2915 
  0.8191833 126.3862 
  0.9129552 124.5092 
  0.9656131 123.8897 
  0.9777273 123.2734 
  0.9427938 122.6601 
  0.9607807 121.4426 
  0.9912371 120.8384 
  0.9893512 120.8384 
  0.9483753 119.639 
  0.9158099 118.4515 
  0.9386655 117.2759 
  0.9163338 116.1118 
  0.9052788 114.9594 
  0.92735 113.2521 
  0.9666282 112.128 
  0.9106987 111.0151 
  0.8016918 108.8223 
  0.7793062 106.6728 
  0.6826701 104.0455 
  0.6294414 100.978 
  0.8177591 98.491 
  0.922799 97.02828 
  0.8837844 96.06523 
  0.8540583 94.63854 
  0.879464 92.7692 
  0.922766 92.30766 
  0.7989609 91.84841 
  0.6886972 91.84841 
  0.3519542 92.30766 
  0.5048031 87.3798 
  0.3348346 84.80367 
  0.1538677 84.80367 
  0.2262064 85.2277 
  0.0212947 85.2277 
  0.1520778 85.65383 
  0.1119061 86.0821 
  0.06079952 86.51251 
  0.229027 86.94508 
  0.1109437 86.94508 
  -0.03159868 87.3798 
  0.1105824 87.8167 
  -0.04457728 88.25578 
  0.1218833 88.69706 
  0.006380937 89.14054 
  0.08798985 89.58624 
  -0.09318981 90.03418 
  -0.03614498 90.48434 
  0.04585335 90.93677 
  0.2639908 91.84841 
  0.5600528 93.6992 
  0.3353503 97.02828 
  0.50749 95.11173 
  0.5418919 94.63854 
  0.9778127 93.6992 
  0.9702066 93.6992 
  0.9789975 92.7692 
  0.9899378 92.7692 
  0.9870892 92.7692 
  0.9921027 92.7692 
  0.993443 92.7692 
  0.9667647 92.30766 
  0.9874926 91.84841 
  0.952805 92.7692 
  0.9608558 93.23304 
  0.6458682 95.5873 
  0.8819079 97.51342 
  0.8975315 98.491 
  0.4888109 100.4756 
  0.5209675 104.5657 
  0.7260875 106.6728 
  0.7614122 109.3664 
  0.8856674 111.5702 
  0.8740212 111.5702 
  0.8107758 113.2521 
  0.4759057 112.6886 
  0.06664523 112.128 
  0.08782313 111.5702 
  -0.03615772 111.0151 
  0.07006637 110.4628 
  0.1153417 109.9132 
  0.02648886 109.3664 
  -0.1143565 108.8223 
  -0.1761075 108.2809 
  -0.1668325 107.7421 
  0.06456797 107.7421 
  0.03732019 107.7421 
  -0.02721813 107.7421 
  -0.02370938 107.7421 
  -0.003717582 107.7421 
  -0.1009779 107.2061 
  -0.1759288 106.6728 
  0.1044565 106.142 
  0.05583742 106.142 
  0.06788576 106.142 
  0.09785013 106.142 
  0.03945863 106.142 
  0.3279617 106.142 
  0.3033352 106.142 
  0.1100999 106.142 
  -0.1704013 106.142 
  -0.2349619 106.142 
  0.2043202 106.142 
  0.02629323 106.142 
  0.003266838 106.142 
  0.07540709 106.142 
  -0.1502377 106.142 
  -0.2864454 106.142 
  -0.00863176 106.142 
  -0.1894252 106.142 
  0.2779766 106.142 
  0.1379787 105.614 
  0.2040687 105.614 
  -0.01771965 105.614 
  0.02187753 106.142 
  -0.1159889 107.7421 
  0.03405584 109.3664 
  0.6424913 111.5702 
  0.8373075 111.0151 
  0.9685278 111.5702 
  0.9781231 112.128 
  0.9628618 112.128 
  0.9386096 112.128 
  0.9200034 113.2521 
  0.8653122 113.2521 
  0.4333264 114.3874 
  -0.03440624 116.6924 
  0.04957216 119.639 
  0.3748507 122.6601 
  -0.07331923 125.7574 
  -0.06545823 128.9329 
  0.1794172 130.8766 
  0.2917443 132.1886 
  0.3534223 133.5138 
  0.3488799 134.1814 
  -0.7003989 134.1814 
  -0.03976216 134.1814 
  0.4074379 134.1814 
  0.2548169 133.5138 
  0.329469 127.6532 
  0.6815204 117.8622 
  0.7879862 118.4515 
  0.798041 116.6924 
  0.8664916 113.8184 
  0.8674338 112.128 
  0.8482213 110.4628 
  0.9180897 108.8223 
  0.9420106 108.2809 
  0.87268 107.2061 
  0.7962595 106.142 
  0.73874 104.0455 
  0.5456599 103.0128 
  0.9625885 104.0455 
  0.9959853 104.5657 
  0.998377 104.5657 
  0.9984523 104.5657 
  0.9976405 105.0885 
  0.9675693 105.614 
  0.9427615 106.142 
  0.9562868 106.142 
  0.978459 106.142 
  0.9741893 107.2061 
  0.9770116 108.2809 
  0.9810895 108.8223 
  0.9761876 109.9132 
  0.9782795 111.0151 
  0.9711154 111.5702 
  0.91214 112.6886 
  0.8905683 113.8184 
  0.8513542 114.9594 
  0.8794606 116.1118 
  0.91922 116.6924 
  0.9194641 116.1118 
  0.948285 114.9594 
  0.8061239 113.2521 
  0.6948193 112.128 
  0.2883537 111.5702 
  0.1759139 112.128 
  0.1515639 112.128 
  0.7022678 112.128 
  0.09161876 112.128 
  0.02426909 112.128 
  0.7042113 111.5702 
  0.8890185 110.4628 
  0.7584769 107.2061 
  0.8986197 104.0455 
  0.9375511 101.9903 
  0.9292814 101.9903 
  0.8968429 101.9903 
  0.7957007 102.5003 
  0.8971808 103.0128 
  0.9779325 103.5278 
  0.9790086 103.0128 
  0.7894323 101.9903 
  0.208265 100.4756 
  0.1333798 98.98344 
  0.2791673 98.491 
  0.8425565 98.98344 
  0.7625625 99.97575 
  -0.0693867 101.4829 
  -0.2866522 103.0128 
  -0.07764566 104.5657 
  0.1208033 106.142 
  0.04353796 108.2809 
  0.2557013 112.6886 
  0.7167289 111.0151 
  0.9744856 109.9132 
  0.9884564 109.9132 
  0.9742998 108.8223 
  0.9774373 107.7421 
  0.9894237 107.2061 
  0.9786087 106.142 
  0.9745094 105.614 
  0.939633 104.5657 
  0.9175565 104.5657 
  0.9112191 104.0455 
  0.8705535 103.0128 
  0.8898035 101.9903 
  0.9410912 100.978 
  0.9515194 99.97575 
  0.9346823 98.98344 
  0.9471609 98.00098 
  0.9467465 97.51342 
  0.9590089 98.00098 
  0.9763188 98.491 
  0.9327619 98.00098 
  0.9113963 97.02828 
  0.903337 96.06523 
  0.8581662 95.11173 
  0.8963965 94.63854 
  0.9313719 94.1677 
  0.9330016 94.1677 
  0.8613975 95.11173 
  0.9019899 96.06523 
  0.9565072 97.02828 
  0.9588569 97.02828 
  0.9274402 96.54556 
  0.9518583 96.06523 
  0.9605371 96.06523 
  0.9592693 97.02828 
  0.9276456 97.51342 
  0.838447 97.51342 
  0.6841008 97.02828 
  0.7427628 95.5873 
  0.5341192 95.5873 
  0.4599232 94.63854 
  0.4883725 95.11173 
  0.513899 93.6992 
  0.7081041 93.23304 
  0.9084262 93.23304 
  0.9239276 93.23304 
  0.9586546 93.23304 
  0.9659755 93.23304 
  0.9666455 93.23304 
  0.8847249 93.23304 
  0.6923461 93.6992 
  0.01326637 94.1677 
  0.0159026 94.63854 
  0.02820305 95.11173 
  0.003224419 95.5873 
  -0.06335668 96.54556 
  -0.09639305 98.00098 
  -0.08237968 98.98344 
  0.1085941 99.97575 
  -0.2126852 101.4829 
  0.194238 102.5003 
  0.1602382 100.978 
  0.686472 97.02828 
  0.7148045 99.47836 
  0.8438482 99.47836 
  0.8600103 97.51342 
  0.9159144 96.06523 
  0.9372717 95.11173 
  0.9587694 94.63854 
  0.9366685 95.11173 
  0.9527795 95.5873 
  0.9204637 96.54556 
  0.9366416 97.02828 
  0.8800874 96.54556 
  0.7871339 96.06523 
  0.5021392 95.5873 
  0.03291027 97.51342 
  0.1345508 98.98344 
  -0.1505001 100.4756 
  -0.03733826 101.9903 
  -0.03254262 103.5278 
  0.08813841 105.0885 
  0.06038944 106.6728 
  -0.055103 108.2809 
  -0.2224724 110.4628 
  -0.1116863 112.6886 
  -0.004637696 114.3874 
  -0.0730031 116.1118 
  0.0868894 117.8622 
  0.07430145 119.639 
  0.2584849 121.4426 
  0.2654832 123.8897 
  0.3174463 128.2915 
  0.4304705 112.6886 
  0.8776339 112.128 
  0.8631289 110.4628 
  0.7385815 108.2809 
  0.6840643 105.614 
  0.8777695 103.5278 
  0.9720337 102.5003 
  0.8976368 101.4829 
  0.6358439 98.98344 
  0.580058 95.5873 
  0.4530532 92.30766 
  0.3350046 89.58624 
  0.4779321 88.25578 
  0.7658759 86.0821 
  0.2561974 85.2277 
  0.582007 80.27641 
  0.6194894 80.27641 
  0.5432804 80.27641 
  0.3324416 79.08421 
  0.2549817 78.69076 
  -0.06874868 78.69076 
  -0.3027411 78.29926 
  -0.1187207 77.90971 
  -0.2326659 77.90971 
  -0.1108419 77.90971 
  0.09485628 77.90971 
  0.06972031 77.90971 
  0.01899415 78.29926 
  -0.08820669 78.69076 
  -0.06352539 78.69076 
  0.2239075 78.69076 
  0.1861141 78.69076 
  0.203852 78.29926 
  0.07896167 77.90971 
  0.01513405 77.5221 
  0.1224969 77.13642 
  0.157141 76.75266 
  0.06299251 76.3708 
  0.4156671 75.99085 
  0.3115201 75.99085 
  0.4046609 75.99085 
  0.3432551 76.3708 
  0.2645307 76.3708 
  0.05742975 76.3708 
  0.05074652 76.3708 
  -0.02806697 76.3708 
  -0.2339131 76.3708 
  -0.194746 76.3708 
  0.01941495 76.3708 
  0.02610629 76.3708 
  -0.09526548 76.3708 
  -0.04730245 76.3708 
  -0.1111951 76.3708 
  -0.07906727 76.3708 ]
