 [
  -0.0636098 136.2042 
  0.1719048 136.2042 
  -0.0682985 136.2042 
  -0.1419865 136.2042 
  -0.1786793 136.2042 
  -0.2073609 136.2042 
  0.0270076 136.2042 
  0.1054969 136.2042 
  0.1890998 136.2042 
  0.04492543 136.2042 
  -0.1785841 136.2042 
  -0.09761565 136.2042 
  -0.1097955 136.2042 
  0.3122363 134.8523 
  0.8009673 131.531 
  0.9560778 130.2255 
  0.9854234 130.8766 
  0.9857699 132.1886 
  0.9754747 133.5138 
  0.9824777 136.2042 
  0.9792327 138.2575 
  0.9824382 140.3417 
  0.9947723 141.0434 
  0.9358058 140.3417 
  0.8619608 137.5696 
  0.7044625 134.1814 
  0.5383934 130.8766 
  0.726895 128.9329 
  0.5118015 127.0181 
  0.4749028 125.1317 
  0.4604612 123.2734 
  0.09435613 122.0498 
  0.3877373 120.8384 
  0.5369145 127.6532 
  0.4536529 114.9594 
  0.8147171 114.3874 
  0.9539843 114.3874 
  0.9805441 114.3874 
  0.9824075 114.3874 
  0.9812234 114.9594 
  0.9716238 114.9594 
  0.9903103 115.5342 
  0.98953 116.1118 
  0.9828654 116.1118 
  0.9615999 116.1118 
  0.9438158 115.5342 
  0.9751678 114.9594 
  0.980813 114.3874 
  0.9761257 114.3874 
  0.9749038 114.3874 
  0.9709636 114.3874 
  0.9321098 113.2521 
  0.9406902 112.128 
  0.938858 111.0151 
  0.4127728 108.8223 
  0.3599797 91.84841 
  0.1372358 84.80367 
  0.2363265 74.11925 
  0.6674292 64.78096 
  0.5462568 64.45866 
  0.06439568 64.45866 
  0.2579502 63.50137 
  0.3431923 70.51319 
  0.3637867 77.13642 
  0.3006242 90.03418 
  0.6434793 105.0885 
  0.8803257 106.6728 
  0.9874265 107.2061 
  0.9611728 107.7421 
  0.9583192 108.2809 
  0.9896898 108.8223 
  0.9760402 109.3664 
  0.9324017 109.9132 
  0.8835866 110.4628 
  0.8584729 109.3664 
  0.6680407 109.9132 
  0.2470095 111.0151 
  -0.06351018 112.128 
  0.4582918 113.2521 
  0.1064724 114.3874 
  0.2486946 115.5342 
  -0.136293 116.6924 
  0.09203349 117.8622 
  -0.07909536 119.0438 
  0.09084678 120.2372 
  0.04322156 122.0498 
  0.1632724 123.2734 
  0.2478093 123.2734 
  0.1561674 122.6601 
  0.06869254 121.4426 
  0.05505102 120.8384 
  0.2077748 120.2372 
  0.7335281 121.4426 
  0.6858232 117.8622 
  0.8453072 114.9594 
  0.8764881 113.2521 
  0.7966772 113.2521 
  0.7450653 111.5702 
  -0.008304222 111.0151 
  -0.05767288 111.0151 
  0.3736432 111.0151 
  0.06989645 111.0151 
  0.06566296 110.4628 
  -0.1228976 110.4628 
  0.06889498 109.9132 
  -0.3125541 109.3664 
  0.5918155 110.4628 
  0.7167589 111.0151 
  0.9553708 111.0151 
  0.9223965 110.4628 
  0.861586 108.8223 
  0.691217 107.7421 
  0.422163 107.2061 
  0.0709786 106.6728 
  0.006644137 106.142 
  0.06920878 105.614 
  0.1041789 105.0885 
  0.2286054 104.5657 
  0.3150794 104.0455 
  0.2875301 103.5278 
  0.4090734 103.0128 
  0.312126 102.5003 
  0.123273 101.9903 
  0.0931574 101.4829 
  -0.03643399 101.4829 
  0.1557031 100.978 
  -0.1400564 100.4756 
  0.5998097 100.4756 
  0.8780187 100.978 
  0.994233 101.4829 
  0.9972349 101.9903 
  0.7538931 103.0128 
  0.2855966 103.5278 
  0.631161 105.614 
  0.8848722 105.614 
  0.9255388 105.614 
  0.9444238 106.142 
  0.9513736 106.6728 
  0.9673805 107.7421 
  0.9493852 108.2809 
  0.9334213 108.2809 
  0.9226415 108.8223 
  0.9167447 108.8223 
  0.8685346 108.8223 
  0.7851375 108.2809 
  0.5181345 107.7421 
  0.3473239 106.6728 
  0.8961097 106.6728 
  0.9551076 106.142 
  0.9779415 105.614 
  0.9702081 105.0885 
  0.2783625 104.5657 
  0.2743146 104.0455 
  0.3128227 104.0455 
  0.3532298 103.5278 
  0.4858814 103.0128 
  0.1339491 103.0128 
  0.0007967753 103.0128 
  0.1298308 103.0128 
  0.1794407 103.0128 
  0.1093728 102.5003 
  -0.02313767 101.4829 
  0.1916085 100.4756 
  0.40745 99.47836 
  0.6781216 100.4756 
  0.9388608 100.978 
  0.9493867 100.4756 
  0.9462186 99.97575 
  0.9229781 99.47836 
  0.8423503 98.98344 
  0.7148547 98.00098 
  0.3588563 97.02828 
  -0.1483086 95.5873 
  -0.01465255 94.63854 
  0.1670358 93.6992 
  -0.03408228 92.7692 
  -0.1259717 91.39146 
  -0.04347204 90.03418 
  -0.2041747 88.69706 
  -0.01720727 87.3798 
  -0.1454441 86.0821 
  0.01074201 84.80367 
  0.4993036 83.54424 
  0.1765655 82.71502 
  0.1875348 81.08118 
  0.2257205 80.27641 
  0.1861449 81.4866 
  0.250406 82.71502 
  0.2270894 83.54424 
  0.05857756 84.80367 
  0.3961883 85.65383 
  0.1885215 86.0821 
  0.2296289 90.93677 
  0.5930783 92.7692 
  0.8811355 92.7692 
  0.6697257 90.48434 
  0.7567094 87.8167 
  0.4863386 86.51251 
  0.1939538 84.38177 
  0.2098554 81.4866 
  0.2490073 79.47963 
  0.2787957 79.08421 
  0.2224888 79.08421 
  -0.1978896 79.47963 
  -0.08424234 79.87703 
  -0.1812024 80.27641 
  0.2648416 80.6778 
  0.1388856 81.08118 
  -0.2707184 81.4866 
  0.05648062 81.89403 
  -0.106174 82.3035 
  0.07102735 82.3035 
  0.1194139 82.71502 
  0.1455745 83.12859 
  0.1342643 83.54424 
  -0.06939344 83.96195 
  -0.1031156 84.38177 
  0.08362194 84.80367 
  0.008451624 85.2277 
  0.006585784 85.65383 
  0.2057427 86.0821 
  0.2598294 86.51251 
  0.1946444 86.94508 
  0.1029879 87.3798 
  0.1449376 87.8167 
  0.1755789 87.8167 
  0.305077 87.8167 
  0.3588779 87.3798 
  0.4134728 86.94508 
  0.4378663 86.94508 
  0.3367676 86.94508 
  0.1433041 87.3798 
  0.05088715 87.3798 
  -0.1498799 87.3798 
  -0.134632 87.3798 
  0.05394523 87.3798 
  -0.04594387 87.3798 
  -0.1994464 87.3798 
  -0.3580159 87.3798 
  -0.1217692 87.3798 
  0.09577319 87.3798 
  -0.1452899 87.3798 
  -0.1852414 87.3798 
  -0.0106512 87.3798 ]
