 [
  0.2320714 339.2969 
  0.1116176 339.2969 
  0.002665158 339.2969 
  0.009362402 339.2969 
  0.1253909 339.2969 
  -0.1101928 339.2969 
  0.008795783 339.2969 
  -0.01791797 339.2969 
  -0.0801471 339.2969 
  -0.270787 339.2969 
  -0.4806461 339.2969 
  0.0932887 339.2969 
  0.141924 339.2969 
  0.2237636 339.2969 
  0.01995176 339.2969 
  0.1320882 339.2969 
  0.1020489 339.2969 
  0.1371838 339.2969 
  0.2543449 339.2969 
  -0.05916131 339.2969 
  -0.1231634 339.2969 
  -0.06869571 339.2969 
  0.08455835 339.2969 
  -0.02239094 339.2969 
  -0.1452606 339.2969 
  0.04571628 339.2969 
  0.0006583286 339.2969 
  0.1541659 339.2969 
  0.2001072 339.2969 
  0.1292047 339.2969 
  0.2219598 339.2969 
  0.1033563 339.2969 
  -0.03163273 339.2969 
  -0.1877 339.2969 
  -0.1909584 339.2969 
  -0.1092422 339.2969 
  -0.03162276 339.2969 
  0.05032998 339.2969 
  0.0941277 339.2969 
  0.1871692 339.2969 
  0.1777789 339.2969 
  0.03378389 339.2969 
  0.1831503 339.2969 
  -0.006759223 339.2969 
  -0.01205204 339.2969 
  0.06851188 339.2969 
  -0.02234077 339.2969 
  -0.03126237 339.2969 
  0.1432475 339.2969 
  0.06676804 339.2969 
  0.06984825 339.2969 
  0.290364 339.2969 
  0.3856138 339.2969 
  0.4571853 339.2969 
  0.1411732 339.2969 
  0.4501229 339.2969 
  0.5106668 339.2969 
  0.6112764 339.2969 
  0.559122 339.2969 
  0.08998746 339.2969 
  0.4285817 339.2969 
  0.4731764 339.2969 
  0.5904666 339.2969 
  0.4925111 339.2969 
  -0.03711966 339.2969 
  0.4571667 339.2969 
  0.579603 339.2969 
  0.1813485 339.2969 
  -0.09439042 339.2969 
  0.2970489 339.2969 
  0.2208438 339.2969 
  -0.1478377 339.2969 
  -0.2155505 339.2969 
  0.1825276 339.2969 
  0.1051608 339.2969 
  0.1170575 339.2969 
  0.1263512 339.2969 
  0.09261982 339.2969 
  0.09975485 339.2969 
  0.01541291 339.2969 
  0.1357035 339.2969 
  0.3864309 339.2969 
  0.2074357 339.2969 
  0.1742109 339.2969 
  -0.1385635 339.2969 
  0.09734115 339.2969 
  0.1629635 339.2969 
  0.2009562 339.2969 
  0.1110225 339.2969 
  0.1975579 339.2969 
  0.2379336 339.2969 
  0.1201603 339.2969 
  -0.01493116 339.2969 
  0.02391245 339.2969 
  0.004655443 339.2969 
  -0.01364934 339.2969 
  0.2063898 339.2969 
  0.3515778 339.2969 
  0.4071753 339.2969 
  0.3406343 339.2969 
  0.4571623 339.2969 
  0.3099905 339.2969 
  0.3543106 339.2969 
  0.08005093 337.6089 
  0.3367666 335.9292 
  0.2519418 335.9292 
  0.0005324382 335.9292 
  0.06906569 334.2579 
  0.1254946 332.5949 
  0.2055791 330.9402 
  0.6808245 330.9402 
  0.7236039 255.3373 
  0.8089264 249.0485 
  0.9479108 244.1292 
  0.9433132 239.307 
  0.9705343 234.5801 
  0.9615086 234.5801 
  0.9469784 238.1164 
  0.9698962 245.3498 
  0.9798534 247.8095 
  0.987025 251.5452 
  0.9774389 254.067 
  0.9948284 257.8971 
  0.9908364 260.4825 
  0.985494 263.0938 
  0.9545752 267.06 
  0.9566202 276.5485 
  0.9751312 283.5317 
  0.9819682 289.245 
  0.9871678 292.1447 
  0.9914541 293.6054 
  0.9828954 293.6054 
  0.9601864 284.9493 
  0.5422555 269.7372 
  -0.05644821 255.3373 
  -0.3439107 244.1292 
  -0.1382038 232.2518 
  0.1279651 226.5316 
  0.5828885 224.2832 
  0.3642316 222.057 
  -0.111935 219.853 
  -0.06767416 217.6709 
  0.4304432 215.5104 
  -0.1592804 213.3714 
  0.3760538 211.2535 
  0.2422455 209.1568 
  0.3042715 208.1162 
  0.3808762 208.1162 
  0.5575761 207.0808 
  0.6940802 217.6709 
  0.7909108 226.5316 
  0.9425676 234.5801 
  0.989882 238.1164 
  0.9960854 239.307 
  0.9919321 240.5036 
  0.9849639 240.5036 
  0.9880968 242.9146 
  0.9916667 244.1292 
  0.9723279 242.9146 
  0.9431306 241.7061 
  0.7393585 242.9146 
  0.1818584 245.3498 
  -0.1005305 247.8095 
  -0.06544881 250.2938 
  0.04783309 251.5452 
  0.1231754 252.8029 
  0.2100781 254.067 
  0.1720264 255.3373 
  0.5374064 256.614 
  0.8027979 257.8971 
  0.8959419 249.0485 
  0.9662876 244.1292 
  0.9908901 241.7061 
  0.9920511 238.1164 
  0.9873043 234.5801 
  0.9897624 231.0963 
  0.9909446 226.5316 
  0.988502 224.2832 
  0.9872258 224.2832 
  0.9736105 227.6642 
  0.9760723 232.2518 
  0.9829295 236.9318 
  0.986348 238.1164 
  0.9898229 239.307 
  0.9844345 240.5036 
  0.9948815 242.9146 
  0.9970156 244.1292 
  0.9722605 244.1292 
  0.9297426 244.1292 
  0.7992212 244.1292 
  0.5375116 244.1292 
  0.4560882 244.1292 
  -0.00175406 244.1292 
  0.3737881 244.1292 
  0.04491729 244.1292 
  0.0877427 244.1292 
  0.04741532 244.1292 
  -0.2146007 244.1292 
  -0.141724 244.1292 
  0.201695 244.1292 
  0.1123958 244.1292 
  0.117106 244.1292 
  0.05362912 245.3498 
  0.2180825 246.5766 
  0.211172 247.8095 
  0.6333932 249.0485 
  0.1507034 250.2938 
  0.4477583 251.5452 
  0.3709858 252.8029 
  0.2443444 255.3373 
  0.1020092 259.1866 
  0.02867734 261.7849 
  -0.04888878 265.7313 
  -0.1708618 269.7372 
  0.3256336 273.8036 
  0.8298941 277.9312 
  0.8792093 275.1726 
  0.8777336 267.06 
  0.9782057 259.1866 
  0.9882878 254.067 
  0.9922451 250.2938 
  0.9922874 246.5766 
  0.9881411 244.1292 
  0.9863809 239.307 
  0.9907739 235.753 
  0.9969692 233.4131 
  0.9986327 231.0963 
  0.9966633 229.9466 
  0.9962644 227.6642 
  0.9972096 225.4046 
  0.9983616 224.2832 
  0.9967675 224.2832 
  0.9924173 224.2832 
  0.9608128 222.057 
  0.9214 220.9523 
  0.9497166 223.1673 
  0.9919616 224.2832 
  0.9990551 224.2832 
  0.9992669 224.2832 
  0.936042 222.057 
  0.8943946 217.6709 
  0.6092315 213.3714 
  0.3511098 212.3098 
  -0.0399907 211.2535 
  -0.07092328 211.2535 
  0.3846754 211.2535 
  0.4130233 210.2025 
  0.2403936 213.3714 
  -0.01921703 222.057 
  0.3718134 217.6709 
  0.7541842 218.7592 
  0.9751388 219.853 
  0.9880283 218.7592 
  0.9935776 216.5879 
  0.9666083 213.3714 
  0.9244655 211.2535 
  0.9298617 207.0808 
  0.8565314 201.9805 
  0.6966649 200.9756 
  0.2790737 200.9756 
  -0.02227797 202.9904 
  0.2638237 205.0254 
  0.2931786 206.0505 
  0.2445122 207.0808 
  0.1563873 208.1162 
  0.09904264 209.1568 
  0.2424206 202.9904 
  0.5860628 206.0505 
  0.8765103 206.0505 
  0.9825548 208.1162 
  0.9909983 209.1568 
  0.9926484 210.2025 
  0.9939724 211.2535 
  0.9862626 212.3098 
  0.9771945 213.3714 
  0.9524838 216.5879 
  0.9643832 218.7592 
  0.9869648 220.9523 
  0.9863943 222.057 
  0.9723045 223.1673 
  0.9431013 223.1673 
  0.8094146 223.1673 
  0.9707218 226.5316 
  0.9754 224.2832 
  0.9692418 222.057 
  0.9350127 217.6709 
  0.9513266 212.3098 
  0.9816515 208.1162 
  0.9432333 207.0808 
  0.8892204 206.0505 
  0.4154922 208.1162 
  0.9134487 210.2025 
  0.6033612 213.3714 
  -0.02203064 215.5104 
  -0.1865518 217.6709 
  0.08806494 219.853 
  0.4355715 223.1673 
  0.6633042 217.6709 
  0.9670505 215.5104 
  0.9893901 215.5104 
  0.9937385 215.5104 
  0.9915289 215.5104 
  0.9887015 216.5879 
  0.9949939 217.6709 
  0.9814865 218.7592 
  0.9741849 220.9523 
  0.9769791 224.2832 
  0.9645775 226.5316 
  0.9525948 231.0963 
  0.9571196 234.5801 
  0.9702407 238.1164 
  0.9504948 240.5036 
  0.9093322 239.307 
  0.5078469 240.5036 
  0.1306442 242.9146 
  0.05481534 245.3498 
  0.01103008 247.8095 
  0.01233849 250.2938 
  -0.05431145 252.8029 
  0.2159695 255.3373 
  0.2517112 257.8971 
  0.1295125 260.4825 
  0.107124 263.0938 
  0.02904833 265.7313 
  0.02047874 269.7372 
  0.3948434 273.8036 
  0.3267542 280.7175 
  0.4136018 277.9312 
  0.3409436 277.9312 
  0.2281901 275.1726 
  -0.1757259 272.4414 
  -0.1435458 269.7372 
  -0.04784645 268.3953 
  -0.008949375 267.06 
  -0.01817026 265.7313 
  -0.150879 264.4093 
  -0.01358465 263.0938 
  -0.04138617 261.7849 
  0.08185978 260.4825 
  0.02480083 259.1866 
  -0.03652422 257.8971 
  0.164913 256.614 
  0.2102797 255.3373 
  0.08403359 254.067 
  -0.2236522 252.8029 
  -0.02762257 251.5452 
  0.2725552 249.0485 
  0.6416938 244.1292 
  0.7505984 229.9466 
  0.8985952 225.4046 
  0.9862974 223.1673 
  0.9940702 220.9523 
  0.9962326 220.9523 
  0.9950765 220.9523 
  0.990986 220.9523 
  0.9816341 219.853 
  0.9992328 218.7592 
  0.99566 218.7592 
  0.991497 218.7592 
  0.9893724 219.853 
  0.9884496 222.057 
  0.9870386 224.2832 
  0.9942946 225.4046 
  0.9450926 224.2832 
  0.9021255 223.1673 
  0.568863 225.4046 
  0.3486767 224.2832 
  0.2532175 223.1673 
  -0.06194977 222.057 
  0.008658304 219.853 
  0.01180219 218.7592 
  0.4230883 217.6709 
  0.1513279 216.5879 
  0.2479823 216.5879 
  0.06979107 216.5879 
  0.3461218 216.5879 
  0.2756328 216.5879 
  0.4272971 216.5879 
  0.2734245 216.5879 
  0.6248007 212.3098 
  0.8115563 208.1162 
  0.9697574 205.0254 
  0.9834896 201.9805 
  0.9912216 199.9758 
  0.9834696 198.9809 
  0.8832765 198.9809 
  0.7547231 199.9758 
  0.665193 201.9805 
  -0.1491455 204.0054 
  -0.3187595 206.0505 
  -0.08538277 208.1162 
  -0.005960128 209.1568 
  0.1118195 210.2025 
  0.1352504 211.2535 
  0.1006777 213.3714 
  0.2541402 215.5104 
  0.1274557 217.6709 
  0.3874788 219.853 
  0.1277887 222.057 
  -0.07298644 224.2832 
  0.301108 226.5316 
  0.6191983 228.8026 
  -0.08138248 231.0963 
  0.003646291 233.4131 
  -0.316084 234.5801 
  0.7000045 234.5801 
  0.587239 231.0963 
  0.7610596 222.057 
  0.8678083 223.1673 
  0.9766373 223.1673 
  0.9766996 226.5316 
  0.9844189 229.9466 
  0.9833588 232.2518 
  0.8851295 236.9318 
  0.9017915 242.9146 
  0.9724966 245.3498 
  0.9815913 245.3498 
  0.9743525 244.1292 
  0.9475043 241.7061 
  0.8928499 239.307 
  0.5677067 236.9318 
  0.1971042 234.5801 
  0.1376808 233.4131 
  0.05818269 233.4131 
  0.051195 234.5801 
  0.0572786 235.753 
  0.01777753 238.1164 
  0.0876381 241.7061 
  0.6611514 238.1164 
  0.7903577 234.5801 
  0.9763604 232.2518 
  0.9908579 231.0963 
  0.9885233 231.0963 
  0.9941874 232.2518 
  0.9929267 233.4131 
  0.9910452 233.4131 
  0.9850005 231.0963 
  0.9723402 226.5316 
  0.8399765 219.853 
  0.7508008 211.2535 
  0.4798157 206.0505 
  -0.0321854 204.0054 
  0.4592636 202.9904 
  0.3428531 202.9904 
  0.08209203 208.1162 
  0.2533222 220.9523 
  0.4317904 212.3098 
  0.8436587 210.2025 
  0.9438472 209.1568 
  0.9336489 211.2535 
  0.8359377 212.3098 
  0.3878487 214.4382 
  -0.03155208 216.5879 
  -0.07971054 218.7592 
  0.06776214 220.9523 
  0.05300821 223.1673 
  0.07635616 225.4046 
  0.1667264 227.6642 
  0.3859782 229.9466 
  0.324587 232.2518 
  -0.2396449 234.5801 
  0.04561386 236.9318 
  0.2764856 239.307 
  0.02851205 241.7061 
  0.3580666 236.9318 
  0.7527032 218.7592 
  0.6956154 212.3098 
  0.9095042 208.1162 
  0.9806682 206.0505 
  0.9532835 208.1162 
  0.9135243 208.1162 
  0.8153831 207.0808 
  -0.2399092 209.1568 
  0.3444048 210.2025 
  0.1611697 212.3098 
  0.2279312 213.3714 
  0.2097608 215.5104 
  0.03449399 216.5879 
  0.01335635 218.7592 
  0.03225366 219.853 
  0.1358446 220.9523 
  0.2003272 220.9523 
  -0.07169664 219.853 
  0.05682185 218.7592 
  0.2991043 216.5879 
  0.5829835 211.2535 
  0.9372509 210.2025 
  0.9922795 209.1568 
  0.9941464 209.1568 
  0.9958497 209.1568 
  0.9976087 208.1162 
  0.9965549 207.0808 
  0.9941641 206.0505 
  0.9545898 204.0054 
  0.7534127 197.0059 
  -0.04404787 187.4211 
  0.1141917 177.4156 
  -0.1223119 167.9442 
  -0.2011136 158.9785 
  -0.007013848 150.4914 
  -0.2014632 142.4574 
  -0.05650558 134.8523 
  0.2173294 128.2915 
  0.2134335 122.0498 
  -0.1041863 116.1118 
  0.4286467 108.8223 
  0.5763355 108.2809 
  0.8101887 108.8223 
  0.8722528 108.8223 
  0.8635517 107.7421 
  0.4955597 105.614 
  0.2544648 109.9132 
  0.7078401 110.4628 
  0.8475176 110.4628 
  0.7976609 111.5702 
  0.4239548 111.5702 
  -0.08927545 112.128 
  0.1356069 112.6886 
  0.1275621 113.2521 
  -0.02967348 113.2521 
  0.02443701 113.2521 
  0.03676076 113.2521 
  0.01420003 113.2521 
  0.01588383 113.2521 
  0.2256522 113.2521 
  0.3702677 113.2521 
  0.3748704 113.2521 
  0.1565732 113.2521 
  -0.03177301 113.2521 
  -0.229121 113.2521 
  0.006483253 113.2521 
  0.1238593 113.2521 
  0.2971385 113.2521 
  0.1155338 113.2521 
  -0.09875332 113.2521 
  -0.09712337 113.2521 
  0.1694531 113.2521 
  0.2036056 113.2521 
  0.1987898 113.2521 
  0.3296222 113.2521 
  0.3592424 113.2521 
  0.2277205 113.2521 
  0.02343432 113.2521 
  0.01519449 113.2521 
  0.02368846 113.2521 
  0.07585485 113.2521 
  0.02039345 113.2521 
  -0.1128436 113.2521 
  0.2000495 113.2521 
  0.05165574 113.2521 
  -0.2116869 113.2521 
  0.1169441 113.2521 
  0.05076268 113.2521 
  -0.03871437 113.2521 
  -0.06227325 113.2521 
  -0.1868708 113.2521 
  0.003194198 113.2521 
  0.02071539 113.2521 
  -0.06921196 113.2521 
  -0.1501227 113.2521 
  0.07349103 113.2521 
  -0.0252933 113.2521 
  -0.1173874 113.2521 
  -0.2142272 113.2521 
  -0.2996462 113.2521 
  -0.2460629 113.2521 
  -0.266867 113.2521 
  -0.05749364 113.2521 
  0.03747595 113.2521 
  -0.06613962 113.2521 
  -0.181204 113.2521 
  -0.1843923 113.2521 
  -0.2294526 113.2521 
  -0.2294795 113.2521 
  -0.1838662 113.2521 
  -0.1102591 113.2521 
  -0.1950675 113.2521 
  -0.2784485 113.2521 
  -0.1321845 113.2521 
  0.05579212 113.2521 
  0.0145865 113.2521 
  0.05073933 113.2521 
  0.04077257 113.2521 
  0.04124506 113.2521 
  -0.07938339 113.2521 
  -0.1383107 113.2521 
  0.08337815 113.2521 
  0.06592318 113.2521 
  0.04353582 113.2521 
  -0.1707202 113.2521 
  -0.1866465 113.2521 
  -0.05385752 113.2521 
  -0.08429611 113.2521 
  -0.03082716 113.2521 
  -0.006575659 113.2521 
  -0.063533 113.2521 
  0.00768336 113.2521 
  0.00920992 113.2521 
  -0.04809425 113.2521 
  0.005065285 113.2521 
  -0.08234873 113.2521 
  0.08113222 113.2521 
  0.04710418 113.2521 
  0.09987041 113.2521 
  -0.05980721 113.2521 
  -0.04100671 113.2521 
  0.1015412 113.2521 
  0.08209708 113.2521 
  -0.03103754 113.2521 
  -0.1723352 113.2521 
  -0.143712 113.2521 
  0.05500049 113.2521 
  -0.01934891 113.2521 
  -0.08710323 113.2521 
  -0.2667214 113.2521 
  -0.03036487 113.2521 
  0.09428594 113.2521 
  0.03149617 113.2521 
  -0.02919275 113.2521 ]
