 [
  -0.1641709 136.2042 
  -0.1827323 136.2042 
  -0.1927689 136.2042 
  0.1171321 136.2042 
  0.2252311 136.2042 
  0.2820368 136.2042 
  0.1178011 136.2042 
  -0.08047349 136.2042 
  0.1236167 136.2042 
  -0.07910694 136.2042 
  0.08242667 136.2042 
  0.1547132 136.2042 
  0.2020358 136.2042 
  0.1355964 136.2042 
  0.1442182 136.2042 
  -0.001842273 136.2042 
  0.06450832 136.2042 
  0.08407643 136.2042 
  0.1249615 136.2042 
  0.1515879 136.2042 
  -0.03719088 136.2042 
  -0.08192219 136.2042 
  -0.1865305 135.5266 
  0.7086899 134.8523 
  0.8336259 134.1814 
  0.9188858 134.8523 
  0.9521402 135.5266 
  0.9575086 136.8852 
  0.9879212 138.2575 
  0.9768624 139.6435 
  0.9689813 141.0434 
  0.9365687 143.1697 
  0.9597643 145.328 
  0.9721369 148.2564 
  0.9748288 149.7427 
  0.9837398 150.4914 
  0.9872476 151.2439 
  0.9337463 150.4914 
  0.9144496 146.7849 
  0.9822837 143.1697 
  0.9891887 143.1697 
  0.9877444 143.1697 
  0.9888606 143.8855 
  0.9803705 143.8855 
  0.9658648 142.4574 
  0.8861274 139.6435 
  0.866989 136.2042 
  0.8575545 133.5138 
  0.5102683 129.5776 
  0.6309278 122.6601 
  0.618572 119.639 
  0.6500327 117.2759 
  0.6262365 115.5342 
  0.1530316 114.9594 
  0.03463921 114.9594 
  0.09655504 114.9594 
  0.21512 113.8184 
  0.07991835 114.3874 
  0.208906 115.5342 
  0.09196636 116.6924 
  0.1846932 117.8622 
  0.2640958 118.4515 
  0.1983444 119.0438 
  0.08089876 120.2372 
  0.03300022 121.4426 
  0.08944684 122.6601 
  -0.04961089 124.5092 
  0.1688528 126.3862 
  0.6943502 129.5776 
  0.8288909 130.2255 
  0.9458799 130.8766 
  0.9154257 130.8766 
  0.8967202 132.1886 
  0.9294329 133.5138 
  0.8585432 134.1814 
  0.845677 137.5696 
  0.9155167 141.0434 
  0.9308965 143.1697 
  0.8901651 146.0546 
  0.6826134 152.0001 
  0.8810633 163.8079 
  0.9046415 166.2773 
  0.7089739 164.6269 
  0.4542524 161.3751 
  0.005036759 158.9785 
  0.168284 157.4006 
  0.1226662 155.8383 
  0.1488359 154.2915 
  0.1248691 152.7601 
  -0.06836502 151.2439 
  0.1702838 149.7427 
  0.2743952 148.2564 
  -0.06574941 146.0546 
  0.09414199 143.8855 
  0.2156519 141.7487 
  0.05152381 140.3417 
  0.6608102 139.6435 
  0.7844588 139.6435 
  0.911227 138.2575 
  0.8610769 136.2042 
  0.873769 134.1814 
  0.9222106 132.1886 
  0.7794257 130.2255 
  0.8064728 126.3862 
  0.6239797 125.1317 
  0.4521939 119.0438 
  0.6026469 115.5342 
  0.8001047 116.1118 
  0.7368537 115.5342 
  0.6766689 116.1118 
  0.5330176 111.0151 
  0.5478769 111.0151 
  0.5955919 107.7421 
  0.6571399 106.6728 
  0.6235704 105.614 
  0.454287 104.0455 
  0.1657862 100.4756 
  -0.01836197 98.98344 
  -0.1096628 98.00098 
  -0.1192652 97.51342 
  -0.07400393 97.51342 
  -0.08174105 98.00098 
  -0.05694648 98.491 
  0.06251553 99.47836 
  0.4193895 100.978 
  0.2510411 101.9903 
  0.647722 108.2809 
  0.8731868 107.2061 
  0.9391506 106.142 
  0.9492548 105.614 
  0.9396134 105.0885 
  0.9555889 104.5657 
  0.9633347 104.0455 
  0.9702951 104.5657 
  0.975699 105.0885 
  0.9768089 105.614 
  0.9573581 105.614 
  0.956237 106.142 
  0.9569647 106.142 
  0.9555706 106.6728 
  0.9419451 106.6728 
  0.9101318 106.6728 
  0.8570184 106.142 
  0.7394185 106.142 
  0.6829278 108.2809 
  0.8916227 112.6886 
  0.9523089 115.5342 
  0.9574324 118.4515 
  0.9505914 120.8384 
  0.9538605 123.2734 
  0.9515935 125.7574 
  0.9651542 126.3862 
  0.9755843 127.0181 
  0.9717615 126.3862 
  0.9587852 125.7574 
  0.8743283 123.8897 
  0.6525553 121.4426 
  0.3765774 119.639 
  0.3316107 118.4515 
  0.1709059 117.8622 
  0.05199983 118.4515 
  -0.08509386 119.0438 
  -0.02402177 119.639 
  0.2389411 119.639 
  0.1502551 119.0438 
  0.2177773 119.0438 
  0.06309251 119.639 
  0.03617065 120.2372 
  0.01940424 121.4426 
  -0.1006175 122.6601 
  -0.02257216 124.5092 
  0.1652068 126.3862 
  -0.04814909 127.6532 
  -0.1902442 128.2915 
  -0.02220296 128.9329 
  0.6122274 130.2255 
  0.534094 131.531 
  0.6921582 132.1886 
  0.8956562 130.8766 
  0.2308125 128.9329 
  -0.6918817 126.3862 
  -0.6273691 123.8897 
  0.0923498 121.4426 
  -0.03502578 119.0438 
  0.1829932 116.6924 
  -0.004636718 114.9594 
  0.141093 113.2521 
  0.05494362 111.0151 
  0.1972226 111.0151 
  0.3752427 111.5702 
  0.4530496 108.8223 
  0.3909769 100.978 
  0.6232164 103.0128 
  0.7806019 102.5003 
  0.9034705 103.5278 
  0.9307122 103.0128 
  0.9284328 103.0128 
  0.9606828 102.5003 
  0.973225 102.5003 
  0.9835316 102.5003 
  0.9856811 102.5003 
  0.9370203 102.5003 
  0.9138517 101.9903 
  0.8572292 101.4829 
  0.8747026 99.97575 
  0.8055173 98.98344 
  0.4495884 98.00098 
  -0.1312282 98.00098 
  -0.1289882 98.491 
  -0.08235763 98.491 
  0.4692882 98.00098 
  0.7370297 98.491 
  0.5832545 100.978 
  0.7484336 106.142 
  0.7999507 106.142 
  0.7125484 105.0885 
  0.7032351 102.5003 
  0.5445702 100.978 
  0.9421324 102.5003 
  0.9348189 104.0455 
  0.9439845 106.142 
  0.937922 108.2809 
  0.9213219 110.4628 
  0.9236555 113.2521 
  0.8901474 116.1118 
  0.7853714 119.639 
  0.8942519 122.6601 
  0.9537994 123.2734 
  0.9793584 124.5092 
  0.969511 125.1317 
  0.9466933 127.6532 
  0.8415213 130.8766 
  0.7997652 135.5266 
  0.8314254 141.0434 
  0.5084541 144.605 
  -0.1623089 143.8855 
  -0.3505877 140.3417 
  -0.03122712 136.8852 
  -0.04097779 133.5138 
  -0.06683651 130.2255 
  -0.1720169 127.0181 
  0.2779401 123.8897 
  -0.02076979 120.8384 
  -0.6990275 117.8622 
  -0.4882289 114.9594 
  -0.605212 112.128 
  -0.4821767 109.3664 
  -0.4800794 106.6728 
  -0.3462971 104.0455 
  -0.1686587 101.4829 
  0.2678882 98.98344 
  0.2208388 97.51342 
  0.4036881 95.11173 
  0.7667493 96.54556 
  0.906091 97.51342 
  0.6686612 95.5873 
  0.8204752 91.39146 
  0.9388436 90.03418 
  0.8962003 89.14054 
  0.7850059 87.8167 
  0.8182885 86.0821 
  0.8713325 84.80367 
  0.8811539 83.54424 
  0.9055663 81.89403 
  0.5736325 78.69076 
  0.5196962 77.13642 
  0.4408419 75.61279 
  0.6683342 73.01849 
  0.3542563 73.01849 
  0.400544 72.6552 
  0.2342291 72.29374 
  0.2955077 72.29374 
  0.2537432 72.29374 
  0.1886268 71.93407 
  0.1872837 71.57619 
  0.09206741 71.22009 
  0.004596945 70.86576 
  0.1080806 70.51319 
  0.09850409 70.16238 
  0.09677955 69.81332 
  0.0007375069 69.12038 
  0.1683448 68.43433 
  0.2341388 68.09386 
  0.3713202 67.75508 
  0.1802053 67.75508 
  0.2387694 67.75508 
  0.1862781 67.75508 
  0.1733055 67.41799 
  0.1598911 67.41799 
  0.1264074 67.41799 
  0.2086316 67.41799 
  0.1247556 67.41799 
  0.0269906 67.41799 
  0.03845061 67.41799 
  0.1128199 67.41799 
  -0.03279176 67.41799 
  -0.05507997 67.41799 
  0.03077526 67.41799 
  -0.0625065 67.41799 
  0.0188673 67.41799 
  0.04839127 67.41799 
  0.03418276 67.41799 
  0.1173245 67.41799 
  0.2354325 67.41799 
  0.09126127 67.41799 
  -0.1051991 67.41799 ]
