 [
  -0.007262579 113.2521 
  0.07748139 113.2521 
  -0.2363196 113.2521 
  -0.2803994 113.2521 
  -0.1532544 113.2521 
  -0.1367024 113.2521 
  -0.1064954 113.2521 
  -0.08303415 113.2521 
  -0.1173608 113.2521 
  -0.2030248 113.2521 
  -0.2840638 113.2521 
  -0.08765981 113.2521 
  0.007673263 113.2521 
  0.716522 111.5702 
  0.3844749 127.0181 
  0.6070691 127.6532 
  0.8048115 127.6532 
  0.9586562 129.5776 
  0.9348931 131.531 
  0.9058568 132.8496 
  0.8637077 135.5266 
  0.9263558 137.5696 
  0.8730825 141.0434 
  0.952866 143.1697 
  0.9676779 144.605 
  0.8405249 144.605 
  0.7510796 144.605 
  0.406946 143.8855 
  0.9087798 144.605 
  0.8999608 147.5188 
  0.857968 145.328 
  0.9020511 143.1697 
  0.9202107 141.7487 
  0.9364725 138.9488 
  0.942257 136.8852 
  0.9108796 135.5266 
  0.8283326 132.8496 
  0.5352815 132.1886 
  0.4506752 132.1886 
  -0.1910026 131.531 
  0.01694153 130.8766 
  -0.06306389 130.2255 
  -0.02866818 129.5776 
  -0.004977326 128.9329 
  -0.03278551 128.2915 
  0.07969347 127.6532 
  0.003493269 127.0181 
  -0.03253817 126.3862 
  0.03944393 125.7574 
  0.1926994 125.1317 
  0.07343118 125.1317 
  0.01117788 124.5092 
  0.3453828 123.8897 
  0.7516675 124.5092 
  0.8377787 126.3862 
  0.9581318 127.6532 
  0.9884831 127.0181 
  0.9911758 126.3862 
  0.9821362 125.1317 
  0.9661998 123.2734 
  0.9490499 121.4426 
  0.9346228 119.639 
  0.8911256 118.4515 
  0.7153653 118.4515 
  -0.06013481 119.0438 
  0.6465635 119.639 
  0.5466431 120.8384 
  0.2645696 122.0498 
  -0.07352179 123.2734 
  0.09168839 124.5092 
  -0.07445073 125.7574 
  -0.1418159 127.0181 
  -0.003054935 127.6532 
  0.1809714 128.2915 
  0.2751594 129.5776 
  0.2631641 130.8766 
  0.1699543 132.8496 
  0.176494 134.8523 
  0.1282019 137.5696 
  0.2695177 141.0434 
  0.3238358 144.605 
  0.639746 143.8855 
  0.9519929 142.4574 
  0.978878 141.7487 
  0.9898045 141.0434 
  0.9881479 141.0434 
  0.9873009 141.7487 
  0.9881449 142.4574 
  0.9941048 143.1697 
  0.9953908 143.1697 
  0.9934895 143.1697 
  0.9725399 141.7487 
  0.9618368 140.3417 
  0.9726345 138.9488 
  0.9560379 136.8852 
  0.929863 134.8523 
  0.9156303 132.8496 
  0.8600179 130.2255 
  0.8340166 126.3862 
  0.8328949 122.6601 
  0.8499538 119.639 
  0.9327132 117.8622 
  0.9657437 116.6924 
  0.9869784 116.1118 
  0.9764744 115.5342 
  0.9344862 115.5342 
  0.8773896 114.3874 
  0.8703876 113.8184 
  0.7905131 111.5702 
  0.8134422 108.8223 
  0.8775405 106.142 
  0.9708946 105.614 
  0.966186 105.0885 
  0.9440272 104.5657 
  0.9152082 104.0455 
  0.9166285 105.0885 
  0.9461421 105.614 
  0.9212355 105.614 
  0.9045556 105.0885 
  0.916944 106.6728 
  0.846824 106.142 
  0.3775635 106.142 
  0.228572 106.6728 
  0.03835131 107.2061 
  0.2301319 107.7421 
  0.1023482 108.2809 
  0.09702206 108.8223 
  -0.1854169 109.3664 
  -0.1037167 109.9132 
  -0.248488 110.4628 
  -0.1425117 111.0151 
  -0.03559002 111.5702 
  0.0795203 112.128 
  0.002262547 112.6886 
  0.122542 113.2521 
  0.2176743 113.8184 
  0.325226 114.3874 
  0.2646891 114.9594 
  0.0442865 115.5342 
  0.7501096 115.5342 
  0.6979793 112.128 
  0.9024818 111.0151 
  0.9839068 110.4628 
  0.9679083 109.3664 
  0.9835383 108.2809 
  0.9793619 107.2061 
  0.9803404 106.6728 
  0.9899978 106.142 
  0.9878734 105.614 
  0.9858381 105.0885 
  0.9895746 104.5657 
  0.9854702 104.5657 
  0.9615496 105.0885 
  0.9293931 106.6728 
  0.9052587 107.7421 
  0.883233 107.2061 
  0.8365265 107.2061 
  0.5804334 107.7421 
  0.2486553 108.8223 
  0.2084058 109.9132 
  0.6756173 111.5702 
  0.4205014 113.2521 
  0.01443491 114.9594 
  -0.1066532 116.6924 
  -0.01520578 118.4515 
  -0.1704386 120.2372 
  -0.367498 122.0498 
  -0.2746018 123.8897 
  0.01574674 125.7574 
  -0.007911893 127.6532 
  -0.1329117 129.5776 
  -0.04933626 131.531 
  0.1867479 133.5138 
  0.1899431 135.5266 
  -0.0758578 137.5696 
  0.1024508 139.6435 
  0.1004408 141.7487 
  0.05617416 143.8855 
  0.2582837 146.0546 
  -0.05840678 148.2564 
  -0.1196441 151.2439 
  0.0949446 154.2915 
  0.246053 156.6175 
  0.4602157 152.7601 
  0.9368279 149.7427 
  0.9929655 147.5188 
  0.9951367 146.0546 
  0.9979606 145.328 
  0.9938036 144.605 
  0.9933156 143.8855 
  0.9798273 141.7487 
  0.9804221 140.3417 
  0.9789082 138.2575 
  0.942023 134.8523 
  0.8936583 132.1886 
  0.8265408 128.2915 
  0.8253369 123.8897 
  0.8172283 118.4515 
  0.9074832 115.5342 
  0.9161901 113.2521 
  0.9043254 111.5702 
  0.8872962 109.9132 
  0.8501678 108.2809 
  0.2496516 106.142 
  0.01765949 105.0885 
  0.1190357 104.0455 
  0.02910006 103.0128 
  0.05378604 101.9903 
  0.07937019 100.978 
  -0.03067915 99.97575 
  0.01960312 98.98344 
  0.1768394 98.00098 
  0.02907325 97.02828 
  0.07357281 96.06523 
  0.02668891 93.6992 
  0.3916693 91.84841 
  0.6897585 91.39146 
  0.382099 91.84841 
  0.4654604 91.39146 
  0.2963371 90.93677 
  0.4569271 90.48434 
  0.1938195 88.69706 
  0.6019195 87.8167 
  -0.06501974 86.0821 
  0.1896409 84.38177 
  0.6383504 82.71502 
  0.4078663 80.6778 
  0.4142836 78.69076 
  0.3425946 80.6778 
  0.3507114 84.38177 
  0.2728074 90.03418 
  0.1262134 92.30766 
  0.4446813 97.51342 
  0.5726969 97.51342 
  0.7798337 97.02828 
  0.8548351 114.3874 
  0.6393279 115.5342 
  0.6394355 115.5342 
  0.4532541 103.0128 
  0.3797952 106.142 
  0.8463606 105.614 
  0.8643277 106.6728 
  0.8888812 106.142 
  0.9565227 106.142 
  0.9840631 105.614 
  0.9600637 105.614 
  0.9668655 105.0885 
  0.9421087 105.0885 
  0.8544165 104.5657 
  0.847501 104.0455 
  0.3807529 103.0128 
  0.4260737 98.00098 
  0.22833 94.63854 
  0.1046538 94.63854 
  0.004888216 94.63854 
  -0.01645204 94.63854 
  -0.08270559 94.63854 
  -0.07913051 94.63854 
  0.009676516 94.63854 
  -0.01894065 94.63854 
  -0.03715868 94.63854 
  0.009698319 94.63854 
  0.04005523 94.63854 
  -0.2318351 94.63854 
  -0.1567651 94.63854 
  -0.122764 94.63854 
  -0.1774874 94.63854 
  -0.2675482 94.63854 
  -0.2445337 94.63854 
  -0.1127204 94.63854 
  0.006257325 94.63854 
  0.1067222 94.63854 
  0.1653235 94.63854 
  -0.1406574 94.63854 
  -0.1526436 94.63854 ]
