 [
  -0.3045553 107.7421 
  -0.0721446 107.7421 
  0.02428851 107.7421 
  0.1844079 107.7421 
  0.002689579 107.7421 
  -0.1896157 107.7421 
  -0.1546936 107.7421 
  -0.2498982 107.7421 
  -0.1016858 107.7421 
  -0.1090455 107.7421 
  -0.07376041 107.7421 
  -0.01839038 107.7421 
  0.2202921 107.7421 
  0.1728847 108.8223 
  0.1715785 111.0151 
  0.237467 113.8184 
  0.1511392 114.9594 
  0.3334802 115.5342 
  0.826587 114.3874 
  0.8660713 113.8184 
  0.8912544 113.8184 
  0.9572158 113.2521 
  0.9326176 112.6886 
  0.9475239 111.5702 
  0.9738954 110.4628 
  0.987282 109.9132 
  0.9755912 108.8223 
  0.9889904 108.8223 
  0.982883 108.8223 
  0.9738569 109.3664 
  0.9786899 109.9132 
  0.9900653 110.4628 
  0.9878199 110.4628 
  0.9849442 110.4628 
  0.949924 110.4628 
  0.9059604 109.9132 
  0.9533899 109.3664 
  0.9971571 109.9132 
  0.995938 109.9132 
  0.9836121 109.3664 
  0.963139 108.8223 
  0.9285126 107.7421 
  0.5649301 106.6728 
  -0.0560922 105.0885 
  -0.07273274 103.5278 
  -0.1094333 102.5003 
  0.1575194 101.4829 
  0.1110151 100.978 
  0.08276102 100.4756 
  0.06981765 100.978 
  0.1717566 102.5003 
  0.3161769 103.0128 
  0.1288484 103.0128 
  0.1790865 103.5278 
  0.04827714 104.5657 
  0.1911463 105.614 
  0.08892466 107.7421 
  0.425618 109.3664 
  0.6002517 114.3874 
  0.6258895 112.128 
  0.6789857 107.7421 
  0.8159114 104.5657 
  0.9003106 102.5003 
  0.9196953 100.978 
  0.9018461 99.47836 
  0.9208394 97.51342 
  0.9365599 96.54556 
  0.9291154 95.11173 
  0.8610438 94.1677 
  0.7688071 92.30766 
  0.1533552 90.93677 
  0.434471 91.39146 
  0.03121659 91.84841 
  -0.002384546 92.30766 
  -0.1683501 92.7692 
  0.07354421 93.23304 
  0.1263616 93.23304 
  0.109069 93.23304 
  0.1113021 92.7692 
  0.1130909 92.30766 
  -0.1002917 92.30766 
  0.5523114 94.1677 
  0.6989639 94.1677 
  0.8718485 93.23304 
  0.980392 92.30766 
  0.9141821 91.39146 
  0.9451061 90.03418 
  0.9646989 89.58624 
  0.9691528 89.58624 
  0.8334984 89.14054 
  0.7859719 88.25578 
  0.557603 86.94508 
  0.2331542 90.48434 
  0.1301505 90.48434 
  0.3706645 89.58624 
  0.3432557 89.58624 
  0.3217771 90.48434 
  0.5682811 90.93677 
  0.9417505 92.30766 
  0.905628 93.23304 
  0.6311761 94.1677 
  -0.04501051 95.11173 
  0.233312 95.5873 
  0.3904606 95.5873 
  0.5740961 103.0128 
  0.6332481 105.614 
  0.9184841 107.2061 
  0.9169283 105.614 
  0.9396807 104.0455 
  0.9415035 103.0128 
  0.8135586 101.9903 
  0.6976078 100.978 
  0.07197689 100.978 
  0.1455537 100.978 
  -0.04009961 100.978 
  0.07865936 100.978 
  0.385949 100.978 
  0.124016 100.978 
  0.09601289 100.978 
  0.1007634 100.978 
  0.2455545 100.978 
  0.1607438 100.978 
  0.02638363 101.4829 
  -0.04674389 101.9903 
  0.08295978 101.9903 
  0.155953 101.4829 
  0.249611 100.978 
  0.1728546 99.97575 
  0.1574999 98.00098 
  0.08908899 96.06523 
  0.6497226 95.5873 
  0.6406568 94.1677 
  0.7185324 93.23304 
  0.9213223 92.30766 
  0.9446017 91.84841 
  0.9616261 92.30766 
  0.9647751 92.30766 
  0.9714644 92.7692 
  0.8490063 92.30766 
  0.9385139 91.39146 
  0.9809577 91.84841 
  0.9642611 91.39146 
  0.8664286 90.48434 
  0.8121335 89.58624 
  0.8021216 89.14054 
  0.6414244 89.58624 
  0.5594221 92.7692 
  0.5018669 95.11173 
  0.4514915 98.491 
  0.4070379 99.97575 
  0.4097993 100.978 
  -0.06396482 101.9903 
  0.5879568 103.0128 
  0.6712227 104.0455 
  0.720106 105.0885 
  0.7195585 106.142 
  0.8081023 107.2061 
  0.9073755 108.2809 
  0.9633341 109.3664 
  0.1544038 110.4628 
  0.07003929 111.5702 
  0.6146709 112.6886 
  0.4852141 101.9903 
  0.8414843 100.978 
  0.8470554 99.47836 
  0.9540259 98.491 
  0.9738289 98.00098 
  0.9424646 97.02828 
  0.9679174 96.06523 
  0.9511006 95.5873 
  0.9662475 95.11173 
  0.8950715 94.1677 
  0.9312055 93.23304 
  0.9311117 92.30766 
  0.9301145 91.84841 
  0.9124072 90.93677 
  0.9264083 90.03418 
  0.9448346 89.58624 
  0.9536247 89.58624 
  0.8686175 88.69706 
  0.9118498 87.8167 
  0.9215695 86.94508 
  0.8791068 86.0821 
  0.7819658 85.2277 
  0.7867323 84.38177 
  0.7014215 83.12859 
  0.5359716 84.38177 
  0.3854895 84.80367 
  0.6193445 84.80367 
  0.5257579 84.80367 
  0.5539997 84.80367 
  0.4047732 84.80367 
  0.1834306 84.80367 
  0.1574759 84.80367 
  0.1272972 84.80367 
  0.1359439 84.80367 
  0.0002534853 84.80367 
  -0.03429161 84.80367 
  0.1068046 84.80367 
  -0.03866915 84.80367 
  -0.1617187 84.80367 
  -0.1407119 84.80367 
  -0.1362444 84.80367 
  -0.1006403 84.80367 
  -0.1289066 84.80367 
  0.003765916 84.80367 
  0.09600298 84.80367 
  0.2373195 84.80367 
  0.07950459 84.80367 
  -0.04933925 84.80367 
  -0.1033261 84.80367 
  -0.04907012 84.80367 
  -0.04326752 84.80367 
  -0.2621056 84.80367 
  -0.1257638 84.80367 
  -0.05763416 84.80367 
  -0.0453302 84.80367 
  -0.2657853 84.80367 
  -0.2683915 84.80367 
  -0.1181968 84.80367 
  -0.09432086 84.80367 
  0.09996099 84.80367 
  0.08462559 84.80367 
  -0.0005012723 84.80367 ]
