 [
  0.1998307 176.533 
  -0.1118816 176.533 
  -0.08563446 176.533 
  -0.03338902 176.533 
  -0.03694055 176.533 
  0.04390949 176.533 
  0.04802305 176.533 
  -0.1962068 176.533 
  -0.3030635 176.533 
  -0.2301171 176.533 
  0.3148526 176.533 
  0.02979259 176.533 
  0.228533 176.533 
  0.1136878 176.533 
  0.4937591 175.6547 
  0.6629348 170.476 
  0.5648992 155.063 
  0.8662723 149.7427 
  0.976179 150.4914 
  0.956415 154.2915 
  0.9496128 158.9785 
  0.9420747 164.6269 
  0.9592946 169.6279 
  0.969785 173.9112 
  0.9806512 178.3027 
  0.9844255 182.8051 
  0.9880524 185.5609 
  0.9973117 187.4211 
  0.9870588 186.4887 
  0.953299 184.6377 
  0.8593625 178.3027 
  0.8657916 168.784 
  0.9179195 160.5723 
  0.9621356 154.2915 
  0.9590341 152.0001 
  0.9233332 151.2439 
  0.9051602 152.0001 
  0.9414697 153.5239 
  0.9524611 155.8383 
  0.9666808 158.9785 
  0.9608979 161.3751 
  0.964978 163.8079 
  0.9809315 164.6269 
  0.9815807 164.6269 
  0.9853444 164.6269 
  0.9876249 165.4501 
  0.9908615 164.6269 
  0.991245 166.2773 
  0.9970232 166.2773 
  0.9976411 166.2773 
  0.9944456 166.2773 
  0.9902241 164.6269 
  0.9723658 162.9929 
  0.9712638 160.5723 
  0.976625 159.7734 
  0.9913426 159.7734 
  0.9893517 158.1876 
  0.9868425 157.4006 
  0.9885541 156.6175 
  0.9891247 155.063 
  0.9890191 153.5239 
  0.9910297 152.0001 
  0.982414 150.4914 
  0.9882908 148.9977 
  0.9901643 147.5188 
  0.9511669 146.7849 
  0.9061941 145.328 
  0.791147 144.605 
  0.9692799 147.5188 
  0.8339311 148.2564 
  0.8623827 146.7849 
  0.9116906 145.328 
  0.9772096 144.605 
  0.9996486 144.605 
  0.9988112 144.605 
  0.9985279 144.605 
  0.99878 143.8855 
  0.9943994 143.1697 
  0.9941406 143.1697 
  0.9931852 142.4574 
  0.9902795 142.4574 
  0.987785 143.1697 
  0.9898352 143.1697 
  0.993305 143.8855 
  0.9959682 144.605 
  0.9953078 144.605 
  0.9907227 143.8855 
  0.9813704 143.1697 
  0.9629754 141.7487 
  0.9329013 139.6435 
  0.887814 136.8852 
  0.6891375 136.2042 
  0.2974259 135.5266 
  0.2072796 134.8523 
  -0.08656691 134.8523 
  0.1046107 134.1814 
  0.1772633 133.5138 
  0.2547074 133.5138 
  0.1276003 133.5138 
  -0.1209844 134.1814 
  0.1292891 134.8523 
  -0.0105986 135.5266 
  -0.04988522 136.2042 
  -0.05006668 136.8852 
  0.0342532 137.5696 
  0.05794428 138.2575 
  0.3544344 138.9488 
  0.6849939 139.6435 
  0.9334393 138.9488 
  0.8186404 136.2042 
  0.7225866 130.8766 
  0.7531602 125.7574 
  0.5088195 123.2734 
  -0.3225411 125.7574 
  0.07723799 128.2915 
  0.02366792 130.8766 
  -0.09552373 133.5138 
  -0.2057793 135.5266 
  0.05341544 138.2575 
  0.1777259 141.0434 
  0.1080711 143.8855 
  0.1114885 146.7849 
  0.05774897 148.9977 
  0.2167509 150.4914 
  0.7954831 151.2439 
  0.5285461 141.7487 
  0.7623685 138.2575 
  0.972452 136.2042 
  0.9851962 135.5266 
  0.9881667 134.8523 
  0.9873189 134.1814 
  0.9863406 133.5138 
  0.984156 132.8496 
  0.9689202 132.1886 
  0.9601902 130.8766 
  0.8801923 130.2255 
  0.7705615 127.0181 
  0.9823468 127.0181 
  0.9921964 126.3862 
  0.9920302 125.7574 
  0.9949085 125.1317 
  0.723827 125.7574 
  0.6560059 126.3862 
  0.7432618 123.8897 
  0.9395574 122.6601 
  0.9853044 123.2734 
  0.9873025 123.2734 
  0.8923231 122.0498 
  0.7322679 119.639 
  0.6661495 115.5342 
  0.3479063 114.3874 
  0.0885303 113.8184 
  0.1511496 113.2521 
  -0.04343591 112.6886 
  -0.3284974 112.128 
  -0.2008321 111.5702 
  -0.2763741 111.0151 
  -0.1866336 110.4628 
  0.069083 110.4628 
  0.300608 110.4628 
  0.7143034 111.0151 
  0.09162093 121.4426 
  0.5352834 130.2255 
  0.8946823 133.5138 
  0.9857278 135.5266 
  0.9957321 135.5266 
  0.9944586 135.5266 
  0.9961224 134.8523 
  0.9961061 133.5138 
  0.9922389 132.8496 
  0.9607103 132.1886 
  0.9363307 130.8766 
  0.9456696 129.5776 
  0.9814458 129.5776 
  0.9864156 129.5776 
  0.9912511 130.2255 
  0.9877329 130.2255 
  0.9360492 129.5776 
  0.8993705 128.9329 
  0.8546904 128.2915 
  0.9854063 128.9329 
  0.9965683 128.9329 
  0.99518 128.2915 
  0.9936157 128.2915 
  0.9924201 127.6532 
  0.979408 127.0181 
  0.8123842 129.5776 
  0.7995847 128.2915 
  0.8571329 127.0181 
  0.9913349 125.1317 
  0.9906182 124.5092 
  0.9950394 124.5092 
  0.9950666 123.8897 
  0.9945699 122.6601 
  0.9966431 122.6601 
  0.994354 122.0498 
  0.9829604 121.4426 
  0.9789844 120.8384 
  0.98381 119.639 
  0.979829 119.0438 
  0.9801127 118.4515 
  0.9807203 118.4515 
  0.9724363 117.2759 
  0.9834885 116.6924 
  0.9957928 116.6924 
  0.9963031 116.6924 
  0.9924684 116.6924 
  0.9904988 117.2759 
  0.9775967 117.2759 
  0.9779885 117.8622 
  0.917851 117.2759 
  0.91302 116.1118 
  0.9572904 114.9594 
  0.9477605 113.8184 
  0.9668246 112.6886 
  0.9828396 112.128 
  0.9941255 111.5702 
  0.9762661 111.5702 
  0.9349003 110.4628 
  0.9709233 109.9132 
  0.9731585 108.8223 
  0.9583535 108.2809 
  0.9471104 107.2061 
  0.9407331 106.142 
  0.8740817 105.0885 
  0.9401219 104.0455 
  0.9542344 103.5278 
  0.926024 103.0128 
  0.8881059 101.9903 
  0.9122492 101.4829 
  0.4633542 100.978 
  0.01735643 98.98344 
  0.03522732 98.00098 
  -0.004812535 98.491 
  0.02898492 98.98344 
  0.0398012 99.47836 
  0.4184633 99.97575 
  0.2128519 100.4756 
  -0.09953877 100.4756 
  0.1097254 100.4756 
  0.1314349 100.4756 
  -0.2422927 100.4756 
  0.02419517 100.4756 
  -0.02577095 100.4756 
  -0.02302252 100.4756 
  -0.062937 100.4756 
  0.06646959 100.4756 
  0.2159945 100.4756 
  0.1027104 100.4756 
  0.0466575 100.4756 
  0.1063042 100.4756 
  0.06422071 100.4756 
  0.06400003 100.4756 
  -0.05509705 100.4756 
  0.0587023 100.4756 
  -0.1900507 100.4756 
  -0.1000656 100.4756 
  -0.0645574 100.4756 
  0.01250038 100.4756 ]
