 [
  -0.009158261 103.5278 
  -0.02504191 103.5278 
  0.01294897 103.5278 
  -0.1003084 103.5278 
  -0.1089174 103.5278 
  -0.0206158 103.5278 
  0.0904329 103.5278 
  -0.1170448 103.5278 
  -0.2905842 103.5278 
  -0.2857828 103.5278 
  -0.05487365 103.5278 
  -0.09380598 103.5278 
  -0.03752162 103.5278 
  -0.1202775 103.5278 
  -0.2102281 103.5278 
  -0.1201973 103.5278 
  0.05164156 103.5278 
  0.1392551 103.5278 
  -0.1060257 103.5278 
  0.5075459 103.5278 
  0.6238705 99.47836 
  0.8086856 99.47836 
  0.8602557 98.491 
  0.7878379 97.02828 
  0.7660834 95.11173 
  0.002094746 97.02828 
  -0.001123649 99.97575 
  0.07652664 102.5003 
  0.1891418 105.0885 
  0.1907689 107.7421 
  0.144232 110.4628 
  0.3926982 113.2521 
  0.2831128 115.5342 
  0.160221 117.8622 
  -0.003851274 120.2372 
  -0.1804618 122.6601 
  0.1871848 125.1317 
  0.1834091 127.6532 
  0.665611 128.9329 
  0.3576439 114.3874 
  0.5654019 115.5342 
  0.8838516 114.9594 
  0.8837774 114.3874 
  0.9762163 113.8184 
  0.9723161 113.8184 
  0.9404022 114.3874 
  0.9523958 115.5342 
  0.9538726 116.1118 
  0.8838398 117.2759 
  0.813391 119.0438 
  0.7157288 119.639 
  0.655286 119.639 
  0.5594874 120.2372 
  0.7803467 121.4426 
  0.3033883 122.6601 
  0.4859459 123.2734 
  0.593999 122.6601 
  0.9236192 122.6601 
  0.9398199 123.2734 
  0.9263319 124.5092 
  0.9533554 125.7574 
  0.9656105 126.3862 
  0.9603392 128.2915 
  0.9662163 128.9329 
  0.9576799 129.5776 
  0.9590512 130.8766 
  0.9474285 132.1886 
  0.9357107 132.8496 
  0.9640005 133.5138 
  0.9563787 134.1814 
  0.9498231 134.8523 
  0.9458663 136.2042 
  0.9343888 137.5696 
  0.9152198 138.2575 
  0.8471991 137.5696 
  0.9739309 136.8852 
  0.93428 134.8523 
  0.9320956 132.1886 
  0.8283132 130.2255 
  0.6639035 128.2915 
  0.3040535 127.0181 
  0.02454263 125.7574 
  0.09567468 124.5092 
  0.3716803 123.2734 
  0.2891919 122.6601 
  0.7024009 119.0438 
  0.6384967 113.2521 
  0.6592493 109.3664 
  0.4921635 106.142 
  0.4598337 99.47836 
  0.8149031 97.02828 
  0.9118476 95.5873 
  0.9680675 95.11173 
  0.9681982 94.63854 
  0.9095867 94.63854 
  0.8513592 95.11173 
  0.7007478 95.5873 
  0.6672453 94.1677 
  0.5684392 95.11173 
  0.6079763 97.51342 
  0.7102094 99.47836 
  0.7642 101.9903 
  0.6156554 104.5657 
  0.7633456 106.6728 
  0.8034306 108.2809 
  0.8588778 109.9132 
  0.874705 109.9132 
  0.9151434 108.8223 
  0.9262438 108.2809 
  0.9452421 107.7421 
  0.9725355 107.7421 
  0.94403 108.8223 
  0.9367087 109.3664 
  0.9785008 110.4628 
  0.9474173 111.5702 
  0.9448191 112.128 
  0.9618138 112.6886 
  0.8604213 112.128 
  0.7265377 111.0151 
  0.2645929 109.9132 
  0.2886099 111.5702 
  0.2454509 113.2521 
  0.1532938 114.9594 
  0.02437302 116.6924 
  -0.02696294 118.4515 
  0.1031012 120.2372 
  -0.005287324 122.0498 
  -0.2129394 123.8897 
  0.6215346 123.2734 
  0.6040151 117.2759 
  0.9464273 115.5342 
  0.9928969 115.5342 
  0.9930326 114.9594 
  0.9888321 114.3874 
  0.9719411 113.8184 
  0.9031868 113.2521 
  0.8101538 112.6886 
  0.8289807 112.128 
  0.9587346 111.5702 
  0.9079334 111.0151 
  0.653253 110.4628 
  0.2052434 109.9132 
  0.1494492 109.3664 
  0.2302411 108.8223 
  0.1580452 108.2809 
  -0.01274936 107.7421 
  -0.06248287 106.6728 
  -0.03807896 105.614 
  -0.04374889 104.5657 
  0.03503302 103.5278 
  -0.04142033 102.5003 
  -0.1650421 101.4829 
  0.4414838 100.978 
  0.6913497 100.4756 
  0.6842669 100.4756 
  0.7748681 98.98344 
  0.8635155 98.98344 
  0.9837475 98.98344 
  0.9718498 98.491 
  0.9782141 98.00098 
  0.9798547 97.51342 
  0.973199 97.02828 
  0.977492 96.54556 
  0.9556825 96.06523 
  0.9329386 95.11173 
  0.9451745 94.1677 
  0.9539354 93.23304 
  0.8394212 91.84841 
  0.9189805 90.03418 
  0.9496161 89.14054 
  0.8839484 88.25578 
  0.9166124 87.3798 
  0.8879025 86.51251 
  0.8405229 85.65383 
  0.8942384 84.80367 
  0.9258475 83.96195 
  0.8864097 83.12859 
  0.935068 82.3035 
  0.9472626 82.3035 
  0.9456581 82.71502 
  0.898114 82.71502 
  0.8813962 83.12859 
  0.9181241 83.54424 
  0.8453412 84.38177 
  0.7138511 85.2277 
  0.6362093 86.0821 
  0.7118096 87.3798 
  0.5273604 88.25578 
  0.3791916 88.69706 
  0.3655012 88.69706 
  0.2810186 88.69706 
  0.2379826 88.69706 
  0.2038136 88.69706 
  -0.03086699 88.69706 
  -0.04233277 88.69706 
  0.1103651 88.69706 
  0.004206718 88.69706 
  0.1828584 88.69706 
  0.04304634 88.69706 
  -0.02482937 88.69706 
  -0.00886989 88.69706 
  -0.04316675 88.69706 
  -0.01763836 88.69706 
  -0.1927202 88.69706 
  -0.1236098 88.69706 
  0.02192682 88.69706 
  0.10089 88.69706 
  0.1127805 88.69706 
  0.009432551 88.69706 
  0.07566489 88.69706 
  -0.02232401 88.69706 
  -0.07870814 88.69706 
  -0.01626023 88.69706 
  -0.1041535 88.69706 
  -0.1272555 88.69706 
  -0.2546869 88.69706 
  -0.02235598 88.69706 
  -0.1584386 88.69706 
  -0.09322199 88.69706 
  -0.06955625 88.69706 
  -0.2358358 88.69706 
  -0.1955723 88.69706 
  -0.1245114 88.69706 
  -0.09889431 88.69706 
  0.05281344 88.69706 
  0.0853631 88.69706 
  -0.07532243 88.69706 
  0.08375888 88.69706 ]
