 [
  0.1213522 95.5873 
  0.1288247 95.5873 
  0.1659753 95.5873 
  -0.02462933 95.5873 
  -0.3222784 95.5873 
  -0.2202013 95.5873 
  -0.04217935 95.5873 
  -0.1317954 95.5873 
  -0.3188021 95.5873 
  -0.1488333 95.5873 
  -0.07240959 95.5873 
  -0.288164 95.5873 
  0.7125731 96.06523 
  0.8075576 98.00098 
  0.5148737 99.97575 
  0.4158086 101.4829 
  0.1660902 101.9903 
  0.3746828 94.1677 
  0.5111644 93.23304 
  0.2063655 96.06523 
  -0.1230846 97.51342 
  -0.3221571 98.98344 
  0.1295481 100.4756 
  -0.08758128 101.9903 
  0.333286 103.5278 
  -0.09166588 105.0885 
  -0.004089011 106.6728 
  -0.03039168 108.2809 
  -0.2130866 109.9132 
  -0.03648308 112.128 
  0.07532332 113.8184 
  -0.2758985 116.1118 
  0.5464192 117.8622 
  0.5534886 122.0498 
  0.7722921 126.3862 
  0.9346064 127.0181 
  0.9912197 127.0181 
  0.9936969 127.0181 
  0.991599 127.6532 
  0.99122 128.9329 
  0.9965972 129.5776 
  0.9912464 128.2915 
  0.9861326 127.0181 
  0.9844842 125.7574 
  0.9646828 123.8897 
  0.9215567 120.8384 
  0.8196476 117.8622 
  0.737889 112.6886 
  0.7548764 106.142 
  0.7216356 101.4829 
  0.9126055 98.00098 
  0.9854919 97.02828 
  0.9771201 97.02828 
  0.9816414 96.54556 
  0.9033729 95.5873 
  0.913667 94.1677 
  0.9909364 93.6992 
  0.9786559 93.6992 
  0.945896 94.1677 
  0.9712043 95.11173 
  0.9060194 94.63854 
  0.8986992 94.63854 
  0.9749968 95.5873 
  0.9856 95.5873 
  0.9924123 95.11173 
  0.9914298 95.11173 
  0.9581916 96.06523 
  0.9782251 96.54556 
  0.9354202 97.51342 
  0.9291487 98.98344 
  0.9722158 100.4756 
  0.9465906 102.5003 
  0.9755396 103.5278 
  0.9797719 104.0455 
  0.9666705 104.0455 
  0.92408 104.5657 
  0.8276021 105.0885 
  0.6504403 104.5657 
  0.8214715 104.0455 
  0.8362296 103.0128 
  0.7477772 101.9903 
  0.5671301 100.978 
  0.2467908 99.97575 
  0.07978028 98.98344 
  0.08516247 98.00098 
  0.2550593 97.02828 
  0.2037015 96.06523 
  0.2070316 95.11173 
  0.06975475 94.1677 
  0.6788513 93.6992 
  0.7946575 93.23304 
  0.6781715 94.63854 
  0.6085827 94.63854 
  0.7372028 94.1677 
  0.9356878 93.6992 
  0.9852012 94.1677 
  0.9845635 94.1677 
  0.9801276 94.1677 
  0.9556234 94.63854 
  0.9754168 95.5873 
  0.9691331 96.06523 
  0.9514785 96.54556 
  0.9500345 96.06523 
  0.9399049 96.54556 
  0.8978388 98.00098 
  0.9313986 98.98344 
  0.8706359 99.97575 
  0.6746956 101.9903 
  0.8955119 104.0455 
  0.9568621 105.0885 
  0.9631048 105.0885 
  0.9540025 106.142 
  0.9279868 106.6728 
  0.9494554 107.2061 
  0.9467655 106.6728 
  0.8765537 106.142 
  0.6420212 106.6728 
  0.08640978 103.5278 
  0.3189364 105.0885 
  0.8617507 106.6728 
  0.4851808 108.2809 
  0.5261566 110.4628 
  0.2696081 101.4829 
  0.5144068 104.5657 
  0.7807944 106.142 
  0.9598055 107.2061 
  0.9361999 106.6728 
  0.9527773 106.6728 
  0.8355393 108.2809 
  0.9253014 109.3664 
  0.9718396 109.9132 
  0.9745328 109.9132 
  0.9076574 109.9132 
  0.8431634 108.2809 
  0.8418831 105.614 
  0.7400053 104.0455 
  0.8518621 103.5278 
  0.9069927 103.5278 
  0.8452764 103.5278 
  0.5057595 103.5278 
  0.5498103 105.614 
  0.4201086 98.98344 
  0.5281026 97.51342 
  0.7840736 97.02828 
  0.7082169 95.5873 
  0.6591593 93.6992 
  0.6595061 92.7692 
  0.6672584 92.7692 
  0.6594915 93.23304 
  0.6972804 94.1677 
  0.720475 95.5873 
  0.7561738 97.02828 
  0.8593928 98.491 
  0.8952053 100.4756 
  0.9688771 100.978 
  0.9671669 101.4829 
  0.9697651 102.5003 
  0.9082505 103.5278 
  0.9074718 105.614 
  0.9222835 107.2061 
  0.9181085 109.3664 
  0.9608948 110.4628 
  0.9729787 111.0151 
  0.9574226 111.0151 
  0.8092333 110.4628 
  0.7772157 109.3664 
  0.6825421 106.6728 
  0.9165456 107.7421 
  0.9846272 107.2061 
  0.9780051 106.142 
  0.8688864 105.614 
  0.3096953 109.3664 
  0.5998152 105.614 
  0.9186327 104.0455 
  0.9372402 105.0885 
  0.949582 105.614 
  0.9867274 106.6728 
  0.9903458 106.6728 
  0.9858212 106.6728 
  0.9843309 106.142 
  0.9797157 106.142 
  0.9161613 106.6728 
  0.831197 107.2061 
  0.7371093 107.7421 
  0.7085927 104.0455 
  0.1968841 106.6728 
  0.682467 108.8223 
  0.8898458 110.4628 
  0.861288 112.128 
  0.8579338 114.3874 
  0.9384028 116.6924 
  0.9442449 117.2759 
  0.937625 117.2759 
  0.8855287 115.5342 
  0.8914567 112.6886 
  0.9470565 111.0151 
  0.9434757 109.9132 
  0.9133593 108.8223 
  0.7467644 107.7421 
  0.5280629 106.6728 
  0.5688924 105.614 
  0.2799829 104.5657 
  0.28532 103.5278 
  0.5328786 100.4756 
  0.5128044 106.6728 
  0.6359997 106.6728 
  0.487636 105.0885 
  0.5746958 101.4829 
  0.5993041 98.491 
  0.5734674 95.5873 
  0.6233127 91.84841 
  0.8464645 88.69706 
  0.6889011 89.14054 
  0.880891 90.03418 
  0.8810416 90.03418 
  0.935634 90.48434 
  0.9213109 90.48434 
  0.9296672 90.03418 
  0.8868831 90.03418 
  0.914256 91.39146 
  0.9137688 91.84841 
  0.9526945 92.7692 
  0.9428249 93.23304 
  0.971805 93.23304 
  0.9756253 92.7692 
  0.9027628 93.23304 
  0.9183887 94.1677 
  0.7464209 94.63854 
  0.4888668 95.11173 
  0.4695169 98.98344 
  0.9232125 99.47836 
  0.8761929 98.491 
  0.7130195 98.00098 
  0.6240077 95.5873 
  0.7753775 95.11173 
  0.7197843 93.23304 
  0.7089261 91.84841 
  0.8713219 90.03418 
  0.7678435 89.14054 
  0.7229647 86.51251 
  0.4197481 85.65383 
  0.609163 85.65383 
  0.5369998 85.65383 
  0.3576691 86.0821 
  0.4976896 86.94508 
  0.03662727 87.8167 
  -0.08012029 88.69706 
  -0.1200848 89.58624 
  -0.00485156 90.48434 
  0.3257437 91.39146 
  0.0740335 91.84841 
  0.3988465 92.7692 
  0.6162832 93.6992 
  0.8299281 94.1677 
  0.4227185 93.6992 
  0.6533014 93.6992 
  0.8778547 93.23304 
  0.9215951 93.6992 
  0.9489816 94.1677 
  0.7807248 95.5873 
  0.900271 97.02828 
  0.862883 97.51342 
  0.9028589 98.491 
  0.8916251 98.00098 
  0.8775319 97.51342 
  0.8135701 96.54556 
  0.6899436 97.02828 
  0.4018854 97.51342 
  0.2872232 98.98344 
  0.909255 100.978 
  0.9161555 102.5003 
  0.852236 104.5657 
  0.8547816 107.7421 
  0.9205135 109.3664 
  0.9546667 109.3664 
  0.9576459 109.3664 
  0.9239761 108.8223 
  0.9166423 107.2061 
  0.8367443 105.0885 
  0.6890401 103.0128 
  0.4429911 103.0128 
  0.8583373 104.5657 
  0.9290749 104.5657 
  0.9532125 105.614 
  0.9177707 106.142 
  0.8534003 106.6728 
  0.8867988 106.6728 
  0.9461645 106.142 
  0.9822657 105.614 
  0.9605846 105.0885 
  0.9400762 104.0455 
  0.9305428 103.0128 
  0.9352894 101.9903 
  0.9258253 100.978 
  0.9416448 99.97575 
  0.9354068 98.98344 
  0.977111 98.491 
  0.9706809 97.51342 
  0.9722021 96.54556 
  0.9865131 95.5873 
  0.9925679 95.5873 
  0.9578429 96.06523 
  0.9055775 96.54556 
  0.9024491 96.54556 
  0.9198549 96.06523 
  0.9261953 95.11173 
  0.9631078 94.63854 
  0.9216921 93.6992 
  0.9205483 92.7692 
  0.9621987 92.30766 
  0.9300662 92.7692 
  0.7586271 92.7692 
  0.6938828 92.30766 
  0.9649138 93.6992 
  0.7301538 95.11173 
  0.8562141 95.11173 
  0.879946 95.5873 
  0.9311561 96.06523 
  0.9232063 97.02828 
  0.9004237 98.00098 
  0.9114861 98.491 
  0.6980613 98.98344 
  0.4426348 97.51342 
  -0.1653114 94.63854 
  -0.1903122 94.63854 
  -0.3726327 94.63854 
  -0.1650856 94.63854 
  -0.02708422 94.63854 
  0.0208146 94.63854 
  0.03115254 94.63854 
  0.04252992 94.63854 
  -0.141468 94.63854 
  0.1089294 94.63854 
  0.1082189 94.63854 
  0.04042026 94.63854 
  -3.413297e-05 94.63854 
  -0.1120733 95.11173 
  0.2236901 95.5873 
  0.3484613 95.5873 
  0.7136026 95.11173 
  0.2347538 88.69706 
  0.4188368 87.8167 
  0.8518177 87.3798 
  0.9430087 86.51251 
  0.5787816 87.3798 
  0.7073176 89.14054 
  0.6655229 87.8167 
  0.297554 86.94508 
  0.1550803 87.8167 
  0.1801631 88.69706 
  0.2568159 90.03418 
  -0.02483167 90.93677 
  -0.1365748 91.84841 
  -0.2993014 92.7692 
  -0.2200485 93.6992 
  -0.05473607 94.63854 
  -0.06753819 95.5873 
  0.01795334 96.54556 
  0.1868423 96.06523 
  0.5287665 94.1677 
  0.7365963 95.5873 
  0.9521701 96.54556 
  0.9829607 97.02828 
  0.9728301 97.51342 
  0.9809853 97.51342 
  0.9200649 98.00098 
  0.8221684 98.00098 
  0.7743989 96.06523 
  0.5522578 96.06523 
  0.8259089 98.98344 
  0.8960681 98.491 
  0.9235572 98.491 
  0.9345589 98.491 
  0.949995 98.491 
  0.9395937 98.98344 
  0.9678023 98.98344 
  0.9625105 99.47836 
  0.8001229 100.978 
  0.8473507 102.5003 
  0.8412173 101.4829 
  0.877647 101.4829 
  0.9378514 101.9903 
  0.9377245 101.9903 
  0.9227653 100.4756 
  0.9536693 99.97575 
  0.9236561 99.97575 
  0.8546415 99.47836 
  0.6311793 98.00098 
  0.6516315 93.6992 
  0.4169665 94.1677 
  -0.3642788 96.06523 
  0.151836 98.491 
  0.1680171 100.978 
  -0.2884293 104.0455 
  -0.1020073 107.2061 
  0.1934035 109.9132 
  0.1302974 112.128 
  0.8406342 115.5342 
  0.3608207 103.5278 
  0.7087938 104.5657 
  0.9618149 104.5657 
  0.7230642 102.5003 
  0.7610136 99.47836 
  0.7365129 96.54556 
  0.7739378 94.1677 
  0.8926093 92.30766 
  0.8259587 90.48434 
  0.7489092 88.69706 
  0.7472844 86.0821 
  0.8382119 84.38177 
  0.7217746 83.96195 
  0.1405004 84.38177 
  -0.1499206 84.38177 
  -0.3033241 84.80367 
  -0.1455485 85.2277 
  -0.1029034 85.65383 
  -0.04401653 86.0821 
  0.1109186 86.0821 
  0.02283631 86.51251 
  0.07226017 86.94508 
  0.3169502 87.3798 
  0.1311443 87.8167 
  0.1280348 88.25578 
  0.1195554 88.25578 
  0.08262772 88.25578 
  0.084213 88.25578 
  0.2159198 88.25578 
  0.4695091 88.25578 
  0.26536 88.25578 
  0.3792696 88.25578 
  0.2013385 88.25578 
  0.04525024 88.25578 
  0.02859124 88.25578 
  -0.04760887 88.25578 
  -0.01872024 88.25578 
  0.03234052 88.25578 
  0.08100684 88.25578 
  0.09278832 88.25578 
  -0.06789843 88.25578 
  -0.06814817 88.25578 
  -0.02064364 88.25578 
  -0.164453 88.25578 
  -0.05725375 88.25578 
  -0.08617328 88.25578 
  -0.168395 88.25578 
  -0.1341669 88.25578 
  -0.001368196 88.25578 
  0.05134606 88.25578 
  0.1632789 88.25578 
  -0.06315905 88.25578 
  -0.07015128 88.25578 
  -0.1833957 88.25578 
  -0.1126531 88.25578 
  -0.1843665 88.25578 
  -0.07140207 88.25578 
  -0.1557513 88.25578 
  -0.1597382 88.25578 
  -0.09476346 88.25578 ]
