 [
  -0.3733063 142.4574 
  -0.4673033 142.4574 
  -0.3999424 142.4574 
  -0.2041118 142.4574 
  -0.403836 142.4574 
  -0.01013514 142.4574 
  -0.07037096 142.4574 
  -0.1316983 142.4574 
  -0.0971055 142.4574 
  0.09870144 142.4574 
  -0.06075576 142.4574 
  -0.4723085 142.4574 
  0.06507575 142.4574 
  0.3865952 136.2042 
  0.4803002 127.0181 
  0.7193022 122.0498 
  0.8267485 117.8622 
  0.9415295 114.9594 
  0.8549999 113.2521 
  0.7816571 112.128 
  0.5020189 111.0151 
  0.09790312 113.8184 
  -0.1005423 116.6924 
  -0.5061678 120.2372 
  0.7060884 123.2734 
  0.7136567 119.0438 
  0.8478024 116.1118 
  0.9345955 115.5342 
  0.9211246 116.6924 
  0.9832742 118.4515 
  0.9905884 119.0438 
  0.9726213 118.4515 
  0.9609898 116.6924 
  0.8948842 114.3874 
  0.8293183 111.0151 
  0.7764565 107.7421 
  0.614711 105.614 
  0.1655335 106.6728 
  0.2035833 108.2809 
  0.234887 108.8223 
  0.3251335 109.3664 
  0.7747606 109.3664 
  0.8220058 107.7421 
  0.7837251 105.614 
  0.7813973 103.0128 
  0.6558616 101.4829 
  0.6363237 99.47836 
  0.6645279 96.06523 
  -0.004827698 96.54556 
  0.6981473 98.00098 
  0.2453496 99.97575 
  -0.1285776 101.9903 
  0.06623387 104.0455 
  0.166504 106.142 
  0.08811794 108.8223 
  -0.04446227 111.5702 
  -0.09396622 114.3874 
  -0.1953972 117.2759 
  -0.2417908 120.2372 
  0.3831143 123.2734 
  0.6890934 117.2759 
  0.8923686 114.9594 
  0.9691274 114.3874 
  0.9682032 114.9594 
  0.9130937 115.5342 
  0.9092919 118.4515 
  0.843623 121.4426 
  0.8866936 125.7574 
  0.9383295 128.2915 
  0.9250748 128.9329 
  0.912844 129.5776 
  0.6995702 130.2255 
  0.8997395 131.531 
  0.9790214 132.8496 
  0.6741092 134.1814 
  0.3797792 135.5266 
  0.4128013 136.8852 
  0.5683408 138.2575 
  0.5127904 139.6435 
  0.2469072 141.7487 
  0.2353487 143.1697 
  -0.1965405 145.328 
  0.01031609 147.5188 
  -0.03750869 149.7427 
  -0.006917048 152.0001 
  0.02054466 154.2915 
  0.1683335 155.8383 
  0.7466775 153.5239 
  0.7444965 146.7849 
  0.878199 145.328 
  0.8209397 142.4574 
  0.493859 136.2042 
  0.840528 132.1886 
  0.9218306 129.5776 
  0.8061646 127.6532 
  0.8998553 126.3862 
  0.7718348 124.5092 
  0.7441149 123.2734 
  0.9134465 121.4426 
  0.7197499 118.4515 
  0.6260534 114.9594 
  0.6656347 111.5702 
  0.6338657 108.2809 
  0.6259724 106.142 
  0.5954387 104.0455 
  0.1500784 104.0455 
  0.6837751 103.0128 
  0.7221031 102.5003 
  0.2816361 101.9903 
  -0.02747976 101.4829 
  -0.06870699 100.978 
  0.03410608 100.4756 
  0.3070297 100.4756 
  0.6792413 99.97575 
  0.8371531 98.98344 
  0.8329983 97.51342 
  0.8572081 96.06523 
  0.8704473 96.06523 
  0.859634 94.63854 
  0.834667 92.30766 
  0.8574955 90.48434 
  0.9307038 89.58624 
  0.9761623 90.03418 
  0.862403 90.93677 
  0.6898059 92.30766 
  0.8069104 93.6992 
  0.8524934 96.06523 
  0.7911693 97.02828 
  0.1208525 97.51342 
  0.09686475 97.51342 
  -0.5248117 97.51342 
  0.0415313 97.51342 
  0.02991987 97.51342 
  0.02817554 98.00098 
  0.1152965 98.491 
  0.2679561 98.98344 
  0.1476183 99.47836 
  -0.08648045 99.97575 
  0.08186353 100.4756 
  0.09792189 100.4756 
  0.03364246 100.4756 
  0.05441565 100.4756 
  0.05270078 100.4756 
  -0.1288314 100.978 
  -0.05540111 100.978 
  -0.0604732 100.978 
  0.04482511 100.978 
  -0.2826599 100.978 
  -0.09376214 101.4829 
  0.05382606 101.9903 
  -0.02054706 102.5003 
  -0.2835649 103.0128 
  0.407508 104.0455 
  0.8283753 104.5657 
  0.8782796 105.0885 
  0.424023 106.142 
  0.7039789 104.5657 
  0.9197311 104.5657 
  0.9465684 105.614 
  0.9683323 106.6728 
  0.7971349 108.2809 
  0.8802508 109.3664 
  0.9562275 109.9132 
  0.9397529 110.4628 
  0.9436725 111.0151 
  0.9057899 111.0151 
  0.8086101 111.0151 
  0.4738535 109.3664 
  -0.1469359 110.4628 
  0.1928517 111.5702 
  -0.3831568 112.6886 
  -0.09761262 113.8184 
  -0.1418134 114.9594 
  -0.1552461 116.1118 
  -0.05732639 116.6924 
  0.1024203 116.6924 
  0.2129303 117.2759 
  0.6594992 118.4515 
  0.9607229 119.0438 
  0.9673366 119.639 
  0.9260531 120.2372 
  0.5891546 121.4426 
  0.8053858 122.6601 
  0.8595667 120.2372 
  0.9089798 118.4515 
  0.8757522 116.6924 
  0.7961131 115.5342 
  0.5037737 115.5342 
  0.02371436 114.9594 
  -0.05788486 114.9594 
  -0.1760977 114.9594 
  -0.03260148 114.9594 
  0.1261467 114.3874 
  0.1624167 113.8184 
  0.65991 113.8184 
  0.5237786 115.5342 
  0.7705891 117.8622 
  0.8910006 117.2759 
  0.8557268 115.5342 
  0.8602501 112.6886 
  0.940393 109.9132 
  0.8987089 107.7421 
  0.8322959 105.614 
  0.4676556 104.5657 
  -0.04641994 105.614 
  -0.03258458 106.6728 
  0.02740371 107.7421 
  -0.1441201 108.8223 
  -0.1169586 110.4628 
  0.3217671 112.128 
  0.5825116 113.2521 
  0.6133426 112.128 
  0.6487836 108.2809 
  0.9487039 108.2809 
  0.9695598 107.2061 
  0.9582097 106.142 
  0.952648 105.0885 
  0.9769937 104.5657 
  0.9654125 104.0455 
  0.9313058 104.0455 
  0.8974374 103.5278 
  0.8492428 103.0128 
  0.901217 101.9903 
  0.9638218 101.9903 
  0.8996191 101.4829 
  0.8823179 100.978 
  0.930245 100.978 
  0.9394584 101.4829 
  0.9170185 101.9903 
  0.2634936 98.00098 
  0.5058859 95.11173 
  0.426106 94.1677 
  0.2922756 95.5873 
  0.3736547 96.06523 
  0.4045419 92.7692 
  0.09431875 90.03418 
  -0.07707432 86.94508 
  -0.03697066 83.96195 
  0.173768 81.4866 
  -0.06230537 79.08421 
  0.09522729 76.75266 
  0.1108501 75.61279 
  0.3310402 75.99085 
  0.6419793 74.86229 
  0.6919789 74.86229 
  0.2383797 75.99085 
  0.9078701 79.08421 
  0.930025 78.69076 
  0.8197417 78.69076 
  0.7901806 79.47963 
  0.8530742 80.6778 
  0.8951728 80.27641 
  0.8238304 80.6778 
  0.549428 81.89403 
  0.6537077 83.12859 
  0.6006454 83.96195 
  0.5338526 84.38177 
  0.2160111 84.38177 
  -0.06362062 84.38177 
  -0.1634037 84.38177 
  -0.2251608 84.38177 
  -0.01060641 84.38177 
  0.1884391 84.38177 
  0.09987757 84.38177 
  0.3081107 84.38177 
  0.170657 84.38177 
  -0.05398946 84.38177 
  0.1795037 84.38177 
  -0.2424177 84.38177 
  -0.1301215 84.38177 
  -0.09338644 84.38177 ]
