 [
  -0.1536289 218.7592 
  -0.1455703 218.7592 
  -0.0544353 218.7592 
  -0.09791063 218.7592 
  0.3126262 218.7592 
  0.7701018 218.7592 
  0.7759998 218.7592 
  0.6753371 218.7592 
  0.5955388 218.7592 
  0.5302383 218.7592 
  0.4848734 218.7592 
  0.4837902 218.7592 
  -0.1140839 218.7592 
  -0.1639638 218.7592 
  0.7713683 218.7592 
  0.4642194 192.1537 
  0.7017236 188.3582 
  0.9192738 188.3582 
  0.9687381 188.3582 
  0.9756292 188.3582 
  0.9811043 188.3582 
  0.9729667 189.3 
  0.9877227 190.2465 
  0.983195 192.1537 
  0.9697047 193.1145 
  0.9785346 196.0257 
  0.9837266 197.0059 
  0.9816499 196.0257 
  0.8800373 193.1145 
  0.6292208 189.3 
  0.6070781 180.9906 
  0.4372201 171.3284 
  0.05470218 169.6279 
  -0.001200132 170.476 
  0.1247097 171.3284 
  -0.5777348 173.046 
  -0.09416004 174.7808 
  -0.06548844 176.533 
  -0.04048816 178.3027 
  0.03389966 179.1942 
  0.02863506 180.0902 
  0.04075636 180.9906 
  -0.258105 181.8956 
  -0.241974 183.7191 
  -0.2623675 185.5609 
  -0.1536609 187.4211 
  -0.0895334 189.3 
  0.3040088 191.1978 
  0.7696005 193.1145 
  0.8943702 195.0505 
  0.8183767 196.0257 
  0.9086483 196.0257 
  0.9924048 195.0505 
  0.9975155 194.0801 
  0.996978 193.1145 
  0.9980593 193.1145 
  0.99942 192.1537 
  0.9989149 191.1978 
  0.9989235 191.1978 
  0.9987595 190.2465 
  0.9991703 190.2465 
  0.9973864 190.2465 
  0.9968477 189.3 
  0.9968066 190.2465 
  0.9981574 190.2465 
  0.9983015 190.2465 
  0.9965498 189.3 
  0.9984617 188.3582 
  0.999549 188.3582 
  0.9976137 189.3 
  0.997982 190.2465 
  0.9982551 190.2465 
  0.9949813 190.2465 
  0.9906 190.2465 
  0.9831523 188.3582 
  0.9584666 186.4887 
  0.9055942 184.6377 
  0.6280529 182.8051 
  0.5244541 180.0902 
  -0.199348 177.4156 
  -0.08512545 175.6547 
  -0.1133679 173.9112 
  -0.04797231 172.185 
  0.09285549 169.6279 
  -0.09101236 167.1087 
  -0.3765785 164.6269 
  -0.2128449 162.182 
  -0.09412076 160.5723 
  -0.08024166 158.9785 
  0.2204718 156.6175 
  0.3767866 157.4006 
  0.5834069 148.9977 
  0.7683331 146.0546 
  0.890348 146.0546 
  0.4386142 147.5188 
  0.7783194 148.9977 
  0.8592092 150.4914 
  -0.2755269 152.0001 
  0.02033144 153.5239 
  -0.0210883 155.063 
  0.008012556 156.6175 
  -0.0226996 158.1876 
  0.04399044 159.7734 
  0.08489968 161.3751 
  -0.0383215 162.9929 
  0.1812428 164.6269 
  0.1206148 166.2773 
  0.2791976 167.9442 
  0.02066868 169.6279 
  0.6912235 172.185 
  0.8427411 170.476 
  0.930048 167.1087 
  0.8220937 163.8079 
  0.8901856 160.5723 
  0.9518521 159.7734 
  0.9593325 159.7734 
  0.8710558 158.1876 
  0.643419 154.2915 
  0.2281912 152.7601 
  0.01447153 148.9977 
  -0.531275 147.5188 
  0.0300379 146.0546 
  -0.06761518 144.605 
  -0.1009349 143.1697 
  0.02825226 141.7487 
  -0.05697632 140.3417 
  0.08921079 138.9488 
  0.09342309 137.5696 
  -0.07939248 136.2042 
  0.1020498 134.8523 
  0.1508527 133.5138 
  0.04452145 132.1886 
  -0.09418063 130.8766 
  -0.04940601 129.5776 
  -0.02028156 128.2915 
  -0.101224 127.0181 
  -0.06954354 125.7574 
  -0.1069947 124.5092 
  0.1356003 123.8897 
  -0.1479408 122.6601 
  0.008012028 121.4426 
  -0.1771004 120.2372 
  -0.1241644 119.0438 
  -0.3301763 117.8622 
  0.376048 117.2759 
  0.1604727 119.639 
  0.6074256 124.5092 
  0.7018418 130.8766 
  0.8253199 135.5266 
  0.9486574 138.9488 
  0.9874461 140.3417 
  0.9595362 139.6435 
  0.9230037 138.9488 
  0.7670686 138.9488 
  0.3247578 138.9488 
  -0.06456389 138.9488 
  -0.281297 138.2575 
  0.03562644 137.5696 
  0.153199 137.5696 
  0.3527098 138.2575 
  0.420352 138.2575 
  0.8466908 138.2575 
  0.8721098 138.2575 
  0.6740614 138.2575 
  0.1983237 138.2575 
  -0.01608397 138.2575 
  -0.114657 138.2575 
  -0.08003322 138.2575 
  -0.1247682 138.2575 
  -0.06045494 138.2575 
  -0.1945868 138.2575 
  -0.1687187 138.2575 
  -0.2326164 138.2575 ]
