 [
  0.09267738 194.0801 
  -0.08543793 194.0801 
  -0.2211537 194.0801 
  -0.2399952 194.0801 
  -0.2671272 194.0801 
  0.04520874 194.0801 
  -0.09607021 194.0801 
  -0.1331003 194.0801 
  -0.2082835 194.0801 
  0.1216288 194.0801 
  0.1113541 194.0801 
  0.035797 194.0801 
  -0.109064 194.0801 
  0.2000781 194.0801 
  0.693562 194.0801 
  0.829331 194.0801 
  0.7892353 192.1537 
  0.8706976 189.3 
  0.947813 186.4887 
  0.9922957 184.6377 
  0.9943829 183.7191 
  0.9977162 181.8956 
  0.9989282 180.9906 
  0.9999151 180.0902 
  0.9976674 179.1942 
  0.98883 177.4156 
  0.9660593 173.9112 
  0.942581 170.476 
  0.8741322 168.784 
  0.7628887 167.9442 
  0.4401692 167.9442 
  -0.08573279 167.9442 
  0.009134146 167.9442 
  -0.007763236 167.9442 
  0.06320772 167.9442 
  -0.01714967 167.9442 
  -0.03093636 167.9442 
  -0.04292515 167.1087 
  -0.02530456 166.2773 
  -0.0223507 165.4501 
  0.1004322 164.6269 
  0.5571272 168.784 
  0.8140675 167.9442 
  0.9781337 166.2773 
  0.9535304 165.4501 
  0.9192429 163.8079 
  0.8581167 162.182 
  0.7130706 159.7734 
  0.1317544 162.182 
  0.4560751 164.6269 
  0.6654108 167.1087 
  0.6506566 168.784 
  -0.03984547 171.3284 
  -0.0564267 173.9112 
  -0.1268554 176.533 
  -0.08170305 179.1942 
  -0.1382804 181.8956 
  -0.1144463 183.7191 
  -0.1638606 185.5609 
  -0.1541058 187.4211 
  -0.02891484 189.3 
  0.1175259 191.1978 
  0.1327919 193.1145 
  -0.1553441 195.0505 
  0.1817057 197.0059 
  0.5921374 194.0801 
  0.6933194 189.3 
  0.9578978 187.4211 
  0.9932398 186.4887 
  1.000124 187.4211 
  0.9871334 187.4211 
  0.9879102 189.3 
  0.9809992 190.2465 
  0.9664527 192.1537 
  0.9626131 193.1145 
  0.9560412 196.0257 
  0.975697 197.0059 
  0.9821856 197.9909 
  0.9501032 197.9909 
  0.9234465 197.9909 
  0.966696 201.9805 
  0.996989 204.0054 
  0.9983768 205.0254 
  0.9996462 205.0254 
  0.9879924 205.0254 
  0.9672323 204.0054 
  0.9672812 201.9805 
  0.9918881 200.9756 
  0.9951796 199.9758 
  0.9922217 199.9758 
  0.9725881 200.9756 
  0.9676446 201.9805 
  0.9725309 200.9756 
  0.994671 199.9758 
  0.9987409 199.9758 
  0.9990786 199.9758 
  0.9986538 199.9758 
  0.9991534 200.9756 
  0.9988269 200.9756 
  0.996016 200.9756 
  0.9893159 199.9758 
  0.9903698 199.9758 
  0.9960017 198.9809 
  0.9940031 197.0059 
  0.9869707 193.1145 
  0.9703391 189.3 
  0.949861 186.4887 
  0.8563817 184.6377 
  0.6582606 186.4887 
  0.2958776 188.3582 
  -0.2676178 190.2465 
  -0.3876933 192.1537 
  0.02537774 194.0801 
  -0.0345156 196.0257 
  0.00768426 197.9909 
  -0.009592258 199.9758 
  0.009075315 201.9805 
  -0.03902318 204.0054 
  -0.1058136 206.0505 
  0.01023175 208.1162 
  0.54009 210.2025 
  0.7129734 212.3098 
  0.7842404 197.9909 
  0.8449594 193.1145 
  0.9730602 189.3 
  0.9848608 186.4887 
  0.9912238 184.6377 
  0.9977092 183.7191 
  0.9981537 182.8051 
  0.9979397 182.8051 
  0.9970765 183.7191 
  0.9982055 183.7191 
  0.9971564 183.7191 
  0.989153 182.8051 
  0.9558679 180.9906 
  0.9179075 178.3027 
  0.9078084 174.7808 
  0.7414982 173.9112 
  0.8097453 178.3027 
  0.2170808 182.8051 
  0.1873295 188.3582 
  0.06226276 194.0801 
  0.07453115 199.9758 
  -0.09206548 206.0505 
  -0.02984759 212.3098 
  0.1129287 217.6709 
  0.1471743 223.1673 
  0.1195761 228.8026 
  0.0307232 234.5801 
  0.8058952 240.5036 
  0.4994559 246.5766 
  0.4047834 247.8095 
  0.3555228 244.1292 
  0.6472539 235.753 
  0.5499739 239.307 
  0.6143049 240.5036 
  0.9291555 233.4131 
  0.5049009 226.5316 
  0.540934 219.853 
  0.4370298 213.3714 
  0.3416782 207.0808 
  0.7925243 200.9756 
  0.0853831 194.0801 
  0.00203649 187.4211 
  0.197867 180.0902 
  0.3218028 173.046 
  0.8821399 167.9442 
  0.9759382 166.2773 
  0.9902872 166.2773 
  0.9587741 167.9442 
  0.6556044 170.476 
  0.7985481 169.6279 
  0.9440386 170.476 
  0.9680188 172.185 
  0.9689156 173.046 
  0.9774854 174.7808 
  0.968449 175.6547 
  0.9635513 177.4156 
  0.9831084 179.1942 
  0.9882014 180.0902 
  0.9773642 180.9906 
  0.9689289 181.8956 
  0.9765903 182.8051 
  0.9845145 183.7191 
  0.9755023 183.7191 
  0.9508097 183.7191 
  0.9271711 183.7191 
  0.8855097 182.8051 
  0.8376129 184.6377 
  0.893085 186.4887 
  0.8578293 189.3 
  0.9015983 192.1537 
  0.9089912 195.0505 
  0.8913128 198.9809 
  0.457665 202.9904 
  0.6834109 207.0808 
  0.5882107 192.1537 
  0.7265316 188.3582 
  0.940941 184.6377 
  0.9601269 182.8051 
  0.9539399 181.8956 
  0.9606342 179.1942 
  0.9826958 178.3027 
  0.9935658 177.4156 
  0.9935524 177.4156 
  0.9883488 178.3027 
  0.9875971 178.3027 
  0.9954559 178.3027 
  0.9665722 177.4156 
  0.8757163 176.533 
  0.8046638 174.7808 
  0.4832786 170.476 
  0.9090609 173.046 
  0.9697132 174.7808 
  0.9524308 176.533 
  0.9702202 177.4156 
  0.9644822 176.533 
  0.9889908 174.7808 
  0.9889498 174.7808 
  0.9825052 176.533 
  0.8471401 181.8956 
  0.761264 191.1978 
  0.8568785 197.9909 
  0.8786297 199.9758 
  0.8589569 198.9809 
  0.8783104 197.9909 
  0.8837532 197.0059 
  0.4791374 196.0257 
  0.305068 195.0505 
  0.0090648 194.0801 
  0.0250747 193.1145 
  -0.03315005 192.1537 
  -0.2369571 191.1978 
  -0.3545732 190.2465 
  -0.08201587 189.3 
  0.8849111 188.3582 
  0.917057 187.4211 
  0.9280093 184.6377 
  0.9196442 180.0902 
  0.9584036 176.533 
  0.9851933 173.9112 
  0.9949956 172.185 
  0.9973687 172.185 
  0.9952015 172.185 
  0.988526 173.046 
  0.9870323 174.7808 
  0.9906606 175.6547 
  0.9901356 176.533 
  0.9912453 177.4156 
  0.9933157 178.3027 
  0.9916712 178.3027 
  0.9871663 178.3027 
  0.9839952 177.4156 
  0.9862255 176.533 
  0.9870638 174.7808 
  0.960642 172.185 
  0.9170036 167.9442 
  0.8589125 164.6269 
  0.8338811 163.8079 
  0.5657577 165.4501 
  0.3648524 167.9442 
  -0.1606847 170.476 
  -0.2236636 173.046 
  -0.1076371 175.6547 
  -0.08238326 178.3027 
  0.4527682 180.0902 
  0.6795669 174.7808 
  0.8108644 170.476 
  0.8752481 166.2773 
  0.7754731 161.3751 
  0.8299938 155.063 
  0.8788111 152.0001 
  0.9917068 149.7427 
  0.9777952 149.7427 
  0.9558672 151.2439 
  0.8546316 153.5239 
  0.8227108 157.4006 
  0.876747 158.9785 
  0.8464546 160.5723 
  0.9055606 159.7734 
  0.8314403 159.7734 
  0.8917561 159.7734 
  0.9342995 158.9785 
  0.9051149 158.9785 
  0.9020602 159.7734 
  0.8917577 161.3751 
  0.9201186 164.6269 
  0.9451594 168.784 
  0.93205 173.046 
  0.9207892 177.4156 
  0.9593035 179.1942 
  0.9759204 180.0902 
  0.9891647 180.9906 
  0.9832063 180.9906 
  0.9784571 180.9906 
  0.975824 180.9906 
  0.9918118 181.8956 
  0.9944406 182.8051 
  0.9971281 181.8956 
  0.9919946 181.8956 
  0.9769458 180.0902 
  0.9699089 178.3027 
  0.9813197 175.6547 
  0.9796275 173.9112 
  0.9238876 172.185 
  0.8664454 169.6279 
  0.6939966 166.2773 
  0.4051232 167.9442 
  0.6255926 169.6279 
  0.2396289 171.3284 
  0.6298521 172.185 
  0.7284833 173.046 
  0.5445691 173.9112 
  -0.08820374 175.6547 
  -0.05099754 177.4156 
  -0.4301654 179.1942 
  0.04832882 180.9906 
  0.08206838 181.8956 
  0.5188465 183.7191 
  0.7396063 181.8956 
  0.8130882 178.3027 
  0.9521295 173.9112 
  0.8953984 168.784 
  0.9124902 165.4501 
  0.9760494 162.9929 
  0.9863055 162.9929 
  0.9940569 162.182 
  0.9946603 161.3751 
  0.9915974 161.3751 
  0.978405 162.182 
  0.9555447 161.3751 
  0.9478989 160.5723 
  0.9653865 158.9785 
  0.9644544 158.1876 
  0.9650084 158.1876 
  0.9390835 158.9785 
  0.9612871 159.7734 
  0.9742391 159.7734 
  0.9710295 158.1876 
  0.9707812 156.6175 
  0.9183502 155.8383 
  0.8128139 156.6175 
  0.5870098 158.1876 
  0.2320435 159.7734 
  -0.03093241 162.182 
  0.06165567 163.8079 
  0.02281078 165.4501 
  -0.1229657 167.1087 
  -0.1261112 168.784 
  -0.4374266 170.476 
  0.3403952 172.185 
  0.6114318 173.9112 
  0.3813914 175.6547 
  -0.05508947 177.4156 
  0.2244256 179.1942 
  0.5048812 180.9906 
  0.5116057 182.8051 
  0.7287281 177.4156 
  0.8460098 173.046 
  0.989006 170.476 
  0.9967315 169.6279 
  0.9964782 170.476 
  0.9919494 172.185 
  0.9960857 173.046 
  0.9990044 173.9112 
  0.9983703 173.046 
  0.9914473 172.185 
  0.984898 171.3284 
  0.976384 170.476 
  0.9471963 170.476 
  0.9705505 172.185 
  0.9682631 173.046 
  0.9645081 173.046 
  0.9674039 173.046 
  0.9870589 173.046 
  0.9861073 173.046 
  0.9878569 173.046 
  0.9848176 172.185 
  0.988535 171.3284 
  0.9915153 171.3284 
  0.9945102 170.476 
  0.9936482 171.3284 
  0.9922058 171.3284 
  0.989468 173.046 
  0.9879578 173.9112 
  0.9938189 173.9112 
  0.9923737 173.9112 
  0.987649 173.046 
  0.9936671 173.046 
  0.9947605 173.046 
  0.9931435 173.046 
  0.9921302 173.9112 
  0.988948 174.7808 
  0.9848072 174.7808 
  0.9746367 175.6547 
  0.9457852 174.7808 
  0.9085486 173.9112 
  0.8804286 173.046 
  0.8205532 173.046 
  0.866541 175.6547 
  0.9656563 178.3027 
  0.8671781 181.8956 
  0.8136478 182.8051 
  0.5671582 180.0902 
  0.5974657 175.6547 
  0.2175513 170.476 
  -0.313853 166.2773 
  -0.346088 162.9929 
  -0.2972409 160.5723 
  -0.05936984 158.1876 
  0.03095753 155.8383 
  -0.05446353 152.7601 
  0.2965974 154.2915 
  0.7308823 158.9785 
  0.9410188 158.9785 
  0.952059 158.9785 
  0.954918 159.7734 
  0.9425843 160.5723 
  0.9874344 162.182 
  0.9918616 162.9929 
  0.9919551 162.9929 
  0.9945985 163.8079 
  0.9948872 164.6269 
  0.998377 165.4501 
  0.9981017 166.2773 
  0.8472407 167.1087 
  0.8003977 166.2773 
  0.893224 166.2773 
  0.967638 166.2773 
  0.9698279 165.4501 
  0.962274 163.8079 
  0.9292429 162.182 
  0.918294 158.9785 
  0.9836925 155.8383 
  0.9920502 155.8383 
  0.9628761 157.4006 
  0.9423038 159.7734 
  0.9760465 162.9929 
  0.9896148 164.6269 
  0.990651 164.6269 
  0.9733242 164.6269 
  0.9722115 163.8079 
  0.968459 164.6269 
  0.9512314 163.8079 
  0.9361169 162.182 
  0.9178763 161.3751 
  0.8793051 159.7734 
  0.9384891 157.4006 
  0.9185126 155.063 
  0.9114173 152.7601 
  0.9638594 150.4914 
  0.9588591 149.7427 
  0.9197506 148.9977 
  0.9266405 147.5188 
  0.9471748 146.0546 
  0.884289 145.328 
  0.7631761 143.8855 
  0.6606299 141.0434 
  0.1470848 135.5266 
  0.314681 133.5138 
  0.4058607 130.8766 
  0.271191 128.9329 
  0.6187848 129.5776 
  0.7888979 130.2255 
  0.9446809 130.8766 
  0.6107982 130.2255 
  0.3358669 121.4426 
  0.465874 120.8384 
  0.2305326 123.8897 
  0.268689 128.9329 
  0.3264149 136.2042 
  0.6947583 134.1814 
  0.8151028 136.2042 
  0.7501713 136.8852 
  0.9018511 136.8852 
  0.901797 136.8852 
  0.55641 136.8852 
  0.1822622 136.8852 
  -0.08674299 136.8852 
  -0.03839125 136.8852 
  -0.07625315 136.8852 
  -0.1072928 136.8852 
  -0.1488327 136.8852 
  -0.1402067 136.8852 
  -0.1144646 136.8852 
  -0.2637305 136.8852 
  -0.0777238 136.8852 
  -0.01423175 136.8852 
  0.01705055 136.8852 
  0.0190286 136.8852 
  0.02152722 136.8852 
  -0.06579539 136.8852 
  0.2657985 136.8852 
  0.3566133 136.8852 
  0.04353578 136.8852 
  -0.2050359 136.8852 
  -0.1670938 136.8852 
  -0.08364237 136.8852 
  0.003197672 136.8852 
  -0.01001174 136.8852 
  -0.009435099 136.8852 
  0.04083959 136.8852 
  -0.04358443 136.8852 
  -0.3210515 136.8852 
  -0.2212648 136.8852 
  0.02739016 136.8852 
  0.1017924 136.8852 
  0.142649 136.8852 
  -0.04678534 136.8852 
  0.1420438 136.8852 
  0.1421917 136.8852 
  -0.03810354 136.8852 
  -0.1526624 136.8852 
  -0.08850312 136.8852 
  -0.1007614 136.8852 
  -0.06173602 136.8852 ]
