 [
  0.01896111 108.2809 
  0.3444204 108.2809 
  0.6389527 108.2809 
  -0.1353077 108.2809 
  -0.05468521 108.2809 
  -0.08574766 108.2809 
  0.1345036 108.2809 
  0.2987506 108.2809 
  -0.1069036 108.2809 
  -0.141946 108.2809 
  0.05406516 108.2809 
  0.4528432 108.2809 
  0.520373 108.2809 
  0.518073 108.2809 
  0.4339768 108.2809 
  0.2026951 108.2809 
  0.6258357 108.8223 
  0.708024 107.2061 
  0.8268551 106.6728 
  0.9366485 107.2061 
  0.9652143 108.2809 
  0.9150929 109.9132 
  0.6485882 112.6886 
  0.3863792 119.639 
  0.8095645 125.1317 
  0.9031886 127.0181 
  0.8612276 127.0181 
  0.6411788 125.1317 
  0.1667084 125.7574 
  -0.166906 126.3862 
  -0.1497315 127.0181 
  -0.2766167 127.6532 
  -0.2266422 128.9329 
  0.218568 130.2255 
  -0.08231413 130.8766 
  -0.4342507 131.531 
  0.01900955 132.1886 
  0.3801559 132.8496 
  0.8191344 133.5138 
  0.7637842 127.6532 
  0.889909 127.0181 
  0.9390135 127.6532 
  0.9596936 127.6532 
  0.9775362 128.2915 
  0.9829569 128.9329 
  0.98756 128.2915 
  0.9902019 128.2915 
  0.9897277 127.6532 
  0.9906348 127.6532 
  0.9902382 127.0181 
  0.9867707 125.7574 
  0.9890375 124.5092 
  0.9887923 123.2734 
  0.9759211 122.0498 
  0.9435036 119.639 
  0.8579319 116.6924 
  0.8014203 113.8184 
  0.7573503 111.5702 
  0.3985898 111.0151 
  0.05419281 111.5702 
  0.1381858 112.128 
  0.4083802 112.6886 
  -0.2743573 113.2521 
  0.7065756 113.8184 
  0.8452771 112.128 
  0.884846 109.3664 
  0.9469939 107.2061 
  0.9182261 105.614 
  0.8680832 103.0128 
  0.8810968 100.978 
  0.703289 100.4756 
  0.2989382 100.978 
  0.6959495 101.4829 
  0.2755919 101.9903 
  0.08671618 102.5003 
  -0.004109159 103.0128 
  -0.06586478 103.5278 
  0.1318924 104.0455 
  -0.1841052 104.5657 
  -0.1660731 105.0885 
  -0.3006508 105.614 
  -0.1630149 106.142 
  0.04034367 106.6728 
  0.1314828 107.2061 
  0.07274865 107.7421 
  0.09897575 108.2809 
  0.03921445 109.9132 
  -0.0011934 112.128 
  0.7080604 114.3874 
  0.3317345 104.5657 
  0.4813759 100.978 
  0.7298982 99.47836 
  0.8487528 97.02828 
  0.844962 96.54556 
  0.8840359 96.54556 
  0.9406784 96.54556 
  0.9656418 96.06523 
  0.9589459 96.54556 
  0.9544095 97.51342 
  0.9323967 99.47836 
  0.905077 102.5003 
  0.8766888 106.142 
  0.8710277 110.4628 
  0.8648741 114.3874 
  0.8715408 119.0438 
  0.9065362 122.6601 
  0.9536457 126.3862 
  0.970879 128.9329 
  0.9889841 130.2255 
  0.9949009 130.2255 
  0.9960872 130.2255 
  0.9955237 130.2255 
  0.9977847 129.5776 
  0.9909797 128.9329 
  0.9755247 128.2915 
  0.9555804 126.3862 
  0.8788429 125.1317 
  0.7847323 121.4426 
  0.2091965 119.639 
  0.1466552 118.4515 
  0.0256492 117.2759 
  0.3128179 115.5342 
  -0.03430367 113.8184 
  -0.2486444 112.6886 
  0.118666 111.5702 
  0.1656478 110.4628 
  0.1326209 109.9132 
  0.1027055 109.9132 
  0.05533493 110.4628 
  0.2010095 111.5702 
  0.211862 112.6886 
  -0.09880755 114.3874 
  0.1091395 116.1118 
  0.2698929 117.2759 
  0.3955447 116.1118 
  0.6334908 112.6886 
  0.9569057 111.0151 
  0.9373228 110.4628 
  0.9191148 109.3664 
  0.8607547 107.7421 
  0.7895123 105.614 
  0.8883808 104.0455 
  0.9335213 102.5003 
  0.7949343 100.4756 
  0.8022408 98.491 
  0.9281114 97.51342 
  0.9716321 97.02828 
  0.9644493 96.54556 
  0.942032 96.06523 
  0.930716 96.54556 
  0.8990318 97.02828 
  0.890407 97.02828 
  0.833505 96.54556 
  0.67461 95.5873 
  0.283754 96.06523 
  0.0829021 96.54556 
  0.08383346 97.02828 
  0.1206661 97.51342 
  0.1154348 98.00098 
  0.03091897 98.491 
  0.1118957 98.98344 
  0.09655555 99.47836 
  0.09800314 99.97575 
  0.03024237 100.4756 
  -0.02768649 100.978 
  -0.1158109 101.4829 
  -0.04898574 101.9903 
  -0.1219264 102.5003 
  -0.1652609 103.0128 
  0.3189021 103.5278 
  0.3433771 104.0455 
  0.3449166 104.5657 
  0.4432718 105.0885 
  0.4050277 105.614 
  -0.02544607 106.142 
  -0.3914454 106.6728 
  -0.5572705 107.2061 
  -0.5105183 108.2809 
  -0.2088822 109.3664 
  0.5528497 110.4628 
  0.5471009 106.142 
  0.4470979 103.0128 
  0.4417028 100.4756 
  0.6316498 98.00098 
  0.8648048 96.06523 
  0.9772001 95.5873 
  0.929916 95.5873 
  0.8304825 96.54556 
  0.8796932 98.00098 
  0.925666 99.47836 
  0.9708217 99.97575 
  0.9666988 99.97575 
  0.9627609 99.47836 
  0.9161667 98.491 
  0.93786 97.51342 
  0.9619595 96.54556 
  0.9712442 96.06523 
  0.9476202 95.11173 
  0.9544199 94.1677 
  0.9520503 93.6992 
  0.8184727 92.7692 
  0.707226 92.30766 
  0.7930762 92.30766 
  0.5019463 91.39146 
  0.1229523 90.48434 
  -0.1582128 89.14054 
  0.09659168 90.03418 
  0.160568 90.03418 
  0.2602293 90.93677 
  0.06554289 90.93677 
  -0.008398398 90.48434 
  -0.004440991 90.48434 
  -0.01725992 90.48434 
  -0.2303344 90.48434 
  -0.09580106 90.48434 
  -0.005523489 90.48434 
  -0.0721404 90.48434 
  -0.03112235 90.48434 
  0.1939658 90.48434 
  -0.070779 90.48434 
  0.3411116 90.48434 
  0.6496516 90.03418 
  0.9719769 89.58624 
  0.9844792 89.58624 
  0.9880503 89.14054 
  0.9750705 88.69706 
  0.9832597 87.8167 
  0.9831826 86.94508 
  0.9695711 86.0821 
  0.9700757 85.65383 
  0.973508 85.2277 
  0.9672028 84.80367 
  0.928619 83.96195 
  0.2087774 83.54424 
  0.5431244 84.38177 
  0.5471138 85.65383 
  0.3704694 86.94508 
  0.6374229 88.25578 
  0.900042 89.58624 
  0.5591187 90.48434 
  0.7526051 93.23304 
  0.6390371 95.5873 
  0.8730246 98.00098 
  0.7887974 99.47836 
  0.77074 101.9903 
  0.7784194 103.5278 
  0.6953509 106.142 
  0.7873955 108.2809 
  0.8912171 109.3664 
  0.8325006 109.9132 
  0.7049389 111.0151 
  0.7008199 113.8184 
  0.9624109 116.6924 
  0.9632797 118.4515 
  0.9806285 119.0438 
  0.9946541 119.0438 
  0.9972155 119.0438 
  0.9926741 119.0438 
  0.9536345 118.4515 
  0.8807319 117.8622 
  0.7407018 119.0438 
  0.9277491 121.4426 
  0.9583099 121.4426 
  0.966431 120.2372 
  0.9723339 118.4515 
  0.9672395 116.1118 
  0.8667827 114.3874 
  0.7026919 113.8184 
  0.6231545 112.128 
  0.7813545 109.3664 
  0.9060515 107.2061 
  0.841991 105.614 
  0.7715367 103.0128 
  0.7429721 99.97575 
  0.6439167 97.02828 
  0.5792382 94.1677 
  0.4782469 91.39146 
  0.4232995 87.8167 
  0.5345507 86.0821 
  0.6303303 83.12859 
  0.9219959 80.6778 
  0.8856049 79.47963 
  0.6995351 78.29926 
  0.6221753 76.3708 
  0.8281663 75.2366 
  -0.08300692 75.2366 
  0.208705 75.2366 
  0.3421978 75.2366 
  0.3107101 75.61279 
  0.06171352 75.61279 
  -0.005121895 75.61279 
  -0.01356488 75.61279 
  -0.04546374 75.61279 
  0.09357433 75.61279 
  -0.2094655 75.61279 
  -0.2209767 75.61279 
  -0.3598005 75.61279 
  -0.2286628 75.61279 
  0.03156177 75.61279 
  -0.07023106 75.61279 
  -0.1474659 75.61279 ]
