 [
  0.06182995 232.2518 
  0.04080237 232.2518 
  0.2875814 232.2518 
  0.128765 232.2518 
  0.1540473 232.2518 
  0.1646305 232.2518 
  -0.06780152 232.2518 
  0.1344906 232.2518 
  0.2012814 232.2518 
  -0.1475189 232.2518 
  -0.1856827 232.2518 
  -0.09473035 232.2518 
  0.1057248 232.2518 
  0.03312809 232.2518 
  0.03983408 232.2518 
  0.01245599 232.2518 
  -0.02472226 232.2518 
  -0.08803405 232.2518 
  -0.01511906 232.2518 
  -0.01853151 232.2518 
  -0.008533843 232.2518 
  0.01451395 232.2518 
  0.07435813 232.2518 
  0.1646904 232.2518 
  0.2457702 232.2518 
  0.1245365 232.2518 
  0.06499104 232.2518 
  0.1004157 232.2518 
  -0.3753943 232.2518 
  -0.3848778 232.2518 
  -0.2118135 232.2518 
  -0.007171394 232.2518 
  0.09607455 232.2518 
  0.02219855 232.2518 
  -0.1283277 232.2518 
  0.008740721 232.2518 
  0.07314234 232.2518 
  0.02003884 232.2518 
  -0.01279339 232.2518 
  -0.1410793 232.2518 
  -0.06823806 232.2518 
  0.01618188 232.2518 
  0.01875321 232.2518 
  0.2126642 232.2518 
  0.3355987 232.2518 
  0.3535243 232.2518 
  0.2555098 232.2518 
  0.1390998 232.2518 
  0.0304361 232.2518 
  -0.1724952 232.2518 
  -0.1341305 232.2518 
  -0.1061273 232.2518 
  0.01991637 232.2518 
  -0.0004192786 232.2518 
  0.2188622 232.2518 
  0.04499058 232.2518 
  -0.2291328 232.2518 
  -0.4855615 232.2518 
  -0.512255 232.2518 
  -0.5859432 232.2518 
  -0.3229092 232.2518 
  -0.1105334 232.2518 
  0.05796762 232.2518 
  0.05138197 232.2518 
  0.1732948 232.2518 
  -0.07408987 232.2518 
  -0.03187549 232.2518 
  0.3554784 232.2518 
  0.4032926 232.2518 
  0.4092095 232.2518 
  0.3615062 232.2518 
  0.3545724 232.2518 
  0.07944001 232.2518 
  -0.1793962 232.2518 
  -0.02477135 232.2518 
  0.5822596 232.2518 
  0.896805 219.853 
  0.9253621 216.5879 
  0.9685382 214.4382 
  0.9896193 210.2025 
  0.9877269 206.0505 
  0.9842075 202.9904 
  0.9898287 200.9756 
  0.9918979 198.9809 
  0.9871992 197.0059 
  0.9889412 195.0505 
  0.9460147 191.1978 
  0.9451113 186.4887 
  0.6549168 180.0902 
  0.4030671 244.1292 
  0.6010332 236.9318 
  0.5505164 226.5316 
  0.1565793 213.3714 
  0.1468005 196.0257 
  0.5116206 180.0902 
  0.7733003 180.0902 
  0.5433675 192.1537 
  0.7796801 207.0808 
  0.980443 216.5879 
  0.9928132 222.057 
  0.9936919 225.4046 
  0.9983698 227.6642 
  0.9994632 229.9466 
  0.9976628 231.0963 
  0.9976307 233.4131 
  0.9983406 234.5801 
  0.9990153 235.753 
  0.9984823 235.753 
  0.9909678 234.5801 
  0.9806429 229.9466 
  0.9547061 223.1673 
  0.9388778 214.4382 
  0.9354223 207.0808 
  0.9126403 201.9805 
  0.8516166 199.9758 
  0.6202081 198.9809 
  0.3157707 197.9909 
  0.7916652 197.0059 
  0.9324772 196.0257 
  0.9705139 197.0059 
  0.9860263 198.9809 
  0.9961931 199.9758 
  0.9968407 199.9758 
  0.9959082 198.9809 
  0.9967027 197.9909 
  0.9958525 196.0257 
  0.9964927 194.0801 
  0.9974084 193.1145 
  0.9970787 192.1537 
  0.9965664 192.1537 
  0.9952825 193.1145 
  0.9919906 191.1978 
  0.9845046 189.3 
  0.9915829 187.4211 
  0.9971205 187.4211 
  0.9970545 187.4211 
  0.995726 186.4887 
  0.9916868 186.4887 
  0.985296 184.6377 
  0.9450737 183.7191 
  0.8874073 182.8051 
  0.3441015 182.8051 
  0.2662046 182.8051 
  -0.4148714 182.8051 
  -0.1139585 182.8051 
  0.0290037 182.8051 
  0.2358696 182.8051 
  0.1970431 182.8051 
  0.1383074 183.7191 
  -0.011732 185.5609 
  -0.1777442 188.3582 
  0.7322839 190.2465 
  0.8717833 187.4211 
  0.945389 186.4887 
  0.983562 184.6377 
  0.9643228 182.8051 
  0.9426689 178.3027 
  0.9209048 174.7808 
  0.5341009 173.046 
  0.05936685 173.046 
  0.0008983418 173.9112 
  -0.1407234 175.6547 
  0.1397091 177.4156 
  0.09534177 178.3027 
  0.06503191 180.0902 
  0.2059965 181.8956 
  0.3882806 183.7191 
  0.08877116 185.5609 
  0.05672213 187.4211 
  0.002050072 189.3 
  -0.1204965 191.1978 
  0.762563 193.1145 
  0.9093634 193.1145 
  0.9681183 193.1145 
  0.9902198 193.1145 
  0.9837644 191.1978 
  0.9901217 191.1978 
  0.9903982 190.2465 
  0.9883072 188.3582 
  0.9917426 187.4211 
  0.9947355 185.5609 
  0.9896201 183.7191 
  0.9901351 181.8956 
  0.9882222 180.0902 
  0.9890943 179.1942 
  0.9807453 178.3027 
  0.971032 177.4156 
  0.9762547 178.3027 
  0.9760742 177.4156 
  0.9294805 175.6547 
  0.9012859 173.046 
  0.7880611 170.476 
  0.9255838 168.784 
  0.9029508 167.1087 
  0.8990176 165.4501 
  0.8948674 163.8079 
  0.8835515 162.182 
  0.8514795 160.5723 
  0.8267673 158.9785 
  0.7224754 158.1876 
  0.09036665 157.4006 
  0.1309911 156.6175 
  0.2217199 155.063 
  0.6333436 153.5239 
  0.8133447 154.2915 
  0.9146332 158.1876 
  0.9473797 160.5723 
  0.9772396 162.9929 
  0.9856696 163.8079 
  0.9910272 164.6269 
  0.9961582 165.4501 
  0.9975194 164.6269 
  0.9969925 163.8079 
  0.9976358 163.8079 
  0.9969982 163.8079 
  0.9922099 162.9929 
  0.9913745 162.9929 
  0.9965557 162.182 
  0.9952487 161.3751 
  0.9944885 161.3751 
  0.9917119 161.3751 
  0.9962332 162.182 
  0.9941239 162.9929 
  0.9940093 162.9929 
  0.9933391 162.182 
  0.9934788 161.3751 
  0.9967167 161.3751 
  0.9969207 160.5723 
  0.987263 161.3751 
  0.974883 162.9929 
  0.9888727 164.6269 
  0.9934354 165.4501 
  0.9531343 164.6269 
  0.9045743 162.9929 
  0.8934149 160.5723 
  0.7094877 158.9785 
  0.4183536 158.1876 
  0.2494136 158.1876 
  0.0970836 158.1876 
  0.07136695 158.1876 
  -0.06691977 158.1876 
  0.04971385 158.1876 
  0.2098522 158.1876 
  0.1656717 158.1876 
  0.009361396 158.1876 
  -0.01353688 158.1876 
  0.1174695 158.1876 
  0.06657179 158.1876 
  -0.04179466 158.1876 
  0.1407497 158.1876 
  0.1525506 158.1876 
  -0.005758323 158.1876 
  -0.02322355 158.1876 
  -0.09502434 158.1876 ]
