 [
  0.03676827 259.1866 
  0.2854791 259.1866 
  -0.03025218 259.1866 
  0.1640289 259.1866 
  0.2602793 259.1866 
  0.08822735 259.1866 
  0.1064001 259.1866 
  0.1027102 259.1866 
  0.1115958 259.1866 
  -0.032946 259.1866 
  -0.04287745 259.1866 
  0.2806024 259.1866 
  0.3580503 259.1866 
  0.2950023 259.1866 
  0.3339752 249.0485 
  0.5661777 245.3498 
  0.9350969 246.5766 
  0.9710293 245.3498 
  0.930367 244.1292 
  0.6294999 245.3498 
  0.3585236 247.8095 
  0.1734173 250.2938 
  0.02451382 254.067 
  0.3976623 257.8971 
  0.06570486 261.7849 
  -0.117654 265.7313 
  0.6943151 269.7372 
  0.9485083 272.4414 
  0.9697157 275.1726 
  0.9774792 280.7175 
  0.982465 287.806 
  0.9705458 295.0734 
  0.9672059 302.5244 
  0.952035 311.7143 
  0.9595188 322.7894 
  0.9819825 332.5949 
  0.9804323 335.9292 
  0.9738573 335.9292 
  0.9851956 339.2969 
  0.9899669 347.8645 
  0.9887437 358.4318 
  0.9885966 367.4827 
  0.9894043 374.8877 
  0.9899167 380.5392 
  0.9910065 384.3541 
  0.98397 386.2758 
  0.9855108 386.2758 
  0.9861432 384.3541 
  0.9857782 380.5392 
  0.9847136 374.8877 
  0.9868677 367.4827 
  0.9923478 362.0251 
  0.9966496 356.6486 
  0.9954174 354.8742 
  0.9963992 349.6039 
  0.994983 347.8645 
  0.9908981 344.4118 
  0.9810507 337.6089 
  0.9653333 327.6555 
  0.9299421 317.9955 
  0.8791389 308.6204 
  0.9273935 301.0193 
  0.9105706 295.0734 
  0.9016248 290.6912 
  0.9385142 287.806 
  0.9661754 287.806 
  0.9475095 289.245 
  0.8933555 292.1447 
  0.6813728 295.0734 
  -0.1313297 299.5217 
  -0.01628811 304.037 
  -0.142153 308.6204 
  0.1290192 313.2729 
  0.680741 317.9955 
  0.8735116 317.9955 
  0.9889169 314.8393 
  0.9956623 313.2729 
  0.9940672 311.7143 
  0.9975967 308.6204 
  0.9986285 307.085 
  0.9991898 305.5572 
  0.9984154 305.5572 
  0.987445 305.5572 
  0.982075 305.5572 
  0.9962212 304.037 
  0.9838222 302.5244 
  0.9441074 301.0193 
  0.9105251 299.5217 
  0.9927764 296.5488 
  1.000329 295.0734 
  1.000322 293.6054 
  0.999325 292.1447 
  0.9990875 290.6912 
  0.996255 287.806 
  0.9911793 284.9493 
  0.9869635 280.7175 
  0.9821675 277.9312 
  0.9555693 273.8036 
  0.9671848 272.4414 
  0.9847134 269.7372 
  0.9885232 268.3953 
  0.9901317 264.4093 
  0.985745 261.7849 
  0.9728891 257.8971 
  0.979538 254.067 
  0.9929435 250.2938 
  0.9954036 247.8095 
  0.9966899 247.8095 
  0.9487584 250.2938 
  0.9008228 256.614 
  0.9655379 267.06 
  0.96453 269.7372 
  0.9427549 269.7372 
  0.5485278 269.7372 
  0.08247084 271.0859 
  0.097212 272.4414 
  0.006462836 272.4414 
  0.1628042 272.4414 
  0.1427001 272.4414 
  0.01376111 272.4414 
  0.05143495 272.4414 
  0.05314079 272.4414 
  0.2617805 272.4414 
  0.7038302 272.4414 
  0.8798972 272.4414 
  0.9395021 271.0859 
  0.9767804 269.7372 
  0.9772127 267.06 
  0.9761354 264.4093 
  0.9853779 265.7313 
  0.9951262 265.7313 
  0.9871128 264.4093 
  0.9822572 263.0938 
  0.9825089 261.7849 
  0.9853098 259.1866 
  0.9802433 257.8971 
  0.9325002 257.8971 
  0.8310423 260.4825 
  0.9350565 265.7313 
  0.9817138 271.0859 
  0.9839244 273.8036 
  0.9889719 275.1726 
  0.9829743 275.1726 
  0.9621168 273.8036 
  0.8994497 269.7372 
  0.5397959 269.7372 
  -0.1166996 269.7372 
  0.1805563 268.3953 
  0.1232769 268.3953 
  0.1120341 268.3953 
  0.2174637 267.06 
  0.08303471 267.06 
  -0.1991415 267.06 
  0.2152307 265.7313 
  -0.02974009 264.4093 
  0.04653066 263.0938 
  0.3304203 261.7849 
  0.7950282 260.4825 
  0.7414628 247.8095 
  0.810642 236.9318 
  0.8235354 228.8026 
  0.8789521 223.1673 
  0.965223 218.7592 
  0.9927635 216.5879 
  0.9901529 215.5104 
  0.9740627 213.3714 
  0.9614639 210.2025 
  0.9681534 207.0808 
  0.9699447 204.0054 
  0.9782074 201.9805 
  0.9612209 200.9756 
  0.958495 201.9805 
  0.9349908 202.9904 
  0.9055355 198.9809 
  0.8695558 195.0505 
  0.3211088 195.0505 
  -0.492245 196.0257 
  -0.7725663 197.0059 
  -0.0103739 197.9909 
  0.2144252 198.9809 
  0.4239 199.9758 
  0.05870684 200.9756 
  0.03263537 201.9805 
  0.07809797 202.9904 
  -0.1258696 204.0054 
  -0.1691121 205.0254 
  -0.07432436 206.0505 
  -0.01907672 207.0808 
  0.1277164 208.1162 
  -0.1174357 209.1568 
  0.632345 211.2535 
  0.7942973 217.6709 
  0.9268982 223.1673 
  0.9881344 225.4046 
  0.9896463 224.2832 
  0.9807065 222.057 
  0.9172636 220.9523 
  0.8209591 219.853 
  0.8632978 218.7592 
  0.7416726 217.6709 
  0.7475386 216.5879 
  0.8287795 216.5879 
  0.8456274 216.5879 
  0.8488407 212.3098 
  0.9227383 208.1162 
  0.9525835 205.0254 
  0.9013809 206.0505 
  0.7533522 210.2025 
  0.8270012 214.4382 
  0.7281296 218.7592 
  0.735205 223.1673 
  0.7883484 227.6642 
  0.8273666 233.4131 
  -0.4271853 239.307 
  -0.1804401 244.1292 
  0.02126619 249.0485 
  0.8932906 252.8029 
  0.9615459 256.614 
  0.9880525 260.4825 
  0.9808152 265.7313 
  0.969273 271.0859 
  0.9697613 277.9312 
  0.9845577 283.5317 
  0.986046 287.806 
  0.9666799 290.6912 
  0.8683321 289.245 
  0.7461583 284.9493 
  0.7849451 282.1211 
  0.8325523 280.7175 
  0.8729863 279.3209 
  0.9668024 277.9312 
  0.9913336 277.9312 
  0.9973963 276.5485 
  0.9961129 276.5485 
  0.9957983 275.1726 
  0.996902 272.4414 
  0.9972102 268.3953 
  0.8657872 263.0938 
  0.638441 255.3373 
  0.7348918 249.0485 
  0.9322139 244.1292 
  0.9345135 238.1164 
  0.9097009 231.0963 
  0.96937 225.4046 
  0.9944408 223.1673 
  0.9971909 223.1673 
  0.9974332 222.057 
  0.9984162 222.057 
  0.9977297 223.1673 
  0.9938627 224.2832 
  0.9885778 225.4046 
  0.9847681 226.5316 
  0.9758622 229.9466 
  0.9600955 232.2518 
  0.9372201 234.5801 
  0.9114423 236.9318 
  0.7951452 235.753 
  0.5911483 231.0963 
  0.3418127 226.5316 
  0.7207597 222.057 
  0.2008127 217.6709 
  0.3839134 213.3714 
  0.2462834 209.1568 
  0.301823 205.0254 
  0.1659719 200.9756 
  0.4497204 196.0257 
  0.4613158 195.0505 
  0.5865709 194.0801 
  0.5220876 193.1145 
  0.4592887 190.2465 
  0.4380042 189.3 
  0.5695089 194.0801 
  0.7138103 200.9756 
  0.7465646 209.1568 
  0.9317491 216.5879 
  0.9636218 219.853 
  0.9378707 218.7592 
  0.915115 217.6709 
  0.9748871 217.6709 
  0.9575573 217.6709 
  0.8955617 218.7592 
  0.6706771 223.1673 
  0.1442322 229.9466 
  0.4694418 236.9318 
  0.5791667 245.3498 
  0.7163308 251.5452 
  0.7602025 256.614 
  0.7633705 263.0938 
  0.7394137 263.0938 
  0.6203592 264.4093 
  0.4092749 272.4414 
  0.07919306 268.3953 
  0.6304405 220.9523 
  0.9749351 224.2832 
  0.9838651 227.6642 
  0.9831095 229.9466 
  0.9778876 232.2518 
  0.9798787 235.753 
  0.9797268 239.307 
  0.9759325 242.9146 
  0.985456 246.5766 
  0.9751167 251.5452 
  0.9823507 255.3373 
  0.9908738 259.1866 
  0.9957354 261.7849 
  0.9959058 264.4093 
  0.9962239 265.7313 
  0.9966161 268.3953 
  0.9963895 271.0859 
  0.9959934 272.4414 
  0.9965413 272.4414 
  0.9909495 272.4414 
  0.9888246 268.3953 
  0.9880114 265.7313 
  0.9930699 261.7849 
  0.9930547 260.4825 
  0.9951657 257.8971 
  0.9934433 257.8971 
  0.9951701 256.614 
  0.9824724 257.8971 
  0.9638548 256.614 
  0.8868737 255.3373 
  0.7838174 255.3373 
  -0.01998299 256.614 
  0.1999039 257.8971 
  0.2171497 259.1866 
  0.05853383 260.4825 
  0.04771279 261.7849 
  0.07725409 263.0938 
  -0.07327226 264.4093 
  -0.1190801 265.7313 
  0.1583482 267.06 
  0.581716 267.06 
  0.7854174 254.067 
  0.8712658 250.2938 
  0.9632595 245.3498 
  0.9928307 242.9146 
  0.9942234 241.7061 
  0.9948485 240.5036 
  0.9917939 239.307 
  0.9920404 236.9318 
  0.9854137 235.753 
  0.9794565 233.4131 
  0.9478201 229.9466 
  0.9217868 226.5316 
  0.8693919 218.7592 
  0.967288 217.6709 
  0.9571549 216.5879 
  0.931448 213.3714 
  0.9477002 208.1162 
  0.9719951 204.0054 
  0.9832079 201.9805 
  0.9837774 199.9758 
  0.9810202 197.9909 
  0.9992065 196.0257 
  0.9973682 195.0505 
  0.9921163 195.0505 
  0.9949459 195.0505 
  0.9933696 194.0801 
  0.9889964 193.1145 
  0.9803623 193.1145 
  0.9571569 194.0801 
  0.8737001 197.0059 
  0.8344283 200.9756 
  0.4827926 205.0254 
  0.03242607 209.1568 
  -0.05532522 213.3714 
  0.02146849 217.6709 
  0.1935501 220.9523 
  0.1867261 224.2832 
  0.5755361 227.6642 
  0.6803107 232.2518 
  0.7257232 235.753 
  0.7876656 238.1164 
  0.6258031 240.5036 
  0.3220039 242.9146 
  0.44006 246.5766 
  0.1162115 245.3498 
  0.1208432 241.7061 
  0.3488836 226.5316 
  0.8325827 222.057 
  0.8965628 220.9523 
  0.7145379 222.057 
  0.09748632 223.1673 
  -0.02797706 225.4046 
  0.2950886 226.5316 
  0.2601923 227.6642 
  0.1087009 228.8026 
  0.03993106 229.9466 
  0.03932294 231.0963 
  -0.1341026 232.2518 
  -0.1305352 233.4131 
  -0.1355558 234.5801 
  -0.1764693 235.753 
  -0.1297835 236.9318 
  0.05049112 238.1164 
  -0.1146072 239.307 
  -0.009023548 240.5036 
  0.160044 242.9146 
  0.6303625 245.3498 
  0.6437395 231.0963 
  0.7251357 225.4046 
  0.9068878 220.9523 
  0.7770773 213.3714 
  0.886462 208.1162 
  0.98752 206.0505 
  0.991206 205.0254 
  0.9761359 206.0505 
  0.9624671 207.0808 
  0.968663 209.1568 
  0.9188781 211.2535 
  0.9259671 215.5104 
  0.8779132 216.5879 
  0.7609426 215.5104 
  0.3076165 213.3714 
  0.1111526 212.3098 
  0.002205339 211.2535 
  -0.00364667 210.2025 
  -0.01214786 209.1568 
  -0.0007685875 208.1162 
  -0.01636387 207.0808 
  -0.07129844 206.0505 
  0.2232906 204.0054 
  0.3841511 201.9805 
  0.6932226 200.9756 
  0.7377003 198.9809 
  0.9618728 197.9909 
  0.9534134 197.0059 
  0.831503 196.0257 
  0.6164045 195.0505 
  0.451623 194.0801 
  -0.2261751 193.1145 
  0.77282 192.1537 
  0.76182 189.3 
  0.9070348 185.5609 
  0.9832855 183.7191 
  0.9919867 181.8956 
  0.997296 181.8956 
  0.9921737 182.8051 
  0.9928646 183.7191 
  0.9805781 184.6377 
  0.8904964 187.4211 
  0.7752723 191.1978 
  0.7194921 196.0257 
  0.5446233 197.9909 
  0.7534051 198.9809 
  0.7839651 198.9809 
  0.7981265 198.9809 
  0.4271791 198.9809 
  -0.009733233 198.9809 
  -0.03550601 198.9809 
  -0.3425164 198.9809 
  -0.4541368 198.9809 
  -0.1004093 198.9809 
  -0.09925084 198.9809 
  -0.0858531 198.9809 
  -0.2076028 198.9809 
  -0.2495399 198.9809 
  -0.06931083 198.9809 
  -0.03120171 198.9809 
  -0.1662705 198.9809 
  -0.1408743 198.9809 
  -0.14777 198.9809 
  -0.1846764 198.9809 
  -0.199924 198.9809 
  -0.2134296 198.9809 
  -0.1767345 198.9809 ]
