 [
  0.01860756 280.7175 
  0.1550197 280.7175 
  0.3377872 280.7175 
  0.1195112 280.7175 
  0.06088645 280.7175 
  0.02601507 280.7175 
  -0.01891952 280.7175 
  0.5131854 280.7175 
  0.4769121 280.7175 
  0.3180693 280.7175 
  0.3350286 280.7175 
  0.1777737 280.7175 
  -0.002560055 280.7175 
  0.0953462 280.7175 
  0.7483351 280.7175 
  0.239047 272.4414 
  0.4395149 267.06 
  0.8080283 261.7849 
  0.8633603 260.4825 
  0.9261523 259.1866 
  0.9630674 255.3373 
  0.9166838 251.5452 
  0.6548746 252.8029 
  0.2855172 255.3373 
  0.1718241 256.614 
  -0.1125562 257.8971 
  0.002578925 259.1866 
  -0.007991634 260.4825 
  -0.0872404 263.0938 
  0.6242245 265.7313 
  0.8204871 264.4093 
  0.8067492 254.067 
  0.8253565 241.7061 
  0.8946195 227.6642 
  0.9277537 217.6709 
  0.9089833 210.2025 
  0.8280779 207.0808 
  0.119904 207.0808 
  -0.1418037 208.1162 
  -0.1973545 209.1568 
  0.01461628 210.2025 
  0.09863162 212.3098 
  0.484529 213.3714 
  0.5511117 215.5104 
  -0.1403076 217.6709 
  0.05874287 218.7592 
  0.3317892 219.853 
  0.50528 220.9523 
  0.7334255 205.0254 
  0.8062029 199.9758 
  0.9425189 196.0257 
  0.9460095 192.1537 
  0.9258116 189.3 
  0.6122535 197.0059 
  -0.1617931 205.0254 
  0.4411744 213.3714 
  0.1107396 223.1673 
  0.0168196 233.4131 
  -0.05352349 244.1292 
  0.1798159 255.3373 
  0.1458746 265.7313 
  0.2001889 277.9312 
  0.1997052 292.1447 
  0.8236953 310.1635 
  0.9284464 311.7143 
  0.9608818 307.085 
  0.9858292 305.5572 
  0.9891952 305.5572 
  0.9917104 308.6204 
  0.9934154 310.1635 
  0.9874545 310.1635 
  0.9739513 305.5572 
  0.9637946 301.0193 
  0.8686448 298.0316 
  0.03927002 296.5488 
  0.1259519 295.0734 
  0.2812766 293.6054 
  0.2110634 292.1447 
  0.1085401 290.6912 
  0.1156068 289.245 
  0.1337391 287.806 
  0.5951388 286.3741 
  0.7573042 269.7372 
  0.8569651 261.7849 
  0.8814858 252.8029 
  0.8622915 241.7061 
  0.843499 228.8026 
  0.8481783 214.4382 
  0.9623718 206.0505 
  0.9802797 201.9805 
  0.9405137 197.0059 
  0.9525454 191.1978 
  0.9879569 187.4211 
  0.98822 184.6377 
  0.9840329 182.8051 
  0.9947823 180.9906 
  0.9985291 180.0902 
  0.9969916 180.0902 
  0.9966504 180.9906 
  0.9848462 181.8956 
  0.966643 182.8051 
  0.9636083 183.7191 
  0.9922121 181.8956 
  0.9955776 180.9906 
  0.9900783 181.8956 
  0.9928898 183.7191 
  0.9951638 184.6377 
  0.9988969 185.5609 
  1.000538 186.4887 
  0.9997845 186.4887 
  0.9792746 185.5609 
  0.943401 184.6377 
  0.8669173 184.6377 
  0.3635604 188.3582 
  0.5776636 192.1537 
  0.4294428 196.0257 
  0.05263941 199.9758 
  -0.1304599 204.0054 
  -0.1189971 208.1162 
  0.09640163 212.3098 
  -0.1066756 216.5879 
  0.1180191 220.9523 
  -0.08174448 224.2832 
  -0.01426762 227.6642 
  0.04549289 231.0963 
  0.5732682 234.5801 
  0.9106355 229.9466 
  0.938008 227.6642 
  0.978256 224.2832 
  0.9871299 218.7592 
  0.9875515 215.5104 
  0.9972533 213.3714 
  0.9986345 212.3098 
  0.9977596 212.3098 
  0.9933015 211.2535 
  0.9794948 208.1162 
  0.9839813 206.0505 
  0.9907097 205.0254 
  0.9948696 205.0254 
  0.9967322 206.0505 
  0.9996619 206.0505 
  0.9978312 205.0254 
  0.9940603 205.0254 
  0.9916627 204.0054 
  0.9859877 202.9904 
  0.9839553 202.9904 
  0.996668 201.9805 
  0.9933593 200.9756 
  0.9796001 199.9758 
  0.9711111 198.9809 
  0.9737061 197.9909 
  0.963026 197.9909 
  0.894064 199.9758 
  0.7777158 202.9904 
  0.6082729 206.0505 
  0.1849957 209.1568 
  0.122028 212.3098 
  0.1690648 215.5104 
  0.05697785 218.7592 
  0.1294354 222.057 
  0.00768403 225.4046 
  0.04606283 228.8026 
  -0.06571919 232.2518 
  0.6648702 235.753 
  0.8191262 232.2518 
  0.6062636 225.4046 
  0.6718192 223.1673 
  0.4612519 217.6709 
  0.5346568 210.2025 
  0.7214788 213.3714 
  0.8519345 214.4382 
  0.9309209 216.5879 
  0.7994233 216.5879 
  0.3847565 218.7592 
  0.17847 195.0505 
  0.354641 184.6377 
  0.3195772 181.8956 
  0.2337687 188.3582 
  0.3392596 193.1145 
  0.4000305 194.0801 
  0.01759727 195.0505 
  -0.164251 196.0257 
  -0.1628141 197.0059 
  -0.2260554 197.9909 
  -0.2260051 198.9809 
  -0.02416033 199.9758 
  0.08472551 200.9756 
  0.09723869 200.9756 
  -0.0309462 200.9756 
  0.07983878 200.9756 
  0.2604952 200.9756 
  0.7170632 199.9758 
  0.8765752 197.9909 
  0.9423808 195.0505 
  0.9800837 193.1145 
  0.9846972 191.1978 
  0.9861023 190.2465 
  0.9801796 189.3 
  0.9689518 187.4211 
  0.9392751 184.6377 
  0.9517355 182.8051 
  0.9852127 180.9906 
  0.9935159 180.0902 
  0.9838747 180.0902 
  0.9819736 179.1942 
  0.9608853 178.3027 
  0.9248842 176.533 
  0.8552896 175.6547 
  0.5009193 176.533 
  -0.287921 177.4156 
  0.004822329 178.3027 
  0.03047941 179.1942 
  -0.09035152 180.0902 
  -0.07693151 180.9906 
  0.06804927 181.8956 
  0.106897 182.8051 
  0.1133056 183.7191 
  0.1492509 184.6377 
  -0.04045061 185.5609 
  -0.0846902 186.4887 
  -0.06979167 187.4211 
  0.03869832 188.3582 
  0.193776 189.3 
  0.3789698 190.2465 
  0.7931992 191.1978 
  0.857196 190.2465 
  0.9357599 187.4211 
  0.9571524 184.6377 
  0.9447353 181.8956 
  0.9397858 179.1942 
  0.8885051 177.4156 
  0.8585553 175.6547 
  0.8195648 173.9112 
  0.7491645 173.046 
  0.7225039 172.185 
  0.6345596 172.185 
  0.5773243 172.185 
  0.3805684 172.185 
  0.3950019 172.185 
  0.2738659 172.185 
  0.1231135 172.185 
  0.006440397 172.185 
  0.0028287 172.185 
  -0.03508912 172.185 
  -0.2292102 172.185 
  -0.1094316 172.185 
  0.01222101 172.185 
  -0.2617305 172.185 ]
