 [
  -0.06136331 107.7421 
  -0.0220696 107.7421 
  -0.04915323 107.7421 
  -0.1547504 107.7421 
  0.04563474 107.7421 
  0.1634125 107.7421 
  0.2698 107.7421 
  -0.06882119 107.7421 
  -0.2614363 107.7421 
  -0.1578707 107.7421 
  -0.1877138 107.7421 
  0.0656827 107.7421 
  0.07690471 107.7421 
  0.8414361 108.2809 
  0.8991235 107.2061 
  0.9186224 106.6728 
  0.9696858 106.6728 
  0.9591449 107.2061 
  0.9142944 108.8223 
  0.950374 111.0151 
  0.9868306 112.128 
  0.9924452 112.6886 
  0.9963927 113.2521 
  0.9974439 113.2521 
  0.9947723 113.2521 
  0.9935827 113.2521 
  0.9919832 113.2521 
  0.9906744 112.6886 
  0.9731001 112.128 
  0.9380392 110.4628 
  0.9310389 108.8223 
  0.9498044 107.2061 
  0.9505628 106.142 
  0.9384963 105.0885 
  0.9459534 104.0455 
  0.9738696 103.5278 
  0.9655164 103.0128 
  0.9286081 102.5003 
  0.9623584 101.4829 
  0.9311852 100.978 
  0.809349 99.97575 
  0.649796 98.491 
  0.6849532 97.02828 
  0.4489121 97.02828 
  0.08006713 98.491 
  0.2128653 99.97575 
  0.09601689 101.4829 
  0.08125131 103.0128 
  0.08533601 104.5657 
  -0.08382037 106.142 
  -0.09848803 107.7421 
  0.2009252 109.3664 
  0.05289568 110.4628 
  -0.09927181 111.5702 
  0.04530182 112.6886 
  0.03735851 113.8184 
  0.6161793 114.9594 
  0.595228 111.5702 
  0.7755044 109.3664 
  0.9885229 108.2809 
  0.9823593 108.8223 
  0.9590417 108.8223 
  0.9305076 108.8223 
  0.8917151 108.2809 
  0.8505003 107.7421 
  0.8170785 106.6728 
  0.6044372 106.142 
  0.3703486 100.978 
  0.460371 99.47836 
  0.155833 100.4756 
  0.1334476 101.4829 
  -0.255547 103.0128 
  -0.248649 104.5657 
  0.1356076 106.142 
  0.2495421 107.7421 
  0.1292381 108.8223 
  0.298622 109.9132 
  0.1991572 111.0151 
  0.4066399 106.142 
  0.8227693 103.5278 
  0.6719462 100.4756 
  0.5956607 96.06523 
  0.1796932 94.63854 
  -0.2206689 95.5873 
  -0.2428164 97.02828 
  0.3282867 98.491 
  0.7800158 100.4756 
  0.8748271 102.5003 
  0.7749374 100.4756 
  0.7775773 99.97575 
  0.8462167 98.98344 
  0.839368 98.491 
  0.7995263 98.00098 
  0.8761026 98.491 
  0.9683701 99.47836 
  0.958649 99.47836 
  0.9710774 98.98344 
  0.9875072 98.98344 
  0.8814036 99.47836 
  0.8564757 99.97575 
  0.8539515 101.4829 
  0.9169817 101.9903 
  0.9281677 101.9903 
  0.9046 101.4829 
  0.9195588 100.978 
  0.9158473 100.4756 
  0.8894664 99.47836 
  0.8925929 99.47836 
  0.8874888 98.98344 
  0.9135357 98.491 
  0.9228353 98.00098 
  0.875011 97.51342 
  0.8182456 97.02828 
  0.782415 95.5873 
  0.8051069 93.6992 
  0.9170935 94.1677 
  0.964198 95.11173 
  0.9679319 96.06523 
  0.9752524 96.54556 
  0.9506724 97.51342 
  0.9717168 98.491 
  0.9549804 99.47836 
  0.4301564 103.5278 
  0.7475214 106.6728 
  0.8828406 107.2061 
  0.9578894 107.7421 
  0.9395283 107.7421 
  0.8984672 108.8223 
  0.870782 109.9132 
  0.9251623 111.5702 
  0.9623585 112.128 
  0.9805501 112.6886 
  0.9922367 113.2521 
  0.9748681 113.2521 
  0.797552 111.0151 
  0.6760446 108.8223 
  0.2132481 111.5702 
  0.1730077 111.5702 
  0.06057829 110.4628 
  0.005950746 108.8223 
  -0.0510555 106.6728 
  -0.07919468 104.5657 
  -0.1096701 101.9903 
  0.03810588 98.491 
  0.7494216 97.51342 
  0.9514834 98.00098 
  0.9835204 97.51342 
  0.9610925 96.06523 
  0.9693198 94.63854 
  0.9631019 93.23304 
  0.9875604 91.84841 
  0.8974279 90.03418 
  0.4874997 87.8167 
  0.2756814 86.0821 
  0.1981121 84.80367 
  0.4259845 85.65383 
  0.3686338 86.94508 
  0.0141685 88.69706 
  -0.1208475 90.48434 
  0.123583 92.7692 
  -0.003566881 94.63854 
  -0.1867781 97.02828 
  -0.04870756 99.47836 
  0.5903187 102.5003 
  0.7584277 101.9903 
  0.7313588 100.4756 
  0.8300245 98.98344 
  0.9250933 97.51342 
  0.8862133 97.02828 
  0.8407454 95.5873 
  0.8682575 93.6992 
  0.9100257 94.1677 
  0.9947223 95.5873 
  0.9932578 96.06523 
  0.9100926 97.02828 
  0.87165 96.06523 
  0.9767115 94.1677 
  0.9943076 93.6992 
  0.9955903 93.23304 
  0.996824 93.23304 
  0.996811 93.23304 
  0.9926286 93.23304 
  0.9937297 92.7692 
  0.9570857 92.30766 
  0.9187584 91.84841 
  0.9025531 90.93677 
  0.9037827 91.84841 
  0.9906594 92.7692 
  0.9728923 93.6992 
  0.907305 94.63854 
  0.8769391 94.63854 
  0.911337 93.6992 
  0.9608106 93.6992 
  0.9742529 93.6992 
  0.9783407 93.23304 
  0.9668218 93.23304 
  0.9322793 93.23304 
  0.7173879 92.30766 
  0.7987972 92.7692 
  0.8082724 93.6992 
  0.9010826 94.1677 
  0.9402816 94.1677 
  0.8780936 93.6992 
  0.814768 91.84841 
  0.6539501 90.03418 
  0.6402978 86.0821 
  -0.1854407 86.94508 
  -0.03784009 88.25578 
  -0.2951038 90.03418 
  -0.1646218 91.84841 
  -0.1118018 93.6992 
  -0.1699022 95.5873 
  -0.07129762 97.51342 
  -0.02229237 99.47836 
  0.009225952 101.4829 
  0.001482828 103.5278 
  -0.0007735039 105.0885 
  -0.04185143 106.6728 
  0.07617562 108.8223 
  0.1946992 110.4628 
  -0.08508491 112.6886 
  -0.2014301 115.5342 
  0.172256 117.8622 
  0.3648147 121.4426 
  0.4552953 107.2061 
  0.9548756 106.142 
  0.8622918 105.0885 
  0.7492864 104.0455 
  0.6882347 100.4756 
  0.4839528 94.63854 
  -0.05849435 95.5873 
  -0.1516077 96.54556 
  -0.112804 97.51342 
  -0.238823 98.491 
  -0.145779 99.47836 
  -0.07781402 100.4756 
  -0.0675512 101.4829 
  -0.1034303 102.5003 
  0.03986854 103.5278 
  0.001469532 104.5657 
  0.3807054 106.142 
  0.6974661 108.2809 
  0.6520796 103.0128 
  0.8984077 100.4756 
  0.7363479 98.98344 
  0.648214 96.06523 
  0.2045703 93.23304 
  0.2341381 92.7692 
  0.2267005 93.23304 
  0.4453782 94.1677 
  0.7937793 95.5873 
  0.7774376 94.63854 
  0.8694296 94.1677 
  0.9715904 93.6992 
  0.9903814 94.1677 
  0.9884822 94.1677 
  0.984527 93.23304 
  0.9870279 92.30766 
  0.9874274 91.84841 
  0.9333757 90.48434 
  0.9375443 89.14054 
  0.9622951 88.25578 
  0.9690129 88.25578 
  0.9657213 88.25578 
  0.9674041 88.69706 
  0.9520366 89.14054 
  0.9171065 89.58624 
  0.8418497 90.03418 
  0.8054755 90.48434 
  0.7555887 90.93677 
  0.665074 91.39146 
  0.5285888 91.84841 
  0.2134667 92.30766 
  0.3238312 92.30766 
  0.4422999 92.30766 
  0.50418 92.7692 
  0.2274847 93.23304 
  -0.03791086 93.23304 
  -0.07346322 93.6992 
  -0.1447027 94.1677 
  0.09705968 94.1677 
  0.1573842 94.63854 
  0.03048466 95.11173 
  -0.1644554 95.5873 
  -0.02929359 96.06523 
  -0.01994913 96.54556 
  0.1661884 97.02828 
  0.3036012 97.51342 
  0.1689374 98.00098 
  0.07245332 98.00098 
  0.02999472 98.00098 
  0.03315753 98.00098 
  0.0324612 98.00098 
  -0.1122924 98.491 
  0.05601837 98.98344 
  0.2516468 99.47836 
  0.1681934 99.97575 
  0.1275613 100.4756 
  -0.1429674 100.4756 
  0.09698476 100.978 
  -0.2611963 100.978 
  -0.03965194 100.978 
  0.2842637 101.4829 
  0.5374503 98.491 
  0.4562142 92.7692 
  0.9415445 91.84841 
  0.9654298 91.39146 
  0.9762407 91.39146 
  0.9659666 91.39146 
  0.7927302 90.93677 
  0.5838832 90.93677 
  0.5126155 92.7692 
  0.9643989 95.11173 
  0.958172 95.11173 
  0.953289 94.63854 
  0.9643595 94.1677 
  0.9459748 94.1677 
  0.9523488 94.63854 
  0.9749517 94.63854 
  0.9914373 94.1677 
  0.9968909 94.1677 
  0.9837837 94.63854 
  0.7809371 96.06523 
  0.4561746 103.0128 
  0.7377092 100.978 
  0.8333501 101.4829 
  0.9719306 101.9903 
  0.9685467 103.0128 
  0.9747499 103.5278 
  0.9893517 104.0455 
  0.9822952 103.5278 
  0.9842539 103.5278 
  0.9625844 103.0128 
  0.7833028 101.9903 
  0.8418152 98.98344 
  0.7867873 95.5873 
  0.5259476 94.1677 
  0.2441445 94.63854 
  -0.07064959 95.11173 
  -0.111151 95.5873 
  -0.01783773 96.06523 
  -0.06046862 96.54556 
  -0.1679514 97.02828 
  -0.07844083 97.51342 
  -0.2140502 98.00098 
  -0.2421277 98.491 
  0.1770345 98.98344 
  0.2419911 99.47836 
  -0.00357537 99.97575 
  -0.06427954 100.4756 
  -0.1153494 100.978 
  -0.3097895 101.4829 
  -0.2112349 101.9903 
  0.5669878 101.4829 
  0.3520488 100.4756 
  0.2422244 97.02828 
  0.7912139 92.30766 
  0.8813905 91.84841 
  0.9846646 92.30766 
  0.9951631 91.84841 
  0.9583973 92.30766 
  0.911293 93.6992 
  0.8616268 92.7692 
  0.9631681 91.84841 
  0.9847838 91.84841 
  0.9848149 91.84841 
  0.9129952 91.39146 
  0.8673143 90.93677 
  0.8319284 90.03418 
  0.9731634 90.48434 
  0.9960088 90.93677 
  0.9967626 90.93677 
  0.9973633 90.93677 
  0.9883813 91.39146 
  0.9942382 91.84841 
  0.9935879 92.30766 
  0.9930782 92.30766 
  0.5033158 93.23304 
  0.6846598 92.7692 
  0.8026326 93.6992 
  0.9309703 93.6992 
  0.9792689 93.6992 
  0.9769267 93.23304 
  0.9887339 93.23304 
  0.9815843 93.6992 
  0.9616861 93.6992 
  0.9398195 94.1677 
  0.9232948 94.63854 
  0.9052683 94.63854 
  0.8918223 95.11173 
  0.8766803 94.1677 
  0.8468682 93.23304 
  0.8894581 94.1677 
  0.9730707 94.1677 
  0.9785569 94.1677 
  0.9911772 94.1677 
  0.9950836 94.1677 
  0.9886645 93.6992 
  0.9836627 92.7692 
  0.9833926 91.84841 
  0.9718206 90.93677 
  0.840396 91.39146 
  0.5334092 92.30766 
  0.3989199 93.23304 
  0.1296508 93.6992 
  0.02556817 93.6992 
  0.04339208 93.6992 
  0.01349289 93.6992 
  0.01431972 94.1677 
  0.09146613 94.63854 
  0.1513909 94.63854 
  -0.01253854 94.63854 
  -0.03426759 94.63854 
  -0.1616645 94.63854 
  -0.1028503 94.63854 
  0.07567035 94.63854 
  0.6332912 94.63854 
  0.5770827 93.23304 
  0.6700215 91.39146 
  0.9898068 89.14054 
  0.9491715 88.25578 
  0.983792 87.3798 
  0.9237124 86.51251 
  0.7798072 85.2277 
  0.7334089 83.54424 
  0.865261 81.89403 
  0.5255104 82.3035 
  0.4858314 83.54424 
  0.7478855 84.80367 
  0.8100064 86.0821 
  0.7948419 86.94508 
  0.8028873 86.51251 
  0.8385719 86.51251 
  0.8883465 85.65383 
  0.9212707 84.38177 
  0.9439723 83.54424 
  0.9449374 83.12859 
  0.9312417 83.12859 
  0.9107335 83.54424 
  0.9102432 83.96195 
  0.8521186 83.96195 
  0.75515 83.96195 
  0.57191 83.96195 
  0.6365485 83.96195 
  0.3356956 83.96195 
  0.1515938 83.96195 
  0.009648518 83.96195 
  -0.174633 83.96195 
  -0.3639273 83.96195 
  -0.07166889 83.96195 
  0.00552568 83.96195 
  0.2961593 83.96195 ]
