 [
  0.05618201 78.29926 
  -0.1234172 78.29926 
  0.09903894 78.29926 
  0.2429853 78.29926 
  -0.03086123 78.29926 
  -0.1181841 78.29926 
  -0.1698875 78.29926 
  0.1035824 78.29926 
  0.1216976 78.29926 
  0.1697088 78.29926 
  0.04663512 78.29926 
  -0.0117261 78.29926 
  0.8032486 78.29926 
  0.6324843 76.3708 
  0.5355818 76.75266 
  0.587775 104.0455 
  0.9553236 104.5657 
  0.9411781 105.0885 
  0.9752601 105.614 
  0.9587313 105.0885 
  0.9022793 104.5657 
  0.7822543 103.0128 
  0.7201347 100.978 
  0.6350553 99.47836 
  0.9826138 101.9903 
  0.9898154 101.9903 
  0.9561883 103.0128 
  0.965366 104.0455 
  0.7223047 106.6728 
  0.7823417 107.7421 
  0.5982715 107.7421 
  0.6207392 107.2061 
  0.5380983 106.142 
  0.3159368 105.614 
  0.01539982 105.0885 
  0.0410815 104.5657 
  -0.03135068 103.5278 
  0.4808679 103.0128 
  0.6477042 106.142 
  0.4681074 111.5702 
  0.6155739 115.5342 
  0.6940681 118.4515 
  0.4206292 127.6532 
  0.8301551 128.9329 
  0.9219384 129.5776 
  0.9378267 129.5776 
  0.9607793 130.8766 
  0.9464338 132.1886 
  0.9365415 132.8496 
  0.9641522 133.5138 
  0.8772136 134.8523 
  0.8915733 134.8523 
  0.973482 134.8523 
  0.9806246 135.5266 
  0.976873 136.2042 
  0.9823018 136.8852 
  0.9513451 136.2042 
  0.9392183 135.5266 
  0.9579014 134.1814 
  0.9476043 132.8496 
  0.9608843 132.1886 
  0.9440227 131.531 
  0.9553987 130.8766 
  0.9613694 130.8766 
  0.9826735 131.531 
  0.9969729 131.531 
  0.998755 131.531 
  0.9980963 131.531 
  0.9948097 131.531 
  0.9901788 131.531 
  0.9873451 132.1886 
  0.9807028 132.8496 
  0.9803376 133.5138 
  0.9832255 133.5138 
  0.9877802 132.8496 
  0.981068 132.8496 
  0.974001 134.1814 
  0.9762311 134.1814 
  0.9630835 134.1814 
  0.9084907 133.5138 
  0.8396126 132.8496 
  0.6448948 132.8496 
  0.255273 133.5138 
  -0.0150594 134.1814 
  -0.1128059 134.8523 
  -0.09908222 135.5266 
  0.04024772 136.2042 
  -0.1680646 136.8852 
  -0.1166697 137.5696 
  -0.05726149 138.2575 
  -0.094109 138.9488 
  0.01179082 139.6435 
  0.09322728 139.6435 
  0.1203281 139.6435 
  -0.03293576 139.6435 
  0.7962793 138.9488 
  0.647074 130.2255 
  0.8247635 127.0181 
  0.8122303 125.1317 
  0.6316662 121.4426 
  0.6959525 118.4515 
  0.7188458 114.3874 
  0.9022162 112.6886 
  0.9554993 111.5702 
  0.9733009 111.0151 
  0.9351473 111.0151 
  0.8863422 111.5702 
  0.6960281 111.5702 
  0.560558 102.5003 
  0.4282116 101.4829 
  -0.3236921 101.4829 
  0.04255408 101.4829 
  0.09396403 101.4829 
  -0.02444677 101.4829 
  0.01455521 101.4829 
  -0.194798 101.4829 
  0.8203823 101.4829 
  0.433923 93.23304 
  0.6708235 90.03418 
  0.8370613 88.69706 
  0.8774284 87.3798 
  0.9021963 86.51251 
  0.9003484 85.65383 
  0.8380766 85.2277 
  0.6607739 84.38177 
  0.7373081 83.54424 
  0.674808 82.71502 
  0.64009 82.71502 
  0.5169804 83.96195 
  0.6091119 85.2277 
  0.6903782 86.51251 
  0.254063 88.25578 
  0.2226119 90.03418 
  0.1444102 91.84841 
  0.06209964 93.6992 
  0.2605449 95.5873 
  0.7437578 97.02828 
  0.8966858 97.02828 
  0.7212114 94.63854 
  0.5482562 91.84841 
  0.5744075 90.48434 
  0.756892 88.69706 
  0.4864946 86.94508 
  0.8424993 83.54424 
  0.692732 84.38177 
  0.8380601 84.38177 
  0.8896499 83.96195 
  0.9626933 83.54424 
  0.9745405 83.12859 
  0.8985417 83.12859 
  0.6390695 83.96195 
  0.2200602 85.2277 
  0.07612487 86.94508 
  0.02260736 88.69706 
  -0.04253756 90.48434 
  0.08957065 92.30766 
  0.1556194 93.6992 
  0.2062183 95.11173 
  0.2342147 96.54556 
  0.3406839 97.51342 
  0.05750123 98.491 
  -0.08677941 99.47836 
  -0.0655583 100.4756 
  0.07253063 101.4829 
  0.02631559 103.0128 
  0.02661951 104.5657 
  0.1230814 106.142 
  0.2094286 107.7421 
  0.05356658 109.3664 
  0.1381823 111.0151 
  0.7396191 112.128 
  0.5729119 109.9132 
  0.4641791 107.7421 
  0.5915993 104.5657 
  0.8059999 102.5003 
  0.8560848 100.978 
  0.9399776 99.97575 
  0.9817687 99.47836 
  0.9578497 98.98344 
  0.979607 98.98344 
  0.9773727 98.98344 
  0.9891942 99.47836 
  0.9661903 99.47836 
  0.9304561 100.4756 
  0.8739483 100.4756 
  0.6670396 100.978 
  0.414322 100.4756 
  0.5209492 102.5003 
  0.6395969 100.4756 
  0.7821897 101.4829 
  0.7948146 99.97575 
  0.7958087 100.4756 
  0.9087045 98.491 
  0.8066403 98.00098 
  0.8701044 96.06523 
  0.8243442 93.6992 
  0.5830408 91.84841 
  0.3966368 89.14054 
  0.5327793 88.25578 
  0.7706639 88.25578 
  0.9133912 89.14054 
  0.9365535 89.58624 
  0.9172295 90.03418 
  0.8222938 91.39146 
  0.8397166 93.23304 
  0.8220896 95.11173 
  0.7783552 96.54556 
  0.8140669 97.51342 
  0.8453476 97.51342 
  0.9251844 97.02828 
  0.9489442 97.02828 
  0.9564784 96.54556 
  0.947946 95.5873 
  0.9414096 94.1677 
  0.8273088 92.30766 
  0.7999063 89.58624 
  0.7391072 86.94508 
  0.6873498 84.38177 
  0.6701893 82.3035 
  0.7863883 81.4866 
  0.7463913 79.47963 
  0.9054112 77.13642 
  0.9468153 76.3708 
  0.928671 75.99085 
  0.9150394 75.99085 
  0.9093751 76.3708 
  0.9803854 77.13642 
  0.994168 77.13642 
  0.9897411 77.5221 
  0.9782733 77.90971 
  0.9930848 78.29926 
  0.9823408 78.69076 
  0.9603313 79.08421 
  0.9648888 79.47963 
  0.9360775 80.27641 
  0.910351 81.4866 
  0.9538122 82.3035 
  0.9267117 82.71502 
  0.9264622 82.71502 
  0.8616114 82.71502 
  0.6838197 82.71502 
  0.2453242 82.71502 
  -0.03140267 82.71502 
  -0.0953012 83.12859 
  -0.05506114 83.54424 
  0.1161882 83.96195 
  0.09250873 84.80367 
  0.02807557 85.65383 
  -0.2414679 86.51251 
  -0.2564593 87.3798 
  -0.05503506 88.25578 
  0.157288 89.14054 
  0.03441181 90.03418 
  -0.0215415 90.93677 
  0.2585383 91.84841 
  0.4906363 92.7692 
  0.6409341 93.6992 
  0.7712912 94.63854 
  0.8604404 95.11173 
  0.9323412 95.5873 
  0.9568671 95.5873 
  0.9697863 95.11173 
  0.970423 94.63854 
  0.8247864 94.63854 
  0.4455348 95.11173 
  0.7063007 93.23304 
  0.9778483 92.30766 
  0.979604 91.84841 
  0.9732981 91.84841 
  0.9440378 91.39146 
  0.9144269 90.03418 
  0.9265547 89.14054 
  0.9024667 88.69706 
  0.7849622 89.14054 
  0.5958763 88.69706 
  0.1462728 86.0821 
  0.590969 85.65383 
  0.6616776 85.65383 
  0.5178059 86.0821 
  0.3931807 86.94508 
  0.3512155 88.69706 
  0.6638805 91.39146 
  0.8613676 91.84841 
  0.9557507 90.48434 
  0.9694268 89.58624 
  0.9742042 88.69706 
  0.9176413 88.69706 
  0.7466928 88.25578 
  0.6748345 87.3798 
  0.5388016 87.3798 
  0.4734551 87.8167 
  0.2910673 87.8167 
  0.2395713 90.03418 
  0.2038727 92.7692 
  0.01298407 96.06523 
  0.1591525 98.00098 
  0.2498337 98.98344 
  0.2830918 99.97575 
  0.2412891 104.5657 
  0.5399061 106.6728 
  0.2955191 108.2809 
  0.87055 109.3664 
  0.9182892 110.4628 
  0.9650701 110.4628 
  0.8963954 109.3664 
  0.9469615 109.3664 
  0.9678092 108.8223 
  0.9748204 109.3664 
  0.9614577 109.3664 
  0.9619303 109.9132 
  0.9553651 109.9132 
  0.9485683 110.4628 
  0.9346833 111.5702 
  0.9452939 112.6886 
  0.9620319 113.8184 
  0.9133171 113.8184 
  0.8733887 114.3874 
  0.7820885 115.5342 
  0.9515324 117.2759 
  0.973244 117.2759 
  0.9012017 116.6924 
  0.8873942 116.1118 
  0.9053141 116.1118 
  0.9503251 116.6924 
  0.9690743 117.2759 
  0.9730926 116.6924 
  0.9241048 115.5342 
  0.846772 114.3874 
  0.7252601 112.128 
  0.6312685 111.0151 
  0.8582161 111.0151 
  0.8354278 111.0151 
  0.6361883 111.5702 
  0.7290638 113.2521 
  0.894865 114.3874 
  0.9484779 114.9594 
  0.9727775 114.9594 
  0.9785184 114.3874 
  0.980866 113.8184 
  0.9540257 113.2521 
  0.8833204 110.4628 
  0.8362223 107.2061 
  0.7110899 105.614 
  0.2429802 105.0885 
  0.2491056 105.614 
  0.1287279 106.142 
  0.3057646 106.6728 
  0.4903083 106.6728 
  0.8233963 106.6728 
  0.8558719 107.2061 
  0.8256782 107.2061 
  0.6622989 106.142 
  0.5747365 102.5003 
  0.5744904 98.491 
  0.6106475 95.11173 
  0.8636533 93.23304 
  0.7603654 91.84841 
  0.9360588 90.48434 
  0.9365319 90.03418 
  0.9514324 89.58624 
  0.9558712 89.14054 
  0.9302224 89.14054 
  0.908516 88.25578 
  0.918215 87.8167 
  0.8578773 86.94508 
  0.7021874 84.80367 
  0.906757 83.54424 
  0.9311523 82.71502 
  0.9541159 82.3035 
  0.9714797 82.3035 
  0.9510689 81.89403 
  0.9731439 81.08118 
  0.9154948 80.27641 
  0.9762425 79.87703 
  0.9086512 79.87703 
  0.8224855 79.08421 
  0.9557789 77.90971 
  0.8910715 77.5221 
  0.8539595 77.5221 
  0.8499246 77.5221 
  0.7596039 77.5221 
  0.7123877 76.75266 
  0.434543 75.99085 
  0.1776659 75.61279 
  0.7577009 75.2366 
  0.9040442 74.86229 
  0.6285189 74.48985 
  0.4695358 74.11925 
  0.04313824 74.11925 
  0.001563039 74.11925 
  0.379506 74.11925 
  0.6893249 74.48985 
  0.7681527 74.48985 
  0.9529253 74.11925 
  0.9657459 74.11925 
  0.9687766 74.48985 
  0.9852332 74.48985 
  0.8454391 75.61279 
  0.7964233 77.5221 
  0.6211766 79.47963 
  0.6212763 80.27641 
  0.7917371 82.71502 
  0.8878068 84.38177 
  0.8898392 85.2277 
  0.7889999 85.65383 
  0.704496 86.0821 
  0.755159 86.51251 
  0.6745681 86.51251 
  0.5811214 86.51251 
  0.5648203 86.51251 
  0.5440829 86.94508 
  0.4418528 87.3798 
  0.1358525 87.8167 
  0.01638508 88.25578 
  0.04572127 88.69706 
  0.1608297 89.14054 
  0.1724179 89.14054 
  0.2339417 89.14054 
  0.2956348 89.14054 
  0.3014684 89.14054 
  0.1090427 89.14054 
  -0.1257378 89.14054 
  -0.05191015 89.14054 
  0.3208451 89.14054 
  0.279047 89.14054 
  0.3086929 89.14054 
  0.08059439 89.14054 
  0.02138514 89.14054 
  -0.1631497 89.58624 
  -0.1453757 90.03418 
  -0.07164349 90.48434 
  0.04597812 90.93677 
  0.05045144 91.39146 
  0.06178541 91.84841 
  -0.05718985 92.30766 
  0.02855189 92.30766 
  -0.08521162 92.30766 
  0.1983541 92.30766 
  0.4256189 93.23304 
  0.7076049 96.06523 
  0.5736583 94.1677 
  0.3220461 91.84841 
  0.3270454 90.48434 
  0.5327516 85.65383 
  0.9525744 84.80367 
  0.7712895 83.54424 
  0.9027498 82.3035 
  0.889959 81.89403 
  0.9170247 81.08118 
  0.9461991 81.08118 
  0.9420359 81.08118 
  0.9363389 81.4866 
  0.7229705 82.71502 
  0.8128361 84.80367 
  0.6641748 86.0821 
  0.6723073 87.8167 
  0.6434038 89.58624 
  0.7343102 90.48434 
  0.8136699 91.39146 
  0.8980243 91.84841 
  0.8135733 91.39146 
  0.7819433 90.48434 
  0.6590595 90.03418 
  0.7462852 90.03418 
  0.2773689 90.48434 
  0.1339898 90.93677 
  0.1978995 91.39146 
  -0.09594406 91.84841 
  0.2064545 92.30766 
  0.2274493 92.7692 
  -0.02571261 93.23304 
  -0.09536037 93.6992 
  -0.0729093 94.1677 
  -0.06215862 94.63854 
  0.7179499 94.63854 
  0.8456998 93.6992 
  0.9336081 92.30766 
  0.8805844 90.93677 
  0.9135476 89.14054 
  0.9644343 88.69706 
  0.9726583 88.25578 
  0.972306 88.25578 
  0.968432 88.25578 
  0.957417 87.8167 
  0.9285229 86.94508 
  0.910818 86.94508 
  0.9019432 87.3798 
  0.8730564 86.94508 
  0.9138367 86.94508 
  0.9609595 86.51251 
  0.9484447 87.3798 
  0.9497362 87.8167 
  0.9429736 88.25578 
  0.9399295 88.25578 
  0.9113162 88.25578 
  0.8839636 88.25578 
  0.8118571 87.8167 
  0.7745152 86.0821 
  0.6256893 85.2277 
  0.236195 85.65383 
  0.1688877 86.0821 
  0.1516248 86.0821 
  0.1354623 86.0821 
  0.1749721 86.0821 
  0.2821081 86.51251 
  0.3473967 86.51251 
  0.1310712 86.51251 
  0.03114511 86.51251 
  0.1192561 86.94508 
  0.3228881 86.94508 
  0.1030548 86.94508 
  0.185209 86.94508 
  0.607601 86.94508 
  0.3999579 85.65383 
  0.4643709 83.96195 
  0.8151284 81.4866 
  0.936372 79.47963 
  0.8564937 77.90971 
  0.9169291 76.3708 
  0.986585 75.61279 
  0.9080918 74.86229 
  0.8912598 74.86229 
  0.9638141 74.86229 
  0.9772497 74.86229 
  0.9596407 75.2366 
  0.9505079 75.61279 
  0.9673071 75.61279 
  0.9795411 75.61279 
  0.9857692 75.61279 
  0.9824662 75.61279 
  0.9751161 75.2366 
  0.9689871 74.86229 
  0.9793351 74.48985 
  0.9664296 73.7505 
  0.9652588 73.38358 
  0.9656858 73.01849 
  0.9392238 72.29374 
  0.9474617 71.93407 
  0.9388179 72.29374 
  0.9864259 72.29374 
  0.9516254 71.93407 
  0.8272976 71.22009 
  0.6859825 70.86576 
  0.4186813 70.51319 
  0.1012825 70.51319 
  -0.1841763 70.51319 
  -0.09967048 70.51319 
  0.04075236 70.51319 
  0.1711553 70.51319 
  0.08456757 70.51319 
  0.1288473 70.51319 
  0.2639831 70.51319 
  0.2736528 70.51319 
  0.09086473 70.51319 
  -0.3209605 70.51319 
  -0.08973844 70.51319 
  0.03920365 70.51319 
  0.285192 70.51319 
  0.1476671 70.51319 
  -0.04096678 70.51319 
  0.003455947 70.51319 
  0.02327876 70.51319 
  0.09284425 70.51319 
  0.077249 70.51319 
  -0.1521212 70.51319 
  -0.03214768 70.51319 
  0.04163665 70.51319 
  -0.003037724 70.51319 
  0.09146877 70.51319 
  0.0009907731 70.51319 
  0.05123909 70.51319 
  -0.1664674 70.51319 
  -0.1782646 70.51319 
  -0.1223801 70.51319 
  -0.07692731 70.51319 
  0.07579628 70.51319 
  0.1588447 70.51319 
  0.1589756 70.51319 
  -0.04488096 70.51319 
  -0.1752343 70.51319 
  -0.1586895 70.51319 
  -0.1046645 70.51319 
  -0.09171146 70.51319 
  -0.1634972 70.51319 
  -0.1872823 70.51319 
  -0.02841608 70.51319 
  0.03667178 70.51319 
  -0.02859911 70.51319 
  0.1736516 70.51319 
  0.253991 70.51319 
  0.2201646 70.51319 
  -0.0458995 70.51319 
  -0.1556831 70.51319 
  -0.1157802 70.51319 
  0.06097162 70.51319 
  0.1498366 70.51319 
  0.1224278 70.51319 
  0.1812358 70.51319 
  0.1331881 70.51319 
  0.008032134 70.51319 
  0.005227763 70.51319 
  0.3571877 70.51319 
  0.302397 70.51319 
  0.0370372 70.51319 
  -0.03990249 70.51319 
  0.09742384 70.51319 
  0.05810162 70.51319 
  -0.1358336 70.51319 
  -0.1582522 70.51319 
  0.1016519 70.51319 
  0.01642435 70.51319 
  -0.02741494 70.51319 
  -0.02890082 70.51319 
  0.2850976 70.51319 
  0.1984096 70.51319 
  -0.04129294 70.51319 
  0.03079867 70.51319 
  -0.03048094 70.51319 
  0.01991452 70.51319 
  -0.1382873 70.51319 
  -0.02785901 70.51319 
  -0.04519287 70.51319 
  -0.06860121 70.51319 
  0.01216462 70.51319 
  -0.0138177 70.51319 
  0.139376 70.51319 
  0.2110045 70.51319 
  -0.02320343 70.51319 
  -0.06561406 70.51319 
  -0.07131723 70.51319 
  -0.03578442 70.51319 
  -0.04333165 70.51319 
  -0.1127568 70.51319 
  -0.065153 70.51319 
  0.04712879 70.51319 
  0.05527461 70.51319 
  0.2464371 70.51319 
  0.3172301 70.51319 
  0.1580481 70.51319 
  -0.2021938 70.51319 
  -0.1062 70.51319 
  0.0543554 70.51319 
  0.1405718 70.51319 
  0.04806688 70.51319 
  0.1132704 70.51319 
  0.1153639 70.51319 
  0.07355985 70.51319 
  0.207247 70.51319 
  0.1533781 70.51319 
  0.01951628 70.51319 
  -0.05426819 70.51319 
  -0.07764521 70.51319 
  -0.0176366 70.51319 
  0.06976068 70.51319 
  -0.01178287 70.51319 
  -0.04485796 70.51319 
  -0.07557447 70.51319 
  -0.09441996 70.51319 
  -0.04669083 70.51319 
  0.06582475 70.51319 
  0.1051808 70.51319 
  -0.04574333 70.51319 
  0.06167183 70.51319 
  -0.05832681 70.51319 
  -0.01152087 70.51319 
  -0.1427022 70.51319 
  -0.01931113 70.51319 
  -0.05934881 70.51319 
  -0.1464306 70.51319 
  -0.1366992 70.51319 
  0.1077143 70.51319 
  0.0554619 70.51319 
  0.09660762 70.51319 
  -0.09778731 70.51319 
  -0.3091936 70.51319 
  -0.1894542 70.51319 
  -0.05670428 70.51319 
  -0.05047919 70.51319 
  -0.01215419 70.51319 
  0.168634 70.51319 
  0.1069417 70.51319 
  -0.01842286 70.51319 
  -0.04211469 70.51319 
  -0.03440468 70.51319 
  0.2469733 70.51319 ]
