 [
  0.3715726 152.0001 
  0.1084127 152.0001 
  -0.02261016 152.0001 
  -0.1007327 152.0001 
  0.1142576 152.0001 
  0.01023647 152.0001 
  0.03506315 152.0001 
  -0.1164421 152.0001 
  -0.0920217 152.0001 
  -0.1071835 152.0001 
  0.1775339 152.0001 
  -0.2181134 152.0001 
  -0.09744644 152.0001 
  -0.0819926 152.0001 
  -0.2433263 152.0001 
  0.2268195 152.0001 
  0.05070059 152.0001 
  0.1247596 152.0001 
  0.1280813 152.0001 
  0.0476206 152.0001 
  -0.02264712 152.0001 
  0.0171386 152.0001 
  0.2318273 152.0001 
  0.3490261 159.7734 
  0.5065189 141.0434 
  0.6113546 141.0434 
  0.849018 141.7487 
  0.9434879 141.7487 
  0.9876152 142.4574 
  0.9945876 143.8855 
  0.9986411 143.8855 
  1.000825 143.8855 
  0.9974812 143.8855 
  0.9947222 143.8855 
  0.9907705 143.1697 
  0.9886478 143.1697 
  0.9098563 143.1697 
  0.8155534 142.4574 
  0.4211234 134.8523 
  0.3071997 136.8852 
  0.06869574 138.9488 
  0.1189697 141.0434 
  0.1785177 142.4574 
  0.2693852 143.8855 
  0.1681167 145.328 
  0.1635555 146.7849 
  -0.05744324 148.9977 
  -0.02808994 151.2439 
  -0.05788961 153.5239 
  -0.09105759 155.8383 
  0.1328561 158.1876 
  0.3679185 160.5723 
  0.5946136 162.182 
  0.8235012 158.9785 
  0.9483212 156.6175 
  0.9473695 154.2915 
  0.9585382 152.0001 
  0.9599158 148.9977 
  0.9707599 147.5188 
  0.9929265 146.7849 
  0.9965726 146.0546 
  0.9925295 146.0546 
  0.986468 146.0546 
  0.9864327 145.328 
  0.9906476 144.605 
  0.9923018 144.605 
  0.9885713 145.328 
  0.9826317 146.0546 
  0.9499795 147.5188 
  0.9514305 149.7427 
  0.9791248 150.4914 
  0.9817433 150.4914 
  0.9743581 149.7427 
  0.9885307 148.2564 
  0.9928317 147.5188 
  0.9962552 146.7849 
  0.9926246 146.0546 
  0.9881167 144.605 
  0.9900548 143.8855 
  0.9440103 142.4574 
  0.8742535 141.7487 
  0.7321941 141.7487 
  0.451263 142.4574 
  -0.2769253 143.8855 
  -0.1113422 145.328 
  -0.02932419 146.7849 
  0.04437842 148.2564 
  0.05482315 149.7427 
  -0.0504974 151.2439 
  0.09085637 152.0001 
  0.03819606 153.5239 
  0.07794696 155.063 
  0.06329525 155.8383 
  0.6354044 156.6175 
  0.6875191 150.4914 
  0.851845 146.7849 
  0.9853598 146.0546 
  0.9728918 143.8855 
  0.974692 143.1697 
  0.9928681 141.7487 
  0.9976227 141.7487 
  0.9964571 141.7487 
  0.9938909 141.7487 
  0.9890613 141.0434 
  0.9898101 139.6435 
  0.9868241 138.2575 
  0.9949086 137.5696 
  0.9949743 136.8852 
  0.9889891 137.5696 
  0.9778986 137.5696 
  0.9784667 136.8852 
  0.9822633 137.5696 
  0.9833307 137.5696 
  0.9905049 137.5696 
  0.9886083 137.5696 
  0.9840412 137.5696 
  0.9785994 136.8852 
  0.9554017 136.8852 
  0.8997813 136.2042 
  0.7781852 134.8523 
  0.6550485 132.8496 
  0.561892 132.8496 
  0.3426456 133.5138 
  0.0677553 133.5138 
  0.2572286 134.1814 
  0.2978558 133.5138 
  0.3386387 132.8496 
  0.1831627 129.5776 
  0.1388446 127.6532 
  0.1052865 127.0181 
  0.0553717 125.7574 
  0.02404583 125.7574 
  0.4016804 127.0181 
  0.7158664 128.9329 
  0.9724816 129.5776 
  0.8760746 127.6532 
  0.9167038 126.3862 
  0.9718909 125.7574 
  0.9790189 125.7574 
  0.9103037 127.0181 
  0.9447976 128.2915 
  0.9058611 129.5776 
  0.9001722 131.531 
  0.8621297 132.8496 
  0.7688351 132.8496 
  0.6130781 133.5138 
  0.9768069 134.8523 
  0.9704849 134.1814 
  0.9277539 132.8496 
  0.6852882 132.8496 
  0.2184032 134.1814 
  0.2238878 136.2042 
  0.7051385 138.2575 
  0.9182974 138.2575 
  0.8959628 136.2042 
  0.9604172 135.5266 
  0.9693751 134.8523 
  0.9519403 134.8523 
  0.9526321 134.1814 
  0.9274688 134.1814 
  0.9595298 134.8523 
  0.9646927 135.5266 
  0.927633 135.5266 
  0.9117262 136.2042 
  0.9328462 136.8852 
  0.8685753 135.5266 
  0.8825774 134.1814 
  0.9452867 132.1886 
  0.9314421 131.531 
  0.797357 130.2255 
  0.605987 125.7574 
  0.8146654 121.4426 
  0.6909436 119.0438 
  0.8062524 116.6924 
  0.7972711 116.1118 
  0.8516356 116.6924 
  0.7583753 117.8622 
  0.803824 120.2372 
  0.8403167 123.2734 
  0.7341526 128.2915 
  0.8212956 132.8496 
  0.921514 135.5266 
  0.9628227 134.8523 
  0.9633651 133.5138 
  0.9709251 132.1886 
  0.9768592 130.8766 
  0.96728 128.9329 
  0.9900896 128.2915 
  0.9870352 127.6532 
  0.961244 126.3862 
  0.9707661 125.1317 
  0.9759669 123.8897 
  0.9839305 123.2734 
  0.9869207 122.0498 
  0.9947867 122.0498 
  0.9961438 121.4426 
  0.996003 121.4426 
  0.9970694 121.4426 
  0.9912471 122.0498 
  0.9921275 122.0498 
  0.9889019 122.0498 
  0.9789826 122.0498 
  0.9575816 122.0498 
  0.9504727 123.2734 
  0.9607008 124.5092 
  0.9919644 125.1317 
  0.9793968 124.5092 
  0.9649367 122.6601 
  0.9150027 120.8384 
  0.8613361 119.0438 
  0.7908963 117.8622 
  0.1751708 117.2759 
  -0.2274421 116.6924 
  -0.008737652 116.6924 
  -0.2314612 116.6924 
  -0.06603512 116.6924 
  -0.02973495 116.6924 
  -0.07293564 116.1118 
  0.2857867 115.5342 
  0.3999552 114.9594 
  0.2161275 114.3874 
  -0.05886357 114.3874 
  -0.208007 113.8184 
  -0.1405458 113.2521 
  0.1620831 112.6886 
  0.07874685 112.128 
  0.08685253 111.0151 
  0.3927281 111.0151 
  0.8129019 111.5702 
  0.8615698 110.4628 
  0.8775021 108.2809 
  0.9300748 106.6728 
  0.9757416 106.142 
  0.9813716 106.142 
  0.9799445 106.142 
  0.7938246 108.8223 
  0.8080583 112.128 
  0.8578846 114.9594 
  0.9368142 116.1118 
  0.9525294 116.1118 
  0.9684929 116.1118 
  0.8710694 116.6924 
  0.8730528 118.4515 
  0.9095228 120.2372 
  0.7826262 119.639 
  0.3931382 117.2759 
  0.1351905 117.8622 
  0.3054893 118.4515 
  0.3770535 119.0438 
  0.2138043 119.639 
  0.1240712 120.2372 
  0.1892483 120.8384 
  -0.09228031 121.4426 
  -0.05327243 122.0498 
  0.1175265 122.6601 
  -0.1049658 123.2734 
  0.5832202 125.1317 
  0.4424659 123.2734 
  0.6185193 123.2734 
  0.387423 117.8622 
  0.451331 117.8622 
  0.5961667 118.4515 
  0.3855169 119.0438 
  0.2437534 120.2372 
  0.06965279 121.4426 
  0.6572083 122.0498 
  0.5144929 122.6601 
  0.7769542 123.2734 
  0.5082075 114.9594 
  0.5395921 112.6886 
  0.7487313 112.128 
  0.8704479 112.128 
  0.9238145 112.6886 
  0.9308215 112.6886 
  0.9000497 113.8184 
  0.9863463 114.3874 
  0.9845422 114.3874 
  0.9606245 113.8184 
  0.936277 113.2521 
  0.9386196 112.6886 
  0.8425052 112.128 
  0.7350741 110.4628 
  0.4791303 109.9132 
  0.3663886 115.5342 
  0.9618389 117.8622 
  0.9726491 117.8622 
  0.9770987 117.2759 
  0.9827138 116.6924 
  0.9846145 116.6924 
  0.9856328 116.6924 
  0.9853638 115.5342 
  0.9730711 113.8184 
  0.9443713 112.128 
  0.9065552 111.0151 
  0.8414423 111.0151 
  0.664293 111.5702 
  0.9214352 112.128 
  0.9145447 112.6886 
  0.9606762 113.2521 
  0.9860097 113.8184 
  0.9348904 114.3874 
  0.402412 114.9594 
  0.1251284 115.5342 
  0.1161431 115.5342 
  0.5565453 112.128 
  0.6036578 113.2521 
  0.7535371 112.6886 
  0.8001866 112.128 
  0.9667965 111.0151 
  0.9724067 111.5702 
  0.9707493 111.0151 
  0.9694427 110.4628 
  0.9711326 110.4628 
  0.9720901 109.9132 
  0.9737018 109.9132 
  0.943929 110.4628 
  0.9219855 111.0151 
  0.9896995 111.5702 
  0.9870482 111.5702 
  0.9919596 111.0151 
  0.9848931 110.4628 
  0.9925363 110.4628 
  0.9884597 110.4628 
  0.8903773 110.4628 
  0.8351462 109.9132 
  0.6933178 109.3664 
  0.9524532 110.4628 
  0.9560188 109.9132 
  0.8048087 108.8223 
  0.4246885 108.8223 
  -0.1019357 109.3664 
  -0.0567817 109.9132 
  -0.05481752 110.4628 
  0.07651445 111.0151 
  0.1237173 112.128 
  0.1200688 112.6886 
  0.04106665 113.2521 
  0.1911292 113.8184 
  0.1221525 114.3874 
  0.5369087 114.9594 
  0.764871 114.9594 
  0.9242199 114.3874 
  0.8790897 113.2521 
  0.9154879 111.5702 
  0.9622831 111.0151 
  0.9385499 111.5702 
  0.9265901 111.5702 
  0.9184948 111.0151 
  0.9222207 111.0151 
  0.9079745 110.4628 
  0.9363607 110.4628 
  0.966273 110.4628 
  0.9837114 110.4628 
  0.9896973 110.4628 
  0.9819726 111.0151 
  0.9196925 111.5702 
  0.7872252 112.128 
  0.6379263 108.8223 
  0.6862751 104.5657 
  0.6161549 106.142 
  0.2131232 107.2061 
  0.09363021 108.8223 
  0.07180875 110.4628 
  0.1183707 112.128 
  0.008139658 113.2521 
  0.09194494 114.9594 
  -0.17969 116.6924 
  -0.1549828 117.8622 
  0.2742763 119.0438 
  0.0514636 120.2372 
  -0.03378633 121.4426 
  -0.2689726 122.6601 
  -0.1321998 123.8897 
  0.0237044 125.1317 
  0.3937974 127.0181 
  0.6328381 127.0181 
  0.7381607 127.0181 
  0.4771992 124.5092 
  0.7042321 119.639 
  0.86111 117.2759 
  0.8906076 114.9594 
  0.8543997 113.2521 
  0.814099 111.0151 
  0.9314879 109.9132 
  0.9628813 108.8223 
  0.9764528 107.7421 
  0.9792689 106.6728 
  0.9021183 106.6728 
  0.8520771 107.2061 
  0.8843023 106.142 
  0.7583125 104.5657 
  0.7200181 103.0128 
  0.66729 101.9903 
  0.3917969 105.0885 
  0.4986266 106.6728 
  0.2171756 108.2809 
  0.0656818 109.9132 
  -0.03964752 111.5702 
  -0.2001171 113.2521 
  0.02854885 114.3874 
  0.06887572 115.5342 
  0.270226 116.6924 
  0.08199228 117.2759 
  -0.05690533 117.8622 
  -0.03346289 119.0438 
  -0.01965049 119.639 
  0.1137162 120.2372 
  0.6669165 120.8384 
  0.8412995 119.639 
  0.9270226 117.8622 
  0.8767986 116.6924 
  0.8323491 114.9594 
  0.808678 112.6886 
  0.7357579 109.3664 
  0.8202908 106.142 
  0.8101151 105.0885 
  0.6942981 106.142 
  0.5373374 108.2809 
  0.205477 108.2809 
  0.4717147 114.3874 
  0.2522752 116.6924 
  0.1816703 119.639 
  0.05721636 124.5092 
  0.03319114 127.0181 
  0.2318789 130.8766 
  -0.03798531 133.5138 
  0.03038202 132.1886 
  0.08640715 130.8766 
  0.4275942 128.2915 
  0.02775633 123.2734 
  0.4533052 120.2372 
  0.5311308 120.2372 
  0.3533467 120.2372 
  0.2297743 120.2372 
  -0.008043353 120.2372 
  -0.1684754 120.2372 
  0.07756329 120.2372 
  -0.1985708 120.2372 
  -0.2305107 120.2372 
  -0.08004641 120.2372 
  0.03532956 120.2372 
  0.1498249 120.2372 
  0.06994738 120.2372 
  0.03803009 120.2372 ]
