 [
  0.1130788 96.54556 
  0.5815564 96.54556 
  0.8138124 96.54556 
  0.8533936 97.02828 
  0.8092917 97.51342 
  0.795557 98.00098 
  0.7725199 98.491 
  0.836699 98.98344 
  0.3286608 99.47836 
  0.1003284 99.97575 
  0.09507488 100.4756 
  -0.1114578 100.978 
  0.03183035 101.4829 
  0.1751505 100.978 
  0.009951268 102.5003 
  0.149895 104.5657 
  0.6910346 109.9132 
  0.8766868 109.3664 
  0.9719568 109.3664 
  0.9915196 109.3664 
  0.9936401 109.3664 
  0.8992401 110.4628 
  0.8550706 112.128 
  0.809609 114.3874 
  0.7237648 116.1118 
  0.8468127 119.0438 
  0.794023 119.0438 
  0.5090004 117.2759 
  0.4734887 114.3874 
  0.1454186 112.128 
  0.09247258 108.2809 
  0.005562549 105.0885 
  0.006008578 99.97575 
  0.4441461 97.02828 
  0.4584178 96.06523 
  0.1454479 96.06523 
  -0.06835932 95.5873 
  0.1518728 95.11173 
  0.05314738 94.1677 
  0.2513998 93.6992 
  0.3307225 94.1677 
  0.28543 95.11173 
  0.2678038 95.5873 
  0.3490156 96.54556 
  0.2789288 98.00098 
  0.3128348 100.978 
  0.288239 101.9903 
  0.1261521 101.4829 
  0.04537604 100.4756 
  0.03927049 101.4829 
  0.1412995 101.9903 
  -0.1569445 102.5003 
  -0.007588523 103.5278 
  0.2152734 104.5657 
  0.1444421 108.8223 
  0.5818064 108.2809 
  0.8068978 108.2809 
  0.9140416 107.2061 
  0.929454 106.142 
  0.9462721 104.5657 
  0.9602561 105.0885 
  0.979812 105.0885 
  0.9799789 104.5657 
  0.9906629 104.5657 
  0.9899222 104.0455 
  0.9908657 103.5278 
  0.9857947 103.5278 
  0.9863712 103.0128 
  0.9911804 102.5003 
  0.9938046 101.9903 
  0.9900281 101.4829 
  0.9839611 100.978 
  0.983025 100.4756 
  0.9836497 100.4756 
  0.9860731 100.4756 
  0.9872518 100.4756 
  0.9818367 100.978 
  0.966395 101.4829 
  0.9219956 101.9903 
  0.7748013 101.4829 
  0.6403251 99.97575 
  0.6974267 97.51342 
  0.5217971 96.06523 
  0.3703801 96.54556 
  0.4082202 96.54556 
  0.4229735 97.02828 
  -0.06552544 97.51342 
  -0.04839407 97.51342 
  0.1901188 98.00098 
  0.1594635 98.491 
  0.2916085 98.98344 
  0.1783448 99.47836 
  0.3961118 99.47836 
  0.1742986 99.47836 
  0.2797722 99.47836 
  0.1288933 99.97575 
  0.3909613 105.614 
  0.2276224 94.63854 
  0.4470454 93.6992 
  0.7201476 94.1677 
  0.8197023 91.84841 
  0.7226671 90.03418 
  0.7195718 89.58624 
  0.7792404 90.48434 
  0.7975652 91.84841 
  0.7874348 93.23304 
  0.6650921 94.1677 
  0.6821279 95.11173 
  0.7262868 95.5873 
  0.4472484 96.06523 
  0.2471761 97.02828 
  0.3409535 98.00098 
  0.3644441 98.98344 
  0.5929496 98.491 
  0.8679627 98.491 
  0.8834383 98.491 
  0.8945426 98.00098 
  0.9246434 97.02828 
  0.9534631 96.54556 
  0.9641495 96.54556 
  0.9526925 96.06523 
  0.9653425 95.11173 
  0.9879887 95.11173 
  0.9759635 95.11173 
  0.9337693 94.63854 
  0.7394221 92.30766 
  0.4507189 90.03418 
  0.2715993 86.94508 
  0.4770726 78.29926 
  -0.005713889 81.08118 
  0.04910818 82.71502 
  0.08999271 83.12859 
  0.5976887 83.54424 
  -0.06365945 83.54424 
  -0.2306836 83.54424 
  -0.1372512 83.54424 
  -0.2414295 83.54424 
  -0.1707291 83.54424 
  -0.06840904 83.54424 
  -0.1087471 83.54424 
  -0.01947522 83.54424 
  0.04707695 83.54424 
  0.2068558 83.54424 
  0.1050814 83.54424 
  -0.1831598 83.54424 
  0.1282232 83.54424 
  0.2972597 83.54424 
  0.1755472 83.54424 
  0.06761906 83.54424 
  -0.03543189 83.54424 
  -0.1591232 83.54424 
  -0.03471791 83.54424 
  0.003344286 83.54424 
  -0.1680465 83.54424 
  -0.06515263 83.54424 
  -0.04163722 83.54424 
  -0.004065059 83.54424 
  0.01567147 83.54424 
  0.01289609 83.96195 
  -0.01614933 84.38177 
  -0.1604544 84.80367 
  0.01860107 85.2277 
  -0.07836212 85.65383 
  0.01744283 86.0821 
  0.02866741 86.51251 
  -0.02504583 86.94508 
  0.07650448 87.3798 
  0.04991027 87.8167 
  -0.06433767 88.25578 
  -0.09676581 88.69706 
  0.1044099 89.14054 
  0.01243526 89.58624 
  0.1626777 90.03418 
  -0.01494395 90.48434 
  0.06449064 90.48434 
  -0.2525381 90.48434 
  0.01292117 90.48434 
  0.3602592 92.7692 
  0.1696148 98.98344 
  0.3919 101.4829 
  0.680995 98.98344 
  0.7598668 97.51342 
  0.8170142 97.02828 
  0.7795763 96.06523 
  0.8626347 94.63854 
  0.8568162 94.63854 
  0.8533969 94.63854 
  0.8224751 95.5873 
  0.8746738 95.5873 
  0.9198039 96.06523 
  0.8640295 96.54556 
  0.7449066 96.54556 
  0.4423074 96.06523 
  0.54493 94.1677 
  0.4760364 83.12859 
  0.3970951 81.08118 
  -0.06175634 82.71502 
  0.1503978 83.96195 
  0.1224594 84.80367 
  -0.007837909 85.65383 
  0.09072681 86.51251 
  0.1629027 87.3798 
  0.1887847 87.8167 
  0.1499721 88.25578 
  0.1053276 88.69706 
  -0.05022139 89.14054 
  -0.04578858 89.58624 
  0.02157679 90.48434 
  0.1072727 91.39146 
  0.06831178 92.30766 
  -0.0850146 93.6992 
  -0.1548804 95.11173 
  -0.008918751 96.54556 
  0.1595054 98.00098 
  -0.07265534 99.97575 
  0.3369632 101.4829 
  0.5437514 111.0151 
  0.5454457 105.614 
  0.6929209 103.5278 
  0.8340898 101.4829 
  0.9262117 99.47836 
  0.9498254 98.491 
  0.9665766 98.00098 
  0.9622301 97.02828 
  0.9774835 96.06523 
  0.9865305 96.06523 
  0.9875006 96.06523 
  0.9706339 96.06523 
  0.9649473 95.5873 
  0.9672251 95.5873 
  0.972105 96.06523 
  0.9592847 96.06523 
  0.9397779 97.02828 
  0.9590086 98.00098 
  0.9671512 98.00098 
  0.9377369 98.00098 
  0.9334986 97.51342 
  0.9773325 97.51342 
  0.9796696 97.02828 
  0.9681715 96.54556 
  0.9791384 96.06523 
  0.9739597 96.06523 
  0.9782683 96.06523 
  0.9869419 96.06523 
  0.9877753 96.06523 
  0.9704788 96.06523 
  0.9461706 95.5873 
  0.9466928 95.5873 
  0.9596257 96.06523 
  0.9285189 96.06523 
  0.8854055 95.5873 
  0.8700793 96.06523 
  0.8246199 96.54556 
  0.8008472 96.54556 
  0.7368146 97.02828 
  0.723956 97.51342 
  0.6834294 97.51342 
  0.6368272 98.00098 
  0.5938399 98.491 
  0.3472446 98.00098 
  0.3261277 97.02828 
  0.2683447 96.54556 
  0.1997953 96.54556 
  0.2050088 96.54556 
  0.2670419 96.54556 
  0.2544186 96.06523 
  -0.2487952 95.11173 
  -0.2429063 93.6992 
  -0.2170325 92.7692 
  -0.05890171 91.84841 
  -0.02065989 91.39146 
  -0.06493039 90.93677 
  0.3234666 90.48434 
  0.1305859 90.03418 
  0.1102298 87.3798 
  0.2310613 86.0821 
  0.2681794 87.3798 
  0.336554 88.69706 
  0.3584626 88.69706 
  0.3554257 86.94508 
  0.4328929 85.65383 
  0.693167 85.2277 
  0.7529588 85.65383 
  0.9177046 86.94508 
  0.9562116 87.8167 
  0.9553443 88.25578 
  0.9319483 87.8167 
  0.9285513 86.51251 
  0.7688357 86.51251 
  0.49849 87.8167 
  0.3021467 89.58624 
  0.4020003 91.84841 
  0.275127 94.1677 
  0.1919963 96.54556 
  0.3601806 98.98344 
  -0.1063149 101.4829 
  0.4512395 104.5657 
  0.3664342 105.0885 
  0.2830839 105.614 
  0.1202404 106.6728 
  0.2832348 107.2061 
  0.4682535 108.8223 
  0.4691564 107.7421 
  0.286512 105.614 
  0.6281036 105.614 
  0.407733 102.5003 
  0.576509 99.47836 
  0.8714806 98.00098 
  0.9365689 97.02828 
  0.9611418 96.06523 
  0.9550874 96.06523 
  0.9228104 96.06523 
  0.9068878 96.54556 
  0.9598488 97.02828 
  0.9758036 97.02828 
  0.9664398 96.54556 
  0.975377 96.06523 
  0.9444683 96.54556 
  0.856302 95.5873 
  0.342198 90.03418 
  0.4883136 84.80367 
  0.3741666 83.96195 
  0.4556864 82.3035 
  0.008522473 79.47963 
  0.1525045 77.90971 
  0.1005081 78.69076 
  0.2204123 80.6778 
  0.547938 82.3035 
  0.5975016 84.80367 
  0.437793 90.48434 
  0.6607418 96.06523 
  0.8291361 96.54556 
  0.9275695 96.06523 
  0.9840666 96.06523 
  0.990188 96.06523 
  0.9915431 96.06523 
  0.9849241 95.5873 
  0.9842726 95.5873 
  0.9817044 95.5873 
  0.9880238 94.63854 
  0.9928781 94.63854 
  0.9738946 94.1677 
  0.9507136 92.7692 
  0.9263517 90.93677 
  0.9032041 89.58624 
  0.87624 88.25578 
  0.8096789 87.3798 
  0.4780315 88.25578 
  0.3415381 90.48434 
  0.3914325 92.7692 
  0.2251322 94.63854 
  0.4843017 96.06523 
  0.5857599 94.63854 
  0.7305551 91.84841 
  0.5241745 88.69706 
  0.6514162 84.80367 
  0.9204254 82.71502 
  0.9536065 81.89403 
  0.9535266 81.89403 
  0.9342939 80.6778 
  0.9020425 79.08421 
  0.6884363 77.90971 
  0.7639829 75.99085 
  0.8842199 75.2366 
  0.8692328 74.86229 
  0.807947 74.48985 
  0.9122965 74.86229 
  0.9009838 74.11925 
  0.9198669 72.6552 
  0.9341114 72.29374 
  0.9435858 72.29374 
  0.449218 71.22009 
  0.04481475 69.12038 
  0.09494264 68.43433 
  -0.2339101 68.09386 
  -0.2291609 68.09386 
  -0.2257537 68.09386 
  -0.06185984 67.75508 
  -0.04070077 67.41799 
  -0.03766998 67.41799 
  0.0919141 67.41799 
  0.1339124 67.08258 
  0.241509 66.74884 
  0.4282359 66.41676 
  0.1954012 66.08632 
  0.1093206 66.08632 
  0.1093182 66.41676 
  0.1744713 66.74884 
  0.2146913 67.08258 
  0.3340456 67.41799 
  0.2313595 67.75508 
  0.2768367 68.09386 
  0.2760971 68.43433 
  0.1191688 68.7765 
  0.02964878 69.12038 
  0.06515907 69.12038 
  0.07694925 69.46598 
  0.05741345 69.46598 
  0.1109486 69.12038 
  0.1501157 68.7765 
  0.2322634 68.43433 
  0.1320553 68.09386 
  0.001700776 68.09386 
  0.0311175 68.09386 
  -0.05897474 68.09386 
  0.005282343 68.09386 
  -0.08935247 68.09386 
  -0.2361909 68.09386 
  -0.171181 68.09386 
  -0.04713889 68.09386 
  0.1599492 68.09386 
  0.02822148 68.09386 
  0.09154652 68.09386 ]
