 [
  0.2860678 231.0963 
  -0.1751155 231.0963 
  0.2274817 231.0963 
  -0.01606393 231.0963 
  -0.03458526 231.0963 
  -0.04100639 231.0963 
  0.07055883 231.0963 
  -0.06662615 231.0963 
  0.07963406 231.0963 
  0.1397331 231.0963 
  0.2258312 231.0963 
  -0.02574772 231.0963 
  -0.1609276 231.0963 
  -0.1916939 231.0963 
  -0.02770507 231.0963 
  -0.1310014 229.9466 
  -0.1162058 228.8026 
  -0.1567071 226.5316 
  0.7077661 222.057 
  0.8629313 210.2025 
  0.9447889 209.1568 
  0.9931032 209.1568 
  0.9912288 210.2025 
  0.9862661 213.3714 
  0.9824237 216.5879 
  0.9876199 219.853 
  0.9870223 222.057 
  0.9569836 226.5316 
  0.9454305 232.2518 
  0.9616994 236.9318 
  0.9763436 240.5036 
  0.9464111 239.307 
  0.6157693 238.1164 
  0.05217252 235.753 
  0.02993247 234.5801 
  0.0280128 233.4131 
  0.09832329 232.2518 
  0.1019527 231.0963 
  0.1298776 229.9466 
  0.0711786 227.6642 
  0.1384471 225.4046 
  -0.09183866 223.1673 
  -0.1801496 220.9523 
  -0.07451416 218.7592 
  -0.04103178 216.5879 
  0.008628614 214.4382 
  0.1073206 212.3098 
  0.1896927 210.2025 
  0.1225541 208.1162 
  -0.1206888 206.0505 
  0.1122386 205.0254 
  -0.1876722 202.9904 
  0.3601181 200.9756 
  0.3401762 198.9809 
  0.1405465 197.9909 
  0.5992293 196.0257 
  0.2517193 194.0801 
  0.3469501 192.1537 
  0.4898369 191.1978 
  0.05218487 190.2465 
  0.1823608 189.3 
  0.3036051 188.3582 
  0.1772653 187.4211 
  0.1246976 185.5609 
  0.415993 183.7191 
  -0.1812043 181.8956 
  0.2363976 180.9906 
  -0.06495772 179.1942 
  -0.1504369 178.3027 
  -0.1292435 176.533 
  -0.09562245 174.7808 
  -0.07691038 173.046 
  8.906703e-06 172.185 
  0.04672879 171.3284 
  0.4364999 170.476 
  -0.06099521 169.6279 
  0.429555 168.784 
  0.541824 167.9442 
  0.04173506 167.1087 
  0.6316175 166.2773 
  0.561543 165.4501 
  -0.02002573 164.6269 
  0.6492445 163.8079 
  0.6420026 162.9929 
  0.5905902 162.182 
  0.5441208 160.5723 
  0.5153494 159.7734 
  0.4289002 160.5723 
  0.4136966 163.8079 
  0.6720715 170.476 
  0.8278625 172.185 
  0.9377946 171.3284 
  0.9902329 171.3284 
  0.9717527 172.185 
  0.9736981 173.9112 
  0.9626349 176.533 
  0.9554117 178.3027 
  0.9720771 180.0902 
  0.9723522 182.8051 
  0.9257513 185.5609 
  0.904963 188.3582 
  0.8222549 192.1537 
  0.8114193 198.9809 
  0.9477574 206.0505 
  0.8714425 207.0808 
  0.06035673 204.0054 
  -0.07497925 199.9758 
  -0.08501995 196.0257 
  -0.008728455 192.1537 
  -0.06965172 188.3582 
  -0.009973438 184.6377 
  0.09891907 180.9906 
  0.004431402 177.4156 
  -0.7207494 172.185 
  0.3672773 167.1087 
  0.01719061 162.182 
  -0.1215949 157.4006 
  0.491504 152.7601 
  0.2691768 152.7601 
  0.2732446 155.8383 
  0.9153184 161.3751 
  0.9671102 161.3751 
  0.9250146 158.9785 
  0.8246435 155.8383 
  0.6518653 150.4914 
  0.6824583 144.605 
  0.511989 138.9488 
  0.8142952 134.1814 
  0.9384189 132.1886 
  0.9628817 130.8766 
  0.8693032 130.8766 
  0.7926341 130.2255 
  0.1694678 131.531 
  0.3153668 132.1886 
  0.1903996 133.5138 
  0.1034809 134.8523 
  0.4540365 136.2042 
  0.1831864 136.2042 
  0.214475 136.2042 
  0.4931334 134.8523 
  0.3657401 133.5138 
  -0.1346983 132.1886 
  -0.03251055 130.8766 
  0.03980339 130.2255 
  0.4962301 129.5776 
  0.5404981 133.5138 
  0.6579912 138.2575 
  0.9422872 139.6435 
  0.968704 139.6435 
  0.9609815 138.9488 
  0.9221125 138.9488 
  0.9627711 138.9488 
  0.9426323 138.2575 
  0.9346405 135.5266 
  0.9537622 132.8496 
  0.993006 131.531 
  0.9811817 132.1886 
  0.9576913 133.5138 
  0.9843168 135.5266 
  0.9874598 136.2042 
  0.987963 136.8852 
  0.9843578 137.5696 
  0.9764017 138.2575 
  0.9358933 138.9488 
  0.7703508 139.6435 
  0.1929689 141.0434 
  0.03744186 142.4574 
  0.1871046 143.8855 
  -0.0504704 146.0546 
  -0.1350462 147.5188 
  -0.11558 149.7427 
  -0.167138 152.0001 
  -0.1612547 153.5239 
  -0.2374016 155.063 
  0.1044724 156.6175 
  0.706345 158.1876 
  0.7961665 158.1876 
  0.8455887 155.063 
  0.928049 150.4914 
  0.9126235 145.328 
  0.8491742 139.6435 
  0.8403638 132.8496 
  0.6923881 125.7574 
  0.6651952 118.4515 
  0.5542366 113.2521 
  0.2751825 110.4628 
  -0.08932078 109.9132 
  0.09929698 111.5702 
  0.1222927 112.6886 
  -0.3665865 113.2521 
  -0.2179166 113.8184 
  0.01459035 114.3874 
  0.01894344 114.9594 
  0.2269787 115.5342 
  0.05605622 116.1118 
  0.1084876 116.6924 
  0.1551336 117.2759 
  0.4588581 117.8622 
  0.0004830679 117.8622 
  -0.04325105 117.8622 
  0.003363804 117.8622 
  0.2203678 117.8622 
  -0.1620075 117.8622 
  0.006178464 117.8622 
  0.1825643 117.8622 
  0.2279789 117.8622 
  0.4080765 117.8622 
  0.2630029 117.8622 
  0.02043006 117.8622 
  -0.08738957 117.8622 
  -0.07148465 117.8622 ]
