 [
  0.05448683 155.063 
  -0.009440724 155.063 
  0.3014333 155.063 
  0.1387489 155.063 
  -0.01059999 155.063 
  0.1303303 155.063 
  0.1650772 155.063 
  0.00532011 155.063 
  0.03267052 155.063 
  0.1267502 155.063 
  -0.004575428 155.063 
  0.1413184 155.063 
  0.1154681 155.063 
  0.1661619 155.063 
  0.232945 155.063 
  0.3114662 154.2915 
  0.1290735 153.5239 
  0.3480047 152.7601 
  0.6262627 146.7849 
  0.80023 146.0546 
  0.901107 143.8855 
  0.9499701 142.4574 
  0.8879371 139.6435 
  0.9301386 137.5696 
  0.9856263 136.2042 
  0.986619 135.5266 
  0.9728331 134.8523 
  0.9184674 134.1814 
  0.8511882 131.531 
  0.7842997 127.6532 
  0.8141331 123.8897 
  0.682248 121.4426 
  0.3034926 123.8897 
  -0.03175959 125.1317 
  -0.004393544 127.0181 
  0.07132643 127.6532 
  0.0372191 127.6532 
  0.2385279 127.6532 
  0.192187 127.6532 
  0.1801107 127.6532 
  0.03329789 127.6532 
  0.4122477 127.6532 
  0.6258881 127.6532 
  0.7412326 126.3862 
  0.9595279 124.5092 
  0.9904425 123.2734 
  0.9854036 122.0498 
  0.9702349 120.8384 
  0.9318224 119.639 
  0.8513083 118.4515 
  0.7231326 117.8622 
  0.4866908 117.2759 
  -0.02716568 116.6924 
  -0.4844039 116.1118 
  -0.07615612 115.5342 
  0.06708035 114.9594 
  0.201649 114.3874 
  0.08865425 114.3874 
  0.1072076 114.9594 
  -0.05561928 116.1118 
  0.2090022 117.2759 
  0.5417955 118.4515 
  0.7490876 119.0438 
  0.5863562 119.639 
  0.1736657 121.4426 
  -0.3032753 124.5092 
  -0.00695741 127.0181 
  -0.1855455 130.2255 
  -0.1307348 133.5138 
  0.1024308 136.8852 
  0.6284246 140.3417 
  0.8138911 141.0434 
  0.9268391 141.7487 
  0.9525164 143.8855 
  0.9682477 146.0546 
  0.977145 148.2564 
  0.9841321 150.4914 
  0.9876347 152.0001 
  0.9880068 153.5239 
  0.9943953 155.8383 
  0.9985076 156.6175 
  0.9994311 158.1876 
  0.9992851 158.1876 
  0.9988413 158.1876 
  0.9941103 157.4006 
  0.9868839 155.063 
  0.9791494 152.7601 
  0.9593365 148.9977 
  0.8787282 144.605 
  0.8530099 141.0434 
  0.7349458 139.6435 
  0.3909382 141.0434 
  -0.198568 141.0434 
  -0.1828357 141.7487 
  0.1773103 141.7487 
  -0.170556 142.4574 
  -0.164478 143.1697 
  0.364659 143.8855 
  0.7077284 144.605 
  0.6829422 141.0434 
  0.7773065 138.2575 
  0.9326468 136.2042 
  0.8772634 134.1814 
  0.7416884 132.1886 
  0.8034514 132.1886 
  0.9765376 132.8496 
  0.9933113 133.5138 
  0.9935483 134.1814 
  0.9979069 134.8523 
  0.9626053 136.8852 
  0.82137 141.0434 
  0.8514374 141.0434 
  0.9541054 139.6435 
  0.9916179 139.6435 
  0.9945086 139.6435 
  0.9302818 139.6435 
  0.8527749 138.2575 
  0.8112308 137.5696 
  0.9588805 138.2575 
  0.9545854 136.2042 
  0.9175802 132.8496 
  0.8563748 128.9329 
  0.8489729 127.0181 
  0.6248437 127.0181 
  0.36733 131.531 
  -0.2282752 134.1814 
  -0.04482186 136.2042 
  0.09791369 137.5696 
  0.1530349 138.9488 
  -0.02991743 140.3417 
  0.1174757 141.7487 
  0.1382206 143.1697 
  -0.0717392 144.605 
  0.03453254 145.328 
  0.1129452 144.605 
  0.2653395 143.8855 
  0.2222993 143.8855 
  0.8127899 144.605 
  0.8537534 140.3417 
  0.9537352 138.9488 
  0.9431555 136.8852 
  0.9237331 134.8523 
  0.9592353 132.1886 
  0.9640187 130.8766 
  0.9601141 128.9329 
  0.9640982 127.6532 
  0.961725 127.0181 
  0.9240192 125.7574 
  0.8671018 123.2734 
  0.6116921 123.8897 
  0.298467 125.7574 
  0.2399042 126.3862 
  -0.007590748 127.0181 
  -0.04557796 127.0181 
  -0.003581685 127.0181 
  0.00391934 127.0181 
  -0.01496501 127.0181 
  0.04010123 127.0181 
  -0.1075619 127.0181 
  -0.1041507 126.3862 
  0.04084692 125.7574 
  0.7034597 125.1317 
  0.8326967 123.8897 
  0.9551476 123.2734 
  0.9669186 122.0498 
  0.9429627 120.2372 
  0.9790569 118.4515 
  0.9917901 117.2759 
  0.9909202 116.6924 
  0.9856181 115.5342 
  0.9874315 115.5342 
  0.9697629 114.9594 
  0.9004549 113.8184 
  0.7887651 113.2521 
  0.5653749 113.8184 
  0.231218 115.5342 
  0.1313291 117.8622 
  0.1873872 120.2372 
  0.5829703 123.2734 
  0.8895399 125.7574 
  0.9659646 127.6532 
  0.9110735 129.5776 
  0.7817652 132.1886 
  0.8345228 132.8496 
  0.9120869 132.1886 
  0.9758863 132.1886 
  0.9806277 131.531 
  0.981627 131.531 
  0.9895223 131.531 
  0.993931 131.531 
  0.9873771 131.531 
  0.9771184 131.531 
  0.9594193 131.531 
  0.8536865 130.2255 
  0.7367814 129.5776 
  0.4721439 129.5776 
  0.797132 131.531 
  0.960727 131.531 
  0.961036 130.2255 
  0.9760745 128.9329 
  0.9667753 128.9329 
  0.9407498 130.2255 
  0.9428589 130.2255 
  0.9503882 130.8766 
  0.967549 130.2255 
  0.9544797 129.5776 
  0.9206752 128.2915 
  0.8602559 127.6532 
  0.7020068 125.7574 
  0.4264926 124.5092 
  0.2955857 124.5092 
  -0.05162734 124.5092 
  -0.03163977 124.5092 
  -0.03940885 124.5092 
  0.1353966 125.1317 
  0.5257596 125.7574 
  0.8297948 127.0181 
  0.925807 127.0181 
  0.9977353 126.3862 
  0.9974173 125.7574 
  0.9992878 125.1317 
  0.9996865 125.1317 
  0.902133 127.0181 
  0.8031603 127.0181 
  0.8017784 125.7574 
  0.9320493 124.5092 
  0.9806433 124.5092 
  0.9873357 123.8897 
  0.9826405 123.8897 
  0.8561522 123.2734 
  0.8094108 122.0498 
  0.8688747 121.4426 
  0.99426 122.0498 
  0.921262 122.0498 
  0.8068416 121.4426 
  0.7749878 119.639 
  0.9688078 117.2759 
  0.9531094 115.5342 
  0.8845879 114.3874 
  0.6606345 114.3874 
  0.3929291 115.5342 
  0.4159361 116.6924 
  0.02278236 117.8622 
  0.104195 118.4515 
  0.2072639 119.0438 
  0.07704166 119.639 
  0.1480306 120.8384 
  0.05124851 122.0498 
  -0.2676759 123.2734 
  0.3132997 124.5092 
  0.8205705 125.1317 
  0.7081158 121.4426 
  0.7773937 120.2372 
  0.8957862 118.4515 
  0.7443792 117.8622 
  0.8493451 119.639 
  0.956598 120.2372 
  0.9945748 119.639 
  0.9967228 119.639 
  0.9941086 120.2372 
  0.688589 122.0498 
  0.6845763 126.3862 
  0.7032349 123.8897 
  0.8443275 123.8897 
  0.9869032 123.8897 
  0.9708441 123.2734 
  0.9619192 123.2734 
  0.9139072 123.2734 
  0.8808996 121.4426 
  0.8116955 120.2372 
  0.7444381 119.0438 
  0.3807659 120.8384 
  -0.0410626 123.2734 
  0.1650933 125.7574 
  -0.04117576 127.6532 
  0.258368 129.5776 
  0.04802204 131.531 
  0.2873024 133.5138 
  -0.1820044 135.5266 
  0.009951543 137.5696 
  0.09455249 138.2575 
  0.3174054 137.5696 
  0.7517956 134.8523 
  0.8864382 135.5266 
  0.9317349 134.1814 
  0.8580031 131.531 
  0.9249132 128.2915 
  0.9733729 126.3862 
  0.9748167 126.3862 
  0.9658201 125.1317 
  0.8629903 123.8897 
  0.7821718 123.2734 
  -0.09971575 123.2734 
  0.4329711 123.2734 
  0.5687327 123.8897 
  0.7252045 123.2734 
  0.9171724 122.0498 
  0.9870262 120.2372 
  0.9960282 119.639 
  0.9962004 119.639 
  0.9918686 119.639 
  0.9694325 119.0438 
  0.8177725 118.4515 
  0.6166752 117.8622 
  -0.1130317 119.0438 
  0.0520142 121.4426 
  -0.06019006 124.5092 
  0.03304866 127.0181 
  0.0497458 129.5776 
  0.3490147 132.1886 
  0.2701199 134.8523 
  0.5517059 137.5696 
  0.6984113 137.5696 
  0.7784314 134.8523 
  0.8673196 130.8766 
  0.8941169 128.2915 
  0.9159217 126.3862 
  0.9410389 124.5092 
  0.8830526 122.6601 
  0.9061218 120.2372 
  0.9419648 119.0438 
  0.9471145 117.8622 
  0.9283285 116.6924 
  0.9352113 115.5342 
  0.900599 113.8184 
  0.9175633 112.6886 
  0.9684454 112.6886 
  0.9594604 113.2521 
  0.9698546 112.6886 
  0.9563825 112.6886 
  0.9525509 112.128 
  0.9437076 112.128 
  0.8991982 111.0151 
  0.7533675 110.4628 
  0.4630947 111.0151 
  0.3238465 111.0151 
  0.3860221 111.0151 
  0.08789144 111.0151 
  -0.06981646 111.0151 
  -0.1830086 111.0151 
  -0.09957892 111.0151 
  -0.01845571 111.5702 
  0.1272961 112.128 
  0.2521238 112.6886 
  0.1064143 112.6886 
  0.02367923 112.6886 
  -0.09305836 112.6886 
  -0.169446 112.6886 
  -0.08733825 112.6886 
  -0.3021957 112.6886 
  -0.1201973 112.6886 
  -0.1714015 112.6886 
  -0.105549 112.6886 
  -0.1198028 112.6886 
  -0.2244422 112.6886 
  -0.2925686 112.6886 
  -0.386435 112.6886 
  -0.2021145 112.6886 ]
