 [
  -0.03837588 228.8026 
  -0.06873003 228.8026 
  0.2927321 228.8026 
  -0.003321959 228.8026 
  0.05152334 228.8026 
  0.2029473 228.8026 
  -0.1596161 228.8026 
  0.05054813 228.8026 
  0.02787252 228.8026 
  0.3253209 228.8026 
  0.8961242 228.8026 
  0.7698668 228.8026 
  0.891071 227.6642 
  0.9425716 225.4046 
  0.9679374 227.6642 
  0.9746711 229.9466 
  0.9795523 233.4131 
  0.9763126 236.9318 
  0.9797515 239.307 
  0.9673996 241.7061 
  0.9466548 241.7061 
  0.7441937 239.307 
  0.2201761 238.1164 
  0.3457888 236.9318 
  -0.09781819 235.753 
  -0.07686166 234.5801 
  -0.3838306 233.4131 
  -0.1756415 231.0963 
  -0.2263153 228.8026 
  0.1038374 227.6642 
  0.03036485 225.4046 
  0.1797026 223.1673 
  0.5321495 220.9523 
  0.6811049 212.3098 
  0.9174856 207.0808 
  0.9568328 201.9805 
  0.9488374 197.9909 
  0.9453241 195.0505 
  0.751973 193.1145 
  0.2330448 192.1537 
  0.7275828 192.1537 
  0.8603024 190.2465 
  0.9066221 188.3582 
  0.9813622 186.4887 
  0.9865232 186.4887 
  0.9875245 185.5609 
  0.9786049 186.4887 
  0.9660961 188.3582 
  0.9348383 190.2465 
  0.8604072 191.1978 
  0.1492845 192.1537 
  -0.01205008 193.1145 
  -0.107503 194.0801 
  0.02540089 195.0505 
  0.01354486 196.0257 
  0.05322366 197.0059 
  0.03695034 197.9909 
  0.01853207 198.9809 
  0.1051168 199.9758 
  0.1869351 200.9756 
  0.05161687 200.9756 
  0.2096086 200.9756 
  0.1790169 200.9756 
  0.4161879 190.2465 
  0.6236309 184.6377 
  0.9656903 182.8051 
  0.9848083 180.9906 
  0.9968268 180.0902 
  0.9998373 179.1942 
  0.9994952 179.1942 
  0.9984134 179.1942 
  0.995385 180.0902 
  0.7720612 180.9906 
  0.8810248 180.9906 
  0.9561091 180.0902 
  0.9931617 180.0902 
  0.9980732 180.0902 
  0.9982006 180.0902 
  0.9960524 180.0902 
  0.9896871 180.9906 
  0.97955 181.8956 
  0.9827805 182.8051 
  0.9796394 184.6377 
  0.9506716 184.6377 
  0.9447614 183.7191 
  0.7203107 182.8051 
  0.8499653 181.8956 
  0.7629172 181.8956 
  0.5935215 181.8956 
  0.6994375 181.8956 
  0.9010274 180.9906 
  0.9470799 181.8956 
  0.9911457 181.8956 
  0.9910066 181.8956 
  0.9762028 179.1942 
  0.9772168 176.533 
  0.9889883 174.7808 
  0.9907672 173.9112 
  0.9901145 173.9112 
  0.993168 173.046 
  0.9899179 171.3284 
  0.98085 170.476 
  0.9714236 169.6279 
  0.9818799 171.3284 
  0.9899209 172.185 
  0.9755282 173.046 
  0.9432825 173.9112 
  0.8363523 175.6547 
  0.6081575 178.3027 
  -0.0274208 180.9906 
  0.03262669 182.8051 
  0.1357611 184.6377 
  0.1269925 186.4887 
  0.1452083 188.3582 
  0.002818527 192.1537 
  0.0472228 195.0505 
  0.03820442 197.9909 
  -0.1215996 201.9805 
  0.2072686 206.0505 
  0.3311062 199.9758 
  0.5841739 196.0257 
  0.9679035 193.1145 
  0.9954707 193.1145 
  0.996069 192.1537 
  0.9957539 192.1537 
  0.9886845 194.0801 
  0.99207 196.0257 
  0.9929709 197.9909 
  0.9701467 197.9909 
  0.9304874 197.0059 
  0.7052555 195.0505 
  -0.1266661 193.1145 
  -0.116864 192.1537 
  -0.1837319 191.1978 
  0.1095074 189.3 
  0.2065955 187.4211 
  -0.001075353 185.5609 
  -0.0459603 183.7191 
  0.06645869 181.8956 
  0.09191264 180.9906 
  0.5552717 180.0902 
  0.2755956 178.3027 
  0.05157992 177.4156 
  0.1286173 176.533 
  0.1829688 175.6547 
  0.6438394 173.9112 
  0.8037117 176.533 
  0.8798105 173.046 
  0.8683442 169.6279 
  0.9569443 166.2773 
  0.9720287 163.8079 
  0.9784991 162.182 
  0.9735129 161.3751 
  0.9640692 160.5723 
  0.9033703 159.7734 
  0.8354815 157.4006 
  0.7010893 155.8383 
  0.6344073 160.5723 
  0.8959054 166.2773 
  0.9180503 167.9442 
  0.9419383 165.4501 
  0.9816852 163.8079 
  0.9996433 163.8079 
  0.9931449 164.6269 
  0.996483 165.4501 
  0.9970926 166.2773 
  0.9896591 167.9442 
  0.9924497 168.784 
  0.99185 169.6279 
  0.9972557 171.3284 
  0.9906479 172.185 
  0.990617 173.046 
  0.9970497 173.9112 
  0.9972674 173.9112 
  0.989006 174.7808 
  0.9869925 176.533 
  0.9821159 178.3027 
  0.9501771 180.9906 
  0.9418091 182.8051 
  0.9328443 185.5609 
  0.8039778 187.4211 
  0.7918245 189.3 
  -0.1757027 191.1978 
  -0.1831103 193.1145 
  -0.05479781 195.0505 
  0.046365 197.0059 
  -0.1369187 199.9758 
  -0.1218921 202.9904 
  0.684613 206.0505 
  0.539362 191.1978 
  0.6714011 185.5609 
  0.8853515 180.9906 
  0.8600668 176.533 
  0.8614992 172.185 
  0.9131742 167.9442 
  0.9637105 164.6269 
  0.9769713 162.182 
  0.9916977 161.3751 
  0.9972504 160.5723 
  0.9963987 160.5723 
  0.9972697 159.7734 
  0.9936343 159.7734 
  0.9699968 158.9785 
  0.9442734 158.9785 
  0.8641555 160.5723 
  0.9064966 165.4501 
  0.8370026 168.784 
  0.1573146 170.476 
  0.02921751 172.185 
  0.02636615 173.9112 
  -0.1047378 175.6547 
  -0.04004814 177.4156 
  0.05744788 180.0902 
  0.3848896 182.8051 
  0.02980288 185.5609 
  0.5536422 193.1145 
  0.598261 187.4211 
  0.9175575 186.4887 
  0.9216232 188.3582 
  0.9871024 190.2465 
  0.9617711 190.2465 
  0.9249844 190.2465 
  0.8531502 190.2465 
  0.7049826 193.1145 
  0.2972723 197.0059 
  0.09814073 200.9756 
  -0.1347215 205.0254 
  0.01221523 209.1568 
  0.0001842878 213.3714 
  0.09278314 217.6709 
  0.07609159 222.057 
  0.5538772 226.5316 
  0.3005574 231.0963 
  0.264866 235.753 
  0.2436187 236.9318 
  0.2911207 234.5801 
  0.05313572 227.6642 
  0.004252978 222.057 
  -0.2982982 216.5879 
  0.3765091 211.2535 
  0.1762932 206.0505 
  0.3617876 200.9756 
  -0.1060224 196.0257 
  0.219181 191.1978 
  -0.2109312 186.4887 
  0.09227555 181.8956 
  0.03646338 177.4156 
  -0.03277694 172.185 
  -0.0339131 166.2773 
  0.5216656 162.9929 
  0.6908416 165.4501 
  0.974676 166.2773 
  0.9389272 163.8079 
  0.959074 162.182 
  0.9922908 161.3751 
  0.9836929 159.7734 
  0.9846667 158.9785 
  0.9937385 158.1876 
  0.9844741 158.1876 
  0.9617533 158.1876 
  0.9072772 158.1876 
  0.7816606 159.7734 
  0.3721279 162.9929 
  -0.1945837 166.2773 
  0.03252508 169.6279 
  0.2285234 173.046 
  0.1159324 176.533 
  0.05898155 180.0902 
  0.2464418 183.7191 
  0.792123 188.3582 
  0.4612242 190.2465 
  0.4633613 189.3 
  0.07165717 184.6377 
  0.08560111 179.1942 
  -0.07295658 173.046 
  0.09497786 165.4501 
  0.006105147 160.5723 
  0.2724311 156.6175 
  0.3488417 151.2439 
  0.8448664 149.7427 
  0.9777514 151.2439 
  0.9514673 152.0001 
  0.8760419 151.2439 
  0.6083885 149.7427 
  0.2428381 148.2564 
  0.2571834 146.7849 
  0.3082337 145.328 
  0.1256965 143.8855 
  -0.008252149 142.4574 
  -0.0141633 140.3417 
  0.3440122 138.9488 
  0.2128627 141.0434 
  0.226802 138.9488 
  0.09714253 129.5776 
  0.1176953 124.5092 
  -0.04190999 119.639 
  -0.2859428 114.3874 
  -0.3012723 109.9132 
  -0.5261134 105.0885 
  -0.5876782 100.978 
  -0.06840854 97.02828 
  0.04589652 93.23304 
  0.1753184 89.58624 
  0.2026787 86.0821 
  0.001206401 82.71502 
  0.3946314 78.69076 
  0.3707593 79.08421 
  0.4484506 79.47963 
  0.72315 79.87703 
  0.5528623 79.87703 
  0.1677967 80.27641 
  0.1853197 80.6778 
  0.2664992 81.08118 
  0.2501481 81.4866 
  0.1368099 81.89403 
  0.08628073 82.3035 
  0.1588453 82.3035 
  0.03480716 82.3035 
  0.07851315 82.3035 
  -0.02572162 82.3035 
  -0.07047956 82.3035 
  -0.04538554 82.3035 
  0.10595 82.3035 
  0.007116007 82.3035 
  0.05921168 82.3035 
  0.07617603 82.3035 
  0.1994394 82.3035 
  -0.07638364 82.3035 
  0.01897218 82.3035 
  0.4998247 82.3035 
  0.3798967 81.08118 
  0.4954101 80.6778 
  0.8479847 79.08421 
  0.8805264 79.08421 
  0.9636745 79.47963 
  0.9840148 79.47963 
  0.9933127 79.08421 
  0.9882155 79.08421 
  0.9803042 79.08421 
  0.9616768 78.69076 
  0.8940046 78.29926 
  0.7670382 77.90971 
  0.8281964 75.99085 
  0.835753 75.2366 
  0.8201706 74.86229 
  0.08761217 74.11925 
  0.04000867 73.38358 
  0.06044602 72.6552 
  0.1136004 72.29374 
  0.05682987 71.93407 
  0.06756938 71.93407 
  -0.1211762 71.93407 
  0.01110858 71.93407 
  -0.04798525 71.93407 
  -0.05346057 71.93407 
  -0.1963812 71.93407 
  -0.07980128 71.93407 
  -0.07542522 71.93407 
  0.06654385 71.93407 
  0.1618003 71.93407 
  0.08694974 71.93407 
  -0.1009756 71.93407 
  -0.2444242 71.93407 ]
