 [
  0.004244429 232.2518 
  0.003353125 232.2518 
  0.2910427 232.2518 
  0.128007 232.2518 
  0.2900921 232.2518 
  0.1613618 232.2518 
  -0.02598415 232.2518 
  0.0136109 232.2518 
  0.1062896 232.2518 
  -0.005840994 232.2518 
  -0.01274181 232.2518 
  0.3325705 232.2518 
  0.1196977 232.2518 
  0.5864127 209.1568 
  0.7649747 205.0254 
  0.9474424 205.0254 
  0.9612647 205.0254 
  0.8743984 202.9904 
  0.7097772 200.9756 
  0.4913071 187.4211 
  0.8856086 187.4211 
  0.9187522 187.4211 
  0.9296407 187.4211 
  0.9107727 185.5609 
  0.6042168 192.1537 
  0.1109213 198.9809 
  0.113778 206.0505 
  0.4288664 212.3098 
  0.1122058 218.7592 
  0.03085924 226.5316 
  0.2120138 232.2518 
  0.2142415 232.2518 
  0.3236292 227.6642 
  0.1617553 222.057 
  0.6252471 214.4382 
  0.8697696 209.1568 
  0.9454876 208.1162 
  0.9779662 206.0505 
  0.9889754 204.0054 
  0.996691 204.0054 
  0.9956403 204.0054 
  0.988721 204.0054 
  0.9855222 202.9904 
  0.980766 201.9805 
  0.9239364 201.9805 
  0.8020846 201.9805 
  0.9132886 206.0505 
  0.9837612 209.1568 
  0.9777443 211.2535 
  0.9609572 213.3714 
  0.9658564 214.4382 
  0.9834487 214.4382 
  0.9908023 214.4382 
  0.9789026 214.4382 
  0.95026 212.3098 
  0.898877 211.2535 
  0.6632646 214.4382 
  0.4360363 219.853 
  0.3084584 225.4046 
  0.1262553 231.0963 
  0.3898264 236.9318 
  0.1468608 242.9146 
  0.1874931 246.5766 
  0.2072967 245.3498 
  0.05443576 239.307 
  0.07015163 236.9318 
  0.479586 235.753 
  0.7226286 234.5801 
  0.8357362 216.5879 
  0.9198514 215.5104 
  0.9635234 212.3098 
  0.9621187 210.2025 
  0.9834732 208.1162 
  0.9924791 207.0808 
  0.9926266 207.0808 
  0.9912735 207.0808 
  0.9770775 206.0505 
  0.9284344 205.0254 
  0.8471809 202.9904 
  0.4887158 198.9809 
  0.951462 197.0059 
  0.963434 196.0257 
  0.9674715 195.0505 
  0.9519126 195.0505 
  0.9127454 197.0059 
  0.8346972 199.9758 
  0.531956 204.0054 
  0.5294222 210.2025 
  0.7768978 197.9909 
  0.883411 194.0801 
  0.9881442 191.1978 
  0.9935337 188.3582 
  0.9971785 186.4887 
  0.9947681 184.6377 
  0.9897471 182.8051 
  0.9837696 180.0902 
  0.9897876 176.533 
  0.9964062 174.7808 
  0.997364 174.7808 
  0.9956073 175.6547 
  0.9943026 177.4156 
  0.9911262 179.1942 
  0.9880248 182.8051 
  0.9848566 185.5609 
  0.9903581 189.3 
  0.9923421 192.1537 
  0.9960707 194.0801 
  0.9989941 195.0505 
  0.9977204 196.0257 
  0.9806995 197.0059 
  0.9491385 197.0059 
  0.8018098 197.0059 
  0.6490928 198.9809 
  0.1270513 200.9756 
  -0.02312253 201.9805 
  0.004784627 202.9904 
  0.1012086 204.0054 
  0.08124743 205.0254 
  0.1771893 206.0505 
  0.06269402 207.0808 
  -0.09289205 208.1162 
  -0.02772652 209.1568 
  0.1159877 210.2025 
  0.1168376 211.2535 
  0.1774202 212.3098 
  0.4137377 213.3714 
  0.5180627 213.3714 
  0.7022882 204.0054 
  0.8509974 200.9756 
  0.9692742 197.0059 
  0.9853013 193.1145 
  0.9904289 192.1537 
  0.9906645 190.2465 
  0.9873073 188.3582 
  0.9840207 186.4887 
  0.9838103 184.6377 
  0.9687314 183.7191 
  0.9313067 180.9906 
  0.9188058 177.4156 
  0.9163126 173.9112 
  0.9590621 170.476 
  0.9353917 168.784 
  0.866772 166.2773 
  0.4935372 163.8079 
  0.5211385 162.9929 
  0.6567371 163.8079 
  0.8272147 164.6269 
  0.8242307 165.4501 
  0.5497733 166.2773 
  0.05347249 166.2773 
  0.1183568 166.2773 
  0.06050506 167.9442 
  0.138587 170.476 
  0.07234338 177.4156 
  0.4069332 186.4887 
  0.8879402 193.1145 
  0.937265 191.1978 
  0.9693144 189.3 
  0.9544881 187.4211 
  0.9365516 182.8051 
  0.9706005 179.1942 
  0.9588603 176.533 
  0.9233198 174.7808 
  0.8592803 173.9112 
  0.6171004 173.9112 
  0.1183373 173.9112 
  -0.07576856 173.9112 
  -0.08538774 173.9112 
  0.1752284 173.9112 
  0.3086741 173.9112 
  0.03519876 173.9112 
  0.06411852 173.046 
  0.06108655 168.784 
  0.4695395 165.4501 
  0.9089959 164.6269 
  0.9746109 163.8079 
  0.9549469 163.8079 
  0.9075655 164.6269 
  0.6770778 165.4501 
  -0.02116857 166.2773 
  -0.2579874 167.1087 
  -0.2529153 167.9442 
  0.06428102 168.784 
  -0.000374381 169.6279 
  -0.05549581 172.185 
  -0.0364135 176.533 
  0.7290236 183.7191 
  0.8814192 190.2465 
  0.9415318 193.1145 
  0.9900576 194.0801 
  0.9932604 193.1145 
  0.9869006 192.1537 
  0.9648682 190.2465 
  0.9228923 188.3582 
  0.8115454 188.3582 
  0.357004 187.4211 
  0.08361787 186.4887 
  0.5980718 185.5609 
  -0.3153402 184.6377 
  0.16005 183.7191 
  0.08140253 184.6377 
  0.1508711 187.4211 
  0.03981087 192.1537 
  0.2163412 196.0257 
  0.46541 199.9758 
  0.6845381 195.0505 
  0.8482634 192.1537 
  0.9785247 190.2465 
  0.9852607 188.3582 
  0.9580984 186.4887 
  0.944285 183.7191 
  0.9078757 180.0902 
  0.7611313 179.1942 
  0.5676316 178.3027 
  0.0567689 177.4156 
  -0.03636631 176.533 
  -0.06236435 175.6547 
  -0.1940386 175.6547 
  -0.6187263 175.6547 
  0.1942958 175.6547 
  -0.04328379 175.6547 
  -0.1023595 175.6547 
  -0.02959592 175.6547 
  -0.06892962 174.7808 
  0.3603855 173.9112 
  0.2526468 173.046 
  0.2640325 174.7808 
  0.3342179 180.0902 
  0.243713 186.4887 
  0.4204818 193.1145 
  0.6942797 191.1978 
  0.8706017 189.3 
  0.9488701 187.4211 
  0.8752412 182.8051 
  0.8562206 177.4156 
  0.5956109 171.3284 
  0.3715246 160.5723 
  0.4492146 159.7734 
  0.461361 163.8079 
  -0.4073131 168.784 
  0.07404956 173.9112 
  -0.04677782 178.3027 
  0.335076 182.8051 
  -0.01296458 187.4211 
  0.2534602 191.1978 
  0.5793633 194.0801 
  0.8130667 196.0257 
  0.9351226 197.0059 
  0.9869175 197.9909 
  0.9927459 197.0059 
  0.990862 195.0505 
  0.9848599 193.1145 
  0.8928073 191.1978 
  0.8137842 190.2465 
  0.3937772 187.4211 
  0.6613867 186.4887 
  0.6546563 185.5609 
  0.7512949 184.6377 
  0.5219752 183.7191 
  0.143586 183.7191 
  0.5734906 183.7191 
  0.5711828 183.7191 
  0.285146 182.8051 
  0.06438911 181.8956 
  0.2137281 179.1942 
  0.2317577 177.4156 
  0.3326068 177.4156 
  -0.1118171 178.3027 
  0.4806739 178.3027 
  0.1545391 178.3027 
  0.1225738 178.3027 
  0.01908869 178.3027 
  0.16345 178.3027 
  0.002755798 179.1942 
  -0.0233104 180.9906 
  0.1749216 183.7191 
  0.2218556 184.6377 
  0.4424427 186.4887 
  0.6882901 187.4211 
  0.8142869 183.7191 
  0.9492205 182.8051 
  0.9875346 180.9906 
  0.9887343 180.0902 
  0.9839728 179.1942 
  0.9232511 177.4156 
  0.9008802 174.7808 
  0.8382012 172.185 
  0.377591 173.046 
  0.1885276 180.9906 
  0.1029915 181.8956 
  -0.07787655 184.6377 
  -0.2192175 188.3582 
  -0.1668685 191.1978 
  -0.1691449 193.1145 
  -0.08879791 195.0505 
  -0.02148214 197.0059 
  -0.01165861 198.9809 
  -0.03604949 200.9756 
  0.1361571 202.9904 
  0.1562557 205.0254 
  -0.05109137 207.0808 
  -0.06094865 209.1568 
  -0.1187983 211.2535 
  -0.03234348 214.4382 
  0.8071771 216.5879 
  0.8859597 209.1568 
  0.9521695 207.0808 
  0.9789006 205.0254 
  0.9815044 201.9805 
  0.9880612 199.9758 
  0.9926431 197.9909 
  0.9960108 197.0059 
  0.9967328 197.0059 
  0.9955292 197.0059 
  0.9726797 197.0059 
  0.9400853 197.0059 
  0.8302744 197.0059 
  0.6455688 197.9909 
  0.07424594 198.9809 
  -0.163953 200.9756 
  -0.07889204 201.9805 
  -0.3291412 202.9904 
  0.4353849 204.0054 
  0.6229967 205.0254 
  0.5718976 206.0505 
  0.438822 207.0808 
  0.3151189 209.1568 
  0.5116333 212.3098 
  0.6916454 215.5104 
  0.817898 212.3098 
  0.9782544 211.2535 
  0.9881734 210.2025 
  0.9726769 211.2535 
  0.9478242 214.4382 
  0.9687061 217.6709 
  0.9852593 218.7592 
  0.9788262 218.7592 
  0.8871796 218.7592 
  0.2959506 218.7592 
  0.06416723 218.7592 
  -0.1479045 218.7592 
  -0.02922855 218.7592 
  0.01872842 218.7592 
  0.04541951 218.7592 
  0.1134683 218.7592 
  0.07692259 218.7592 
  0.3114987 218.7592 ]
