 [
  0.0005737132 155.063 
  -0.03844159 155.063 
  0.02233903 155.063 
  0.136839 155.063 
  0.04971745 155.063 
  0.05367773 155.063 
  -0.315037 155.063 
  -0.1325185 155.063 
  -0.04494578 155.063 
  0.07955657 155.063 
  -0.009981057 155.063 
  0.3737896 155.063 
  0.539597 155.063 
  0.4011566 138.9488 
  0.6915561 138.2575 
  0.9296169 137.5696 
  0.9336694 134.8523 
  0.8284925 132.1886 
  0.7570434 127.6532 
  0.4925404 126.3862 
  0.2169833 128.2915 
  0.06500217 130.8766 
  0.05695689 133.5138 
  0.1032948 136.2042 
  0.009632828 138.9488 
  0.005811846 141.7487 
  0.4585427 143.8855 
  0.3769684 146.0546 
  0.4313762 139.6435 
  0.685385 134.8523 
  0.9902252 132.1886 
  0.9959416 131.531 
  0.9946911 131.531 
  0.9912485 131.531 
  0.990943 131.531 
  0.9942464 130.8766 
  0.9843905 131.531 
  0.9875225 132.1886 
  0.9895183 133.5138 
  0.9887081 135.5266 
  0.9856294 137.5696 
  0.9714626 140.3417 
  0.9853544 143.1697 
  0.9883296 145.328 
  0.9854712 148.2564 
  0.991318 150.4914 
  0.992828 152.7601 
  0.9958229 154.2915 
  0.9966165 155.8383 
  0.9954163 157.4006 
  0.9956173 158.1876 
  0.9975409 158.9785 
  0.9970447 160.5723 
  0.9978126 161.3751 
  0.9978018 161.3751 
  0.9960892 160.5723 
  0.9924454 159.7734 
  0.9764198 158.1876 
  0.9322608 156.6175 
  0.8471041 155.8383 
  0.3950717 155.063 
  -0.09016651 154.2915 
  -0.1021693 153.5239 
  -0.09093322 152.7601 
  -0.03068295 152.0001 
  -0.1441 151.2439 
  -0.01805916 150.4914 
  -0.3108966 150.4914 
  -0.06631228 150.4914 
  -0.1351977 150.4914 
  -0.07156444 149.7427 
  0.1297554 148.9977 
  0.3170803 148.2564 
  -0.1603989 147.5188 
  -0.2761507 146.7849 
  -0.3266438 146.0546 
  0.1931619 145.328 
  0.3077202 146.7849 
  0.5764946 143.8855 
  0.9045318 143.1697 
  0.9867489 142.4574 
  0.9825059 142.4574 
  0.9721956 143.8855 
  0.9557284 145.328 
  0.9281379 147.5188 
  0.9125974 149.7427 
  0.9224135 151.2439 
  0.8743852 150.4914 
  0.8843727 146.7849 
  0.3544671 144.605 
  0.3722139 143.8855 
  0.2226397 143.1697 
  0.2274723 142.4574 
  -0.2132228 141.7487 
  0.12059 141.0434 
  0.09912646 140.3417 
  0.1926708 139.6435 
  0.4268429 138.9488 
  0.4477236 138.2575 
  0.4873753 136.2042 
  0.6889106 133.5138 
  0.8337246 130.2255 
  0.8024063 128.9329 
  0.8953187 127.0181 
  0.866928 125.1317 
  0.9353218 122.0498 
  0.9662971 120.8384 
  0.8807495 122.0498 
  0.9382403 123.8897 
  0.9804486 123.8897 
  0.9841592 123.2734 
  0.9383755 122.0498 
  0.7968735 120.8384 
  0.7038683 119.639 
  0.1040091 122.0498 
  0.08120212 124.5092 
  -0.2063506 127.0181 
  0.04296397 129.5776 
  -0.05684672 131.531 
  -0.07487167 133.5138 
  -0.02549025 135.5266 
  0.003308313 137.5696 
  0.08683257 139.6435 
  0.1729981 141.7487 
  0.04459837 143.1697 
  0.05715493 143.8855 
  0.1034023 144.605 
  0.1914433 135.5266 
  0.484978 134.1814 
  0.9405805 132.8496 
  0.9689597 130.2255 
  0.9906564 129.5776 
  0.9935632 128.9329 
  0.9533321 128.2915 
  0.9230533 127.0181 
  0.905198 126.3862 
  0.9923021 127.0181 
  0.996514 127.0181 
  0.9966729 126.3862 
  0.9927025 126.3862 
  0.9728491 125.7574 
  0.6585782 129.5776 
  0.8935368 132.1886 
  0.9555705 132.8496 
  0.9795794 132.1886 
  0.9814953 132.8496 
  0.9850105 133.5138 
  0.9444668 133.5138 
  0.87474 132.1886 
  0.4404612 132.8496 
  0.2386733 134.1814 
  0.2378146 134.8523 
  0.02699731 135.5266 
  0.1329719 136.2042 
  0.2278138 136.8852 
  0.1921635 137.5696 
  0.1600585 137.5696 
  0.1612953 137.5696 
  0.08927701 137.5696 
  0.07474677 137.5696 
  0.2465497 137.5696 
  0.06289655 137.5696 
  0.02795223 137.5696 
  0.05072828 137.5696 
  0.06862786 137.5696 
  0.1320994 137.5696 
  0.1399354 138.2575 
  0.253028 138.9488 
  0.07415964 139.6435 
  0.1187454 139.6435 
  0.1318024 139.6435 
  0.1929605 139.6435 
  0.1654726 139.6435 
  -0.02823713 139.6435 
  -0.09964491 140.3417 
  0.06059108 141.0434 
  0.3682145 141.7487 
  0.3265093 141.7487 
  0.09584414 142.4574 
  -0.0470404 143.1697 
  -0.1271765 143.8855 
  0.0333337 144.605 
  0.04499679 145.328 
  0.06356299 145.328 
  0.02278298 145.328 
  0.08116306 145.328 
  -0.08247872 145.328 
  0.0478375 145.328 
  -0.06294913 145.328 
  0.01089664 145.328 
  0.236069 145.328 
  0.05643616 145.328 
  -0.2281396 145.328 
  -0.1647944 145.328 
  0.006812349 146.0546 
  0.2073262 146.7849 
  0.03312781 147.5188 
  -0.01632538 148.2564 
  -0.1269299 148.9977 
  -0.144139 150.4914 
  -0.1941205 151.2439 
  -0.06632263 152.0001 
  0.09050393 152.7601 
  0.1031123 153.5239 
  0.6377316 145.328 
  0.7352565 141.0434 
  0.8367376 139.6435 
  0.9691948 136.2042 
  0.9769583 134.8523 
  0.9910415 133.5138 
  0.9679091 132.8496 
  0.9506078 132.8496 
  0.9486284 132.1886 
  0.9961323 132.1886 
  0.9987992 132.1886 
  0.9979952 132.1886 
  0.9989392 131.531 
  0.9994721 131.531 
  0.9980717 131.531 
  0.9964467 131.531 
  0.9618071 131.531 
  0.8904521 132.8496 
  0.9315979 132.8496 
  0.9763488 132.1886 
  0.9742872 131.531 
  0.9798256 131.531 
  0.9853587 130.8766 
  0.9848496 130.8766 
  0.9866387 131.531 
  0.9894208 131.531 
  0.9869207 131.531 
  0.9844376 130.8766 
  0.9918275 130.2255 
  0.9896446 129.5776 
  0.9874247 129.5776 
  0.9858951 128.9329 
  0.987699 128.2915 
  0.9886811 127.0181 
  0.988253 126.3862 
  0.9906579 126.3862 
  0.987848 127.0181 
  0.9887523 127.0181 
  0.9340602 126.3862 
  0.8777232 125.7574 
  0.8677861 123.2734 
  0.4037184 124.5092 
  0.9887248 125.7574 
  0.9828739 127.0181 
  0.9064396 128.9329 
  0.7762705 130.8766 
  -0.0109036 133.5138 
  0.8135085 134.1814 
  0.9232576 134.1814 
  0.9879904 134.1814 
  0.9974335 134.1814 
  0.9950125 134.1814 
  0.9932499 135.5266 
  0.9952233 136.2042 
  0.9950586 137.5696 
  0.995391 138.2575 
  0.9969636 138.2575 
  0.9947361 137.5696 
  0.9944018 136.8852 
  0.9912119 135.5266 
  0.9901511 134.8523 
  0.9915965 133.5138 
  0.9926179 132.8496 
  0.991855 132.1886 
  0.9966973 131.531 
  0.9873195 130.2255 
  0.9847825 129.5776 
  0.9740881 128.2915 
  0.9030907 127.0181 
  0.7914792 126.3862 
  0.226869 128.2915 
  0.05729468 130.2255 
  -0.1964861 132.1886 
  -0.01349069 134.1814 
  0.2283637 136.2042 
  0.002548151 138.2575 
  0.02899033 140.3417 
  -0.03802998 142.4574 
  -0.08149033 144.605 
  -0.001064877 146.7849 
  0.06098157 148.9977 
  0.01553839 151.2439 
  0.09468918 153.5239 
  0.1853699 155.8383 
  0.06675382 158.1876 
  0.51862 158.9785 
  0.3990486 136.2042 
  0.8529615 136.2042 
  0.9780244 136.2042 
  0.9838192 134.8523 
  0.9934081 134.1814 
  0.9946947 134.1814 
  0.9892735 134.1814 
  0.9869801 133.5138 
  0.9730537 134.1814 
  0.9575832 134.8523 
  0.9765117 136.2042 
  0.9893438 136.2042 
  0.9769397 134.8523 
  0.9490107 133.5138 
  0.9273748 132.1886 
  0.8333353 129.5776 
  0.5401146 130.2255 
  0.3100077 130.8766 
  0.07506902 131.531 
  -0.02209733 132.1886 
  -0.1301878 132.8496 
  -0.06105157 133.5138 
  0.02412461 134.1814 
  0.05640211 134.8523 
  0.03261745 135.5266 
  -0.1424595 135.5266 
  0.0993785 135.5266 
  0.1546462 135.5266 
  -0.07129954 135.5266 
  -0.04197168 136.2042 
  0.01255128 136.8852 
  0.3881141 137.5696 
  0.7562408 136.2042 
  0.7915184 134.1814 
  0.7907941 132.1886 
  0.865353 130.2255 
  0.9041705 128.2915 
  0.9041908 127.0181 
  0.9346243 125.7574 
  0.8888168 123.8897 
  0.8919798 123.2734 
  0.7299597 123.2734 
  0.8440123 123.8897 
  0.9331837 123.8897 
  0.8901122 123.8897 
  0.8307028 123.8897 
  0.7555332 123.2734 
  0.1274674 123.2734 
  0.3415673 125.1317 
  0.597649 126.3862 
  0.804198 126.3862 
  0.8437266 127.0181 
  0.9133356 127.0181 
  0.9325423 127.6532 
  0.9405193 128.2915 
  0.9164766 127.6532 
  0.8533843 127.0181 
  0.6605985 125.7574 
  0.2191021 127.6532 
  0.8864688 130.2255 
  0.9058337 129.5776 
  0.9231535 128.2915 
  0.9588671 126.3862 
  0.9037544 125.7574 
  0.8303129 125.1317 
  0.9111406 127.6532 
  0.9973202 127.6532 
  0.9994625 127.6532 
  0.755416 129.5776 
  0.7438715 128.9329 
  0.78544 128.2915 
  0.9608375 127.6532 
  0.9522666 127.0181 
  0.9688116 127.0181 
  0.9842835 127.0181 
  0.9891571 127.0181 
  0.9803027 127.0181 
  0.9769616 126.3862 
  0.9604661 125.7574 
  0.8991773 123.8897 
  0.8932467 123.2734 
  0.9018154 123.8897 
  0.9163051 124.5092 
  0.9263435 123.8897 
  0.8500893 122.6601 
  0.7836445 122.6601 
  0.2130931 124.5092 
  0.3381775 125.7574 
  0.2859359 127.6532 
  0.3064994 129.5776 
  -0.006262033 131.531 
  0.0297725 133.5138 
  -0.009972155 135.5266 
  0.008627952 137.5696 
  -0.1088249 139.6435 
  0.09614231 141.0434 
  0.07425355 142.4574 
  0.1320721 143.8855 
  0.04317995 145.328 
  0.05097571 146.7849 
  -0.08087184 148.2564 
  0.133975 149.7427 
  0.09363578 149.7427 
  0.7479706 148.9977 
  0.2223633 135.5266 
  0.4520928 132.8496 
  0.8363276 131.531 
  0.896034 129.5776 
  0.9098287 128.2915 
  0.8510422 129.5776 
  0.887364 130.8766 
  0.8874828 131.531 
  0.7957896 130.8766 
  0.1115059 130.2255 
  0.6053359 130.8766 
  0.1046317 130.8766 
  -0.1718987 130.8766 
  0.3439137 130.8766 
  -0.3636348 130.8766 
  -0.4197278 130.8766 
  -0.2173092 131.531 
  0.1983027 132.1886 
  0.5406952 132.8496 
  0.1303747 132.8496 
  0.5511022 132.8496 
  0.7536591 132.8496 
  0.9678344 132.1886 
  0.9701842 130.8766 
  0.9835844 129.5776 
  0.9964601 128.2915 
  0.9973429 128.2915 
  0.9968923 128.2915 
  0.9969344 127.6532 
  0.9865311 127.0181 
  0.9736319 126.3862 
  0.8988645 125.7574 
  0.7359906 126.3862 
  0.2701699 128.2915 
  0.3372238 130.8766 
  0.4331596 133.5138 
  0.5919843 135.5266 
  0.7774224 134.1814 
  0.8630943 132.1886 
  0.9483273 130.8766 
  0.9837517 130.2255 
  0.9959449 130.2255 
  0.9973592 130.2255 
  0.9963799 130.2255 
  0.9947789 130.2255 
  0.9898847 130.8766 
  0.9901428 130.8766 
  0.9910283 130.8766 
  0.9927071 130.2255 
  0.9921163 130.2255 
  0.9800186 130.8766 
  0.9726011 131.531 
  0.9708925 132.1886 
  0.9415225 132.1886 
  0.8483423 132.1886 
  0.6938477 132.1886 
  0.2635991 132.1886 
  0.3188098 132.1886 
  0.1549945 132.1886 
  0.08378807 132.1886 
  0.1253713 132.1886 
  0.03733674 132.1886 
  0.05022579 132.1886 
  0.1395398 132.1886 
  -0.05455898 132.1886 
  -0.1995297 132.1886 
  -0.1459471 132.1886 
  0.05034653 132.1886 
  -0.06188527 132.1886 
  0.05642103 132.1886 
  0.1585363 132.1886 
  0.1767301 132.1886 
  -0.01597387 132.1886 
  -0.1551204 132.1886 
  -0.1748196 132.1886 
  -0.111603 132.1886 
  -0.167036 132.1886 
  -0.210539 132.1886 
  -0.1991973 132.1886 
  0.04084456 132.1886 
  0.05818889 132.1886 
  0.1956985 132.1886 
  0.04601208 132.1886 
  -0.0657647 132.1886 
  -0.05417491 132.1886 
  0.06909844 132.1886 
  0.03427962 132.1886 
  -0.1516575 132.1886 
  -0.1387379 132.1886 ]
