 [
  -0.097863 118.4515 
  -0.201638 118.4515 
  -0.2605093 118.4515 
  -0.05984412 118.4515 
  0.07276249 118.4515 
  -0.01647402 118.4515 
  -0.02435902 118.4515 
  -0.1535742 118.4515 
  -0.1689762 118.4515 
  -0.2218313 118.4515 
  0.0003281452 118.4515 
  0.004653422 118.4515 
  -0.02716421 118.4515 
  -0.009408987 118.4515 
  0.5673552 118.4515 
  0.5989772 111.0151 
  0.8641766 111.5702 
  0.8745039 111.5702 
  0.8517315 109.3664 
  0.9614301 107.7421 
  0.8569803 109.3664 
  0.8962992 111.0151 
  0.9848261 112.6886 
  0.9824314 113.8184 
  0.9930561 114.9594 
  0.9823502 115.5342 
  0.8861009 117.8622 
  0.8317481 119.639 
  0.8808912 119.639 
  0.9332465 119.639 
  0.9250284 120.2372 
  0.9326385 122.6601 
  0.9483789 123.8897 
  0.9652655 125.1317 
  0.9782253 126.3862 
  0.9757199 127.6532 
  0.9892562 128.2915 
  0.9864376 128.9329 
  0.9871727 129.5776 
  0.9957646 130.2255 
  0.9861071 130.2255 
  0.9699144 130.8766 
  0.9797546 132.1886 
  0.9913003 132.8496 
  0.9789631 133.5138 
  0.9633661 134.8523 
  0.9822987 135.5266 
  0.9737145 136.2042 
  0.967128 137.5696 
  0.9539225 138.2575 
  0.9643977 138.9488 
  0.9426644 138.9488 
  0.9449072 138.2575 
  0.9330443 138.2575 
  0.9953668 139.6435 
  0.9876536 138.2575 
  0.9849248 136.8852 
  0.9844086 135.5266 
  0.9150128 133.5138 
  0.8223216 129.5776 
  0.9011378 126.3862 
  0.8579108 122.6601 
  0.9067649 118.4515 
  0.9074961 116.1118 
  0.886218 113.8184 
  0.8935261 111.5702 
  0.8521628 109.9132 
  0.7247571 109.3664 
  0.790949 110.4628 
  0.9968105 111.0151 
  0.9960476 111.0151 
  0.9693643 111.0151 
  0.8758957 111.5702 
  0.4341326 114.3874 
  0.2527275 117.8622 
  0.1672673 120.2372 
  -0.1191951 122.6601 
  -0.0640629 123.2734 
  0.2956946 122.0498 
  0.6941679 120.8384 
  0.9650897 120.2372 
  0.9741403 119.639 
  0.9751674 119.0438 
  0.9175586 120.2372 
  0.9019132 122.0498 
  0.8982098 123.2734 
  0.8128284 123.8897 
  0.7051033 123.8897 
  0.1952388 123.8897 
  0.1875791 125.1317 
  0.1300387 127.0181 
  0.2135766 129.5776 
  0.7899324 134.1814 
  0.8853739 134.1814 
  0.9392235 134.1814 
  0.9616501 132.8496 
  0.9525285 131.531 
  0.962461 129.5776 
  0.9619398 128.2915 
  0.9779084 127.0181 
  0.9577141 126.3862 
  0.8919264 124.5092 
  0.743762 123.2734 
  0.7203965 120.2372 
  0.8682089 117.8622 
  0.9411749 117.2759 
  0.9647948 117.8622 
  0.9603835 117.8622 
  0.9280274 116.6924 
  0.9577182 115.5342 
  0.9613488 113.8184 
  0.9819735 112.6886 
  0.9810848 112.128 
  0.9824741 112.128 
  0.9943063 112.128 
  0.998302 112.128 
  0.9814267 111.5702 
  0.9071581 110.4628 
  0.673636 109.9132 
  0.1130439 111.0151 
  0.175864 112.128 
  0.1281655 112.6886 
  0.1401483 113.8184 
  0.03179137 116.6924 
  0.04853441 119.0438 
  0.1126938 121.4426 
  0.04947263 123.8897 
  0.2050167 126.3862 
  0.4919315 129.5776 
  0.7748986 128.2915 
  0.8653439 125.1317 
  0.9674512 123.8897 
  0.9695814 122.0498 
  0.9796407 120.8384 
  0.9827619 120.2372 
  0.9902556 119.639 
  0.9932798 119.0438 
  0.9943588 118.4515 
  0.9848545 117.2759 
  0.9715978 116.1118 
  0.9256696 114.9594 
  0.8456417 114.3874 
  0.6485449 114.3874 
  0.4136023 114.9594 
  -0.02079244 115.5342 
  -0.02085223 115.5342 
  0.1462856 115.5342 
  0.2790995 115.5342 
  0.2706958 115.5342 
  0.1029359 115.5342 
  0.09614383 115.5342 
  0.417526 115.5342 
  0.8092467 116.6924 
  0.9731563 116.6924 
  0.9682537 116.1118 
  0.9683464 114.9594 
  0.9707693 113.8184 
  0.9780583 112.6886 
  0.9907398 112.128 
  0.9851407 111.0151 
  0.9955705 110.4628 
  0.9934943 109.9132 
  0.9855608 108.8223 
  0.976914 107.7421 
  0.9371096 106.6728 
  0.8689253 105.614 
  0.7694129 104.5657 
  0.2394098 104.0455 
  0.03603318 104.0455 
  0.164562 103.5278 
  0.2217446 104.0455 
  0.3017489 105.0885 
  0.02478098 107.2061 
  -0.1003601 109.9132 
  -0.2060025 113.2521 
  0.7524959 116.6924 
  0.6239251 107.7421 
  0.7486776 106.142 
  0.7705547 105.0885 
  0.8336213 103.5278 
  0.9590417 102.5003 
  0.951931 102.5003 
  0.9223245 101.4829 
  0.9367225 101.4829 
  0.9614991 101.9903 
  0.9884702 102.5003 
  0.9106452 103.5278 
  0.9235186 104.5657 
  0.9642044 105.614 
  0.9548975 105.614 
  0.9562823 105.614 
  0.9300272 105.614 
  0.9530935 104.5657 
  0.9585658 104.5657 
  0.9712331 105.0885 
  0.9208161 105.0885 
  0.9138823 106.142 
  0.9679992 106.6728 
  0.8236006 106.6728 
  0.761133 105.614 
  0.6754784 103.5278 
  0.6608787 103.0128 
  0.9787088 103.5278 
  0.9980251 103.5278 
  0.9791446 103.0128 
  0.9827887 102.5003 
  0.8650956 101.9903 
  0.8080842 100.978 
  0.8859178 99.47836 
  0.8112018 97.51342 
  0.9099007 95.5873 
  0.8770057 94.1677 
  0.9306604 92.7692 
  0.861795 91.84841 
  0.8310447 90.93677 
  0.8780376 90.03418 
  0.7781553 89.58624 
  0.6555342 90.03418 
  0.4739828 90.48434 
  0.474645 91.39146 
  -0.07721809 92.30766 
  -0.0520679 93.23304 
  -0.1380253 94.1677 
  -0.01653865 95.11173 
  -0.03823199 96.06523 
  -0.01183626 97.02828 
  0.02566001 98.00098 
  0.05007195 98.98344 
  -0.01622079 99.97575 
  0.004861686 100.978 
  -0.1265793 101.9903 
  -0.1280467 103.0128 
  -0.0679106 104.0455 
  0.00298063 105.0885 
  0.05998045 106.142 
  0.1128429 107.2061 
  0.04713472 108.2809 
  0.07985876 109.3664 
  -0.4802964 110.4628 
  0.3163996 111.5702 
  0.03453267 112.6886 
  -0.006568919 113.8184 
  -0.009425675 114.9594 
  0.2675671 116.1118 
  0.832541 116.6924 
  0.9376712 116.6924 
  0.9748972 116.6924 
  0.9665667 117.2759 
  0.9617388 117.2759 
  0.9431707 117.2759 
  0.9077951 116.1118 
  0.9023389 114.9594 
  0.9165186 114.3874 
  0.9292917 113.2521 
  0.9276298 113.2521 
  0.9007038 112.128 
  0.7106175 109.9132 
  0.6990317 106.142 
  0.7170484 101.4829 
  0.3008449 99.47836 
  0.2282651 99.47836 
  0.5128658 98.98344 
  0.1386462 98.491 
  -0.03779671 98.00098 
  -0.006455567 98.00098 
  -0.007895352 97.51342 
  -0.1220805 97.51342 
  0.08031924 97.51342 
  0.07226928 97.02828 
  0.1059254 96.54556 
  0.216722 96.06523 
  -0.2252919 95.5873 
  -0.05193343 95.11173 
  -0.1673802 94.63854 
  0.6625869 94.1677 
  0.6765975 93.23304 
  0.8179183 91.84841 
  0.7349128 90.03418 
  0.4041955 85.65383 
  0.7979313 83.12859 
  0.9355034 82.3035 
  0.925239 83.12859 
  0.9315678 83.54424 
  0.9870864 84.38177 
  0.9446952 84.80367 
  0.9617741 85.65383 
  0.8707221 86.0821 
  0.6154989 86.51251 
  0.7354679 87.8167 
  0.9533716 88.69706 
  0.9732015 88.69706 
  0.9574601 88.25578 
  0.8630024 87.3798 
  0.6696602 86.94508 
  0.3235166 86.94508 
  -0.2195658 87.3798 
  -0.5092995 87.8167 
  -0.3391209 88.69706 
  -0.07617129 89.58624 
  -0.1151425 90.48434 
  -0.07149134 91.39146 
  0.0952287 91.84841 
  0.03044824 92.7692 
  0.04718833 93.6992 
  0.07085248 94.63854 
  0.3116391 95.5873 
  0.02713247 96.54556 
  -0.377608 97.51342 
  -0.1112546 98.491 
  -0.0733432 99.47836 
  -0.04371242 100.4756 
  0.01115421 100.978 
  -0.1803259 101.4829 
  0.2876369 101.4829 
  0.738917 101.9903 
  0.460019 103.0128 
  0.1688729 99.47836 
  0.4851165 97.51342 
  0.9292198 97.51342 
  0.9600999 97.51342 
  0.9303839 96.54556 
  0.8765244 95.11173 
  0.8338853 94.1677 
  0.4976291 94.1677 
  -0.1349641 95.11173 
  -0.07141812 96.06523 
  0.2100846 97.02828 
  0.4935035 98.00098 
  0.6034012 99.47836 
  0.6621727 100.978 
  0.8635453 102.5003 
  0.9326493 104.0455 
  0.9676855 105.614 
  0.9669167 107.2061 
  0.8628781 108.8223 
  0.8883081 108.2809 
  0.9141775 106.6728 
  0.9700843 105.614 
  0.9816431 105.0885 
  0.988515 105.0885 
  0.9802552 105.0885 
  0.9749328 104.5657 
  0.9702138 105.0885 
  0.9807009 105.0885 
  0.9707317 105.614 
  0.9632767 105.614 
  0.9714946 105.614 
  0.9671319 105.0885 
  0.9441126 105.614 
  0.942291 106.142 
  0.9685568 106.142 
  0.9406357 105.614 
  0.8852686 104.5657 
  0.9055474 103.5278 
  0.9281647 103.0128 
  0.8617157 102.5003 
  0.7465365 103.0128 
  0.888116 103.5278 
  0.9830215 103.5278 
  0.9897063 103.0128 
  0.9917845 103.0128 
  0.9941218 103.0128 
  0.9817193 103.0128 
  0.8330152 104.0455 
  0.8654489 103.5278 
  0.9628825 103.0128 
  0.9878048 103.0128 
  0.9876797 103.0128 
  0.995214 102.5003 
  0.9954339 102.5003 
  0.994 101.9903 
  0.9949478 101.9903 
  0.9927682 101.9903 
  0.9935594 101.4829 
  0.9821777 100.978 
  0.9404069 99.97575 
  0.8838307 98.00098 
  0.8942553 95.5873 
  0.9533396 93.6992 
  0.951107 92.7692 
  0.9181592 92.7692 
  0.915756 94.1677 
  0.9159125 96.06523 
  0.9837874 97.02828 
  0.9891468 96.54556 
  0.9886315 96.06523 
  0.9519262 94.63854 
  0.9548016 93.23304 
  0.9455336 93.23304 
  0.9246654 94.1677 
  0.9796869 95.11173 
  0.9810309 95.11173 
  0.9326415 94.1677 
  0.8745432 92.7692 
  0.9425957 91.39146 
  0.9824112 90.48434 
  0.9901153 90.48434 
  0.9818143 90.03418 
  0.8852137 89.58624 
  0.6626886 90.48434 
  0.8875796 92.30766 
  0.9089497 93.23304 
  0.7702106 93.6992 
  0.5146506 94.63854 
  -0.3146897 95.5873 
  0.02612934 96.54556 
  -0.05805175 97.51342 
  -0.03729901 98.491 
  -0.123279 99.47836 
  0.040515 100.978 
  0.142191 102.5003 
  0.7362819 104.0455 
  0.8541473 103.5278 
  0.9470564 103.0128 
  0.9137555 101.4829 
  0.9050419 99.47836 
  0.9543208 98.00098 
  0.9799607 96.54556 
  0.9344609 95.5873 
  0.9156427 94.1677 
  0.9686118 93.23304 
  0.9811176 92.30766 
  0.9141512 92.30766 
  0.8826364 92.7692 
  0.900415 92.30766 
  0.896472 91.39146 
  0.8079758 90.03418 
  0.5006197 90.93677 
  0.6892753 92.7692 
  0.9922181 93.6992 
  0.9927703 94.1677 
  0.9868706 94.63854 
  0.9945077 95.11173 
  0.9653541 96.06523 
  0.8584899 97.02828 
  0.8846512 97.51342 
  0.9217209 97.51342 
  0.9923171 96.54556 
  0.9918966 96.54556 
  0.9974372 96.06523 
  0.9977911 96.06523 
  0.9866241 95.5873 
  0.9924017 94.63854 
  0.9959631 94.1677 
  0.9932806 93.6992 
  0.9298832 92.30766 
  0.9626666 90.48434 
  0.9481393 88.69706 
  0.4072198 86.94508 
  0.2869703 85.65383 
  -0.02492539 85.65383 
  0.4386704 88.25578 
  0.362809 89.14054 
  0.001744018 90.03418 
  -0.05775028 91.84841 
  0.3709533 94.1677 
  0.7864334 94.1677 
  0.9039454 94.63854 
  0.9365571 95.11173 
  0.9792101 95.5873 
  0.9804882 95.5873 
  0.9811022 95.11173 
  0.9623618 94.63854 
  0.9491175 93.6992 
  0.9797944 93.23304 
  0.9915915 93.23304 
  0.9789728 92.7692 
  0.9181252 91.39146 
  0.9649357 90.93677 
  0.9491038 90.48434 
  0.9485942 90.48434 
  0.9317749 89.58624 
  0.8838251 88.69706 
  0.9515544 87.8167 
  0.8352004 86.0821 
  0.8406262 83.96195 
  0.6724796 81.4866 
  0.7893307 79.87703 
  0.9437922 79.87703 
  0.9725512 79.47963 
  0.9843037 79.47963 
  0.808982 80.6778 
  0.8697307 81.89403 
  0.9413041 82.3035 
  0.9742621 82.71502 
  0.9602495 82.71502 
  0.8004831 82.3035 
  0.6513225 81.89403 
  0.6113045 81.89403 
  0.6436162 81.89403 
  0.6873119 81.89403 
  0.6436001 81.89403 
  0.615427 81.89403 
  0.1673697 81.89403 
  -0.1082177 81.89403 
  0.1988218 81.89403 
  0.1788284 81.89403 
  0.02407485 81.89403 
  -0.01694652 81.89403 
  0.1281497 81.89403 ]
