 [
  -0.1230453 81.4866 
  -0.07012466 81.4866 
  -0.1327207 81.4866 
  -0.2526974 81.4866 
  -0.225025 81.4866 
  -0.1366261 81.4866 
  0.0840315 81.4866 
  0.151419 81.4866 
  -0.05836509 81.4866 
  0.1273884 81.4866 
  -0.2944399 81.4866 
  0.1057189 81.4866 
  -0.02207275 81.4866 
  -0.1116232 81.4866 
  -0.2086411 81.4866 
  -0.06333592 81.4866 
  -0.007471468 81.4866 
  -0.05125862 81.4866 
  0.2639165 81.4866 
  0.4061002 81.4866 
  -0.006637703 81.4866 
  -0.1449618 81.08118 
  -0.09226465 80.6778 
  0.3690899 80.27641 
  0.3778512 79.47963 
  0.6649698 77.13642 
  0.3878291 78.69076 
  0.2614404 82.71502 
  0.8981611 83.96195 
  0.8190727 83.54424 
  0.6019466 83.54424 
  0.5967157 86.94508 
  0.6230443 86.51251 
  0.2888755 85.2277 
  0.90319 86.51251 
  0.7048013 88.69706 
  0.7530451 92.30766 
  0.8289012 97.51342 
  0.9179795 99.97575 
  0.8927708 102.5003 
  0.9739194 104.5657 
  0.9690685 104.5657 
  0.8737225 103.0128 
  0.8085975 99.97575 
  0.5630783 98.491 
  0.3089606 97.51342 
  0.1425963 96.54556 
  -0.05378297 95.5873 
  -0.1241007 94.63854 
  -0.1292904 93.6992 
  0.03075957 92.7692 
  0.03414549 91.84841 
  -0.01906772 90.93677 
  -0.05480077 90.48434 
  -0.04049907 90.03418 
  0.310918 89.58624 
  0.6432857 91.39146 
  0.9356451 91.39146 
  0.5833096 90.03418 
  0.5244452 87.8167 
  0.7146047 86.0821 
  0.7180626 84.80367 
  0.8303504 84.38177 
  0.9626833 83.54424 
  0.9740038 83.12859 
  0.9608157 82.71502 
  0.907592 83.12859 
  0.9500328 83.12859 
  0.9540892 83.12859 
  0.9562346 83.12859 
  0.9854518 83.96195 
  0.986357 83.96195 
  0.9361563 84.38177 
  0.7869875 84.38177 
  0.6350928 84.80367 
  0.4123641 81.89403 
  0.5930428 83.96195 
  0.9467036 84.38177 
  0.9858019 84.38177 
  0.9747114 84.80367 
  0.9511142 85.2277 
  0.9364958 85.65383 
  0.8962038 87.3798 
  0.9427633 89.14054 
  0.9291117 90.03418 
  0.8994209 90.48434 
  0.7363123 90.93677 
  0.5633017 90.03418 
  0.4913807 90.03418 
  0.7692907 89.14054 
  0.4602066 89.14054 
  0.1431527 89.14054 
  0.1011733 88.69706 
  0.1257146 88.69706 
  0.2565885 88.25578 
  0.2273501 87.8167 
  0.1746505 87.3798 
  -0.1145161 86.94508 
  -0.02598591 86.51251 
  -0.0671977 86.0821 
  0.04194418 85.65383 
  -0.04068883 85.2277 
  -0.09216212 84.80367 
  -0.1195371 84.38177 
  -0.02519251 83.96195 
  -0.009781198 83.54424 
  0.302149 83.12859 
  0.5336642 81.89403 
  0.6467213 79.08421 
  0.8141648 77.5221 
  0.8544434 75.99085 
  0.9356364 75.61279 
  0.9766754 74.86229 
  0.9669909 74.86229 
  0.9407555 74.48985 
  0.9197276 74.48985 
  0.7883209 73.38358 
  0.7340468 71.57619 
  0.4800999 70.86576 
  0.5016637 70.16238 
  0.2854746 70.51319 
  0.2478562 71.57619 
  0.1160162 73.7505 
  0.04352594 77.5221 
  0.1134321 79.47963 
  0.09629644 80.6778 
  0.3232341 82.3035 
  0.5101222 86.94508 
  0.5107816 88.69706 
  0.7110782 87.8167 
  0.7373502 85.65383 
  0.9531332 85.65383 
  0.9914896 85.65383 
  0.9833717 85.65383 
  0.7519695 86.51251 
  0.5108474 87.3798 
  0.7435325 90.03418 
  0.7406023 90.48434 
  0.4990357 89.58624 
  0.2510662 93.23304 
  0.2556392 93.23304 
  0.1545956 90.93677 
  0.09882626 89.58624 
  -0.4020039 89.14054 
  0.2599602 89.14054 
  -0.1339547 89.58624 
  0.171738 89.58624 
  -0.1520449 90.03418 
  0.5605935 90.48434 
  0.8174987 90.03418 
  0.9249102 89.14054 
  0.9502534 88.25578 
  0.7414444 86.94508 
  0.7812557 86.0821 
  0.9190793 84.38177 
  0.9839993 83.96195 
  0.9937848 83.96195 
  0.9904429 83.96195 
  0.9847715 84.38177 
  0.9952028 84.38177 
  0.9934292 83.96195 
  0.9950163 83.96195 
  0.9846252 83.96195 
  0.9763653 83.96195 
  0.957558 83.54424 
  0.9633663 83.54424 
  0.9190363 82.71502 
  0.9516486 81.4866 
  0.9328527 80.6778 
  0.9549126 80.6778 
  0.9422552 80.6778 
  0.9338685 81.4866 
  0.9835976 82.3035 
  0.9213666 82.3035 
  0.8155441 81.89403 
  0.6750678 80.6778 
  0.4040089 79.08421 
  0.1044233 78.29926 
  0.06277862 77.90971 
  -0.02001292 77.5221 
  -0.1632842 77.13642 
  0.131278 76.75266 
  0.1547376 76.75266 
  0.6692026 75.99085 
  0.5471862 74.86229 
  0.6239285 66.08632 
  0.6909015 66.41676 
  0.3761132 66.08632 
  0.3271803 66.41676 
  0.3258323 66.41676 
  0.2397135 68.43433 
  0.512956 70.16238 
  0.5459126 73.38358 
  0.828667 73.38358 
  0.7294446 74.11925 
  0.789129 74.86229 
  0.8250057 77.13642 
  0.8981165 79.08421 
  0.9226806 80.27641 
  0.9576693 81.08118 
  0.9671201 81.89403 
  0.9229448 83.12859 
  0.9065894 84.80367 
  0.9443306 85.65383 
  0.9765411 85.65383 
  0.9731407 85.65383 
  0.9741545 86.0821 
  0.9799607 86.0821 
  0.9758315 86.0821 
  0.938616 86.51251 
  0.8327155 87.3798 
  0.1599466 88.25578 
  0.02491315 89.58624 
  0.09409732 90.93677 
  0.7095309 92.30766 
  0.8905053 93.23304 
  0.9356588 92.7692 
  0.9733188 91.84841 
  0.9568877 90.48434 
  0.9443908 89.14054 
  0.9248634 87.3798 
  0.8499767 85.65383 
  0.7369981 83.96195 
  0.5150555 84.38177 
  0.7958758 86.51251 
  0.9700978 86.51251 
  0.9901097 86.0821 
  0.9497303 85.65383 
  0.8507363 85.65383 
  0.826866 85.2277 
  -0.006889572 84.80367 
  0.08719701 84.80367 
  -0.03253056 84.80367 
  -0.4799232 85.2277 
  -0.01712311 85.65383 
  -0.02557503 86.0821 
  0.06668793 86.51251 
  0.15943 86.0821 
  0.2413578 86.51251 
  0.1845496 85.65383 
  -0.07293929 84.80367 
  0.08741143 84.80367 
  0.1980916 86.0821 
  0.7086662 91.84841 
  0.276514 83.96195 
  0.7090929 83.12859 
  0.5131269 81.89403 
  0.7555708 80.6778 
  0.803197 78.69076 
  0.9384865 77.13642 
  0.960778 76.3708 
  0.988353 76.3708 
  0.9706464 75.99085 
  0.9530766 75.99085 
  0.9276545 75.99085 
  0.8916575 75.61279 
  0.8881828 75.2366 
  0.7139571 74.86229 
  0.2361157 75.2366 
  0.1696531 75.61279 
  -0.01360178 75.61279 
  -0.08224232 75.61279 
  -0.178099 75.61279 
  0.003678135 75.61279 
  -0.01829176 75.61279 
  -0.1289147 75.61279 
  -0.2708309 75.99085 
  -0.1651578 76.3708 
  0.2536184 76.75266 
  0.4358949 77.13642 
  0.1417834 77.5221 
  0.6664986 77.90971 
  0.7192134 76.75266 
  0.8165919 75.61279 
  0.981505 74.48985 
  0.9903846 74.48985 
  0.9860399 74.48985 
  0.9531029 74.48985 
  0.8850823 74.11925 
  0.7013964 73.7505 
  0.5257556 74.11925 
  0.02398656 74.48985 
  0.01239801 74.86229 
  -0.1135573 75.2366 
  -0.06836674 75.61279 
  0.08874819 75.99085 
  -0.07315241 75.99085 
  0.07725085 75.99085 
  0.04948493 75.99085 
  0.06377861 75.99085 
  0.02911429 75.99085 
  0.1828063 75.99085 
  0.2539336 75.99085 
  0.2773622 75.99085 
  0.05398303 76.3708 
  0.1532381 76.3708 
  -0.04962891 76.75266 
  -0.01375727 76.75266 
  -0.06433687 77.13642 
  0.3058311 77.5221 
  0.2757084 77.5221 
  0.06627468 77.5221 
  -0.09280776 77.5221 
  -0.09080774 77.90971 
  0.02791084 78.29926 
  0.2591837 78.69076 
  0.1916255 79.08421 
  0.07703592 79.47963 
  0.6140553 81.08118 
  0.6711038 81.4866 
  0.9420623 81.4866 
  0.9163542 81.4866 
  0.7295973 80.6778 
  0.6555822 79.87703 
  0.5859092 79.08421 
  0.8557746 78.69076 
  0.8598813 77.13642 
  0.4962713 77.5221 
  0.7052579 77.13642 
  0.7345881 77.5221 
  0.9194064 77.13642 
  0.9656249 76.3708 
  0.7801927 75.61279 
  0.6789927 75.2366 
  0.5597072 72.29374 
  0.6760632 68.43433 
  0.9027601 67.75508 
  0.9371858 67.08258 
  0.9205509 66.74884 
  0.7200244 67.08258 
  0.4967133 73.38358 
  0.7188607 72.29374 
  0.8493705 70.86576 
  0.9173681 70.86576 
  0.8753268 70.16238 
  0.7663077 69.81332 
  0.3645236 70.16238 
  -0.1848795 72.29374 
  -0.04907186 74.11925 
  0.06248659 76.3708 
  -0.09731832 78.29926 
  0.1610739 79.47963 
  0.1972459 79.47963 
  0.2324046 79.47963 
  0.07234666 79.87703 
  0.1148296 81.08118 
  0.1878923 80.27641 
  0.1608228 81.4866 
  0.4879287 77.5221 
  0.5924951 77.90971 
  0.8947761 78.69076 
  0.9060592 78.69076 
  0.7882118 77.5221 
  0.8263597 76.75266 
  0.9032283 76.75266 
  0.9347135 77.5221 
  0.8275778 77.5221 
  0.7388959 77.13642 
  0.6597373 76.75266 
  0.475837 77.5221 
  0.3356882 78.29926 
  0.329787 78.29926 
  0.1148841 78.29926 
  0.1496393 78.69076 
  -0.03081426 79.47963 
  -0.09575544 80.27641 
  0.0246905 80.27641 
  0.2578566 81.4866 
  0.6424916 79.08421 
  0.7093874 77.13642 
  0.7581509 75.61279 
  0.6675413 75.2366 
  0.5708374 75.99085 
  0.01980513 76.3708 
  0.02723379 76.3708 
  0.2197519 76.75266 
  0.162655 76.75266 
  -0.1205395 76.75266 
  0.02526587 76.75266 
  0.2185131 77.13642 
  0.03581366 77.5221 
  0.08134857 77.90971 
  0.1804664 77.90971 
  0.1526271 77.90971 
  0.09732044 77.5221 
  0.01934892 77.13642 
  0.06865565 76.75266 
  0.228867 76.3708 
  0.2852408 75.99085 
  0.1240533 75.61279 
  0.1744407 75.2366 
  0.120184 74.86229 
  -0.09524658 74.11925 
  0.5113826 74.11925 
  0.9127425 74.11925 
  0.8989479 74.11925 
  0.8921362 75.2366 
  0.9293087 77.13642 
  0.9686084 77.5221 
  0.96473 77.5221 
  0.9807884 77.5221 
  0.983094 77.13642 
  0.9653643 76.3708 
  0.9670814 75.99085 
  0.986417 75.99085 
  0.9454041 75.2366 
  0.8908327 73.7505 
  0.8805543 73.01849 
  0.9624223 72.29374 
  0.9594722 71.57619 
  0.8825849 70.86576 
  0.764953 70.16238 
  0.8034863 68.7765 
  0.6532804 68.09386 
  0.6271697 68.09386 
  0.7023205 68.09386 
  0.7487411 68.09386 
  0.7864466 68.09386 
  0.6952252 68.09386 
  0.5780436 68.09386 
  0.4195729 68.09386 
  0.2194563 68.09386 
  0.1304 68.09386 
  -0.0307473 68.09386 
  -0.1303209 68.09386 
  -0.1256419 68.09386 ]
