 [
  -0.1018082 235.753 
  -0.1788275 235.753 
  0.1594953 235.753 
  0.1327249 235.753 
  0.5895069 235.753 
  0.1638259 235.753 
  0.2045182 235.753 
  0.05411587 235.753 
  0.1137588 235.753 
  0.4990976 235.753 
  0.9469578 235.753 
  0.6927885 235.753 
  0.8427925 234.5801 
  0.9369969 233.4131 
  0.9941353 233.4131 
  0.9730735 235.753 
  0.7745661 241.7061 
  0.9038231 242.9146 
  0.9475443 241.7061 
  0.9934571 240.5036 
  0.9943215 239.307 
  0.9931319 239.307 
  0.995806 238.1164 
  0.9993492 238.1164 
  0.9954745 236.9318 
  0.9979299 236.9318 
  0.9993306 236.9318 
  0.9992929 236.9318 
  0.9971471 238.1164 
  0.9879332 238.1164 
  0.9800333 240.5036 
  0.975415 242.9146 
  0.9473083 247.8095 
  0.9503512 254.067 
  0.9733053 260.4825 
  0.9822074 265.7313 
  0.9782228 269.7372 
  0.9783019 272.4414 
  0.9635261 273.8036 
  0.8083525 269.7372 
  0.8540376 265.7313 
  -0.09120623 263.0938 
  0.1996675 260.4825 
  0.2484029 257.8971 
  0.07436171 255.3373 
  0.01687389 252.8029 
  0.1390515 249.0485 
  0.1318544 246.5766 
  0.1082081 244.1292 
  -0.3743291 241.7061 
  0.7587758 238.1164 
  0.8960127 236.9318 
  0.9826448 235.753 
  0.9910176 232.2518 
  0.9995821 229.9466 
  0.9923909 229.9466 
  0.9874592 229.9466 
  0.979332 229.9466 
  0.9993644 229.9466 
  0.9980072 228.8026 
  0.9989607 227.6642 
  0.9984114 227.6642 
  0.9928322 226.5316 
  0.9217925 226.5316 
  0.7268612 226.5316 
  0.3668643 227.6642 
  0.1767084 228.8026 
  0.181951 229.9466 
  0.1542256 231.0963 
  0.2208161 232.2518 
  0.08388183 233.4131 
  0.563739 235.753 
  0.6663289 236.9318 
  0.7766845 233.4131 
  0.9153516 228.8026 
  0.976169 224.2832 
  0.9897676 223.1673 
  0.9923648 224.2832 
  0.9812571 225.4046 
  0.9794649 228.8026 
  0.9615672 231.0963 
  0.9414464 234.5801 
  0.9257812 241.7061 
  0.9333192 246.5766 
  0.7646548 249.0485 
  0.06107235 252.8029 
  -0.02554296 256.614 
  0.1279351 260.4825 
  0.06982697 264.4093 
  0.1142764 268.3953 
  0.1907012 271.0859 
  0.02527095 273.8036 
  -0.2164299 277.9312 
  -0.1211162 282.1211 
  0.1549904 284.9493 
  0.0626637 289.245 
  -0.0562777 293.6054 
  -0.1823164 298.0316 
  -0.2218635 301.0193 
  -0.3200999 304.037 
  0.06774572 307.085 
  0.4597099 310.1635 
  0.8338258 313.2729 
  0.9015628 311.7143 
  0.9409015 308.6204 
  0.9728655 304.037 
  0.9718877 299.5217 
  0.9969207 296.5488 
  1.000139 295.0734 
  1.000644 293.6054 
  0.9996756 292.1447 
  0.9989135 290.6912 
  0.9978463 287.806 
  0.9967969 283.5317 
  0.9943394 279.3209 
  0.9904429 273.8036 
  0.9882422 268.3953 
  0.9903551 263.0938 
  0.9914554 257.8971 
  0.9890624 254.067 
  0.9634302 252.8029 
  0.8893648 252.8029 
  0.9354502 250.2938 
  0.9685137 247.8095 
  0.9858268 245.3498 
  0.9939876 241.7061 
  0.9975542 241.7061 
  0.9959329 241.7061 
  0.999256 241.7061 
  0.994947 240.5036 
  0.9917356 239.307 
  0.9961816 236.9318 
  0.9985775 235.753 
  0.9963959 235.753 
  0.9914337 238.1164 
  0.9880474 241.7061 
  0.9892108 244.1292 
  0.9690904 246.5766 
  0.9424052 246.5766 
  0.6145731 246.5766 
  0.2199853 249.0485 
  -0.01879786 251.5452 
  -0.01768063 254.067 
  0.243879 255.3373 
  0.485532 256.614 
  0.841662 259.1866 
  0.9649428 259.1866 
  0.9974531 260.4825 
  0.9992006 260.4825 
  0.9987631 260.4825 
  0.9978297 260.4825 
  0.9899983 259.1866 
  0.9602601 257.8971 
  0.912437 252.8029 
  0.7755293 250.2938 
  0.8954943 249.0485 
  0.007392424 247.8095 
  -0.1527201 246.5766 
  0.08048156 244.1292 
  0.8457253 241.7061 
  0.7209848 239.307 
  0.7863193 232.2518 
  0.968071 226.5316 
  0.985897 223.1673 
  0.9599352 222.057 
  0.9168055 224.2832 
  0.9594399 225.4046 
  0.9861008 224.2832 
  0.9915556 224.2832 
  0.9945419 223.1673 
  0.9872161 220.9523 
  0.9810368 218.7592 
  0.9836252 217.6709 
  0.9899089 215.5104 
  0.985315 214.4382 
  0.9806299 211.2535 
  0.9573767 208.1162 
  0.895467 205.0254 
  0.8733788 200.9756 
  0.7466366 197.0059 
  0.9549569 198.9809 
  0.9496583 202.9904 
  0.9831414 205.0254 
  0.995858 205.0254 
  0.9950535 205.0254 
  0.9933641 206.0505 
  0.9934615 206.0505 
  0.9963175 207.0808 
  0.9982696 207.0808 
  0.9964865 207.0808 
  0.993203 207.0808 
  0.992447 206.0505 
  0.9943933 206.0505 
  0.9807837 208.1162 
  0.9581435 212.3098 
  0.9393928 215.5104 
  0.881887 216.5879 
  0.8531389 216.5879 
  -0.1621996 215.5104 
  -0.1428074 215.5104 
  -0.1911525 214.4382 
  -0.02783013 213.3714 
  -0.07095338 212.3098 
  0.04549775 212.3098 
  0.1498306 211.2535 
  0.6773607 210.2025 
  0.8577752 211.2535 
  0.9022402 207.0808 
  0.912131 202.9904 
  0.9724834 198.9809 
  0.9981151 197.0059 
  0.996213 197.0059 
  0.9624749 195.0505 
  0.8083114 191.1978 
  0.7813773 185.5609 
  0.6133107 182.8051 
  0.3028286 184.6377 
  0.1054217 181.8956 
  0.181434 180.9906 
  0.04148899 184.6377 
  0.1009439 188.3582 
  0.1527549 190.2465 
  0.3656124 193.1145 
  0.284398 194.0801 
  0.570109 191.1978 
  0.8683637 193.1145 
  0.9282765 196.0257 
  0.9802235 198.9809 
  0.9910933 199.9758 
  0.9892482 198.9809 
  0.9659562 199.9758 
  0.9128588 202.9904 
  0.9293841 207.0808 
  0.9522076 212.3098 
  0.9181951 214.4382 
  0.8712047 215.5104 
  0.2009071 216.5879 
  0.0536488 217.6709 
  0.1412326 218.7592 
  0.06742507 220.9523 
  0.08930419 223.1673 
  -0.009073909 224.2832 
  -0.009796046 226.5316 
  0.01866144 228.8026 
  0.1238981 231.0963 
  0.3538963 233.4131 
  0.2399155 234.5801 
  0.05155653 235.753 
  0.4271463 236.9318 
  0.691462 238.1164 
  0.769408 231.0963 
  0.9129717 228.8026 
  0.9935151 226.5316 
  0.9948899 225.4046 
  0.9943897 223.1673 
  0.9981716 223.1673 
  0.9980345 223.1673 
  0.9973792 222.057 
  0.9966921 223.1673 
  0.9942166 224.2832 
  0.9969068 224.2832 
  0.9918903 224.2832 
  0.9854892 222.057 
  0.9643436 217.6709 
  0.941696 213.3714 
  0.9361732 210.2025 
  0.8673107 209.1568 
  0.7633212 209.1568 
  0.8305324 210.2025 
  0.7647894 211.2535 
  0.891043 210.2025 
  0.9433976 209.1568 
  0.979472 208.1162 
  0.9903313 206.0505 
  0.9964164 204.0054 
  0.9993612 204.0054 
  0.9985579 204.0054 
  0.9966515 205.0254 
  0.9943572 206.0505 
  0.9947923 206.0505 
  0.9915907 205.0254 
  0.9946727 204.0054 
  0.9921831 202.9904 
  0.9944581 201.9805 
  0.9802048 202.9904 
  0.9900249 205.0254 
  0.9968551 207.0808 
  0.9980227 208.1162 
  0.9978963 207.0808 
  0.9911199 206.0505 
  0.9960194 206.0505 
  0.9878224 207.0808 
  0.9660839 208.1162 
  0.9189008 207.0808 
  0.7839348 205.0254 
  0.9017729 204.0054 
  0.94519 202.9904 
  0.9580702 201.9805 
  0.3445608 200.9756 
  0.07452591 199.9758 
  -0.1231203 198.9809 
  0.5677767 202.9904 
  0.7690218 205.0254 
  0.989426 206.0505 
  0.9955339 206.0505 
  0.9901491 207.0808 
  0.9917793 208.1162 
  0.977222 210.2025 
  0.9555618 211.2535 
  0.8795222 212.3098 
  0.773347 212.3098 
  0.1447234 212.3098 
  0.1277859 212.3098 
  -0.0142806 212.3098 
  0.2680209 212.3098 
  0.1820147 212.3098 
  0.03377379 212.3098 
  -0.1845154 212.3098 
  -0.3052368 212.3098 
  -0.1488024 212.3098 
  -0.06245544 212.3098 
  0.06171444 212.3098 
  0.3403668 212.3098 
  0.783134 213.3714 
  0.8110465 208.1162 
  0.9314239 202.9904 
  0.9823294 199.9758 
  0.9601569 199.9758 
  0.9308235 201.9805 
  0.8099325 202.9904 
  0.2154286 204.0054 
  -0.07844909 204.0054 
  -0.1840271 204.0054 
  0.09826391 204.0054 
  0.2544847 204.0054 
  0.2822728 204.0054 
  0.0183555 204.0054 
  -0.09346121 204.0054 
  -0.1093328 204.0054 
  -0.135224 204.0054 
  0.4538044 204.0054 
  0.3153874 204.0054 
  0.1682902 204.0054 
  0.4927132 202.9904 
  0.7425984 204.0054 
  0.947814 202.9904 
  0.9749607 199.9758 
  0.9944565 198.9809 
  0.9882666 199.9758 
  0.9709873 201.9805 
  0.9812382 202.9904 
  0.9918661 204.0054 
  0.9916352 204.0054 
  0.9834691 201.9805 
  0.9845223 199.9758 
  0.9917913 198.9809 
  0.99393 197.9909 
  0.9931505 197.0059 
  0.9946946 196.0257 
  0.9660765 196.0257 
  0.9310306 197.9909 
  0.9843959 200.9756 
  0.9976675 202.9904 
  0.9916445 202.9904 
  0.9921302 202.9904 
  0.9977747 201.9805 
  0.9992962 200.9756 
  0.9936662 199.9758 
  0.9817786 197.9909 
  0.9913411 197.0059 
  0.9807718 197.0059 
  0.9605836 197.0059 
  0.9022422 197.9909 
  0.8259706 197.9909 
  0.07207187 197.9909 
  0.09353776 197.9909 
  0.1299201 197.9909 
  0.2503579 197.9909 
  0.1310434 197.9909 
  -0.006272342 197.9909 
  0.123068 197.9909 
  0.1758164 197.9909 
  0.1154381 198.9809 
  0.0327273 199.9758 
  0.1839105 200.9756 
  0.05952653 201.9805 
  -0.03149039 202.9904 
  0.09337638 204.0054 
  0.06052931 205.0254 
  0.04444243 205.0254 
  0.4422107 205.0254 
  0.5981669 205.0254 
  0.815986 205.0254 
  0.9684407 202.9904 
  0.9468727 199.9758 
  0.9683346 196.0257 
  0.9895675 194.0801 
  0.9939135 193.1145 
  0.990301 193.1145 
  0.9787477 195.0505 
  0.9770934 197.0059 
  0.9838948 197.9909 
  0.9954163 197.9909 
  0.9938099 197.9909 
  0.994693 198.9809 
  0.9896215 197.9909 
  0.9893925 197.0059 
  0.9879355 196.0257 
  0.9887805 194.0801 
  0.9895923 193.1145 
  0.9931423 192.1537 
  0.9935743 192.1537 
  0.9663682 192.1537 
  0.9061985 192.1537 
  0.7315983 192.1537 
  0.05916201 192.1537 
  0.1252758 192.1537 
  0.1548149 192.1537 
  0.1454259 192.1537 
  0.06960544 192.1537 
  -0.06811471 191.1978 
  -0.08385085 190.2465 
  0.03347715 189.3 
  -0.0794334 188.3582 
  -0.05293007 187.4211 
  -0.07760158 186.4887 
  -0.1860822 185.5609 
  0.03913397 184.6377 
  0.1613835 183.7191 
  0.2650098 182.8051 
  0.06910693 181.8956 
  0.4603752 181.8956 
  0.7074268 181.8956 
  0.9492407 181.8956 
  0.983483 181.8956 
  0.9946917 180.9906 
  0.9967846 180.0902 
  0.9914826 179.1942 
  0.9764618 178.3027 
  0.9587848 177.4156 
  0.9360474 177.4156 
  0.8896342 177.4156 
  0.8646085 178.3027 
  0.8320581 178.3027 
  0.8538077 178.3027 
  0.7604719 178.3027 
  0.195787 178.3027 
  0.07450835 178.3027 
  0.06357571 178.3027 
  0.1300447 178.3027 
  -0.1803771 178.3027 
  0.0393104 178.3027 
  0.1589134 178.3027 
  0.09692349 178.3027 
  -0.05712653 178.3027 
  -0.02121046 178.3027 
  0.009952525 178.3027 
  0.09445624 178.3027 
  -0.07604057 178.3027 
  0.1164607 178.3027 
  0.1321492 178.3027 
  -0.05671391 178.3027 
  -0.0002477993 178.3027 
  0.01768594 178.3027 
  0.08877101 178.3027 
  -4.050508e-05 178.3027 
  -0.1782198 178.3027 
  -0.08970828 178.3027 
  -0.1271755 178.3027 
  -0.1492369 178.3027 
  0.1149971 178.3027 
  0.1361376 178.3027 ]
