 [
  0.1007755 192.1537 
  0.1053667 192.1537 
  -0.06019292 192.1537 
  -0.09742472 192.1537 
  0.3693279 192.1537 
  0.1908828 192.1537 
  -0.2640549 192.1537 
  -0.2249795 192.1537 
  0.2648056 192.1537 
  0.4005657 192.1537 
  -0.05002062 192.1537 
  0.6889523 192.1537 
  0.3399902 192.1537 
  0.1646799 191.1978 
  0.5892493 189.3 
  0.8619924 192.1537 
  0.8909968 194.0801 
  0.9230618 195.0505 
  0.9485667 197.0059 
  0.8161817 206.0505 
  0.8657768 218.7592 
  0.9055697 217.6709 
  0.8764279 223.1673 
  0.8617498 226.5316 
  0.9395676 228.8026 
  0.9482694 231.0963 
  0.9132826 233.4131 
  0.8492706 224.2832 
  -0.3705187 223.1673 
  0.3471595 222.057 
  0.6663924 220.9523 
  0.2857496 219.853 
  0.485282 218.7592 
  0.3835721 217.6709 
  -0.00360952 216.5879 
  0.05443756 215.5104 
  0.05587477 213.3714 
  0.2081469 210.2025 
  -0.0480601 207.0808 
  -0.05966329 204.0054 
  0.02981408 199.9758 
  0.1906696 197.0059 
  0.1596576 194.0801 
  0.09709481 190.2465 
  0.07476208 186.4887 
  -0.08431026 183.7191 
  -0.3353504 180.0902 
  0.1218509 176.533 
  0.7136064 171.3284 
  0.7110007 171.3284 
  0.694582 168.784 
  0.8250153 161.3751 
  0.7654414 155.063 
  0.6559244 148.2564 
  0.3252132 147.5188 
  -0.1822784 148.9977 
  -0.4642574 151.2439 
  -0.2750918 153.5239 
  0.5660002 156.6175 
  0.7909952 161.3751 
  0.9112641 162.182 
  0.9791408 162.182 
  0.9878328 162.9929 
  0.9909343 164.6269 
  0.9921673 166.2773 
  0.9894923 168.784 
  0.9848899 171.3284 
  0.9869179 174.7808 
  0.9907856 177.4156 
  0.9949995 178.3027 
  0.9488776 176.533 
  0.8532472 173.046 
  0.7076627 168.784 
  0.03009018 171.3284 
  -0.007368133 175.6547 
  -0.07221487 180.0902 
  -0.03936891 184.6377 
  -0.06652752 189.3 
  -0.03216698 194.0801 
  -0.005974687 197.9909 
  0.009461012 200.9756 
  0.2023397 202.9904 
  0.06453771 204.0054 
  -0.09168787 205.0254 
  0.1968617 206.0505 
  0.05385426 207.0808 
  0.08984767 207.0808 
  0.1780788 207.0808 
  -0.06362369 207.0808 
  0.7929489 209.1568 
  0.7437768 208.1162 
  0.8334352 209.1568 
  0.9322629 206.0505 
  0.9673049 209.1568 
  0.9851897 205.0254 
  0.9818907 201.9805 
  0.9703025 198.9809 
  0.9658228 194.0801 
  0.9148483 188.3582 
  0.9091055 181.8956 
  0.8248652 176.533 
  0.5500776 173.9112 
  0.2409648 170.476 
  0.5718351 167.1087 
  -0.04123632 163.8079 
  0.04144503 160.5723 
  0.1157163 157.4006 
  0.1720896 154.2915 
  0.145588 152.0001 
  0.1637328 150.4914 
  0.2054125 148.2564 
  -0.07051865 146.0546 
  0.4651366 143.8855 
  0.4593815 143.8855 
  0.7210681 144.605 
  0.7369898 139.6435 
  0.8344107 134.8523 
  0.7920159 130.2255 
  0.6953928 124.5092 
  0.6700484 116.6924 
  0.8741496 111.5702 
  0.8706982 108.2809 
  0.8367181 105.614 
  0.7736014 104.0455 
  0.4777282 105.0885 
  -0.06193832 108.2809 
  -0.1352387 111.5702 
  -0.1111663 114.9594 
  -0.1444389 118.4515 
  0.09309659 121.4426 
  0.2130063 123.8897 
  0.09590549 125.7574 
  -0.1248489 128.2915 
  -0.0380819 130.8766 
  0.8593466 133.5138 
  0.9092363 134.1814 
  0.9203023 136.8852 
  0.9598545 136.8852 
  0.9534422 135.5266 
  0.9351133 132.8496 
  0.8305023 130.2255 
  0.7373036 127.6532 
  -0.5466241 127.6532 
  -0.01943567 128.9329 
  0.01330711 130.2255 
  0.05787034 132.1886 
  0.06494546 134.1814 
  0.05588003 136.2042 
  0.02236079 137.5696 
  -0.07778467 138.9488 
  -0.1247004 140.3417 
  -0.07578898 141.0434 
  -0.009415976 141.7487 
  -0.07461338 142.4574 
  0.7507713 142.4574 
  0.8432969 144.605 
  0.8032655 147.5188 
  0.5253509 141.0434 
  0.7122353 140.3417 
  0.9500868 141.0434 
  0.9398065 143.1697 
  0.9733779 144.605 
  0.9798794 145.328 
  0.9193324 148.2564 
  0.9107375 152.0001 
  0.890744 155.8383 
  0.9674166 159.7734 
  0.9929264 160.5723 
  0.9895747 161.3751 
  0.9524695 162.9929 
  0.852753 162.9929 
  0.7859567 162.182 
  0.9896898 165.4501 
  0.9983342 166.2773 
  0.9988054 167.1087 
  0.9981173 167.1087 
  0.9173727 169.6279 
  0.8514236 167.1087 
  0.8061432 163.8079 
  0.9543162 157.4006 
  0.9609534 154.2915 
  0.9618921 149.7427 
  0.9818032 146.7849 
  0.9876918 144.605 
  0.9788284 142.4574 
  0.9847543 141.0434 
  0.9887776 140.3417 
  0.991366 138.9488 
  0.9925399 138.2575 
  0.9816435 138.2575 
  0.9766586 137.5696 
  0.9217181 139.6435 
  0.9303779 143.8855 
  0.9809713 147.5188 
  0.9983301 148.2564 
  0.9969119 148.2564 
  0.9807587 147.5188 
  0.9634652 146.7849 
  0.9507367 145.328 
  0.9877067 143.1697 
  0.9925498 143.1697 
  0.9935349 143.1697 
  0.9939625 143.1697 
  0.9646791 141.7487 
  0.8280568 139.6435 
  0.7393106 136.2042 
  -0.2040842 139.6435 
  0.190259 143.1697 
  0.1110199 146.7849 
  0.3957123 150.4914 
  0.02040748 154.2915 
  0.06218879 158.1876 
  0.05200191 160.5723 
  0.5847185 162.182 
  0.7981846 160.5723 
  0.9199707 161.3751 
  0.8595332 160.5723 
  0.8481487 158.1876 
  0.8996601 159.7734 
  0.9859148 161.3751 
  0.9880767 160.5723 
  0.9816182 159.7734 
  0.9922604 157.4006 
  0.9803587 155.063 
  0.9631914 152.7601 
  0.8476019 150.4914 
  0.4738914 149.7427 
  -0.2478263 151.2439 
  -0.1714861 153.5239 
  -0.04977597 155.8383 
  -0.2289399 158.1876 
  -0.1763982 160.5723 
  0.2952271 162.182 
  0.2072098 164.6269 
  0.06164489 167.1087 
  0.300996 169.6279 
  0.06093378 172.185 
  0.02872672 173.9112 
  0.07992709 174.7808 
  0.6874793 176.533 
  0.5582796 181.8956 
  0.3544583 191.1978 
  0.5140963 195.0505 
  0.7388454 197.0059 
  0.8443214 196.0257 
  0.9136172 190.2465 
  0.9098217 185.5609 
  0.9057594 180.9906 
  0.8068802 174.7808 
  0.762898 167.9442 
  0.7696999 159.7734 
  0.7809065 152.0001 
  0.6546509 146.7849 
  0.85835 138.2575 
  0.6052551 132.8496 
  0.5526637 123.8897 
  0.5096129 117.2759 
  0.5189092 109.9132 
  0.4319668 103.5278 
  0.0543958 101.9903 
  -0.1027776 106.142 
  0.1579398 106.6728 
  0.21434 105.0885 
  0.01479272 107.2061 
  -0.1252037 108.2809 
  0.1016057 108.8223 
  -0.02295869 109.3664 
  -0.09030475 109.9132 
  -0.04522318 110.4628 
  0.04000981 111.0151 
  0.117624 111.5702 
  -0.06076187 112.128 
  0.1182859 112.6886 
  0.1677959 113.2521 
  0.1632642 113.8184 
  0.07614781 114.9594 
  0.06493584 116.1118 
  -0.1346299 117.2759 
  0.02161826 118.4515 
  0.1207592 119.639 
  0.2280945 120.8384 
  0.1259914 122.0498 
  0.09598032 123.2734 
  0.1781028 124.5092 
  0.2514229 125.1317 
  0.381079 126.3862 
  0.23135 127.6532 
  0.190452 128.9329 
  0.2315783 130.2255 
  0.404572 131.531 
  0.2539977 132.1886 
  0.2284017 133.5138 
  0.1341684 134.8523 
  0.2373082 136.2042 
  0.1918754 137.5696 
  -0.0006419839 138.9488 
  -0.1708632 139.6435 
  0.01203596 140.3417 
  0.1782488 141.0434 
  0.2897771 141.7487 
  0.2149938 142.4574 
  0.2970749 143.8855 
  0.1921037 144.605 
  -0.06127751 145.328 
  -0.01023549 146.7849 
  0.1332167 147.5188 
  -0.06128895 148.2564 
  -0.04351361 148.9977 
  -0.2434945 149.7427 
  -0.05282901 150.4914 
  0.2169875 151.2439 
  -0.3740351 152.0001 
  -0.07429749 152.7601 
  -0.1678406 153.5239 
  -0.06403939 154.2915 
  -0.02578366 155.063 
  0.07820304 155.8383 
  -0.1663183 156.6175 
  -0.103792 157.4006 
  0.04583944 158.1876 
  0.09633472 158.9785 
  0.0889108 159.7734 
  0.1153891 160.5723 
  -0.1035867 161.3751 
  0.0110678 162.182 
  -0.06540345 162.9929 
  -0.04664439 163.8079 
  -0.01293913 164.6269 
  0.03414744 165.4501 
  0.06596923 166.2773 
  0.1361391 167.9442 
  -0.2387981 168.784 
  0.5578344 170.476 
  0.7828051 174.7808 
  0.879815 181.8956 
  0.9494982 181.8956 
  0.9861486 182.8051 
  0.992838 183.7191 
  0.9946013 183.7191 
  0.9937896 182.8051 
  0.9710543 182.8051 
  0.9217964 180.0902 
  0.9114418 176.533 
  0.7575993 172.185 
  -0.4942566 169.6279 
  0.3519531 166.2773 
  0.61808 163.8079 
  -0.1069702 161.3751 
  0.5271735 158.9785 
  0.308828 156.6175 
  -0.2305041 154.2915 
  -0.04712346 152.0001 
  0.2485752 149.7427 
  0.5564777 146.7849 
  0.3393013 144.605 
  0.08911878 141.7487 
  0.3124642 138.2575 
  0.1307192 136.2042 
  0.3246193 134.1814 
  0.7304826 125.1317 
  -0.48143 125.7574 
  -0.01171558 125.7574 
  0.4580527 125.7574 
  0.2464562 125.7574 
  0.2708625 125.7574 
  0.01610454 125.7574 
  0.1444303 125.7574 
  0.4826674 128.2915 
  0.8035699 130.8766 
  0.7835444 133.5138 
  0.6700468 139.6435 
  0.9465984 142.4574 
  0.8175402 142.4574 
  0.7275566 141.0434 
  -0.1853204 142.4574 
  -0.1583385 143.1697 
  0.4550335 143.8855 
  0.03627538 144.605 
  -0.01305434 145.328 
  -0.007291895 146.0546 
  -0.1002599 146.7849 
  0.3138598 147.5188 
  0.3696277 148.2564 
  0.1979017 148.9977 
  -0.05386113 149.7427 
  0.2105683 150.4914 
  0.1132294 152.0001 
  0.1328427 154.2915 
  0.140907 155.8383 
  -0.06148338 155.8383 
  0.5548849 153.5239 
  0.796922 152.7601 
  0.8667746 155.8383 
  0.814467 159.7734 
  0.3432411 166.2773 
  0.6722125 164.6269 
  0.6303477 165.4501 
  0.6530595 163.8079 
  0.3460709 162.182 
  0.5967192 160.5723 
  0.3129495 162.182 
  0.610437 150.4914 
  0.6335395 140.3417 
  -0.05892979 138.2575 
  0.2134492 136.2042 
  0.1641007 134.1814 
  0.1523311 132.1886 
  -0.06581392 130.2255 
  -0.04993398 128.2915 
  0.2806032 126.3862 
  0.1504497 123.8897 
  0.2182914 121.4426 
  0.3171376 120.2372 
  0.04018181 118.4515 
  0.09182439 114.9594 
  0.1538035 113.8184 
  0.2423602 113.8184 
  0.1114651 112.6886 
  0.07610871 112.128 
  -0.01633973 112.6886 
  -0.008599222 112.128 
  0.1478904 112.128 
  0.03717048 111.5702 
  -0.05956497 111.0151 
  -0.06416388 110.4628 
  0.3686666 109.9132 
  0.009227128 109.3664 
  0.08226772 108.8223 
  -0.1347064 108.2809 
  -0.1800534 107.7421 
  -0.1217583 107.2061 
  0.01352873 106.6728 
  0.1566481 106.142 
  0.1742682 106.142 
  0.2868759 106.142 
  0.0003134997 106.142 
  -0.1015612 106.142 
  -0.1105566 106.142 
  0.03634068 106.142 
  -0.02889015 106.142 
  0.0422696 106.142 
  0.01636726 106.142 
  0.07166357 106.142 
  -0.2690359 106.142 
  -0.1760564 106.142 
  -0.3066795 106.142 
  0.01017633 106.142 
  -0.1025574 106.142 
  -0.0494847 106.142 
  0.1559187 106.142 
  0.1935948 106.142 
  0.07318912 106.142 
  0.03952626 106.142 
  0.1825562 106.142 
  0.2657367 106.142 
  0.07547924 106.142 
  -0.02541552 106.142 
  0.204009 106.142 
  0.07473183 106.142 
  0.03970973 106.142 
  0.04157262 106.142 
  0.2562179 106.142 
  0.138211 106.142 
  0.03099997 106.142 
  -0.1898947 106.142 
  -0.1513283 106.142 
  0.03349195 106.142 
  0.3185287 106.142 
  0.2587291 106.142 
  0.1904792 106.142 ]
