 [
  -0.1295986 161.3751 
  0.03447481 161.3751 
  0.1751575 161.3751 
  0.1035783 161.3751 
  0.1466136 161.3751 
  0.1682548 161.3751 
  -0.1689803 161.3751 
  -0.07615096 161.3751 
  0.125144 161.3751 
  0.0678114 161.3751 
  0.3156001 161.3751 
  0.3935207 161.3751 
  0.01453968 161.3751 
  0.1227395 161.3751 
  0.4046842 162.182 
  0.9008058 158.9785 
  0.603996 155.063 
  0.7281795 151.2439 
  0.9161435 148.9977 
  0.9808562 147.5188 
  0.9709792 147.5188 
  0.9386574 147.5188 
  0.8948755 146.0546 
  0.8170819 142.4574 
  0.5879523 143.8855 
  0.3870894 146.7849 
  -0.2595272 148.9977 
  -0.02506674 151.2439 
  0.03740114 153.5239 
  -0.1686434 155.8383 
  -0.04120859 157.4006 
  0.246152 158.1876 
  0.7832597 157.4006 
  0.8954692 155.063 
  0.9425274 152.7601 
  0.8597058 150.4914 
  0.8333074 148.9977 
  0.2094549 148.2564 
  0.1247325 147.5188 
  -0.00196308 147.5188 
  0.333005 146.7849 
  -0.1711368 146.7849 
  -0.1659702 146.7849 
  0.1125551 146.7849 
  -0.03266829 146.7849 
  -0.03508903 147.5188 
  -0.01902522 147.5188 
  0.07699704 148.2564 
  0.1284098 148.9977 
  0.4898521 149.7427 
  0.7316408 154.2915 
  0.690726 159.7734 
  0.9462035 162.182 
  0.9665531 163.8079 
  0.9600648 165.4501 
  0.901204 167.9442 
  0.8674141 170.476 
  0.9335306 173.9112 
  0.9388713 176.533 
  0.9493996 178.3027 
  0.5637171 183.7191 
  0.7825869 201.9805 
  0.9368875 206.0505 
  0.9747318 209.1568 
  0.9645291 211.2535 
  0.9784914 213.3714 
  0.9355617 212.3098 
  0.9077238 209.1568 
  0.4954824 209.1568 
  0.148732 210.2025 
  -0.1762321 211.2535 
  -0.09358051 213.3714 
  0.04889593 214.4382 
  -0.06316569 216.5879 
  -0.2486803 218.7592 
  -0.05019388 220.9523 
  0.315696 223.1673 
  0.1039763 225.4046 
  0.6646356 227.6642 
  0.848884 229.9466 
  0.9134341 228.8026 
  0.9186765 224.2832 
  0.9069933 214.4382 
  0.8966148 205.0254 
  0.8822316 197.0059 
  0.8635892 189.3 
  0.7329297 181.8956 
  0.348877 176.533 
  -0.03479504 171.3284 
  0.07275184 166.2773 
  0.3574155 162.182 
  0.6606448 158.9785 
  0.8029919 159.7734 
  0.8623513 163.8079 
  0.9331421 168.784 
  0.9530326 171.3284 
  0.979074 171.3284 
  0.979391 170.476 
  0.9841979 169.6279 
  0.9840224 167.9442 
  0.9594536 166.2773 
  0.914019 164.6269 
  0.8582888 161.3751 
  0.7081326 155.8383 
  0.4804784 156.6175 
  0.5412735 158.9785 
  0.486952 161.3751 
  0.9061699 163.8079 
  0.9381803 163.8079 
  0.9594166 162.182 
  0.9310655 159.7734 
  0.8991203 155.8383 
  0.9152999 151.2439 
  0.8514187 147.5188 
  0.8375524 141.0434 
  0.6843544 135.5266 
  0.8293681 130.8766 
  0.8566624 128.9329 
  0.9164532 127.0181 
  0.9643161 126.3862 
  0.9215651 126.3862 
  0.9024626 125.7574 
  0.9431102 125.1317 
  0.9801114 124.5092 
  0.9831619 124.5092 
  0.9869139 125.1317 
  0.9910275 125.1317 
  0.987119 125.7574 
  0.9655842 127.0181 
  0.9722821 128.2915 
  0.957808 130.2255 
  0.902666 132.8496 
  0.8808926 136.2042 
  0.9054637 139.6435 
  0.8994915 142.4574 
  0.8495078 146.0546 
  0.868248 148.9977 
  0.9080256 152.0001 
  0.8900339 154.2915 
  0.06953909 155.8383 
  0.2369469 156.6175 
  0.2040699 156.6175 
  0.6119236 156.6175 
  0.0833523 157.4006 
  -0.02765231 158.1876 
  -0.03354125 158.9785 
  0.07585175 158.9785 
  0.07462885 159.7734 
  0.2214014 160.5723 
  0.1777526 161.3751 
  0.1305026 161.3751 
  0.2380657 161.3751 
  0.01605404 162.182 
  -0.2129866 164.6269 
  -0.1514342 167.1087 
  0.02306323 169.6279 
  0.1138615 173.046 
  0.3571315 175.6547 
  0.7508121 173.9112 
  0.897383 173.046 
  0.9623924 170.476 
  0.9414569 169.6279 
  0.9029788 167.1087 
  0.9073979 163.8079 
  0.9704333 162.182 
  0.984885 159.7734 
  0.9939908 159.7734 
  0.9959093 159.7734 
  0.9899583 159.7734 
  0.9846933 160.5723 
  0.9881552 162.182 
  0.9849192 162.9929 
  0.9910321 162.9929 
  0.9845663 164.6269 
  0.950568 166.2773 
  0.9674526 167.9442 
  0.9758691 170.476 
  0.9364683 173.046 
  0.9442792 175.6547 
  0.9383389 178.3027 
  0.9564778 181.8956 
  0.9362356 185.5609 
  0.9622352 189.3 
  0.9748677 191.1978 
  0.9731213 192.1537 
  0.9628035 192.1537 
  0.8749405 191.1978 
  -0.1431274 190.2465 
  -0.1644148 190.2465 
  0.08083682 190.2465 
  0.1950624 190.2465 
  0.1201154 190.2465 
  0.006492406 190.2465 
  0.001359798 190.2465 
  0.008229492 190.2465 
  0.07009416 190.2465 
  0.158028 190.2465 
  0.08694052 190.2465 
  0.2184237 190.2465 
  0.07464794 190.2465 
  0.1429701 190.2465 
  0.02045595 190.2465 
  0.321969 190.2465 
  0.0941292 190.2465 
  -0.07748219 190.2465 
  -0.4110809 190.2465 
  -0.1128991 190.2465 
  0.1186906 190.2465 
  -0.1255942 190.2465 
  -0.2766807 190.2465 
  -0.1985799 190.2465 ]
