 [
  -0.3290039 140.3417 
  -0.1125761 140.3417 
  -0.1159438 140.3417 
  -0.2591842 140.3417 
  -0.3740653 140.3417 
  -0.3075 140.3417 
  -0.09521846 140.3417 
  -0.05516721 140.3417 
  -0.02607542 140.3417 
  -0.02326108 140.3417 
  0.1610587 140.3417 
  -0.02355918 140.3417 
  -0.07031363 140.3417 
  -0.06829082 140.3417 
  -0.05983214 140.3417 
  0.07310961 140.3417 
  0.6438854 141.0434 
  0.2798624 136.2042 
  0.2850648 132.8496 
  0.8390926 128.2915 
  0.7138761 130.2255 
  0.9693388 132.1886 
  0.9831917 134.1814 
  0.9839311 135.5266 
  0.9842973 136.8852 
  0.9626734 138.9488 
  0.9459511 141.0434 
  0.8421208 144.605 
  0.2928262 149.7427 
  0.7444255 147.5188 
  0.8911781 148.9977 
  0.9346671 150.4914 
  0.8904471 153.5239 
  0.8940189 156.6175 
  0.9272997 159.7734 
  0.9541483 162.182 
  0.9692937 163.8079 
  0.9204396 163.8079 
  0.8840582 162.182 
  0.9283282 160.5723 
  0.7928447 158.1876 
  0.7693635 158.1876 
  0.9527646 161.3751 
  0.9278056 161.3751 
  0.9196345 158.9785 
  0.8347629 155.063 
  0.8316177 151.2439 
  0.9193826 145.328 
  0.9176379 142.4574 
  0.9436255 139.6435 
  0.969837 137.5696 
  0.9919797 136.2042 
  0.9515627 134.8523 
  0.8246762 133.5138 
  0.7734402 129.5776 
  0.9697725 130.2255 
  0.9895736 130.2255 
  0.991039 130.2255 
  0.978633 130.8766 
  0.9588529 131.531 
  0.938989 133.5138 
  0.8827598 135.5266 
  0.600057 135.5266 
  0.7684852 135.5266 
  0.9139465 134.8523 
  0.9088877 136.2042 
  0.7777172 138.9488 
  0.7623992 143.1697 
  0.7750227 147.5188 
  0.7000495 152.0001 
  0.7850095 156.6175 
  0.9233123 160.5723 
  0.970342 162.182 
  0.9303291 163.8079 
  0.925283 166.2773 
  0.9303115 167.1087 
  0.9159641 168.784 
  0.8246091 170.476 
  0.9780697 170.476 
  0.981228 168.784 
  0.9557378 167.1087 
  0.9392998 165.4501 
  0.7063015 163.8079 
  0.9014627 162.182 
  0.9344922 161.3751 
  0.8763308 158.1876 
  0.7420315 154.2915 
  0.6636316 146.0546 
  0.7459553 139.6435 
  0.6496896 134.1814 
  0.6885312 125.1317 
  0.7335381 120.8384 
  0.3913314 120.2372 
  0.2461174 120.8384 
  0.0339577 121.4426 
  0.0744695 121.4426 
  0.2585599 122.0498 
  0.3646334 122.6601 
  0.2754075 123.2734 
  0.2730402 124.5092 
  0.2064815 125.7574 
  0.1404899 127.0181 
  0.1172577 128.2915 
  0.1167712 129.5776 
  0.03689019 130.8766 
  -0.01856737 132.1886 
  0.101608 133.5138 
  0.5424919 133.5138 
  0.7542245 132.1886 
  0.5456678 129.5776 
  0.6185807 121.4426 
  0.7663727 119.639 
  0.6971723 116.6924 
  0.3118758 117.8622 
  0.5846766 119.0438 
  0.6852714 120.2372 
  0.4251133 121.4426 
  -0.03255201 122.6601 
  -0.1545176 123.8897 
  -0.1107196 125.1317 
  0.1049745 126.3862 
  -0.165119 127.6532 
  -0.2157222 129.5776 
  0.03887672 130.8766 
  0.09714676 132.1886 
  0.1926053 133.5138 
  -0.151513 134.8523 
  -0.0597495 136.2042 
  0.0160495 137.5696 
  -0.05453825 138.9488 
  0.0723177 140.3417 
  0.1222174 141.7487 
  -0.2606173 143.1697 
  -0.2118568 144.605 
  0.004601336 146.0546 
  0.1260866 147.5188 
  0.03770103 149.7427 
  0.05614265 152.0001 
  0.1503486 155.063 
  0.1085291 158.1876 
  0.6388985 161.3751 
  0.495949 152.0001 
  0.5303372 143.8855 
  0.843699 139.6435 
  0.8336416 135.5266 
  0.8607517 131.531 
  0.8854228 128.9329 
  0.9293212 127.6532 
  0.8014921 126.3862 
  0.5725386 125.1317 
  0.1483114 124.5092 
  0.2785368 123.8897 
  0.09152308 123.2734 
  0.01625183 123.2734 
  -0.05367332 123.8897 
  -0.08181616 125.1317 
  0.01549703 126.3862 
  0.2559483 127.6532 
  0.5563641 128.9329 
  0.5992495 126.3862 
  0.3589161 123.2734 
  0.2459953 119.0438 
  0.3286909 107.7421 
  0.6519177 109.9132 
  0.7111993 112.6886 
  0.6132615 111.5702 
  0.9606709 108.8223 
  0.9703013 108.2809 
  0.9504883 108.8223 
  0.9298284 109.9132 
  0.8569756 111.5702 
  0.8031808 113.8184 
  0.5538431 116.6924 
  0.7912143 119.639 
  0.7696869 122.6601 
  0.6555997 126.3862 
  0.8080682 128.2915 
  0.9063342 130.2255 
  0.9524683 131.531 
  0.9667218 131.531 
  0.9604011 133.5138 
  0.9077945 134.1814 
  0.8347458 134.1814 
  0.7030343 132.8496 
  -0.2576805 132.8496 
  0.2964789 132.8496 
  0.4156145 132.8496 
  0.1714113 132.8496 
  -0.201216 132.8496 
  -0.1536116 132.8496 
  -0.506163 132.8496 
  -0.02366814 132.8496 
  -0.1421733 132.1886 
  -0.07344013 132.1886 
  0.5124386 132.1886 
  0.5686628 134.8523 
  0.5094122 135.5266 
  0.4516757 134.1814 
  0.5622645 129.5776 
  0.2738039 123.8897 
  0.3976241 119.639 
  -0.1545896 118.4515 
  0.009302706 117.8622 
  -0.1844401 117.8622 
  -0.177295 117.8622 
  -0.0595159 117.8622 
  -0.01048203 117.8622 
  -0.007753021 117.8622 
  0.02539805 117.8622 
  -0.1656486 117.2759 
  0.3048221 116.6924 
  0.6738118 116.1118 
  0.8345422 115.5342 
  0.9533821 116.1118 
  0.6762028 118.4515 
  0.7270204 120.8384 
  0.7987282 123.2734 
  0.8761774 122.0498 
  0.8601977 123.2734 
  0.7417724 125.1317 
  0.7743478 127.0181 
  0.8954884 129.5776 
  0.8949988 130.8766 
  0.7607992 130.8766 
  0.5700156 127.6532 
  0.2625214 119.639 
  0.4428215 116.6924 
  0.3074067 116.1118 
  0.8397705 106.142 
  0.8778243 104.5657 
  0.5334007 104.0455 
  0.3366745 104.0455 
  0.07190169 105.0885 
  0.711065 104.0455 
  0.3238889 105.614 
  0.194536 107.7421 
  0.5797468 109.9132 
  0.03414093 109.3664 
  -0.11216 109.3664 
  -0.06617018 109.3664 
  -0.05110105 109.3664 
  0.05025791 109.3664 
  0.0856887 109.3664 
  0.05161201 109.3664 
  -0.2306576 109.3664 
  0.05698582 109.3664 
  0.1087231 109.3664 
  0.07653645 109.3664 
  -0.03479253 109.3664 
  -0.02018864 109.3664 
  -0.07091519 109.3664 
  0.1507093 109.3664 
  0.08465973 109.3664 
  -0.1335337 109.3664 
  -0.1127871 109.3664 
  -0.08269513 109.3664 
  -0.2204124 109.3664 
  -0.09620412 109.3664 
  0.0549881 109.3664 
  0.1410862 109.3664 
  -0.1147964 109.3664 
  -0.4576161 109.3664 
  -0.5723587 109.3664 ]
