 [
  -0.2911819 120.8384 
  -0.1859831 120.8384 
  0.1850661 120.8384 
  0.03421255 120.8384 
  -0.2745509 120.8384 
  -0.2858461 120.8384 
  -0.2297523 120.8384 
  -0.1324546 120.8384 
  0.03245586 120.8384 
  -0.09408596 120.8384 
  -0.0108064 120.8384 
  -0.1210033 120.8384 
  0.4144852 120.2372 
  0.6486392 122.6601 
  0.6096655 123.8897 
  0.7502608 125.1317 
  0.7624983 125.7574 
  0.8667099 124.5092 
  0.8565457 125.1317 
  0.9218984 127.6532 
  0.9128792 130.8766 
  0.9317229 133.5138 
  0.9233746 136.2042 
  0.8917669 139.6435 
  0.9151455 143.8855 
  0.9429187 148.2564 
  0.9320667 153.5239 
  0.8293231 160.5723 
  0.7974406 167.9442 
  0.8969812 173.9112 
  0.9847405 178.3027 
  0.9799123 178.3027 
  0.9654683 178.3027 
  0.9550866 178.3027 
  0.8924451 178.3027 
  0.9935016 177.4156 
  0.9972835 176.533 
  0.9072331 175.6547 
  0.95675 174.7808 
  0.9706863 173.046 
  0.9627657 169.6279 
  0.9434975 165.4501 
  0.9530856 161.3751 
  0.9518082 157.4006 
  0.9669735 154.2915 
  0.941637 150.4914 
  0.941511 146.7849 
  0.9138213 142.4574 
  0.8743447 138.9488 
  0.8822283 135.5266 
  0.9074331 132.8496 
  0.8134256 132.8496 
  0.3362357 133.5138 
  0.05829255 132.8496 
  0.1023898 132.8496 
  0.08530818 134.8523 
  -0.00716515 137.5696 
  -0.1500393 140.3417 
  -0.1753478 143.1697 
  -0.0545771 145.328 
  0.4039156 148.2564 
  -0.1314865 151.2439 
  0.04493594 154.2915 
  -0.03474576 157.4006 
  0.0156306 160.5723 
  -0.008215545 163.8079 
  0.1091875 166.2773 
  0.5291755 168.784 
  0.6332708 162.182 
  0.7232661 156.6175 
  0.9163835 156.6175 
  0.9783011 155.063 
  0.9814596 154.2915 
  0.9896438 153.5239 
  0.9772967 152.0001 
  0.9571609 150.4914 
  0.946049 147.5188 
  0.9454986 144.605 
  0.9696143 141.0434 
  0.9763837 138.9488 
  0.988724 136.8852 
  0.9892687 136.2042 
  0.9955845 135.5266 
  0.9808046 136.2042 
  0.9666136 136.8852 
  0.9445589 136.2042 
  0.9545901 135.5266 
  0.9549617 134.8523 
  0.9691113 135.5266 
  0.9815145 135.5266 
  0.966979 134.8523 
  0.9548411 133.5138 
  0.9393502 132.8496 
  0.9782725 131.531 
  0.9237907 130.8766 
  0.8835369 128.9329 
  0.8095894 128.2915 
  0.9616235 129.5776 
  0.9772087 130.2255 
  0.9510924 130.8766 
  0.9561254 130.8766 
  0.9617318 130.8766 
  0.9744767 129.5776 
  0.9755034 128.2915 
  0.9537108 126.3862 
  0.9293432 123.8897 
  0.8944867 122.0498 
  0.869404 120.2372 
  0.7303149 120.2372 
  0.8887295 121.4426 
  0.763625 123.2734 
  0.6304086 125.7574 
  0.4903984 128.2915 
  0.4310604 131.531 
  0.561536 134.8523 
  0.4133329 138.9488 
  0.849163 139.6435 
  0.9506347 138.9488 
  0.9869891 139.6435 
  0.992409 139.6435 
  0.9953814 140.3417 
  0.9756781 138.9488 
  0.9154204 137.5696 
  0.8255191 135.5266 
  0.3265 134.1814 
  0.1206567 132.1886 
  0.1573482 130.8766 
  0.1650221 129.5776 
  -0.07418736 128.2915 
  -0.04444738 127.6532 
  0.04109009 126.3862 
  0.06333963 125.1317 
  -0.1006521 123.8897 
  -0.142495 122.6601 
  -0.1412409 121.4426 
  0.5573146 120.2372 
  0.3878707 119.639 
  0.2514165 119.0438 
  0.4276179 118.4515 
  0.6314948 120.8384 
  0.7290826 121.4426 
  0.966357 122.0498 
  0.9542155 121.4426 
  0.9569475 120.8384 
  0.9750792 120.8384 
  0.9707922 121.4426 
  0.9848186 122.6601 
  0.9879833 122.0498 
  0.9850285 121.4426 
  0.9897111 121.4426 
  0.9752864 120.2372 
  0.9468769 119.0438 
  0.8987712 117.8622 
  0.8888831 116.1118 
  0.8983451 116.1118 
  0.939914 116.1118 
  0.9442324 115.5342 
  0.9062815 114.9594 
  0.7317472 115.5342 
  0.5150244 117.2759 
  0.1716525 119.0438 
  0.1737935 120.8384 
  0.06393017 122.6601 
  0.004925659 124.5092 
  -0.2618936 126.3862 
  -0.316559 128.2915 
  0.06145105 130.2255 
  0.1491151 132.1886 
  0.07649899 134.1814 
  0.07140469 136.8852 
  0.08610819 139.6435 
  0.1294819 141.7487 
  -0.0961256 143.8855 
  0.5270365 146.0546 
  0.09236055 148.2564 
  0.3831078 150.4914 
  0.1108039 152.7601 
  0.1353221 155.063 
  0.1067206 157.4006 
  -0.05277663 159.7734 
  -0.047592 162.182 
  0.410861 164.6269 
  0.5736097 167.1087 
  0.8173872 167.9442 
  0.9642791 168.784 
  0.9951446 169.6279 
  0.9965516 170.476 
  0.9991303 171.3284 
  0.9999235 172.185 
  0.9977582 171.3284 
  0.9981722 169.6279 
  0.9959362 168.784 
  0.9966473 168.784 
  0.9715294 169.6279 
  0.9780826 170.476 
  0.972746 169.6279 
  0.9918625 167.1087 
  0.9965671 164.6269 
  0.9988132 164.6269 
  1.00012 163.8079 
  0.9996848 163.8079 
  0.999953 164.6269 
  0.9999539 164.6269 
  0.9987003 163.8079 
  0.9926364 162.9929 
  0.9900929 160.5723 
  0.9864676 158.1876 
  0.9800183 156.6175 
  0.9940507 155.063 
  0.9957775 154.2915 
  0.990521 152.7601 
  0.9885012 151.2439 
  0.9788408 148.9977 
  0.974772 146.7849 
  0.8753369 144.605 
  0.7860944 143.8855 
  0.6569842 144.605 
  0.2735535 145.328 
  0.1781995 146.7849 
  0.07889959 147.5188 
  -0.05917818 148.2564 
  -0.02525512 149.7427 
  0.05153903 150.4914 
  0.06145584 151.2439 
  -0.02971003 152.0001 
  -0.1436067 152.7601 
  -0.06154511 153.5239 
  0.1153143 154.2915 
  0.1681456 154.2915 
  -0.008350238 155.063 
  0.03592292 155.063 
  0.493832 155.063 
  0.2445031 155.8383 
  0.07863493 155.8383 
  0.1654467 155.8383 
  -0.04701921 155.8383 
  0.1456601 155.8383 
  0.1108861 156.6175 
  -0.1222772 157.4006 
  0.7975913 158.9785 
  0.9132174 159.7734 
  0.9824762 161.3751 
  0.9848654 162.9929 
  0.9964501 164.6269 
  0.9981003 166.2773 
  0.9986053 167.1087 
  0.9997087 167.1087 
  0.9983183 167.1087 
  0.9925999 165.4501 
  0.974179 164.6269 
  0.9707594 162.9929 
  0.9522431 160.5723 
  0.9691535 161.3751 
  0.9657089 160.5723 
  0.9604642 159.7734 
  0.9753588 156.6175 
  0.9664852 153.5239 
  0.9653853 149.7427 
  0.9706356 147.5188 
  0.9704502 145.328 
  0.9527946 144.605 
  0.8782645 143.8855 
  0.7387875 144.605 
  0.2043162 143.8855 
  0.02279151 143.1697 
  0.1289671 143.1697 
  0.3683729 143.1697 
  0.2717581 143.1697 
  -0.07663768 143.1697 
  -0.1044237 143.1697 
  -0.08052121 143.1697 
  -0.03283193 143.1697 
  -0.08101715 143.1697 
  0.08103456 143.1697 
  0.05337566 143.1697 
  0.04506059 143.1697 
  -0.01321849 142.4574 
  -0.04180363 141.7487 
  0.06795608 141.0434 
  0.2211893 140.3417 
  -0.004510651 139.6435 
  0.127388 138.9488 
  0.04959314 138.2575 
  0.2263103 138.2575 
  0.1077564 138.2575 
  -0.2359189 138.2575 
  0.6984434 135.5266 
  0.8955522 135.5266 
  0.9889102 135.5266 
  0.9965179 134.8523 
  0.9945517 134.8523 
  0.9859475 135.5266 
  0.9818749 136.8852 
  0.9883586 138.2575 
  0.9905647 138.9488 
  0.9890441 139.6435 
  0.9822022 140.3417 
  0.9843115 141.7487 
  0.9894412 142.4574 
  0.9670077 141.0434 
  0.9257593 138.9488 
  0.9196296 136.2042 
  0.8540399 134.1814 
  0.2776141 133.5138 
  0.1575213 132.8496 
  -0.0005218368 132.1886 
  0.2767414 132.1886 
  -0.08527678 132.1886 
  0.2176376 132.1886 
  0.1816348 132.1886 
  0.2545938 132.1886 
  0.1656143 132.8496 
  0.08774709 133.5138 
  -0.0012122 134.1814 
  -0.03507263 134.8523 
  0.07459494 134.8523 
  0.04710847 134.8523 
  0.0213948 134.8523 
  -0.2654982 134.8523 
  -0.172088 134.8523 
  -0.09874473 134.8523 
  0.07877362 134.8523 
  0.1193635 134.8523 
  0.01491378 134.8523 
  -0.06064904 134.8523 
  -0.6284369 134.8523 
  0.1514458 134.8523 
  -0.1981969 134.8523 
  -0.1486376 133.5138 
  0.2846565 131.531 
  0.530868 130.2255 
  0.4444714 127.0181 
  0.7444327 125.7574 
  0.8685126 126.3862 
  0.8812173 127.0181 
  0.8817359 127.0181 
  0.6855197 124.5092 
  0.7441466 122.0498 
  0.8680255 119.639 
  0.7883485 117.8622 
  0.5438938 117.2759 
  0.2218122 117.2759 
  0.5098901 117.8622 
  0.8015907 118.4515 
  0.8531227 118.4515 
  0.2623968 124.5092 
  0.403157 131.531 
  0.6398048 138.2575 
  0.9417359 141.7487 
  0.9433157 140.3417 
  0.9612103 138.2575 
  0.9875843 137.5696 
  0.9771997 138.2575 
  0.9821554 139.6435 
  0.9875632 140.3417 
  0.9909611 140.3417 
  0.9915883 141.0434 
  0.9922047 141.0434 
  0.9900811 141.0434 
  0.9845232 140.3417 
  0.9770548 139.6435 
  0.9756961 138.9488 
  0.9715127 138.2575 
  0.9723114 136.8852 
  0.9693923 135.5266 
  0.8833944 133.5138 
  0.7963906 131.531 
  0.7449458 127.6532 
  0.9886535 127.6532 
  0.9966559 127.0181 
  0.7432411 127.6532 
  0.7471951 128.9329 
  0.7565932 127.6532 
  0.8823073 126.3862 
  0.9747106 125.1317 
  0.9860795 125.7574 
  0.9756495 125.1317 
  0.9365718 123.2734 
  0.9318941 122.6601 
  0.8329694 120.2372 
  0.8525096 117.8622 
  0.8802527 116.6924 
  0.6815908 118.4515 
  -0.5029298 122.0498 
  0.07367036 125.1317 
  0.1221937 128.9329 
  0.3672344 132.8496 
  0.2407984 136.2042 
  0.2262697 139.6435 
  0.1694416 139.6435 
  0.127957 138.2575 
  0.2072746 134.8523 
  0.3150324 133.5138 
  0.4002496 130.2255 
  0.2838585 128.9329 
  0.554767 118.4515 
  0.8876282 116.1118 
  0.9209394 114.3874 
  0.8935359 114.3874 
  0.886694 113.8184 
  0.8216833 113.8184 
  0.6954366 112.128 
  0.6449849 111.0151 
  0.4783178 111.0151 
  0.2507769 110.4628 
  0.1534306 109.9132 
  0.1330616 109.3664 
  0.0444931 108.8223 
  0.06735668 108.2809 
  0.07180262 108.2809 
  0.04453883 107.7421 
  -0.1802329 106.6728 
  0.2055502 105.614 
  0.2784531 105.614 
  0.3330925 106.142 
  0.2460785 106.142 
  -0.01573536 106.142 
  -0.1268631 106.6728 
  -0.07267721 106.6728 
  -0.006365982 106.6728 
  0.3076224 106.6728 
  0.1342202 106.6728 
  -0.0244317 106.6728 
  0.05270425 106.6728 
  0.2535051 106.6728 
  0.1923778 106.6728 
  0.03031616 106.6728 
  0.07941771 106.6728 
  -0.09462995 106.6728 
  0.03348409 106.6728 
  0.2189464 106.6728 
  0.2325152 106.6728 
  0.1579109 106.6728 
  0.1391131 106.6728 
  0.06726061 106.6728 
  -0.02603978 106.6728 
  -0.06733575 106.6728 
  -0.01143771 106.6728 
  0.05586096 106.6728 
  0.1260344 106.6728 
  0.07922281 106.6728 
  0.03151872 106.6728 ]
