 [
  -0.06852398 212.3098 
  0.2166745 212.3098 
  -0.08109071 212.3098 
  -0.3121717 212.3098 
  -0.2413377 212.3098 
  -0.1573296 212.3098 
  -0.2088564 212.3098 
  0.09653712 212.3098 
  0.09275421 212.3098 
  0.003592518 212.3098 
  0.06081823 212.3098 
  -0.02012761 212.3098 
  0.009120188 212.3098 
  -0.03547352 212.3098 
  -0.05966388 212.3098 
  0.1617269 212.3098 
  0.1066464 212.3098 
  0.109754 212.3098 
  -0.07236154 212.3098 
  -0.1230171 212.3098 
  0.03220338 212.3098 
  0.03135595 212.3098 
  -0.01181727 212.3098 
  -0.1005908 212.3098 
  -0.1921771 212.3098 
  -0.194099 212.3098 
  0.03592382 212.3098 
  0.001574492 212.3098 
  0.01345965 212.3098 
  -0.2429581 212.3098 
  -0.1410597 212.3098 
  -0.1119364 212.3098 
  -0.05300386 212.3098 
  -0.2202052 212.3098 
  0.03330693 212.3098 
  -0.03013773 212.3098 
  -0.1054114 212.3098 
  -0.2118443 212.3098 
  -0.2182846 212.3098 
  0.06016432 212.3098 
  0.07841832 212.3098 
  0.1540247 212.3098 
  -0.05424114 212.3098 
  -0.03148516 212.3098 
  0.1220422 212.3098 
  0.15974 212.3098 
  0.1200667 212.3098 
  0.0632975 212.3098 
  -0.02013929 212.3098 
  -0.1508523 212.3098 
  -0.1891538 212.3098 
  -0.1773078 212.3098 
  0.1397243 212.3098 
  -0.2332337 212.3098 
  -0.06565492 212.3098 
  -0.3051439 212.3098 
  -0.2918445 212.3098 
  0.04330753 212.3098 
  -0.0143247 212.3098 
  0.3251299 212.3098 
  0.8440064 212.3098 
  0.5884479 212.3098 
  0.8099871 208.1162 
  0.8945352 206.0505 
  0.9238412 205.0254 
  0.785722 206.0505 
  0.3173575 209.1568 
  0.2823003 212.3098 
  0.5328499 215.5104 
  -0.1559846 218.7592 
  -0.1182777 222.057 
  0.1081744 225.4046 
  0.146383 228.8026 
  0.07558674 232.2518 
  0.2274154 235.753 
  0.843591 236.9318 
  0.9312152 238.1164 
  0.9843816 236.9318 
  0.9725398 236.9318 
  0.9513195 234.5801 
  0.8491361 229.9466 
  0.425467 228.8026 
  0.1285281 228.8026 
  0.08655784 228.8026 
  0.08636272 228.8026 
  0.04254548 228.8026 
  -0.1801573 228.8026 
  0.5205404 228.8026 
  0.8496321 225.4046 
  0.9341927 222.057 
  0.9267938 219.853 
  0.8761783 218.7592 
  -0.05215766 222.057 
  -0.02553264 225.4046 
  0.03394575 229.9466 
  0.1057641 233.4131 
  0.212064 236.9318 
  -0.01503134 240.5036 
  0.1813735 244.1292 
  0.2548756 247.8095 
  0.1682598 250.2938 
  0.09841972 251.5452 
  -0.1313419 250.2938 
  -0.1388702 250.2938 
  -0.2401418 250.2938 
  -0.00758682 250.2938 
  0.829687 250.2938 
  0.9526198 249.0485 
  0.975549 246.5766 
  0.9552044 244.1292 
  0.9467048 238.1164 
  0.9834274 235.753 
  0.9859614 234.5801 
  0.9797165 232.2518 
  0.9852601 229.9466 
  0.991877 228.8026 
  0.994709 228.8026 
  0.9907503 227.6642 
  0.9927487 228.8026 
  0.9976888 228.8026 
  0.9871699 228.8026 
  0.9810352 228.8026 
  0.9868499 228.8026 
  0.980383 228.8026 
  0.9724062 229.9466 
  0.9563825 229.9466 
  0.9251567 229.9466 
  0.8806611 224.2832 
  0.7373117 222.057 
  0.5798714 220.9523 
  0.5933244 220.9523 
  0.8643886 220.9523 
  0.9721384 222.057 
  0.9734002 224.2832 
  0.9619821 225.4046 
  0.9431546 226.5316 
  0.7181623 226.5316 
  0.7237746 227.6642 
  0.9014122 229.9466 
  0.9656109 233.4131 
  0.9822139 235.753 
  0.9943592 235.753 
  0.9956633 234.5801 
  0.9962424 233.4131 
  0.9951978 232.2518 
  0.9867191 229.9466 
  0.9520121 227.6642 
  0.8656148 226.5316 
  0.7535594 225.4046 
  0.7333104 224.2832 
  0.7373573 223.1673 
  0.3906715 222.057 
  -0.2289625 220.9523 
  -0.09978491 219.853 
  -0.08446422 219.853 
  0.6018832 219.853 
  0.6326854 217.6709 
  0.7441082 215.5104 
  0.3826585 213.3714 
  0.6199095 211.2535 
  0.4728745 210.2025 
  0.427191 209.1568 
  0.4419105 208.1162 
  -0.04536003 207.0808 
  -0.1962177 206.0505 
  0.0379764 205.0254 
  0.7956799 202.9904 
  0.9287605 200.9756 
  0.9901308 199.9758 
  0.9930067 198.9809 
  0.9910203 197.9909 
  0.9903467 197.0059 
  0.9920599 195.0505 
  0.9934168 193.1145 
  0.9885817 191.1978 
  0.9816988 189.3 
  0.9739701 186.4887 
  0.9534358 184.6377 
  0.906407 183.7191 
  0.9529433 184.6377 
  0.9914415 184.6377 
  0.9920519 184.6377 
  0.9839211 183.7191 
  0.9281541 183.7191 
  0.8081117 184.6377 
  0.568602 186.4887 
  0.3010002 188.3582 
  0.1382325 190.2465 
  0.09039314 192.1537 
  0.0206576 194.0801 
  -0.02053268 196.0257 
  -0.04723828 198.9809 
  -0.1016725 200.9756 
  -0.1282464 202.9904 
  -0.09522949 205.0254 
  -0.05470839 207.0808 
  0.06020467 209.1568 
  -0.3738009 211.2535 
  0.6954783 214.4382 
  0.7736412 209.1568 
  0.9761222 204.0054 
  0.9901674 200.9756 
  0.9912397 199.9758 
  0.9814745 197.9909 
  0.9786884 196.0257 
  0.9439768 196.0257 
  0.9869913 197.9909 
  0.9960222 198.9809 
  0.9981222 198.9809 
  0.9989446 198.9809 
  0.9978175 198.9809 
  0.9973108 198.9809 
  0.9892178 197.9909 
  0.9480597 197.0059 
  0.8083075 197.0059 
  0.2596288 197.0059 
  0.08731758 197.0059 
  0.02241653 197.0059 
  -0.07161723 197.0059 
  0.002624446 197.0059 
  0.04501784 197.0059 
  0.007621495 197.0059 
  -0.08565737 197.0059 
  -0.2484593 197.0059 
  -0.1200031 197.0059 
  -0.03929114 197.0059 
  -0.1110358 197.0059 
  -0.0008810125 197.0059 
  -0.02549094 197.0059 
  0.04447749 197.0059 
  0.08417425 197.0059 
  0.7569504 196.0257 
  0.8522547 193.1145 
  0.9491384 189.3 
  0.9600062 185.5609 
  0.9728123 182.8051 
  0.9466735 180.0902 
  0.8991027 178.3027 
  0.9138677 176.533 
  0.9406775 176.533 
  0.9434393 175.6547 
  0.9696564 173.9112 
  0.9541987 173.9112 
  0.958116 173.9112 
  0.9385534 173.046 
  0.849494 169.6279 
  0.6765103 164.6269 
  0.4320108 162.182 
  0.4014832 162.182 
  0.5036452 163.8079 
  0.4634508 167.1087 
  0.06099716 172.185 
  0.1599076 178.3027 
  0.2301209 183.7191 
  0.35201 186.4887 
  0.3819832 186.4887 
  0.7478673 184.6377 
  0.8677542 186.4887 
  0.9294595 185.5609 
  0.8957316 182.8051 
  0.966069 180.0902 
  0.9871084 179.1942 
  0.9756353 180.9906 
  0.9898531 181.8956 
  0.9829674 180.9906 
  0.9491448 177.4156 
  0.952635 174.7808 
  0.9629759 172.185 
  0.9879575 171.3284 
  0.9910596 170.476 
  0.9836756 170.476 
  0.9563614 168.784 
  0.9236093 166.2773 
  0.7865245 162.182 
  0.7776074 159.7734 
  0.8410407 158.1876 
  0.5797213 157.4006 
  0.3764226 155.8383 
  0.2735609 158.1876 
  -0.2750432 159.7734 
  -0.1918193 161.3751 
  -0.08962332 162.9929 
  0.2244407 164.6269 
  0.2190398 166.2773 
  0.3371864 167.9442 
  0.5741912 169.6279 
  0.6610783 170.476 
  0.7586298 171.3284 
  0.7743672 171.3284 
  0.9154233 171.3284 
  0.8721999 171.3284 
  0.787161 171.3284 
  0.3561372 171.3284 
  0.1241085 171.3284 
  0.000337987 171.3284 
  -0.01773517 171.3284 
  -0.01684606 171.3284 
  0.1054119 171.3284 
  0.1045571 171.3284 
  -0.1024844 171.3284 
  -0.008196225 171.3284 
  -0.06672116 171.3284 
  -0.03125567 171.3284 
  0.0504327 171.3284 
  0.2364554 171.3284 
  0.07280073 171.3284 
  -0.4404294 171.3284 
  -0.1669556 171.3284 
  -0.3064654 171.3284 
  -0.07244699 171.3284 
  -0.1194425 171.3284 
  -0.04048446 171.3284 
  0.2571938 171.3284 
  -0.1350707 171.3284 
  -0.2131314 171.3284 
  -0.116656 171.3284 
  0.05577761 171.3284 
  0.1147268 171.3284 
  -0.1361121 171.3284 
  -0.004493106 171.3284 
  0.01637628 171.3284 
  0.4920515 171.3284 
  0.6304592 171.3284 
  0.07653899 171.3284 
  0.5786548 171.3284 
  0.2546469 171.3284 
  0.00929363 171.3284 
  0.3778865 171.3284 
  0.1691922 171.3284 
  0.1223492 171.3284 
  0.2710872 171.3284 
  -0.1141821 171.3284 
  0.1567504 171.3284 
  0.02799078 171.3284 
  0.05111212 171.3284 
  -0.09690344 171.3284 
  -0.05492785 171.3284 
  -0.04954971 171.3284 ]
