 [
  0.3767657 166.2773 
  0.1440378 166.2773 
  -0.02404171 166.2773 
  0.3546402 166.2773 
  0.3269866 166.2773 
  0.06426232 166.2773 
  0.1809015 166.2773 
  0.1005476 166.2773 
  -0.05667483 166.2773 
  0.2038159 166.2773 
  0.1261748 166.2773 
  -0.02217006 166.2773 
  0.03103074 166.2773 
  0.06055402 166.2773 
  0.1030547 166.2773 
  0.1210404 166.2773 
  0.09440288 166.2773 
  0.09234859 166.2773 
  0.09774949 166.2773 
  -0.2463272 166.2773 
  -0.1951955 166.2773 
  -0.2121741 166.2773 
  -0.1123906 166.2773 
  0.02886324 166.2773 
  0.2836326 166.2773 
  0.2466326 166.2773 
  0.1453674 166.2773 
  0.1342808 166.2773 
  0.05803628 166.2773 
  0.132702 166.2773 
  0.2280592 166.2773 
  0.3117773 166.2773 
  0.1864452 166.2773 
  0.09300183 166.2773 
  -0.1169862 166.2773 
  -0.1117261 166.2773 
  0.02099707 166.2773 
  0.1443887 166.2773 
  0.07858469 166.2773 
  0.02182777 165.4501 
  -0.03844662 165.4501 
  -0.1080078 165.4501 
  0.1037891 165.4501 
  0.1264656 165.4501 
  0.01243376 164.6269 
  0.1969672 164.6269 
  0.2696565 164.6269 
  0.2933415 164.6269 
  0.06788575 164.6269 
  0.06197016 164.6269 
  0.04086427 164.6269 
  -0.01035662 164.6269 
  0.03950387 164.6269 
  -0.03759029 164.6269 
  -0.01256151 164.6269 
  -0.08577314 164.6269 
  -0.0570171 164.6269 
  -0.04549263 164.6269 
  -0.02361461 163.8079 
  -0.09356698 163.8079 
  -0.04974125 163.8079 
  0.07951422 163.8079 
  0.1694077 163.8079 
  -0.03220157 163.8079 
  0.1109211 162.9929 
  0.184306 162.182 
  0.3272682 162.182 
  0.2628805 162.182 
  0.06332021 162.182 
  0.1473464 162.182 
  0.4216517 162.182 
  0.2151738 162.182 
  -0.1119324 162.182 
  0.06433448 162.182 
  0.1736576 161.3751 
  0.02064531 160.5723 
  0.09172196 159.7734 
  0.02907099 158.9785 
  0.07934652 158.1876 
  -0.06378069 157.4006 
  0.3007488 155.8383 
  0.6976871 154.2915 
  0.7073964 148.2564 
  0.6875073 147.5188 
  0.5840412 143.1697 
  0.7728739 135.5266 
  0.8521358 133.5138 
  0.9779251 132.1886 
  0.9675815 129.5776 
  0.9330122 126.3862 
  0.8516887 124.5092 
  0.6071768 125.1317 
  -0.2232305 128.2915 
  0.1854787 131.531 
  0.1163473 134.8523 
  -0.07476036 138.2575 
  -0.07508474 141.7487 
  0.1175121 145.328 
  0.1956014 148.9977 
  0.594066 148.9977 
  0.8271879 151.2439 
  0.8089997 156.6175 
  0.9209507 158.9785 
  0.9506899 158.9785 
  0.8990942 160.5723 
  0.817055 166.2773 
  0.9411622 170.476 
  0.9865229 172.185 
  0.9546007 171.3284 
  0.9150301 168.784 
  0.9011514 164.6269 
  0.8548468 160.5723 
  0.7878587 155.8383 
  0.1464531 155.8383 
  -0.01961324 155.8383 
  0.09243543 155.8383 
  -0.06714843 155.8383 
  0.01269389 155.8383 
  0.07730819 155.8383 
  0.04844105 155.8383 
  0.07101461 155.8383 
  0.02985026 155.8383 
  0.06938855 155.8383 
  0.1037795 156.6175 
  0.09766898 157.4006 
  -0.1875045 158.9785 
  0.6883245 161.3751 
  0.7739621 157.4006 
  0.7982953 152.0001 
  0.8382584 147.5188 
  0.8993546 143.1697 
  0.9280999 139.6435 
  0.9833229 137.5696 
  0.9771281 136.2042 
  0.9805734 134.8523 
  0.9821455 134.1814 
  0.9861379 133.5138 
  0.9902641 132.1886 
  0.9926344 131.531 
  0.9939311 131.531 
  0.996045 131.531 
  0.9966288 132.1886 
  0.9983239 131.531 
  0.9962251 131.531 
  0.9939886 130.8766 
  0.9893616 130.2255 
  0.9785712 129.5776 
  0.9782637 127.6532 
  0.9807536 126.3862 
  0.967924 124.5092 
  0.9805481 122.6601 
  0.9907258 122.0498 
  0.9741305 122.6601 
  0.9642465 123.8897 
  0.9757711 125.1317 
  0.9863439 125.1317 
  0.9887336 125.1317 
  0.9895751 124.5092 
  0.9792097 123.2734 
  0.9647969 121.4426 
  0.9556694 119.0438 
  0.931857 116.6924 
  0.8373314 114.9594 
  0.5180877 114.9594 
  -0.2589391 117.2759 
  0.03819902 119.639 
  -0.1643648 122.0498 
  0.2234852 124.5092 
  0.188744 127.0181 
  0.04019206 129.5776 
  0.1129829 132.8496 
  0.2232116 136.2042 
  0.4990286 141.0434 
  0.8242019 140.3417 
  0.9253471 137.5696 
  0.9551697 137.5696 
  0.9041841 136.2042 
  0.7538224 133.5138 
  0.8704917 130.8766 
  0.903191 128.9329 
  0.873952 127.0181 
  0.9276479 124.5092 
  0.9280521 122.6601 
  0.8724777 120.8384 
  0.9322668 119.0438 
  0.983421 118.4515 
  0.9775432 118.4515 
  0.9814757 118.4515 
  0.9935679 117.8622 
  0.9927432 117.2759 
  0.9970548 117.2759 
  0.9929937 116.6924 
  0.9899234 117.2759 
  0.978129 117.2759 
  0.9088228 116.6924 
  0.833234 116.1118 
  0.6790078 113.8184 
  0.8327963 113.2521 
  0.9912652 114.3874 
  0.9949732 115.5342 
  0.9971904 116.1118 
  0.9898282 117.2759 
  0.9713124 119.0438 
  0.8244123 122.0498 
  0.8034623 122.0498 
  0.8788216 122.0498 
  0.9851117 122.0498 
  0.9774631 121.4426 
  0.8403582 120.8384 
  0.6982672 119.639 
  0.3752988 116.1118 
  0.7402119 114.3874 
  0.5304653 112.6886 
  -0.1336262 113.2521 
  0.7890613 113.8184 
  0.8558561 113.2521 
  0.7264206 110.4628 
  0.6350234 106.6728 
  0.8084351 104.0455 
  0.8158604 101.4829 
  0.7492943 98.98344 
  0.8438414 96.54556 
  0.7962199 95.5873 
  0.1088994 97.02828 
  0.0167532 100.4756 
  0.1666633 104.0455 
  0.0438518 107.7421 
  -0.1712903 111.5702 
  -0.1283848 115.5342 
  -0.002458196 119.639 
  0.0929317 123.8897 
  0.1381367 128.2915 
  -0.05773887 132.8496 
  0.06259694 137.5696 
  -0.05754411 142.4574 
  -0.1550036 148.2564 
  -0.1257061 154.2915 
  -0.173397 160.5723 
  0.5931505 167.1087 
  0.604185 157.4006 
  0.6806205 153.5239 
  0.7843804 149.7427 
  -0.2132165 148.2564 
  -0.4330032 148.9977 
  -0.2200854 149.7427 
  0.03114523 150.4914 
  -0.05628978 151.2439 
  -0.03976989 152.0001 
  -0.2107518 152.7601 
  -0.07656695 152.7601 
  0.1128415 152.7601 
  0.1682741 152.7601 
  0.1692104 152.7601 
  0.2537859 152.7601 
  0.05842839 152.7601 
  -0.04402332 152.7601 
  -0.0831627 152.7601 
  -0.01599123 152.7601 
  -0.1643152 152.7601 
  -0.0351465 152.7601 
  -0.2342934 152.7601 
  -0.2079984 152.7601 
  0.6947497 154.2915 
  0.6728767 148.9977 
  0.6244763 141.0434 
  0.6893315 132.1886 
  0.7839716 124.5092 
  0.8321886 120.2372 
  0.6748214 119.0438 
  -0.01213191 122.0498 
  -0.05076233 124.5092 
  -0.03591738 127.0181 
  -0.2574505 129.5776 
  -0.2182329 132.8496 
  -0.003487539 135.5266 
  0.2432296 138.2575 
  0.430097 141.0434 
  0.8330441 141.7487 
  0.4008991 134.8523 
  0.3681314 126.3862 
  0.603836 121.4426 
  0.8108362 119.0438 
  0.6745915 116.6924 
  0.6297347 112.6886 
  0.7899168 111.0151 
  0.7514452 109.9132 
  0.861341 107.7421 
  0.9561946 107.2061 
  0.9484792 107.2061 
  0.966323 107.2061 
  0.9492398 108.2809 
  0.8812633 108.8223 
  0.9428725 109.3664 
  0.9591527 110.4628 
  0.9674199 110.4628 
  0.9767646 110.4628 
  0.9773393 110.4628 
  0.9764525 110.4628 
  0.9782283 110.4628 
  0.9677184 110.4628 
  0.9575537 111.0151 
  0.9424449 111.0151 
  0.9362288 111.0151 
  0.9542559 111.0151 
  0.9558848 111.0151 
  0.9433084 111.0151 
  0.9284588 111.0151 
  0.9199557 111.5702 
  0.8899131 111.0151 
  0.7834303 110.4628 
  0.722008 107.2061 
  0.3481532 105.614 
  0.2937958 105.0885 
  0.1800178 104.5657 
  0.2241013 104.5657 
  0.7201064 105.0885 
  0.9090527 105.614 
  0.9076724 106.6728 
  0.9365413 107.7421 
  0.97884 108.2809 
  0.9666725 108.8223 
  0.9738659 108.2809 
  0.9022846 109.9132 
  0.8846769 112.6886 
  0.9432195 115.5342 
  0.8219821 119.639 
  0.6283704 127.6532 
  0.8291515 130.8766 
  0.9137063 132.8496 
  0.969721 134.1814 
  0.9890336 134.8523 
  0.9956796 135.5266 
  0.9954505 135.5266 
  0.9910356 134.8523 
  0.9729329 134.1814 
  0.9698921 131.531 
  0.9878155 130.2255 
  0.9950055 129.5776 
  0.9936846 128.9329 
  0.9491723 128.9329 
  0.9133645 128.2915 
  0.9050857 128.9329 
  0.9950535 130.8766 
  1.000474 131.531 
  1.000359 131.531 
  0.9970168 130.8766 
  0.9787372 129.5776 
  0.9366192 127.6532 
  0.8117834 127.0181 
  0.4426525 128.2915 
  0.007288812 130.8766 
  -0.08074933 132.8496 
  -0.2215221 135.5266 
  0.009729659 138.2575 
  0.1227775 140.3417 
  0.0710136 142.4574 
  0.2462633 144.605 
  0.6096072 138.9488 
  0.6582273 130.2255 
  0.6588809 127.0181 
  0.7008163 123.8897 
  0.7611564 120.8384 
  0.7070776 118.4515 
  0.8232681 115.5342 
  0.9338842 114.3874 
  0.9709847 113.8184 
  0.9746283 113.8184 
  0.9571351 114.3874 
  0.9582209 114.3874 
  0.9567991 114.3874 
  0.8919858 113.8184 
  0.7466733 113.8184 
  0.4840352 113.2521 
  0.9616342 114.9594 
  0.9153334 114.9594 
  0.5735203 115.5342 
  0.6243507 113.8184 
  0.7748044 112.128 
  0.8547821 111.0151 
  0.8225123 109.9132 
  0.8997535 108.2809 
  0.9651808 107.2061 
  0.9629797 106.6728 
  0.9608344 106.6728 
  0.9637064 106.142 
  0.961875 106.6728 
  0.942957 106.6728 
  0.7092054 105.614 
  0.7908865 103.5278 
  0.7687303 103.0128 
  0.7766803 100.4756 
  0.7883372 98.491 
  0.7802057 98.491 
  0.7112036 98.491 
  0.7257501 99.47836 
  0.7150151 100.978 
  0.7547438 102.5003 
  0.7215824 104.5657 
  0.8428428 106.6728 
  0.8310198 108.2809 
  0.9365627 109.9132 
  0.9568778 109.9132 
  0.9475645 109.9132 
  0.816218 108.2809 
  0.7629228 106.6728 
  0.8782644 105.0885 
  0.9640783 104.0455 
  0.9719568 103.5278 
  0.9513803 103.5278 
  0.939089 102.5003 
  0.9330288 101.4829 
  0.9659339 100.978 
  0.950986 100.978 
  0.869493 102.5003 
  0.8636903 104.0455 
  0.88315 105.614 
  0.7395483 107.2061 
  0.7949563 109.3664 
  0.8494229 109.3664 
  0.8409492 109.3664 
  0.7914172 108.8223 
  0.810425 107.2061 
  0.9422088 106.142 
  0.9684536 105.0885 
  0.9825702 105.0885 
  0.9682578 104.5657 
  0.9549879 104.0455 
  0.9073557 103.0128 
  0.876138 102.5003 
  0.8894267 101.4829 
  0.8974202 100.978 
  0.8718481 100.4756 
  0.7951092 99.47836 
  0.7493956 97.51342 
  0.7422372 95.5873 
  0.5640689 94.1677 
  0.2069158 93.23304 
  -0.2755764 94.63854 
  -0.07893787 95.5873 
  0.12081 96.54556 
  0.1990587 98.00098 
  0.2873132 99.47836 
  0.134208 100.4756 
  -0.006107497 101.4829 
  -0.1508104 103.0128 
  0.1576959 104.5657 
  0.4908948 106.142 
  0.592953 103.5278 
  0.3568472 97.51342 
  0.1812824 94.1677 
  0.400786 87.8167 
  0.5184963 83.54424 
  0.5677754 81.4866 
  0.302148 80.27641 
  -0.1268961 79.47963 
  -0.4628301 79.08421 
  -0.0352449 79.08421 
  0.3373701 79.08421 
  0.5045086 79.08421 
  0.4502337 79.08421 
  0.04434089 79.08421 
  -0.2439982 79.08421 
  -0.5139158 79.08421 
  -0.5024264 79.08421 
  -0.3137403 79.08421 
  -0.3817331 79.08421 
  -0.2624173 79.08421 
  -0.04076344 79.08421 
  0.03580227 79.08421 
  -0.02156411 79.08421 
  -0.04443748 79.08421 
  -0.1660054 79.08421 
  -0.05139918 79.08421 
  -0.02804351 79.08421 
  -0.1145167 79.08421 
  0.1697782 79.08421 
  -0.03059678 79.08421 
  -0.08354352 79.08421 
  -0.3618322 79.08421 
  -0.003659424 79.08421 
  -0.1517197 79.08421 
  -0.1484925 79.08421 
  0.1730764 79.08421 
  -0.01316209 79.08421 
  -0.1013096 79.08421 
  0.0548886 79.08421 
  0.1136831 79.08421 
  -0.01272129 79.08421 
  0.04919238 79.08421 
  0.002380222 79.08421 
  -0.1467072 79.08421 
  -0.009332495 79.08421 
  0.1335827 79.08421 
  -0.1138383 79.08421 
  -0.2751963 79.08421 
  -0.1422308 79.08421 
  -0.07323995 79.08421 
  -0.002296615 79.08421 
  0.2721383 79.08421 
  0.09042979 79.08421 
  -0.284256 79.08421 
  -0.4753069 79.08421 
  -0.3511475 79.08421 
  -0.1834987 79.08421 
  -0.3913074 79.08421 
  -0.4811344 79.08421 
  -0.5700343 79.08421 
  -0.4559163 79.08421 
  -0.06127127 79.08421 
  0.1022059 79.08421 
  -0.2199277 79.08421 
  -0.08378432 79.08421 
  -0.1134525 79.08421 
  0.05139143 79.08421 
  0.05571811 79.08421 
  0.2675317 79.08421 
  0.1065035 79.08421 
  0.1297902 79.08421 
  0.167438 79.08421 
  0.1274478 79.08421 
  -0.3579612 79.08421 
  0.3105882 79.08421 
  0.380022 79.08421 
  0.2582872 79.08421 
  -0.04638435 79.08421 
  -0.04755359 79.08421 
  0.3774743 79.08421 
  0.2403087 79.08421 
  0.1532671 79.08421 
  -0.01146738 79.08421 
  0.0118723 79.08421 
  0.1290008 79.08421 
  0.03968446 79.08421 
  -0.09531988 79.08421 
  0.01798784 79.08421 
  -0.02905241 79.08421 
  -0.05793739 79.08421 
  0.1527723 79.08421 
  0.07530621 79.08421 
  0.1070093 79.08421 
  -0.06324567 79.08421 
  0.08943719 79.08421 
  0.06560542 79.08421 
  -0.1363286 79.08421 
  -0.1091774 79.08421 
  -0.004986929 79.08421 
  -0.3667606 79.08421 
  0.004524803 79.08421 ]
