 [
  0.2275907 130.2255 
  -0.1505732 130.2255 
  -0.09514047 130.2255 
  -0.1528522 130.2255 
  -0.05143384 130.2255 
  0.07507367 130.2255 
  0.1037536 130.2255 
  0.06221145 130.2255 
  0.2495171 130.2255 
  0.7059577 130.2255 
  0.6294783 130.2255 
  0.5450652 130.2255 
  0.8717214 130.2255 
  0.9682781 130.8766 
  0.9911909 131.531 
  0.9949207 131.531 
  0.9937993 132.1886 
  0.9624056 133.5138 
  0.9691558 134.8523 
  0.9252568 134.1814 
  0.9179178 133.5138 
  0.8029335 135.5266 
  0.985131 138.2575 
  0.9895362 141.0434 
  0.9854143 143.1697 
  0.9524103 146.7849 
  0.8623968 151.2439 
  0.9471217 152.0001 
  0.9491527 153.5239 
  0.9634977 155.063 
  0.9669948 156.6175 
  0.9698982 158.9785 
  0.9592552 161.3751 
  0.9687867 162.9929 
  0.9560483 164.6269 
  0.9409411 167.1087 
  0.9609916 170.476 
  0.9739754 172.185 
  0.9862328 173.046 
  0.9841774 173.046 
  0.9673615 171.3284 
  0.938768 168.784 
  0.9104984 165.4501 
  0.9555988 158.9785 
  0.9878953 156.6175 
  0.9935049 155.8383 
  0.9845152 154.2915 
  0.9729056 153.5239 
  0.9472031 150.4914 
  0.9484444 148.9977 
  0.9204332 145.328 
  0.9206558 142.4574 
  0.9620756 140.3417 
  0.9680809 138.2575 
  0.9038484 136.2042 
  0.8278918 134.8523 
  0.7726927 132.1886 
  0.3997028 127.6532 
  0.7944899 128.2915 
  0.7864193 134.1814 
  0.9200146 136.2042 
  0.9605713 136.2042 
  0.9862007 136.2042 
  0.9941776 136.2042 
  0.9931573 136.2042 
  0.9892285 136.8852 
  0.9873608 138.2575 
  0.9948571 138.9488 
  0.9965982 138.9488 
  0.9922029 138.9488 
  0.9917358 138.2575 
  0.973945 138.2575 
  0.9504257 138.9488 
  0.9142025 139.6435 
  0.853081 138.2575 
  -0.01555845 138.2575 
  0.2657592 138.2575 
  0.3760743 137.5696 
  0.3161584 137.5696 
  0.2521843 137.5696 
  0.1589593 137.5696 
  0.168472 137.5696 
  -0.003559634 137.5696 
  0.07578376 136.8852 
  0.02316465 136.8852 
  0.07125856 136.2042 
  0.07612243 136.2042 
  0.07932185 136.2042 
  0.01977374 135.5266 
  0.6370461 135.5266 
  0.869175 134.8523 
  0.9604825 132.8496 
  0.9696033 130.8766 
  0.9345096 129.5776 
  0.8456792 128.2915 
  0.5067458 128.2915 
  -0.111101 128.2915 
  0.2060694 128.2915 
  0.09779748 128.2915 
  -0.05512323 128.2915 
  -0.06857847 128.2915 
  0.03805881 128.2915 
  0.02806129 128.2915 
  -0.3337221 128.2915 
  -0.1106077 128.2915 
  0.323297 128.2915 
  0.1225293 128.2915 
  0.01025755 128.2915 
  0.04233401 128.2915 
  0.04949647 128.2915 
  0.3970815 128.9329 
  0.3180766 128.9329 
  0.6128674 128.9329 
  0.8700926 128.2915 
  0.8937945 127.6532 
  0.916222 126.3862 
  0.9544085 124.5092 
  0.9735326 123.2734 
  0.9893788 122.6601 
  0.9921973 122.0498 
  0.9923565 122.0498 
  0.9921123 122.0498 
  0.9907267 122.6601 
  0.9915676 123.2734 
  0.5904672 125.7574 
  0.8298293 127.0181 
  0.9005676 127.0181 
  0.9699579 127.0181 
  0.9795619 127.0181 
  0.9700506 128.2915 
  0.9673346 129.5776 
  0.9799675 130.8766 
  0.9806863 131.531 
  0.9853388 132.1886 
  0.9755895 133.5138 
  0.9677511 134.8523 
  0.9752029 136.2042 
  0.9816854 137.5696 
  0.9692175 136.8852 
  0.9359893 136.2042 
  0.890662 134.1814 
  0.9199938 132.1886 
  0.7915971 130.8766 
  0.1939249 129.5776 
  -0.2882048 128.2915 
  -0.2019609 127.6532 
  -0.07040654 127.0181 
  -0.2145859 126.3862 
  0.1684804 125.7574 
  0.198237 125.1317 
  0.7878734 125.1317 
  -0.3005314 124.5092 
  -0.1349879 123.8897 
  0.3103607 123.2734 
  0.2092585 122.6601 
  -0.1986824 122.0498 
  0.2076502 121.4426 
  0.3547874 120.8384 
  0.408258 120.2372 
  0.2232908 119.639 
  0.1177202 119.0438 
  0.1165719 118.4515 
  0.1843816 117.8622 
  0.4137597 117.2759 
  0.5950686 119.0438 
  0.6710528 119.639 
  0.7662644 120.8384 
  -0.04970911 121.4426 
  0.2946555 122.6601 
  0.2935667 123.8897 
  0.133547 125.1317 
  0.2825335 126.3862 
  0.1119213 127.6532 
  0.2329672 128.9329 
  0.07384406 130.2255 
  -0.01254826 131.531 
  0.04569327 132.8496 
  -0.1438541 134.1814 
  -0.04016183 135.5266 
  0.03713568 136.8852 
  0.08491813 138.2575 
  -0.01396758 140.3417 
  0.1904128 142.4574 
  0.1374667 144.605 
  0.3035345 146.0546 
  0.5569864 144.605 
  0.9771945 143.1697 
  0.9889781 142.4574 
  0.9854974 141.0434 
  0.9617794 139.6435 
  0.9768494 137.5696 
  0.9650928 135.5266 
  0.9649972 134.1814 
  0.9867586 132.1886 
  0.9828598 131.531 
  0.9825022 130.2255 
  0.9841364 128.9329 
  0.9759376 127.6532 
  0.9676518 126.3862 
  0.9842615 124.5092 
  0.9819244 123.8897 
  0.9786255 122.6601 
  0.9828263 121.4426 
  0.9896889 120.2372 
  0.9790029 119.639 
  0.9757751 118.4515 
  0.9721838 117.8622 
  0.9529046 116.6924 
  0.9487277 115.5342 
  0.9656617 114.3874 
  0.9838642 114.3874 
  0.9857166 114.9594 
  0.9786152 115.5342 
  0.9609467 116.6924 
  0.9372838 118.4515 
  0.9260652 120.8384 
  0.9115703 122.0498 
  0.9387791 123.2734 
  0.9536605 123.2734 
  0.9663257 123.8897 
  0.9665872 124.5092 
  0.948897 125.7574 
  0.9309084 127.0181 
  0.912364 129.5776 
  0.921652 131.531 
  0.954474 132.8496 
  0.9181562 134.8523 
  0.9313599 137.5696 
  0.9508899 138.9488 
  0.9718085 140.3417 
  0.9876783 141.7487 
  0.9813371 142.4574 
  0.960226 143.1697 
  0.9559134 144.605 
  0.9600844 146.0546 
  0.9331438 147.5188 
  0.9169837 148.2564 
  0.8485402 146.7849 
  0.8145427 143.8855 
  0.532379 141.7487 
  0.8207467 139.6435 
  0.2175158 138.2575 
  0.1310475 136.8852 
  0.2058539 135.5266 
  0.08454441 134.1814 
  -0.02721682 132.8496 
  0.1818337 131.531 
  0.2599872 130.2255 
  0.1330811 128.9329 
  0.79896 127.6532 
  0.9319866 127.0181 
  0.9396085 125.7574 
  0.9618971 124.5092 
  0.9721136 123.2734 
  0.9727826 122.0498 
  0.9508482 120.8384 
  0.9653632 119.639 
  0.9903996 119.639 
  0.9783568 120.2372 
  0.986647 120.8384 
  0.9882978 121.4426 
  0.9832874 121.4426 
  0.978761 122.0498 
  0.9844131 122.6601 
  0.9875419 123.2734 
  0.9861045 122.6601 
  0.9857139 122.6601 
  0.9943403 122.6601 
  0.9894602 123.2734 
  0.9928718 123.8897 
  0.993615 123.8897 
  0.9904103 124.5092 
  0.98094 125.1317 
  0.9923489 125.7574 
  0.9900149 125.7574 
  0.9896821 126.3862 
  0.9918604 126.3862 
  0.9952098 126.3862 
  0.9909564 126.3862 
  0.9893857 125.7574 
  0.9839745 125.7574 
  0.9747972 125.7574 
  0.9692746 125.7574 
  0.910277 125.1317 
  0.8112433 123.8897 
  0.7221842 122.6601 
  0.4219566 123.2734 
  0.5232713 123.8897 
  0.7398916 125.1317 
  0.884147 125.1317 
  0.9412849 123.8897 
  0.9814744 122.6601 
  0.9773755 121.4426 
  0.9842515 119.639 
  0.9757234 118.4515 
  0.9438494 116.6924 
  0.9392606 114.9594 
  0.9644334 112.6886 
  0.9423349 111.0151 
  0.922738 109.3664 
  0.8300896 107.7421 
  0.7860456 106.142 
  0.7012626 105.614 
  -0.1295645 107.2061 
  -0.02185148 108.8223 
  0.07750587 110.4628 
  0.3862988 112.128 
  0.3992415 113.8184 
  0.5454116 115.5342 
  0.4050666 117.2759 
  0.04920366 119.0438 
  -0.08323064 120.8384 
  -0.2721129 122.6601 
  -0.199428 124.5092 
  -0.04095618 126.3862 
  -0.1860067 128.2915 
  0.3968246 130.8766 
  0.7682337 132.8496 
  0.9263951 131.531 
  0.9719923 130.2255 
  0.9716944 128.9329 
  0.9830859 128.2915 
  0.9864765 127.0181 
  0.9845492 126.3862 
  0.9898448 125.1317 
  0.9968099 125.1317 
  0.9952091 125.1317 
  0.9937971 125.1317 
  0.9916981 125.1317 
  0.9669718 125.1317 
  0.8422241 123.8897 
  0.7135959 122.0498 
  0.4514679 119.639 
  -0.3608963 119.639 
  0.2727201 119.639 
  0.460455 119.639 
  0.3292935 119.639 
  0.08778284 119.639 
  -0.04892883 119.639 
  -0.003912624 119.639 
  -0.1096534 119.639 
  -0.1526032 119.639 
  -0.1836902 119.639 
  -0.09699271 119.639 
  0.5149143 119.0438 
  0.6950496 119.0438 
  0.964227 119.0438 
  0.9645109 117.8622 
  0.9754905 116.6924 
  0.9559948 115.5342 
  0.9671651 114.9594 
  0.9728379 114.3874 
  0.9756806 114.3874 
  0.9660074 114.9594 
  0.9482068 116.1118 
  0.9028595 118.4515 
  0.9054379 120.2372 
  0.9352371 120.2372 
  0.9499547 120.2372 
  0.9122158 119.0438 
  0.920103 117.8622 
  0.9757317 116.6924 
  0.9903321 116.1118 
  0.981157 115.5342 
  0.9700326 114.9594 
  0.9605415 113.2521 
  0.9781146 112.128 
  0.9844199 111.5702 
  0.9843474 111.0151 
  0.9706996 109.9132 
  0.9544877 108.8223 
  0.9715078 107.7421 
  0.9795794 107.2061 
  0.96637 106.142 
  0.9721962 105.0885 
  0.9782488 104.5657 
  0.9443234 104.0455 
  0.9250729 103.5278 
  0.8955558 103.5278 
  0.9029066 103.0128 
  0.9390938 103.0128 
  0.9478239 102.5003 
  0.8985491 102.5003 
  0.6713965 101.9903 
  0.404592 101.4829 
  0.1130716 101.4829 
  -0.1921424 101.4829 
  -0.2455375 101.4829 
  -0.1439721 101.4829 
  -0.01484532 101.4829 
  0.03656811 101.4829 
  0.009218145 101.4829 
  -0.1249062 101.4829 
  -0.0809554 101.4829 
  -0.1354629 101.4829 
  -0.01541967 101.4829 
  -0.02697957 101.4829 
  0.03741253 101.4829 
  0.1293505 101.4829 
  -0.00792871 101.4829 
  0.02278817 101.4829 
  0.1249447 101.4829 
  -0.009172059 101.4829 
  -0.1054149 101.4829 
  -0.151436 101.4829 
  -0.08923212 101.4829 
  -0.09221611 101.4829 
  -0.007900788 101.4829 
  -0.1401396 101.4829 
  -0.07514614 101.4829 
  0.08642496 101.4829 ]
