 [
  -0.2549468 209.1568 
  0.07383456 209.1568 
  -0.07961059 209.1568 
  0.02394985 209.1568 
  -0.03953512 209.1568 
  0.02514774 209.1568 
  0.0732699 209.1568 
  0.1398138 209.1568 
  -0.04089904 209.1568 
  0.2741228 209.1568 
  0.5005014 209.1568 
  0.8220028 209.1568 
  0.7111859 209.1568 
  0.5648752 205.0254 
  0.734921 197.0059 
  0.8852756 195.0505 
  0.9838809 195.0505 
  0.9776328 195.0505 
  0.9599333 196.0257 
  0.9310651 197.0059 
  0.9315221 197.0059 
  0.9314111 193.1145 
  0.9149597 194.0801 
  0.8921961 201.9805 
  0.9537821 210.2025 
  0.9713664 210.2025 
  0.9625878 207.0808 
  0.9607474 206.0505 
  0.964054 206.0505 
  0.9903732 207.0808 
  0.9974965 208.1162 
  0.9985779 208.1162 
  0.9961604 208.1162 
  0.9948881 207.0808 
  0.9857521 204.0054 
  0.9871703 199.9758 
  0.9944245 197.0059 
  0.9989209 196.0257 
  0.9967994 196.0257 
  0.9581117 195.0505 
  0.9331557 193.1145 
  0.8921117 189.3 
  0.5060257 185.5609 
  0.5068312 182.8051 
  0.1835651 180.0902 
  -0.11654 176.533 
  -0.1449357 173.046 
  -0.05862545 169.6279 
  0.2728398 166.2773 
  0.3845178 168.784 
  0.262704 167.9442 
  0.01885564 164.6269 
  0.3644512 165.4501 
  0.5656245 174.7808 
  0.9479476 179.1942 
  0.9216921 178.3027 
  0.9172501 176.533 
  0.7593792 176.533 
  0.06285854 176.533 
  0.116139 176.533 
  0.2033471 179.1942 
  0.1855153 183.7191 
  0.3123787 189.3 
  0.45959 196.0257 
  0.8275685 204.0054 
  0.9182781 209.1568 
  0.942683 207.0808 
  0.9664283 205.0254 
  0.9901164 204.0054 
  0.9835985 202.9904 
  0.9660021 202.9904 
  0.9293629 200.9756 
  0.7418231 197.0059 
  0.4407664 193.1145 
  0.2545079 189.3 
  0.01051749 185.5609 
  -0.06782573 182.8051 
  0.04218958 180.0902 
  0.2829775 177.4156 
  0.1035868 174.7808 
  0.1093128 172.185 
  0.3075863 169.6279 
  0.02303298 167.9442 
  -0.2578772 166.2773 
  -0.1187712 164.6269 
  0.1676296 162.9929 
  0.1209712 161.3751 
  0.3036059 158.9785 
  0.5518733 162.9929 
  0.9658329 163.8079 
  0.9707397 164.6269 
  0.9665571 162.9929 
  0.9051961 162.9929 
  0.6220889 164.6269 
  0.5687173 167.1087 
  0.2855243 169.6279 
  0.2402079 172.185 
  0.687297 168.784 
  0.8686987 170.476 
  0.9841609 170.476 
  0.9941846 168.784 
  0.9981571 167.9442 
  0.9979081 167.9442 
  0.9984591 167.1087 
  0.9967326 166.2773 
  0.9933494 166.2773 
  0.9877937 166.2773 
  0.9817304 167.9442 
  0.9873849 167.9442 
  0.9757097 167.1087 
  0.9737336 165.4501 
  0.9870265 163.8079 
  0.9820411 162.182 
  0.9650234 160.5723 
  0.9604221 158.9785 
  0.8840799 158.1876 
  0.3614087 159.7734 
  0.1630369 161.3751 
  -0.2190013 162.9929 
  -0.2333921 164.6269 
  -0.06389511 165.4501 
  0.1929331 166.2773 
  0.2808758 167.1087 
  0.4137701 167.9442 
  -0.06846599 168.784 
  0.4718001 167.1087 
  0.6197984 178.3027 
  0.8636871 177.4156 
  0.9422946 176.533 
  0.9653268 174.7808 
  0.984697 173.9112 
  0.9097452 172.185 
  0.8670704 169.6279 
  0.9294233 167.1087 
  0.9183189 168.784 
  0.9693594 171.3284 
  0.9620695 171.3284 
  0.9489993 170.476 
  0.9301121 169.6279 
  0.7912666 167.9442 
  0.07132094 165.4501 
  -0.1492988 162.9929 
  -0.2040413 161.3751 
  -0.2721022 159.7734 
  -0.1957086 158.1876 
  0.01495368 156.6175 
  0.05353592 155.063 
  -0.03190714 153.5239 
  -0.04857323 152.0001 
  -0.06233791 150.4914 
  0.1041539 148.9977 
  0.5222868 152.0001 
  0.6541975 152.7601 
  0.9236634 154.2915 
  0.8361431 155.063 
  0.5668108 157.4006 
  0.6679425 159.7734 
  0.8328177 162.182 
  0.9211574 164.6269 
  0.9263919 167.9442 
  0.9407384 168.784 
  0.8184634 166.2773 
  0.6647191 166.2773 
  0.4402086 167.1087 
  0.7719305 173.046 
  0.9725562 174.7808 
  0.9766271 175.6547 
  0.983865 176.533 
  0.9890969 177.4156 
  0.9946041 178.3027 
  0.9893901 178.3027 
  0.9700945 179.1942 
  0.9417884 180.0902 
  0.7881159 182.8051 
  0.2865105 186.4887 
  0.1105742 190.2465 
  0.2098874 194.0801 
  0.2290597 197.9909 
  0.0305561 201.9805 
  -0.1404575 206.0505 
  -0.2362414 210.2025 
  0.1054937 214.4382 
  0.05814717 218.7592 
  -0.06674194 222.057 
  0.07628682 226.5316 
  0.1760588 231.0963 
  0.004837523 235.753 
  0.0546082 240.5036 
  -0.103567 245.3498 
  0.6689893 249.0485 
  0.2041774 250.2938 
  0.1769135 250.2938 
  0.2495436 249.0485 
  0.2627761 249.0485 
  0.247836 247.8095 
  0.4000626 242.9146 
  0.3145662 236.9318 
  0.4005955 232.2518 
  0.3995661 228.8026 
  0.04259494 227.6642 
  -0.07189061 227.6642 
  -0.2552017 227.6642 
  -0.2777785 227.6642 
  0.1103616 227.6642 
  0.1315823 227.6642 
  -0.0299297 227.6642 
  -0.07640566 227.6642 
  0.01170826 227.6642 
  0.09045487 227.6642 
  0.1706069 227.6642 ]
