 [
  0.2124149 112.128 
  0.3392057 112.128 
  0.1690201 112.128 
  -0.0192849 112.128 
  -0.2451922 112.128 
  -0.1026045 112.128 
  -0.01351652 112.128 
  -0.03277383 112.128 
  0.09654664 112.128 
  0.2763341 112.128 
  0.1863561 112.128 
  0.1075561 112.128 
  0.7681509 112.6886 
  0.7087327 109.3664 
  0.8448118 109.3664 
  0.9057198 108.2809 
  0.9159724 107.7421 
  0.8445963 107.7421 
  0.6654691 107.7421 
  0.00425815 107.7421 
  0.2960153 107.7421 
  -0.01475042 108.2809 
  0.01044087 108.8223 
  0.2026485 109.3664 
  0.2390521 109.3664 
  0.1126539 109.3664 
  -0.08660781 109.3664 
  0.1183155 109.3664 
  -0.01916843 109.3664 
  0.3997048 110.4628 
  0.7249361 112.128 
  0.8301306 114.3874 
  0.9522088 114.3874 
  0.9262663 114.3874 
  0.8472202 114.3874 
  0.441414 114.9594 
  0.1098916 116.1118 
  0.04279007 117.2759 
  -0.06778927 118.4515 
  -0.07913017 119.639 
  -0.04209385 120.8384 
  0.1182095 121.4426 
  0.1656661 122.0498 
  -0.004302819 122.6601 
  0.03054198 123.8897 
  0.1005647 125.1317 
  0.1463939 126.3862 
  -0.06529175 127.0181 
  -0.03757166 127.6532 
  0.4197474 127.6532 
  0.7682698 128.9329 
  0.8798521 130.2255 
  0.9470846 130.2255 
  0.9298053 128.9329 
  0.895149 128.2915 
  0.9425632 130.2255 
  0.9861678 130.8766 
  0.9927553 130.8766 
  0.9809751 131.531 
  0.9728228 131.531 
  0.9916503 130.8766 
  0.976598 130.8766 
  0.9766667 132.1886 
  0.9844583 132.1886 
  0.9477249 130.8766 
  0.9521954 128.9329 
  0.9195008 127.6532 
  0.9182466 125.7574 
  0.7456887 122.6601 
  0.6587157 120.2372 
  0.7739817 99.47836 
  0.4618819 97.02828 
  0.2537815 97.51342 
  0.1068603 98.491 
  -0.1559443 99.47836 
  0.07127355 100.4756 
  -0.1264666 101.4829 
  0.01124592 102.5003 
  0.03812993 103.5278 
  0.1430799 104.5657 
  0.2718881 105.0885 
  0.2164855 105.614 
  0.0884853 106.142 
  0.0394721 106.6728 
  0.02101636 107.2061 
  0.2670463 107.7421 
  0.02833387 108.2809 
  0.305577 108.8223 
  0.4894399 112.6886 
  0.2162021 114.3874 
  0.6035563 119.639 
  0.9081748 122.0498 
  0.9259127 121.4426 
  0.9112939 121.4426 
  0.8365113 122.6601 
  0.9230602 124.5092 
  0.8963366 125.7574 
  0.8108269 125.7574 
  0.6078664 125.7574 
  0.2597672 125.7574 
  -0.1031722 125.7574 
  -0.004657631 125.1317 
  0.004946681 125.1317 
  0.2500033 125.1317 
  0.6525423 123.8897 
  0.7709544 125.7574 
  0.834052 125.7574 
  0.9701289 123.8897 
  0.9794223 123.8897 
  0.8811616 122.6601 
  0.845228 121.4426 
  0.8575687 122.0498 
  0.9156823 120.2372 
  0.9379029 120.2372 
  0.9499107 119.0438 
  0.9715315 117.2759 
  0.9309126 116.1118 
  0.932744 114.3874 
  0.8627336 113.8184 
  0.5457992 114.3874 
  0.2708803 114.3874 
  0.02477089 113.8184 
  -0.08983573 113.2521 
  -0.0160043 113.2521 
  -0.06137476 113.2521 
  0.06453348 112.6886 
  -0.03792212 111.5702 
  -0.08254319 109.9132 
  -0.06881301 108.8223 
  -0.0713255 107.2061 
  0.1146123 106.142 
  0.6704695 103.0128 
  0.2194238 111.0151 
  0.4986444 109.9132 
  0.7779204 111.5702 
  0.6195075 110.4628 
  0.5360906 110.4628 
  0.8245587 113.2521 
  0.7915474 113.8184 
  0.9339563 114.9594 
  0.9820558 114.3874 
  0.9778774 114.9594 
  0.9710694 114.9594 
  0.7245467 114.3874 
  0.5951999 113.8184 
  0.8874003 116.1118 
  0.8469312 114.9594 
  0.8679205 115.5342 
  0.8884072 114.3874 
  0.789464 114.3874 
  0.9109004 111.5702 
  0.8997786 111.5702 
  0.9630282 112.128 
  0.8691046 113.8184 
  0.9230344 114.9594 
  0.719223 112.128 
  0.8251813 111.5702 
  0.9556468 111.5702 
  0.8763768 111.0151 
  0.776572 111.0151 
  0.8337892 112.128 
  0.8209886 112.128 
  0.9037428 113.2521 
  0.9161703 112.128 
  0.8748264 113.2521 
  0.7614074 114.3874 
  -0.2523885 115.5342 
  0.284936 116.6924 
  0.3492556 117.8622 
  -0.01252295 119.0438 
  -0.01239318 120.2372 
  -0.1428803 121.4426 
  0.1611899 122.6601 
  0.1954639 123.8897 
  0.2001697 123.8897 
  0.2418386 122.6601 
  0.03889379 120.2372 
  0.04290602 117.8622 
  0.3203395 117.8622 
  0.5808785 116.6924 
  0.3303688 117.8622 
  0.4880366 125.1317 
  0.8721361 123.8897 
  0.9865978 125.1317 
  0.9490485 125.1317 
  0.9334942 123.2734 
  0.9270814 121.4426 
  0.9127793 119.639 
  0.8701131 117.2759 
  0.9220014 113.8184 
  0.8928871 111.0151 
  0.9020442 108.2809 
  0.9063569 106.142 
  0.9617064 104.5657 
  0.9702069 103.0128 
  0.9549518 101.9903 
  0.9725534 100.978 
  0.9767562 100.4756 
  0.9607792 100.4756 
  0.9137984 100.4756 
  0.8192666 100.4756 
  0.48229 100.4756 
  0.2903417 100.4756 
  0.1353702 100.4756 
  0.2461019 100.4756 
  0.0286535 100.4756 
  -0.1763352 100.4756 
  0.09668732 100.4756 
  0.3059809 100.4756 
  0.2233608 100.4756 
  0.1087152 100.4756 
  0.0371751 100.4756 
  0.0597135 100.4756 
  0.190555 100.4756 
  -0.05667468 100.4756 
  -0.1142682 100.4756 
  -0.04581711 100.4756 
  0.04964095 100.4756 
  0.01780765 100.4756 
  -0.3149655 100.4756 
  -0.3392912 100.4756 
  -0.3009917 100.4756 
  -0.2807281 100.4756 
  -0.1062709 100.4756 
  0.08550246 100.4756 
  0.1792429 100.4756 
  0.1113237 100.4756 
  -0.1209868 100.4756 
  -0.05631939 100.4756 
  0.3236367 100.4756 
  0.3357069 100.4756 
  0.1396299 100.4756 
  0.2387623 100.4756 
  -0.1830659 100.4756 
  -0.2741985 100.4756 
  -0.1389353 100.4756 
  -0.09953154 100.4756 
  -0.1413746 100.4756 
  -0.2882413 100.4756 ]
