 [
  0.1891597 128.9329 
  0.1404309 128.9329 
  0.0837746 128.9329 
  0.2818241 128.9329 
  0.2216375 128.9329 
  0.01521421 128.9329 
  -0.1604359 128.9329 
  -0.3170151 128.9329 
  -0.3019272 128.9329 
  0.1846363 128.9329 
  0.1394877 128.9329 
  0.1836271 128.9329 
  0.4118439 128.9329 
  0.3033172 128.9329 
  0.5525239 128.9329 
  0.687095 125.1317 
  0.9052097 123.2734 
  0.921671 122.0498 
  0.9625466 120.2372 
  0.9684706 119.639 
  0.9456638 119.0438 
  0.8972546 119.0438 
  0.7506537 117.8622 
  0.8143772 111.5702 
  0.8987619 108.8223 
  0.7864799 107.7421 
  0.8153025 108.2809 
  0.8550375 110.4628 
  0.888711 113.2521 
  0.9345931 115.5342 
  0.9703626 116.1118 
  0.981121 116.6924 
  0.9914025 117.2759 
  0.9843971 118.4515 
  0.9887251 119.0438 
  0.9900752 119.639 
  0.9929209 120.2372 
  0.9944115 120.2372 
  0.9880565 121.4426 
  0.97487 122.6601 
  0.9501203 124.5092 
  0.9809199 126.3862 
  0.9941252 127.0181 
  0.9897341 127.0181 
  0.9921994 127.0181 
  0.9924182 126.3862 
  0.9468601 125.1317 
  0.9315341 122.6601 
  0.9288992 120.8384 
  0.9253307 118.4515 
  0.9165546 116.6924 
  0.8853145 113.8184 
  0.8673662 111.0151 
  0.8913363 108.8223 
  0.8939534 106.6728 
  0.7802282 105.0885 
  0.7067834 102.5003 
  0.7046105 99.47836 
  -0.1406949 101.4829 
  -0.2561985 103.0128 
  0.1203847 104.5657 
  0.4660801 106.142 
  0.3273472 107.7421 
  -0.009150412 109.3664 
  -0.2732221 111.0151 
  0.09289039 112.6886 
  0.05635642 114.9594 
  0.01964226 117.8622 
  0.16446 120.8384 
  0.6741973 123.2734 
  0.5866656 121.4426 
  0.6704655 119.0438 
  0.9108593 116.6924 
  0.9810882 115.5342 
  0.9801857 115.5342 
  0.9642293 114.9594 
  0.928619 114.3874 
  0.802336 113.2521 
  0.6913948 111.5702 
  0.0458079 109.9132 
  0.3589309 111.5702 
  -0.2967441 113.8184 
  -0.2463192 115.5342 
  -0.06503516 117.2759 
  -0.112372 119.0438 
  -0.04000686 120.8384 
  0.113283 122.6601 
  -0.00833765 124.5092 
  0.6512616 127.0181 
  0.4477598 120.2372 
  0.7382979 117.2759 
  0.8446478 115.5342 
  0.960622 114.3874 
  0.9339826 113.2521 
  0.9576302 111.5702 
  0.9527934 111.0151 
  0.8278111 109.3664 
  0.7089128 106.6728 
  0.6554249 103.5278 
  0.6741481 99.47836 
  0.4911045 97.51342 
  0.0724251 98.98344 
  0.2325142 100.4756 
  0.05262065 101.9903 
  0.08554691 103.5278 
  0.08866747 105.0885 
  0.05164019 106.6728 
  0.2446771 108.2809 
  0.2497319 109.9132 
  0.1822681 111.5702 
  0.1213168 113.2521 
  0.1210192 115.5342 
  0.616959 109.9132 
  0.914552 109.3664 
  0.964447 109.9132 
  0.9769796 109.9132 
  0.9853989 109.9132 
  0.9854249 109.3664 
  0.9882303 109.3664 
  0.988899 109.3664 
  0.9866107 109.3664 
  0.9695117 109.3664 
  0.9742831 109.3664 
  0.9642496 108.8223 
  0.9315155 107.7421 
  0.9027013 107.2061 
  0.8845963 106.142 
  0.9225652 105.614 
  0.9692403 105.614 
  0.9383039 105.614 
  0.9447418 105.614 
  0.9155219 105.0885 
  0.8875607 104.5657 
  0.8867484 104.0455 
  0.9245211 104.0455 
  0.9207807 103.5278 
  0.8779475 101.4829 
  0.8189391 99.97575 
  0.6825838 98.00098 
  0.3822144 96.54556 
  0.07869129 96.54556 
  0.1391007 97.02828 
  0.1534191 97.02828 
  -0.1785604 97.02828 
  -0.07521882 97.02828 
  -0.03083916 97.51342 
  -0.01937945 98.491 
  0.06356817 99.47836 
  0.3802323 100.4756 
  0.3697633 102.5003 
  0.5738295 105.614 
  0.8626029 105.614 
  0.9279915 104.0455 
  0.9765038 103.5278 
  0.9732562 102.5003 
  0.9200985 101.4829 
  0.9718924 100.4756 
  0.9649975 99.97575 
  0.9706728 99.47836 
  0.9630758 99.47836 
  0.9429211 98.98344 
  0.9766396 98.491 
  0.9709687 98.00098 
  0.969524 98.00098 
  0.9361684 98.00098 
  0.9263738 98.98344 
  0.8132418 98.98344 
  0.8073462 98.00098 
  0.8167709 98.00098 
  0.4450683 98.491 
  0.1734139 100.978 
  0.8047578 101.9903 
  0.9575651 101.9903 
  0.8124976 102.5003 
  0.4387956 104.5657 
  0.825317 106.6728 
  0.9278721 108.2809 
  0.9756265 108.8223 
  0.9957712 109.3664 
  0.9708489 108.8223 
  0.8948449 107.7421 
  0.8061991 106.142 
  0.7442818 104.0455 
  0.5834132 104.0455 
  0.9510036 105.0885 
  0.9483099 104.5657 
  0.9226645 103.0128 
  0.9425367 101.4829 
  0.9488747 100.4756 
  0.8847152 98.98344 
  0.870778 97.02828 
  0.6183413 94.63854 
  0.5376451 91.84841 
  0.4957536 91.39146 
  0.5156931 91.84841 
  0.5663334 93.6992 
  0.4939634 97.02828 
  0.2856792 101.4829 
  0.3467028 107.2061 
  0.7819037 113.8184 
  0.3439621 111.0151 
  0.358536 105.0885 
  0.6717176 102.5003 
  0.7841623 100.4756 
  0.8710482 99.47836 
  0.9744403 98.98344 
  0.9749436 98.491 
  0.9576398 98.491 
  0.9646077 98.00098 
  0.9448312 97.51342 
  0.911616 96.54556 
  0.9819677 96.06523 
  0.9785177 95.5873 
  0.9175445 95.11173 
  0.9428117 94.63854 
  0.9356779 94.1677 
  0.9498506 94.63854 
  0.8367195 95.11173 
  0.7582312 95.5873 
  0.5801046 95.5873 
  0.2685317 96.06523 
  0.1102915 96.06523 
  -0.2409312 96.06523 
  -0.2245133 96.06523 
  -0.5566716 96.06523 
  0.004744178 96.06523 
  0.4456493 96.06523 
  0.4283727 96.06523 
  0.1375615 96.06523 
  0.0610305 96.06523 
  -0.1988514 96.06523 
  -0.3279589 96.06523 
  -0.2593399 96.06523 ]
