 [
  0.1671173 99.47836 
  0.1422741 99.47836 
  -0.02996129 99.47836 
  -0.08329291 99.47836 
  -0.2368593 99.47836 
  -0.2521112 99.47836 
  -0.02506032 99.47836 
  -0.266701 99.47836 
  -0.5237008 99.47836 
  -0.3523495 99.47836 
  -0.1596025 99.47836 
  0.2260175 99.47836 
  0.1402996 99.47836 
  0.4807501 99.47836 
  0.6128324 98.00098 
  0.6661448 96.06523 
  0.6460276 96.06523 
  0.214794 97.51342 
  0.5623865 98.98344 
  0.8163819 99.47836 
  0.8269753 99.47836 
  0.7688723 98.491 
  0.8001983 97.51342 
  0.6809671 97.02828 
  0.4127402 98.00098 
  0.3036512 100.4756 
  0.6305034 105.614 
  0.6684684 113.2521 
  0.7867546 112.6886 
  0.7229326 109.9132 
  0.7890718 109.9132 
  0.7806663 112.128 
  0.9231449 114.3874 
  0.9412514 115.5342 
  0.931415 116.6924 
  0.9509596 117.8622 
  0.9195806 119.639 
  0.8067915 121.4426 
  0.7868601 125.1317 
  0.9703124 128.2915 
  0.962314 130.2255 
  0.9814881 131.531 
  0.9800745 132.1886 
  0.9881866 133.5138 
  0.9820839 133.5138 
  0.9840137 133.5138 
  0.9822465 133.5138 
  0.9813251 132.8496 
  0.9792156 132.8496 
  0.9534063 132.8496 
  0.8397471 132.8496 
  0.5997962 133.5138 
  0.2950062 134.8523 
  0.8197497 136.2042 
  0.9447383 136.8852 
  0.9878478 136.2042 
  0.9880093 135.5266 
  0.9850961 134.1814 
  0.9714223 132.1886 
  0.9588444 130.2255 
  0.9494122 127.6532 
  0.9133455 124.5092 
  0.8984255 120.2372 
  0.8965439 116.1118 
  0.8737131 112.6886 
  0.9250018 110.4628 
  0.9705411 109.3664 
  0.9603022 108.8223 
  0.9289251 107.7421 
  0.8471382 106.6728 
  0.6726286 105.0885 
  0.4839715 101.4829 
  0.422734 99.47836 
  0.06951024 99.97575 
  0.06686753 100.4756 
  0.1235947 100.978 
  0.2131815 101.9903 
  0.1728914 103.0128 
  0.06563611 104.0455 
  -0.042448 105.0885 
  -0.04001964 106.6728 
  -0.1088925 108.2809 
  -0.001326876 109.9132 
  0.06332928 111.0151 
  0.1562759 112.128 
  0.775997 113.8184 
  0.5417647 101.9903 
  0.3897867 100.4756 
  0.5653532 99.47836 
  0.9531298 98.491 
  0.9591072 98.98344 
  0.9365052 99.97575 
  0.9347086 100.4756 
  0.9465771 100.978 
  0.9721546 101.4829 
  0.9796693 101.4829 
  0.9675598 101.9903 
  0.9682434 102.5003 
  0.979892 102.5003 
  0.9698342 102.5003 
  0.9832349 101.9903 
  0.969704 101.4829 
  0.9246974 100.978 
  0.8238187 100.978 
  0.7354907 99.97575 
  0.7307218 99.97575 
  0.9881138 100.4756 
  0.9853163 99.97575 
  0.981503 99.47836 
  0.945341 98.98344 
  0.9094683 98.00098 
  0.8175797 97.02828 
  0.5449256 95.5873 
  0.02184618 94.1677 
  0.09943733 92.7692 
  0.09872039 92.30766 
  0.352378 92.30766 
  0.355072 92.7692 
  0.3115685 92.7692 
  -0.02866032 92.7692 
  0.3884242 93.23304 
  0.6703005 98.98344 
  0.8101085 98.00098 
  0.9286035 96.54556 
  0.9811125 96.06523 
  0.9683898 95.5873 
  0.9026392 94.63854 
  0.8126853 93.23304 
  0.7459134 91.39146 
  0.4724737 90.48434 
  0.2007112 90.48434 
  -0.003781998 91.84841 
  0.09066579 93.23304 
  0.1696507 94.63854 
  0.7175382 97.02828 
  0.7080134 99.47836 
  0.6515262 97.51342 
  0.4174685 95.11173 
  0.4229641 92.7692 
  0.5950008 90.93677 
  0.7077061 89.58624 
  0.874437 88.25578 
  0.9301805 86.94508 
  0.9555402 86.94508 
  0.9745691 86.51251 
  0.8652484 86.51251 
  0.7395429 85.2277 
  0.72282 84.80367 
  0.8175145 83.96195 
  0.968491 83.12859 
  0.8687386 82.3035 
  0.962666 81.89403 
  0.9540011 81.89403 
  0.9515252 82.3035 
  0.9637456 82.3035 
  0.9599624 82.71502 
  0.9162672 82.3035 
  0.9164656 81.4866 
  0.9419582 81.08118 
  0.9512595 80.6778 
  0.8524761 80.27641 
  0.8121052 79.47963 
  0.6814151 79.08421 
  0.3972456 79.08421 
  0.3931442 79.47963 
  0.8568291 80.27641 
  0.7465118 81.08118 
  0.6278058 81.89403 
  0.2268091 82.3035 
  0.1139466 82.71502 
  0.1613074 83.12859 
  0.1695479 83.54424 
  0.006892167 84.38177 
  0.03934287 85.2277 
  0.003895693 86.0821 
  0.1263454 86.94508 
  0.1464983 87.8167 
  -0.1332989 88.69706 
  -0.05064155 89.58624 
  0.1804466 90.48434 
  0.2120075 91.39146 
  0.2115302 92.30766 
  0.1884065 93.23304 
  -0.07105339 94.1677 
  -0.2351315 95.11173 
  -0.04336205 96.06523 
  0.07806905 97.02828 
  -0.03467432 98.00098 
  0.01106063 98.98344 
  0.004929388 99.97575 
  0.06011344 100.978 
  -0.2946595 101.9903 
  0.3875536 102.5003 
  0.2289119 101.9903 
  0.2516555 94.1677 
  0.2694695 93.23304 
  0.5872017 92.30766 
  0.7958683 90.48434 
  0.7094055 91.39146 
  0.5273251 91.39146 
  0.4368808 91.84841 
  0.5676706 93.23304 
  0.3555115 95.11173 
  0.3415281 98.98344 
  0.5084015 103.0128 
  0.7998775 106.6728 
  0.824149 109.3664 
  0.9424576 110.4628 
  0.9337477 109.9132 
  0.9827923 109.3664 
  0.960261 109.9132 
  0.95349 111.5702 
  0.9107295 112.6886 
  0.8392124 115.5342 
  0.8880733 117.8622 
  0.956174 119.639 
  0.922937 120.8384 
  0.8533682 120.2372 
  0.602044 118.4515 
  0.03199932 119.639 
  0.1191057 121.4426 
  0.03461196 123.2734 
  0.2067936 124.5092 
  0.2350624 125.7574 
  -0.1399384 127.0181 
  -0.1648537 128.2915 
  -0.1091951 129.5776 
  -0.03546471 130.8766 
  -0.04520353 132.1886 
  -0.002621135 132.8496 
  0.395724 132.8496 
  0.5798445 132.1886 
  0.8782977 131.531 
  0.9328411 130.2255 
  0.8917618 128.2915 
  0.8799789 126.3862 
  0.8826587 123.8897 
  0.8217208 119.0438 
  0.7850958 113.8184 
  0.790538 108.8223 
  0.8958716 105.0885 
  0.8175496 103.0128 
  0.5980011 98.00098 
  0.7123584 96.54556 
  0.7746387 96.06523 
  0.7448456 94.63854 
  0.6229981 93.6992 
  0.9068442 95.11173 
  0.9168556 94.63854 
  0.9036434 94.63854 
  0.8687302 95.11173 
  0.7175567 95.5873 
  0.6536598 96.54556 
  0.5915411 97.02828 
  0.518065 97.02828 
  0.3734769 98.00098 
  0.576703 99.97575 
  0.6080705 101.9903 
  0.6551068 104.5657 
  0.7671804 107.7421 
  0.8781522 107.7421 
  0.9032903 106.142 
  0.7844577 104.5657 
  0.8257025 102.5003 
  0.9222072 101.9903 
  0.9408518 101.9903 
  0.9464898 101.9903 
  0.9225354 101.4829 
  0.8606674 101.4829 
  0.8028786 100.4756 
  0.1786794 103.0128 
  0.01199596 100.978 
  -0.168848 99.47836 
  -0.0242875 98.491 
  0.08894672 98.00098 
  0.02442842 97.51342 
  -0.1585415 97.02828 
  -0.118429 96.54556 
  -0.1936284 96.06523 
  -0.07793721 96.06523 
  0.0478689 96.06523 
  0.02637231 96.06523 
  0.06498881 95.5873 
  0.1072043 95.11173 
  0.04383869 94.63854 
  0.5736938 94.63854 
  0.7747419 96.06523 
  0.8087363 97.51342 
  0.9353828 98.98344 
  0.9836035 99.47836 
  0.9724451 99.97575 
  0.8766137 100.4756 
  0.8733931 101.4829 
  0.7985893 99.97575 
  0.8833331 98.98344 
  0.8683602 97.51342 
  0.858246 96.06523 
  0.8842454 94.63854 
  0.8322529 92.7692 
  0.9348225 91.39146 
  0.8819996 90.48434 
  0.8036318 89.58624 
  0.7765123 88.25578 
  0.819682 86.51251 
  0.9788212 86.51251 
  0.9720149 86.51251 
  0.9357282 86.94508 
  0.9249766 87.3798 
  0.8122318 87.3798 
  0.6669822 87.8167 
  0.3500681 89.14054 
  0.0601007 90.93677 
  -0.08567336 93.23304 
  0.7257504 96.06523 
  0.5986413 93.23304 
  0.3228258 89.58624 
  0.4766018 87.8167 
  0.8132669 87.3798 
  0.8706602 86.94508 
  0.8193333 86.51251 
  0.5627155 86.94508 
  0.6823965 88.69706 
  0.708931 90.03418 
  0.7745926 90.48434 
  0.8943896 90.93677 
  0.9147338 90.48434 
  0.8844154 90.48434 
  0.873069 90.03418 
  0.9634508 89.58624 
  0.9487237 89.58624 
  0.9129095 90.03418 
  0.925981 90.03418 
  0.920386 90.03418 
  0.8733656 90.03418 
  0.861206 89.58624 
  0.9259526 89.58624 
  0.9946982 90.48434 
  0.9959205 90.48434 
  0.994709 90.48434 
  0.9889827 90.48434 
  0.9363253 90.93677 
  0.8492311 91.84841 
  0.782109 90.48434 
  0.8147238 89.14054 
  0.7035059 89.14054 
  0.521032 89.14054 
  0.2630363 91.84841 
  0.06586117 92.30766 
  0.1405993 92.7692 
  0.1390523 93.23304 
  0.4243155 93.6992 
  -0.007779291 94.1677 
  -0.1721257 94.63854 
  -0.1388097 95.11173 
  0.1138094 95.5873 
  0.2242067 96.06523 
  0.05457114 96.54556 
  0.05788773 97.02828 
  0.07231054 97.51342 
  0.01899662 98.00098 
  -0.06158923 98.491 
  -0.1057393 99.47836 
  0.7679358 100.4756 
  0.5521274 99.47836 
  0.4933242 98.98344 
  0.5978399 96.54556 
  -0.1493184 96.54556 
  0.2488383 96.06523 
  -0.006969653 95.5873 
  -0.0602164 95.11173 
  0.203511 94.63854 
  0.1268339 94.1677 
  0.312807 93.6992 
  0.02455345 93.23304 
  -0.1268276 92.7692 
  -0.192361 92.7692 
  0.09687866 92.7692 
  0.07136392 93.23304 
  0.442907 92.7692 
  0.5088508 88.25578 
  0.2847937 83.54424 
  0.7574471 81.08118 
  0.79408 80.27641 
  0.8650542 79.87703 
  0.8670225 79.47963 
  0.8831849 79.87703 
  0.7937077 79.08421 
  0.7718096 78.29926 
  0.6530566 77.90971 
  -0.2503464 76.75266 
  0.1352759 74.86229 
  -0.0440512 72.6552 
  0.009641482 70.51319 
  -0.1478239 68.43433 
  0.03701949 66.41676 
  0.2804567 65.75754 
  0.5137939 63.81888 
  0.5102655 63.18545 
  0.5990147 61.32262 
  0.3026975 60.4119 
  0.8681709 57.7601 
  0.9056986 57.47274 
  0.7257085 57.1868 
  0.41008 56.05722 
  0.3763078 55.77833 
  -0.1281434 56.05722 
  -0.2395841 56.33751 
  -0.1289026 56.33751 
  -0.02555 56.33751 
  0.2112948 56.33751 
  0.04069299 56.33751 
  -0.0005635098 56.33751 
  0.04492358 56.33751 
  -0.0175382 56.33751 
  -0.1521275 56.33751 
  -0.464803 56.33751 
  -0.4588725 56.33751 
  -0.4666689 56.33751 
  -0.3929689 56.33751 
  -0.3412884 56.33751 
  -0.1269893 56.33751 
  -0.177379 56.33751 ]
