 [
  0.08934394 122.6601 
  0.02186658 122.6601 
  0.0473476 122.6601 
  -0.2348986 122.6601 
  -0.3028036 122.6601 
  -0.05239382 122.6601 
  0.2329791 122.6601 
  0.1496706 122.6601 
  0.2790307 122.6601 
  -0.1299114 122.6601 
  -0.3106309 122.6601 
  0.0429574 122.6601 
  0.004683733 122.6601 
  0.1382317 122.6601 
  -0.09466334 122.6601 
  -0.1403498 122.6601 
  -0.2060904 122.6601 
  -0.2942902 122.6601 
  -0.2155071 122.6601 
  -0.01517079 119.639 
  0.3186705 123.2734 
  0.6116541 123.2734 
  0.8180389 122.0498 
  0.5538695 122.0498 
  0.1171682 123.8897 
  0.02710651 125.7574 
  -0.06669372 127.6532 
  -0.1546075 129.5776 
  0.05042382 132.1886 
  -0.01295415 134.8523 
  0.08054426 137.5696 
  0.1652356 140.3417 
  0.1918589 142.4574 
  -0.09788968 144.605 
  0.1857703 146.7849 
  -0.1840114 149.7427 
  0.665674 157.4006 
  0.8628114 158.9785 
  0.9630165 158.1876 
  0.9699472 158.1876 
  0.980952 157.4006 
  0.9879485 157.4006 
  0.9899227 156.6175 
  0.9864548 157.4006 
  0.9886178 157.4006 
  0.9880066 157.4006 
  0.9850559 158.1876 
  0.9560471 156.6175 
  0.939099 155.063 
  0.9121777 152.7601 
  0.8732494 151.2439 
  0.8642976 148.2564 
  0.8963253 146.0546 
  0.8786998 143.8855 
  0.8532367 141.0434 
  0.9216404 137.5696 
  0.9273198 134.8523 
  0.9749102 132.8496 
  0.9738125 131.531 
  0.9601821 130.2255 
  0.9395379 128.9329 
  0.8878702 128.2915 
  0.9677722 127.6532 
  0.9268385 127.0181 
  0.8714471 125.1317 
  0.9277591 123.2734 
  0.9425927 122.0498 
  0.9592066 121.4426 
  0.9857557 121.4426 
  0.9821131 121.4426 
  0.9520192 122.6601 
  0.9348808 123.2734 
  0.884042 122.6601 
  0.8678179 119.639 
  0.8358495 118.4515 
  0.4514147 119.639 
  0.38164 122.6601 
  0.4900014 127.0181 
  0.8511235 130.2255 
  0.9254209 130.8766 
  0.951225 131.531 
  0.9506505 130.2255 
  0.9410227 128.9329 
  0.6434344 126.3862 
  0.6198146 120.8384 
  0.9364902 118.4515 
  0.954653 117.8622 
  0.9524527 116.6924 
  0.9029866 117.2759 
  0.8240548 116.6924 
  0.7600619 116.1118 
  0.1737607 115.5342 
  0.8286844 117.8622 
  0.6972829 120.2372 
  0.5370324 122.6601 
  0.2973006 125.1317 
  0.2044556 127.6532 
  0.3800987 130.2255 
  0.5039661 132.8496 
  0.4585199 135.5266 
  0.03005266 138.2575 
  0.1850651 141.0434 
  0.06666512 143.8855 
  0.01665327 146.7849 
  -0.004357051 149.7427 
  -0.0436334 152.7601 
  0.1218908 155.8383 
  0.09613667 158.9785 
  0.2154551 162.182 
  0.190381 165.4501 
  0.1167403 168.784 
  0.1815537 172.185 
  0.1130202 174.7808 
  -0.02163364 176.533 
  -0.0238159 177.4156 
  0.1244988 178.3027 
  0.1311754 178.3027 
  0.1438566 178.3027 
  0.6455916 177.4156 
  0.8328691 174.7808 
  0.9242387 175.6547 
  0.95199 178.3027 
  0.9762276 182.8051 
  0.9862552 186.4887 
  0.9799556 188.3582 
  0.9892092 191.1978 
  0.9936285 191.1978 
  0.9847254 189.3 
  0.9789279 185.5609 
  0.9751379 180.9906 
  0.9816563 177.4156 
  0.9808725 173.9112 
  0.9809728 170.476 
  0.9727802 167.9442 
  0.9741474 164.6269 
  0.9797044 160.5723 
  0.986233 158.1876 
  0.995474 157.4006 
  0.9902037 156.6175 
  0.9893723 155.8383 
  0.9825206 155.8383 
  0.9804889 155.063 
  0.9795126 155.063 
  0.9852732 154.2915 
  0.9919542 154.2915 
  0.9953453 153.5239 
  0.9979947 153.5239 
  0.9994888 152.7601 
  0.9996657 152.7601 
  0.999622 152.7601 
  0.9981703 152.7601 
  0.9958658 152.0001 
  0.9954869 150.4914 
  0.9762691 148.9977 
  0.9353443 146.0546 
  0.8951928 141.0434 
  0.9156426 134.8523 
  0.9036805 130.8766 
  0.9141638 127.0181 
  0.9399282 123.8897 
  0.9546287 121.4426 
  0.9592903 119.639 
  0.9565514 117.8622 
  0.9265889 116.6924 
  0.9315149 116.1118 
  0.931081 114.9594 
  0.9698344 113.8184 
  0.9587255 113.2521 
  0.9547895 112.128 
  0.9444925 111.5702 
  0.983459 111.0151 
  0.9910841 111.0151 
  0.9787935 111.5702 
  0.981918 112.128 
  0.9743277 112.128 
  0.9440687 111.5702 
  0.8916197 111.0151 
  0.8435085 110.4628 
  0.7174743 110.4628 
  0.3547951 111.5702 
  0.2457314 112.6886 
  0.1295521 113.8184 
  0.07105851 114.9594 
  -0.05427732 116.1118 
  -0.07790984 117.2759 
  0.003085352 118.4515 
  0.04339488 119.0438 
  0.02523519 119.639 
  0.02303077 120.2372 
  0.2595559 120.8384 
  0.2629346 121.4426 
  0.2205146 122.0498 
  0.07404744 122.6601 
  0.3179508 123.2734 
  0.7853519 124.5092 
  0.6238047 120.8384 
  0.7714182 119.0438 
  0.9526418 117.2759 
  0.9464764 115.5342 
  0.951019 114.9594 
  0.9185174 113.8184 
  0.8842979 112.6886 
  0.8722103 111.0151 
  0.7775227 109.9132 
  -0.03899634 109.9132 
  0.002426568 109.9132 
  -0.1522883 109.9132 
  -0.01995121 109.9132 
  0.1374474 110.4628 
  -0.2906366 111.0151 
  -0.03027665 111.5702 
  0.2830288 111.5702 
  0.2855403 112.128 
  0.2661788 113.2521 
  0.05918085 115.5342 
  0.4681377 119.0438 
  0.6934406 119.0438 
  0.9158615 119.639 
  0.9230622 118.4515 
  0.8629795 117.2759 
  0.5916473 118.4515 
  0.2383534 120.2372 
  0.04040345 122.0498 
  0.02612657 123.8897 
  0.03213805 125.7574 
  0.01830463 127.6532 
  -0.07481288 128.9329 
  0.05599932 130.8766 
  0.246161 132.8496 
  0.229993 134.8523 
  0.3309675 136.8852 
  0.6768614 143.1697 
  0.8583575 141.0434 
  0.9623796 141.0434 
  0.9808198 141.0434 
  0.9850095 141.7487 
  0.9475399 141.0434 
  0.9087602 138.2575 
  0.8137649 136.2042 
  0.7019373 132.1886 
  -0.01232161 132.1886 
  0.01516171 132.1886 
  0.03592465 132.1886 
  0.03299886 132.1886 
  -0.02394264 132.1886 
  0.01817553 132.1886 
  0.0123969 132.1886 
  -0.1583938 131.531 
  -0.2005518 130.8766 
  -0.111464 130.2255 
  -0.2698721 129.5776 
  -0.2589869 128.9329 
  0.05373759 128.2915 
  0.5947034 127.6532 
  0.7509477 128.2915 
  0.9496772 128.2915 
  0.9692375 126.3862 
  0.9774583 125.1317 
  0.9893323 123.8897 
  0.9814849 122.6601 
  0.9678912 121.4426 
  0.9672241 120.2372 
  0.9927787 119.639 
  0.9724512 119.0438 
  0.8863171 119.0438 
  0.7705283 119.0438 
  0.3612986 119.639 
  0.1335272 120.2372 
  -0.01489583 121.4426 
  0.07986693 122.0498 
  -0.1132096 123.2734 
  -0.1775457 124.5092 
  -0.01654284 125.7574 
  0.09623534 127.0181 
  -0.07759883 128.2915 
  -0.01799668 129.5776 
  0.07693362 130.8766 
  0.2315746 132.1886 
  0.05965468 132.8496 
  0.3663429 133.5138 
  0.6938099 130.8766 
  0.9148991 128.9329 
  0.9526378 128.2915 
  0.966844 127.6532 
  0.9748616 127.0181 
  0.9843069 125.7574 
  0.9814538 125.7574 
  0.9889034 125.1317 
  0.9872177 125.1317 
  0.9719049 126.3862 
  0.980812 126.3862 
  0.9902828 126.3862 
  0.9947569 127.0181 
  0.9968084 127.0181 
  0.9912799 127.0181 
  0.9897817 126.3862 
  0.9893144 126.3862 
  0.9811792 126.3862 
  0.9724176 125.7574 
  0.9809417 125.1317 
  0.9896795 125.1317 
  0.976029 124.5092 
  0.9798964 123.8897 
  0.9746446 123.2734 
  0.9826912 122.6601 
  0.9821468 122.6601 
  0.9696084 121.4426 
  0.9684929 120.8384 
  0.9822295 120.2372 
  0.9867728 120.2372 
  0.9790808 120.2372 
  0.9448031 119.639 
  0.8950081 119.639 
  0.9041832 119.639 
  0.9370124 118.4515 
  0.9831938 117.8622 
  0.9924085 117.2759 
  0.9894567 116.6924 
  0.9857204 116.1118 
  0.9683599 115.5342 
  0.9732025 114.3874 
  0.9770862 113.2521 
  0.9568263 111.5702 
  0.9761102 110.4628 
  0.9440039 110.4628 
  0.9046674 110.4628 
  0.8383267 111.0151 
  0.9014372 111.0151 
  0.991608 111.5702 
  0.9977846 112.128 
  0.9944133 112.6886 
  0.8486573 112.6886 
  0.7746724 112.6886 
  0.8382967 112.128 
  0.9619203 111.5702 
  0.9839569 111.5702 
  0.9843323 111.0151 
  0.9864489 111.0151 
  0.9798891 111.0151 
  0.9835864 110.4628 
  0.9878042 110.4628 
  0.9810903 110.4628 
  0.9826253 111.0151 
  0.9643261 111.0151 
  0.9793392 111.5702 
  0.9527994 111.5702 
  0.9321875 111.5702 
  0.8830472 111.5702 
  0.9562907 111.5702 
  0.9402719 111.0151 
  0.8484944 110.4628 
  0.7783822 109.3664 
  0.804289 108.2809 
  0.9607469 107.7421 
  0.9291474 108.2809 
  0.8286289 110.4628 
  0.7581159 113.2521 
  0.8515657 112.6886 
  0.9170192 112.128 
  0.9868795 112.128 
  0.9637915 112.128 
  0.9424958 112.128 
  0.8684387 112.6886 
  0.7708871 111.5702 
  -0.007391768 111.5702 
  0.1219545 112.128 
  -0.05100305 112.6886 
  -0.1224687 113.2521 
  -0.1980234 113.8184 
  -0.2667264 114.3874 
  0.02239861 114.9594 
  -0.1941143 115.5342 
  -0.2230195 116.1118 
  -0.04849008 116.6924 
  0.02708676 117.2759 
  0.07959617 117.8622 
  -0.06735671 118.4515 
  0.4602711 119.0438 
  0.3218565 116.6924 
  0.3180122 112.6886 
  0.8260539 108.8223 
  0.8290298 108.8223 
  0.7101822 109.3664 
  0.730791 109.9132 
  0.5569226 111.0151 
  0.249242 112.128 
  0.2902844 113.2521 
  0.8209099 114.3874 
  0.8465692 114.3874 
  0.8006934 113.2521 
  0.9071704 111.5702 
  0.956979 111.5702 
  0.9757484 111.5702 
  0.9440528 112.128 
  0.8744889 111.5702 
  0.9135439 111.0151 
  0.9054472 109.9132 
  0.953513 109.3664 
  0.9375749 110.4628 
  0.9004059 110.4628 
  0.8189912 110.4628 
  0.1432177 111.5702 
  0.06126857 112.6886 
  0.03389273 113.8184 
  0.05015436 114.3874 
  -0.007691775 114.9594 
  0.02321906 116.1118 
  0.1011179 117.2759 
  0.1360596 117.8622 
  0.03733315 118.4515 
  -0.05456325 119.639 
  -0.06158194 120.2372 
  0.03702042 120.8384 
  0.1871112 121.4426 
  0.3848213 122.0498 
  0.5220113 122.6601 
  0.1440449 122.6601 
  0.2224412 123.2734 
  0.07112117 123.2734 
  -0.1028258 123.2734 
  -0.1814878 123.2734 
  -0.2169151 123.2734 
  -0.09245447 123.2734 
  -0.3538658 123.2734 
  0.3792844 123.2734 
  0.5592939 123.2734 
  0.5006931 123.2734 
  -0.05451895 123.2734 
  0.08415253 123.2734 
  0.04948658 123.2734 
  0.04587557 123.2734 
  0.03800788 123.2734 
  0.04138572 123.2734 
  0.01135005 123.2734 
  -0.03677927 123.2734 
  -0.1014981 123.2734 
  -0.1578577 123.2734 
  -0.1751372 123.2734 
  0.1578724 123.2734 
  0.03329336 123.2734 
  -0.02693214 123.2734 
  -0.1244949 123.2734 
  0.2022815 123.2734 
  0.06142905 123.2734 
  0.0711596 123.2734 
  0.1048279 123.2734 
  0.159669 123.2734 
  0.3139349 123.2734 
  0.1991245 123.2734 
  0.1143202 123.2734 
  0.03747151 123.2734 
  -0.04762134 123.2734 
  -0.03821165 123.2734 
  -0.1410095 123.2734 
  -0.06169531 123.2734 
  0.09336852 123.2734 
  0.05342375 123.2734 
  0.0747855 123.2734 
  0.02728274 123.2734 
  0.1657022 123.2734 
  0.1195864 123.2734 
  0.2861819 123.2734 ]
