 [
  -0.02779587 96.54556 
  0.1519973 96.54556 
  -0.07714792 96.54556 
  0.09964701 96.54556 
  -0.09683675 96.54556 
  0.3069353 96.54556 
  0.1846752 96.54556 
  -0.07274415 96.54556 
  -0.07376941 96.54556 
  -0.1804653 96.54556 
  -0.07869275 96.54556 
  -0.29443 96.54556 
  0.1320756 96.54556 
  -0.003195255 96.54556 
  0.6341597 96.54556 
  0.5500823 96.54556 
  0.572306 97.02828 
  0.3066704 101.9903 
  0.1716087 103.0128 
  -0.1491388 103.5278 
  0.09159082 104.5657 
  0.2938404 105.614 
  0.07673758 106.6728 
  -0.1637931 107.7421 
  0.001071692 108.8223 
  0.5947368 109.3664 
  0.2497274 108.8223 
  0.2573588 108.8223 
  0.2220513 109.3664 
  0.1518609 109.9132 
  0.3960277 109.9132 
  0.5383701 116.6924 
  0.7604234 117.2759 
  0.9804078 117.8622 
  0.9852663 118.4515 
  0.9853847 117.8622 
  0.948642 116.6924 
  0.7983836 114.9594 
  0.7208717 111.5702 
  0.5954626 106.6728 
  0.5047264 102.5003 
  0.691159 98.491 
  0.7619613 96.06523 
  0.8903283 94.63854 
  0.9206648 94.1677 
  0.8968047 94.1677 
  0.9096484 95.11173 
  0.9786359 96.06523 
  0.9441816 97.02828 
  0.8616168 98.98344 
  0.8878384 100.978 
  0.9478246 101.4829 
  0.9761174 101.9903 
  0.9843996 101.4829 
  0.9743521 100.978 
  0.9330309 99.97575 
  0.850768 98.98344 
  0.8063836 97.02828 
  0.7018923 94.63854 
  0.05960499 93.6992 
  0.1955075 92.7692 
  0.01281433 91.84841 
  0.17436 90.93677 
  0.01234637 90.03418 
  -0.06419476 89.14054 
  -0.2206504 87.8167 
  -0.1317086 86.51251 
  -0.05016232 85.65383 
  -0.1449484 84.80367 
  0.2730545 83.96195 
  0.2151655 83.96195 
  0.5122889 83.54424 
  0.8780881 82.3035 
  0.9192275 81.08118 
  0.9707512 79.87703 
  0.9820992 79.08421 
  0.9919065 78.69076 
  0.9853083 78.29926 
  0.9271938 77.90971 
  0.8736498 77.13642 
  0.8201801 75.99085 
  0.8672743 75.2366 
  0.9304593 74.48985 
  0.9526068 74.11925 
  0.952045 74.11925 
  0.9464898 74.86229 
  0.91031 75.61279 
  0.8364604 76.75266 
  0.9472386 77.90971 
  0.8828447 77.90971 
  0.7909201 77.5221 
  0.6235048 76.3708 
  0.3789731 75.99085 
  0.4555504 76.75266 
  0.2196769 77.5221 
  -0.01741593 77.90971 
  0.005081374 77.90971 
  -0.04140159 77.90971 
  -0.08307724 77.90971 
  0.1179177 77.5221 
  0.4472902 77.13642 
  0.2901221 76.75266 
  0.1399347 76.75266 
  -0.04407017 76.75266 
  -0.09448443 76.75266 
  0.01333531 76.75266 
  0.06058798 76.75266 
  0.2161769 77.5221 
  0.199448 78.29926 
  0.618918 79.08421 
  0.3075045 80.27641 
  0.3181159 81.89403 
  -0.01165314 83.12859 
  -0.2484871 84.38177 
  -0.09228278 85.65383 
  -0.05019981 86.94508 
  -0.2883549 88.25578 
  0.2853895 89.58624 
  -0.1126208 90.93677 
  -0.009895666 92.7692 
  0.2911741 93.6992 
  0.2536477 93.6992 
  0.1794957 94.63854 
  0.1660977 95.5873 
  0.1878564 96.54556 
  0.04326575 98.491 
  0.6228362 99.97575 
  0.5972517 100.4756 
  0.6431578 97.02828 
  0.9499522 94.63854 
  0.9515443 93.23304 
  0.9501138 91.39146 
  0.956143 90.03418 
  0.9456326 88.25578 
  0.9171491 86.94508 
  0.9272071 85.65383 
  0.9637543 84.80367 
  0.9917299 83.96195 
  0.9891431 83.12859 
  0.9716595 82.3035 
  0.9450384 81.08118 
  0.9568577 80.27641 
  0.9840216 79.87703 
  0.9712184 79.08421 
  0.9559776 77.5221 
  0.8711118 76.3708 
  0.7548003 75.2366 
  0.6395428 74.11925 
  -0.1182901 74.86229 
  -0.1232552 75.99085 
  -0.1473881 77.13642 
  -0.1062323 77.90971 
  -0.01194572 78.29926 
  0.001096462 78.69076 
  0.02324769 79.08421 
  -0.07195485 79.47963 
  -0.01089094 79.47963 
  0.1253768 79.47963 
  0.2054848 80.27641 
  0.260049 81.4866 
  0.2437519 83.12859 
  0.4450386 85.2277 
  0.6461087 86.51251 
  0.8112485 87.3798 
  0.7080259 87.8167 
  0.808894 87.8167 
  0.8997493 87.3798 
  0.6776704 85.2277 
  0.6158631 83.12859 
  0.6664144 81.89403 
  0.639498 79.47963 
  0.5584962 77.13642 
  0.3263963 77.13642 
  -0.3359268 77.5221 
  -0.5015859 77.90971 
  -0.4813027 78.29926 
  -0.2706837 78.69076 
  -0.08932042 79.08421 
  -0.06775437 79.47963 
  -0.002094251 79.47963 
  0.1375884 79.47963 
  0.7473756 79.87703 
  0.7672301 80.6778 
  0.4866615 81.89403 
  0.6139556 81.4866 
  0.6773326 79.47963 
  0.6535561 78.29926 
  0.7972192 77.90971 
  0.953627 77.5221 
  0.9377624 77.13642 
  0.906928 76.3708 
  0.902758 76.3708 
  0.9427688 75.99085 
  0.9112792 75.61279 
  0.9144109 74.86229 
  0.8225946 74.48985 
  0.661039 73.7505 
  0.8139793 72.6552 
  0.7846625 72.6552 
  0.7403203 71.93407 
  0.5947567 71.93407 
  0.106715 72.29374 
  0.4486993 72.29374 
  0.1718747 71.57619 
  0.04467366 70.16238 
  0.4579526 69.46598 
  0.6395065 69.81332 
  0.4982694 71.22009 
  0.6820406 72.29374 
  0.6905771 72.29374 
  0.5192088 71.57619 
  0.6762836 70.86576 
  0.4100059 70.16238 
  -0.1871618 69.46598 
  -0.2356506 68.7765 
  -0.2705885 68.09386 
  0.02192683 67.41799 
  0.1934984 66.74884 
  0.1666229 66.41676 
  0.124616 66.08632 
  0.23551 65.75754 
  0.2075924 65.43038 
  0.4384784 65.43038 
  0.3107505 65.10486 
  0.1252135 64.78096 
  0.252577 65.10486 
  0.6043376 65.43038 
  0.4826363 65.10486 
  0.09767497 65.10486 
  -0.2591673 65.10486 
  -0.0259458 65.10486 
  -0.05088897 65.10486 
  0.08085416 65.10486 
  0.08776411 65.10486 
  0.1533552 65.10486 
  0.08543345 65.10486 
  0.1330274 65.10486 
  0.03799399 65.10486 
  -0.201538 65.10486 
  0.03085686 65.10486 
  0.2672671 65.10486 ]
