 [
  0.2380471 114.3874 
  0.1365246 114.3874 
  0.3031279 114.3874 
  0.1079172 114.3874 
  0.1335447 114.3874 
  -0.06020211 114.3874 
  -0.07585388 114.3874 
  0.02819317 114.3874 
  0.1521479 114.3874 
  0.6925692 114.3874 
  0.2809583 114.3874 
  0.09819847 114.3874 
  0.1537517 114.3874 
  0.3904812 115.5342 
  0.5397971 112.128 
  0.8090081 112.6886 
  0.7296079 114.3874 
  0.7484613 117.8622 
  0.7770153 122.6601 
  0.8794081 125.7574 
  0.9465585 127.0181 
  0.970835 127.6532 
  0.9308431 127.0181 
  0.8436111 125.7574 
  0.8025459 123.8897 
  0.6899827 123.8897 
  -0.154621 122.6601 
  -0.06353761 120.8384 
  0.2553034 119.639 
  0.4479932 119.639 
  0.4845269 119.639 
  0.6602988 120.2372 
  0.6572291 123.2734 
  0.661599 128.2915 
  0.8282859 133.5138 
  0.8433378 138.9488 
  0.8514108 137.5696 
  0.7952302 135.5266 
  0.8801177 132.1886 
  0.8843789 129.5776 
  0.8226515 125.7574 
  0.848108 123.2734 
  0.8614748 121.4426 
  0.7990538 119.0438 
  0.6325761 115.5342 
  -0.05487229 115.5342 
  0.6719891 116.1118 
  0.3408863 116.6924 
  0.05015055 117.2759 
  -0.1934042 117.8622 
  -0.3271202 118.4515 
  -0.43839 119.0438 
  -0.529082 120.2372 
  -0.5695022 121.4426 
  -0.4738991 122.6601 
  -0.2660409 123.8897 
  -0.1317962 125.1317 
  -0.1587069 126.3862 
  -0.01331276 127.6532 
  -0.1882521 128.2915 
  0.7535633 127.6532 
  0.9097608 128.9329 
  0.9488877 130.8766 
  0.95102 132.8496 
  0.9395449 135.5266 
  0.9217802 138.9488 
  0.9687598 140.3417 
  0.9876747 140.3417 
  0.9895881 141.0434 
  0.9779096 141.0434 
  0.9460818 141.0434 
  0.903136 141.0434 
  0.916636 141.7487 
  0.9914982 141.7487 
  0.9917715 141.0434 
  0.9954148 140.3417 
  0.9521297 139.6435 
  0.8523517 139.6435 
  0.757426 136.2042 
  0.8087496 132.8496 
  0.951516 130.2255 
  0.9662203 128.2915 
  0.9624305 126.3862 
  0.9563814 124.5092 
  0.9733837 122.6601 
  0.9822297 121.4426 
  0.9906124 120.2372 
  0.9747024 119.0438 
  0.9759345 117.8622 
  0.9702823 116.6924 
  0.9711845 115.5342 
  0.9869285 114.9594 
  0.9769471 114.3874 
  0.9549767 112.6886 
  0.9484879 111.5702 
  0.9028903 110.4628 
  0.8706786 109.3664 
  0.7605495 108.2809 
  0.918903 106.6728 
  0.9636446 105.614 
  0.9684291 104.5657 
  0.9422047 103.5278 
  0.9354186 102.5003 
  0.8747478 101.9903 
  0.6940007 102.5003 
  0.3732961 103.5278 
  -0.1233533 104.5657 
  -0.5542037 105.614 
  -0.01952641 107.2061 
  -0.2216166 108.8223 
  0.7699268 109.3664 
  0.5695199 105.614 
  0.7577306 106.6728 
  0.8588754 107.7421 
  0.847175 109.3664 
  0.873857 111.0151 
  0.7828052 113.2521 
  0.8191637 115.5342 
  0.9036779 117.8622 
  0.9190475 119.639 
  0.9077056 121.4426 
  0.9304895 122.6601 
  0.8418453 124.5092 
  0.7693642 127.6532 
  0.9057511 130.2255 
  0.9086142 131.531 
  0.8473868 132.1886 
  0.734394 130.8766 
  0.7009268 122.6601 
  0.1429977 125.7574 
  0.007833218 127.6532 
  -0.1586125 129.5776 
  -0.01249891 131.531 
  -0.1287934 133.5138 
  -0.01694475 135.5266 
  0.1241821 138.2575 
  0.1643897 141.0434 
  0.1225508 143.8855 
  0.03827847 146.0546 
  -0.1451273 148.2564 
  0.710546 150.4914 
  0.5397567 146.0546 
  0.4743301 142.4574 
  0.6973775 136.2042 
  0.6749392 128.2915 
  0.5926118 123.8897 
  0.8961036 121.4426 
  0.9805895 120.8384 
  0.9792425 120.8384 
  0.9538785 119.639 
  0.9438355 118.4515 
  0.9691834 116.6924 
  0.9726067 114.9594 
  0.9705556 113.8184 
  0.9705144 112.128 
  0.9548189 111.0151 
  0.9392177 109.3664 
  0.931703 107.2061 
  0.9074337 105.0885 
  0.8416517 103.5278 
  0.6845894 101.9903 
  0.3742679 101.9903 
  -0.6190005 103.0128 
  0.02414316 103.5278 
  0.08939847 104.0455 
  -0.01606136 104.5657 
  -0.1174409 105.614 
  -0.06871389 106.6728 
  0.1721279 107.7421 
  0.262198 108.8223 
  0.1122806 109.9132 
  -0.001008166 111.0151 
  0.07372262 112.128 
  0.08564543 113.2521 
  0.1538311 114.3874 
  -0.01562553 115.5342 
  -0.008849063 116.6924 
  -0.104081 117.8622 
  -0.08093486 119.0438 
  0.01597615 120.2372 
  0.02312114 121.4426 
  0.1458053 122.6601 
  0.1125518 123.8897 
  0.1088309 124.5092 
  -0.01871604 125.7574 
  -0.1156244 127.0181 
  -0.1317811 127.6532 
  -0.208323 128.9329 
  -0.1165728 129.5776 
  0.1128836 130.2255 
  0.5459279 131.531 
  0.7250531 133.5138 
  0.8380757 136.8852 
  0.9026414 141.0434 
  0.8960593 144.605 
  0.927632 146.0546 
  0.9523152 146.7849 
  0.9647701 145.328 
  0.9388172 142.4574 
  0.8263074 136.8852 
  0.7488878 128.9329 
  0.6223961 122.0498 
  0.4280821 114.9594 
  0.2580703 104.0455 
  0.617525 95.5873 
  0.8634502 91.39146 
  0.9674407 90.03418 
  0.9625293 90.03418 
  0.9762168 90.48434 
  0.864066 90.93677 
  0.5729775 91.39146 
  -0.4458545 91.84841 
  0.007746932 92.30766 
  -0.001991693 92.30766 
  -0.0446602 92.30766 
  -0.05607657 92.30766 
  -0.2928464 92.30766 
  -0.3666065 92.30766 
  0.01876179 92.30766 
  -0.1749542 92.30766 
  -0.1570137 92.30766 
  -0.2295027 92.30766 
  -0.07031032 92.30766 
  -0.1126933 92.30766 
  0.003900185 92.30766 
  -0.07457278 92.30766 
  -0.1685837 92.30766 
  0.007305813 92.30766 
  -0.1280622 92.30766 
  -0.3350215 92.30766 
  -0.2244516 92.30766 
  -0.2046629 92.30766 
  -0.2847543 92.30766 
  -0.05901315 92.30766 
  -0.2968727 92.30766 
  0.09385695 92.30766 
  -0.01294646 92.7692 
  -0.1103006 93.23304 
  0.1404416 93.6992 
  0.1316632 94.1677 
  0.05143014 94.63854 
  0.1191997 95.11173 
  0.2577792 95.5873 
  0.5657741 95.5873 
  0.8079635 96.06523 
  0.8559245 97.51342 
  0.9283884 98.491 
  0.9628348 98.98344 
  0.9741381 99.47836 
  0.9852439 99.47836 
  0.971751 98.98344 
  0.9649739 98.491 
  0.935662 97.51342 
  0.7800399 96.06523 
  0.7193077 94.63854 
  0.6025918 93.23304 
  -0.2754049 95.11173 
  0.07385463 97.02828 
  -0.2555199 98.491 
  -0.284827 99.97575 
  -0.350193 101.4829 
  -0.2321806 103.0128 
  -0.1244864 104.5657 
  0.1824687 106.142 
  0.4360013 107.7421 
  0.8116391 108.8223 
  0.9749994 109.3664 
  0.975356 109.3664 
  0.9165114 109.9132 
  0.7272061 111.5702 
  0.821035 111.5702 
  0.8935827 111.5702 
  0.9831281 111.5702 
  0.9610566 112.128 
  0.9780191 112.6886 
  0.9700834 112.128 
  0.9503375 111.5702 
  0.9661525 110.4628 
  0.9598727 109.9132 
  0.9704682 109.3664 
  0.9695397 109.3664 
  0.9667435 108.8223 
  0.9518881 108.2809 
  0.9363543 107.7421 
  0.9344465 106.6728 
  0.9506032 106.142 
  0.9599032 105.614 
  0.9590184 105.0885 
  0.9404763 104.5657 
  0.9154996 103.5278 
  0.8516015 102.5003 
  0.829625 100.4756 
  0.7706323 98.98344 
  0.6607582 98.00098 
  -0.06454007 97.02828 
  0.6670445 96.54556 
  0.3501725 96.06523 
  0.01963821 95.5873 
  -0.2271374 95.11173 
  -0.4649619 94.63854 
  -0.1434501 94.1677 
  -0.02464673 93.6992 
  -0.04212965 93.23304 
  0.1449683 92.7692 
  0.5228581 92.7692 
  0.7539477 92.7692 
  0.8593043 93.23304 
  0.866185 94.63854 
  0.8123459 97.02828 
  0.7656623 100.4756 
  0.8102499 103.0128 
  0.8411834 104.5657 
  0.8730643 105.614 
  0.9193541 106.142 
  0.8603551 107.2061 
  0.7359787 109.3664 
  0.7842779 111.5702 
  0.8147422 113.8184 
  0.8373135 116.1118 
  0.8432938 117.8622 
  0.8419721 120.2372 
  0.837764 121.4426 
  0.8168952 122.6601 
  0.8103659 122.6601 
  0.486089 122.0498 
  0.8869432 123.8897 
  0.6871221 125.1317 
  0.5391358 126.3862 
  0.8274629 127.0181 
  0.9195051 127.0181 
  0.9651405 126.3862 
  0.9644908 125.1317 
  0.9010902 123.8897 
  0.8652371 122.0498 
  0.7582008 119.639 
  0.4009438 118.4515 
  0.5101338 118.4515 
  0.6798285 118.4515 
  0.8399482 117.2759 
  0.9338093 116.6924 
  0.952998 116.6924 
  0.9648723 116.1118 
  0.9507599 115.5342 
  0.8345188 114.9594 
  0.5997374 115.5342 
  0.5578397 119.0438 
  0.7881415 123.8897 
  0.9187337 127.0181 
  0.9359176 127.6532 
  0.9220365 128.2915 
  0.8887732 127.6532 
  0.8970781 125.7574 
  0.9614549 124.5092 
  0.9794645 123.2734 
  0.9795269 122.6601 
  0.9641119 122.0498 
  0.9460527 120.8384 
  0.9118459 119.0438 
  0.7662174 116.6924 
  0.7123823 113.2521 
  0.8353105 111.0151 
  0.8027347 108.8223 
  0.6429449 106.142 
  0.3917482 103.5278 
  0.2719793 100.4756 
  0.2794708 97.02828 
  0.3160312 92.30766 
  0.5242537 89.14054 
  0.7327135 86.94508 
  0.975533 85.2277 
  0.982922 84.80367 
  0.9657386 84.80367 
  0.9838359 85.2277 
  0.8921562 85.65383 
  0.8621852 86.0821 
  0.9775478 86.94508 
  0.9378542 87.3798 
  0.9483067 88.25578 
  0.9346641 88.25578 
  0.9171451 88.25578 
  0.7867467 87.3798 
  0.6030689 85.65383 
  0.6418947 84.80367 
  0.7141566 82.3035 
  0.6634474 81.89403 
  -0.1943469 82.3035 
  0.02865299 82.71502 
  -0.0236 83.12859 
  -0.03924848 83.54424 
  0.0148658 83.96195 
  -0.14519 83.96195 
  -0.09323498 83.96195 
  -0.1568568 83.96195 
  -0.07040268 83.96195 
  0.3568053 83.96195 
  0.2830414 83.96195 
  -0.03845662 83.96195 
  0.02263176 83.96195 
  0.1663663 84.38177 
  0.5443552 84.80367 
  0.427035 84.80367 
  0.3056272 85.65383 
  0.8213506 86.0821 
  0.8493627 87.3798 
  0.7319061 88.69706 
  0.8479398 89.14054 
  0.8743034 89.58624 
  0.7778605 88.69706 
  0.7243787 86.94508 
  0.6652485 84.80367 
  0.4342389 83.96195 
  0.2064565 84.38177 
  -0.1201515 84.80367 
  -0.207822 85.65383 
  -0.2883812 86.51251 
  -0.06831523 87.3798 
  0.3217924 88.25578 
  0.5539579 89.14054 
  0.6189611 90.03418 
  0.1556555 90.93677 
  -0.187808 91.84841 
  -0.3004686 92.7692 
  -0.3836362 93.6992 
  -0.06040051 94.63854 
  0.001569444 95.5873 
  -0.01125749 96.54556 
  0.1049345 97.51342 
  0.6307212 94.63854 
  0.7938273 94.63854 
  0.930337 95.11173 
  0.9462265 96.06523 
  0.8595262 97.51342 
  0.7105907 99.47836 
  0.6855803 100.978 
  0.7674507 101.9903 
  0.8724976 101.9903 
  0.9202746 101.9903 
  0.9395469 101.9903 
  0.9613946 102.5003 
  0.9629259 101.9903 
  0.9497349 101.9903 
  0.9047949 101.4829 
  0.7404422 100.978 
  0.5658029 100.978 
  0.7691385 96.54556 
  -0.3486149 97.02828 
  0.1367856 98.00098 
  0.2733209 98.98344 
  -0.1899923 99.97575 
  -0.141566 100.978 
  -0.127575 101.9903 
  0.1939075 103.0128 
  0.5196589 104.0455 
  0.5998288 103.0128 
  0.6663017 101.4829 
  0.4773825 99.97575 
  0.5613403 95.11173 
  0.7098973 92.7692 
  0.806053 91.84841 
  0.7953807 90.93677 
  0.9703506 90.48434 
  0.9480883 90.03418 
  0.9762943 89.58624 
  0.9949594 89.14054 
  0.9815024 88.69706 
  0.9793224 87.8167 
  0.9914674 86.94508 
  0.9676908 86.0821 
  0.9392806 85.65383 
  0.9472142 85.2277 
  0.8069285 85.2277 
  0.4814683 85.2277 
  0.03738349 85.65383 
  -0.1739957 86.0821 
  -0.3298935 86.94508 
  -0.3672017 87.8167 
  -0.3565851 88.69706 
  0.07451488 89.58624 
  -0.02003804 90.48434 
  -0.1742091 91.39146 
  0.4855189 92.30766 
  0.4042097 95.11173 
  0.5355779 98.00098 
  0.8712183 99.97575 
  0.9539015 100.978 
  0.9651784 101.9903 
  0.9321133 101.9903 
  0.9058944 101.4829 
  0.8717181 99.97575 
  0.7611259 98.98344 
  0.6641958 96.54556 
  0.5540845 92.30766 
  0.3700709 87.8167 
  0.3068563 86.94508 
  0.6238269 79.08421 
  0.7586772 79.08421 
  0.6308916 79.87703 
  0.3851715 80.6778 
  -0.008954386 81.08118 
  -0.09923055 81.89403 
  -0.1518694 82.71502 
  -0.1524538 83.54424 
  0.07139811 84.38177 
  -0.01320734 85.2277 
  0.07985035 85.65383 
  -0.02118437 86.0821 
  0.125185 86.51251 
  0.331467 86.94508 
  0.1406808 86.94508 
  0.3849303 86.94508 
  0.4712365 86.94508 
  0.4328577 86.94508 
  0.209406 86.94508 
  -0.06431735 86.94508 
  -0.1770464 86.94508 
  -0.2031609 86.94508 
  0.09773093 86.94508 
  -0.1064564 86.94508 
  0.2498793 86.94508 
  -0.2102646 86.94508 
  0.04611071 86.94508 
  0.1079016 86.94508 
  -0.3923002 86.94508 
  -0.1316513 86.94508 
  -0.1810124 86.94508 
  -0.2487693 86.94508 
  0.1129387 86.94508 ]
