 [
  -0.187762 109.9132 
  -0.02679482 109.9132 
  0.01579842 109.9132 
  0.0623539 109.9132 
  -0.04285288 109.9132 
  -0.2228147 109.9132 
  -0.1640747 109.9132 
  0.02940908 109.9132 
  0.1018095 109.9132 
  -0.01137309 109.9132 
  -0.06713183 109.9132 
  -0.08776703 109.9132 
  -0.002507796 109.9132 
  -0.02870597 109.9132 
  0.0870437 109.9132 
  0.1186933 108.2809 
  0.720094 107.2061 
  0.9472595 107.7421 
  0.9422961 108.2809 
  0.9432817 108.2809 
  0.8919321 108.8223 
  0.9276924 109.3664 
  0.9453505 110.4628 
  0.9524 109.9132 
  0.9269778 109.9132 
  0.9139434 108.8223 
  0.9155384 109.3664 
  0.9295951 108.8223 
  0.8933397 108.2809 
  0.5575633 112.6886 
  0.8749462 113.2521 
  0.9242501 112.128 
  0.9029682 111.5702 
  0.922887 109.9132 
  0.8327466 108.2809 
  0.7890568 106.6728 
  0.5724176 104.5657 
  0.1120372 105.0885 
  -0.117634 107.2061 
  0.02588792 109.3664 
  0.05113102 111.5702 
  0.269329 113.8184 
  0.02547417 115.5342 
  0.2590678 117.2759 
  0.299376 114.9594 
  0.7878176 114.3874 
  0.8587537 116.1118 
  0.9588069 116.1118 
  0.939203 116.6924 
  0.9446181 117.8622 
  0.9565415 119.0438 
  0.9560143 119.0438 
  0.8914081 119.0438 
  0.7341493 121.4426 
  0.8136337 125.7574 
  0.8719645 130.2255 
  0.9521395 131.531 
  0.9884151 132.8496 
  0.9796183 132.1886 
  0.9496857 131.531 
  0.8935449 129.5776 
  0.8916463 125.7574 
  0.7734123 125.7574 
  0.7289492 120.8384 
  -0.03802723 122.6601 
  0.3521482 125.1317 
  0.6971802 127.6532 
  0.8139198 130.8766 
  0.85316 129.5776 
  0.913032 128.2915 
  0.9575524 126.3862 
  0.967388 125.1317 
  0.9773121 124.5092 
  0.9818676 124.5092 
  0.8588259 122.6601 
  0.8817286 121.4426 
  0.8707367 121.4426 
  0.9802952 119.639 
  0.9825979 119.0438 
  0.9872255 119.0438 
  0.9779902 119.639 
  0.9870622 120.8384 
  0.9917077 120.8384 
  0.9718615 121.4426 
  0.9662788 122.0498 
  0.9838784 120.2372 
  0.9868188 119.639 
  0.9884069 119.0438 
  0.9792696 119.0438 
  0.9620169 117.8622 
  0.9688568 117.2759 
  0.9744542 116.1118 
  0.9155656 114.9594 
  0.9364453 113.8184 
  0.8311046 112.128 
  0.8790573 108.2809 
  0.9553925 107.2061 
  0.9808654 105.614 
  0.9713453 104.5657 
  0.9514409 103.5278 
  0.9366447 101.4829 
  0.9547876 100.4756 
  0.9393476 99.47836 
  0.8889627 98.491 
  0.8599846 97.51342 
  0.7871475 96.06523 
  0.6677768 93.6992 
  0.1904875 95.5873 
  -0.03380825 97.51342 
  0.08013247 99.47836 
  0.0226932 101.4829 
  -0.02970041 103.5278 
  -0.03572914 105.614 
  0.1065559 107.2061 
  -0.0176487 108.8223 
  -0.03306692 111.0151 
  0.1099682 112.6886 
  0.2010453 113.2521 
  0.6506468 113.2521 
  0.8102052 113.8184 
  0.9694532 113.8184 
  0.9761719 113.2521 
  0.9605986 113.2521 
  0.9475805 114.3874 
  0.9816259 115.5342 
  0.9759663 115.5342 
  0.9891086 116.1118 
  0.9958302 116.6924 
  0.9927194 116.6924 
  0.9896721 116.6924 
  0.9907944 116.1118 
  0.9846978 115.5342 
  0.9786065 114.9594 
  0.981997 114.3874 
  0.9861048 113.8184 
  0.9736637 113.2521 
  0.966321 112.128 
  0.9723914 110.4628 
  0.9301596 108.8223 
  0.8356189 106.6728 
  0.6654819 105.0885 
  0.2593206 106.142 
  0.01197522 107.2061 
  0.07761154 107.7421 
  0.09767174 108.2809 
  0.1479614 108.8223 
  -0.1264623 109.9132 
  0.01664198 111.0151 
  0.1227975 112.128 
  0.1400701 112.128 
  0.1339481 112.6886 
  0.1377457 113.8184 
  0.4101253 112.128 
  0.3239608 112.128 
  0.009616448 111.5702 
  -0.03051919 111.0151 
  0.2858641 109.9132 
  0.3250197 108.8223 
  0.7523832 112.128 
  0.9546896 112.128 
  0.9537725 111.5702 
  0.9772969 111.0151 
  0.9437166 110.4628 
  0.9149861 109.3664 
  0.9812186 108.8223 
  0.929844 107.7421 
  0.8830072 105.614 
  0.8208108 103.0128 
  0.9361306 100.978 
  0.8597419 98.98344 
  0.8130405 96.54556 
  0.8295078 94.1677 
  0.9341577 92.7692 
  0.7547829 90.93677 
  0.8188111 88.69706 
  0.9337643 87.3798 
  0.9548737 86.94508 
  0.9103786 86.94508 
  0.8699191 87.3798 
  0.9407526 88.69706 
  0.8430819 90.03418 
  0.9288332 90.93677 
  0.9182061 90.93677 
  0.7451431 90.93677 
  0.338321 91.39146 
  -0.1909078 91.84841 
  -0.0136738 91.84841 
  0.1796842 91.84841 
  0.204242 91.84841 
  0.250046 91.84841 
  0.189351 91.84841 
  0.06280652 91.84841 
  0.03121268 91.84841 
  -0.0301503 91.84841 
  0.09684388 91.84841 
  0.09358691 92.30766 
  0.1574683 92.7692 
  0.1126713 93.23304 
  -0.09739281 93.6992 
  -0.07174281 94.1677 
  -0.1079458 94.63854 
  -0.1143122 95.11173 
  -0.2844633 95.5873 
  -0.1807777 96.54556 
  -0.02569175 97.51342 
  -0.01393349 98.491 
  0.09596402 99.47836 
  0.1905634 99.97575 
  0.4509929 100.4756 
  0.596242 101.4829 
  0.6169053 103.0128 
  0.5843502 101.4829 
  0.9237754 99.97575 
  0.9059192 99.47836 
  0.8955186 97.02828 
  0.8699174 95.11173 
  0.6622598 93.6992 
  0.2104582 93.6992 
  0.3623664 94.1677 
  0.1343974 94.63854 
  0.03174196 95.11173 
  0.07816771 95.5873 
  0.1024725 96.54556 
  0.06022616 97.51342 
  0.09244522 98.491 
  0.01214247 99.47836 
  0.06189441 100.4756 
  -0.02475057 101.4829 
  0.4001073 102.5003 
  0.01943438 103.5278 
  0.6955082 104.0455 
  0.899089 104.5657 
  0.9867456 105.0885 
  0.9822794 105.614 
  0.8936831 107.2061 
  0.9149578 106.6728 
  0.9614835 105.0885 
  0.9847343 104.5657 
  0.98597 104.5657 
  0.9817126 104.0455 
  0.9692175 103.5278 
  0.9724286 102.5003 
  0.9843928 102.5003 
  0.9868124 101.9903 
  0.9634443 101.4829 
  0.951046 100.4756 
  0.9521178 99.47836 
  0.8261554 98.00098 
  0.7985622 96.06523 
  0.8169959 94.1677 
  0.7565281 91.84841 
  0.8339716 90.03418 
  0.9053051 87.8167 
  0.9580905 86.0821 
  0.982222 85.65383 
  0.9667849 84.80367 
  0.9427972 83.96195 
  0.9416248 82.71502 
  0.9420288 81.89403 
  0.7690757 81.4866 
  0.1894537 82.71502 
  0.1213655 83.96195 
  -0.08169606 84.80367 
  -0.1462247 85.2277 
  0.03357975 85.2277 
  0.1090891 85.2277 
  0.3153315 85.2277 
  0.4350113 85.2277 
  0.5579869 85.2277 
  0.3582515 85.2277 
  0.2339133 85.65383 
  0.2374193 86.0821 
  0.2153089 86.51251 
  0.1933639 86.94508 
  -0.05665184 87.3798 
  -0.1412804 87.8167 
  -0.0338471 88.25578 
  0.06180533 88.69706 
  0.08777537 89.14054 
  0.1149215 89.58624 
  -0.05065711 90.03418 
  -0.1722517 90.48434 
  -0.1249326 90.93677 
  -0.02018757 91.39146 
  -0.03837653 91.84841 
  -0.04013944 92.30766 
  -0.1137706 92.7692 
  0.01220075 93.23304 
  0.07383229 93.6992 
  0.04672522 94.1677 
  -0.04753431 94.63854 
  0.0376538 95.11173 
  0.008758992 95.5873 
  -0.01857184 96.06523 
  0.06905092 97.02828 
  -0.05682265 98.00098 
  -0.007321525 98.98344 
  0.1697823 99.47836 
  0.2631856 100.4756 
  0.2607234 101.4829 
  0.1667245 101.9903 
  -0.08291066 102.5003 
  -0.07384186 103.0128 
  0.2050387 103.5278 
  0.2915453 104.0455 
  0.2438719 104.5657 
  0.2146721 105.0885 
  0.1589055 105.614 
  0.1503619 106.6728 
  -0.07741297 107.7421 
  -0.006332105 108.8223 
  0.1226034 109.9132 
  0.01242746 111.0151 
  0.1972207 112.128 
  0.1472176 113.2521 
  -0.1778444 114.3874 
  0.3621266 114.9594 
  0.04210105 115.5342 
  0.6874176 116.6924 
  0.1639045 117.2759 
  -0.003746456 119.639 
  0.5814192 109.3664 
  0.7871525 108.8223 
  0.9311675 108.2809 
  0.920946 106.142 
  0.9694269 104.0455 
  0.9860069 102.5003 
  0.9673292 101.4829 
  0.9179971 99.47836 
  0.7740674 98.491 
  0.1389353 97.51342 
  -0.06682475 97.02828 
  0.09805503 96.54556 
  -0.05262763 96.06523 
  0.2856117 95.11173 
  -0.1069877 93.6992 
  0.4215998 93.23304 
  0.7716131 92.30766 
  0.8684344 90.93677 
  0.8699027 89.14054 
  0.8631511 86.94508 
  0.9256594 84.80367 
  0.9622172 83.12859 
  0.5558256 82.3035 
  0.1808433 82.3035 
  0.1995848 83.12859 
  0.02263812 84.38177 
  0.1873941 85.65383 
  0.090743 87.3798 
  0.1418438 89.14054 
  0.2913649 90.93677 
  0.2754809 92.7692 
  -0.07621478 94.63854 
  0.07361852 97.02828 
  0.235911 98.98344 
  -0.01459233 100.978 
  0.1844294 103.0128 
  0.137959 104.5657 
  0.008238202 106.142 
  0.7693942 105.614 
  0.5106335 96.54556 
  0.8228078 94.63854 
  0.7825015 92.7692 
  0.8857994 91.84841 
  0.9204139 90.93677 
  0.8662505 90.03418 
  0.9777917 88.25578 
  0.9614872 88.25578 
  0.9506993 87.8167 
  0.9404386 86.94508 
  0.8749876 87.3798 
  0.8262506 88.69706 
  0.7615833 89.58624 
  0.6680145 90.93677 
  -0.3570121 90.93677 
  0.1144072 90.48434 
  0.269503 90.03418 
  0.03702296 89.58624 
  -0.02077763 89.14054 
  0.07920776 88.69706 
  0.07491167 87.8167 
  0.6925538 90.03418 
  0.8358174 90.03418 
  0.8540854 89.14054 
  0.8218801 88.69706 
  0.6641592 86.94508 
  0.909112 85.2277 
  0.9085617 84.38177 
  0.8126676 83.54424 
  0.7989259 83.54424 
  0.7079924 83.54424 
  0.8075392 84.80367 
  0.8387666 86.51251 
  0.7493087 86.0821 
  0.09451634 86.0821 
  0.2202352 86.0821 
  0.01401412 86.0821 
  -0.2028537 86.0821 
  -0.1983836 86.0821 
  -0.2530978 86.0821 
  0.339058 85.65383 
  0.5377769 85.65383 
  0.8238534 86.0821 
  0.9150885 86.94508 
  0.8813115 87.3798 
  0.6997283 88.69706 
  0.5929301 84.38177 
  0.6126165 86.0821 
  0.7000815 85.65383 
  0.7642436 85.65383 
  0.7224132 86.51251 
  0.8276582 86.51251 
  0.8365278 86.51251 
  0.8524046 86.94508 
  0.9093903 86.51251 
  0.9614798 86.0821 
  0.9267754 85.65383 
  0.7540763 85.2277 
  0.6559896 83.12859 
  0.08244257 81.89403 
  0.1769952 81.4866 
  0.5331684 85.65383 
  0.4799793 88.69706 
  0.6551082 88.69706 
  0.7377315 89.58624 
  0.6906838 87.3798 
  0.3529035 84.80367 
  0.1927288 84.80367 
  0.2092047 85.2277 
  -0.1022143 85.65383 
  -0.1810526 86.0821 
  0.01004196 86.51251 
  0.0488476 86.94508 
  0.08905478 86.94508 
  0.02269838 83.96195 
  0.1327571 83.54424 
  -0.02842223 83.54424 
  0.1204809 83.54424 
  0.7221007 83.96195 
  0.4445264 87.8167 
  0.6131605 90.03418 
  0.8838054 90.48434 
  0.9410117 91.39146 
  0.9710147 91.39146 
  0.968595 90.93677 
  0.9744355 90.93677 
  0.9751688 91.39146 
  0.9057342 91.84841 
  0.760601 94.1677 
  0.7729797 96.54556 
  0.8606007 98.98344 
  0.8846111 100.978 
  0.9241311 103.0128 
  0.9605525 104.0455 
  0.8530893 104.0455 
  0.7567791 101.9903 
  0.7120939 100.978 
  0.7201166 100.978 
  0.5879055 100.978 
  0.2519647 100.978 
  -0.02243222 100.978 
  0.06541735 100.978 
  0.07421371 100.978 
  -0.1309219 100.978 
  0.07058348 100.978 
  0.05256546 100.978 
  0.3070512 100.978 
  -0.2836285 100.978 
  0.07030247 100.978 ]
