 [
  0.4867699 245.3498 
  0.57064 245.3498 
  0.3508507 245.3498 
  0.06804413 245.3498 
  -0.1796042 245.3498 
  -0.2076123 245.3498 
  0.07503189 245.3498 
  0.001276541 245.3498 
  0.1885746 245.3498 
  0.1265839 245.3498 
  0.8580377 245.3498 
  0.8975438 245.3498 
  0.9149011 245.3498 
  0.9285285 249.0485 
  0.9365852 252.8029 
  0.9663668 256.614 
  0.9798651 257.8971 
  0.9861079 259.1866 
  0.9888047 261.7849 
  0.9921986 265.7313 
  0.9963116 269.7372 
  0.9994264 271.0859 
  0.997255 271.0859 
  0.9755905 269.7372 
  0.9502553 267.06 
  0.8011143 268.3953 
  0.05877913 269.7372 
  -0.1737292 271.0859 
  0.04805073 272.4414 
  0.09989898 273.8036 
  0.141974 275.1726 
  0.09674759 275.1726 
  0.1196942 275.1726 
  0.1046286 276.5485 
  -0.09711891 277.9312 
  -0.01174166 277.9312 
  0.07175184 277.9312 
  0.04447639 277.9312 
  -0.20699 277.9312 
  -0.03725749 277.9312 
  0.8575978 279.3209 
  0.8621349 271.0859 
  0.8469913 263.0938 
  0.9167074 249.0485 
  0.9512267 241.7061 
  0.9809413 238.1164 
  0.9820558 235.753 
  0.9863964 233.4131 
  0.9815637 231.0963 
  0.9667102 227.6642 
  0.9609816 223.1673 
  0.9716326 218.7592 
  0.9752893 215.5104 
  0.9803556 212.3098 
  0.9568954 209.1568 
  0.9323607 204.0054 
  0.9480163 198.9809 
  0.9294829 194.0801 
  0.931813 190.2465 
  0.9514407 186.4887 
  0.9879878 184.6377 
  0.9883361 182.8051 
  0.9944285 180.9906 
  0.9968208 180.0902 
  0.9967629 180.0902 
  0.9913912 180.9906 
  0.9753606 181.8956 
  0.9207826 182.8051 
  0.7173798 184.6377 
  0.2642162 187.4211 
  -0.2365959 190.2465 
  -0.3456082 193.1145 
  -0.1987139 196.0257 
  -0.04620695 198.9809 
  -0.05705984 201.9805 
  -0.0604128 206.0505 
  -0.07039963 210.2025 
  0.1660502 213.3714 
  0.05274536 216.5879 
  0.01168316 220.9523 
  -0.0615174 225.4046 
  -0.03125754 229.9466 
  -0.0621309 234.5801 
  -0.09038671 239.307 
  0.0352491 242.9146 
  0.83469 246.5766 
  0.8876189 250.2938 
  0.9436808 249.0485 
  0.9632304 244.1292 
  0.9724371 240.5036 
  0.9906178 238.1164 
  0.9934466 236.9318 
  0.9924847 236.9318 
  0.9949289 236.9318 
  0.9948258 238.1164 
  0.9972618 236.9318 
  0.9942041 235.753 
  0.9895022 234.5801 
  0.9639076 232.2518 
  0.9375348 228.8026 
  0.9519306 224.2832 
  0.8401359 218.7592 
  0.6080445 216.5879 
  0.530972 215.5104 
  0.6551557 214.4382 
  0.7379419 214.4382 
  0.7887318 214.4382 
  0.8655549 223.1673 
  0.8910409 227.6642 
  0.9768206 231.0963 
  0.992444 233.4131 
  0.9908626 234.5801 
  0.9885226 235.753 
  0.9806482 238.1164 
  0.9710903 240.5036 
  0.9742981 245.3498 
  0.9800635 250.2938 
  0.991091 254.067 
  0.9917123 255.3373 
  0.9899504 256.614 
  0.9872107 256.614 
  0.9665018 256.614 
  0.9397976 256.614 
  0.7989159 256.614 
  0.00656149 256.614 
  0.01455178 256.614 
  -0.01888953 256.614 
  0.02420514 256.614 
  0.01772385 256.614 
  0.1479756 256.614 
  0.1072836 256.614 
  0.07557592 256.614 
  0.02885854 257.8971 
  0.04882375 259.1866 
  -0.2417393 260.4825 
  -0.1011096 260.4825 
  -0.02185086 261.7849 
  -0.0009023061 263.0938 
  -0.1005663 264.4093 
  -0.02184641 265.7313 
  0.3791246 267.06 
  0.4138378 267.06 
  0.6223514 267.06 
  0.2687278 267.06 
  -0.1215211 267.06 
  -0.2992246 267.06 
  -0.6038225 267.06 
  -0.3628852 267.06 
  0.04508904 267.06 
  -0.01609423 267.06 
  0.03321965 267.06 
  0.07081484 267.06 
  -0.005207013 267.06 
  0.03001809 267.06 
  0.0004757593 267.06 
  0.07192005 267.06 
  0.07249299 267.06 
  0.1215468 267.06 
  0.05800697 267.06 
  0.1283082 267.06 
  0.08594625 267.06 
  0.04123431 267.06 
  -0.2277064 267.06 
  -0.1642488 267.06 
  -0.1257598 267.06 
  0.7390729 267.06 
  0.843228 267.06 
  0.9441776 263.0938 
  0.9906653 261.7849 
  0.9962214 260.4825 
  0.9962771 259.1866 
  0.9972638 259.1866 
  0.9973201 257.8971 
  0.9978076 256.614 
  0.9983023 256.614 
  0.9960093 256.614 
  0.9958476 256.614 
  0.9981954 254.067 
  0.9926223 250.2938 
  0.9909606 246.5766 
  0.9603833 241.7061 
  0.9559698 238.1164 
  0.9820435 235.753 
  0.9991285 234.5801 
  0.9996533 233.4131 
  0.9995158 233.4131 
  0.9999162 232.2518 
  0.9981272 232.2518 
  0.9197046 233.4131 
  0.9449893 233.4131 
  0.9833858 233.4131 
  0.9982085 233.4131 
  0.9988022 233.4131 
  0.9986457 233.4131 
  0.9953585 232.2518 
  0.9943106 231.0963 
  0.9963812 229.9466 
  0.9992498 229.9466 
  0.9976588 228.8026 
  0.9967896 229.9466 
  0.9920526 231.0963 
  0.9887864 232.2518 
  0.9909141 232.2518 
  0.9892178 233.4131 
  0.986062 233.4131 
  0.9846274 235.753 
  0.9711133 238.1164 
  0.9611603 240.5036 
  0.9576564 244.1292 
  0.9616113 246.5766 
  0.9533216 246.5766 
  0.888115 246.5766 
  0.694252 244.1292 
  0.3757517 245.3498 
  0.5105195 245.3498 
  0.4638466 245.3498 
  0.4831156 245.3498 
  0.2991759 245.3498 
  0.1648975 245.3498 
  0.1589368 245.3498 
  0.234578 244.1292 
  0.101954 244.1292 
  0.2678086 244.1292 
  0.1342508 244.1292 
  0.129714 244.1292 
  0.1150687 244.1292 
  -0.01476115 242.9146 
  0.1834205 241.7061 
  -0.03786883 240.5036 
  -0.007134835 239.307 
  0.1868414 238.1164 
  0.2103851 236.9318 
  0.2722825 235.753 
  0.09621087 234.5801 
  0.06487641 233.4131 
  0.09039194 232.2518 
  0.05484765 231.0963 
  -0.2272941 229.9466 
  0.6238714 228.8026 
  0.644704 224.2832 
  0.8266222 217.6709 
  0.950045 213.3714 
  0.9857714 212.3098 
  0.9888412 213.3714 
  0.964154 215.5104 
  0.8336655 219.853 
  0.9245954 222.057 
  0.974649 223.1673 
  0.9925447 224.2832 
  0.9947148 224.2832 
  0.9916188 223.1673 
  0.9930556 223.1673 
  0.9923828 224.2832 
  0.9937763 223.1673 
  0.9910701 223.1673 
  0.9867027 222.057 
  0.9895989 222.057 
  0.9904901 222.057 
  0.9938857 220.9523 
  0.9963808 219.853 
  0.9960888 219.853 
  0.9815685 222.057 
  0.9887483 225.4046 
  0.9997513 227.6642 
  0.9990234 228.8026 
  1.000028 229.9466 
  1.000268 228.8026 
  0.9994998 228.8026 
  0.9977486 229.9466 
  0.9960304 231.0963 
  0.9939503 231.0963 
  0.9875705 231.0963 
  0.98892 231.0963 
  0.992072 231.0963 
  0.995787 229.9466 
  0.9970943 229.9466 
  0.9920426 228.8026 
  0.9956104 229.9466 
  0.9962823 231.0963 
  0.9944522 232.2518 
  0.9962276 233.4131 
  0.9939408 234.5801 
  0.9847423 235.753 
  0.9658899 234.5801 
  0.9290327 231.0963 
  0.7765214 228.8026 
  0.5210253 226.5316 
  0.1533411 223.1673 
  0.1418499 220.9523 
  -0.100944 217.6709 
  -0.2115948 214.4382 
  -0.2454086 211.2535 
  0.00485485 208.1162 
  0.1031501 205.0254 
  0.2328252 201.9805 
  0.171049 198.9809 
  0.1725848 195.0505 
  0.2197855 193.1145 
  0.9192888 192.1537 
  0.783647 191.1978 
  0.00923277 190.2465 
  0.1511474 189.3 
  0.122353 188.3582 
  -0.3706751 187.4211 
  -0.2721663 191.1978 
  0.1619209 197.0059 
  0.7570624 198.9809 
  0.9645572 199.9758 
  0.9959053 198.9809 
  0.9968023 198.9809 
  0.9961017 198.9809 
  0.9963471 198.9809 
  0.9950192 198.9809 
  0.9905293 199.9758 
  0.9751135 201.9805 
  0.9749141 202.9904 
  0.9925042 204.0054 
  0.9900928 202.9904 
  0.9818559 201.9805 
  0.8877305 200.9756 
  0.6078807 201.9805 
  -0.05393784 205.0254 
  -0.9155903 208.1162 
  0.07205544 211.2535 
  0.108214 213.3714 
  0.1212332 215.5104 
  0.1265191 218.7592 
  0.1135904 220.9523 
  0.04711203 223.1673 
  -0.03610159 226.5316 
  0.1475362 228.8026 
  0.1024975 229.9466 
  0.3411481 229.9466 
  0.7418879 231.0963 
  0.8304016 226.5316 
  0.9482698 224.2832 
  0.9956105 223.1673 
  0.9906989 224.2832 
  0.9775209 225.4046 
  0.9769036 225.4046 
  0.9919387 226.5316 
  0.9892986 226.5316 
  0.986091 226.5316 
  0.9882841 227.6642 
  0.9965775 227.6642 
  0.991928 227.6642 
  0.9777403 227.6642 
  0.9806839 226.5316 
  0.9833245 225.4046 
  0.9835026 224.2832 
  0.984246 224.2832 
  0.987617 223.1673 
  0.9783111 222.057 
  0.9612246 222.057 
  0.9141694 224.2832 
  0.4941539 225.4046 
  0.2685302 226.5316 
  0.04350912 227.6642 
  -0.3580893 228.8026 
  0.04317639 229.9466 
  0.07870534 231.0963 
  -0.05878147 232.2518 
  -0.01001321 233.4131 
  0.4752814 234.5801 
  0.8242174 229.9466 
  0.8768781 226.5316 
  0.9752944 223.1673 
  0.9934998 220.9523 
  0.9932432 220.9523 
  0.9938298 219.853 
  0.9921882 220.9523 
  0.9946789 219.853 
  0.9949448 218.7592 
  0.9943064 217.6709 
  0.9953929 217.6709 
  0.9989983 217.6709 
  0.9980186 218.7592 
  0.9978162 219.853 
  0.9975303 220.9523 
  0.9968454 220.9523 
  0.9942191 222.057 
  0.9858832 220.9523 
  0.9341301 220.9523 
  0.7780611 219.853 
  0.7105997 217.6709 
  0.9049128 217.6709 
  0.9384555 222.057 
  0.988252 224.2832 
  0.9954839 224.2832 
  0.9981819 224.2832 
  0.993222 223.1673 
  0.994352 220.9523 
  0.9890626 219.853 
  0.9690715 218.7592 
  0.9429864 217.6709 
  0.6107185 215.5104 
  0.1226356 214.4382 
  -0.1848527 212.3098 
  0.1895163 210.2025 
  0.06396074 215.5104 
  0.2271005 224.2832 
  0.5204778 229.9466 
  -0.716944 228.8026 
  -0.3671711 227.6642 
  -0.04727825 226.5316 
  0.2484249 225.4046 
  0.2665886 216.5879 
  0.5444551 220.9523 
  0.802672 217.6709 
  0.8493225 213.3714 
  0.9450136 209.1568 
  0.9708214 207.0808 
  0.9868236 207.0808 
  0.9885929 208.1162 
  0.9953257 209.1568 
  0.9914778 209.1568 
  0.9862469 208.1162 
  0.9910632 206.0505 
  0.9876126 206.0505 
  0.9900196 206.0505 
  0.9882204 206.0505 
  0.9921207 206.0505 
  0.9909027 206.0505 
  0.9896098 206.0505 
  0.9893899 206.0505 
  0.9880154 206.0505 
  0.9788861 206.0505 
  0.980819 207.0808 
  0.9884827 207.0808 
  0.9714499 208.1162 
  0.982911 208.1162 
  0.9850096 208.1162 
  0.9896014 208.1162 
  0.979242 208.1162 
  0.9148106 208.1162 
  0.8693426 208.1162 
  0.9710153 209.1568 
  0.9933572 208.1162 
  0.9959556 207.0808 
  0.9914119 206.0505 
  0.9528233 206.0505 
  0.8150259 207.0808 
  0.5740165 208.1162 
  -0.2193973 210.2025 
  -0.5161657 212.3098 
  -0.596031 214.4382 
  -0.5640274 216.5879 
  -0.05207305 218.7592 
  -0.09296568 220.9523 
  -0.1724345 223.1673 
  -0.2019614 225.4046 
  -0.07684832 227.6642 
  0.6420259 229.9466 
  0.7587756 219.853 
  0.7994068 210.2025 
  0.9475951 208.1162 
  0.9869038 206.0505 
  0.9758362 202.9904 
  0.9722565 199.9758 
  0.989824 198.9809 
  0.9817132 198.9809 
  0.9744357 198.9809 
  0.9790619 200.9756 
  0.9905695 200.9756 
  0.9801852 201.9805 
  0.977611 201.9805 
  0.9689742 200.9756 
  0.9806787 198.9809 
  0.9895646 197.9909 
  0.9853061 198.9809 
  0.9749034 200.9756 
  0.9557928 204.0054 
  0.9599049 209.1568 
  0.9795318 214.4382 
  0.9929241 216.5879 
  0.9957871 216.5879 
  0.9888617 215.5104 
  0.980274 212.3098 
  0.981826 208.1162 
  0.9867666 205.0254 
  0.9901199 201.9805 
  0.9899449 198.9809 
  0.9923315 196.0257 
  0.990313 193.1145 
  0.9863036 190.2465 
  0.9811682 186.4887 
  0.9766721 182.8051 
  0.9812207 179.1942 
  0.9942767 175.6547 
  0.9931662 173.9112 
  0.7863107 171.3284 
  0.654805 167.1087 
  0.6316739 166.2773 
  0.7995613 167.9442 
  0.5000719 170.476 
  0.7725192 171.3284 
  0.2011364 171.3284 
  -0.2157634 171.3284 
  -0.08484635 171.3284 
  -0.04425691 171.3284 
  -0.121249 171.3284 
  -0.09297237 171.3284 
  -0.05276118 171.3284 
  -0.0006094603 171.3284 
  0.1343654 171.3284 
  0.06357247 171.3284 
  0.0529894 171.3284 
  0.1325764 171.3284 
  0.1118709 171.3284 
  -0.2343156 171.3284 
  -0.3823389 171.3284 
  -0.1882396 171.3284 
  -0.004403184 171.3284 
  0.0851364 171.3284 
  -0.1840057 171.3284 
  -0.1856029 171.3284 
  -0.1296824 171.3284 
  0.05268175 171.3284 
  -0.04546714 171.3284 
  -0.04104687 171.3284 
  0.05979268 171.3284 
  -0.06781828 171.3284 
  0.1621678 171.3284 
  0.2697247 171.3284 
  0.282648 171.3284 
  0.1693015 171.3284 
  0.284545 171.3284 
  -0.070421 171.3284 
  0.2902766 171.3284 
  0.1242487 171.3284 
  -0.1992178 171.3284 
  0.1306324 171.3284 ]
