 [
  -0.09428141 188.3582 
  -0.0946318 188.3582 
  -0.291232 188.3582 
  -0.2191161 188.3582 
  0.1221644 188.3582 
  0.1744711 188.3582 
  0.01676299 188.3582 
  -0.01814779 188.3582 
  0.05039568 188.3582 
  0.05818888 188.3582 
  0.1785646 188.3582 
  0.5827748 188.3582 
  0.4332951 188.3582 
  0.7441894 189.3 
  0.8740754 194.0801 
  0.9263325 201.9805 
  0.9223289 210.2025 
  0.9525374 217.6709 
  0.9779679 222.057 
  0.9887894 225.4046 
  0.9919477 228.8026 
  0.9888344 232.2518 
  0.9913532 235.753 
  0.9940463 239.307 
  0.9963223 240.5036 
  0.9915923 241.7061 
  0.9657406 240.5036 
  0.8596438 240.5036 
  0.1452046 239.307 
  0.222558 238.1164 
  -0.04317357 236.9318 
  -0.1114974 235.753 
  -0.05709297 234.5801 
  0.03818857 233.4131 
  0.1294997 232.2518 
  0.2043979 231.0963 
  0.2569254 228.8026 
  0.2373727 226.5316 
  0.3018732 223.1673 
  0.5295003 219.853 
  0.7403091 216.5879 
  0.9148741 219.853 
  0.9619805 224.2832 
  0.9866375 225.4046 
  0.9944947 225.4046 
  0.9912083 224.2832 
  0.9941726 222.057 
  0.9918852 220.9523 
  0.9967198 218.7592 
  0.9987373 217.6709 
  0.9968868 216.5879 
  0.9920844 215.5104 
  0.9885416 213.3714 
  0.9870478 209.1568 
  0.99326 207.0808 
  0.9949793 206.0505 
  0.9913968 205.0254 
  0.9821373 204.0054 
  0.9595519 201.9805 
  0.946397 198.9809 
  0.9678224 195.0505 
  0.9587067 193.1145 
  0.941009 190.2465 
  0.8842152 188.3582 
  0.7144814 187.4211 
  0.9741951 187.4211 
  0.9704278 186.4887 
  0.9746861 185.5609 
  0.9825313 183.7191 
  0.9835989 182.8051 
  0.99096 181.8956 
  0.9939259 180.9906 
  0.9863094 179.1942 
  0.9770369 178.3027 
  0.9783987 178.3027 
  0.9482415 181.8956 
  0.9285458 189.3 
  0.9099741 196.0257 
  0.9248483 201.9805 
  0.9769419 206.0505 
  0.9776381 210.2025 
  0.9347792 215.5104 
  0.9317602 222.057 
  0.9598906 228.8026 
  0.960587 232.2518 
  0.9449614 233.4131 
  0.8986683 234.5801 
  0.3658205 236.9318 
  0.4076207 239.307 
  0.03616296 241.7061 
  0.2935526 244.1292 
  0.3437961 242.9146 
  0.8095341 236.9318 
  0.782365 228.8026 
  0.8235705 220.9523 
  0.9040928 211.2535 
  0.8436236 202.9904 
  0.5788541 192.1537 
  0.84394 185.5609 
  0.9207749 183.7191 
  0.986591 181.8956 
  0.9791305 180.0902 
  0.9959304 177.4156 
  0.9974102 175.6547 
  0.9987937 175.6547 
  0.9937899 176.533 
  0.973598 177.4156 
  0.9315319 178.3027 
  0.8227612 180.0902 
  -0.3677036 181.8956 
  0.3430231 183.7191 
  0.6572036 185.5609 
  -0.289394 187.4211 
  -0.07853811 190.2465 
  0.1337095 193.1145 
  0.1955738 196.0257 
  0.1234923 197.9909 
  -0.002056515 199.9758 
  -0.1152256 201.9805 
  0.3373498 204.0054 
  0.8575268 206.0505 
  0.9476702 206.0505 
  0.9815664 205.0254 
  0.9922855 204.0054 
  0.9932283 202.9904 
  0.9892714 201.9805 
  0.9896068 200.9756 
  0.988939 199.9758 
  0.9705397 197.9909 
  0.9400139 196.0257 
  0.9659402 193.1145 
  0.9707655 189.3 
  0.9629195 185.5609 
  0.9594188 180.9906 
  0.9594607 177.4156 
  0.9644882 173.046 
  0.9722483 169.6279 
  0.9889768 167.1087 
  0.9967129 165.4501 
  0.9757245 164.6269 
  0.9563346 164.6269 
  0.9088022 165.4501 
  0.9849054 167.1087 
  0.9862769 168.784 
  0.9867041 170.476 
  0.9502653 172.185 
  0.648515 173.9112 
  -0.03468557 176.533 
  -0.04130293 179.1942 
  -0.1963282 180.9906 
  -0.02129514 182.8051 
  0.1321094 184.6377 
  0.1757004 186.4887 
  0.08121002 188.3582 
  0.1616847 190.2465 
  0.1275285 192.1537 
  0.1069327 194.0801 
  0.05092503 196.0257 
  0.04526525 197.9909 
  0.1145424 199.9758 
  0.5325664 199.9758 
  0.7993374 204.0054 
  0.9113345 206.0505 
  0.9819736 208.1162 
  0.9906847 210.2025 
  0.9833813 212.3098 
  0.9746536 215.5104 
  0.9772711 218.7592 
  0.9893604 220.9523 
  0.9890305 220.9523 
  0.8732021 216.5879 
  0.7538136 209.1568 
  0.5208052 200.9756 
  0.1834345 195.0505 
  0.2499511 192.1537 
  0.8952113 195.0505 
  0.04306971 201.9805 
  0.449981 209.1568 
  0.4370134 209.1568 
  0.7128986 211.2535 
  0.1862935 215.5104 
  0.1414022 213.3714 
  0.4459258 194.0801 
  0.7848876 194.0801 
  0.994316 197.0059 
  0.9912147 195.0505 
  0.9867835 193.1145 
  0.9932402 191.1978 
  0.9964021 190.2465 
  0.9965038 189.3 
  0.9867523 188.3582 
  0.9484915 186.4887 
  0.8972986 183.7191 
  0.3196682 180.9906 
  0.3370098 180.0902 
  0.5554694 179.1942 
  0.6122379 178.3027 
  0.5087287 177.4156 
  0.7945887 177.4156 
  0.9333037 176.533 
  0.9859133 175.6547 
  0.9950159 175.6547 
  0.9943965 174.7808 
  0.9650986 173.9112 
  0.9733951 171.3284 
  0.9847562 170.476 
  0.9954404 170.476 
  0.9841204 169.6279 
  0.967118 167.9442 
  0.9635898 165.4501 
  0.8464042 166.2773 
  0.7390585 169.6279 
  0.7682211 177.4156 
  0.8905779 179.1942 
  0.9392083 180.0902 
  0.9814541 181.8956 
  0.9871648 183.7191 
  0.9923614 183.7191 
  0.9843549 185.5609 
  0.9777806 187.4211 
  0.9904774 189.3 
  0.9932092 189.3 
  0.9921283 189.3 
  0.9897785 189.3 
  0.989473 189.3 
  0.9918296 189.3 
  0.9915909 189.3 
  0.9896306 187.4211 
  0.9002732 186.4887 
  0.7710079 185.5609 
  -0.02401378 182.8051 
  0.3742362 180.0902 
  0.5187621 174.7808 
  0.8332894 174.7808 
  0.9722601 173.9112 
  0.9646323 172.185 
  0.9769832 169.6279 
  0.9734459 167.1087 
  0.9691528 165.4501 
  0.9502101 162.9929 
  0.8971529 162.182 
  0.7795568 162.9929 
  0.644712 163.8079 
  0.5359923 164.6269 
  -0.04923758 165.4501 
  0.05595608 166.2773 
  0.04905945 167.1087 
  -0.1728446 167.9442 
  -0.04845681 168.784 
  0.5086258 168.784 
  0.76897 168.784 
  0.9279401 169.6279 
  0.9039581 167.9442 
  0.9421004 163.8079 
  0.9098806 161.3751 
  0.7289798 161.3751 
  0.3453423 162.9929 
  -0.01320708 155.063 
  0.01520072 149.7427 
  0.07908832 146.7849 
  0.02132266 148.2564 
  0.1653131 155.8383 
  0.5142202 163.8079 
  0.8024272 167.9442 
  0.91115 169.6279 
  0.978626 173.046 
  0.9917181 173.9112 
  0.9958068 173.9112 
  0.9971632 173.9112 
  0.9977488 173.046 
  0.9963877 172.185 
  0.991029 171.3284 
  0.9838887 170.476 
  0.9861673 169.6279 
  0.9846039 169.6279 
  0.9816705 169.6279 
  0.9550992 171.3284 
  0.9376127 173.9112 
  0.9412477 178.3027 
  0.9213471 182.8051 
  0.9598343 185.5609 
  0.9853131 185.5609 
  0.9861851 186.4887 
  0.9803604 188.3582 
  0.9828193 190.2465 
  0.9860976 191.1978 
  0.9845281 193.1145 
  0.9490232 194.0801 
  0.8993921 195.0505 
  0.8205212 195.0505 
  0.9730444 195.0505 
  0.9828296 194.0801 
  0.9668252 192.1537 
  0.9419886 189.3 
  0.216998 186.4887 
  0.4576419 183.7191 
  0.7834373 180.9906 
  0.9183379 180.0902 
  0.9712241 178.3027 
  0.9766596 176.533 
  0.9853415 173.9112 
  0.9876231 172.185 
  0.9894052 170.476 
  0.9627575 168.784 
  0.9199541 167.1087 
  0.5786692 165.4501 
  0.8909324 164.6269 
  0.8652593 163.8079 
  0.8911829 163.8079 
  0.8665552 163.8079 
  0.8149809 164.6269 
  0.7740192 165.4501 
  0.8055203 166.2773 
  0.8071627 167.1087 
  0.9219077 167.9442 
  0.9333351 170.476 
  0.9296051 172.185 
  0.9446874 171.3284 
  0.9736831 169.6279 
  0.9853925 168.784 
  0.9880471 167.9442 
  0.9963318 167.9442 
  0.9937261 167.1087 
  0.9917432 166.2773 
  0.9951755 166.2773 
  0.9937716 165.4501 
  0.9906874 165.4501 
  0.9924925 164.6269 
  0.9885268 164.6269 
  0.9813615 163.8079 
  0.9721802 163.8079 
  0.8880578 163.8079 
  0.7636087 162.9929 
  0.469327 165.4501 
  0.193683 167.9442 
  0.6508098 170.476 
  0.7458234 173.046 
  0.7184836 168.784 
  0.8257734 166.2773 
  0.9398142 163.8079 
  0.9806228 161.3751 
  0.9785583 160.5723 
  0.9924562 159.7734 
  0.9933777 159.7734 
  0.9893612 159.7734 
  0.9365389 159.7734 
  0.8662331 160.5723 
  -0.03436868 163.8079 
  0.5514881 167.9442 
  0.6679966 172.185 
  0.6576039 176.533 
  0.6492003 180.9906 
  0.3313735 184.6377 
  0.1173342 187.4211 
  0.3521454 184.6377 
  0.5618974 182.8051 
  0.8543305 185.5609 
  0.9641255 192.1537 
  0.9850751 195.0505 
  0.9952404 196.0257 
  0.9761137 196.0257 
  0.9102939 194.0801 
  0.7327229 192.1537 
  0.1357526 190.2465 
  0.02834548 188.3582 
  -0.09071162 186.4887 
  0.01686957 183.7191 
  0.2997811 180.9906 
  0.8602121 178.3027 
  0.9445823 175.6547 
  0.9839198 173.9112 
  0.9629523 173.046 
  0.9129314 172.185 
  0.7567577 172.185 
  0.554476 173.046 
  0.3434816 174.7808 
  0.1994607 176.533 
  -0.008513998 178.3027 
  -0.0296053 180.0902 
  0.03815702 181.8956 
  0.01507508 183.7191 
  0.03293879 184.6377 
  -0.04196487 186.4887 
  -0.1633924 188.3582 
  0.2484619 190.2465 
  0.5899697 192.1537 
  0.8326011 192.1537 
  0.9339374 192.1537 
  0.985241 191.1978 
  0.9913809 191.1978 
  0.9899498 190.2465 
  0.9888502 189.3 
  0.9862387 188.3582 
  0.9713103 186.4887 
  0.9666813 183.7191 
  0.9816598 181.8956 
  0.9672751 180.0902 
  0.9583743 177.4156 
  0.9619143 174.7808 
  0.9489107 172.185 
  0.9376519 169.6279 
  0.9504603 166.2773 
  0.9555358 162.9929 
  0.97904 160.5723 
  0.9903151 159.7734 
  0.9821739 158.9785 
  0.9688877 158.1876 
  0.9841054 155.8383 
  0.9889221 155.063 
  0.9590247 154.2915 
  0.9413723 152.7601 
  0.8667293 152.0001 
  0.6964153 152.7601 
  0.6326709 152.7601 
  0.4828838 152.7601 
  0.1236738 152.7601 
  0.03188433 152.7601 
  -0.0473198 152.7601 
  0.04621456 152.7601 
  0.2195275 152.7601 
  0.2767068 152.7601 
  0.1338157 152.7601 
  -0.05475896 152.0001 
  -0.008013834 151.2439 
  0.2051629 150.4914 
  0.09345195 149.7427 
  -0.08223921 148.9977 
  0.08118182 148.2564 
  0.1350958 148.2564 
  0.2127656 148.2564 
  -0.2249523 148.2564 
  -0.3053652 148.2564 
  -0.09771918 148.2564 
  -0.1088084 148.2564 
  -0.00744991 148.2564 
  0.1779845 148.2564 
  0.199256 148.2564 
  0.1111708 148.2564 
  -0.08746161 148.2564 
  0.008881752 148.2564 
  -0.1271816 148.2564 
  -0.1299207 148.2564 
  0.05203507 148.2564 
  -0.1371808 148.2564 ]
