 [
  -0.1310481 205.0254 
  -0.05484845 205.0254 
  -0.0354912 205.0254 
  0.2017266 205.0254 
  -0.05935198 205.0254 
  -0.09074567 205.0254 
  0.1654861 205.0254 
  0.3113654 205.0254 
  -0.09920333 205.0254 
  0.266372 205.0254 
  0.8634474 205.0254 
  0.9077203 205.0254 
  0.9517369 205.0254 
  0.9966773 204.0054 
  0.9981414 202.9904 
  0.9954407 202.9904 
  0.9897129 202.9904 
  0.8790107 204.0054 
  0.7276303 207.0808 
  0.8730464 211.2535 
  0.9570494 212.3098 
  0.9946884 213.3714 
  0.9959219 214.4382 
  0.9935448 214.4382 
  0.9948997 213.3714 
  0.9964004 213.3714 
  0.9941379 213.3714 
  0.9756086 214.4382 
  0.942457 218.7592 
  0.9479312 224.2832 
  0.944612 227.6642 
  0.925183 231.0963 
  0.5005572 229.9466 
  0.01201002 231.0963 
  0.3318442 232.2518 
  0.01783707 233.4131 
  -0.07257953 234.5801 
  0.007194815 235.753 
  0.02736751 235.753 
  -0.02627128 235.753 
  0.002628393 235.753 
  0.1528466 235.753 
  0.2355355 235.753 
  0.07904887 234.5801 
  -0.06728522 234.5801 
  -0.008920994 234.5801 
  0.1423306 235.753 
  0.003896832 236.9318 
  0.08924568 238.1164 
  0.0636761 239.307 
  0.02045001 240.5036 
  -0.05321288 241.7061 
  0.006237039 242.9146 
  0.1735437 242.9146 
  0.142507 244.1292 
  0.8095546 244.1292 
  0.9292868 245.3498 
  0.959613 245.3498 
  0.9956229 245.3498 
  0.9949051 244.1292 
  0.9933856 241.7061 
  0.9904441 238.1164 
  0.9828639 232.2518 
  0.9867094 227.6642 
  0.997494 225.4046 
  0.998254 225.4046 
  0.9915316 224.2832 
  0.963392 219.853 
  0.956762 214.4382 
  0.9794995 208.1162 
  0.9686478 205.0254 
  0.9818245 201.9805 
  0.9742506 198.9809 
  0.9191538 197.9909 
  0.8203845 197.0059 
  0.2547325 197.0059 
  0.4970603 197.0059 
  0.4670431 197.0059 
  0.4929578 197.9909 
  -0.4286306 198.9809 
  -0.224783 199.9758 
  0.2536295 200.9756 
  0.8258159 200.9756 
  0.9239748 201.9805 
  0.9912298 202.9904 
  0.9924477 204.0054 
  0.990657 206.0505 
  0.9948091 207.0808 
  0.9706035 204.0054 
  0.964459 199.9758 
  0.9861833 197.9909 
  0.9921833 197.0059 
  0.9805197 195.0505 
  0.9778773 193.1145 
  0.992213 192.1537 
  0.9943888 192.1537 
  0.9888617 192.1537 
  0.9913971 193.1145 
  0.9829745 195.0505 
  0.9698821 197.0059 
  0.9809837 199.9758 
  0.9675213 200.9756 
  0.9172983 199.9758 
  0.6618536 199.9758 
  0.4897033 200.9756 
  0.1992487 202.9904 
  -0.009019354 205.0254 
  -0.06396586 207.0808 
  -0.07545465 208.1162 
  -0.0556884 209.1568 
  0.04034469 210.2025 
  0.02179584 211.2535 
  -0.0296835 212.3098 
  -0.2382161 213.3714 
  0.1035381 214.4382 
  0.0560952 215.5104 
  0.06767103 216.5879 
  -0.01157646 217.6709 
  0.0212196 218.7592 
  -0.04075621 219.853 
  0.01869565 220.9523 
  0.7822034 223.1673 
  0.8643823 219.853 
  0.9457111 216.5879 
  0.9661434 212.3098 
  0.9557369 208.1162 
  0.9268105 204.0054 
  0.9507126 200.9756 
  0.9834076 198.9809 
  0.9739926 197.9909 
  0.92812 197.9909 
  0.854032 197.9909 
  0.617227 197.9909 
  0.044511 197.9909 
  -0.1574664 198.9809 
  0.01808446 199.9758 
  -0.1046409 200.9756 
  -0.1381542 201.9805 
  0.05890837 202.9904 
  0.1842167 204.0054 
  0.2903205 205.0254 
  0.2828979 206.0505 
  0.00630548 207.0808 
  0.01656133 208.1162 
  0.2327997 209.1568 
  0.7998649 206.0505 
  0.8502773 201.9805 
  0.9262471 197.0059 
  0.9026814 191.1978 
  0.8692848 185.5609 
  0.9432606 180.9906 
  0.970149 178.3027 
  0.9866233 176.533 
  0.9918238 175.6547 
  0.994397 174.7808 
  0.9957042 174.7808 
  0.9969454 174.7808 
  0.9859597 174.7808 
  0.9780264 175.6547 
  0.9791059 178.3027 
  0.9651177 180.0902 
  0.9633507 180.9906 
  0.9479113 181.8956 
  0.8030495 181.8956 
  0.4850349 182.8051 
  0.03107135 183.7191 
  0.1009031 185.5609 
  0.1287139 187.4211 
  0.2424307 188.3582 
  -0.05396952 189.3 
  -0.06378894 189.3 
  0.01781584 190.2465 
  0.04803421 190.2465 
  0.07918055 190.2465 
  -0.02621854 190.2465 
  0.05570822 190.2465 
  0.01189239 191.1978 
  -0.00099622 192.1537 
  -0.1658603 193.1145 
  -0.1504163 194.0801 
  0.4239122 195.0505 
  0.5285878 196.0257 
  0.7549648 195.0505 
  0.9552269 192.1537 
  0.9458391 188.3582 
  0.9590375 183.7191 
  0.9651049 180.9906 
  0.9513881 179.1942 
  0.9739946 177.4156 
  0.9792814 176.533 
  0.9678743 175.6547 
  0.9719826 173.9112 
  0.9925483 173.046 
  0.9960412 173.046 
  0.996101 173.046 
  0.9891325 173.9112 
  0.9894044 173.9112 
  0.9876302 174.7808 
  0.9917281 174.7808 
  0.9932976 175.6547 
  0.9849045 176.533 
  0.9865871 177.4156 
  0.9820049 178.3027 
  0.9764512 180.0902 
  0.9638621 182.8051 
  0.9658102 186.4887 
  0.9805477 187.4211 
  0.9450886 187.4211 
  0.8428676 186.4887 
  0.5550871 186.4887 
  0.3353284 186.4887 
  0.2479305 187.4211 
  0.1726021 188.3582 
  0.1789583 188.3582 
  0.14732 188.3582 
  -0.01446716 188.3582 
  -0.1477823 188.3582 
  -0.1549733 188.3582 
  -0.08280326 188.3582 
  -0.1652845 188.3582 
  -0.1358876 188.3582 
  -0.05717612 188.3582 
  -0.08151924 188.3582 
  0.1216864 188.3582 
  0.1418863 189.3 
  0.08435015 190.2465 
  0.1889156 190.2465 
  0.567572 190.2465 
  0.6086503 197.0059 
  0.8254588 194.0801 
  0.8444775 188.3582 
  0.8918018 182.8051 
  0.9357363 178.3027 
  0.9704614 174.7808 
  0.9800855 173.046 
  0.9758406 171.3284 
  0.97752 169.6279 
  0.9883105 167.1087 
  0.984161 166.2773 
  0.9873376 164.6269 
  0.9913538 162.9929 
  0.9776225 161.3751 
  0.9812092 160.5723 
  0.9839 158.1876 
  0.9686415 156.6175 
  0.9747252 154.2915 
  0.9745051 152.7601 
  0.9692262 150.4914 
  0.9784636 148.9977 
  0.9803648 146.7849 
  0.9850953 146.0546 
  0.9928365 145.328 
  0.990414 145.328 
  0.9950711 146.0546 
  0.9921757 146.0546 
  0.984569 146.0546 
  0.9824954 146.0546 
  0.9864058 146.0546 
  0.9924349 146.7849 
  0.982191 146.0546 
  0.9608104 146.0546 
  0.519813 146.0546 
  0.1442762 146.0546 
  0.04729794 146.0546 
  -0.08021764 146.0546 
  -0.1304027 146.0546 
  -0.03945948 146.0546 
  0.01495409 146.0546 
  -0.2518176 146.0546 
  -0.3230165 146.0546 
  -0.1183043 146.0546 
  0.04801924 146.0546 
  0.1989157 146.0546 
  0.09572305 146.0546 
  -0.09759734 146.0546 
  -0.1275567 146.0546 
  -0.2744614 146.0546 
  -0.2187126 146.0546 
  0.1347104 146.0546 
  0.2823207 146.0546 
  0.05281457 146.0546 
  -0.03650892 146.0546 
  -0.06425908 146.0546 
  -0.07450156 146.0546 
  -0.04525277 146.0546 
  0.1252301 146.0546 
  -0.03803398 146.0546 ]
