 [
  -0.05062195 114.9594 
  0.08098801 114.9594 
  0.2606966 114.9594 
  -0.05854828 114.9594 
  0.3014648 114.9594 
  0.1564606 114.9594 
  -0.1394117 114.9594 
  0.3015137 114.9594 
  0.466833 114.9594 
  -0.2556745 114.9594 
  -0.4675502 114.9594 
  -0.004044503 114.9594 
  0.2749129 114.9594 
  0.6701267 118.4515 
  0.8727936 120.2372 
  0.9581741 122.0498 
  0.951419 123.2734 
  0.9456013 124.5092 
  0.8985552 127.0181 
  0.8587708 130.2255 
  0.8951774 133.5138 
  0.8595299 137.5696 
  0.9261225 140.3417 
  0.9186919 140.3417 
  0.8895605 141.0434 
  0.6969802 138.9488 
  0.5219858 141.0434 
  -0.03051141 135.5266 
  -0.07176995 130.2255 
  0.1845733 128.9329 
  0.4259298 130.2255 
  0.7758752 132.1886 
  0.9669687 134.1814 
  0.98789 135.5266 
  0.9864773 137.5696 
  0.9274912 140.3417 
  0.3837277 144.605 
  0.6410882 136.8852 
  0.5224209 131.531 
  0.7241918 128.9329 
  0.9418656 127.6532 
  0.9118887 125.7574 
  0.7622123 123.8897 
  0.7364219 123.8897 
  0.8500147 125.1317 
  0.9837908 125.1317 
  0.9786431 125.1317 
  0.9747337 125.1317 
  0.9561231 125.1317 
  0.9328394 124.5092 
  0.8733306 123.2734 
  0.8583074 121.4426 
  0.8299028 120.2372 
  0.1337397 118.4515 
  -0.09983958 116.1118 
  0.05190057 114.3874 
  0.0979413 112.6886 
  0.09220517 111.0151 
  -0.03476352 109.3664 
  0.04429332 107.2061 
  -0.006288251 105.614 
  0.02297381 103.5278 
  0.2201619 101.4829 
  0.1844366 100.4756 
  -0.01259587 99.97575 
  0.3714731 99.97575 
  0.5821316 105.0885 
  0.611876 108.2809 
  0.346046 109.9132 
  0.3159922 98.491 
  0.07429875 100.4756 
  0.4439413 103.0128 
  0.05038476 104.5657 
  0.5858245 104.0455 
  0.5159425 104.5657 
  0.1317934 106.6728 
  0.5956081 109.3664 
  0.2914763 115.5342 
  0.6280503 122.6601 
  0.9743331 124.5092 
  0.9898101 124.5092 
  0.9935935 123.8897 
  0.999487 123.2734 
  1.000197 123.2734 
  0.9998434 123.2734 
  0.9996715 122.6601 
  1.000212 122.6601 
  1.00012 123.2734 
  0.9968641 122.6601 
  0.9714808 121.4426 
  0.9143329 119.639 
  0.8795663 116.6924 
  0.9286911 113.8184 
  0.7995838 113.2521 
  0.3338812 113.2521 
  0.09072593 113.2521 
  0.04424141 113.2521 
  0.0617229 113.2521 
  0.04676364 113.2521 
  0.4449692 113.8184 
  0.04754 114.3874 
  -0.07718838 114.9594 
  0.03981473 115.5342 
  -0.06637859 116.1118 
  0.1330369 116.6924 
  0.2150962 117.2759 
  0.4382612 121.4426 
  0.5240398 106.142 
  0.8978633 106.142 
  0.6252252 105.614 
  0.682094 101.9903 
  0.9624152 100.978 
  0.9752126 101.4829 
  0.9730493 101.4829 
  0.9727626 101.4829 
  0.9843715 101.4829 
  0.9776759 101.4829 
  0.8950609 101.4829 
  0.776534 101.4829 
  0.7349095 100.978 
  0.5930331 99.97575 
  -0.3057315 100.4756 
  0.1520607 101.4829 
  0.1573649 102.5003 
  -0.05617221 103.5278 
  -0.1788934 104.5657 
  0.3095769 105.614 
  0.2592435 106.6728 
  0.02283282 108.8223 
  0.04597526 112.128 
  0.2748724 115.5342 
  0.3032645 118.4515 
  0.6319337 122.0498 
  0.6026338 119.639 
  0.6994674 117.8622 
  0.817652 114.3874 
  0.8615965 112.6886 
  0.8817061 111.0151 
  0.9204012 109.9132 
  0.816853 108.8223 
  0.8580353 106.6728 
  0.8821929 106.142 
  0.9562528 105.614 
  0.8425794 105.0885 
  0.8296648 104.0455 
  0.9068505 103.0128 
  0.9154947 103.0128 
  0.9544089 102.5003 
  0.9445171 102.5003 
  0.9668685 101.4829 
  0.9562927 100.978 
  0.9635725 101.4829 
  0.9778297 101.9903 
  0.9642572 102.5003 
  0.9697731 103.5278 
  0.9116334 105.0885 
  0.9353048 106.142 
  0.8931147 106.6728 
  0.8660463 107.7421 
  0.870268 108.8223 
  0.8432621 111.5702 
  0.8397939 113.2521 
  0.9462119 114.9594 
  0.9698247 115.5342 
  0.9519994 116.6924 
  0.9387046 117.2759 
  0.8629687 116.6924 
  0.7667974 116.1118 
  0.6656123 116.1118 
  0.4302416 116.6924 
  0.2562285 117.2759 
  0.1313182 117.8622 
  -0.01581722 118.4515 
  0.2017771 119.0438 
  0.1598501 119.639 
  0.06291851 120.2372 
  0.02541518 118.4515 
  0.4354899 113.8184 
  0.7662382 113.2521 
  0.8860297 113.8184 
  0.9555781 113.8184 
  0.7215363 113.2521 
  0.3585031 110.4628 
  0.489925 106.142 
  0.7691942 104.5657 
  0.6235904 104.0455 
  0.3466811 104.0455 
  0.4260541 104.5657 
  0.7127042 105.0885 
  0.9706382 105.0885 
  0.9670544 105.614 
  0.8727344 106.142 
  0.7292433 107.2061 
  0.001387277 108.8223 
  -0.2078746 111.0151 
  0.3210272 112.6886 
  0.7008609 112.128 
  0.8703996 109.9132 
  0.9583334 108.2809 
  0.9763905 107.7421 
  0.9881872 106.6728 
  0.8884431 107.2061 
  0.8048178 109.9132 
  0.9135898 111.0151 
  0.9501808 110.4628 
  0.9727267 109.3664 
  0.9813092 108.2809 
  0.99065 107.2061 
  0.9861957 106.6728 
  0.9934469 105.614 
  0.9651779 105.0885 
  0.9583985 103.5278 
  0.9415287 101.9903 
  0.9038168 100.978 
  0.8750766 99.47836 
  0.8014026 98.491 
  0.6774864 98.00098 
  0.2861587 97.02828 
  0.2732672 106.142 
  0.2854384 107.7421 
  0.3760892 100.4756 
  0.4484493 102.5003 
  0.4442217 103.0128 
  0.05883505 102.5003 
  -0.08372214 101.4829 
  -0.001444889 100.978 
  0.01795135 100.4756 
  0.02274245 100.4756 
  0.02742722 100.4756 
  0.06402045 100.4756 
  0.05802221 100.978 
  -0.04078892 101.4829 
  0.0889781 101.9903 
  0.09159826 102.5003 
  0.1737633 102.5003 
  -0.04547098 102.5003 
  -0.09917525 102.5003 
  -0.07304037 102.5003 
  -0.2666133 102.5003 
  -0.1366124 102.5003 
  0.1276015 102.5003 
  0.1450644 102.5003 
  -0.1778727 102.5003 ]
