 [
  -0.1380425 205.0254 
  -0.003987691 205.0254 
  -0.08271049 205.0254 
  -0.1338908 205.0254 
  -0.1184971 205.0254 
  0.06386286 205.0254 
  0.04217073 205.0254 
  0.2755689 205.0254 
  0.3343538 205.0254 
  0.004079582 205.0254 
  -0.2870234 205.0254 
  0.05081324 205.0254 
  -0.1166224 205.0254 
  0.6728973 201.9805 
  0.8490975 201.9805 
  0.9675223 202.9904 
  0.983798 201.9805 
  0.9694347 199.9758 
  0.9638039 197.9909 
  0.9469646 195.0505 
  0.9046298 192.1537 
  0.5155133 195.0505 
  0.3423608 199.9758 
  0.2344976 205.0254 
  0.1034713 210.2025 
  0.4028754 216.5879 
  0.1964449 222.057 
  0.04310314 227.6642 
  0.5605109 233.4131 
  0.4098002 239.307 
  0.1549852 244.1292 
  -0.05045703 250.2938 
  0.003378697 252.8029 
  -0.3490487 251.5452 
  0.3537705 246.5766 
  0.8904543 242.9146 
  0.9598721 241.7061 
  0.9632352 238.1164 
  0.953769 233.4131 
  0.9732049 229.9466 
  0.9870153 228.8026 
  0.9933714 227.6642 
  0.992844 226.5316 
  0.9935437 227.6642 
  0.9918116 227.6642 
  0.982034 229.9466 
  0.9736559 233.4131 
  0.9781297 236.9318 
  0.9792625 240.5036 
  0.9850716 242.9146 
  0.9757152 244.1292 
  0.9455228 241.7061 
  0.7817498 239.307 
  -0.01396137 239.307 
  -0.0744471 238.1164 
  -0.2692283 236.9318 
  -0.007904524 235.753 
  0.09637228 234.5801 
  0.1161657 233.4131 
  -0.1205676 232.2518 
  -0.1068837 231.0963 
  0.1448847 229.9466 
  0.2627149 228.8026 
  0.5883038 228.8026 
  0.7306767 226.5316 
  0.9889325 224.2832 
  0.9914268 222.057 
  0.9904619 222.057 
  0.9926544 222.057 
  0.993011 222.057 
  0.9914182 222.057 
  0.9908947 220.9523 
  0.9861203 220.9523 
  0.9643923 220.9523 
  0.9274669 220.9523 
  0.7416446 220.9523 
  0.1928925 220.9523 
  0.3004957 220.9523 
  0.2992835 220.9523 
  0.3095118 220.9523 
  -0.04420221 220.9523 
  -0.02328284 220.9523 
  -0.1279111 220.9523 
  0.04558518 222.057 
  0.005477549 222.057 
  0.07760192 223.1673 
  0.5635914 224.2832 
  0.7463744 216.5879 
  0.8505045 212.3098 
  0.8967502 208.1162 
  0.9400272 202.9904 
  0.9908198 198.9809 
  0.9945045 198.9809 
  0.9912764 198.9809 
  0.9874872 198.9809 
  0.9748201 197.9909 
  0.9374979 197.9909 
  0.8746135 197.9909 
  0.9081672 200.9756 
  0.9803313 204.0054 
  0.9477147 206.0505 
  0.8085926 209.1568 
  0.6381602 212.3098 
  -0.1525276 215.5104 
  -0.206974 218.7592 
  -0.2123945 220.9523 
  -0.07844808 223.1673 
  0.194143 225.4046 
  0.1763538 226.5316 
  0.2197902 228.8026 
  0.8026688 231.0963 
  0.7765282 220.9523 
  0.8431289 216.5879 
  0.97269 210.2025 
  0.98051 206.0505 
  0.979543 201.9805 
  0.9735045 197.9909 
  0.9847955 195.0505 
  0.995669 193.1145 
  0.9957053 193.1145 
  0.9792784 193.1145 
  0.9455127 193.1145 
  0.8838851 192.1537 
  0.4358006 193.1145 
  0.1437858 194.0801 
  0.1914095 195.0505 
  0.1147861 196.0257 
  0.1273048 197.0059 
  -0.1364009 197.9909 
  -0.06425519 198.9809 
  0.03292714 199.9758 
  0.02815231 200.9756 
  0.2093662 201.9805 
  -0.1191605 202.9904 
  -0.09324658 204.0054 
  -0.1715703 206.0505 
  0.6172369 206.0505 
  0.7599269 206.0505 
  0.9777658 206.0505 
  0.9830287 202.9904 
  0.9846109 199.9758 
  0.9950209 197.9909 
  0.9996129 197.9909 
  0.9985853 197.9909 
  0.9948426 197.9909 
  0.9931488 197.0059 
  0.992106 196.0257 
  0.9963918 196.0257 
  0.9960814 196.0257 
  0.9758971 196.0257 
  0.9195919 196.0257 
  0.797575 197.0059 
  0.4762262 198.9809 
  0.08308112 200.9756 
  0.2055679 202.9904 
  0.01882838 205.0254 
  0.09578495 207.0808 
  0.7095881 209.1568 
  0.7623975 196.0257 
  0.8416104 192.1537 
  0.9547122 188.3582 
  0.9863874 184.6377 
  0.9858958 182.8051 
  0.9974416 180.9906 
  0.9973195 181.8956 
  0.9980358 181.8956 
  0.9981084 181.8956 
  0.9935704 183.7191 
  0.9931277 184.6377 
  0.991662 184.6377 
  0.9865528 184.6377 
  0.9784977 183.7191 
  0.9601254 182.8051 
  0.8466332 183.7191 
  0.6682774 184.6377 
  0.4970471 185.5609 
  0.3236786 187.4211 
  0.5331203 189.3 
  0.8713908 191.1978 
  0.9382161 192.1537 
  0.961892 192.1537 
  0.9720901 190.2465 
  0.9647417 187.4211 
  0.9501619 183.7191 
  0.967317 180.0902 
  0.9909356 177.4156 
  0.997884 176.533 
  0.9983202 176.533 
  0.9983333 176.533 
  0.9962956 177.4156 
  0.9867858 179.1942 
  0.982169 181.8956 
  0.970804 185.5609 
  0.962508 189.3 
  0.9721903 191.1978 
  0.9674239 191.1978 
  0.9757482 189.3 
  0.9966544 188.3582 
  0.9966059 188.3582 
  0.9978219 188.3582 
  0.9978195 189.3 
  0.9941612 189.3 
  0.9922107 189.3 
  0.991853 189.3 
  0.9781461 187.4211 
  0.9629781 183.7191 
  0.9747736 180.9906 
  0.9491842 178.3027 
  0.8088784 175.6547 
  0.517921 170.476 
  0.1516048 175.6547 
  0.255646 178.3027 
  0.04666756 180.9906 
  0.2261765 183.7191 
  0.4126717 185.5609 
  0.4103377 188.3582 
  -0.02702241 190.2465 
  0.1251028 192.1537 
  0.3680775 195.0505 
  0.1027064 197.9909 
  0.146275 200.9756 
  -0.1365369 204.0054 
  -0.0128068 207.0808 
  0.01304093 210.2025 
  0.02232342 212.3098 
  0.1189532 214.4382 
  -0.01607016 217.6709 
  -0.03056202 220.9523 
  -0.09731759 223.1673 
  0.06225748 224.2832 
  0.1591608 225.4046 
  0.3468072 225.4046 
  0.6947023 202.9904 
  0.8346276 199.9758 
  0.9663066 198.9809 
  0.9711148 195.0505 
  0.9659518 190.2465 
  0.9092801 185.5609 
  0.6931258 180.0902 
  0.4558634 169.6279 
  0.4556652 167.1087 
  0.3447995 168.784 
  -0.08985732 167.9442 
  0.006128287 167.1087 
  0.05356738 166.2773 
  0.7448788 165.4501 
  0.8437506 164.6269 
  0.9684726 162.9929 
  0.8055331 161.3751 
  0.7205843 158.9785 
  0.8243573 156.6175 
  0.9686641 155.063 
  0.929424 153.5239 
  0.9486691 151.2439 
  0.733078 152.0001 
  0.4007115 155.063 
  0.3436783 157.4006 
  0.6992655 158.1876 
  -0.07370844 158.9785 
  -0.3355264 159.7734 
  -0.4010577 160.5723 
  -0.7499754 161.3751 
  -0.05456207 162.182 
  -0.004514949 162.9929 
  -0.02375343 163.8079 
  0.02762209 164.6269 
  -0.3416516 165.4501 
  0.1760965 166.2773 
  -0.2481526 167.1087 
  -0.2378065 167.9442 
  0.03829665 168.784 
  0.09431253 169.6279 
  0.3108279 170.476 
  0.2808334 171.3284 
  0.2340594 172.185 
  0.1833751 173.046 
  0.05898865 173.9112 
  -0.1898225 174.7808 
  -0.2553966 175.6547 
  -0.1464792 176.533 
  0.03644701 177.4156 
  0.06228767 178.3027 
  -0.2285175 179.1942 
  -0.2064151 180.0902 
  -0.156591 180.9906 
  -0.1067081 181.8956 
  -0.1724814 182.8051 
  -0.3200653 183.7191 
  0.07585625 184.6377 
  0.01639301 185.5609 
  0.0491436 186.4887 
  0.003031415 187.4211 
  0.2448344 188.3582 
  0.3915927 189.3 
  -0.1697546 190.2465 
  -0.1096731 191.1978 
  -0.02773237 192.1537 
  -0.02690768 193.1145 
  0.890169 196.0257 
  0.9417764 195.0505 
  0.9542998 193.1145 
  0.9236811 189.3 
  0.8926835 185.5609 
  0.8249002 181.8956 
  0.713585 172.185 
  0.9814572 172.185 
  0.9872166 170.476 
  0.9875689 169.6279 
  0.9823317 167.9442 
  0.9566526 166.2773 
  0.8616896 166.2773 
  -0.07392905 167.9442 
  -0.2485494 169.6279 
  -0.1898152 171.3284 
  -0.1491435 173.046 
  -0.08451468 174.7808 
  0.0551646 176.533 
  0.6504149 178.3027 
  0.02156738 180.0902 
  0.1466188 181.8956 
  0.1351282 183.7191 
  0.4781706 186.4887 
  0.8356274 189.3 
  0.9888209 190.2465 
  0.9968585 190.2465 
  0.996026 191.1978 
  0.9950548 191.1978 
  0.9947612 190.2465 
  0.9864447 188.3582 
  0.9235911 185.5609 
  0.8480759 181.8956 
  0.8742467 176.533 
  0.355285 171.3284 
  -0.4831095 171.3284 
  -0.2906604 170.476 
  -0.2247016 169.6279 
  0.01978409 168.784 
  -0.111217 167.9442 
  0.01150589 168.784 
  0.3168613 172.185 
  0.7314855 173.9112 
  0.9380652 173.9112 
  0.9791024 174.7808 
  0.9626279 173.9112 
  0.9296436 172.185 
  0.6785557 173.046 
  0.4179913 173.9112 
  0.5846191 175.6547 
  0.28079 177.4156 
  0.1502165 178.3027 
  0.01618313 180.0902 
  0.01015568 181.8956 
  0.07526591 183.7191 
  0.312047 185.5609 
  0.3037619 187.4211 
  0.3890195 189.3 
  0.7831799 188.3582 
  0.8008614 183.7191 
  0.8654605 180.0902 
  0.9328034 175.6547 
  0.9416527 173.9112 
  0.9323748 171.3284 
  0.9012369 168.784 
  0.9412237 166.2773 
  0.9553494 163.8079 
  0.9253294 162.182 
  0.978498 160.5723 
  0.9822421 159.7734 
  0.9793363 159.7734 
  0.9676587 159.7734 
  0.9314207 158.9785 
  0.9366257 158.1876 
  0.9390039 155.8383 
  0.9208678 155.063 
  0.6656023 156.6175 
  0.4430388 157.4006 
  0.1814347 158.1876 
  0.1601827 158.9785 
  0.1420626 160.5723 
  0.2290484 162.182 
  0.2683299 163.8079 
  0.2783076 165.4501 
  0.1550427 167.1087 
  0.1283012 168.784 
  0.1282698 169.6279 
  0.1119933 169.6279 
  0.1429884 169.6279 
  0.3451823 169.6279 
  0.6942632 169.6279 
  0.4566806 169.6279 
  0.03424718 169.6279 
  0.114336 169.6279 
  0.02654207 169.6279 
  -0.0229561 169.6279 
  -0.07880172 169.6279 
  -0.2657751 169.6279 
  -0.3564897 169.6279 
  -0.3026668 169.6279 
  -0.1293961 169.6279 
  -0.1829511 169.6279 
  -0.06877859 169.6279 
  -0.109557 169.6279 
  -0.09747906 169.6279 
  -0.167747 169.6279 
  -0.07620241 169.6279 
  -0.03628074 169.6279 ]
