 [
  -0.296996 136.8852 
  -0.0847844 136.8852 
  0.1525603 136.8852 
  0.3101608 136.8852 
  0.1729259 136.8852 
  -0.06012683 136.8852 
  -0.1534206 136.8852 
  -0.2314272 136.8852 
  -0.1910207 136.8852 
  -0.2259509 136.8852 
  0.1819538 136.8852 
  0.06442976 136.8852 
  0.03990512 136.8852 
  -0.1147483 136.8852 
  -0.1877693 136.8852 
  0.3420167 136.8852 
  0.5626443 140.3417 
  0.7844957 141.7487 
  0.8701144 139.6435 
  0.7618374 137.5696 
  0.4538649 134.8523 
  0.192898 133.5138 
  0.2785953 132.8496 
  0.2784661 132.8496 
  0.1768064 133.5138 
  0.1693349 134.1814 
  -0.08581861 136.2042 
  -0.0278007 138.9488 
  0.115564 141.7487 
  0.01540896 144.605 
  0.01227586 146.7849 
  0.0827755 148.9977 
  0.1187946 150.4914 
  0.3842996 152.0001 
  0.6345247 158.1876 
  0.7790245 159.7734 
  0.8943585 161.3751 
  0.9732321 163.8079 
  0.9424638 164.6269 
  0.9092376 162.9929 
  0.7880318 162.182 
  0.5752057 164.6269 
  0.3759931 167.1087 
  -0.1181583 169.6279 
  -0.10776 172.185 
  -0.1274079 174.7808 
  -0.07760888 177.4156 
  0.1132399 180.0902 
  0.01735134 182.8051 
  0.04562621 184.6377 
  -0.1870054 186.4887 
  -0.2496108 188.3582 
  -0.1114304 190.2465 
  -0.022489 193.1145 
  0.03231191 196.0257 
  0.01593441 198.9809 
  0.6721166 200.9756 
  0.798696 201.9805 
  0.8892812 198.9809 
  0.910255 193.1145 
  0.9254697 185.5609 
  0.9439825 180.0902 
  0.9840189 177.4156 
  0.9837361 175.6547 
  0.9644243 176.533 
  0.9296659 175.6547 
  0.9142506 174.7808 
  0.9332492 174.7808 
  0.9505644 173.9112 
  0.9503093 172.185 
  0.961283 170.476 
  0.9736452 168.784 
  0.9755442 167.1087 
  0.9720501 166.2773 
  0.9769608 166.2773 
  0.9796056 165.4501 
  0.9790349 164.6269 
  0.9785589 162.182 
  0.9792883 160.5723 
  0.9737722 158.9785 
  0.9347177 157.4006 
  0.8255256 156.6175 
  0.6220751 155.8383 
  0.05664594 155.063 
  0.06956726 154.2915 
  0.06073178 154.2915 
  -0.1281255 154.2915 
  -0.2419381 154.2915 
  -0.2038757 154.2915 
  -0.2388524 153.5239 
  -0.1468645 153.5239 
  0.08030576 153.5239 
  0.2123075 153.5239 
  0.1061971 153.5239 
  0.1283781 152.7601 
  0.08137497 152.0001 
  0.0839872 151.2439 
  -0.4493478 150.4914 
  0.3343475 149.7427 
  0.3265738 152.0001 
  0.7458627 156.6175 
  0.8486824 158.9785 
  0.9800339 159.7734 
  0.989323 158.9785 
  0.9954605 158.9785 
  0.9937485 158.1876 
  0.9877174 158.1876 
  0.9903521 157.4006 
  0.9889295 156.6175 
  0.9905872 155.063 
  0.9857166 153.5239 
  0.9770027 152.7601 
  0.9747713 151.2439 
  0.9741018 150.4914 
  0.9870602 149.7427 
  0.9935676 148.9977 
  0.9956936 147.5188 
  0.9906132 146.0546 
  0.9708741 143.8855 
  0.9317681 142.4574 
  0.8116177 141.0434 
  0.5691402 140.3417 
  0.591797 139.6435 
  0.3386847 139.6435 
  0.2895778 139.6435 
  -0.02663223 139.6435 
  0.5067837 140.3417 
  0.7669277 138.2575 
  0.8922722 138.2575 
  0.9682958 139.6435 
  0.9941647 140.3417 
  0.9539136 139.6435 
  0.9738017 138.9488 
  0.9870101 138.9488 
  0.9691407 138.2575 
  0.9684176 137.5696 
  0.9674072 136.8852 
  0.9655651 137.5696 
  0.9626686 138.2575 
  0.9552259 138.2575 
  0.9169003 138.2575 
  0.8759142 138.2575 
  0.9038978 138.9488 
  0.9138561 138.9488 
  0.942408 140.3417 
  0.9573702 141.0434 
  0.972249 141.7487 
  0.9630398 143.1697 
  0.9489573 143.1697 
  0.888158 141.7487 
  0.794138 140.3417 
  0.5140399 136.8852 
  0.3637666 136.8852 
  0.2812083 136.8852 
  0.01534804 136.8852 
  -0.009628084 136.8852 
  -0.09195119 136.8852 
  0.135627 136.8852 
  0.1854517 136.8852 
  0.1238372 136.8852 
  0.08323804 136.8852 
  -0.1091999 137.5696 
  -0.01754441 138.2575 
  0.08174774 138.9488 
  0.0816378 139.6435 
  0.08767386 140.3417 
  0.03450452 141.0434 
  0.07864342 141.0434 
  0.004913558 141.0434 
  0.6574587 138.9488 
  0.7926205 140.3417 
  0.8995149 140.3417 
  0.8502232 137.5696 
  0.8580226 134.8523 
  0.9884486 132.8496 
  0.99032 131.531 
  0.9628265 130.2255 
  0.8775401 130.2255 
  0.7479348 131.531 
  0.4685501 132.8496 
  0.3429695 134.8523 
  0.218225 136.2042 
  0.05140125 138.2575 
  0.1851559 140.3417 
  0.08788127 142.4574 
  0.2227427 144.605 
  0.23005 146.0546 
  0.2716527 147.5188 
  0.1196803 148.9977 
  0.05653599 150.4914 
  0.5989679 151.2439 
  0.6235731 135.5266 
  0.8776135 134.1814 
  0.9079704 132.8496 
  0.8744908 133.5138 
  0.9415246 134.8523 
  0.9868191 134.1814 
  0.9893736 134.1814 
  0.9810519 134.8523 
  0.9742382 136.2042 
  0.9591788 137.5696 
  0.7879441 140.3417 
  0.8528122 140.3417 
  0.8894168 140.3417 
  0.9758604 139.6435 
  0.9896883 139.6435 
  0.9926137 140.3417 
  0.9910578 141.0434 
  0.9924146 141.7487 
  0.9726693 141.7487 
  0.8695368 141.7487 
  0.6713403 141.0434 
  0.7051619 146.0546 
  0.9057629 150.4914 
  0.9696847 151.2439 
  0.9740461 151.2439 
  0.9462773 149.7427 
  0.8987378 147.5188 
  0.8084519 144.605 
  0.3965852 143.1697 
  -0.1317838 143.1697 
  -0.1042827 143.1697 
  0.02374939 143.1697 
  -0.05890329 143.1697 
  -0.1161957 143.8855 
  0.08193894 144.605 
  0.0574346 145.328 
  0.07234707 148.9977 
  0.09782104 150.4914 
  0.4637631 152.0001 
  -0.1030832 156.6175 
  0.1447805 160.5723 
  0.625782 164.6269 
  0.3217405 152.7601 
  0.5934455 151.2439 
  0.933035 149.7427 
  0.9466146 147.5188 
  0.9871919 146.7849 
  0.9824238 146.7849 
  0.9619999 147.5188 
  0.8620387 147.5188 
  0.783981 146.7849 
  0.2485154 146.7849 
  0.2320263 146.7849 
  0.2965872 146.7849 
  -0.1674072 146.7849 
  0.02919564 146.7849 
  0.2187934 146.7849 
  0.1449569 146.7849 
  0.08466282 146.7849 
  -0.02750908 146.7849 
  -0.04024645 146.7849 
  0.1095039 146.7849 
  0.2040611 146.0546 
  0.2654245 145.328 
  0.04298617 144.605 
  0.05577049 145.328 
  0.1628266 146.0546 
  0.5723009 148.2564 
  0.7534634 146.0546 
  0.8558765 142.4574 
  0.8280011 138.9488 
  0.8508251 136.2042 
  0.9373896 133.5138 
  0.9296802 131.531 
  0.961547 130.2255 
  0.951464 128.9329 
  0.9527372 127.6532 
  0.9277111 126.3862 
  0.9438031 125.1317 
  0.8876839 122.6601 
  0.9197887 120.8384 
  0.9553391 119.639 
  0.9581031 118.4515 
  0.8605658 117.2759 
  0.8591694 114.9594 
  0.8890826 113.2521 
  0.8301679 111.5702 
  0.7485377 109.9132 
  0.7026862 107.7421 
  0.680214 105.0885 
  0.7115043 104.0455 
  0.7391663 102.5003 
  0.7920598 104.0455 
  0.6066931 105.614 
  0.04737985 107.2061 
  -0.273132 108.2809 
  -0.1785034 109.3664 
  -0.04353907 110.4628 
  0.6875301 111.5702 
  0.1731556 112.128 
  0.1916001 109.9132 
  0.1633683 106.6728 
  0.5860996 107.2061 
  0.04162194 107.7421 
  0.0203574 108.2809 
  0.1365834 108.2809 
  0.06084712 108.2809 
  0.06969835 108.2809 
  0.1706873 108.2809 
  0.2231443 108.2809 
  0.1065278 108.2809 
  0.02417422 108.2809 
  0.1258077 107.7421 
  0.3069834 107.2061 
  0.4386108 106.6728 
  0.2374311 106.142 
  -0.05309154 105.614 
  0.005006419 105.0885 
  0.0247383 105.0885 
  -0.1440158 105.0885 
  -0.1368791 105.0885 
  0.05727908 105.0885 
  0.1086342 105.0885 
  0.2822317 105.0885 
  0.1654701 105.0885 
  0.09615499 105.0885 
  0.1480853 105.0885 
  0.1661564 105.0885 
  -0.003562824 105.0885 
  -0.1092254 105.0885 
  0.001957615 105.0885 
  -0.1022868 105.0885 
  -0.2614887 105.0885 
  -0.2596622 105.0885 
  -0.1288777 105.0885 
  -0.006898507 105.0885 
  0.006420562 105.0885 
  0.008768423 105.0885 
  -0.2058547 105.0885 
  0.1284515 105.0885 
  0.1704089 105.0885 
  0.02876297 105.0885 
  -0.09657115 105.0885 
  -0.2136604 105.0885 
  -0.2255899 105.0885 
  -0.1014432 105.0885 
  0.115928 105.0885 
  0.2729989 105.0885 
  -0.1161662 105.0885 ]
