 [
  -0.3069932 128.2915 
  -0.3287437 128.2915 
  -0.5035206 128.2915 
  -0.5368226 128.2915 
  -0.5663484 128.2915 
  -0.5657161 128.2915 
  -0.2467847 128.2915 
  -0.1900081 128.2915 
  0.09043448 128.2915 
  0.002321213 128.2915 
  0.2416324 128.2915 
  -0.1481411 128.2915 
  -0.07347807 128.2915 
  -0.03207422 128.2915 
  0.2106736 128.2915 
  0.01490035 128.2915 
  0.06660596 128.2915 
  0.5129949 126.3862 
  0.8024935 127.6532 
  0.9300579 127.6532 
  0.9828331 128.9329 
  0.979162 130.2255 
  0.9841355 130.8766 
  0.9689661 132.1886 
  0.9766618 134.1814 
  0.9877003 134.8523 
  0.9867514 135.5266 
  0.9836724 136.2042 
  0.9782249 136.2042 
  0.967139 135.5266 
  0.9373223 134.8523 
  0.8439833 134.8523 
  0.7350268 135.5266 
  0.7348258 136.8852 
  0.8626772 138.2575 
  0.9353878 139.6435 
  0.9642494 141.0434 
  0.9782084 142.4574 
  0.9844561 143.1697 
  0.9766654 141.7487 
  0.9472958 139.6435 
  0.9236701 136.2042 
  0.8982416 132.8496 
  0.832344 128.9329 
  0.7844715 123.2734 
  0.7186158 119.639 
  0.590373 117.2759 
  0.4485601 115.5342 
  0.5850625 114.3874 
  0.7764616 113.8184 
  0.9162146 113.8184 
  0.957392 114.3874 
  0.9711633 114.9594 
  0.9809442 114.9594 
  0.9694475 114.3874 
  0.8406598 113.8184 
  0.8119994 112.128 
  0.9347947 109.9132 
  0.9809126 108.2809 
  0.9818682 106.6728 
  0.9504338 105.614 
  0.835199 104.5657 
  0.4528275 104.5657 
  -0.2706338 105.0885 
  -0.562263 105.614 
  -0.3680497 106.142 
  -0.1334108 106.6728 
  0.08754853 107.2061 
  0.3492483 108.2809 
  0.7635346 112.128 
  0.9610245 113.8184 
  0.9639832 114.9594 
  0.8348142 117.2759 
  0.8652157 118.4515 
  0.8900877 118.4515 
  0.9384308 117.8622 
  0.9357277 119.0438 
  0.8989911 120.2372 
  0.96221 121.4426 
  0.9848906 121.4426 
  0.9861987 121.4426 
  0.9865677 122.0498 
  0.9770783 122.0498 
  0.9700575 122.0498 
  0.9803883 121.4426 
  0.989659 120.8384 
  0.9658837 120.8384 
  0.9445505 120.2372 
  0.9476715 119.0438 
  0.9192652 117.8622 
  0.8913099 116.1118 
  0.542213 114.9594 
  0.3686368 114.3874 
  -0.1490547 114.3874 
  -0.08542038 114.3874 
  0.5652377 113.8184 
  -0.0158303 113.8184 
  0.2120553 113.8184 
  0.1190788 113.8184 
  0.08709711 113.8184 
  0.440816 113.8184 
  0.6758615 109.9132 
  0.8769534 109.3664 
  0.8012987 107.7421 
  0.8387069 105.0885 
  0.946796 104.0455 
  0.962677 103.5278 
  0.9608069 103.0128 
  0.9945645 102.5003 
  0.9873853 102.5003 
  0.9631068 101.9903 
  0.9634693 101.4829 
  0.9515302 101.4829 
  0.9511489 101.4829 
  0.9372224 100.978 
  0.9832476 100.4756 
  0.983326 99.97575 
  0.9820192 99.97575 
  0.9859359 99.47836 
  0.982396 99.47836 
  0.8868759 98.98344 
  0.8204693 98.491 
  0.7971885 98.491 
  0.953901 99.97575 
  0.9680916 99.47836 
  0.9604492 99.47836 
  0.9411593 99.47836 
  0.8758417 100.4756 
  0.8505085 102.5003 
  0.9295505 104.0455 
  0.9592986 104.5657 
  0.9402515 104.0455 
  0.9023122 103.0128 
  0.84966 102.5003 
  0.511838 102.5003 
  0.3531545 103.0128 
  0.1963544 103.5278 
  -0.03095222 104.0455 
  -0.09106237 104.5657 
  -0.0916984 105.0885 
  -0.177445 105.614 
  -0.1354966 106.142 
  0.1241224 106.6728 
  0.1180474 107.2061 
  -0.004312907 107.7421 
  0.03987383 108.2809 
  0.0002658581 108.8223 
  -0.09944914 109.3664 
  -0.1729126 109.9132 
  -0.185953 110.4628 
  -0.1209818 111.0151 
  -0.2651744 111.5702 
  -0.09913436 112.128 
  -0.1624287 112.6886 
  0.1077755 113.2521 
  -0.03847379 113.8184 
  -0.1786946 114.3874 
  -0.01791407 114.9594 
  0.1171672 115.5342 
  -0.337876 116.1118 
  0.4782146 116.6924 
  0.6684748 111.5702 
  0.9030807 109.9132 
  0.9700668 109.9132 
  0.9862819 108.8223 
  0.9797317 108.8223 
  0.9658461 108.2809 
  0.966479 107.7421 
  0.9821889 106.6728 
  0.9818915 106.142 
  0.9723227 105.614 
  0.9859111 105.0885 
  0.9854813 104.5657 
  0.9861788 104.0455 
  0.9760556 103.5278 
  0.961682 102.5003 
  0.9461607 101.4829 
  0.9694834 100.4756 
  0.9753945 100.4756 
  0.9604151 100.978 
  0.9532269 101.9903 
  0.940595 103.0128 
  0.9643681 104.5657 
  0.9816226 104.5657 
  0.9775101 105.0885 
  0.9873061 105.614 
  0.9485707 104.5657 
  0.8412029 103.0128 
  0.9062628 100.4756 
  0.8909693 100.4756 
  0.9378419 101.9903 
  0.9559385 104.0455 
  0.9541558 106.142 
  0.9726393 107.2061 
  0.9772636 108.2809 
  0.9676568 109.3664 
  0.8615519 111.5702 
  0.7320828 115.5342 
  0.8254452 114.9594 
  0.8642806 114.9594 
  0.9817782 114.3874 
  0.9770181 114.3874 
  0.9684147 114.3874 
  0.9422901 115.5342 
  0.9574489 116.6924 
  0.9892968 117.2759 
  0.9876242 117.8622 
  0.9936346 117.8622 
  0.9943081 118.4515 
  0.9924166 118.4515 
  0.9970739 119.0438 
  0.99599 119.639 
  0.9905987 120.8384 
  0.9944524 121.4426 
  0.9978638 122.0498 
  0.9986897 122.6601 
  0.9799186 122.6601 
  0.9151131 121.4426 
  0.860675 119.0438 
  0.7063402 117.2759 
  0.1683903 116.6924 
  0.1485897 116.1118 
  -0.07541492 115.5342 
  0.182962 115.5342 
  0.147032 115.5342 
  -0.06884049 114.9594 
  0.04310481 114.3874 
  -0.01841809 113.8184 
  0.2441097 113.2521 
  0.1670481 112.6886 
  -0.004354551 112.128 
  -0.06026079 111.5702 
  -0.04267917 111.0151 
  0.6631048 110.4628 
  0.8162371 111.0151 
  0.7924663 110.4628 
  0.64907 108.8223 
  0.5584052 106.6728 
  0.7682676 104.0455 
  0.9644683 102.5003 
  0.9653563 102.5003 
  0.9673716 102.5003 
  0.9807296 102.5003 
  0.984495 103.0128 
  0.966277 103.5278 
  0.9873793 104.0455 
  0.982643 104.5657 
  0.9887733 105.0885 
  0.9879658 105.614 
  0.9545836 106.6728 
  0.9735707 107.7421 
  0.9870702 108.2809 
  0.9763185 108.2809 
  0.9783351 107.7421 
  0.9610075 107.7421 
  0.8793064 107.7421 
  0.8092268 107.2061 
  -0.1642619 107.2061 
  -0.3090488 107.2061 
  -0.03422128 107.2061 
  -0.1069105 107.2061 
  0.0002062013 107.2061 
  0.05118928 107.2061 
  -0.1510205 107.2061 
  0.1287821 107.2061 
  0.5258836 110.4628 
  0.6977978 108.8223 
  0.7191822 106.142 
  0.686054 103.0128 
  0.7102587 100.4756 
  0.4241947 100.4756 
  0.2567519 100.4756 
  0.04151589 100.4756 
  -0.1468825 100.978 
  0.06923935 100.978 
  0.03255216 101.4829 
  0.005687828 102.5003 
  0.02156591 104.5657 
  0.216705 107.2061 
  0.6990698 111.5702 
  0.7939405 111.0151 
  0.9401667 111.0151 
  0.9949387 109.9132 
  0.9953048 109.9132 
  0.9961691 109.9132 
  0.9912293 109.3664 
  0.9883262 109.3664 
  0.9838964 108.8223 
  0.9735273 108.8223 
  0.9636089 108.8223 
  0.8985314 108.2809 
  0.8549361 106.6728 
  0.8495126 104.0455 
  0.3178798 104.5657 
  0.1843007 105.0885 
  -0.09387207 105.614 
  -0.1489364 106.142 
  0.1007584 106.6728 
  0.2044491 107.2061 
  0.08857401 107.2061 
  -0.065373 107.2061 
  0.02869457 107.2061 
  -0.1243528 107.2061 
  -0.1676024 107.2061 
  -0.0380322 107.2061 
  0.5752219 107.2061 
  0.7154899 106.6728 
  0.9389858 105.0885 
  0.9018474 104.0455 
  0.7888384 102.5003 
  0.8712496 100.978 
  0.9050943 99.97575 
  0.8700457 98.491 
  0.6798316 96.06523 
  0.584195 93.23304 
  0.1194114 92.7692 
  0.01317868 93.23304 
  0.08086477 94.1677 
  -0.06112903 95.11173 
  0.4205656 96.54556 
  0.7440321 98.00098 
  0.8881019 98.98344 
  0.8840001 100.978 
  0.9052582 103.0128 
  0.9693328 104.0455 
  0.9750785 104.5657 
  0.9859009 105.0885 
  0.9785087 105.614 
  0.9757917 106.6728 
  0.9400452 107.7421 
  0.91325 109.3664 
  0.9455208 109.9132 
  0.9561186 109.9132 
  0.9526924 109.3664 
  0.9243366 109.3664 
  0.9734868 108.2809 
  0.9855725 108.2809 
  0.9898782 108.2809 
  0.9953797 107.7421 
  0.9913413 107.7421 
  0.9912237 107.7421 
  0.988022 107.7421 
  0.9823657 107.7421 
  0.9497632 107.7421 
  0.868946 107.2061 
  0.7816858 106.142 
  0.6489465 104.5657 
  0.2057292 100.978 
  -0.1459406 100.4756 
  0.2238125 100.4756 
  0.2904835 100.4756 
  0.4873759 100.4756 
  0.8754014 100.4756 
  0.9660759 100.4756 
  0.7016649 100.4756 
  -0.3301142 100.4756 
  0.3717558 100.4756 
  0.5296226 105.0885 
  0.5942003 107.7421 
  0.9274276 108.8223 
  0.9844237 109.9132 
  0.9852234 109.9132 
  0.9894998 109.9132 
  0.9951783 110.4628 
  0.9959134 109.9132 
  0.9740736 108.8223 
  0.9324869 107.2061 
  0.8912499 104.5657 
  0.8055763 101.9903 
  0.7675016 98.98344 
  0.5588284 97.02828 
  -0.06163148 96.54556 
  -0.04221049 96.06523 
  -0.1528283 95.5873 
  -0.07136454 95.11173 
  -0.03505848 95.11173 
  0.03799808 95.11173 
  -0.05551913 95.11173 
  -0.1373736 95.11173 
  -0.08457296 94.63854 
  -0.1167346 94.1677 
  -0.02662632 93.6992 
  0.01138444 93.23304 
  0.0197791 92.7692 
  -0.1576811 92.30766 
  -0.2658145 91.84841 
  -0.06318982 91.39146 
  0.1662527 90.93677 
  0.12029 90.48434 
  0.3654127 90.03418 
  0.03212514 89.58624 
  0.3753622 89.14054 
  0.5623251 89.14054 
  0.9609181 88.69706 
  0.9418956 89.14054 
  0.5409117 88.69706 
  0.3110488 95.5873 
  0.5091496 95.5873 
  0.3806448 95.11173 
  0.2132706 95.11173 
  0.1559769 95.11173 
  -0.03112245 99.47836 
  0.570918 105.614 
  0.6465871 106.142 
  0.1059221 106.6728 
  0.06772488 109.9132 
  0.1049487 111.5702 
  0.5059254 112.6886 
  -0.01130643 112.6886 
  0.05269751 112.6886 
  0.2974535 112.6886 
  0.2517532 112.6886 
  -0.05834822 112.6886 
  -0.2456801 112.6886 
  0.0903685 112.6886 
  0.06765456 112.6886 
  -0.04609269 112.6886 
  0.05245759 112.6886 
  -0.1906872 112.6886 
  0.03961774 112.6886 
  0.1877069 112.6886 
  -0.07382683 112.6886 
  0.01495484 112.6886 
  -0.01592967 112.6886 
  -0.002609204 112.6886 
  0.110666 112.6886 
  -0.009369295 112.6886 
  0.04300328 112.6886 
  0.1218619 112.6886 
  0.0430812 112.6886 
  0.1232614 112.6886 
  -0.07322466 112.6886 
  -0.03026015 112.6886 
  -0.1054677 112.6886 
  -0.1272494 112.6886 
  -0.3015007 112.6886 
  0.1627162 112.6886 
  -0.02449404 112.6886 
  0.128214 112.6886 
  0.3562312 112.6886 
  0.2909582 112.6886 
  -0.4197468 112.6886 
  -0.2858034 112.6886 
  -0.1481964 112.6886 
  -0.1880402 112.6886 
  -0.3448564 112.6886 
  -0.0278741 112.6886 
  -0.1998376 112.6886 ]
