 [
  -0.0008045649 127.0181 
  -0.04063884 127.0181 
  0.0249658 127.0181 
  0.03324684 127.0181 
  -0.04497659 127.0181 
  -0.2200023 127.0181 
  -0.2267562 127.0181 
  -0.2591706 127.0181 
  -0.03684193 127.0181 
  -0.08645447 127.0181 
  0.1120506 127.0181 
  0.3341866 127.0181 
  0.2574397 127.0181 
  -0.02885156 127.0181 
  -0.3525106 127.0181 
  -0.2725036 127.0181 
  -0.1100073 127.0181 
  -0.1803068 127.0181 
  -0.2622298 127.0181 
  -0.3441851 127.0181 
  -0.2864782 127.0181 
  -0.1895504 127.0181 
  -0.1747929 127.0181 
  -0.1892684 127.0181 
  -0.07105774 127.0181 
  -0.03671899 127.0181 
  -0.05679707 127.0181 
  -0.1350801 127.0181 
  -0.1384012 127.0181 
  -0.3069146 127.0181 
  -0.4053003 127.0181 
  -0.5166975 127.0181 
  0.0796803 127.0181 
  0.075827 127.0181 
  0.50029 127.0181 
  0.761204 127.0181 
  0.8320397 125.1317 
  0.8807454 124.5092 
  0.8556126 125.7574 
  0.8835187 127.0181 
  0.883001 127.0181 
  0.80971 125.7574 
  0.8259077 125.1317 
  0.8382988 123.8897 
  0.7914701 122.0498 
  0.9020815 119.639 
  0.9185098 119.0438 
  0.6119465 119.639 
  0.2776641 121.4426 
  -0.2418821 123.8897 
  0.08685105 126.3862 
  0.7106134 128.9329 
  0.8643793 132.1886 
  0.8933978 134.8523 
  0.9437675 135.5266 
  0.9700246 134.8523 
  0.9359483 133.5138 
  0.9898361 131.531 
  0.9923957 131.531 
  0.9911836 132.1886 
  0.9922605 131.531 
  0.9790914 130.8766 
  0.9659625 128.9329 
  0.953506 126.3862 
  0.8946807 123.8897 
  0.7818466 120.8384 
  0.7461816 116.6924 
  0.5110273 114.3874 
  0.2481776 113.2521 
  0.2953569 111.5702 
  0.6921731 110.4628 
  0.8068816 110.4628 
  0.8645885 111.5702 
  0.7749591 114.9594 
  0.6114348 120.8384 
  0.8093781 127.0181 
  0.549128 131.531 
  0.7893331 134.1814 
  0.9375162 134.1814 
  0.9326991 132.8496 
  0.9703752 132.1886 
  0.9551421 131.531 
  0.9485846 130.2255 
  0.9498487 128.9329 
  0.9082021 128.9329 
  0.8214189 129.5776 
  0.7328283 130.2255 
  0.715036 129.5776 
  0.6954626 130.2255 
  0.915561 128.9329 
  0.9565196 128.2915 
  0.9864014 127.0181 
  0.9805696 125.7574 
  0.9789115 123.8897 
  0.9858654 122.6601 
  0.9349734 120.8384 
  0.8453896 119.639 
  0.5620837 119.0438 
  -0.1816355 119.639 
  0.01531881 120.2372 
  0.4181578 120.8384 
  0.03873907 122.0498 
  0.1043582 122.6601 
  0.09507544 123.8897 
  0.05529461 125.1317 
  -0.004058737 127.0181 
  -0.07594461 128.9329 
  -0.1789171 130.8766 
  0.0726296 132.8496 
  0.583726 134.8523 
  0.482242 129.5776 
  0.6791033 125.7574 
  0.9508577 125.7574 
  0.9649019 125.1317 
  0.9697948 125.1317 
  0.9808893 124.5092 
  0.9779137 123.8897 
  0.9603539 122.6601 
  0.9790354 122.0498 
  0.9835676 122.6601 
  0.9753323 123.8897 
  0.9802651 123.8897 
  0.9867395 124.5092 
  0.9817641 124.5092 
  0.9569346 123.8897 
  0.8044255 123.8897 
  0.704847 122.0498 
  0.8519184 123.2734 
  0.9894565 122.6601 
  0.9839369 122.6601 
  0.9894647 123.8897 
  0.9720627 124.5092 
  0.9078901 127.0181 
  0.9272501 127.0181 
  0.9488745 126.3862 
  0.9844637 125.1317 
  0.9896148 124.5092 
  0.9700499 123.8897 
  0.9546247 122.6601 
  0.9485641 120.2372 
  0.8935407 117.8622 
  0.9061635 114.9594 
  0.790741 112.6886 
  0.665685 110.4628 
  0.1361594 108.8223 
  0.2115781 108.8223 
  0.170151 108.8223 
  0.09531385 108.8223 
  0.03036157 108.8223 
  -0.05313449 108.8223 
  -0.03849028 108.8223 
  -0.02552745 109.3664 
  -0.2501916 109.9132 
  0.6608081 111.5702 
  0.4711881 108.8223 
  0.6989836 108.2809 
  0.9233334 107.7421 
  0.9770081 108.2809 
  0.9294718 107.7421 
  0.9098781 106.6728 
  0.7793084 105.614 
  0.71075 104.5657 
  0.4473228 107.2061 
  0.8928397 109.9132 
  0.9855413 111.5702 
  0.9814382 113.2521 
  0.5809184 116.1118 
  0.7461267 118.4515 
  0.7445243 116.6924 
  0.9080933 116.6924 
  0.9766507 117.2759 
  0.9855792 117.2759 
  0.9803952 117.2759 
  0.9851072 117.2759 
  0.9875385 117.2759 
  0.9933375 117.2759 
  0.9966099 117.2759 
  0.9977028 117.2759 
  0.9934787 117.2759 
  0.9841307 117.2759 
  0.9543065 116.6924 
  0.9246026 115.5342 
  0.8823021 113.8184 
  0.8157327 112.6886 
  0.546104 111.0151 
  0.5338077 111.5702 
  0.9387313 112.128 
  0.7732249 114.9594 
  0.8574178 115.5342 
  0.9130849 114.9594 
  0.9806033 114.9594 
  0.9858887 115.5342 
  0.9868767 115.5342 
  0.978724 116.1118 
  0.9697087 116.1118 
  0.9827302 116.6924 
  0.9911283 116.1118 
  0.8460613 115.5342 
  0.7175599 114.9594 
  0.3657106 113.2521 
  0.9411102 113.2521 
  0.9353909 113.8184 
  0.9282292 114.3874 
  0.9297238 113.8184 
  0.7807237 112.128 
  0.7016454 110.4628 
  0.3551518 109.3664 
  0.03824838 109.9132 
  0.6186415 110.4628 
  0.6951847 111.5702 
  0.5533648 112.128 
  0.2818051 112.6886 
  -0.1042259 113.2521 
  0.2046659 114.3874 
  -0.1318531 114.9594 
  -0.1083201 115.5342 
  0.06807569 116.1118 
  0.4461611 117.2759 
  0.7844644 122.6601 
  0.9313474 123.2734 
  0.9789517 122.6601 
  0.9719424 121.4426 
  0.9669175 119.639 
  0.9562005 117.2759 
  0.9430575 115.5342 
  0.8770431 113.2521 
  0.7199274 111.0151 
  0.5077225 108.2809 
  0.06156595 108.2809 
  -0.06370701 108.2809 
  0.04083532 107.7421 
  0.2187055 107.2061 
  0.170079 107.2061 
  0.02465001 107.2061 
  -0.07246351 107.2061 
  0.09123534 107.2061 
  0.1544252 107.2061 
  0.03447345 107.2061 
  0.351807 107.2061 
  0.5503705 107.2061 
  0.7647035 109.3664 
  0.9097971 109.3664 
  0.9569714 108.8223 
  0.9826903 108.2809 
  0.9925435 107.7421 
  0.9964046 107.2061 
  0.9949012 107.2061 
  0.9942177 106.6728 
  0.9690694 106.142 
  0.895285 105.0885 
  0.8284602 104.0455 
  0.52319 103.5278 
  0.5181715 104.0455 
  0.807925 104.5657 
  0.9321555 105.614 
  0.9117118 107.2061 
  0.9456061 108.2809 
  0.973003 107.7421 
  0.9827192 106.6728 
  0.9935181 106.142 
  0.954798 105.0885 
  0.8583272 104.5657 
  0.7630531 104.0455 
  0.173187 104.5657 
  0.7579486 105.0885 
  0.5696999 105.614 
  0.1568857 106.142 
  0.2328702 106.6728 
  0.1724619 107.2061 
  -0.05999567 107.7421 
  -0.01035616 108.2809 
  -0.02429715 108.8223 
  -0.08955292 109.3664 
  -0.1058084 109.9132 
  0.03918531 110.4628 
  0.2588018 111.0151 
  0.4227893 111.5702 
  0.3952709 112.128 
  0.3729383 112.6886 
  0.5259743 112.6886 
  0.5430055 113.2521 
  0.4173597 113.8184 
  0.118105 114.3874 
  -0.2123859 114.9594 
  0.4686369 115.5342 
  0.6817816 112.128 
  0.8594993 112.6886 
  0.9198214 112.6886 
  0.8999675 111.5702 
  0.8926767 109.9132 
  0.8903019 107.7421 
  0.9401662 105.614 
  0.9618016 105.0885 
  0.9587204 104.0455 
  0.8254274 102.5003 
  0.8617456 100.978 
  0.9589964 99.47836 
  0.9387535 98.491 
  0.9305559 97.51342 
  0.8589421 96.06523 
  0.8864942 95.11173 
  0.7852142 95.11173 
  0.6535075 95.5873 
  0.2951652 95.5873 
  0.6128008 95.5873 
  0.3621456 95.5873 
  0.05955779 95.5873 
  0.1962908 95.5873 
  0.08376609 95.5873 
  0.3159358 95.5873 
  0.2744402 95.5873 
  -0.18327 95.5873 
  -0.3079112 95.5873 
  -0.08126055 95.5873 
  -0.05119434 95.5873 
  -0.03610818 95.5873 
  0.1306196 95.5873 
  0.1353346 95.5873 
  0.04685426 95.5873 
  -0.05074565 95.5873 
  -0.1297652 95.5873 
  0.02079955 95.5873 
  0.2056714 95.5873 
  0.183378 95.5873 
  0.04883884 95.5873 
  -0.1620031 95.5873 ]
