 [
  -0.06788287 141.0434 
  -0.137246 141.0434 
  -0.2042925 141.0434 
  0.06294572 141.0434 
  -0.2648179 141.0434 
  -0.1659897 141.0434 
  -0.1623861 141.0434 
  -0.2468887 141.0434 
  -0.2903004 141.0434 
  -0.05876374 141.0434 
  -0.003381046 141.0434 
  0.08518241 141.0434 
  -0.4058792 141.0434 
  0.5346938 141.0434 
  0.6251056 136.8852 
  0.757621 133.5138 
  0.9376136 130.8766 
  0.9793891 129.5776 
  0.9895504 128.9329 
  0.9820625 128.9329 
  0.9610667 128.9329 
  0.9574356 129.5776 
  0.9563541 130.8766 
  0.7671339 130.8766 
  0.4699444 123.8897 
  0.7401671 123.8897 
  0.3053466 124.5092 
  -0.169103 125.1317 
  0.6012946 125.7574 
  0.5603867 126.3862 
  -0.03394115 127.0181 
  -0.07975597 127.6532 
  -0.04900745 128.2915 
  -0.04654152 128.9329 
  -0.1170605 129.5776 
  0.7539093 130.2255 
  0.926202 130.8766 
  0.9821995 130.2255 
  0.9869131 129.5776 
  0.9889716 128.2915 
  0.9901109 127.6532 
  0.8641538 128.2915 
  0.787701 128.2915 
  0.8762325 127.6532 
  0.9333407 128.9329 
  0.9688657 129.5776 
  0.983631 130.2255 
  0.9831018 130.8766 
  0.9849738 132.1886 
  0.981084 133.5138 
  0.9851828 134.8523 
  0.9928799 135.5266 
  0.9988537 135.5266 
  0.9977504 136.2042 
  0.9964354 136.2042 
  0.9961829 136.2042 
  0.9895383 135.5266 
  0.9548748 134.8523 
  0.8991282 133.5138 
  0.831961 130.2255 
  0.8387293 125.7574 
  0.8925514 122.6601 
  0.9185277 120.2372 
  0.9363869 118.4515 
  0.9578528 117.2759 
  0.7090315 116.1118 
  0.7104645 114.9594 
  0.7085507 113.2521 
  0.8616726 112.6886 
  0.8051186 112.6886 
  0.6641532 113.2521 
  0.04941556 114.3874 
  0.697915 114.9594 
  0.8701015 115.5342 
  0.9687384 115.5342 
  0.9898417 115.5342 
  0.994346 115.5342 
  0.9953503 116.1118 
  0.9950736 116.1118 
  0.9922748 116.1118 
  0.991612 116.1118 
  0.9918047 116.1118 
  0.9867534 116.1118 
  0.9771826 115.5342 
  0.9765619 116.1118 
  0.9584525 116.1118 
  0.9356518 116.1118 
  0.9311627 115.5342 
  0.9243332 114.9594 
  0.9012715 114.3874 
  0.8800273 114.9594 
  0.8870631 115.5342 
  0.9216833 115.5342 
  0.9498056 115.5342 
  0.9634534 116.1118 
  0.9739797 116.6924 
  0.9880305 117.8622 
  0.9897224 117.8622 
  0.949084 117.8622 
  0.8044212 117.2759 
  0.6555878 116.6924 
  0.4764153 116.1118 
  0.9635985 116.6924 
  0.9451372 116.1118 
  0.8415068 114.9594 
  0.8257231 113.2521 
  0.8210404 111.5702 
  0.7242416 109.9132 
  0.4407421 109.9132 
  -0.1137226 111.0151 
  0.295015 112.128 
  0.2325249 113.2521 
  0.09576382 114.3874 
  -0.1436943 115.5342 
  -0.02038572 116.6924 
  0.01725311 118.4515 
  0.02877708 120.2372 
  0.1042605 121.4426 
  0.2324497 123.2734 
  0.7992641 125.1317 
  0.8471833 122.6601 
  0.901713 120.2372 
  0.9354024 119.0438 
  0.9315705 118.4515 
  0.9480931 117.8622 
  0.9543065 117.2759 
  0.9577869 117.8622 
  0.9765683 118.4515 
  0.9952254 119.0438 
  0.9977956 119.0438 
  0.9950116 119.0438 
  0.9962551 119.639 
  0.9889554 119.639 
  0.9813021 119.639 
  0.9721724 119.639 
  0.9756809 119.639 
  0.9878145 119.639 
  0.9738798 119.639 
  0.9691595 119.0438 
  0.9625599 119.0438 
  0.9497112 120.2372 
  0.9549946 121.4426 
  0.9665827 121.4426 
  0.9788656 121.4426 
  0.9112241 120.8384 
  0.8496078 120.2372 
  0.8308978 119.639 
  0.4856802 119.0438 
  0.1172234 118.4515 
  0.1880433 117.8622 
  0.09377365 117.2759 
  -0.04520973 116.6924 
  -0.1274994 116.1118 
  0.03072909 116.1118 
  0.2818692 116.1118 
  0.7317248 116.1118 
  0.8818005 114.9594 
  0.9029358 113.2521 
  0.9627975 111.5702 
  0.8732315 109.9132 
  0.7995927 108.8223 
  0.513046 107.7421 
  0.03389761 107.2061 
  0.05940318 106.6728 
  0.4335432 106.142 
  0.4069029 106.142 
  0.4314537 106.6728 
  0.2265969 108.8223 
  0.01253565 112.6886 
  0.06800931 117.8622 
  -0.08343187 122.6601 
  0.1348069 128.2915 
  0.6907778 133.5138 
  0.7497992 130.8766 
  0.8013817 128.2915 
  0.9331863 124.5092 
  0.9725635 122.6601 
  0.9802456 121.4426 
  0.9695352 120.2372 
  0.8986335 119.0438 
  0.8118107 116.1118 
  0.8474624 114.9594 
  0.9772333 115.5342 
  0.9706113 116.1118 
  0.9753166 116.6924 
  0.9596682 116.1118 
  0.9623951 114.9594 
  0.9670475 114.3874 
  0.9941142 114.3874 
  0.9968494 114.3874 
  0.9899052 113.8184 
  0.9596375 112.6886 
  0.9755409 111.5702 
  0.992187 111.0151 
  0.9980697 111.0151 
  0.9979793 111.0151 
  0.9939883 111.5702 
  0.7939293 112.6886 
  0.7901209 113.2521 
  0.8452638 113.2521 
  0.907851 113.8184 
  0.9349556 114.3874 
  0.9693617 115.5342 
  0.971316 116.1118 
  0.9292201 116.6924 
  0.972664 117.2759 
  0.8194614 117.2759 
  0.5082445 116.6924 
  0.09366694 118.4515 
  0.08628956 122.0498 
  0.2317925 120.2372 
  0.2048985 120.8384 
  -0.08611033 120.8384 
  -0.108768 120.8384 
  -0.04880363 120.8384 
  -0.005511521 120.8384 
  0.05971128 120.8384 
  0.04803136 120.8384 
  0.07507823 120.8384 
  -0.02982365 120.8384 
  0.04377371 120.8384 
  0.2252092 120.8384 
  0.09009013 121.4426 
  0.3360406 122.0498 
  0.4635201 122.0498 
  0.6863698 123.2734 
  0.3128672 123.2734 
  0.1361469 123.2734 
  0.100161 122.6601 
  0.09507507 122.6601 
  0.7301399 121.4426 
  0.8382888 121.4426 
  0.9406024 120.8384 
  0.9514481 120.2372 
  0.9761176 120.2372 
  0.966637 119.639 
  0.9593844 119.0438 
  0.9829791 118.4515 
  0.9736501 117.2759 
  0.9870741 117.2759 
  0.9812883 117.2759 
  0.9577564 116.6924 
  0.9237349 116.1118 
  0.8968009 115.5342 
  0.7563435 114.9594 
  0.9512693 116.1118 
  0.9968025 116.6924 
  0.996704 116.6924 
  0.9765351 116.6924 
  0.8885164 116.6924 
  0.8691476 115.5342 
  0.9316854 113.8184 
  0.8871252 112.128 
  0.9304373 110.4628 
  0.9740431 108.8223 
  0.9795397 108.2809 
  0.9903442 107.7421 
  0.9422515 107.7421 
  0.7139181 108.8223 
  0.3579649 110.4628 
  0.246152 112.128 
  0.1782489 112.6886 
  0.3209965 113.2521 
  0.4756208 113.8184 
  0.4262454 114.3874 
  0.5352403 114.9594 
  0.3179984 115.5342 
  0.004253395 116.6924 
  -0.05474372 117.8622 
  0.2091265 118.4515 
  0.2397718 118.4515 
  0.3036011 117.8622 
  0.1505888 117.2759 
  0.6901577 116.6924 
  0.9329255 115.5342 
  0.980437 114.9594 
  0.991951 114.9594 
  0.9913785 114.9594 
  0.977678 114.9594 
  0.9539896 114.9594 
  0.9163744 113.8184 
  0.9315261 113.2521 
  0.9207464 112.6886 
  0.9117948 111.5702 
  0.8554436 110.4628 
  0.7549973 109.9132 
  0.4289197 110.4628 
  0.204247 111.5702 
  0.2721135 112.6886 
  0.04825622 113.2521 
  0.1582347 113.8184 
  0.09190252 114.3874 
  0.04968129 114.9594 
  -0.07344697 115.5342 
  0.242347 116.6924 
  0.2263867 117.8622 
  0.1034932 118.4515 
  -0.1143307 119.0438 
  0.03194224 119.639 
  0.54754 120.8384 
  0.3715832 112.128 
  0.4041152 116.1118 
  0.6844705 114.3874 
  0.9131398 112.6886 
  0.9268725 112.128 
  0.9093843 111.0151 
  0.9635246 109.9132 
  0.9613575 109.9132 
  0.9328973 110.4628 
  0.8845864 109.9132 
  0.7756724 110.4628 
  0.4840809 109.9132 
  -0.009759518 109.3664 
  0.001699961 109.3664 
  -0.07749513 109.3664 
  -0.02245049 108.8223 
  -0.04197748 108.2809 
  0.08563185 107.7421 
  0.3950582 107.2061 
  0.6136892 107.2061 
  0.5156817 112.128 
  0.8148272 112.6886 
  0.9014008 112.6886 
  0.9291219 112.6886 
  0.914739 113.2521 
  0.919451 113.2521 
  0.9271311 112.6886 
  0.9429445 112.6886 
  0.9115766 112.6886 
  0.8488445 113.2521 
  0.8284469 112.6886 
  0.8540069 112.6886 
  0.9716753 112.128 
  0.9839192 111.5702 
  0.9768678 111.5702 
  0.9855894 111.0151 
  0.9156267 109.9132 
  0.9194059 108.2809 
  0.8729209 108.2809 
  0.8820843 108.2809 
  0.9692447 108.2809 
  0.9384457 108.2809 
  0.8755839 108.2809 
  0.8349726 107.7421 
  0.9186515 107.2061 
  0.8423878 106.142 
  0.7823493 105.614 
  0.9295275 106.142 
  0.7880127 106.6728 
  0.7006155 107.2061 
  0.7965515 107.7421 
  0.6876791 107.7421 
  0.6677856 107.7421 
  0.7459266 107.7421 
  0.7388152 107.7421 
  0.6622167 107.7421 
  0.3007922 107.7421 
  0.0315847 107.7421 
  0.0609379 107.7421 
  -0.01282988 107.7421 
  -0.04351611 107.7421 
  0.1461224 107.7421 ]
