 [
  -0.3306904 200.9756 
  -0.3339785 200.9756 
  -0.2479565 200.9756 
  -0.05587406 200.9756 
  -0.1058267 200.9756 
  -0.1792878 200.9756 
  -0.2785463 200.9756 
  -0.1148523 200.9756 
  0.01154022 200.9756 
  -0.02062494 200.9756 
  -0.07928666 200.9756 
  -0.2503317 200.9756 
  -0.2176546 200.9756 
  -0.0606485 200.9756 
  0.1103354 200.9756 
  0.7252895 200.9756 
  0.6628333 185.5609 
  0.8510852 185.5609 
  0.9803596 183.7191 
  0.9930168 182.8051 
  0.9963908 181.8956 
  0.9910083 181.8956 
  0.9786237 181.8956 
  0.9701451 183.7191 
  0.9811246 185.5609 
  0.9859452 186.4887 
  0.9910007 187.4211 
  0.9949173 187.4211 
  0.9935932 188.3582 
  0.9941331 189.3 
  0.9951947 188.3582 
  0.9904844 188.3582 
  0.9724202 185.5609 
  0.9230712 181.8956 
  0.8405216 177.4156 
  0.8685805 171.3284 
  0.9047009 164.6269 
  0.9309663 160.5723 
  0.9581622 158.1876 
  0.9713512 155.063 
  0.9557149 153.5239 
  0.9314122 150.4914 
  0.9154404 148.2564 
  0.9375005 143.8855 
  0.9395294 141.7487 
  0.8160191 142.4574 
  0.5638901 144.605 
  0.1982812 147.5188 
  0.3189928 151.2439 
  0.8045249 155.063 
  0.837231 159.7734 
  0.9259954 160.5723 
  0.9522094 161.3751 
  0.9614934 162.182 
  0.9699335 163.8079 
  0.9700124 164.6269 
  0.9871631 165.4501 
  0.9856386 166.2773 
  0.9761719 167.1087 
  0.9657758 168.784 
  0.957965 171.3284 
  0.9662999 173.046 
  0.9627614 174.7808 
  0.9651611 175.6547 
  0.9389732 175.6547 
  0.8971026 173.9112 
  0.9039958 167.1087 
  0.9441302 166.2773 
  0.9720438 168.784 
  0.9814986 169.6279 
  0.8685049 168.784 
  0.8370943 167.9442 
  0.6914482 163.8079 
  0.5988033 157.4006 
  0.8827713 151.2439 
  0.8599046 144.605 
  0.2115076 138.2575 
  -0.1213403 132.1886 
  0.05300134 127.0181 
  0.317239 121.4426 
  0.3152367 122.0498 
  0.5641555 122.6601 
  0.387234 125.7574 
  0.8152144 128.9329 
  0.9732262 128.2915 
  0.9780194 128.2915 
  0.9776578 128.2915 
  0.9918273 128.9329 
  0.9899017 128.9329 
  0.9861184 129.5776 
  0.9439459 129.5776 
  0.8645086 128.9329 
  0.8081306 128.2915 
  0.9290177 128.9329 
  0.9647918 128.9329 
  0.9454432 128.2915 
  0.861627 128.2915 
  0.7306806 128.9329 
  0.7286823 129.5776 
  0.7558072 130.8766 
  0.9236696 131.531 
  0.969126 130.8766 
  0.961014 130.2255 
  0.9685335 129.5776 
  0.8283734 130.2255 
  0.7963412 128.2915 
  0.7531909 126.3862 
  0.9653239 125.1317 
  0.9916537 125.1317 
  0.9882808 125.1317 
  0.9847437 125.7574 
  0.9622119 125.7574 
  0.9568848 125.7574 
  0.9868992 126.3862 
  0.9611668 127.0181 
  0.9018751 128.2915 
  0.912604 130.2255 
  0.8812448 132.1886 
  0.8550793 134.1814 
  0.9495354 135.5266 
  0.9312344 135.5266 
  0.8667448 134.8523 
  0.7423453 136.8852 
  -0.340903 136.8852 
  0.4031873 136.8852 
  0.1124575 136.8852 
  0.008157034 136.8852 
  0.02147144 137.5696 
  0.175992 137.5696 
  -0.01345603 137.5696 
  0.3785461 137.5696 
  0.3881495 137.5696 
  -0.001918798 138.2575 
  0.03973918 138.9488 
  0.02792207 138.9488 
  0.03184354 138.9488 
  0.5647312 138.9488 
  0.6235682 140.3417 
  0.8738489 141.0434 
  0.9570624 141.0434 
  0.9958839 141.0434 
  0.9965804 141.0434 
  0.9937493 140.3417 
  0.9626219 139.6435 
  0.9046117 138.9488 
  0.7680198 138.9488 
  0.3263079 140.3417 
  0.07688918 141.7487 
  -0.1027152 143.1697 
  -0.04586839 144.605 
  0.3423618 146.0546 
  0.1606314 146.7849 
  0.02729909 147.5188 
  -0.1490426 147.5188 
  0.1133562 146.7849 
  0.4090869 145.328 
  0.4551845 143.8855 
  0.7189734 143.1697 
  0.8406622 143.8855 
  0.9615226 144.605 
  0.952828 144.605 
  0.8710541 144.605 
  0.6054144 146.0546 
  0.02416806 148.2564 
  0.2729015 151.2439 
  0.1635456 154.2915 
  0.01827138 157.4006 
  0.0501923 159.7734 
  0.146591 162.182 
  -0.07459532 164.6269 
  -0.2740693 168.784 
  0.2149146 173.046 
  0.733387 163.8079 
  0.8686829 161.3751 
  0.9740151 158.9785 
  0.9308519 158.1876 
  0.8773127 156.6175 
  0.6772897 158.9785 
  0.05690126 160.5723 
  0.04851845 162.182 
  0.7844478 163.8079 
  0.837317 162.182 
  0.9833735 158.9785 
  0.9872975 157.4006 
  0.9607638 156.6175 
  0.9299584 153.5239 
  0.9129552 151.2439 
  0.6010351 148.2564 
  0.7489561 145.328 
  0.5458566 143.1697 
  0.359129 141.0434 
  0.02654028 138.9488 
  0.125188 136.8852 
  0.2053247 134.8523 
  0.02293812 132.8496 
  -0.1161245 131.531 
  0.114887 130.2255 
  0.1769643 128.9329 
  0.4553751 127.0181 
  0.5218042 125.1317 
  0.464433 123.2734 
  -0.01246297 121.4426 
  0.1769823 119.639 
  0.1635127 117.8622 
  0.4248882 116.6924 
  0.5343604 119.0438 
  0.7910177 121.4426 
  0.9771053 124.5092 
  0.9512491 125.7574 
  0.7618439 127.0181 
  0.2808346 128.9329 
  -0.01912233 130.8766 
  -0.005144398 132.8496 
  0.1282118 134.8523 
  -0.01388615 136.8852 
  -0.1260749 138.9488 
  -0.0360749 141.7487 
  -0.03062698 143.8855 
  0.04137105 146.0546 
  0.08736131 148.2564 
  -0.03131448 150.4914 
  0.2029278 152.7601 
  0.1429724 155.063 
  0.02681389 158.1876 
  0.0647324 161.3751 
  0.1824126 164.6269 
  0.004060732 167.9442 
  0.5650619 170.476 
  0.6701604 163.8079 
  0.7952145 160.5723 
  0.8683623 153.5239 
  0.92801 151.2439 
  0.9900752 148.9977 
  0.992929 148.9977 
  0.990484 148.9977 
  0.9957844 149.7427 
  0.9968189 150.4914 
  0.9987152 150.4914 
  0.9945418 150.4914 
  0.9907471 152.0001 
  0.9943059 152.7601 
  0.9652905 153.5239 
  0.8979408 153.5239 
  0.7282904 155.8383 
  -0.1811709 157.4006 
  0.6453204 158.9785 
  0.8861562 158.9785 
  0.9756914 158.9785 
  0.9977589 158.9785 
  0.9982314 158.9785 
  0.9970753 159.7734 
  0.9980966 161.3751 
  0.9980613 162.182 
  1.000092 162.182 
  0.9995046 162.182 
  0.9988142 162.182 
  0.9963915 161.3751 
  0.9791256 160.5723 
  0.9659132 158.1876 
  0.9658194 155.8383 
  0.9069136 155.063 
  0.7294624 154.2915 
  0.5033185 154.2915 
  0.8848464 152.0001 
  0.03338305 150.4914 
  0.05915739 148.9977 
  0.1279201 146.7849 
  -0.637951 143.8855 
  0.1160958 141.0434 
  0.01010554 138.2575 
  0.2803173 138.9488 
  0.1212664 139.6435 
  0.5384794 140.3417 
  0.8214232 139.6435 
  0.9813364 138.2575 
  0.9938499 137.5696 
  0.7904333 138.9488 
  0.8949185 138.9488 
  0.9402161 139.6435 
  0.9887344 140.3417 
  0.9272674 141.7487 
  0.9065055 143.8855 
  0.9499915 146.0546 
  0.8819451 146.7849 
  0.7991632 147.5188 
  0.6604777 148.2564 
  0.9951697 149.7427 
  0.9949489 149.7427 
  0.9892907 148.9977 
  0.9657108 148.9977 
  0.6435901 148.9977 
  0.4038666 151.2439 
  0.6986446 149.7427 
  0.8103643 147.5188 
  0.9797213 145.328 
  0.9502324 143.1697 
  0.8534851 142.4574 
  0.4313814 143.1697 
  -0.1662886 145.328 
  -0.09940244 147.5188 
  -0.0300359 149.7427 
  -0.1912571 151.2439 
  0.02179396 153.5239 
  0.3405074 155.8383 
  0.425368 150.4914 
  0.5798695 146.7849 
  0.5367253 143.8855 
  0.8697829 138.9488 
  0.8412582 135.5266 
  0.9437531 134.1814 
  0.9259002 135.5266 
  0.9788046 136.2042 
  0.9685823 136.8852 
  0.9876834 137.5696 
  0.9768038 136.8852 
  0.9907332 136.8852 
  0.9900633 136.8852 
  0.964747 137.5696 
  0.9678892 138.9488 
  0.9535515 140.3417 
  0.9598838 142.4574 
  0.9615536 142.4574 
  0.8993009 143.1697 
  0.7935545 141.7487 
  0.4977756 141.0434 
  0.615888 141.7487 
  0.4460751 142.4574 
  0.5580649 143.1697 
  0.07616457 143.8855 
  0.04516302 143.8855 
  -0.01227853 143.8855 
  0.4876687 141.7487 
  0.7407874 142.4574 
  0.9547599 143.1697 
  0.8802267 143.8855 
  0.7231278 145.328 
  0.1926435 147.5188 
  -0.1658708 149.7427 
  0.159355 152.0001 
  -0.1120001 153.5239 
  0.1248276 155.063 
  0.1183572 157.4006 
  0.1972957 158.1876 
  0.09889045 158.1876 
  0.1023134 156.6175 
  0.2928692 155.8383 
  0.2785453 155.8383 
  0.6026708 157.4006 
  0.7318375 155.063 
  0.8950108 150.4914 
  0.9141809 148.2564 
  0.9190238 145.328 
  0.9274961 143.8855 
  0.9600324 141.7487 
  0.920658 139.6435 
  0.9685283 137.5696 
  0.9871495 136.8852 
  0.9871273 136.2042 
  0.9848508 134.8523 
  0.9546741 134.1814 
  0.9801866 132.8496 
  0.9782723 133.5138 
  0.9728521 133.5138 
  0.9680757 134.1814 
  0.9234496 134.1814 
  0.8697407 134.8523 
  0.03467042 134.8523 
  0.2121437 134.8523 
  -0.2335133 134.8523 
  0.1336234 134.8523 
  0.06737228 135.5266 
  0.01300729 136.2042 
  0.04123762 136.8852 
  0.04762499 137.5696 
  -0.1292491 138.2575 
  -0.07092492 138.9488 
  -0.04888069 139.6435 
  -0.01927059 139.6435 
  0.02444068 140.3417 
  0.5136001 141.0434 
  0.4507659 135.5266 
  0.8013192 132.8496 
  0.9784381 132.1886 
  0.9833777 130.8766 
  0.9840574 130.2255 
  0.9844634 129.5776 
  0.9868353 128.9329 
  0.9840593 128.9329 
  0.986627 128.9329 
  0.9813557 128.9329 
  0.9659278 128.9329 
  0.9497033 129.5776 
  0.8950847 129.5776 
  0.7104656 129.5776 
  0.5044805 129.5776 
  0.4356219 129.5776 
  -0.1016123 129.5776 
  0.01193178 129.5776 
  0.03343045 129.5776 
  0.2206143 129.5776 
  0.05374074 129.5776 
  -0.1609718 129.5776 
  -0.1484483 129.5776 
  -0.08794037 129.5776 
  -0.001628045 129.5776 
  -0.2062218 129.5776 
  -0.06307676 129.5776 
  0.1232727 129.5776 
  0.1639971 129.5776 
  0.1066059 129.5776 
  0.03641337 129.5776 
  0.1099267 129.5776 
  -0.2596925 129.5776 
  -0.06046645 129.5776 
  -0.08465474 129.5776 
  -0.1507293 129.5776 
  -0.1057899 129.5776 
  -0.1019596 129.5776 
  0.09679697 129.5776 
  0.102692 129.5776 ]
