 [
  0.06536454 105.614 
  -0.08552966 105.614 
  -0.3632895 105.614 
  -0.1319218 105.614 
  -0.1260523 105.614 
  0.1842319 105.614 
  0.2525973 105.614 
  0.2110497 105.614 
  0.2088727 105.614 
  -0.005491063 105.614 
  -0.107348 105.614 
  0.4663764 105.614 
  0.1277771 105.614 
  0.7711445 105.614 
  0.8677403 105.614 
  0.954742 105.0885 
  0.9514009 103.5278 
  0.9753484 103.5278 
  0.9660712 103.0128 
  0.8911144 101.4829 
  0.9092966 99.97575 
  0.6697934 98.00098 
  0.7177746 93.23304 
  0.8002671 91.39146 
  0.8850899 91.84841 
  0.7609156 94.63854 
  0.6037964 98.00098 
  0.6623502 104.0455 
  0.73408 109.3664 
  0.8309159 114.3874 
  0.9112404 117.2759 
  0.9759079 119.639 
  0.9803914 120.8384 
  0.9845155 122.0498 
  0.9904397 123.8897 
  0.9852008 124.5092 
  0.9892401 126.3862 
  0.9947091 127.6532 
  0.998474 128.2915 
  0.9995025 128.2915 
  0.9987423 128.2915 
  0.992152 127.6532 
  0.9617319 127.0181 
  0.9193358 125.7574 
  0.8728867 123.2734 
  0.7770862 122.0498 
  0.7176381 121.4426 
  0.3163452 121.4426 
  -0.03075767 122.0498 
  0.1292029 122.0498 
  0.02937047 122.0498 
  0.07565223 122.6601 
  0.2343345 123.2734 
  0.09383202 124.5092 
  -0.3897417 125.7574 
  0.1469584 127.0181 
  0.08959529 128.2915 
  0.0266456 129.5776 
  0.02031783 130.8766 
  0.1174894 131.531 
  0.02053494 131.531 
  -0.06771115 131.531 
  0.2744254 129.5776 
  0.6837561 127.0181 
  0.8135902 125.7574 
  0.9147882 125.1317 
  0.8879496 123.2734 
  0.914301 121.4426 
  0.9612061 120.2372 
  0.9172463 118.4515 
  0.9397025 116.6924 
  0.9673019 115.5342 
  0.9901928 114.9594 
  0.9695753 115.5342 
  0.9655448 116.1118 
  0.9644393 116.6924 
  0.8054636 116.1118 
  0.3988566 113.8184 
  0.097677 113.8184 
  0.08876517 114.3874 
  0.04220474 114.9594 
  0.1211302 115.5342 
  0.01617227 115.5342 
  0.1468 115.5342 
  0.6920609 114.9594 
  0.512894 112.128 
  0.4569663 108.2809 
  0.6514644 105.614 
  0.5930337 101.9903 
  0.5402016 95.11173 
  0.221583 93.23304 
  0.3324651 92.7692 
  0.08281872 92.30766 
  -0.02833259 92.30766 
  -0.1393032 92.30766 
  0.05490867 92.7692 
  0.1056726 93.23304 
  0.1836152 93.6992 
  -0.007753871 94.1677 
  -0.07999383 94.63854 
  0.10039 94.63854 
  0.1936846 95.11173 
  0.111042 96.06523 
  0.02444673 98.491 
  0.7242167 99.97575 
  0.7788383 100.978 
  0.8636802 101.4829 
  0.8991146 101.4829 
  0.9476479 99.97575 
  0.9521728 98.491 
  0.9417588 97.02828 
  0.943424 95.5873 
  0.9013034 94.63854 
  0.8489528 93.23304 
  0.6692168 91.84841 
  0.6651241 90.03418 
  0.8152759 90.03418 
  0.8129884 90.93677 
  0.7282936 93.23304 
  0.8856969 94.1677 
  0.9188209 94.63854 
  0.8794549 95.5873 
  0.9089361 96.54556 
  0.9310156 97.02828 
  0.9376227 97.51342 
  0.9371989 97.02828 
  0.9031649 96.54556 
  0.8639722 95.5873 
  0.8787921 95.11173 
  0.9141834 97.02828 
  0.9323544 97.51342 
  0.9457936 97.51342 
  0.9525503 98.491 
  0.9806225 98.491 
  0.9802665 98.98344 
  0.9617014 98.98344 
  0.9529399 98.491 
  0.9867936 98.00098 
  0.9844685 98.00098 
  0.9762316 97.51342 
  0.9616315 97.02828 
  0.9513385 96.06523 
  0.8178703 95.11173 
  0.7489375 94.1677 
  0.892065 93.6992 
  0.889476 92.7692 
  0.8396821 91.39146 
  0.8831975 90.48434 
  0.7856583 89.58624 
  0.8183951 88.69706 
  0.8570844 87.3798 
  0.8804272 86.94508 
  0.834527 87.8167 
  0.7877226 89.14054 
  0.7559049 90.48434 
  0.8799382 91.39146 
  0.9098629 91.39146 
  0.9153398 90.93677 
  0.8779991 90.48434 
  0.8553696 89.58624 
  0.9095429 89.14054 
  0.922438 89.14054 
  0.8392129 88.25578 
  0.7575921 86.94508 
  0.5017598 85.2277 
  0.638649 83.12859 
  0.9054514 83.12859 
  0.5790061 84.38177 
  0.4216639 87.8167 
  0.8478283 89.58624 
  0.8641436 89.58624 
  0.8407282 90.03418 
  0.9199258 90.48434 
  0.9589491 90.48434 
  0.9583055 90.48434 
  0.9188714 90.03418 
  0.8926882 90.48434 
  0.8921601 90.03418 
  0.834161 90.48434 
  0.9080722 90.93677 
  0.9244504 90.48434 
  0.9146872 90.48434 
  0.8772075 90.93677 
  0.9265443 90.93677 
  0.9236141 90.48434 
  0.8656906 90.03418 
  0.8485558 88.25578 
  0.9534411 87.3798 
  0.7321498 86.51251 
  0.8077145 84.38177 
  0.8478591 83.54424 
  0.2535449 83.54424 
  0.4669808 83.12859 
  0.2402839 83.12859 
  0.4429601 82.3035 
  0.3671227 79.47963 
  0.4728364 79.08421 
  0.4727052 79.47963 
  0.5104333 79.08421 
  0.1581379 80.27641 
  0.456296 84.38177 
  0.8462264 84.80367 
  0.6745418 84.80367 
  0.6104095 84.38177 
  0.7244756 84.80367 
  0.6016933 85.2277 
  0.4677527 85.65383 
  0.4338779 85.65383 
  0.4095084 85.2277 
  0.3618055 85.65383 
  0.1321924 86.51251 
  0.3192898 87.3798 
  0.2629739 87.8167 
  -0.002755341 87.8167 
  -0.1381885 87.8167 
  -0.2423146 88.25578 
  -0.07278159 88.25578 
  0.03971557 88.25578 
  -0.03482349 88.25578 
  0.1296832 88.25578 
  0.2554839 88.25578 
  0.1148494 88.25578 
  0.03384043 88.25578 ]
