 [
  0.054604 138.2575 
  -0.1331745 138.2575 
  0.03322278 138.2575 
  0.01853236 138.2575 
  0.1497195 138.2575 
  -0.02849682 138.2575 
  -0.03688355 138.2575 
  0.08234356 138.2575 
  -0.04455908 138.2575 
  -0.1079091 138.2575 
  -0.053349 138.2575 
  -0.1523206 138.2575 
  0.2096547 138.2575 
  0.06370319 138.2575 
  0.1149967 138.2575 
  -0.1004124 138.2575 
  -0.1196972 138.2575 
  -0.02544852 138.2575 
  0.07209455 138.2575 
  0.02723148 138.2575 
  0.1051392 138.2575 
  0.0980918 138.2575 
  0.07152265 138.2575 
  0.03259441 138.2575 
  0.01037755 138.2575 
  0.1293964 138.2575 
  -0.1177579 138.2575 
  -0.02095832 138.2575 
  0.1191826 138.2575 
  0.3914781 138.2575 
  0.03454866 138.2575 
  0.07534256 138.2575 
  0.2270743 138.2575 
  0.39752 132.1886 
  0.7294132 130.8766 
  0.9800052 130.2255 
  0.9823634 130.8766 
  0.9699913 131.531 
  0.9825159 132.8496 
  0.9149924 134.8523 
  0.8216121 137.5696 
  0.8989313 141.0434 
  0.9494627 143.8855 
  0.9147782 141.0434 
  0.7252639 142.4574 
  0.1573351 145.328 
  0.1123036 148.2564 
  0.1628664 151.2439 
  0.08659134 154.2915 
  -0.04109615 157.4006 
  -0.1933182 161.3751 
  0.016442 164.6269 
  -0.05310236 167.9442 
  -0.03461554 172.185 
  0.2694051 175.6547 
  0.7452666 160.5723 
  0.8414168 156.6175 
  0.9020469 153.5239 
  0.9193892 149.7427 
  0.9324094 146.7849 
  0.9515442 143.1697 
  0.9743348 141.0434 
  0.9486479 139.6435 
  0.8998064 138.9488 
  0.3196511 138.9488 
  0.1277484 139.6435 
  -0.1111739 140.3417 
  -0.05275343 141.0434 
  0.09476112 141.7487 
  0.05974608 142.4574 
  0.01908353 143.1697 
  -0.1059282 143.8855 
  -0.1176348 144.605 
  -0.1223782 145.328 
  0.09651204 145.328 
  0.27469 146.0546 
  0.2126498 147.5188 
  0.6225444 149.7427 
  0.7830682 146.0546 
  0.792811 141.7487 
  0.9123143 139.6435 
  0.9773849 138.2575 
  0.9930024 137.5696 
  0.9960147 137.5696 
  0.9675233 138.2575 
  0.9319652 139.6435 
  0.9523023 141.7487 
  0.9372579 144.605 
  0.9653566 146.0546 
  0.9560908 148.2564 
  0.9455068 149.7427 
  0.9712101 151.2439 
  0.9575914 152.0001 
  0.8582712 151.2439 
  0.5485579 150.4914 
  0.04140135 148.9977 
  0.06171446 147.5188 
  0.1669797 146.0546 
  0.002675484 144.605 
  0.05682235 143.1697 
  -0.03245671 141.7487 
  0.0179607 140.3417 
  -0.1276952 138.9488 
  0.03854214 137.5696 
  0.08873493 136.2042 
  -0.06486765 134.8523 
  0.1161482 134.1814 
  0.1197194 133.5138 
  0.06045084 132.8496 
  0.01342261 131.531 
  0.04647184 130.2255 
  0.01259772 128.9329 
  -0.03563458 127.6532 
  0.1362875 125.7574 
  0.2929358 123.8897 
  0.06587096 122.0498 
  0.01320875 120.8384 
  0.008623831 119.639 
  0.1283983 118.4515 
  0.2966443 117.2759 
  0.2001439 117.2759 
  0.287832 111.0151 
  0.2240267 112.6886 
  0.6006615 111.5702 
  0.6266457 114.9594 
  0.4685024 110.4628 
  0.6088032 109.9132 
  0.6019526 108.2809 
  0.8678428 106.142 
  0.8592592 105.614 
  0.9368254 104.0455 
  0.9327851 103.5278 
  0.8958603 103.0128 
  0.8914044 101.9903 
  0.8682218 100.978 
  0.6353257 100.978 
  0.1971408 101.4829 
  -0.1234952 101.9903 
  0.1193754 102.5003 
  -0.01097642 103.0128 
  0.05648739 103.5278 
  -0.03785226 104.0455 
  -0.1544642 104.5657 
  -0.07712144 105.0885 
  -0.1113516 105.614 
  -0.5161696 106.142 
  0.6079812 107.2061 
  0.7864108 107.7421 
  0.9639745 108.8223 
  0.9466082 108.8223 
  0.9508057 109.3664 
  0.9567904 109.3664 
  0.9581047 111.0151 
  0.9075601 112.128 
  0.8607314 113.2521 
  0.7508211 113.8184 
  0.5159297 114.3874 
  0.1906464 114.9594 
  0.02010139 115.5342 
  -0.04798818 116.1118 
  -0.01459358 116.6924 
  -0.2174108 117.2759 
  -0.1095147 117.8622 
  -0.08854795 118.4515 
  -0.07876085 119.0438 
  0.02132618 119.639 
  0.1734972 119.639 
  0.1350566 119.639 
  0.2178025 119.639 
  0.4093289 115.5342 
  0.7630602 116.1118 
  0.8748513 118.4515 
  0.9114134 119.639 
  0.941461 120.8384 
  0.9102654 123.2734 
  0.8764008 126.3862 
  0.8877728 128.9329 
  0.8479546 131.531 
  0.8751512 134.8523 
  0.9143839 136.8852 
  0.8749075 136.2042 
  0.4070965 136.2042 
  0.05991601 136.8852 
  -0.04733882 137.5696 
  0.01188354 138.2575 
  0.04458991 138.9488 
  0.1080002 138.9488 
  0.1086803 139.6435 
  0.165588 140.3417 
  -0.1163118 141.0434 
  0.2046392 141.7487 
  0.004567177 142.4574 
  -0.05803428 143.1697 
  -0.04986835 143.8855 
  -0.4673492 144.605 
  0.6979603 145.328 
  0.8234763 143.8855 
  0.9559344 141.7487 
  0.9594058 138.2575 
  0.9778783 135.5266 
  0.969129 134.1814 
  0.958206 132.8496 
  0.8834755 132.1886 
  0.8569217 130.8766 
  0.7458781 129.5776 
  0.6544782 130.2255 
  0.5331056 130.8766 
  0.4102463 131.531 
  0.372214 132.1886 
  0.4151452 132.8496 
  0.4933698 134.1814 
  0.7266831 136.2042 
  0.9303085 137.5696 
  0.9699712 138.2575 
  0.9862145 138.2575 
  0.985525 138.2575 
  0.9832238 139.6435 
  0.9584386 140.3417 
  0.9552178 141.7487 
  0.9756544 143.1697 
  0.9812031 144.605 
  0.9823056 144.605 
  0.9819942 145.328 
  0.9703238 145.328 
  0.9347801 144.605 
  0.8713769 142.4574 
  0.4669364 141.0434 
  0.3701518 139.6435 
  0.1137987 138.2575 
  0.04500061 137.5696 
  -0.0072164 136.2042 
  0.1225197 134.8523 
  0.1385132 133.5138 
  0.158664 132.1886 
  0.2319959 130.8766 
  -0.04371056 129.5776 
  0.1124259 128.2915 
  -0.06294683 127.0181 
  -0.3043808 125.7574 
  -0.1572546 124.5092 
  0.3118991 123.2734 
  0.7604408 123.2734 
  0.5996301 117.2759 
  0.7813634 112.6886 
  0.7979494 109.9132 
  0.7877396 107.7421 
  0.5954434 106.6728 
  0.09819959 106.6728 
  0.8794873 106.6728 
  0.2199014 106.6728 
  0.05512493 106.6728 
  0.03768678 106.6728 
  0.02190121 106.6728 
  0.1496629 106.6728 
  0.2854226 106.6728 
  0.8244903 105.614 
  0.8832898 105.0885 
  0.8428069 103.5278 
  0.9024781 101.9903 
  0.9267294 100.4756 
  0.9421415 99.47836 
  0.9792757 98.491 
  0.9523054 98.491 
  0.9142852 99.47836 
  0.9488258 100.978 
  0.9601153 101.9903 
  0.9334255 102.5003 
  0.8861051 103.0128 
  0.5138155 103.0128 
  0.1594467 103.0128 
  -0.06737317 103.0128 
  -0.01485305 103.0128 
  -0.01279161 103.0128 
  -0.02188035 103.0128 
  0.0005899481 103.0128 
  -0.1084881 103.0128 
  -0.2872811 103.0128 
  -0.3125656 103.0128 
  -0.1109882 103.0128 
  -0.02742511 103.0128 
  0.1019173 103.0128 
  0.175068 103.0128 
  0.08473653 103.0128 
  0.05693442 103.0128 
  0.04364997 103.0128 
  0.07674026 103.0128 
  -0.1992523 103.0128 
  -0.1141602 103.0128 
  -0.2927272 103.0128 
  -0.0756214 103.0128 
  0.002970976 103.0128 
  0.1074129 103.0128 
  0.5471295 103.0128 
  0.9441292 103.0128 
  0.9139205 103.5278 
  0.8626516 104.0455 
  0.9342201 104.5657 
  0.9846355 105.0885 
  0.9771481 105.0885 
  0.9523966 105.0885 
  0.6608244 105.614 
  0.2993222 106.6728 
  0.09523464 108.2809 
  0.1190925 109.3664 
  0.4803498 110.4628 
  -0.1031886 111.5702 
  -0.1553662 113.2521 
  0.1730502 114.9594 
  0.01917912 116.6924 
  -0.08443811 118.4515 
  0.05233452 120.2372 
  -0.05262008 122.0498 
  0.01244574 123.8897 
  0.3964753 126.3862 
  0.7745761 136.8852 
  0.8872933 136.8852 
  0.9175355 136.2042 
  0.9569926 133.5138 
  0.969119 131.531 
  0.8297141 131.531 
  0.703877 130.2255 
  0.1327882 129.5776 
  0.9695315 128.9329 
  0.8199766 127.6532 
  0.889431 126.3862 
  0.9296029 125.1317 
  0.975997 123.8897 
  0.8697085 121.4426 
  0.4402048 117.2759 
  0.5512311 112.6886 
  0.8299578 111.0151 
  0.8029553 108.8223 
  0.753548 106.142 
  0.7953032 104.0455 
  0.8520694 101.9903 
  0.7453021 100.4756 
  0.895335 98.491 
  0.8853909 97.51342 
  0.8669944 97.02828 
  0.8551097 96.54556 
  0.7361494 96.06523 
  0.1877182 96.06523 
  0.08981389 97.02828 
  -0.1668715 98.00098 
  0.3534612 98.98344 
  0.0864196 99.97575 
  0.02698962 100.978 
  -0.04489578 101.4829 
  0.03434601 101.9903 
  0.02863677 102.5003 
  0.07185377 103.0128 
  0.140426 103.5278 
  0.1411629 104.0455 
  0.170849 104.5657 
  0.1617507 105.0885 
  0.3035134 105.0885 
  0.3523203 105.0885 
  0.4179914 105.0885 
  0.2492951 105.0885 
  -0.009833217 105.0885 
  0.04024368 105.0885 
  -0.05740725 105.0885 
  -0.1048257 105.0885 
  -0.2041496 105.0885 
  -0.1379071 105.0885 
  0.1165247 105.0885 
  0.03699581 105.0885 
  -0.1272123 105.0885 
  -0.1238119 105.0885 
  0.1136576 105.0885 
  0.1499216 105.0885 
  -0.005762585 105.0885 
  -0.07114594 105.0885 
  -0.09568752 105.0885 
  0.01069098 105.0885 
  0.05041485 105.0885 
  -0.2005886 105.0885 
  0.4401368 105.0885 
  0.587728 105.0885 
  0.3965969 105.0885 
  -0.3130342 105.0885 
  0.5141119 105.0885 
  0.3576054 105.0885 
  -0.01910966 105.0885 
  0.08084825 105.0885 
  0.0285424 105.0885 ]
