 [
  -0.1934845 247.8095 
  -0.1337614 247.8095 
  -0.08548577 247.8095 
  -0.2076085 247.8095 
  -0.2517532 247.8095 
  -0.140579 247.8095 
  0.03641763 247.8095 
  0.1514872 247.8095 
  0.01527673 247.8095 
  0.01521306 247.8095 
  -0.1066224 247.8095 
  -0.08681317 247.8095 
  -0.1460081 247.8095 
  0.09174474 247.8095 
  0.2062449 247.8095 
  0.03195841 247.8095 
  0.2462185 247.8095 
  0.4148026 247.8095 
  0.3110139 249.0485 
  0.8464684 251.5452 
  0.9376077 252.8029 
  0.9805218 256.614 
  0.9931476 260.4825 
  0.9958504 263.0938 
  0.9931777 264.4093 
  0.9753421 263.0938 
  0.9501619 260.4825 
  0.6407719 257.8971 
  0.1803228 256.614 
  0.01520616 256.614 
  0.04739042 256.614 
  0.2427467 255.3373 
  0.03358512 255.3373 
  -0.1368895 255.3373 
  -0.08164464 256.614 
  -0.1587142 257.8971 
  -0.0515079 259.1866 
  0.494524 260.4825 
  0.7785098 261.7849 
  0.1425052 263.0938 
  0.2248526 264.4093 
  0.6849756 264.4093 
  0.7733052 245.3498 
  0.7925113 236.9318 
  0.9283879 227.6642 
  0.9540046 222.057 
  0.9700655 217.6709 
  0.9846687 214.4382 
  0.9904807 212.3098 
  0.9919605 210.2025 
  0.9961815 209.1568 
  0.9956454 208.1162 
  0.9917932 207.0808 
  0.9671519 205.0254 
  0.9649093 202.9904 
  0.9859347 200.9756 
  0.9945059 199.9758 
  0.9642714 201.9805 
  0.9762423 202.9904 
  0.9724746 200.9756 
  0.9831676 198.9809 
  0.972463 196.0257 
  0.9765381 194.0801 
  0.9585639 191.1978 
  0.8882952 189.3 
  0.8548788 185.5609 
  0.1101022 184.6377 
  0.8644154 184.6377 
  0.8421244 184.6377 
  0.899668 184.6377 
  0.8897836 184.6377 
  -0.005045557 184.6377 
  -0.03615865 184.6377 
  0.4100927 185.5609 
  0.6500615 200.9756 
  0.7899767 202.9904 
  0.9633065 204.0054 
  0.9785479 204.0054 
  0.9649744 205.0254 
  0.9321015 209.1568 
  0.881146 214.4382 
  0.8948914 219.853 
  0.9327973 225.4046 
  0.9460781 231.0963 
  0.9420983 236.9318 
  0.9598678 240.5036 
  0.9886311 245.3498 
  0.9952868 246.5766 
  0.9976178 246.5766 
  0.9958525 245.3498 
  0.9851692 244.1292 
  0.9610558 241.7061 
  0.8974716 238.1164 
  0.816115 231.0963 
  0.9474607 220.9523 
  0.9551812 213.3714 
  0.9611508 207.0808 
  0.9638758 202.9904 
  0.959711 200.9756 
  0.9537173 199.9758 
  0.9317822 199.9758 
  0.8019663 200.9756 
  0.1160964 201.9805 
  0.1265571 201.9805 
  0.01711378 201.9805 
  0.0104979 201.9805 
  0.1218484 202.9904 
  -0.08661421 204.0054 
  -0.1462625 205.0254 
  -0.06857334 206.0505 
  0.2439167 206.0505 
  0.6762659 207.0808 
  0.7688166 199.9758 
  0.814674 195.0505 
  0.9181032 190.2465 
  0.928333 186.4887 
  0.9146244 183.7191 
  0.8577505 181.8956 
  0.9979581 181.8956 
  0.9984779 180.9906 
  0.9980114 180.0902 
  0.9946539 180.0902 
  0.9046668 180.0902 
  0.931607 180.0902 
  0.9635735 179.1942 
  0.9920519 178.3027 
  0.9895595 177.4156 
  0.9199952 176.533 
  0.8532166 174.7808 
  0.6441124 174.7808 
  0.9491729 176.533 
  0.957953 178.3027 
  0.9333144 180.0902 
  0.7692418 181.8956 
  0.0117068 183.7191 
  -0.003148957 185.5609 
  -0.04998737 187.4211 
  0.5997947 195.0505 
  0.58626 207.0808 
  0.8367531 212.3098 
  0.9573796 217.6709 
  0.9794745 220.9523 
  0.9778818 224.2832 
  0.9581159 228.8026 
  0.9725188 232.2518 
  0.9884811 235.753 
  0.9905084 236.9318 
  0.9732884 235.753 
  0.9424382 233.4131 
  0.9246109 227.6642 
  0.6437551 219.853 
  0.9655524 212.3098 
  0.9681295 206.0505 
  0.1501734 199.9758 
  -0.06851017 193.1145 
  -0.003947932 187.4211 
  0.1376387 183.7191 
  0.5223545 179.1942 
  0.6018556 172.185 
  0.9508991 169.6279 
  0.9946729 168.784 
  0.9897234 169.6279 
  0.9694976 168.784 
  0.9294346 169.6279 
  0.8351988 173.9112 
  0.7850078 176.533 
  0.5220283 179.1942 
  -0.1035657 181.8956 
  -0.2190423 182.8051 
  -0.05273703 183.7191 
  0.01498721 184.6377 
  0.3472372 184.6377 
  0.2084787 184.6377 
  0.1103456 184.6377 
  -0.08509206 184.6377 
  -0.2345954 184.6377 
  -0.1853258 184.6377 
  -0.1225338 184.6377 
  -0.2259953 184.6377 
  -0.06966646 184.6377 
  -0.02785228 184.6377 
  0.09798063 184.6377 
  0.1461658 184.6377 
  -0.07202811 184.6377 
  -0.0837515 184.6377 
  -0.07391071 184.6377 
  -0.07129987 184.6377 
  -0.1294223 184.6377 
  -0.3824383 184.6377 ]
