 [
  0.2194137 127.0181 
  0.08645584 127.0181 
  0.1217594 127.0181 
  -0.06079882 127.0181 
  -0.1165925 127.0181 
  -0.0864455 127.0181 
  0.04932658 127.0181 
  0.04467119 127.0181 
  0.0605638 127.0181 
  0.05783318 127.0181 
  0.08325154 127.0181 
  0.2063984 127.0181 
  0.3836754 127.0181 
  -0.02284215 127.0181 
  0.459353 127.0181 
  0.7514197 127.0181 
  0.9603968 127.0181 
  0.965997 127.0181 
  0.9402926 127.0181 
  0.9209167 127.0181 
  0.8944653 127.0181 
  0.7371147 124.5092 
  0.8438963 122.6601 
  0.9368243 121.4426 
  0.8996958 120.2372 
  0.8340434 119.0438 
  0.6702394 117.2759 
  0.621322 118.4515 
  0.9945431 120.2372 
  0.9975923 120.8384 
  0.9970511 121.4426 
  0.9982581 122.0498 
  0.9958507 123.2734 
  0.9902879 124.5092 
  0.5211095 128.9329 
  0.7023799 130.8766 
  0.7916004 130.8766 
  0.95423 130.8766 
  0.9574411 132.1886 
  0.987766 132.8496 
  0.9614782 134.1814 
  0.9392745 135.5266 
  0.9511265 137.5696 
  0.9739275 138.2575 
  0.9564624 139.6435 
  0.9079964 141.7487 
  0.891079 143.8855 
  0.9246595 146.7849 
  0.9668046 148.2564 
  0.9556643 148.9977 
  0.9428806 150.4914 
  0.9311099 152.7601 
  0.9489652 154.2915 
  0.9337818 155.8383 
  0.9256352 156.6175 
  0.8342943 158.9785 
  0.9803914 161.3751 
  0.97102 160.5723 
  0.9476106 158.9785 
  0.8529688 158.1876 
  0.9080634 158.9785 
  0.9083442 160.5723 
  0.9384617 160.5723 
  0.8901632 158.9785 
  0.8627658 156.6175 
  0.8873872 152.7601 
  0.9110448 150.4914 
  0.9193065 147.5188 
  0.9505717 146.0546 
  0.9353009 143.8855 
  0.8906183 141.7487 
  0.9753885 140.3417 
  0.9699668 139.6435 
  0.9135465 139.6435 
  0.8639688 138.9488 
  0.8804396 136.8852 
  0.8845572 134.8523 
  0.9254054 133.5138 
  0.9280856 132.1886 
  0.8960141 130.2255 
  0.8721882 128.9329 
  0.7841165 127.6532 
  0.9680824 127.0181 
  0.982612 125.7574 
  0.9708014 123.8897 
  0.963536 122.0498 
  0.853587 120.8384 
  0.7977734 119.0438 
  0.7801881 116.6924 
  0.7855315 116.1118 
  0.8067099 114.9594 
  0.3631729 114.3874 
  0.5252261 114.9594 
  0.3014575 115.5342 
  0.0617184 116.1118 
  0.2753966 116.6924 
  0.1476994 117.2759 
  0.2578152 117.8622 
  0.293312 118.4515 
  -0.0286534 119.0438 
  0.2284677 119.639 
  0.7412629 117.8622 
  0.9129436 116.6924 
  0.7185474 112.6886 
  0.9453533 109.9132 
  0.8704187 108.8223 
  0.8028462 107.7421 
  0.7983819 105.614 
  -0.2627501 107.2061 
  -0.3359752 108.2809 
  0.02975442 109.3664 
  -0.0367892 110.4628 
  -0.1344652 111.5702 
  -0.08614755 112.6886 
  -0.003617114 114.3874 
  -0.01371894 116.1118 
  -0.08605833 117.8622 
  -0.0742294 119.639 
  0.3518929 122.6601 
  0.7400447 128.9329 
  0.8494549 128.2915 
  0.8426494 125.7574 
  0.9522025 123.8897 
  0.9641201 123.2734 
  0.9772272 122.6601 
  0.9601061 122.6601 
  0.9666584 123.8897 
  0.9877741 123.8897 
  0.9857564 123.8897 
  0.9133809 123.2734 
  0.9317334 122.6601 
  0.8957326 122.0498 
  0.9408746 121.4426 
  0.819025 120.8384 
  0.83799 119.0438 
  0.8324435 117.8622 
  0.7121944 115.5342 
  0.6607705 113.2521 
  0.7534527 110.4628 
  0.7408311 108.2809 
  0.8813986 105.614 
  0.7599662 102.5003 
  0.9123219 100.978 
  0.677954 121.4426 
  0.5185266 123.2734 
  0.06337488 128.9329 
  0.2987868 137.5696 
  0.3782779 142.4574 
  0.391656 143.8855 
  0.2333652 143.8855 
  0.2679736 141.0434 
  0.3523476 135.5266 
  0.444669 134.8523 
  0.265112 132.8496 
  0.2188517 132.8496 
  0.4527675 133.5138 
  0.5735675 133.5138 
  0.7129348 132.8496 
  0.7723935 131.531 
  0.5892002 130.2255 
  0.1671894 128.9329 
  0.09779407 127.6532 
  0.0001412872 126.3862 
  -0.0775276 125.1317 
  0.2235552 123.8897 
  -0.1174146 122.6601 
  0.1308279 121.4426 
  0.1686784 122.0498 
  0.1517202 122.6601 
  0.1671656 124.5092 
  0.4980338 123.2734 
  0.3538826 122.6601 
  0.2890997 111.5702 
  0.4355789 109.9132 
  0.6126348 108.2809 
  0.8647393 107.7421 
  0.9496126 108.8223 
  0.9469319 109.3664 
  0.9526998 108.8223 
  0.9351984 108.8223 
  0.9728963 109.9132 
  0.9834577 110.4628 
  0.9710107 109.9132 
  0.9650586 110.4628 
  0.955685 110.4628 
  0.9570937 110.4628 
  0.9356766 109.9132 
  0.9468567 108.8223 
  0.9834156 108.2809 
  0.9650944 108.2809 
  0.7882965 107.7421 
  0.5898616 107.2061 
  0.895775 108.2809 
  0.677039 109.9132 
  0.5051621 106.142 
  0.6911834 105.0885 
  0.7593483 104.0455 
  0.6953567 103.5278 
  0.702877 102.5003 
  0.4203755 102.5003 
  0.9515921 102.5003 
  0.943153 102.5003 
  0.9223924 102.5003 
  0.9237127 102.5003 
  0.4134676 102.5003 
  -0.01449944 102.5003 
  0.2634594 101.9903 
  0.5596523 101.4829 
  0.2533992 108.2809 
  0.5545064 110.4628 
  0.9685317 110.4628 
  0.9791902 110.4628 
  0.9883835 110.4628 
  0.9509385 109.9132 
  0.9653397 109.9132 
  0.9657592 109.3664 
  0.784739 107.2061 
  0.7158181 104.5657 
  0.4923424 103.5278 
  0.1163153 107.7421 
  0.5664269 98.491 
  0.3815253 97.51342 
  0.3542674 97.51342 
  0.691321 91.39146 
  0.1621423 87.3798 
  0.2773741 82.71502 
  0.555674 74.86229 
  0.5445555 75.2366 
  0.4362347 75.2366 
  0.2371589 74.11925 
  0.2615944 72.29374 
  0.3357465 71.93407 
  0.2157904 72.29374 
  0.2402035 72.6552 
  -0.05032979 73.01849 
  0.1096007 73.01849 
  -0.1016505 73.01849 
  0.1034561 73.01849 
  0.2893116 73.01849 
  0.000945298 73.01849 
  -0.1555072 73.01849 
  -0.1431796 73.01849 
  -0.07643589 73.01849 
  -0.04932843 73.01849 
  -0.04280044 73.01849 
  -0.232214 73.01849 
  -0.2868249 73.01849 
  -0.301703 73.01849 ]
