 [
  -0.1099792 97.02828 
  0.05543802 97.02828 
  0.1267197 97.02828 
  0.1250448 97.02828 
  0.121534 97.02828 
  0.09591171 97.02828 
  -0.06751569 97.02828 
  0.04678319 97.02828 
  -0.06339427 97.02828 
  -0.04685397 97.02828 
  -0.1192754 97.02828 
  -0.03913223 97.02828 
  -0.1353503 97.02828 
  -0.01727965 97.02828 
  -0.01829094 97.02828 
  -0.007291385 97.02828 
  -0.01642786 97.02828 
  -0.08885399 97.02828 
  -0.1450977 97.02828 
  0.05155148 97.02828 
  0.2686861 97.51342 
  0.6769102 99.47836 
  0.8975008 99.97575 
  0.8774439 99.47836 
  0.7839857 98.98344 
  0.5392583 98.00098 
  0.5547296 97.02828 
  0.9819554 98.00098 
  0.9944045 98.491 
  0.9858905 98.98344 
  0.9724829 99.97575 
  0.9531443 101.4829 
  0.9280537 104.0455 
  0.5124367 110.4628 
  0.7945567 111.0151 
  0.8776089 111.5702 
  0.9389885 113.2521 
  0.8947507 116.6924 
  0.8861951 119.639 
  0.8861424 122.0498 
  0.9281272 124.5092 
  0.8738639 125.1317 
  0.592007 125.7574 
  0.1790155 124.5092 
  0.04843073 122.6601 
  0.02181096 120.8384 
  0.2083464 120.2372 
  0.1253395 119.639 
  0.05450453 120.2372 
  0.07671586 120.8384 
  0.1267627 120.8384 
  -0.07283182 120.8384 
  -0.3389608 120.2372 
  -0.01997328 119.639 
  0.0004401794 119.0438 
  0.4347893 118.4515 
  0.3903883 118.4515 
  0.1429955 119.0438 
  0.1756227 120.8384 
  0.1063189 122.6601 
  0.4580517 120.8384 
  0.4539228 120.2372 
  0.581091 114.9594 
  0.806243 112.128 
  0.8131458 109.3664 
  0.9046028 107.7421 
  0.9722589 106.6728 
  0.9651588 106.142 
  0.8822782 106.6728 
  0.896096 108.8223 
  0.9713213 109.9132 
  0.965374 109.9132 
  0.9447963 110.4628 
  0.8375036 111.0151 
  0.7693818 113.2521 
  0.2840585 113.8184 
  -0.2084431 114.3874 
  -0.08069885 115.5342 
  0.006729476 116.6924 
  -0.04695114 117.2759 
  -0.02723273 117.8622 
  0.1145579 119.0438 
  0.2760942 119.639 
  0.30834 120.2372 
  0.3038591 119.639 
  0.3821527 116.6924 
  0.7730569 113.2521 
  0.7455606 110.4628 
  0.7990005 107.7421 
  0.9577527 105.614 
  0.8915915 104.5657 
  0.852808 102.5003 
  0.8230186 99.97575 
  0.8067096 97.02828 
  0.739319 94.63854 
  0.3404862 95.5873 
  0.1622012 96.54556 
  0.1274921 97.51342 
  -0.04602608 98.491 
  -0.09261476 99.47836 
  -0.1250972 100.4756 
  0.0276264 101.4829 
  -0.0008549304 103.0128 
  0.7630115 104.0455 
  0.8427948 103.5278 
  0.8217318 100.978 
  0.9580381 98.98344 
  0.9824311 98.00098 
  0.9405017 98.00098 
  0.8789213 97.02828 
  0.6897212 97.51342 
  0.3398136 98.98344 
  -0.2293894 100.4756 
  -0.1565561 101.9903 
  -0.01587959 103.5278 
  0.02319832 105.0885 
  0.006266162 106.6728 
  0.1741827 108.2809 
  0.1372685 109.3664 
  0.1918395 109.3664 
  0.264366 111.0151 
  0.3320615 111.5702 
  0.1865201 111.5702 
  0.2037783 111.5702 
  0.4311365 122.0498 
  0.4702959 109.9132 
  0.6642761 108.8223 
  0.7420346 106.142 
  0.9546903 105.0885 
  0.9680992 105.0885 
  0.9476619 105.0885 
  0.9008685 105.614 
  0.9435192 106.6728 
  0.8912025 107.2061 
  0.8490974 107.7421 
  0.8007113 108.8223 
  0.2146463 109.9132 
  -0.09545317 111.0151 
  -0.04415039 112.128 
  -0.1096301 112.6886 
  -0.2425795 113.2521 
  -0.1256288 113.8184 
  0.06163101 114.3874 
  0.04338609 114.9594 
  0.0139075 116.1118 
  0.03862743 117.2759 
  0.1129159 118.4515 
  0.704779 116.6924 
  0.8593585 113.8184 
  0.9077784 111.5702 
  0.9404342 109.3664 
  0.9655129 108.2809 
  0.9074011 107.2061 
  0.8080184 106.6728 
  0.5168346 105.0885 
  0.8108094 103.0128 
  0.2932303 100.978 
  0.1118468 98.98344 
  0.03214256 98.00098 
  0.4262286 97.51342 
  0.5127315 98.00098 
  0.5699604 99.97575 
  0.6947293 101.4829 
  0.941273 100.4756 
  0.8736088 101.4829 
  0.8795427 102.5003 
  0.8990977 103.5278 
  0.9157457 103.0128 
  0.9027802 102.5003 
  0.9380929 101.9903 
  0.9235156 101.4829 
  0.8422931 101.9903 
  0.6380295 103.0128 
  0.566331 105.0885 
  0.1761675 106.142 
  0.1553678 106.6728 
  0.01502495 107.2061 
  -0.09803905 107.7421 
  0.01662533 108.8223 
  0.04623798 109.3664 
  0.07124776 109.9132 
  0.2224178 110.4628 
  0.5061508 112.128 
  0.5134788 100.4756 
  0.8739076 99.97575 
  0.8433858 99.47836 
  0.8452996 97.02828 
  0.8174248 96.54556 
  0.8109205 98.00098 
  0.6357707 99.97575 
  0.5115826 96.06523 
  0.7623628 95.5873 
  0.6547372 93.6992 
  0.7264625 90.93677 
  0.7138548 90.03418 
  0.3680943 90.03418 
  -0.2525524 92.7692 
  -0.1072629 94.1677 
  0.2643673 95.5873 
  -0.3495841 97.02828 
  0.1566255 98.00098 
  0.4553111 99.47836 
  0.06784448 99.97575 
  0.09318575 100.4756 
  0.01022636 100.4756 
  0.05953601 101.4829 
  -0.0807276 103.0128 
  -0.0781471 104.5657 
  0.1961823 106.142 
  0.2797104 107.7421 
  0.5676581 112.6886 
  0.3312249 101.9903 
  0.4179178 99.47836 
  0.7290087 96.54556 
  0.7077212 94.63854 
  0.166095 93.23304 
  0.8314192 99.47836 
  0.8709614 98.98344 
  0.8169587 98.98344 
  0.8243434 98.491 
  0.825056 98.491 
  0.869368 98.98344 
  0.924737 98.98344 
  0.8464212 97.02828 
  0.8603008 96.06523 
  0.3820125 90.93677 
  0.8165566 88.69706 
  0.8584367 89.14054 
  0.8707276 88.69706 
  0.8084531 89.14054 
  0.7353836 88.25578 
  0.7184869 89.58624 
  0.6391485 89.58624 
  0.7391412 87.8167 
  0.636116 86.51251 
  0.5120661 84.80367 
  -0.008088332 83.12859 
  0.5871029 81.4866 
  0.5720575 81.08118 
  -0.1469561 80.6778 
  -0.1034017 80.27641 
  -0.05255521 79.87703 
  -0.09949804 79.47963 
  0.2175746 79.08421 
  -0.1721514 78.69076 
  0.1602387 78.69076 
  0.2993782 74.48985 
  0.4650002 73.7505 
  0.7155265 73.38358 
  0.5311317 75.2366 
  0.3136539 78.29926 
  0.6841488 82.71502 
  0.8030998 83.96195 
  0.6495711 84.38177 
  0.907708 88.25578 
  0.9261721 90.03418 
  0.8093221 91.84841 
  0.6639053 95.11173 
  0.7617586 98.491 
  0.8197701 100.978 
  0.7875049 102.5003 
  0.7457912 103.5278 
  0.7636236 104.0455 
  0.823728 104.0455 
  0.7898031 104.0455 
  0.6240338 104.0455 
  0.4772386 104.0455 
  0.04578812 104.0455 
  0.2032208 104.0455 
  -0.05305614 104.0455 
  -0.07507888 104.0455 ]
