 [
  -0.02099236 128.9329 
  -0.1353904 128.9329 
  -0.009778295 128.9329 
  -0.1156167 128.9329 
  -0.05213185 128.9329 
  -0.1230042 128.9329 
  -0.079912 128.9329 
  -0.1122063 128.9329 
  -0.09665724 128.9329 
  -0.208109 128.9329 
  0.007738791 128.9329 
  0.08877374 128.9329 
  0.06784177 128.2915 
  0.2263696 127.6532 
  0.2413663 126.3862 
  0.286689 125.7574 
  0.394287 124.5092 
  0.7601823 123.8897 
  0.9584532 123.2734 
  0.9942712 123.2734 
  0.9943822 123.2734 
  0.8004314 124.5092 
  0.7351256 127.6532 
  0.8311468 128.2915 
  0.9275455 128.2915 
  0.9192341 129.5776 
  0.9212235 132.1886 
  0.9190473 133.5138 
  0.9164951 134.8523 
  0.8654795 134.8523 
  0.738211 134.8523 
  0.3415907 135.5266 
  -0.05740933 136.2042 
  0.09308305 136.8852 
  0.1801376 137.5696 
  0.1442641 138.9488 
  -0.01427472 140.3417 
  0.1925161 142.4574 
  -0.1523351 144.605 
  0.004698027 146.0546 
  0.268481 147.5188 
  -0.009788702 148.9977 
  0.02923067 150.4914 
  0.03905267 152.7601 
  0.5031042 155.063 
  0.4157827 138.9488 
  0.7412851 140.3417 
  0.9574931 140.3417 
  0.949496 138.9488 
  0.9457763 136.8852 
  0.9434034 134.1814 
  0.9808598 132.8496 
  0.9928167 132.1886 
  0.9913074 132.1886 
  0.9951357 131.531 
  0.9952063 131.531 
  0.992893 131.531 
  0.9777805 130.8766 
  0.9763918 129.5776 
  0.9828563 128.2915 
  0.9947721 127.6532 
  0.9941479 127.0181 
  0.9591358 125.7574 
  0.9644769 123.8897 
  0.9639987 122.0498 
  0.9556769 120.8384 
  0.9857452 119.639 
  0.9927273 119.0438 
  0.9795285 119.0438 
  0.971676 119.639 
  0.9760693 119.639 
  0.9752233 119.639 
  0.9849735 120.8384 
  0.9936526 120.8384 
  0.9792986 121.4426 
  0.9644929 122.0498 
  0.9610114 123.2734 
  0.9427031 125.1317 
  0.9525661 125.7574 
  0.8247308 126.3862 
  0.7266191 125.1317 
  0.1170449 121.4426 
  -0.1196822 120.2372 
  0.265681 119.0438 
  0.4191597 117.8622 
  -0.04955585 116.6924 
  0.1303796 115.5342 
  0.05236178 114.3874 
  0.06405482 113.2521 
  -0.04286338 112.128 
  0.335947 111.0151 
  0.0673686 109.9132 
  0.1153354 109.3664 
  0.4155517 106.6728 
  0.5912696 107.7421 
  0.9034337 107.7421 
  0.7759197 107.2061 
  0.5346361 108.8223 
  0.9517239 111.5702 
  0.9849762 112.128 
  0.9883031 111.5702 
  0.9984334 111.0151 
  0.9979408 111.5702 
  0.9959933 112.128 
  0.9417914 113.2521 
  0.787499 114.9594 
  0.8376818 114.3874 
  0.9552032 113.2521 
  0.9209545 112.6886 
  0.9052397 112.128 
  0.7536288 112.6886 
  0.9702163 115.5342 
  0.9709971 116.6924 
  0.9675931 116.6924 
  0.8701433 114.9594 
  0.9234766 114.3874 
  0.9333983 113.2521 
  0.9082392 112.128 
  0.9323215 111.0151 
  0.8058684 111.5702 
  0.5082983 112.6886 
  0.2922165 113.2521 
  0.07264844 113.8184 
  -0.05061096 114.9594 
  0.02740277 116.1118 
  0.07110037 117.2759 
  0.1622868 118.4515 
  0.01981385 119.639 
  0.4039456 120.2372 
  0.08878122 121.4426 
  -0.07905085 122.0498 
  0.0002346028 122.6601 
  -0.0004904192 123.2734 
  0.002455777 123.8897 
  0.7222689 124.5092 
  0.2557595 109.3664 
  0.654278 111.5702 
  0.8598799 113.8184 
  0.8271891 114.3874 
  0.5533609 112.6886 
  0.6409059 113.8184 
  0.4406296 114.3874 
  -0.03072537 114.9594 
  0.06891201 115.5342 
  0.04149316 116.1118 
  0.001576385 116.6924 
  -0.1714128 117.2759 
  -0.1010177 117.8622 
  0.05458164 118.4515 
  0.2072787 119.0438 
  0.2078851 119.0438 
  0.1388094 119.639 
  0.1655005 120.2372 
  0.2369468 121.4426 
  0.6681829 122.0498 
  0.7734151 121.4426 
  0.9811395 120.2372 
  0.9753064 119.0438 
  0.9904616 117.8622 
  0.9925275 117.8622 
  0.9937798 117.8622 
  0.9928954 117.2759 
  0.966283 116.6924 
  0.9709154 116.6924 
  0.9826977 115.5342 
  0.9663897 114.9594 
  0.9369421 113.2521 
  0.8531908 112.128 
  0.6903062 111.0151 
  0.2407181 111.5702 
  0.8899723 112.128 
  0.8893349 112.128 
  0.6213179 112.128 
  0.04771733 112.6886 
  -0.07896934 113.2521 
  0.1555291 113.8184 
  0.5989245 111.5702 
  0.462163 109.3664 
  0.5787934 111.5702 
  0.4569697 114.3874 
  0.9445942 115.5342 
  0.9708991 115.5342 
  0.9575648 116.1118 
  0.9348142 116.6924 
  0.9598762 117.8622 
  0.9500932 117.8622 
  0.8436707 119.0438 
  0.857155 120.2372 
  0.9088481 120.2372 
  0.9424732 121.4426 
  0.901059 121.4426 
  0.725174 121.4426 
  0.5157288 121.4426 
  0.01434928 121.4426 
  -0.5270015 121.4426 
  0.1616426 121.4426 
  0.1910268 121.4426 
  0.380235 121.4426 
  0.2336894 121.4426 
  0.09048094 122.0498 
  -0.0442526 122.0498 
  0.1194533 122.6601 
  0.171477 122.6601 
  0.05204355 122.6601 
  -0.2278266 122.6601 
  -0.110719 122.6601 
  -0.07889602 122.6601 
  0.1291664 122.6601 
  0.2470529 122.6601 
  0.1872126 122.6601 
  0.1103126 122.6601 
  -0.09000542 122.6601 
  -0.06116925 122.6601 
  -0.01828021 122.6601 
  -0.01663429 122.6601 
  -0.143129 122.6601 
  -0.2291576 122.6601 
  -0.3229396 122.6601 ]
