 [
  -0.1754625 114.9594 
  -0.004534932 114.9594 
  0.2154782 114.9594 
  0.243437 114.9594 
  0.2778077 114.9594 
  0.1948494 114.9594 
  0.1097519 114.9594 
  -0.2162878 114.9594 
  -0.3053781 114.9594 
  -0.4958115 114.9594 
  -0.1659469 114.9594 
  0.293589 114.9594 
  0.3106216 114.9594 
  0.2108372 114.9594 
  0.05002045 114.9594 
  0.06109384 115.5342 
  0.004528574 116.1118 
  0.6669021 123.8897 
  0.7413862 122.6601 
  0.8116236 120.8384 
  0.8742592 116.1118 
  0.8353705 111.5702 
  0.675423 108.8223 
  -0.1339646 110.4628 
  -0.06421014 112.128 
  0.1431247 113.2521 
  0.4173685 114.3874 
  0.303333 115.5342 
  0.07056272 116.6924 
  -0.1754951 117.8622 
  0.00305826 119.0438 
  0.2129665 120.2372 
  0.1565704 120.8384 
  0.1387721 121.4426 
  0.056145 123.2734 
  0.127038 125.7574 
  0.3584872 128.9329 
  0.7302337 134.8523 
  0.5948474 127.0181 
  0.77691 123.2734 
  0.9494099 121.4426 
  0.9895079 120.8384 
  0.991272 120.2372 
  0.9781026 120.2372 
  0.9100471 119.639 
  0.8179777 118.4515 
  0.6947911 117.2759 
  0.3345697 120.8384 
  0.8274707 123.8897 
  0.9018736 124.5092 
  0.9859101 123.8897 
  0.995961 123.2734 
  0.9975438 123.2734 
  0.99682 123.2734 
  0.9906579 123.2734 
  0.9465536 123.2734 
  0.8965853 122.6601 
  0.7807168 122.6601 
  0.3258564 124.5092 
  0.1009502 126.3862 
  0.6734571 127.6532 
  0.8100428 126.3862 
  0.8632324 124.5092 
  0.8297943 122.0498 
  0.7984524 119.639 
  0.6222494 116.1118 
  -0.07445479 116.6924 
  0.3806608 117.8622 
  0.4877545 119.0438 
  -0.04361173 120.2372 
  -0.07682415 121.4426 
  -0.04704279 122.6601 
  -0.01056002 123.8897 
  0.2226365 124.5092 
  0.1417842 125.7574 
  -0.1329277 128.2915 
  0.2294911 130.2255 
  0.7974046 132.8496 
  0.2297364 120.2372 
  0.4288517 119.0438 
  0.9252173 118.4515 
  0.9912493 117.2759 
  0.9787158 116.6924 
  0.9836856 116.1118 
  0.9829106 115.5342 
  0.9773966 115.5342 
  0.9716706 116.1118 
  0.9511694 116.1118 
  0.8970133 115.5342 
  0.8046807 114.3874 
  0.7021786 112.6886 
  0.2436909 111.5702 
  0.3180447 111.0151 
  0.06224301 110.4628 
  0.1084799 109.9132 
  -0.001132936 109.3664 
  0.008994632 108.8223 
  -0.02381298 108.2809 
  -0.07953071 107.7421 
  0.009119293 107.2061 
  0.02262545 106.6728 
  0.01934052 106.142 
  0.04237412 105.614 
  0.1109696 105.614 
  -0.05891503 105.614 
  0.6559134 105.614 
  0.8450474 106.142 
  0.9565769 105.614 
  0.9056313 104.0455 
  0.9367791 102.5003 
  0.9813177 100.978 
  0.9657937 99.97575 
  0.8876253 98.98344 
  0.7344902 97.51342 
  0.5150996 95.5873 
  0.03204608 96.54556 
  0.1425422 98.00098 
  0.1673028 99.47836 
  0.09205429 100.978 
  0.09950364 102.5003 
  0.106809 104.0455 
  0.3089663 105.614 
  0.2089708 106.6728 
  -0.4082625 108.2809 
  -0.4265795 109.9132 
  -0.1121659 111.5702 
  -0.09418852 112.6886 
  0.2618051 113.8184 
  0.5859108 114.9594 
  0.6136292 114.9594 
  0.5581936 112.128 
  0.7581028 108.2809 
  0.8982433 106.6728 
  0.9510633 106.142 
  0.9408831 106.142 
  0.8998032 106.6728 
  0.9074536 107.7421 
  0.8939562 107.7421 
  0.8625315 107.7421 
  0.7573972 106.6728 
  0.2778817 107.2061 
  0.2346974 107.2061 
  -0.2110591 107.2061 
  0.267675 107.2061 
  0.1400699 107.2061 
  0.2207914 107.2061 
  0.04062872 107.2061 
  -0.05096152 107.2061 
  -0.07219813 107.2061 
  0.1170339 107.2061 
  0.2136009 107.2061 
  0.1512761 107.7421 
  0.1826767 107.7421 
  0.5702361 108.2809 
  0.3889099 106.142 
  0.5557523 100.978 
  -0.1879684 101.4829 
  0.1521119 102.5003 
  0.2468076 103.5278 
  0.2230853 105.0885 
  -0.0854637 106.6728 
  0.03085032 107.7421 
  0.005794913 108.8223 
  -0.0448835 109.9132 
  -0.01972102 111.0151 
  -0.1669088 112.6886 
  0.1414733 115.5342 
  0.2566682 119.0438 
  0.6058953 121.4426 
  0.287084 106.142 
  0.7830083 105.614 
  0.9465366 105.614 
  0.9734001 104.5657 
  0.9468604 103.5278 
  0.9143338 101.4829 
  0.9144303 99.97575 
  0.8878691 98.491 
  0.8220651 96.54556 
  0.7431895 93.6992 
  0.5640402 94.1677 
  0.4843532 95.11173 
  0.4184812 94.63854 
  0.2187571 93.23304 
  0.3049853 90.03418 
  0.4041576 90.03418 
  0.5420793 90.93677 
  0.2213569 92.30766 
  0.3002382 93.6992 
  0.181369 94.63854 
  0.08405037 95.11173 
  0.02232132 95.5873 
  0.1359898 95.5873 
  0.213381 95.5873 
  0.1320575 95.5873 
  0.1523592 95.5873 
  0.3190159 95.5873 
  0.1442812 95.5873 
  -0.1339261 95.5873 
  -0.1705012 95.5873 
  0.1543345 95.5873 
  -0.03115504 95.5873 
  -0.01003602 95.5873 
  0.2333196 95.5873 
  -0.0794293 95.5873 
  -0.1498204 95.5873 
  0.009583794 95.5873 
  0.1125786 95.5873 
  -0.03345977 95.5873 
  -0.1936971 95.5873 
  0.02574177 95.5873 
  -0.1200342 95.5873 
  -0.2261201 95.5873 
  -0.2125195 95.5873 
  -0.06964146 95.5873 
  0.04692542 95.5873 
  -0.0468223 95.5873 
  -0.387708 95.5873 
  -0.330061 95.5873 
  0.00934862 95.5873 ]
