 [
  -0.4079891 109.3664 
  -0.4267048 109.3664 
  -0.4749343 109.3664 
  -0.4878147 109.3664 
  -0.3605193 109.3664 
  -0.2890618 109.3664 
  -0.1569155 109.3664 
  0.02223705 109.3664 
  -0.075743 109.3664 
  0.0484685 109.3664 
  0.1325644 109.3664 
  -0.06380029 109.3664 
  0.3284982 109.3664 
  0.08118431 110.4628 
  0.3412954 112.6886 
  0.8463715 113.8184 
  0.9399107 112.6886 
  0.8680865 112.6886 
  0.6302406 113.8184 
  0.1332839 115.5342 
  -0.23492 117.8622 
  -0.08957671 120.2372 
  0.1798753 122.6601 
  0.1007034 125.1317 
  0.01716731 127.6532 
  0.07814392 130.2255 
  -0.1068352 132.8496 
  0.2086225 135.5266 
  -0.02807335 138.2575 
  0.7313261 141.0434 
  0.755851 138.2575 
  0.8121404 134.8523 
  0.9340984 133.5138 
  0.9670469 132.8496 
  0.9604231 132.8496 
  0.9458944 134.1814 
  0.9470148 134.8523 
  0.9314481 135.5266 
  0.8930427 135.5266 
  0.8482917 137.5696 
  0.8088083 138.2575 
  0.4344945 136.8852 
  -0.08513604 136.8852 
  -0.08326939 136.8852 
  0.01298892 136.8852 
  -0.1052987 136.8852 
  -0.08569326 136.8852 
  0.2129918 137.5696 
  0.7300988 138.2575 
  0.8165965 136.2042 
  0.8977127 133.5138 
  0.7813814 129.5776 
  0.7453247 127.0181 
  0.7832853 123.8897 
  0.7328603 120.8384 
  -0.2001694 121.4426 
  0.1666726 122.6601 
  0.1785505 123.8897 
  0.1661409 125.1317 
  0.03397525 126.3862 
  -0.0558131 127.6532 
  -0.07150257 128.9329 
  -0.1739719 130.2255 
  -0.1053141 131.531 
  0.139512 132.8496 
  0.01004138 133.5138 
  0.5107157 134.1814 
  0.5514069 136.2042 
  0.6987334 133.5138 
  0.9729179 132.1886 
  0.9886231 132.1886 
  0.9977067 132.8496 
  0.9989152 132.8496 
  0.9966797 132.1886 
  0.9981744 132.1886 
  0.997699 132.1886 
  0.9892334 132.1886 
  0.925981 131.531 
  0.8753424 130.8766 
  0.6745926 129.5776 
  0.9142889 128.9329 
  0.9425793 128.9329 
  0.9439851 128.2915 
  0.9387766 127.0181 
  0.9553787 124.5092 
  0.9756595 122.0498 
  0.9853589 119.639 
  0.9749073 118.4515 
  0.9641848 117.2759 
  0.948063 116.6924 
  0.9179403 115.5342 
  0.8622383 113.8184 
  0.889061 111.5702 
  0.964076 109.9132 
  0.9634952 108.2809 
  0.9719946 107.2061 
  0.9795283 106.142 
  0.9630191 105.0885 
  0.85289 104.0455 
  0.737146 101.9903 
  0.05483064 103.5278 
  0.1457129 105.614 
  -0.08219727 107.7421 
  -0.2892368 109.9132 
  -0.2068095 112.128 
  0.06035415 114.3874 
  0.2345326 116.6924 
  0.1062227 118.4515 
  0.1135079 120.2372 
  -0.1334704 122.6601 
  -0.08928988 124.5092 
  0.0434702 126.3862 
  -0.06078326 128.2915 
  -0.02066078 130.2255 
  0.6588545 131.531 
  0.7665385 130.8766 
  0.8481383 129.5776 
  0.9171613 127.0181 
  0.9756132 126.3862 
  0.9856934 125.7574 
  0.9888693 125.7574 
  0.9815767 125.7574 
  0.9812517 125.7574 
  0.9596422 125.7574 
  0.9307584 125.1317 
  0.8255519 124.5092 
  0.005993609 124.5092 
  0.3734705 125.7574 
  -0.09559207 126.3862 
  -0.09309177 127.6532 
  0.104197 128.9329 
  0.1749884 129.5776 
  0.08189033 130.2255 
  0.02458065 130.8766 
  0.0479895 127.6532 
  0.180753 127.0181 
  0.801718 127.0181 
  0.6535264 123.8897 
  0.8373778 119.0438 
  0.9665304 116.6924 
  0.9519815 114.9594 
  0.9288923 113.8184 
  0.8620876 113.2521 
  0.6844335 113.8184 
  0.4750521 114.9594 
  -0.2668384 116.1118 
  0.06996474 117.2759 
  0.06111801 118.4515 
  0.05476178 119.639 
  0.1440893 120.8384 
  0.4281037 122.0498 
  0.2876271 123.2734 
  0.5224757 119.0438 
  0.8535754 115.5342 
  0.9691529 114.3874 
  0.9926597 113.8184 
  0.974465 113.2521 
  0.9443107 112.128 
  0.9217715 111.0151 
  0.812894 109.9132 
  0.3425916 111.0151 
  0.02701455 112.128 
  0.1880746 113.2521 
  0.1223059 114.3874 
  0.1568729 115.5342 
  -0.06873441 117.2759 
  -0.255062 119.0438 
  0.7228667 120.2372 
  0.7495717 118.4515 
  0.7419859 117.8622 
  0.81477 116.6924 
  0.9709268 116.1118 
  0.9905066 116.1118 
  0.9895989 116.1118 
  0.9837238 116.6924 
  0.9869944 116.6924 
  0.9837347 116.1118 
  0.9671344 114.9594 
  0.9339119 114.3874 
  0.8399717 113.8184 
  0.5418258 112.6886 
  0.8681656 111.5702 
  0.8208982 111.0151 
  0.5659738 110.4628 
  0.5640742 109.9132 
  0.2174551 109.3664 
  -0.1214599 108.8223 
  0.1123763 108.2809 
  0.1907214 107.7421 
  0.2767372 108.2809 
  0.204494 109.3664 
  -0.06557095 111.0151 
  0.150922 112.6886 
  0.133519 113.8184 
  0.1880817 115.5342 
  0.1242567 117.2759 
  0.531635 119.0438 
  0.3785279 120.2372 
  0.727636 120.8384 
  0.8663863 120.2372 
  0.9058775 118.4515 
  0.9329789 116.6924 
  0.9500934 114.9594 
  0.9865922 114.3874 
  0.9879867 114.3874 
  0.9646839 114.9594 
  0.9652336 116.1118 
  0.9828461 116.6924 
  0.9780275 116.1118 
  0.9734287 116.1118 
  0.9494633 116.1118 
  0.9440508 117.2759 
  0.9673172 117.2759 
  0.938482 116.1118 
  0.9012206 114.9594 
  0.8565865 113.8184 
  0.8306816 112.128 
  0.6034144 112.128 
  -0.6018761 113.2521 
  -0.01690006 114.3874 
  0.08377124 115.5342 
  0.2195453 116.6924 
  0.003676812 117.8622 
  -0.08536586 119.0438 
  -0.009812014 120.2372 
  0.3063392 121.4426 
  0.3477796 122.6601 
  0.2105284 123.8897 
  -0.08313344 125.1317 
  0.149351 126.3862 
  0.09716461 127.6532 
  0.5760282 128.9329 
  0.6028254 125.7574 
  0.7561747 123.2734 
  0.9212869 121.4426 
  0.937016 120.2372 
  0.9455682 118.4515 
  0.9641457 117.2759 
  0.9832171 116.6924 
  0.9864774 116.6924 
  0.977492 116.1118 
  0.9712309 115.5342 
  0.9815488 115.5342 
  0.972361 114.9594 
  0.9475631 114.3874 
  0.8930157 113.2521 
  0.8238357 112.128 
  0.5441719 111.5702 
  -0.566229 112.128 
  -0.08762219 113.2521 
  0.2553077 113.8184 
  -0.04563932 114.3874 
  -0.08737221 114.9594 
  -0.2458073 115.5342 
  0.0617686 116.1118 
  0.1197753 116.6924 
  -0.2126685 117.2759 
  0.7613882 118.4515 
  0.7614266 115.5342 
  0.9183705 113.2521 
  0.97979 112.128 
  0.9542774 111.5702 
  0.7758595 109.3664 
  0.6568418 107.2061 
  0.7157353 104.0455 
  0.3731796 100.4756 
  0.1213592 98.98344 
  -0.09778108 102.5003 
  0.2526502 103.5278 
  -0.1789853 103.5278 
  0.280526 103.0128 
  0.4774628 102.5003 
  0.2690051 103.0128 
  0.1055759 101.9903 
  0.4797513 99.97575 
  0.3367863 98.98344 
  0.2396571 107.2061 
  0.7166608 107.7421 
  0.9641155 106.6728 
  0.9619766 105.614 
  0.9578943 105.0885 
  0.9036714 105.0885 
  0.8274462 104.0455 
  0.8044483 103.0128 
  0.7281154 104.0455 
  0.7445295 106.142 
  0.8804553 108.2809 
  0.8942032 110.4628 
  0.911563 112.128 
  0.8539301 111.0151 
  0.6170749 108.8223 
  0.639964 107.2061 
  0.7173558 105.0885 
  -0.04181139 106.142 
  0.3860079 106.6728 
  0.6654497 107.7421 
  0.3035415 108.8223 
  0.2929862 107.2061 
  0.1520507 105.614 
  0.4443853 104.5657 
  0.11856 104.0455 
  0.3797795 105.0885 
  0.201682 104.5657 
  0.5246661 105.0885 
  0.05248333 105.614 
  0.4839076 105.614 
  0.2974293 105.614 
  0.1189288 105.614 
  -0.2909003 105.614 
  -0.3247153 105.614 
  0.56666 105.614 
  -0.1228077 105.614 
  -0.03153559 105.614 
  -0.03656057 105.614 
  -0.1043944 105.614 
  -0.1232546 105.614 
  0.01822379 105.614 
  0.08556692 105.614 
  0.1531326 105.614 
  0.1036925 105.614 
  0.1154354 105.614 
  -0.03635237 105.614 
  -0.06709842 105.614 
  -0.2080122 105.614 
  0.01526583 105.614 
  -0.01530715 105.614 
  0.09571009 105.614 
  -0.002142487 105.614 
  -0.07209943 105.614 
  0.05466796 105.614 
  0.2037131 105.614 
  -0.1212104 105.614 
  0.005103063 105.614 
  -0.2159622 105.614 
  -0.05341204 105.614 
  -0.2815618 105.614 
  0.04695113 105.614 
  0.003395093 105.614 
  0.00855713 105.614 
  -0.09119815 105.614 ]
