 [
  0.1648094 109.3664 
  0.03144443 109.3664 
  0.02441504 109.3664 
  0.06907446 109.3664 
  -0.2884643 109.3664 
  -0.1023273 109.3664 
  0.01764891 109.3664 
  0.1126944 109.3664 
  0.3661022 109.3664 
  0.4877496 109.3664 
  0.2576265 109.3664 
  -0.3169787 109.3664 
  -0.1348443 109.3664 
  -0.1678175 109.3664 
  0.3819186 108.8223 
  0.5523814 110.4628 
  0.7781119 111.0151 
  0.8395703 110.4628 
  0.8545372 110.4628 
  0.9127753 111.5702 
  0.958078 112.6886 
  0.9773756 113.2521 
  0.9739216 114.3874 
  0.9745847 115.5342 
  0.9937281 116.1118 
  0.9942502 116.6924 
  0.9901055 117.2759 
  0.9935105 117.2759 
  0.9929601 117.2759 
  0.9909583 117.2759 
  0.9941352 116.1118 
  0.9968648 116.1118 
  0.9926369 115.5342 
  0.951999 114.9594 
  0.9104046 113.2521 
  0.903278 111.0151 
  0.8265414 108.8223 
  0.7285312 106.6728 
  0.7371075 107.7421 
  0.9258375 107.7421 
  0.934176 107.7421 
  0.8626499 107.2061 
  0.8753605 106.6728 
  0.8532633 106.142 
  0.8907098 106.142 
  0.8903916 106.142 
  0.9137269 107.2061 
  0.9370158 107.7421 
  0.8877729 108.8223 
  0.9161049 109.3664 
  0.9590216 110.4628 
  0.9590766 111.5702 
  0.9914474 112.128 
  0.8974522 113.8184 
  0.9753091 114.9594 
  0.9320225 115.5342 
  0.8051804 115.5342 
  0.6831508 115.5342 
  -0.04876598 114.9594 
  0.9423146 118.4515 
  0.8294362 122.0498 
  0.4188348 125.7574 
  0.134058 130.2255 
  0.7446864 128.2915 
  0.8800586 129.5776 
  0.9807762 129.5776 
  0.9686873 128.9329 
  0.9313779 127.6532 
  0.9013824 125.7574 
  0.9339243 125.1317 
  0.9985368 125.7574 
  0.9973077 125.7574 
  0.9984205 125.1317 
  0.9976718 125.1317 
  0.9963297 125.1317 
  0.9964315 125.1317 
  0.958337 125.7574 
  0.9477348 125.7574 
  0.9443313 125.1317 
  0.9856216 124.5092 
  0.9847947 123.8897 
  0.9797456 123.2734 
  0.9672799 122.0498 
  0.9625334 120.2372 
  0.930089 118.4515 
  0.9254454 116.6924 
  0.9650376 115.5342 
  0.9521472 114.3874 
  0.9219514 113.8184 
  0.8216646 112.6886 
  0.379065 109.3664 
  0.3348175 113.8184 
  0.4874875 108.2809 
  0.8980629 107.2061 
  0.9754507 107.7421 
  0.9762458 108.2809 
  0.9661939 109.3664 
  0.9783113 110.4628 
  0.990994 111.0151 
  0.9953675 111.5702 
  0.9959787 111.5702 
  0.9917603 112.128 
  0.9887971 112.6886 
  0.9721072 113.8184 
  0.9622493 114.9594 
  0.986274 116.1118 
  0.994279 116.1118 
  0.990372 116.6924 
  0.9955146 116.6924 
  0.9803771 117.8622 
  0.9519459 119.0438 
  0.9162341 120.8384 
  0.927526 122.6601 
  0.8657611 124.5092 
  0.8747448 127.0181 
  0.9211547 128.9329 
  0.899307 128.2915 
  0.6373067 127.6532 
  0.3563855 125.1317 
  0.2223289 122.6601 
  -0.1696319 119.639 
  -0.2418671 117.2759 
  -0.07592207 115.5342 
  0.1125086 112.6886 
  0.1522143 111.5702 
  0.194357 110.4628 
  0.7321205 105.0885 
  0.6853563 106.6728 
  0.8591685 107.2061 
  0.9099245 106.142 
  0.8592063 103.5278 
  0.9301084 100.978 
  0.9228148 99.97575 
  0.8971215 98.98344 
  0.8751363 98.00098 
  0.8757697 97.51342 
  0.915702 97.02828 
  0.9550655 97.02828 
  0.9784324 97.02828 
  0.980379 98.00098 
  0.9922507 98.491 
  0.9910333 99.47836 
  0.9785754 100.4756 
  0.9522154 101.9903 
  0.916382 104.0455 
  0.8955382 104.5657 
  0.8797495 104.5657 
  0.8499117 104.0455 
  0.8453543 103.5278 
  0.8783231 103.5278 
  0.9125302 104.0455 
  0.9545082 104.5657 
  0.9747288 105.0885 
  0.9831817 105.614 
  0.930241 105.0885 
  0.8795514 105.0885 
  0.8483084 104.5657 
  0.9541832 106.142 
  0.8973135 108.2809 
  0.7667646 111.0151 
  0.8874216 112.128 
  0.920774 112.128 
  0.9606869 111.0151 
  0.9902017 109.9132 
  0.9926516 109.9132 
  0.9913474 109.3664 
  0.9894327 109.9132 
  0.992053 109.9132 
  0.98987 109.9132 
  0.9759836 109.9132 
  0.9618977 109.3664 
  0.9562297 108.2809 
  0.9473302 107.7421 
  0.9415381 107.2061 
  0.9605076 105.614 
  0.9628235 104.5657 
  0.953765 103.5278 
  0.969561 102.5003 
  0.980641 101.9903 
  0.9714878 101.9903 
  0.9104837 103.0128 
  0.7690693 102.5003 
  0.8535228 101.9903 
  0.9558433 101.9903 
  0.914778 103.0128 
  0.9337375 104.5657 
  0.9796489 105.614 
  0.9853916 106.142 
  0.9524229 105.614 
  0.9130127 106.142 
  0.8307149 107.2061 
  0.9584268 109.9132 
  0.9841583 111.0151 
  0.955568 112.128 
  0.8988187 114.3874 
  0.9476646 116.1118 
  0.9658193 116.6924 
  0.9733015 116.6924 
  0.9353992 117.8622 
  0.8932479 120.2372 
  0.9416406 122.6601 
  0.9629432 123.8897 
  0.969238 125.1317 
  0.9413835 127.0181 
  0.9085976 128.2915 
  0.9000679 128.2915 
  0.9234252 127.6532 
  0.8889869 127.6532 
  0.8283583 127.6532 
  0.8105999 127.6532 
  0.5868135 127.6532 
  0.3381096 127.6532 
  0.1613948 127.6532 
  0.1163017 127.6532 
  -0.08184008 127.6532 
  0.01221119 127.6532 
  0.06259353 127.6532 
  0.1149412 127.6532 
  0.03842857 127.6532 ]
