 [
  -0.1048039 194.0801 
  -0.2937877 194.0801 
  -0.2075412 194.0801 
  -0.3104252 194.0801 
  0.0001900345 194.0801 
  -0.00487391 194.0801 
  -0.2114399 194.0801 
  -0.1274015 194.0801 
  -0.001188632 194.0801 
  -0.08225821 194.0801 
  -0.1669859 194.0801 
  -0.005936846 194.0801 
  0.4369562 194.0801 
  0.4817035 210.2025 
  0.7343561 212.3098 
  0.9739327 213.3714 
  0.9768109 214.4382 
  0.9662551 216.5879 
  0.9511368 218.7592 
  0.969354 222.057 
  0.9731519 225.4046 
  0.9594798 227.6642 
  0.8910672 229.9466 
  0.8614798 246.5766 
  0.9670724 251.5452 
  0.9901664 252.8029 
  0.9915968 251.5452 
  0.9728525 251.5452 
  0.9357596 251.5452 
  0.6695579 252.8029 
  0.2172081 254.067 
  0.1909161 255.3373 
  0.2286903 256.614 
  0.05504066 257.8971 
  0.08482859 259.1866 
  -0.2023256 260.4825 
  -0.1801046 261.7849 
  0.3556006 263.0938 
  0.8577294 264.4093 
  0.9251282 264.4093 
  0.9888104 264.4093 
  0.9939085 263.0938 
  0.9755597 259.1866 
  0.9463696 255.3373 
  0.8796567 251.5452 
  0.6357942 250.2938 
  0.2339046 250.2938 
  0.1405632 250.2938 
  0.04980216 250.2938 
  0.2844498 250.2938 
  0.08258028 250.2938 
  0.03243732 250.2938 
  0.1043785 250.2938 
  0.2867062 250.2938 
  0.853085 250.2938 
  0.9467365 249.0485 
  0.9710808 247.8095 
  0.9924459 246.5766 
  0.9626994 244.1292 
  0.920067 238.1164 
  0.9735479 232.2518 
  0.9829964 229.9466 
  0.9887091 226.5316 
  0.9881588 225.4046 
  0.9925559 223.1673 
  0.9924058 222.057 
  0.9930659 219.853 
  0.9892534 217.6709 
  0.9836543 215.5104 
  0.9482603 213.3714 
  0.8861988 212.3098 
  0.9612646 213.3714 
  0.9802836 213.3714 
  0.947719 213.3714 
  0.8784705 213.3714 
  0.5884141 213.3714 
  0.3535009 213.3714 
  0.3768412 213.3714 
  0.2323423 213.3714 
  0.1814407 212.3098 
  -0.05211846 211.2535 
  -0.1857022 210.2025 
  -0.2070842 211.2535 
  -0.2162646 213.3714 
  0.5825168 216.5879 
  0.8961878 215.5104 
  0.8900182 209.1568 
  0.8237638 202.9904 
  0.9089127 197.0059 
  0.9680743 193.1145 
  0.9856958 191.1978 
  0.99307 191.1978 
  0.9909713 192.1537 
  0.9949329 192.1537 
  0.995333 193.1145 
  0.9876715 194.0801 
  0.988476 195.0505 
  0.9973023 196.0257 
  0.9915098 197.0059 
  0.9867837 197.0059 
  0.9856793 198.9809 
  0.9718122 199.9758 
  0.9723213 200.9756 
  0.957417 200.9756 
  0.9268629 201.9805 
  0.87956 204.0054 
  0.7993143 205.0254 
  0.8239536 206.0505 
  0.8088488 207.0808 
  0.8478097 208.1162 
  0.2935865 209.1568 
  0.3358938 211.2535 
  0.1433046 213.3714 
  0.8252634 214.4382 
  0.8936335 213.3714 
  0.9454163 211.2535 
  0.9865294 208.1162 
  0.9960173 206.0505 
  0.9926717 205.0254 
  0.9917969 205.0254 
  0.9827142 206.0505 
  0.989714 207.0808 
  0.9807756 207.0808 
  0.9482691 205.0254 
  0.9604224 202.9904 
  0.8678713 200.9756 
  0.1010416 198.9809 
  -0.0472399 197.0059 
  0.007780151 195.0505 
  -0.01837995 193.1145 
  -0.05702991 191.1978 
  -0.06100426 189.3 
  -0.1302322 187.4211 
  -0.02558072 185.5609 
  -0.136215 183.7191 
  0.5546021 182.8051 
  0.8465965 181.8956 
  0.9923368 181.8956 
  0.9932171 181.8956 
  0.9858512 180.9906 
  0.9648652 180.0902 
  0.9140996 179.1942 
  0.6559756 178.3027 
  0.2755107 177.4156 
  0.01847479 176.533 
  -0.1181985 175.6547 
  -0.07415625 174.7808 
  -0.0004029477 173.9112 
  -0.007250562 173.046 
  0.009356515 172.185 
  0.09835786 171.3284 
  -0.01802393 171.3284 
  -0.09783837 170.476 
  -0.0932705 169.6279 
  -0.07719753 168.784 
  0.07764501 167.9442 
  -0.1767764 167.1087 
  0.7676651 167.1087 
  0.8816062 167.1087 
  0.9536393 166.2773 
  0.9964122 164.6269 
  0.9972959 164.6269 
  0.9876831 165.4501 
  0.9936123 166.2773 
  0.9908092 167.1087 
  0.989251 167.1087 
  0.9935399 166.2773 
  0.9940474 165.4501 
  0.9929477 165.4501 
  0.9918362 166.2773 
  0.992466 167.1087 
  0.9944165 167.9442 
  0.9952738 167.9442 
  0.994831 167.9442 
  0.9971718 167.9442 
  0.9986571 167.9442 
  0.9988929 167.9442 
  0.9989476 167.9442 
  0.998602 167.9442 
  0.9977791 168.784 
  0.9952179 168.784 
  0.9909461 167.9442 
  0.9907046 167.9442 
  0.9810584 167.9442 
  0.9412406 166.2773 
  0.9127877 162.9929 
  0.9430424 158.9785 
  0.9364935 156.6175 
  0.8672083 153.5239 
  0.8716565 150.4914 
  0.9468474 146.7849 
  0.9756979 146.0546 
  0.9449524 146.0546 
  0.8980531 146.7849 
  0.7710983 148.2564 
  0.6087721 148.2564 
  0.5579513 148.9977 
  0.6243692 149.7427 
  0.6123481 149.7427 
  0.6313199 149.7427 
  0.3390108 149.7427 
  -0.08704406 149.7427 
  -0.08446255 149.7427 
  -0.0428823 149.7427 
  0.07153742 149.7427 
  0.181388 149.7427 
  0.206794 149.7427 
  0.1135954 149.7427 
  0.07867555 149.7427 ]
