 [
  0.01666034 154.2915 
  0.04573959 154.2915 
  -0.1486061 154.2915 
  -0.1475089 154.2915 
  -0.2684277 154.2915 
  -0.3582493 154.2915 
  -0.3036012 154.2915 
  -0.1901519 154.2915 
  -0.07746547 154.2915 
  0.1315865 154.2915 
  0.1706521 154.2915 
  0.5281109 154.2915 
  -0.1663513 154.2915 
  0.3581511 152.7601 
  0.648801 157.4006 
  0.9258912 157.4006 
  0.9301389 156.6175 
  0.8219772 153.5239 
  0.7922099 149.7427 
  0.7583219 147.5188 
  0.7190668 148.9977 
  0.6527255 151.2439 
  0.4750117 154.2915 
  0.01505206 157.4006 
  0.02494631 160.5723 
  -0.01604056 163.8079 
  -0.29272 166.2773 
  0.815051 167.9442 
  0.8951535 168.784 
  0.908712 173.046 
  0.9532781 174.7808 
  0.9865988 175.6547 
  0.9882365 176.533 
  0.9787642 178.3027 
  0.9823307 180.0902 
  0.991293 180.9906 
  0.9671516 181.8956 
  0.9319845 180.9906 
  0.9471686 180.9906 
  0.9778819 181.8956 
  0.9383819 181.8956 
  0.8282459 180.9906 
  0.2956696 180.9906 
  0.47334 181.8956 
  0.9184523 183.7191 
  0.9408748 188.3582 
  0.9678986 189.3 
  0.9909824 191.1978 
  0.9950438 191.1978 
  0.9951303 189.3 
  0.994069 188.3582 
  0.9983622 187.4211 
  0.9966787 186.4887 
  0.9561489 186.4887 
  0.9669814 186.4887 
  0.9860824 186.4887 
  0.9947996 185.5609 
  0.9973359 185.5609 
  0.9979966 184.6377 
  0.9974672 184.6377 
  0.9946976 183.7191 
  0.9940624 182.8051 
  0.9928969 181.8956 
  0.9836999 180.9906 
  0.9767824 179.1942 
  0.9679766 176.533 
  0.9732465 173.9112 
  0.9488831 169.6279 
  0.8949085 165.4501 
  0.891643 161.3751 
  0.8504659 156.6175 
  0.8326111 152.0001 
  0.8217784 146.7849 
  0.8738506 143.1697 
  0.8445032 140.3417 
  0.6859756 138.2575 
  0.3457602 139.6435 
  0.2633283 141.7487 
  0.0900269 143.1697 
  0.005262868 145.328 
  -0.05640152 147.5188 
  -0.04810497 149.7427 
  0.249957 152.0001 
  0.3591851 154.2915 
  0.6842322 156.6175 
  0.2725587 158.9785 
  0.2587395 161.3751 
  0.157087 163.8079 
  0.2521993 166.2773 
  0.07753459 168.784 
  -0.008146541 172.185 
  0.3755894 176.533 
  0.8578928 185.5609 
  0.9153244 184.6377 
  0.9579307 183.7191 
  0.9746893 181.8956 
  0.9760375 180.9906 
  0.9458112 180.9906 
  0.8993546 177.4156 
  0.886036 173.046 
  0.6554942 170.476 
  0.3904775 171.3284 
  0.1863092 172.185 
  0.2440205 173.046 
  0.1845905 173.9112 
  0.002848489 175.6547 
  0.6782563 177.4156 
  0.9043348 178.3027 
  0.9590375 178.3027 
  0.977455 177.4156 
  0.976953 175.6547 
  0.9245034 173.9112 
  0.8630402 171.3284 
  0.8879148 169.6279 
  0.9578341 167.1087 
  0.9439723 163.8079 
  0.9399974 161.3751 
  0.9292914 157.4006 
  0.9083834 155.8383 
  0.8095065 153.5239 
  0.5402834 154.2915 
  0.5209635 156.6175 
  0.2489887 158.9785 
  0.07540395 162.182 
  0.07383762 165.4501 
  0.004765328 168.784 
  -0.06340289 172.185 
  0.02941344 175.6547 
  -0.1070106 179.1942 
  -0.06031685 182.8051 
  -0.06905153 186.4887 
  0.02214477 189.3 
  0.7175152 188.3582 
  0.7909787 184.6377 
  0.9284136 180.9906 
  0.929552 177.4156 
  0.9047044 173.9112 
  0.7547797 170.476 
  0.3051119 168.784 
  -0.03038172 167.1087 
  -0.07775585 165.4501 
  -0.1159113 163.8079 
  -0.04549809 162.182 
  0.3309972 160.5723 
  0.04696816 158.9785 
  0.0436669 157.4006 
  0.06505832 155.063 
  -0.4488665 152.7601 
  0.6072275 149.7427 
  0.8006409 148.9977 
  0.9826959 147.5188 
  0.9837434 146.7849 
  0.9685752 145.328 
  0.9309688 143.1697 
  0.9092495 140.3417 
  0.9408101 136.8852 
  0.8520868 134.8523 
  0.6956327 132.8496 
  0.66769 133.5138 
  0.9734379 134.1814 
  0.9870896 134.1814 
  0.9952372 134.1814 
  0.9943852 134.1814 
  0.9898614 133.5138 
  0.9618436 132.8496 
  0.9283695 131.531 
  0.837566 130.8766 
  0.5060877 132.1886 
  0.3852392 133.5138 
  0.02268515 134.8523 
  0.01575679 136.8852 
  0.5928668 138.9488 
  0.8730397 140.3417 
  0.9670359 141.0434 
  0.9930279 141.7487 
  0.9921781 141.7487 
  0.9906832 141.0434 
  0.9912168 141.0434 
  0.986243 140.3417 
  0.900697 139.6435 
  0.8624069 136.8852 
  0.8214194 135.5266 
  0.9162263 137.5696 
  0.9669982 139.6435 
  0.9568543 141.0434 
  0.8736712 141.0434 
  0.8261768 140.3417 
  0.5473001 139.6435 
  0.3628109 140.3417 
  0.1370147 141.0434 
  -0.01773223 141.7487 
  -0.0842447 142.4574 
  -0.09163354 143.1697 
  -0.1319773 143.8855 
  -0.1079718 143.8855 
  -0.02905046 143.8855 
  -0.2038435 143.8855 
  -0.09547388 143.8855 
  -0.323577 143.8855 
  -0.2039558 143.8855 
  -0.3621965 143.8855 
  0.6942428 146.0546 
  0.8461222 147.5188 
  0.9878357 148.2564 
  0.9783825 146.7849 
  0.946462 145.328 
  0.9310863 142.4574 
  0.9554886 140.3417 
  0.956915 138.2575 
  0.9789755 136.8852 
  0.9908986 136.2042 
  0.9926921 135.5266 
  0.9928055 135.5266 
  0.9877871 134.8523 
  0.9621291 133.5138 
  0.7698745 132.8496 
  0.6155844 132.1886 
  0.7197518 128.2915 
  0.2288142 128.2915 
  0.1425189 128.2915 
  0.07188305 128.2915 
  0.0265294 128.2915 
  0.08581548 128.2915 
  0.09254996 128.2915 
  0.2215942 128.2915 
  0.03159193 128.2915 
  -0.132364 128.2915 
  -0.1568003 128.2915 
  0.3069974 128.2915 
  0.2383539 128.2915 
  0.1553992 128.2915 
  -0.03875056 128.2915 
  0.3392599 128.2915 
  0.2652685 128.2915 ]
