 [
  -0.1654021 196.0257 
  -0.133807 196.0257 
  -0.07748821 196.0257 
  0.01225113 196.0257 
  0.3241721 196.0257 
  0.1616753 196.0257 
  0.08001201 196.0257 
  -0.09463335 196.0257 
  -0.1796993 196.0257 
  0.236747 196.0257 
  0.5287805 196.0257 
  0.4858988 196.0257 
  0.4124824 194.0801 
  0.7536452 199.9758 
  0.944906 201.9805 
  0.9704599 205.0254 
  0.9766985 208.1162 
  0.9806893 211.2535 
  0.9837907 213.3714 
  0.9686797 215.5104 
  0.9565704 218.7592 
  0.9723871 223.1673 
  0.966078 226.5316 
  0.9474636 227.6642 
  0.8994285 226.5316 
  0.967528 226.5316 
  0.898 228.8026 
  0.8732449 232.2518 
  0.8926612 239.307 
  0.9694742 246.5766 
  0.9883661 251.5452 
  0.9961926 252.8029 
  0.9983516 254.067 
  0.9953527 252.8029 
  0.9867564 251.5452 
  0.9729895 250.2938 
  0.9495233 249.0485 
  0.9490271 247.8095 
  0.5689695 246.5766 
  0.352091 245.3498 
  0.1037484 244.1292 
  0.1025166 242.9146 
  0.1165078 244.1292 
  0.1903654 249.0485 
  0.2869251 252.8029 
  0.1453635 255.3373 
  0.01155571 257.8971 
  0.7364341 260.4825 
  0.8589642 264.4093 
  0.8722804 249.0485 
  0.9306926 245.3498 
  0.9914627 242.9146 
  0.9953965 242.9146 
  0.9945465 244.1292 
  0.9948529 245.3498 
  0.9884481 245.3498 
  0.9698057 244.1292 
  0.953194 240.5036 
  0.9219881 240.5036 
  0.8771898 240.5036 
  -0.005475007 239.307 
  -0.01486201 238.1164 
  -0.03608131 236.9318 
  -0.08451027 235.753 
  -0.06271377 234.5801 
  -0.1442033 233.4131 
  0.03113005 232.2518 
  0.07583091 231.0963 
  0.05023698 229.9466 
  0.1854209 228.8026 
  0.5887412 227.6642 
  0.7090108 223.1673 
  0.825662 215.5104 
  0.8344394 209.1568 
  0.8428386 200.9756 
  0.9609233 194.0801 
  0.967582 191.1978 
  0.9769828 188.3582 
  0.9641234 186.4887 
  0.9123775 185.5609 
  0.8852546 185.5609 
  0.7678869 189.3 
  0.2453288 193.1145 
  0.4685931 196.0257 
  0.4438404 198.9809 
  0.07535177 201.9805 
  0.01920585 205.0254 
  0.09897051 208.1162 
  0.001544879 212.3098 
  -0.02539581 216.5879 
  0.03911645 217.6709 
  0.1161302 216.5879 
  0.05422905 215.5104 
  0.03834167 217.6709 
  0.06123967 219.853 
  0.5826809 224.2832 
  0.7335572 226.5316 
  0.8591526 224.2832 
  0.9467453 222.057 
  0.9499072 217.6709 
  0.9555344 214.4382 
  0.9490293 211.2535 
  0.9678324 207.0808 
  0.9670654 204.0054 
  0.9715493 201.9805 
  0.9427274 197.9909 
  0.925288 194.0801 
  0.8392625 190.2465 
  0.8212619 186.4887 
  0.7950959 180.9906 
  0.3509217 173.046 
  0.8094084 164.6269 
  0.8219775 163.8079 
  0.7859551 159.7734 
  0.9352785 157.4006 
  0.9588252 154.2915 
  0.9578402 152.7601 
  0.9822508 151.2439 
  0.9726152 150.4914 
  0.9116128 148.9977 
  0.8592682 147.5188 
  0.7521949 144.605 
  0.3053444 145.328 
  0.3215688 146.0546 
  -0.2139059 146.7849 
  0.1573876 147.5188 
  -0.002246986 148.2564 
  0.01934126 148.9977 
  0.1680247 149.7427 
  0.08355217 151.2439 
  0.04045038 152.7601 
  -0.1569656 154.2915 
  -0.1260821 156.6175 
  -0.05517849 158.9785 
  -0.02031279 161.3751 
  0.2017702 162.9929 
  0.05253838 165.4501 
  0.1199267 167.9442 
  -0.0771699 170.476 
  0.133058 173.9112 
  0.1471567 179.1942 
  0.149731 186.4887 
  0.4110684 193.1145 
  0.9018504 198.9809 
  0.6843027 204.0054 
  0.008502752 209.1568 
  0.2999172 209.1568 
  0.1733716 206.0505 
  0.514372 191.1978 
  0.4490954 188.3582 
  0.5662204 174.7808 
  0.8702917 174.7808 
  0.9676666 171.3284 
  0.9691829 169.6279 
  0.9744889 167.9442 
  0.9674891 167.1087 
  0.9549286 164.6269 
  0.9882047 162.9929 
  0.9889084 162.9929 
  0.9871247 163.8079 
  0.985823 163.8079 
  0.9908147 163.8079 
  0.9833581 163.8079 
  0.9778932 162.182 
  0.9869207 161.3751 
  0.9887634 162.182 
  0.9866884 162.182 
  0.9931074 162.9929 
  0.9912034 162.182 
  0.990348 161.3751 
  0.9689373 160.5723 
  0.9412567 159.7734 
  0.893484 159.7734 
  0.9792879 161.3751 
  0.9655164 162.182 
  0.9554619 162.9929 
  0.9580216 163.8079 
  0.9648953 165.4501 
  0.9815987 168.784 
  0.9799424 172.185 
  0.9830045 174.7808 
  0.9903942 178.3027 
  0.9855299 182.8051 
  0.9829845 187.4211 
  0.9836841 191.1978 
  0.9733001 194.0801 
  0.9741253 196.0257 
  0.9655476 196.0257 
  0.9590862 196.0257 
  0.9658303 197.9909 
  0.9730207 200.9756 
  0.9333507 205.0254 
  0.927735 208.1162 
  0.955916 208.1162 
  0.9739041 205.0254 
  0.9620034 201.9805 
  0.9589477 197.9909 
  0.9705843 195.0505 
  0.9932908 193.1145 
  0.9966487 191.1978 
  0.997039 190.2465 
  0.9949545 190.2465 
  0.996785 189.3 
  0.9953846 189.3 
  0.9949878 189.3 
  0.9956917 189.3 
  0.9982478 189.3 
  0.9558662 190.2465 
  0.9571733 191.1978 
  0.9679562 190.2465 
  0.9918323 190.2465 
  0.9934978 190.2465 
  0.9971451 188.3582 
  0.9966357 187.4211 
  0.9951001 186.4887 
  0.9974031 184.6377 
  0.9948968 182.8051 
  0.9115072 181.8956 
  0.8043523 180.9906 
  0.3705501 180.9906 
  0.6984889 181.8956 
  0.6974595 182.8051 
  0.2537377 183.7191 
  0.3061536 185.5609 
  0.5567908 187.4211 
  0.7301056 180.0902 
  0.7874838 176.533 
  0.9726139 171.3284 
  0.947251 167.9442 
  0.8892888 166.2773 
  0.7353278 166.2773 
  0.2972869 168.784 
  0.1123659 171.3284 
  -0.02015018 173.9112 
  0.0006974305 175.6547 
  0.1607366 177.4156 
  0.4099246 179.1942 
  0.3198995 180.9906 
  0.2969857 182.8051 
  0.09149357 184.6377 
  0.1729401 186.4887 
  0.03465336 188.3582 
  0.003207521 190.2465 
  0.01143314 192.1537 
  0.02882464 194.0801 
  0.1865605 196.0257 
  0.6360194 197.9909 
  0.8774157 193.1145 
  0.9324086 189.3 
  0.9695324 186.4887 
  0.9758487 182.8051 
  0.9868956 179.1942 
  0.9850901 177.4156 
  0.9569654 174.7808 
  0.8892927 172.185 
  0.3769985 170.476 
  0.3658801 169.6279 
  0.2658854 168.784 
  0.1689676 167.9442 
  0.6524987 167.9442 
  0.5419248 167.1087 
  0.5636838 160.5723 
  0.7815109 154.2915 
  0.9791628 150.4914 
  0.9515232 148.2564 
  0.853411 147.5188 
  0.4323038 148.9977 
  0.1891105 152.7601 
  0.4466365 156.6175 
  0.2249816 160.5723 
  0.008187426 164.6269 
  0.5431046 168.784 
  0.05859862 173.9112 
  -0.2687976 182.8051 
  0.007463822 193.1145 
  0.06469125 204.0054 
  0.4191475 214.4382 
  -0.06277669 226.5316 
  0.1153957 234.5801 
  0.3437631 240.5036 
  0.2877895 242.9146 
  0.2084931 242.9146 
  0.2418274 236.9318 
  0.4214312 232.2518 
  0.4795139 231.0963 
  0.5664419 231.0963 
  0.3921468 233.4131 
  0.4074669 234.5801 
  0.4081945 235.753 
  0.01639902 236.9318 
  0.1155902 238.1164 
  0.1469273 238.1164 
  0.4638791 238.1164 
  -0.02637836 238.1164 
  0.06877225 238.1164 
  0.05455253 238.1164 
  -0.201372 238.1164 
  -0.2782756 238.1164 
  -0.09896024 238.1164 
  -0.1309032 238.1164 
  0.1181265 238.1164 
  -0.03985747 238.1164 
  0.0749287 238.1164 
  -0.03071372 238.1164 
  0.1108648 238.1164 
  0.06883954 238.1164 
  0.08374034 238.1164 
  0.2077738 238.1164 
  0.1122362 238.1164 
  0.1572065 238.1164 
  0.2288848 238.1164 
  -0.02970896 238.1164 
  0.003145531 238.1164 
  0.1410738 238.1164 
  -0.005930295 238.1164 
  0.05773286 238.1164 
  0.1817917 238.1164 
  0.2378196 238.1164 ]
