 [
  0.5627281 121.4426 
  0.3331701 121.4426 
  0.02135307 121.4426 
  0.1522498 121.4426 
  0.2869107 121.4426 
  0.12438 121.4426 
  0.164658 121.4426 
  0.1640411 121.4426 
  -0.04410582 121.4426 
  -0.2016119 121.4426 
  -0.09348281 121.4426 
  0.01772924 121.4426 
  -0.08809509 121.4426 
  -0.03830512 121.4426 
  0.2019668 122.0498 
  0.6130468 126.3862 
  0.8634844 127.0181 
  0.9246799 126.3862 
  0.9188108 124.5092 
  0.9466634 123.2734 
  0.8828821 124.5092 
  0.8972008 127.0181 
  0.9388332 127.6532 
  0.861236 128.9329 
  0.5276713 130.8766 
  0.2996969 141.0434 
  0.4549809 146.0546 
  0.4880002 146.7849 
  0.1886155 146.0546 
  0.6511182 127.6532 
  0.9437367 126.3862 
  0.9084423 127.0181 
  0.9318528 127.6532 
  0.8576663 128.9329 
  0.8779957 130.8766 
  0.9132998 132.8496 
  0.9145492 134.1814 
  0.9044296 136.8852 
  0.9103315 138.2575 
  0.8667288 138.2575 
  0.8189962 137.5696 
  0.5942585 133.5138 
  0.8392378 134.8523 
  0.8445694 139.6435 
  0.846514 143.8855 
  0.9068194 148.2564 
  0.9537684 150.4914 
  0.9874993 151.2439 
  0.98632 152.0001 
  0.9681818 151.2439 
  0.9451076 148.9977 
  0.9146361 146.0546 
  0.8789451 143.1697 
  0.7990109 139.6435 
  0.6896006 136.2042 
  0.4325937 132.1886 
  0.6473659 130.2255 
  0.7641103 131.531 
  0.8554069 134.1814 
  0.8624704 138.2575 
  0.7379364 144.605 
  0.8044105 148.9977 
  0.9412385 152.7601 
  0.975654 153.5239 
  0.9702849 151.2439 
  0.9580746 148.9977 
  0.9180804 144.605 
  0.909399 141.0434 
  0.9178542 137.5696 
  0.9295888 134.8523 
  0.9048216 131.531 
  0.8963363 128.9329 
  0.8542017 125.7574 
  0.8327781 122.0498 
  0.9058909 119.0438 
  0.9564711 117.8622 
  0.9537815 117.2759 
  0.950926 116.1118 
  0.9722104 116.1118 
  0.9411559 115.5342 
  0.8930568 114.9594 
  0.9158338 113.8184 
  0.9321022 113.2521 
  0.9540344 113.2521 
  0.9656913 112.128 
  0.9489553 111.5702 
  0.892194 110.4628 
  0.8739092 109.3664 
  0.8875145 109.9132 
  0.990367 111.0151 
  0.990805 112.128 
  0.9941265 113.2521 
  0.993724 114.3874 
  0.8410208 116.1118 
  0.7529323 115.5342 
  0.8248175 116.1118 
  0.9118117 116.1118 
  0.9544557 116.6924 
  0.9587356 117.2759 
  0.9607525 118.4515 
  0.9646915 118.4515 
  0.960472 119.0438 
  0.9655982 120.2372 
  0.9731724 120.8384 
  0.8723933 120.2372 
  0.8214455 119.639 
  0.9293733 120.8384 
  0.9314015 120.8384 
  0.9414664 120.2372 
  0.9697293 119.639 
  0.9330065 118.4515 
  0.8552991 117.2759 
  0.7393073 114.3874 
  0.4829354 112.128 
  0.4244091 111.0151 
  0.7126673 111.0151 
  0.8372154 111.5702 
  0.8595607 113.2521 
  0.8614348 115.5342 
  0.8556815 118.4515 
  0.9015929 120.8384 
  0.9391813 122.6601 
  0.96732 123.2734 
  0.9634529 122.6601 
  0.9791763 121.4426 
  0.9927204 120.8384 
  0.9909585 120.8384 
  0.9862131 120.8384 
  0.9867239 120.2372 
  0.9908258 119.639 
  0.9870545 119.0438 
  0.978604 117.8622 
  0.9719535 116.1118 
  0.9759045 114.3874 
  0.9518552 112.6886 
  0.9129211 110.4628 
  0.8200412 108.2809 
  0.7061987 105.614 
  0.6931235 102.5003 
  0.6424385 99.97575 
  0.4643742 98.00098 
  0.1107107 97.51342 
  0.212399 97.51342 
  0.1240374 98.00098 
  0.6614469 97.02828 
  0.4084203 105.0885 
  0.6885939 105.614 
  0.9434448 105.614 
  0.9510357 106.142 
  0.9728498 105.614 
  0.9470146 106.142 
  0.9647062 107.2061 
  0.9121812 108.2809 
  0.88489 110.4628 
  0.9344893 111.5702 
  0.9291515 112.6886 
  0.9538919 113.8184 
  0.8755197 113.8184 
  0.7913265 113.8184 
  0.1716879 114.9594 
  0.7993541 119.0438 
  0.885008 117.8622 
  0.9302236 117.2759 
  0.9161124 117.2759 
  0.8783475 117.2759 
  0.8425336 116.6924 
  0.983165 117.2759 
  0.9929944 116.6924 
  0.9934243 115.5342 
  0.9894443 114.3874 
  0.9807712 113.2521 
  0.9628968 112.128 
  0.9690052 111.0151 
  0.9852555 110.4628 
  0.9876114 110.4628 
  0.9697332 109.9132 
  0.9492631 108.8223 
  0.9516553 108.2809 
  0.9657633 107.2061 
  0.9613796 106.6728 
  0.9556664 105.614 
  0.9701186 104.5657 
  0.9753263 103.5278 
  0.9770632 102.5003 
  0.9863721 101.4829 
  0.9825128 100.4756 
  0.9627596 98.98344 
  0.9635708 98.00098 
  0.9827927 97.02828 
  0.9936646 96.06523 
  0.9933141 95.5873 
  0.9895846 95.11173 
  0.9776297 94.1677 
  0.9841554 93.6992 
  0.9720185 93.23304 
  0.9331837 92.7692 
  0.907553 91.84841 
  0.836162 91.39146 
  0.8256704 90.93677 
  0.7388422 90.93677 
  0.3584438 90.93677 
  0.04738222 90.93677 
  -0.02600085 90.93677 
  -0.08816674 90.48434 
  0.08777039 90.03418 
  0.06496598 89.58624 
  -0.05249041 89.58624 
  -0.1114639 89.58624 
  -0.2414759 89.58624 
  -0.2678277 89.58624 
  0.01755814 89.58624 
  0.2765476 89.58624 
  0.2421433 89.58624 
  0.1656943 89.58624 
  0.006511033 89.58624 
  0.1513347 89.58624 
  0.1705571 89.58624 
  0.08006363 89.58624 
  0.07116206 89.58624 
  -0.0165592 89.58624 
  0.1726813 89.58624 
  0.2130052 89.58624 
  0.1957984 89.58624 
  0.1671277 89.58624 
  0.07989345 89.58624 
  0.04928112 89.58624 
  0.1427661 89.58624 
  0.05539896 89.58624 
  -0.003217689 89.58624 
  -0.01763361 89.58624 
  0.1054364 89.58624 
  0.1098857 89.58624 
  0.06454649 89.58624 
  0.0728361 89.58624 ]
