 [
  -0.1701333 212.3098 
  -0.2471562 212.3098 
  -0.2918125 212.3098 
  0.03682795 212.3098 
  0.144911 212.3098 
  -0.0230396 212.3098 
  -0.0845715 212.3098 
  -0.3252154 212.3098 
  -0.2091463 212.3098 
  -0.3032447 212.3098 
  -0.2197016 212.3098 
  -0.1068289 212.3098 
  0.08125448 212.3098 
  0.07290173 212.3098 
  -0.07293664 212.3098 
  0.002885854 212.3098 
  0.009067458 212.3098 
  -0.02012898 212.3098 
  -0.03889618 212.3098 
  0.1276374 212.3098 
  0.08199777 212.3098 
  0.249728 212.3098 
  0.1353054 212.3098 
  0.1812307 212.3098 
  0.6287865 216.5879 
  0.5777732 202.9904 
  0.7544311 204.0054 
  0.9353846 204.0054 
  0.9598148 207.0808 
  0.960497 210.2025 
  0.9607697 213.3714 
  0.9381168 214.4382 
  0.7492534 218.7592 
  0.4013152 226.5316 
  0.295594 235.753 
  0.2658606 244.1292 
  0.4258669 254.067 
  0.7749653 263.0938 
  0.9192281 268.3953 
  0.9558076 269.7372 
  0.9579672 272.4414 
  0.9142172 273.8036 
  0.05021456 272.4414 
  0.7416942 271.0859 
  0.4119951 271.0859 
  0.6090049 269.7372 
  -0.1954266 268.3953 
  0.04641154 267.06 
  0.05937789 265.7313 
  0.8302817 264.4093 
  0.8715304 257.8971 
  0.8753141 255.3373 
  0.954695 251.5452 
  0.8294961 252.8029 
  -0.01849725 255.3373 
  0.7741892 257.8971 
  0.6291211 259.1866 
  0.2480623 261.7849 
  0.2858564 263.0938 
  0.2725295 267.06 
  0.3240502 267.06 
  0.2652321 256.614 
  0.02594034 240.5036 
  0.8042476 224.2832 
  0.9092382 217.6709 
  0.8193872 213.3714 
  0.6645815 209.1568 
  0.8645297 198.9809 
  0.9462082 195.0505 
  0.9615962 195.0505 
  0.9736814 195.0505 
  0.992655 196.0257 
  0.9786413 196.0257 
  0.9672263 197.0059 
  0.9465987 197.0059 
  0.9102733 197.0059 
  0.8708592 191.1978 
  0.79103 189.3 
  0.4991592 191.1978 
  0.07426187 193.1145 
  -0.008406296 196.0257 
  0.03991279 198.9809 
  0.006009648 201.9805 
  0.09091015 205.0254 
  0.151768 208.1162 
  0.1745782 211.2535 
  0.4243616 214.4382 
  0.7964391 210.2025 
  0.847231 206.0505 
  0.9865511 201.9805 
  0.9841862 198.9809 
  0.9866136 197.9909 
  0.9967321 197.9909 
  0.9993517 197.9909 
  0.9990311 197.9909 
  0.9983914 197.0059 
  0.9986237 196.0257 
  0.998893 195.0505 
  0.9988992 194.0801 
  0.9974558 193.1145 
  0.948629 192.1537 
  0.9060731 188.3582 
  0.9228751 185.5609 
  0.9940952 182.8051 
  0.9983202 182.8051 
  0.9978294 182.8051 
  0.9964127 182.8051 
  0.9945067 182.8051 
  0.9901125 182.8051 
  0.983909 181.8956 
  0.9864863 180.9906 
  0.9814498 180.0902 
  0.9821709 179.1942 
  0.9844711 179.1942 
  0.9882866 179.1942 
  0.9784859 180.0902 
  0.9363865 181.8956 
  0.916607 184.6377 
  0.9638938 187.4211 
  0.970019 189.3 
  0.7473913 188.3582 
  0.4316897 186.4887 
  0.345814 187.4211 
  0.08091138 186.4887 
  0.08945967 186.4887 
  0.1523111 186.4887 
  -0.2315078 185.5609 
  0.3776946 184.6377 
  -0.09220055 183.7191 
  -0.2218769 182.8051 
  0.03613366 192.1537 
  0.4544575 205.0254 
  0.8621873 202.9904 
  0.9947854 201.9805 
  0.9960305 201.9805 
  0.9982244 200.9756 
  0.9980764 200.9756 
  0.9982411 200.9756 
  0.9973078 200.9756 
  0.9952912 199.9758 
  0.9922895 199.9758 
  0.9959974 198.9809 
  0.9958814 197.9909 
  0.9960315 197.0059 
  0.9960433 197.0059 
  0.9960293 197.0059 
  0.992934 197.0059 
  0.9728665 197.0059 
  0.945175 196.0257 
  0.9067829 193.1145 
  0.7084843 193.1145 
  0.02624443 193.1145 
  0.02498603 194.0801 
  0.05870309 195.0505 
  -0.2746648 196.0257 
  -0.1734481 197.0059 
  -0.2482492 197.9909 
  0.02635495 198.9809 
  0.2462458 199.9758 
  0.001596577 200.9756 
  0.08996727 201.9805 
  0.06277783 202.9904 
  -0.0891242 204.0054 
  -0.06610663 205.0254 
  0.1194472 205.0254 
  0.684545 205.0254 
  0.547748 192.1537 
  0.6965404 188.3582 
  0.9861837 183.7191 
  0.9817974 182.8051 
  0.9691212 180.0902 
  0.8068743 177.4156 
  0.3747584 173.9112 
  0.06261006 172.185 
  0.0813838 172.185 
  0.02453043 174.7808 
  0.01167312 177.4156 
  -0.03217988 180.9906 
  0.0462648 184.6377 
  0.2288836 188.3582 
  0.2139654 192.1537 
  0.009638618 196.0257 
  0.0651547 199.9758 
  -0.0006549162 199.9758 
  0.05602935 198.9809 
  0.8367391 195.0505 
  0.9080836 194.0801 
  0.9826066 193.1145 
  0.9917287 192.1537 
  0.9680195 191.1978 
  0.9352264 190.2465 
  0.8685904 190.2465 
  0.990423 192.1537 
  0.9979149 192.1537 
  0.9978009 192.1537 
  0.988769 191.1978 
  0.9738756 189.3 
  0.9446267 187.4211 
  0.8028606 186.4887 
  0.2340707 185.5609 
  -0.07154278 185.5609 
  -0.1078626 184.6377 
  -0.1679532 182.8051 
  0.1630923 180.0902 
  0.2431453 182.8051 
  0.7444118 191.1978 
  0.9082965 193.1145 
  0.9495876 192.1537 
  0.9037995 190.2465 
  0.9137688 187.4211 
  0.9428307 182.8051 
  0.9790461 180.0902 
  0.9892582 178.3027 
  0.9850342 177.4156 
  0.927629 176.533 
  0.8218179 174.7808 
  0.6655904 176.533 
  0.9227532 177.4156 
  0.9899423 177.4156 
  0.9846826 177.4156 
  0.9245833 176.533 
  0.8337012 175.6547 
  0.239686 175.6547 
  0.02485955 175.6547 
  -0.1248592 175.6547 
  -0.1913779 175.6547 
  -0.1367899 175.6547 
  -0.1026486 176.533 
  0.06929728 177.4156 
  0.1779801 178.3027 
  0.1907819 179.1942 
  0.02144775 180.0902 
  0.3330043 180.0902 
  0.4293164 173.9112 
  0.8936541 172.185 
  0.8547487 171.3284 
  0.7855567 172.185 
  0.9505334 174.7808 
  0.968502 176.533 
  0.9863039 176.533 
  0.9883934 175.6547 
  0.9968805 173.9112 
  0.9957951 173.046 
  0.9647282 173.046 
  0.9486091 170.476 
  0.8824204 167.9442 
  0.6240172 168.784 
  0.4027093 169.6279 
  0.1333167 169.6279 
  0.0441673 169.6279 
  0.05350836 169.6279 
  0.1327274 169.6279 
  0.1700135 170.476 
  0.1960628 171.3284 
  0.03216348 172.185 
  0.2503847 173.046 
  0.1798996 173.9112 
  -0.1478857 174.7808 
  -0.3034291 175.6547 
  -0.1966304 176.533 
  -0.1621215 177.4156 
  -0.0107084 178.3027 
  -0.04815508 179.1942 
  -0.004979722 180.0902 
  -0.007317884 180.9906 
  0.08745549 182.8051 
  0.06017101 183.7191 
  0.3766599 182.8051 
  0.6511288 180.0902 
  0.9780552 178.3027 
  0.9907792 177.4156 
  0.9849442 175.6547 
  0.9914517 174.7808 
  0.9868953 173.046 
  0.9849705 172.185 
  0.9943448 171.3284 
  0.9873844 170.476 
  0.9883183 169.6279 
  0.9849336 168.784 
  0.9844417 167.9442 
  0.9904807 167.9442 
  0.9951137 168.784 
  0.9762005 168.784 
  0.9485248 168.784 
  0.8388057 168.784 
  0.5654658 170.476 
  0.5101348 172.185 
  0.7554564 173.9112 
  0.9162178 176.533 
  0.9638228 177.4156 
  0.9751983 176.533 
  0.9652917 174.7808 
  0.9621269 172.185 
  0.98007 169.6279 
  0.9872472 167.9442 
  0.9816706 166.2773 
  0.9803368 164.6269 
  0.9862353 163.8079 
  0.9936677 162.9929 
  0.9894924 163.8079 
  0.9917158 164.6269 
  0.997132 165.4501 
  0.9925455 165.4501 
  0.9790096 163.8079 
  0.9818869 162.9929 
  0.9884641 162.182 
  0.9888585 162.9929 
  0.9724541 162.182 
  0.9382454 161.3751 
  0.7966375 160.5723 
  0.452075 159.7734 
  0.06349057 158.9785 
  -0.00864209 158.1876 
  -0.00960625 158.1876 
  -0.007100792 158.1876 
  -0.1170269 158.1876 
  -0.1339274 158.1876 
  -0.09476805 158.1876 
  0.1990925 158.1876 
  0.1220926 158.1876 
  0.3074747 158.1876 
  0.09361495 158.1876 
  -0.2292468 158.1876 
  -0.460972 158.1876 
  -0.2861206 158.1876 
  0.02798893 158.1876 ]
