 [
  0.1125513 98.98344 
  0.2167284 98.98344 
  0.2000295 98.98344 
  -0.1765546 98.98344 
  -0.0670676 98.98344 
  -0.1021829 98.98344 
  0.3743672 98.98344 
  0.603399 98.98344 
  0.8921174 98.98344 
  0.8314139 99.47836 
  0.6598194 99.97575 
  0.2228094 100.4756 
  0.3118972 101.4829 
  0.6169487 102.5003 
  0.7552264 101.4829 
  0.4842996 98.00098 
  0.5764038 94.63854 
  0.7206571 93.6992 
  0.5997706 94.1677 
  0.9234306 95.5873 
  0.9965606 96.06523 
  0.9988801 96.06523 
  0.9982876 95.5873 
  0.99822 95.5873 
  0.9982834 95.5873 
  0.9985531 95.5873 
  0.9985158 95.11173 
  0.9982235 95.11173 
  0.9932628 95.11173 
  0.260512 95.5873 
  0.714519 96.06523 
  0.7047938 96.06523 
  0.8430442 96.54556 
  0.8664385 97.02828 
  0.7524838 98.491 
  0.4698177 100.978 
  0.3494642 104.5657 
  0.4607052 108.2809 
  0.6008409 111.0151 
  0.5940207 113.8184 
  0.5140325 117.8622 
  0.5034491 122.6601 
  0.679953 128.2915 
  0.7935674 132.8496 
  0.8427811 138.9488 
  0.8990835 143.1697 
  0.9321756 146.7849 
  0.9221649 150.4914 
  0.9368695 154.2915 
  0.987194 156.6175 
  0.9769953 158.1876 
  0.9816144 159.7734 
  0.9932166 161.3751 
  0.9193861 162.182 
  0.8617995 162.182 
  0.6652954 162.182 
  0.9644786 161.3751 
  0.9962977 160.5723 
  0.9987552 158.9785 
  0.9995106 158.1876 
  0.999667 158.1876 
  0.9998404 158.1876 
  0.9994112 157.4006 
  0.9972732 156.6175 
  0.9640893 156.6175 
  0.9412624 154.2915 
  0.9532404 153.5239 
  0.9958114 152.7601 
  0.9989049 152.7601 
  0.997499 152.0001 
  0.9955596 151.2439 
  0.9935555 150.4914 
  0.992557 149.7427 
  0.9937249 148.2564 
  0.9718562 146.7849 
  0.8928717 143.8855 
  0.8091289 140.3417 
  0.5671089 136.2042 
  0.03643983 136.8852 
  0.05602415 138.2575 
  0.04893655 139.6435 
  0.08780952 141.0434 
  0.3120679 142.4574 
  -0.1633024 143.8855 
  -0.08457183 146.0546 
  -0.06680439 148.2564 
  -0.4602602 150.4914 
  -0.4369861 152.0001 
  -0.426071 151.2439 
  0.3200051 148.2564 
  0.75352 143.8855 
  0.6972277 138.2575 
  0.7988105 135.5266 
  0.8658146 134.1814 
  0.896925 132.1886 
  0.9120789 130.8766 
  0.9048178 129.5776 
  0.9554994 128.9329 
  0.9758731 128.2915 
  0.9812763 128.2915 
  0.9889968 128.9329 
  0.9676918 129.5776 
  0.9396514 130.2255 
  0.9317456 130.8766 
  0.9038761 131.531 
  0.751861 131.531 
  0.4584434 131.531 
  0.2955406 130.8766 
  0.118673 130.2255 
  0.04237867 130.2255 
  -0.07635385 129.5776 
  0.09493177 128.9329 
  0.08997011 127.6532 
  0.02181984 126.3862 
  0.0640534 124.5092 
  -0.1531946 122.6601 
  0.2298535 120.8384 
  0.7743407 119.639 
  0.7808964 117.8622 
  0.7362279 114.9594 
  0.7033082 111.5702 
  0.09953122 111.5702 
  0.03481871 113.2521 
  -0.2288754 115.5342 
  0.2200841 116.6924 
  0.4480993 117.2759 
  0.3803317 117.2759 
  0.132413 117.8622 
  0.03016123 118.4515 
  0.1060598 119.0438 
  0.09470349 119.639 
  0.04692141 120.8384 
  0.008950531 122.0498 
  -0.1076366 123.2734 
  0.1552963 124.5092 
  0.2655439 125.1317 
  -0.05302634 125.7574 
  0.03520747 126.3862 
  -0.01610008 127.0181 
  0.1136866 127.6532 
  0.4214399 125.1317 
  0.5970902 128.9329 
  0.7104846 127.0181 
  0.6584614 124.5092 
  0.8169835 121.4426 
  0.9001338 120.2372 
  0.9397877 119.639 
  0.9610057 119.0438 
  0.9657806 119.0438 
  0.930402 119.639 
  0.9486878 120.2372 
  0.9339346 119.0438 
  0.8124316 117.8622 
  0.7398742 115.5342 
  0.7114769 111.5702 
  0.5963714 107.7421 
  0.4869257 103.5278 
  0.5324988 98.00098 
  0.7801274 94.63854 
  0.8152353 92.7692 
  0.84905 91.39146 
  0.8503207 90.48434 
  0.7835564 90.03418 
  0.7460431 90.03418 
  0.6052854 90.03418 
  0.5609924 90.48434 
  0.6473101 92.7692 
  0.4224659 94.63854 
  0.7864578 95.11173 
  0.7864651 95.5873 
  0.5350988 96.06523 
  0.2851969 97.02828 
  0.01085112 98.491 
  0.155649 99.97575 
  0.4485943 101.4829 
  0.6790254 99.47836 
  0.8241711 100.4756 
  0.9441122 101.4829 
  0.9406413 101.9903 
  0.8344231 101.4829 
  0.6660177 99.47836 
  0.1912338 98.491 
  0.2964112 98.98344 
  0.1769706 100.4756 
  0.1524586 100.978 
  0.1438311 100.978 
  -0.0006444977 101.4829 
  0.193693 104.0455 
  0.07378717 107.2061 
  0.4802501 109.9132 
  0.5785273 109.3664 
  0.5001669 107.7421 
  0.5986349 105.614 
  -0.07149179 108.8223 
  0.05882149 110.4628 
  0.2987284 112.6886 
  0.3630807 114.9594 
  0.5133755 117.2759 
  0.1275777 119.639 
  -0.04348755 121.4426 
  -0.2987698 123.2734 
  0.08338188 125.1317 
  -0.05735881 127.6532 
  -0.02315502 129.5776 
  -0.008313779 131.531 
  0.147604 133.5138 
  0.1930979 136.2042 
  0.41918 138.2575 
  0.4992897 139.6435 
  0.7790678 140.3417 
  0.8423353 137.5696 
  0.9683582 135.5266 
  0.9922728 134.1814 
  0.9896978 134.1814 
  0.9918594 133.5138 
  0.9893477 133.5138 
  0.9804388 132.1886 
  0.9463868 130.2255 
  0.8613421 127.6532 
  0.7237073 123.2734 
  0.6709225 116.1118 
  0.7025131 110.4628 
  0.8151818 106.6728 
  0.8664816 104.0455 
  0.8798021 101.4829 
  0.8237746 98.98344 
  0.8631958 96.54556 
  0.8528227 94.63854 
  0.4291706 94.63854 
  0.5677259 95.5873 
  0.7661024 95.5873 
  0.721343 94.63854 
  0.8259351 93.6992 
  0.9516656 92.30766 
  0.9521785 92.30766 
  0.9587722 92.7692 
  0.946098 92.7692 
  0.7723899 93.23304 
  0.7390916 94.1677 
  0.7091394 95.5873 
  0.7605622 95.5873 
  0.8504963 94.63854 
  0.8918149 94.1677 
  0.9456065 93.6992 
  0.9158348 93.23304 
  0.9558008 92.7692 
  0.9620736 92.30766 
  0.9565078 92.30766 
  0.8677301 92.30766 
  0.7996611 93.23304 
  0.8234946 94.1677 
  0.7165446 94.63854 
  0.4578762 92.30766 
  0.2910651 95.11173 
  0.1905299 98.00098 
  -0.09477962 100.978 
  0.2094497 104.0455 
  0.1483511 107.2061 
  -0.1760097 111.5702 
  0.008614218 115.5342 
  -0.03378714 119.639 
  -0.0483654 123.8897 
  -0.06040751 128.2915 
  -0.0087297 132.8496 
  -0.01866648 137.5696 
  0.152147 142.4574 
  0.3352613 146.7849 
  0.2940259 150.4914 
  -0.1816914 154.2915 
  0.5484132 150.4914 
  0.6730345 141.7487 
  0.9129547 140.3417 
  0.9892808 140.3417 
  0.9986668 141.0434 
  0.9979898 141.0434 
  0.9975923 141.0434 
  0.9930266 140.3417 
  0.9759087 138.9488 
  0.9253262 136.8852 
  0.8318401 133.5138 
  0.7749847 129.5776 
  0.777588 122.0498 
  0.7267799 117.2759 
  0.6383181 113.8184 
  0.5755715 111.5702 
  0.817151 111.0151 
  0.8764692 110.4628 
  0.8171133 107.7421 
  0.8024513 106.6728 
  0.3404185 103.0128 
  0.5479829 97.51342 
  0.7273892 96.54556 
  0.7528592 94.63854 
  0.9680809 93.6992 
  0.9654824 94.1677 
  0.9666212 94.1677 
  0.9718899 94.1677 
  0.9567958 93.6992 
  0.9762918 93.23304 
  0.9877282 92.7692 
  0.991611 93.23304 
  0.9810466 93.23304 
  0.9710863 94.1677 
  0.9814472 95.11173 
  0.9754479 95.5873 
  0.9775602 96.06523 
  0.9796738 96.54556 
  0.9787494 97.02828 
  0.9840968 97.51342 
  0.9820709 97.51342 
  0.967561 97.02828 
  0.3994328 95.5873 
  0.1599035 93.6992 
  0.2995233 92.7692 
  0.473016 93.23304 
  -0.2846368 94.63854 
  -0.01058671 96.54556 
  -0.04518904 98.491 
  -0.01236677 100.4756 
  0.004767472 102.5003 
  0.0007421544 104.5657 
  0.6313534 105.0885 
  0.9130219 104.5657 
  0.9629173 104.5657 
  0.9810172 105.614 
  0.9916966 106.142 
  0.9928297 107.2061 
  0.9966145 107.7421 
  0.9977897 107.7421 
  0.9960502 107.7421 
  0.9912329 107.7421 
  0.9512097 107.2061 
  0.9337197 105.614 
  0.8717774 104.0455 
  0.6905797 103.5278 
  0.03973395 103.0128 
  0.1488287 103.0128 
  0.3177975 103.0128 
  0.1920099 103.5278 
  9.93032e-05 104.0455 
  -0.04939641 104.5657 
  -0.08668739 104.5657 
  0.01156625 104.5657 
  -0.01558174 104.0455 
  0.1703992 103.5278 
  -0.08778514 103.5278 
  0.4217835 103.5278 
  0.7183053 103.0128 
  0.6382957 101.9903 
  0.5533881 101.4829 
  0.09630934 101.9903 
  0.1835499 104.0455 
  0.4102353 105.0885 
  0.1367614 106.142 
  0.2448635 106.6728 
  0.05475339 106.6728 
  0.07517335 106.6728 
  0.06915885 106.6728 
  -0.07690244 106.6728 
  -0.1390406 106.142 
  0.527135 105.0885 
  0.8244105 106.142 
  0.9314469 108.2809 
  0.9764375 109.3664 
  0.9858897 109.9132 
  0.97348 110.4628 
  0.9708422 111.0151 
  0.9639601 112.128 
  0.9613205 113.2521 
  0.9709417 114.3874 
  0.9706577 113.8184 
  0.9654709 113.2521 
  0.9539472 112.128 
  0.9302427 110.4628 
  0.8797363 108.2809 
  0.7964946 105.0885 
  0.7904143 101.9903 
  0.7635364 98.00098 
  0.768228 94.63854 
  0.7139932 92.30766 
  0.6615718 90.93677 
  0.5286887 90.03418 
  0.2324954 91.84841 
  0.2354258 92.7692 
  0.2614025 92.7692 
  0.2816674 91.39146 
  0.1272809 88.69706 
  0.2901573 86.94508 
  0.1517405 85.65383 
  0.2180785 84.38177 
  -0.17935 83.12859 
  -0.002114575 82.3035 
  0.3418926 81.4866 
  0.4807665 81.08118 
  0.6087303 80.27641 
  0.458136 79.87703 
  0.4275556 79.47963 
  0.3910267 79.08421 
  0.2154371 78.69076 
  0.01967506 78.29926 
  -0.1649316 77.90971 
  0.2469497 77.5221 
  0.2705444 77.13642 
  0.2655869 76.75266 
  0.004052776 76.3708 
  -0.3188028 76.3708 
  -0.1638022 76.3708 
  -0.1466916 76.3708 
  -0.1095158 76.3708 
  -0.1263554 76.3708 
  -0.07960968 75.99085 
  0.1491861 75.61279 
  0.2522819 75.2366 
  0.2620022 74.86229 
  0.3461319 74.48985 
  0.3372553 74.11925 
  -0.02624801 73.7505 
  -0.03345307 73.7505 
  -0.06100883 73.7505 
  0.01335469 73.7505 
  0.04300501 73.7505 
  0.06988001 73.7505 
  -0.09286521 73.7505 
  -0.111076 73.7505 
  -0.05176694 73.7505 
  0.07330459 73.7505 
  0.2007622 73.7505 
  -0.01810943 73.7505 
  -0.2489219 73.7505 
  -0.4699388 73.7505 
  -0.5586085 73.7505 
  -0.4518722 73.7505 
  -0.1425362 73.7505 
  0.1930636 73.7505 
  0.3170007 73.7505 
  0.3260223 73.7505 ]
