 [
  0.1526121 283.5317 
  -0.00464439 283.5317 
  0.1005402 283.5317 
  0.1703743 283.5317 
  0.228122 283.5317 
  0.07957064 283.5317 
  0.1706259 283.5317 
  0.2989165 283.5317 
  0.3285868 283.5317 
  0.3031608 283.5317 
  0.1324677 283.5317 
  0.05116992 283.5317 
  -0.03214215 283.5317 
  -0.0241659 282.1211 
  0.7766357 280.7175 
  0.9384985 273.8036 
  0.9610803 268.3953 
  0.972086 264.4093 
  0.9653206 259.1866 
  0.9557835 252.8029 
  0.9416866 247.8095 
  0.7604235 249.0485 
  0.4799938 252.8029 
  0.03558603 256.614 
  -0.1680012 260.4825 
  -0.1888198 264.4093 
  -0.2451883 268.3953 
  -0.1325552 272.4414 
  -0.06394574 275.1726 
  0.08731174 277.9312 
  0.4314072 280.7175 
  0.1009053 283.5317 
  0.03389914 286.3741 
  0.05988592 289.245 
  0.05490207 292.1447 
  0.03513829 293.6054 
  -0.09119105 293.6054 
  -0.09593268 293.6054 
  0.1356765 292.1447 
  0.2735991 292.1447 
  0.3451985 290.6912 
  0.8702303 286.3741 
  0.9514369 284.9493 
  0.990118 284.9493 
  0.9965554 283.5317 
  0.9983235 282.1211 
  0.9989747 280.7175 
  0.999691 279.3209 
  0.9999801 277.9312 
  1.000099 277.9312 
  0.9990234 279.3209 
  0.998337 279.3209 
  0.9963354 280.7175 
  0.9943823 283.5317 
  0.9915873 283.5317 
  0.981703 283.5317 
  0.9792117 279.3209 
  0.9858302 275.1726 
  0.9890819 273.8036 
  0.9893367 272.4414 
  0.989462 271.0859 
  0.9941393 269.7372 
  0.9937211 271.0859 
  0.9961231 271.0859 
  0.9911286 272.4414 
  0.9851812 273.8036 
  0.9684565 272.4414 
  0.9297184 271.0859 
  0.7698439 271.0859 
  0.110741 272.4414 
  0.3558465 273.8036 
  -0.0866185 275.1726 
  -0.2108765 276.5485 
  -0.02348117 277.9312 
  0.4205551 279.3209 
  0.3566884 280.7175 
  0.2034769 282.1211 
  0.1155138 283.5317 
  0.04578337 283.5317 
  -0.2272353 282.1211 
  -0.01465022 280.7175 
  0.02403197 277.9312 
  0.8742073 275.1726 
  0.9301623 272.4414 
  0.9430153 265.7313 
  0.9801847 261.7849 
  0.9941126 259.1866 
  0.9883735 257.8971 
  0.9757764 256.614 
  0.9411626 254.067 
  0.8226667 255.3373 
  0.4796349 256.614 
  0.3438962 259.1866 
  0.3766519 260.4825 
  0.03356249 263.0938 
  -0.003820389 265.7313 
  -0.02118022 268.3953 
  -0.1485563 271.0859 
  -0.05457668 273.8036 
  0.8136162 276.5485 
  0.9171382 277.9312 
  0.9524679 276.5485 
  0.9932286 272.4414 
  0.9937032 269.7372 
  0.9964702 267.06 
  0.9967664 265.7313 
  0.9975268 264.4093 
  0.9980892 264.4093 
  0.9973964 265.7313 
  0.9987251 267.06 
  0.9993317 268.3953 
  0.9995374 268.3953 
  0.9995947 268.3953 
  0.9987667 267.06 
  0.9980683 265.7313 
  0.9973516 263.0938 
  0.9974222 260.4825 
  0.9953574 256.614 
  0.9878458 251.5452 
  0.9780709 245.3498 
  0.9613017 240.5036 
  0.9808383 238.1164 
  0.9894649 238.1164 
  0.9954457 236.9318 
  0.9936481 236.9318 
  0.9872013 235.753 
  0.9819238 235.753 
  0.9720196 234.5801 
  0.9507696 233.4131 
  0.8926355 233.4131 
  0.6562288 234.5801 
  0.2234605 235.753 
  0.1655778 236.9318 
  0.04288887 238.1164 
  -0.05201747 239.307 
  -0.08581185 240.5036 
  -0.06758806 241.7061 
  -0.06894354 242.9146 
  -0.08465903 244.1292 
  0.1045988 245.3498 
  -0.201278 246.5766 
  -0.01968269 247.8095 
  0.1963589 247.8095 
  0.2174824 247.8095 
  0.5429934 247.8095 
  -0.06244463 245.3498 
  -0.1056551 242.9146 
  0.0342218 240.5036 
  0.06274156 238.1164 
  0.7570488 236.9318 
  0.862461 232.2518 
  0.9293923 228.8026 
  0.9836739 225.4046 
  0.9901392 223.1673 
  0.9937627 222.057 
  0.9885075 220.9523 
  0.9771628 220.9523 
  0.9762142 220.9523 
  0.9784322 220.9523 
  0.987351 220.9523 
  0.9941329 220.9523 
  0.9936845 220.9523 
  0.9941714 222.057 
  0.9934415 222.057 
  0.9901373 222.057 
  0.9910813 223.1673 
  0.9893407 224.2832 
  0.982322 225.4046 
  0.9722663 228.8026 
  0.9820841 232.2518 
  0.9875444 235.753 
  0.9841918 239.307 
  0.9782814 244.1292 
  0.974024 249.0485 
  0.9711272 255.3373 
  0.9475977 261.7849 
  0.9581282 271.0859 
  0.9652468 277.9312 
  0.9656712 283.5317 
  0.9551172 286.3741 
  0.948628 287.806 
  0.8193561 287.806 
  0.5476957 287.806 
  -0.02848927 287.806 
  -0.2659038 287.806 
  -0.2328942 287.806 
  -0.1118294 287.806 
  -0.02719749 287.806 
  0.1224292 287.806 
  0.3733102 287.806 
  0.4214775 287.806 
  0.2965612 287.806 
  0.3926626 287.806 
  0.4478151 287.806 
  0.1794555 287.806 
  0.1029181 287.806 ]
