 [
  -0.006352372 111.5702 
  0.01408332 111.5702 
  -0.2209533 111.5702 
  -0.1089667 111.5702 
  -0.09089666 111.5702 
  -0.1061374 111.5702 
  -0.09334043 111.5702 
  0.188441 111.5702 
  0.6541545 111.5702 
  0.6839259 111.5702 
  -0.1487803 111.5702 
  0.5856946 110.4628 
  0.7842027 109.9132 
  0.8974614 110.4628 
  0.9032732 113.2521 
  0.9053844 115.5342 
  0.8771508 117.2759 
  0.9091114 119.639 
  0.9095575 120.2372 
  0.8626711 117.2759 
  0.7371055 115.5342 
  -0.007042287 114.9594 
  0.30436 114.9594 
  0.006184252 114.9594 
  -0.04569949 114.9594 
  -0.04676802 114.9594 
  0.2109101 114.9594 
  0.7391905 117.8622 
  0.3403952 107.2061 
  0.4404827 101.4829 
  0.5076016 98.00098 
  0.7999113 93.23304 
  0.8382158 90.93677 
  0.805203 89.14054 
  0.8033787 87.3798 
  0.6326717 86.51251 
  0.5014942 86.94508 
  0.05544823 88.25578 
  -0.3414628 90.03418 
  -0.5664693 91.84841 
  -0.7254953 93.6992 
  -0.66759 96.06523 
  -0.4893939 98.00098 
  -0.2234328 99.97575 
  0.576269 101.9903 
  0.6674879 105.0885 
  0.539638 103.0128 
  0.6940142 101.4829 
  0.9198508 100.978 
  0.7589559 103.5278 
  0.7790251 106.6728 
  0.8233023 109.9132 
  0.8291249 113.2521 
  0.8726141 116.1118 
  0.8767874 119.639 
  0.9138892 122.6601 
  0.9490234 125.1317 
  0.9887847 126.3862 
  0.9968542 127.0181 
  0.9961056 127.0181 
  0.9830811 127.0181 
  0.919264 126.3862 
  0.9308426 124.5092 
  0.96087 123.2734 
  0.9593253 122.6601 
  0.9253298 120.2372 
  0.9052361 117.8622 
  0.8304987 114.3874 
  0.8682177 111.0151 
  0.9403811 108.2809 
  0.9639786 106.6728 
  0.9850174 105.0885 
  0.9837692 104.5657 
  0.9424534 104.0455 
  0.9141458 103.5278 
  0.8159146 102.5003 
  0.7130555 101.4829 
  0.7273617 97.51342 
  0.4325572 96.06523 
  0.351999 97.02828 
  0.1912018 98.00098 
  0.1003338 98.98344 
  0.09571431 100.4756 
  -0.04938295 101.4829 
  -0.1092362 102.5003 
  -0.02344777 103.0128 
  -0.09534127 103.5278 
  -0.2448946 104.0455 
  -0.2528076 104.0455 
  -0.1779932 104.0455 
  0.2268065 103.5278 
  0.1979703 112.6886 
  0.5289692 114.3874 
  0.9462941 114.9594 
  0.9782138 114.3874 
  0.9560905 116.1118 
  0.9674761 117.8622 
  0.991055 119.0438 
  0.9972985 119.0438 
  0.995437 119.639 
  0.9938283 119.639 
  0.9515775 119.0438 
  0.8785846 116.6924 
  0.8356653 112.128 
  0.8670689 107.2061 
  0.8135564 103.0128 
  0.7894771 98.98344 
  0.8678299 97.51342 
  0.8477008 98.491 
  0.5085996 96.54556 
  0.5282554 93.23304 
  0.9032853 91.39146 
  0.9494722 90.48434 
  0.9364545 89.58624 
  0.8731546 89.14054 
  0.7073733 89.14054 
  0.4679039 89.58624 
  0.548224 90.48434 
  -0.1873018 91.84841 
  0.1710818 93.23304 
  0.1434376 94.63854 
  0.09737144 96.06523 
  0.005246998 97.51342 
  -0.04680827 98.98344 
  0.09736592 100.4756 
  0.04531794 101.9903 
  0.1663313 103.5278 
  0.0846149 105.0885 
  -0.07181214 106.6728 
  0.5758297 108.2809 
  0.7486007 109.3664 
  0.8812341 111.0151 
  0.9383761 112.128 
  0.9663899 113.2521 
  0.9582215 112.6886 
  0.9633428 112.6886 
  0.970005 112.128 
  0.9569112 111.0151 
  0.9005921 109.9132 
  0.8096468 107.7421 
  0.5857954 104.0455 
  0.5975376 99.47836 
  0.7017065 96.06523 
  0.8423725 94.1677 
  0.7945253 92.30766 
  0.8041238 90.48434 
  0.9089131 88.69706 
  0.9489576 88.25578 
  0.9327345 87.8167 
  0.9200251 87.3798 
  0.8375255 87.8167 
  0.7520033 88.25578 
  0.6177298 90.93677 
  0.6371495 91.39146 
  0.5767379 91.39146 
  0.6738818 90.48434 
  0.6633064 89.58624 
  0.3814682 89.58624 
  -0.0379544 89.58624 
  -0.04603939 90.03418 
  0.1334568 90.48434 
  0.1399925 90.48434 
  0.4075328 90.93677 
  -0.01522897 91.39146 
  -0.1856507 91.84841 
  0.08650213 92.30766 
  -0.1092552 92.30766 
  -0.3162358 92.30766 
  -0.2158085 92.30766 
  0.04625976 92.30766 
  -0.02813869 92.30766 
  -0.08353093 92.30766 
  0.07264646 92.7692 
  -0.02885004 92.7692 
  0.0699756 93.23304 
  0.06758045 93.23304 
  0.1853895 93.23304 
  0.7055477 94.1677 
  0.8944756 94.1677 
  0.9660717 94.63854 
  0.9209592 95.5873 
  0.9403225 97.51342 
  0.990153 98.98344 
  0.988679 98.98344 
  0.8642112 98.491 
  0.6973777 97.02828 
  0.6275027 94.63854 
  0.2284985 93.23304 
  -0.2484719 91.84841 
  0.1051233 90.48434 
  0.5424548 89.14054 
  0.7029724 90.48434 
  0.7305568 89.58624 
  0.7526942 88.69706 
  0.6902105 88.69706 
  0.559598 89.14054 
  0.08219152 91.39146 
  0.1490066 92.7692 
  -0.08309779 94.1677 
  0.03674031 95.5873 
  0.3484273 96.54556 
  0.1609002 97.51342 
  0.0290972 98.98344 
  0.2076765 100.4756 
  0.299823 101.4829 
  0.1401043 103.0128 
  0.01815358 104.5657 
  -0.01518678 106.142 
  -0.2485053 107.7421 
  0.04147997 109.3664 
  -0.2826122 111.0151 
  0.07624375 112.6886 
  0.6843631 113.2521 
  0.848586 112.6886 
  0.7339068 112.6886 
  0.7997895 111.0151 
  0.925 110.4628 
  0.9660628 110.4628 
  0.980082 111.0151 
  0.9779798 110.4628 
  0.96826 110.4628 
  0.9479238 110.4628 
  0.9472821 110.4628 
  0.949483 110.4628 
  0.9191062 108.8223 
  0.9259228 107.2061 
  0.825016 105.614 
  0.6151885 103.0128 
  0.5005923 99.47836 
  0.1895815 97.51342 
  -0.2176374 96.06523 
  0.0896588 94.1677 
  0.08658351 92.7692 
  0.1464539 91.39146 
  0.0851011 90.03418 
  0.1783555 88.69706 
  0.2919641 87.3798 
  0.4093014 86.51251 
  0.0523238 85.65383 
  0.1438976 83.96195 
  0.3178358 83.12859 
  0.3630382 85.65383 
  0.6857898 85.65383 
  0.235902 79.08421 
  0.7048525 78.29926 
  0.8471271 77.90971 
  0.7358952 75.99085 
  0.3791644 74.48985 
  0.4459633 69.81332 
  0.3605831 66.74884 
  0.6790659 65.10486 
  0.003213047 63.18545 
  0.5904989 60.4119 
  0.5981382 59.81229 
  0.3070707 58.924 
  0.4628928 58.0489 
  0.1837721 57.1868 
  0.8646713 56.61919 
  0.2798032 56.33751 
  0.1179173 54.67657 
  0.2377502 54.13387 
  0.3641683 54.67657 
  0.2782739 54.94995 
  0.2932978 54.40454 
  0.266118 53.86455 
  0.2650324 53.59657 
  -0.1742976 53.32993 
  -0.0969281 53.0646 
  -0.03713659 53.0646 
  0.02331727 53.0646 
  0.07413269 53.0646 
  0.03537697 53.0646 
  0.03153675 53.0646 
  0.1526266 53.0646 
  0.1022135 53.0646 
  0.09369171 53.0646 
  -0.0635698 53.0646 
  -0.1935329 53.0646 
  -0.1578251 53.0646 
  0.1071031 53.0646 
  0.1450118 53.0646 
  0.1016452 53.0646 
  0.07879084 53.0646 
  -0.06843159 53.0646 
  0.2582598 53.0646 
  0.2221919 53.0646 
  0.01279106 53.0646 
  -0.003482392 53.0646 
  0.04900206 53.0646 
  -0.07217867 53.0646 ]
