 [
  -0.06540167 180.0902 
  0.01438984 180.0902 
  0.1433792 180.0902 
  0.2472561 180.0902 
  0.0571702 180.0902 
  -0.2207689 180.0902 
  -0.06299141 180.0902 
  0.1886549 180.0902 
  0.1182254 180.0902 
  0.007365251 180.0902 
  0.131873 180.0902 
  0.1457438 180.0902 
  -0.0624724 180.0902 
  0.2595028 180.0902 
  0.2855571 180.0902 
  0.05738573 180.0902 
  0.00839264 179.1942 
  -0.009319066 178.3027 
  0.2436328 176.533 
  0.06203445 173.9112 
  -0.1161493 171.3284 
  0.01289589 168.784 
  0.2008568 167.1087 
  0.2169391 166.2773 
  0.1606937 166.2773 
  0.06869241 165.4501 
  -0.1160063 164.6269 
  -0.03743371 162.9929 
  0.4048605 161.3751 
  0.735495 159.7734 
  0.8741271 154.2915 
  0.9568872 152.0001 
  0.9536012 148.9977 
  0.949676 146.0546 
  0.961855 141.7487 
  0.9700887 139.6435 
  0.9723649 138.2575 
  0.9517808 136.2042 
  0.9130059 134.1814 
  0.9325365 130.8766 
  0.9188544 128.9329 
  0.9744332 128.9329 
  0.9923867 129.5776 
  0.9889526 129.5776 
  0.9377338 129.5776 
  0.7197151 131.531 
  0.2002107 135.5266 
  -0.1601731 140.3417 
  0.01702524 146.0546 
  0.3074457 148.9977 
  0.1103816 151.2439 
  -0.03482143 155.063 
  -0.0130435 158.1876 
  0.2375003 163.8079 
  0.127352 166.2773 
  0.1522465 169.6279 
  0.1508253 173.9112 
  0.3229338 178.3027 
  0.7049067 185.5609 
  0.8892353 183.7191 
  0.9380916 185.5609 
  0.9404222 187.4211 
  0.9871582 190.2465 
  0.9890466 192.1537 
  0.9950488 193.1145 
  0.9930906 195.0505 
  0.9847835 197.0059 
  0.991998 198.9809 
  0.9978519 199.9758 
  0.9977608 200.9756 
  0.99786 200.9756 
  0.9973344 199.9758 
  0.9961411 199.9758 
  0.9941899 198.9809 
  0.9790232 198.9809 
  0.9406509 197.9909 
  0.8794929 197.9909 
  0.4721516 195.0505 
  0.6947225 194.0801 
  0.339569 193.1145 
  0.3561491 192.1537 
  0.04185396 191.1978 
  0.1255024 190.2465 
  0.04906299 188.3582 
  -0.1154777 186.4887 
  -0.06195134 184.6377 
  -0.09417269 182.8051 
  0.08580633 180.9906 
  0.4602265 179.1942 
  0.2223819 178.3027 
  0.1004158 178.3027 
  -0.04699251 177.4156 
  0.6593965 176.533 
  0.7463788 167.9442 
  0.8321856 164.6269 
  0.94995 161.3751 
  0.9477644 158.1876 
  0.9336793 154.2915 
  0.9395343 151.2439 
  0.9097504 147.5188 
  0.8737981 145.328 
  0.6561849 143.8855 
  0.006736462 145.328 
  0.2672925 147.5188 
  0.04835605 149.7427 
  0.01506816 152.0001 
  0.01561487 154.2915 
  -0.05921291 156.6175 
  -0.1968265 158.9785 
  -0.01467269 161.3751 
  0.05710573 163.8079 
  -0.05362283 166.2773 
  -0.1009496 168.784 
  -0.06225601 171.3284 
  0.04205309 173.046 
  0.1642853 173.9112 
  0.2372437 175.6547 
  0.604009 177.4156 
  0.7568251 160.5723 
  0.828921 158.9785 
  0.9096522 155.8383 
  0.934723 152.7601 
  0.9694291 150.4914 
  0.9876297 148.9977 
  0.9890159 148.9977 
  0.9918376 149.7427 
  0.9902784 149.7427 
  0.9517816 149.7427 
  0.8705287 148.9977 
  0.8635857 144.605 
  0.5260195 142.4574 
  0.1225122 148.2564 
  0.786163 151.2439 
  0.8270524 148.9977 
  0.8710315 146.7849 
  0.8897331 143.1697 
  0.9852352 140.3417 
  0.9381756 142.4574 
  0.9178269 145.328 
  0.9577869 146.7849 
  0.9671075 147.5188 
  0.9757899 147.5188 
  0.9695414 146.7849 
  0.892184 145.328 
  0.8392171 143.8855 
  0.955594 143.1697 
  0.9771748 142.4574 
  0.9503535 141.7487 
  0.8884423 141.0434 
  0.7279745 141.7487 
  0.2318477 143.1697 
  0.05970842 144.605 
  0.01713034 146.0546 
  -0.06580994 147.5188 
  -0.1054618 148.9977 
  -0.1234296 150.4914 
  0.00123951 151.2439 
  0.1630336 152.0001 
  -0.03841761 151.2439 
  -0.1577218 150.4914 
  0.1725562 149.7427 
  0.7102119 148.9977 
  0.8094276 145.328 
  0.8170712 141.0434 
  0.8013661 137.5696 
  0.8017583 132.8496 
  0.76778 127.6532 
  0.9577326 126.3862 
  0.9892709 126.3862 
  0.9921134 126.3862 
  0.9972898 127.0181 
  0.9939725 127.6532 
  0.9163483 128.2915 
  0.5525162 130.2255 
  0.8491035 129.5776 
  0.9727379 129.5776 
  0.987516 130.2255 
  0.9839013 129.5776 
  0.9837413 129.5776 
  0.9829186 129.5776 
  0.9798384 130.2255 
  0.9799043 130.8766 
  0.9772669 131.531 
  0.9496242 131.531 
  0.9095805 130.2255 
  0.7450974 128.9329 
  0.4794299 128.9329 
  0.03058904 128.9329 
  0.4179231 128.9329 
  0.5562422 128.9329 
  0.09026323 128.9329 
  -0.03731759 128.9329 
  -0.02303032 128.9329 
  -0.07482646 128.9329 
  0.2707747 128.9329 
  0.01650916 128.2915 
  -0.04894536 127.6532 
  0.03348443 127.6532 
  0.7191728 126.3862 
  0.2460856 109.9132 
  0.4861864 108.2809 
  0.9205775 108.8223 
  0.9589283 108.8223 
  0.9530008 109.9132 
  0.6983182 112.6886 
  0.4258057 116.1118 
  0.2957212 120.2372 
  0.4040561 120.2372 
  0.764773 119.0438 
  0.3181393 118.4515 
  -0.4880829 121.4426 
  -0.1856567 125.7574 
  0.1105567 128.9329 
  -0.02694858 132.1886 
  0.1112587 134.8523 
  0.8451706 134.1814 
  0.3015821 130.8766 
  0.6106283 128.2915 
  0.8064949 126.3862 
  0.8902112 127.6532 
  0.8900731 127.6532 
  0.8920819 127.6532 
  0.9235582 127.0181 
  0.9261968 128.9329 
  0.9741303 130.2255 
  0.9802905 130.8766 
  0.9629508 131.531 
  0.9082612 132.1886 
  0.8574396 131.531 
  0.7728257 130.8766 
  0.612623 128.9329 
  0.9553977 128.2915 
  0.750799 127.0181 
  0.7203676 125.1317 
  0.7281236 123.8897 
  0.7633503 122.6601 
  0.6831974 119.639 
  0.578497 114.9594 
  0.3105062 114.3874 
  0.1259414 116.6924 
  0.2461845 119.0438 
  0.2653129 120.2372 
  0.390516 121.4426 
  0.50756 123.8897 
  0.5001779 128.2915 
  0.7101996 131.531 
  0.8992732 132.8496 
  0.9553746 132.8496 
  0.9365793 131.531 
  0.7056373 128.2915 
  0.8904339 125.7574 
  0.9404235 124.5092 
  0.9590209 123.8897 
  0.9573243 123.2734 
  0.9340948 122.0498 
  0.934652 122.0498 
  0.956302 122.6601 
  0.9764323 123.8897 
  0.9742652 124.5092 
  0.9502239 124.5092 
  0.9503154 124.5092 
  0.9760895 123.2734 
  0.9689847 122.0498 
  0.9440299 120.8384 
  0.9312159 120.2372 
  0.947007 119.639 
  0.961425 119.639 
  0.9778583 119.639 
  0.9809287 120.2372 
  0.9054115 120.8384 
  0.8482006 120.8384 
  0.8211123 120.8384 
  0.8811138 119.639 
  0.9264833 119.639 
  0.9416844 119.639 
  0.9796306 119.0438 
  0.9918407 119.0438 
  0.9905065 119.639 
  0.9888786 119.639 
  0.9831228 120.2372 
  0.9816058 120.8384 
  0.9903634 121.4426 
  0.9903134 121.4426 
  0.9884392 121.4426 
  0.9447218 121.4426 
  0.785568 122.0498 
  0.3868135 122.6601 
  -0.2778523 123.2734 
  -0.3028913 123.8897 
  0.05365771 125.1317 
  0.1737271 126.3862 
  0.1811258 126.3862 
  0.1998757 125.7574 
  0.3180137 126.3862 
  0.4634558 126.3862 
  0.3806873 125.1317 
  0.4783529 124.5092 
  0.5651358 119.0438 
  0.8124927 117.2759 
  0.8353218 116.1118 
  0.884725 114.9594 
  0.9747238 114.3874 
  0.7397183 112.6886 
  0.7368344 109.9132 
  0.8212587 107.2061 
  0.7957715 105.0885 
  0.6531821 103.0128 
  0.5456126 98.491 
  0.4242941 96.06523 
  0.306365 96.54556 
  0.04704122 97.51342 
  0.1718411 98.00098 
  0.2739512 98.491 
  0.1039567 98.98344 
  0.01604447 99.47836 
  -0.2119515 99.97575 
  0.1568194 100.4756 
  -0.1481346 100.978 
  0.1639416 101.9903 
  0.1332896 103.0128 
  -0.1262279 104.0455 
  -0.08142397 105.0885 
  0.001493717 106.142 
  0.03162052 106.6728 
  -0.004474463 107.2061 
  0.4722086 107.7421 
  0.294512 106.142 
  0.3565953 104.0455 
  0.663729 102.5003 
  0.9192245 101.9903 
  0.8748066 101.9903 
  0.7083529 101.4829 
  0.5452764 100.978 
  0.1525109 100.4756 
  0.1816295 99.97575 
  0.06372465 99.47836 
  0.4185 98.98344 
  0.3282497 98.491 
  0.6173382 98.00098 
  0.5599604 97.51342 
  0.4543615 96.54556 
  0.1172631 95.5873 
  -0.04981121 94.63854 
  -0.06732492 93.6992 
  0.2376825 93.23304 
  0.2169462 92.30766 
  0.06646821 91.39146 
  0.1153714 90.93677 
  0.2339014 90.48434 
  0.2452527 90.48434 
  0.182138 90.93677 
  0.2337419 90.93677 
  0.2247054 90.93677 
  0.2255402 91.39146 
  0.1416338 92.30766 
  0.2460361 93.23304 
  0.4268819 93.6992 
  0.334458 94.1677 
  0.511825 94.63854 
  -0.003268161 95.11173 
  -0.3230571 95.11173 
  0.09357516 95.11173 
  0.1581236 95.11173 
  -0.01489479 95.11173 
  -0.05839272 95.11173 
  -0.213295 95.11173 
  0.0703441 95.11173 
  -0.1584506 95.11173 
  -0.1898772 95.11173 
  -0.4851019 95.11173 
  -0.3141225 95.11173 
  -0.1551539 95.11173 
  0.09918085 95.11173 
  0.08652613 95.11173 
  0.08047254 95.11173 
  -0.208977 95.11173 
  0.07442219 95.11173 
  0.1032892 95.11173 
  0.01535812 95.11173 
  -0.07622529 95.11173 
  -0.1533809 95.11173 
  -0.1319018 95.11173 
  -0.06276051 95.11173 
  -0.02899549 95.11173 
  0.101138 95.11173 
  0.003946423 95.11173 
  -0.014596 95.11173 
  0.02147068 95.11173 
  0.06079601 95.11173 
  0.1352237 95.11173 
  0.08962308 95.11173 
  0.05033235 95.11173 
  0.07690635 95.11173 
  0.05904196 95.11173 
  0.1531184 95.11173 
  0.2136292 95.11173 
  -0.08957376 95.11173 
  -0.06027777 95.11173 
  0.09098184 95.11173 
  0.2814912 95.11173 
  0.3107809 95.11173 
  0.1606013 95.11173 
  -0.04762232 95.11173 
  -0.0196947 95.11173 
  0.1132193 95.11173 
  0.04438552 95.11173 
  -0.1599999 95.11173 
  -0.0937764 95.11173 
  0.1487404 95.11173 
  0.04560285 95.11173 
  -0.1944547 95.11173 ]
