 [
  -0.08762164 103.0128 
  -0.239616 103.0128 
  0.1653639 103.0128 
  -0.01897657 103.0128 
  -0.04247967 103.0128 
  -0.02918983 103.0128 
  0.09406455 103.0128 
  0.04967865 103.0128 
  -0.02479555 103.0128 
  -0.1417888 103.0128 
  -0.01447858 103.0128 
  0.007764521 103.0128 
  -0.02967662 103.0128 
  -0.09802366 103.0128 
  0.1813888 103.0128 
  0.6667895 105.614 
  0.7416291 107.7421 
  0.9271326 107.7421 
  0.813609 107.7421 
  0.7667124 104.5657 
  0.2378986 104.0455 
  -0.4220472 105.0885 
  -0.1147357 106.142 
  -0.1217811 107.2061 
  0.06634767 108.2809 
  0.09738506 109.3664 
  -0.002321398 110.4628 
  -0.02517084 111.5702 
  -0.1965444 112.6886 
  -0.1610154 113.8184 
  -0.1768805 115.5342 
  0.7313035 117.2759 
  0.7316009 115.5342 
  0.638931 113.2521 
  0.6296514 110.4628 
  0.8306245 108.8223 
  0.9096832 107.2061 
  0.9379985 107.2061 
  0.9685938 107.7421 
  0.9892492 107.7421 
  0.9688123 108.2809 
  0.9662811 109.3664 
  0.9751626 109.9132 
  0.9555982 110.4628 
  0.9524122 111.5702 
  0.9446263 112.128 
  0.9502003 113.2521 
  0.9456066 114.3874 
  0.8694218 116.6924 
  0.9296829 117.8622 
  0.910031 117.8622 
  0.9061621 119.0438 
  0.8976372 119.639 
  0.4420781 119.639 
  0.2389737 119.639 
  0.132323 119.639 
  0.1650708 119.639 
  0.009637926 119.639 
  0.07202792 119.639 
  -0.025915 119.639 
  0.352029 119.639 
  0.6070175 123.8897 
  0.6652358 126.3862 
  0.8699543 126.3862 
  0.6323673 123.8897 
  0.5628285 118.4515 
  0.5316063 111.5702 
  0.4959738 105.614 
  0.4113033 100.4756 
  0.2175395 96.54556 
  0.09699477 94.1677 
  0.1772994 94.63854 
  0.4041978 97.02828 
  0.5752 101.4829 
  0.5002526 107.2061 
  0.8023425 112.128 
  0.9547742 114.3874 
  0.9504359 114.9594 
  0.963711 114.9594 
  0.9640402 114.9594 
  0.9603668 115.5342 
  0.9624652 116.6924 
  0.968855 117.2759 
  0.9712355 118.4515 
  0.9423292 120.2372 
  0.934524 121.4426 
  0.9012732 123.8897 
  0.9596762 125.7574 
  0.9534048 127.0181 
  0.9545594 127.6532 
  0.9600586 127.6532 
  0.9562744 128.2915 
  0.9384077 128.2915 
  0.9433302 127.6532 
  0.9382334 125.7574 
  0.9386669 124.5092 
  0.9547769 122.6601 
  0.9488487 121.4426 
  0.9378092 119.0438 
  0.9458403 117.2759 
  0.9689438 115.5342 
  0.9642136 114.3874 
  0.9411435 112.6886 
  0.9302033 111.5702 
  0.95787 109.3664 
  0.9235511 108.8223 
  0.7924048 108.2809 
  0.3728475 107.2061 
  0.5590497 107.2061 
  0.7748113 107.2061 
  0.4420687 107.2061 
  0.06563813 107.7421 
  0.2874791 107.7421 
  0.6347235 107.7421 
  0.8709594 107.7421 
  0.978948 107.7421 
  0.9633347 107.7421 
  0.9675618 107.7421 
  0.9543037 108.2809 
  0.9478468 109.9132 
  0.9469253 111.5702 
  0.9583344 113.8184 
  0.9693867 116.1118 
  0.9773666 118.4515 
  0.9760022 119.0438 
  0.9846511 119.639 
  0.9915396 119.639 
  0.9876562 119.0438 
  0.9479504 119.0438 
  0.877088 117.8622 
  0.7865916 114.9594 
  0.7330944 112.128 
  0.7495218 112.6886 
  0.7262957 114.9594 
  0.9404557 117.2759 
  0.9584233 119.639 
  0.8776261 119.639 
  0.7959954 119.0438 
  0.8076013 117.2759 
  -0.05244372 117.2759 
  -0.1946897 117.2759 
  -0.009821328 117.2759 
  0.09697701 117.2759 
  -0.05178378 117.8622 
  0.03134048 117.8622 
  0.07884794 117.8622 
  0.2144408 117.8622 
  0.7535819 118.4515 
  0.8807463 119.0438 
  0.9327045 117.8622 
  0.8408021 116.1118 
  0.8174768 113.8184 
  0.7573403 111.5702 
  0.1174856 110.4628 
  0.8391873 109.3664 
  0.964929 108.8223 
  0.9864712 108.2809 
  0.9965001 108.2809 
  0.9975312 108.8223 
  0.9977618 109.3664 
  0.9938743 109.9132 
  0.9896736 110.4628 
  0.6674114 112.128 
  0.660023 113.8184 
  0.6924313 111.0151 
  0.8542641 109.9132 
  0.8835849 108.8223 
  0.8945414 107.2061 
  0.9624311 106.142 
  0.9933619 105.614 
  0.9792243 106.142 
  0.9794896 106.142 
  0.9833577 106.142 
  0.9698623 106.6728 
  0.9658875 106.6728 
  0.9562643 106.6728 
  0.9374173 107.2061 
  0.9245036 107.2061 
  0.9150532 107.2061 
  0.8824676 108.2809 
  0.9058366 109.3664 
  0.9361204 110.4628 
  0.9473142 111.5702 
  0.9697897 112.6886 
  0.9819712 113.8184 
  0.9819784 114.3874 
  0.9851449 115.5342 
  0.9819924 117.2759 
  0.9840184 119.0438 
  0.9903898 120.2372 
  0.9970106 121.4426 
  0.998064 122.0498 
  0.9965247 123.2734 
  0.9981058 123.2734 
  0.9990069 123.8897 
  0.9996133 123.8897 
  0.9957167 123.2734 
  0.9505715 122.0498 
  0.8563311 119.639 
  0.8478842 115.5342 
  0.9451561 112.6886 
  0.9180397 112.128 
  0.7980568 112.128 
  0.2622237 112.6886 
  0.1095044 113.2521 
  0.06834688 114.3874 
  0.04870258 115.5342 
  0.2612944 116.6924 
  0.4797212 118.4515 
  0.6883414 120.8384 
  0.784355 123.2734 
  0.8683563 126.3862 
  0.9312688 127.6532 
  0.9057059 125.1317 
  0.9389372 123.2734 
  0.9676763 122.0498 
  0.9842474 121.4426 
  0.9920617 121.4426 
  0.9791539 122.0498 
  0.9862936 122.0498 
  0.9862344 122.0498 
  0.967078 121.4426 
  0.9608563 120.8384 
  0.9052603 119.0438 
  0.8930095 116.6924 
  0.8642364 114.9594 
  0.8941643 113.2521 
  0.9186395 111.5702 
  0.821657 109.9132 
  0.9433833 107.7421 
  0.9448689 106.142 
  0.9741441 105.0885 
  0.9740193 104.0455 
  0.9867828 104.0455 
  0.9744171 104.0455 
  0.9606658 103.5278 
  0.9603832 103.0128 
  0.9504339 102.5003 
  0.9561089 102.5003 
  0.974928 101.9903 
  0.9861539 102.5003 
  0.9890935 102.5003 
  0.9814225 102.5003 
  0.9711229 101.9903 
  0.9449841 101.4829 
  0.8280303 100.4756 
  0.8094749 98.491 
  0.8731139 96.06523 
  0.7480486 95.11173 
  0.165025 95.11173 
  0.1352449 95.11173 
  0.1010183 95.5873 
  0.1285858 96.06523 
  -0.004446317 96.54556 
  0.02834709 97.02828 
  -0.2015973 97.51342 
  0.6309009 98.491 
  0.7531119 98.491 
  0.8823816 98.98344 
  0.6386435 97.02828 
  0.8696654 94.1677 
  0.89036 92.7692 
  0.8724079 92.7692 
  0.9598638 93.23304 
  0.9754514 93.23304 
  0.9334756 92.7692 
  0.876568 92.7692 
  0.9001333 93.23304 
  0.9398232 93.23304 
  0.9291109 93.23304 
  0.8956308 93.23304 
  0.8610303 93.23304 
  0.7706254 93.23304 
  0.4521839 93.23304 
  0.456625 93.23304 
  0.5049797 93.23304 
  0.1492553 93.23304 
  -0.00737196 93.23304 
  0.01121968 93.23304 ]
