 [
  -0.210469 133.5138 
  0.2894993 133.5138 
  -0.2283179 133.5138 
  -0.2345314 133.5138 
  -0.261528 133.5138 
  -0.03768992 133.5138 
  -0.2147071 133.5138 
  0.1417393 133.5138 
  0.2747877 133.5138 
  -0.05051056 133.5138 
  0.366583 133.5138 
  -0.003591345 133.5138 
  -0.07420475 133.5138 
  0.03356412 133.5138 
  -0.04792286 132.8496 
  0.00225908 132.1886 
  0.3139243 131.531 
  0.2248618 130.8766 
  0.7902637 130.8766 
  0.7350115 137.5696 
  0.8786815 141.0434 
  0.9258918 143.1697 
  0.9808522 144.605 
  0.9874996 146.0546 
  0.9841826 146.7849 
  0.9780541 147.5188 
  0.9611934 146.7849 
  0.9642758 143.8855 
  0.935613 143.8855 
  0.8116554 146.0546 
  0.866452 149.7427 
  0.8597012 153.5239 
  0.9575939 157.4006 
  0.9762009 159.7734 
  0.9701883 158.9785 
  0.9698559 158.1876 
  0.944263 155.8383 
  0.9090472 153.5239 
  0.8758269 150.4914 
  0.6201652 148.2564 
  0.04766019 149.7427 
  0.2057407 151.2439 
  0.1361402 152.7601 
  0.1191861 154.2915 
  0.05094395 155.8383 
  0.1154072 158.1876 
  0.09723421 156.6175 
  0.1882253 151.2439 
  0.352227 149.7427 
  0.5933535 148.9977 
  0.03083891 148.9977 
  0.8289728 148.2564 
  0.7531714 141.0434 
  0.8726049 140.3417 
  0.9434457 138.9488 
  0.9582762 139.6435 
  0.9686947 139.6435 
  0.9767483 139.6435 
  0.9908678 140.3417 
  0.9924231 140.3417 
  0.9911422 141.0434 
  0.9907464 141.0434 
  0.9596578 140.3417 
  0.9026977 140.3417 
  0.8118078 137.5696 
  0.8595928 133.5138 
  0.2907621 132.1886 
  0.6127257 130.8766 
  0.04028796 130.2255 
  0.136283 129.5776 
  0.1313216 128.9329 
  0.1207485 128.2915 
  0.2550053 127.6532 
  0.2925534 127.0181 
  0.6895617 125.7574 
  0.4687699 134.1814 
  0.8089069 136.2042 
  0.9618012 135.5266 
  0.9770026 136.2042 
  0.9772593 136.8852 
  0.9624076 135.5266 
  0.9652321 134.8523 
  0.9679338 132.8496 
  0.9743999 132.1886 
  0.9719869 130.8766 
  0.9807648 129.5776 
  0.8866882 129.5776 
  0.6316884 127.0181 
  0.3836062 123.2734 
  0.5025395 120.8384 
  -0.155988 120.8384 
  -0.07079242 120.8384 
  -0.1393695 120.2372 
  0.05313966 119.639 
  -0.07162242 119.0438 
  -0.05522558 118.4515 
  -0.0949756 117.8622 
  0.1577447 117.2759 
  0.1373993 116.6924 
  0.1030864 116.1118 
  -0.1198242 115.5342 
  -0.1501769 114.9594 
  0.5098901 114.3874 
  0.1755644 114.9594 
  0.2380701 115.5342 
  0.03372104 117.8622 
  0.3160844 120.8384 
  0.6455936 124.5092 
  0.8137677 127.6532 
  0.781978 129.5776 
  0.511452 130.8766 
  0.3320681 132.8496 
  0.07440328 134.8523 
  0.1444496 136.8852 
  -0.1062066 138.9488 
  0.1286302 141.0434 
  -0.3036791 143.1697 
  0.07159932 145.328 
  0.759226 144.605 
  0.3693677 134.1814 
  0.75783 134.1814 
  0.935946 134.1814 
  0.939258 133.5138 
  0.97189 133.5138 
  0.9711631 134.1814 
  0.97276 134.8523 
  0.9731358 135.5266 
  0.9525208 136.2042 
  0.9082683 136.2042 
  0.8604423 137.5696 
  0.9647599 138.9488 
  0.9602559 138.9488 
  0.9652076 138.2575 
  0.9942589 137.5696 
  0.9946038 137.5696 
  0.9895487 136.8852 
  0.9870486 136.2042 
  0.9847625 135.5266 
  0.9965697 135.5266 
  0.9984777 135.5266 
  0.999997 135.5266 
  1.000304 135.5266 
  0.9987947 135.5266 
  1.000212 134.8523 
  0.9644132 134.8523 
  0.8949669 136.2042 
  0.8247213 134.1814 
  0.8785972 132.1886 
  0.9915627 131.531 
  0.9927809 131.531 
  0.9908514 131.531 
  0.9924422 131.531 
  0.9940293 131.531 
  0.9804182 131.531 
  0.9882491 132.1886 
  0.9908907 132.1886 
  0.9903635 131.531 
  0.9878347 131.531 
  0.9761839 130.8766 
  0.9555802 130.2255 
  0.9367089 130.2255 
  0.9819026 131.531 
  0.9946709 132.1886 
  0.9852549 132.1886 
  0.9330496 131.531 
  0.8375228 131.531 
  0.5221076 131.531 
  0.5424553 131.531 
  -0.1189215 131.531 
  -0.0661318 132.1886 
  0.00676202 132.8496 
  0.0410353 133.5138 
  0.02392744 134.1814 
  0.05149415 134.8523 
  0.06485118 135.5266 
  0.09015322 135.5266 
  0.2760466 135.5266 
  0.1662791 135.5266 
  -0.1288338 136.2042 
  0.02218356 136.8852 
  0.03274859 136.8852 
  0.08388422 136.2042 
  0.1302762 134.8523 
  -0.03793234 133.5138 
  0.5529679 135.5266 
  0.7782471 136.2042 
  0.872147 134.8523 
  0.9450218 132.8496 
  0.9618572 130.8766 
  0.9784576 129.5776 
  0.9830472 128.9329 
  0.9945089 128.2915 
  0.9859488 127.6532 
  0.9383307 127.0181 
  0.9131693 126.3862 
  0.8881234 125.7574 
  0.9799142 126.3862 
  0.9906101 127.0181 
  0.9925107 127.0181 
  0.9919676 127.0181 
  0.9932618 127.0181 
  0.9948297 127.0181 
  0.9915994 127.0181 
  0.9894545 127.6532 
  0.9878341 127.0181 
  0.9904893 127.0181 
  0.9930528 126.3862 
  0.9941434 126.3862 
  0.986412 125.7574 
  0.9838106 125.7574 
  0.9821405 125.1317 
  0.9661338 124.5092 
  0.9494332 123.8897 
  0.9290801 123.2734 
  0.9326435 122.6601 
  0.9433233 122.6601 
  0.9564604 123.2734 
  0.9687713 124.5092 
  0.9744436 125.1317 
  0.9812762 126.3862 
  0.9766592 126.3862 
  0.9794304 126.3862 
  0.9895086 125.1317 
  0.995274 125.1317 
  0.9906454 125.1317 
  0.9897336 125.7574 
  0.9633647 125.7574 
  0.9203373 125.1317 
  0.937099 123.2734 
  0.845367 123.2734 
  0.8885946 124.5092 
  0.9719246 125.7574 
  0.9826089 127.0181 
  0.986782 128.2915 
  0.9941365 128.2915 
  0.9940436 127.6532 
  0.9916624 127.0181 
  0.995299 126.3862 
  0.9952779 125.7574 
  0.9948614 125.1317 
  0.994837 125.1317 
  0.9956587 125.1317 
  0.989226 124.5092 
  0.9973217 123.8897 
  0.9981461 123.8897 
  0.996675 123.8897 
  0.9952149 123.8897 
  0.9951173 124.5092 
  0.9921101 124.5092 
  0.9905133 123.8897 
  0.9915262 123.2734 
  0.9906637 123.2734 
  0.986517 123.8897 
  0.9817343 123.8897 
  0.9837165 123.8897 
  0.9928805 123.8897 
  0.9911703 124.5092 
  0.9895418 125.1317 
  0.9934011 125.1317 
  0.9776704 124.5092 
  0.9778863 123.8897 
  0.9582658 124.5092 
  0.9376141 123.8897 
  0.935517 123.2734 
  0.9575239 122.0498 
  0.9755942 121.4426 
  0.9862449 120.8384 
  0.9903943 120.8384 
  0.9736236 119.639 
  0.9575816 118.4515 
  0.9459052 117.8622 
  0.8462017 117.8622 
  0.736113 117.8622 
  0.07932376 117.8622 
  0.5879221 117.8622 
  0.7171793 118.4515 
  0.7669476 117.2759 
  0.8758243 116.1118 
  0.9815835 114.3874 
  0.9629925 113.8184 
  0.8748426 112.6886 
  0.6739711 112.128 
  0.5284511 112.128 
  0.6082717 112.128 
  0.412194 112.128 
  0.1055943 112.128 
  -0.1136587 112.128 
  -0.07394703 112.128 
  -0.2011265 112.128 
  -0.1465271 112.128 
  -0.2584015 112.128 
  -0.0530967 112.128 
  -0.3666183 112.128 
  -0.4497001 112.128 
  -0.1031472 112.128 
  0.045131 112.128 
  -0.1353334 112.128 
  -0.1886279 112.128 
  -0.01850208 112.128 ]
