 [
  -0.1263016 136.2042 
  -0.173459 136.2042 
  -0.2053051 136.2042 
  0.01170608 136.2042 
  0.1063082 136.2042 
  0.1560053 136.2042 
  0.1745763 136.2042 
  0.1631048 136.2042 
  0.3452171 136.2042 
  0.256197 136.2042 
  -0.003678396 136.2042 
  0.06538497 136.2042 
  0.4036359 136.2042 
  -0.4117429 136.2042 
  0.2766784 136.2042 
  -0.1191827 136.2042 
  -0.01423299 136.2042 
  0.07778703 136.2042 
  0.1905965 136.2042 
  -0.04006519 136.2042 
  0.2557637 136.2042 
  -0.1325854 136.2042 
  0.009008348 136.2042 
  -0.03936162 136.2042 
  -0.09689243 136.2042 
  -0.0003523193 136.2042 
  0.09026843 136.2042 
  0.04406244 136.2042 
  0.1016855 136.2042 
  -0.1363805 136.2042 
  0.5108645 130.8766 
  0.710862 125.1317 
  0.9048541 122.6601 
  0.9698397 122.0498 
  0.9615179 121.4426 
  0.9602047 120.8384 
  0.8742321 119.639 
  0.5660127 119.0438 
  0.1282953 121.4426 
  0.2434436 123.2734 
  0.1556178 125.1317 
  0.07170814 127.0181 
  -0.0467386 128.9329 
  -0.05147476 131.531 
  -0.05849271 134.8523 
  -0.1694043 138.2575 
  0.09747899 141.7487 
  -0.2424451 145.328 
  0.05204739 148.2564 
  0.1406411 151.2439 
  -0.2172689 154.2915 
  0.00931232 157.4006 
  0.0710903 160.5723 
  0.2829872 163.8079 
  0.1595694 167.1087 
  -0.006050601 171.3284 
  -0.04339189 175.6547 
  0.04396178 179.1942 
  0.6745617 180.0902 
  0.8261142 178.3027 
  0.9139566 178.3027 
  0.9062226 180.9906 
  0.9592266 184.6377 
  0.970106 187.4211 
  0.9908234 188.3582 
  0.9948585 189.3 
  0.9844352 187.4211 
  0.9708205 185.5609 
  0.9470637 181.8956 
  0.9467001 178.3027 
  0.9532485 175.6547 
  0.9532962 172.185 
  0.9623296 169.6279 
  0.9697955 167.1087 
  0.9752342 164.6269 
  0.9797446 162.9929 
  0.9836031 161.3751 
  0.9723609 158.9785 
  0.8687866 155.8383 
  0.8210737 151.2439 
  0.8586058 146.7849 
  0.746112 148.9977 
  0.7887116 152.7601 
  0.4622474 156.6175 
  0.1818975 155.063 
  0.4914721 135.5266 
  0.4695498 125.7574 
  0.4488617 134.8523 
  0.6961491 138.2575 
  0.978275 139.6435 
  0.971001 141.0434 
  0.9769333 142.4574 
  0.9866011 142.4574 
  0.9833901 142.4574 
  0.9779091 142.4574 
  0.9113556 141.7487 
  0.7999192 138.9488 
  0.803386 134.1814 
  0.6438591 133.5138 
  0.8786463 134.1814 
  0.8056154 134.8523 
  0.8991069 135.5266 
  0.8564259 136.2042 
  0.8678596 134.8523 
  0.7533834 131.531 
  0.7176652 126.3862 
  0.772311 122.0498 
  0.8368688 117.8622 
  0.8942735 113.2521 
  0.9282653 109.9132 
  0.9340518 107.7421 
  0.8293916 106.142 
  0.64494 105.614 
  -0.2049958 106.6728 
  0.07448138 108.8223 
  -0.0663189 111.0151 
  0.003730273 113.2521 
  -0.06280454 115.5342 
  -0.2852676 117.8622 
  0.04864405 120.2372 
  0.09755194 122.6601 
  -0.09851511 125.1317 
  0.01980368 127.6532 
  0.1842314 130.2255 
  0.01177615 132.8496 
  -0.07744162 135.5266 
  -0.0392771 138.2575 
  0.107789 140.3417 
  0.2601354 143.1697 
  0.5372629 147.5188 
  0.203987 132.8496 
  0.3830769 128.9329 
  0.6763586 125.7574 
  0.6063274 122.6601 
  0.7639065 119.639 
  0.7787833 117.2759 
  0.8048893 115.5342 
  0.9240956 113.8184 
  0.9278154 112.6886 
  0.9458368 111.5702 
  0.9740237 111.0151 
  0.9420093 110.4628 
  0.9352296 109.3664 
  0.9634347 108.2809 
  0.972616 108.2809 
  0.9813507 108.2809 
  0.9573244 107.7421 
  0.9095662 107.2061 
  0.9720996 106.142 
  0.9847648 105.614 
  0.9264649 105.0885 
  0.9124391 103.5278 
  0.9314536 102.5003 
  0.8749564 101.4829 
  0.9206895 99.97575 
  0.8615846 98.98344 
  0.897671 98.00098 
  0.8822542 97.51342 
  0.8698876 97.51342 
  0.9133177 97.51342 
  0.9041126 98.00098 
  0.8880671 98.491 
  0.9144176 98.491 
  0.8648649 97.51342 
  0.9434022 97.02828 
  0.6355159 98.98344 
  0.7746524 101.4829 
  0.8562398 103.0128 
  0.9264257 103.5278 
  0.8900243 104.0455 
  0.9209915 105.0885 
  0.9464087 105.0885 
  0.9752198 104.5657 
  0.9838171 104.5657 
  0.9859853 105.0885 
  0.9788944 105.614 
  0.8502277 105.0885 
  0.6727493 104.0455 
  0.5649076 104.0455 
  0.9134951 106.6728 
  0.9569617 107.7421 
  0.9585137 107.7421 
  0.9060984 108.2809 
  0.6440024 111.0151 
  0.841657 112.128 
  0.8701822 113.2521 
  0.9069629 113.8184 
  0.9392089 115.5342 
  0.9844393 116.1118 
  0.9884871 116.1118 
  0.9877405 114.9594 
  0.9876209 114.3874 
  0.929805 113.2521 
  0.7777026 111.0151 
  0.662813 107.2061 
  0.6306632 104.0455 
  0.906051 104.5657 
  0.9405592 105.614 
  0.9426001 105.614 
  0.9404942 104.5657 
  0.912511 102.5003 
  0.816887 100.978 
  0.8065131 98.491 
  0.5537351 97.02828 
  -0.3824487 98.00098 
  -0.4571649 98.98344 
  -0.6412178 99.97575 
  -0.4492565 100.978 
  -0.2388624 101.9903 
  -0.1873184 103.0128 
  0.05427618 104.0455 
  -0.01210585 105.0885 
  0.06259276 106.142 
  -0.2118797 107.2061 
  -0.04530343 107.2061 
  0.4290914 108.2809 
  0.3720477 107.7421 
  0.3614454 105.614 
  0.7039822 102.5003 
  0.9269583 100.4756 
  0.9638348 99.47836 
  0.9612022 99.97575 
  0.9771701 100.4756 
  0.9629066 101.9903 
  0.939162 104.0455 
  0.397346 106.6728 
  0.6107802 108.8223 
  0.785208 108.8223 
  0.8917958 109.9132 
  0.953896 110.4628 
  0.9766616 110.4628 
  0.9431359 109.9132 
  0.8605469 109.3664 
  0.8743029 107.7421 
  0.9053956 106.6728 
  0.9015973 105.614 
  0.8981318 104.5657 
  0.9430674 103.5278 
  0.9514577 103.0128 
  0.9476392 103.0128 
  0.9319633 102.5003 
  0.9302745 102.5003 
  0.9192677 102.5003 
  0.9065809 102.5003 
  0.874923 103.5278 
  0.89261 104.5657 
  0.9342431 104.5657 
  0.867957 103.5278 
  0.6877552 100.978 
  0.4631085 99.47836 
  0.4500432 98.98344 
  0.754149 99.47836 
  -0.04220982 100.978 
  0.2704924 102.5003 
  0.620141 105.0885 
  0.5861425 106.6728 
  0.2197781 111.0151 
  0.6026461 112.128 
  0.8249961 113.2521 
  0.9051489 113.8184 
  0.965013 114.3874 
  0.8762404 113.2521 
  0.7638545 111.0151 
  0.6533724 109.3664 
  0.7212923 106.6728 
  0.6271877 104.5657 
  0.3493404 101.9903 
  0.5450298 98.98344 
  0.7328202 96.06523 
  0.7182902 94.1677 
  0.5774143 93.23304 
  0.4928733 91.84841 
  0.1330752 92.7692 
  -0.02195711 92.30766 
  0.2827654 91.84841 
  0.379239 91.84841 
  0.4535367 92.7692 
  0.5904684 91.84841 
  0.4140736 87.3798 
  0.543581 87.3798 
  0.3196962 87.8167 
  0.1095748 87.3798 
  0.5639229 81.89403 
  0.2096958 81.08118 
  0.5018607 81.08118 
  -0.132373 81.4866 
  -0.369328 81.4866 
  -0.3667005 81.4866 
  0.0342022 81.4866 
  -0.2422238 81.4866 
  -0.1279551 81.4866 
  -0.007649363 81.4866 
  -0.02824898 81.4866 
  -0.06574224 81.4866 
  -0.005780194 81.4866 
  0.03846112 81.4866 
  -0.01782179 81.4866 
  0.08432737 81.4866 
  0.09193476 81.89403 
  0.01060526 81.89403 
  -0.003111238 81.89403 
  0.06486802 82.3035 
  0.2184965 82.71502 
  0.05151075 82.71502 
  -0.02410633 82.71502 
  0.2962112 82.71502 
  0.138149 82.71502 
  -0.1307688 82.71502 
  -0.160443 82.71502 
  -0.2076132 82.71502 
  -0.004972686 82.71502 
  0.1641201 82.71502 
  0.2023583 82.71502 
  -0.2140671 82.71502 
  0.03942508 82.71502 
  0.1767563 82.71502 
  0.005856881 82.71502 
  0.0904077 82.71502 
  0.1346555 82.71502 
  0.0763673 82.71502 
  -0.175341 82.71502 
  -0.01351552 82.71502 
  -0.01622508 82.71502 
  0.1516156 82.71502 
  0.0577938 82.71502 
  0.07233959 82.71502 
  0.01028748 82.71502 
  0.01979772 82.71502 ]
