 [
  -0.2230971 116.1118 
  -0.1493625 116.1118 
  0.1187131 116.1118 
  0.3353174 116.1118 
  0.3076331 116.1118 
  0.2478231 116.1118 
  0.08717534 116.1118 
  0.000614716 116.1118 
  0.0012976 116.1118 
  -0.1881392 116.1118 
  -0.1875139 116.1118 
  -0.2458013 116.1118 
  -0.01810985 116.1118 
  0.3924615 116.6924 
  0.6600245 119.0438 
  0.8898419 121.4426 
  0.9592021 122.6601 
  0.9352272 123.2734 
  0.904506 125.7574 
  0.8682626 127.6532 
  0.8566848 130.2255 
  0.8354068 132.1886 
  0.7630677 135.5266 
  0.733187 139.6435 
  0.5884322 145.328 
  0.7299188 149.7427 
  0.7464895 154.2915 
  0.7317318 159.7734 
  0.8381432 163.8079 
  0.8793821 167.9442 
  0.878274 170.476 
  0.9578932 173.046 
  0.9748196 173.9112 
  0.94335 175.6547 
  0.9335183 177.4156 
  0.971772 179.1942 
  0.972904 178.3027 
  0.9703977 178.3027 
  0.9783078 178.3027 
  0.9141883 177.4156 
  0.8127227 176.533 
  0.04046697 173.9112 
  0.7450491 172.185 
  0.6550838 170.476 
  0.6100122 168.784 
  0.6687834 167.1087 
  0.6537905 166.2773 
  0.6553115 165.4501 
  0.6102517 164.6269 
  0.542779 163.8079 
  0.5463176 162.9929 
  0.620409 162.182 
  -0.06013672 161.3751 
  0.3068546 161.3751 
  0.650318 162.9929 
  0.9653291 162.9929 
  0.9874999 162.9929 
  0.959243 162.9929 
  0.8969628 166.2773 
  0.8597649 169.6279 
  0.9161367 173.046 
  0.9321401 176.533 
  0.9703552 179.1942 
  0.9761692 180.9906 
  0.9671598 183.7191 
  0.9666283 185.5609 
  0.9812794 188.3582 
  0.9936638 189.3 
  0.9925055 189.3 
  0.968698 188.3582 
  0.9774705 186.4887 
  0.9819351 184.6377 
  0.9794552 183.7191 
  0.9817811 181.8956 
  0.9717433 180.0902 
  0.9425104 176.533 
  0.9397557 173.046 
  0.9122229 168.784 
  0.7173279 161.3751 
  0.6709096 152.7601 
  0.731859 143.8855 
  0.7348229 138.2575 
  0.7726511 134.1814 
  0.838755 130.2255 
  0.9609609 128.2915 
  0.9823983 128.2915 
  0.9557163 128.9329 
  0.9421192 129.5776 
  0.9451031 128.9329 
  0.9690873 128.9329 
  0.9802611 128.9329 
  0.9891466 128.9329 
  0.9918675 128.9329 
  0.9958034 129.5776 
  0.9956547 130.2255 
  0.9935596 130.2255 
  0.9900915 130.2255 
  0.9913952 130.8766 
  0.9832966 130.8766 
  0.9728717 132.1886 
  0.9435447 132.8496 
  0.8781672 134.8523 
  0.8507188 138.2575 
  0.9183204 141.0434 
  0.9389166 143.1697 
  0.9608513 144.605 
  0.9744204 145.328 
  0.959257 144.605 
  0.9755295 142.4574 
  0.9819428 142.4574 
  0.9771065 141.7487 
  0.9829038 141.0434 
  0.9299003 141.7487 
  0.8635478 141.0434 
  0.8101339 138.2575 
  0.82197 136.2042 
  0.9058773 134.1814 
  0.951876 132.8496 
  0.9450018 132.1886 
  0.921593 132.1886 
  0.8402427 132.8496 
  0.6962439 133.5138 
  0.9497287 134.1814 
  0.995675 134.8523 
  0.9985335 134.8523 
  0.9990838 134.8523 
  0.9913608 134.8523 
  0.9929496 134.8523 
  0.9907703 134.1814 
  0.9951652 133.5138 
  0.9930583 133.5138 
  0.9875454 133.5138 
  0.9791986 134.1814 
  0.9611711 134.8523 
  0.9408239 135.5266 
  0.9209468 135.5266 
  0.9164221 134.8523 
  0.9547237 134.1814 
  0.9548233 134.8523 
  0.9512964 134.8523 
  0.9678649 133.5138 
  0.9867771 133.5138 
  0.9890823 134.1814 
  0.9824737 134.8523 
  0.9810904 136.2042 
  0.9773849 136.8852 
  0.9788059 137.5696 
  0.9753165 138.2575 
  0.9735144 138.2575 
  0.9674891 138.2575 
  0.9524669 138.9488 
  0.942731 141.0434 
  0.933106 143.1697 
  0.948155 145.328 
  0.9343919 145.328 
  0.8884963 145.328 
  0.9124329 143.8855 
  0.9430697 142.4574 
  0.9740069 141.7487 
  0.9733109 141.0434 
  0.9766024 141.0434 
  0.9831504 140.3417 
  0.9871228 139.6435 
  0.9902478 138.9488 
  0.9817877 138.2575 
  0.9511924 138.2575 
  0.888571 138.2575 
  0.8092931 138.9488 
  0.4073899 139.6435 
  0.4081255 140.3417 
  0.3539545 141.0434 
  0.06672196 141.7487 
  -0.04186595 142.4574 
  -0.2600861 143.1697 
  -0.1742198 143.8855 
  -0.04166606 144.605 
  0.5113801 145.328 
  0.8474975 146.0546 
  0.983034 146.7849 
  0.9971124 147.5188 
  0.9947382 146.7849 
  0.9947847 146.0546 
  0.9942906 145.328 
  0.9898269 143.8855 
  0.9925418 142.4574 
  0.9970034 141.7487 
  0.9942451 142.4574 
  0.9951683 143.8855 
  0.9973179 144.605 
  0.9976271 144.605 
  1.000217 145.328 
  0.997508 145.328 
  0.9889011 144.605 
  0.9725127 143.8855 
  0.94363 143.1697 
  0.8337054 143.1697 
  0.4003654 143.8855 
  0.0001668669 144.605 
  -0.01881509 145.328 
  -0.07769162 146.0546 
  0.07228766 146.7849 
  0.1043286 147.5188 
  -0.1858556 148.2564 
  -0.3803647 148.9977 
  0.7334392 149.7427 
  0.8636764 151.2439 
  0.9846241 152.0001 
  0.9890475 152.0001 
  0.4842431 152.7601 
  0.5686164 150.4914 
  0.7132922 150.4914 
  0.9255022 151.2439 
  0.9806582 152.7601 
  0.969052 153.5239 
  0.9802324 155.063 
  0.9643762 156.6175 
  0.9586655 158.9785 
  0.9650066 160.5723 
  0.9785641 161.3751 
  0.9600756 160.5723 
  0.9508221 158.9785 
  0.9180083 155.063 
  0.8786651 152.0001 
  0.7338082 146.7849 
  0.5947501 140.3417 
  0.5687029 133.5138 
  0.4671027 125.1317 
  0.5841556 117.8622 
  0.6237311 112.128 
  0.7524669 107.2061 
  0.8302532 103.5278 
  0.814724 101.4829 
  0.7122754 99.97575 
  0.3729364 99.47836 
  0.2985643 98.98344 
  0.5925232 98.98344 
  0.2578895 98.98344 
  0.008529374 98.98344 
  0.08754659 98.98344 
  -0.1530204 98.98344 
  0.1139946 98.98344 
  0.2759223 98.98344 
  -0.004308881 98.98344 
  0.1859627 98.98344 
  0.284257 98.98344 
  -0.1322318 98.98344 
  0.09411673 98.98344 
  0.2886252 98.98344 
  0.2281957 98.98344 
  0.1138539 98.98344 
  -0.1362813 98.98344 
  0.1324685 98.98344 
  0.1985909 98.98344 
  -0.02477634 98.98344 
  -0.05050892 98.98344 ]
