 [
  -0.02632882 147.5188 
  0.003607917 147.5188 
  0.2103228 147.5188 
  0.07588019 147.5188 
  0.3687856 147.5188 
  0.1828795 147.5188 
  0.1251318 147.5188 
  -0.0238192 147.5188 
  -0.09063882 147.5188 
  -0.1389792 147.5188 
  0.687718 147.5188 
  0.5931065 147.5188 
  -0.08804783 147.5188 
  0.02383029 146.7849 
  0.3387889 144.605 
  0.5778092 145.328 
  0.8876729 148.2564 
  0.9187331 148.9977 
  0.9290087 149.7427 
  0.9104298 151.2439 
  0.9468291 153.5239 
  0.9437978 155.063 
  0.8895604 158.9785 
  0.9321424 161.3751 
  0.9868471 163.8079 
  0.990912 164.6269 
  0.9838999 163.8079 
  0.9775285 162.182 
  0.9718452 159.7734 
  0.9609855 158.1876 
  0.9580516 157.4006 
  0.8990282 158.9785 
  0.9134875 162.9929 
  0.881953 162.9929 
  0.8924645 161.3751 
  0.935916 159.7734 
  0.9666363 159.7734 
  0.9733137 162.182 
  0.9866083 163.8079 
  0.9939098 165.4501 
  0.9723132 165.4501 
  0.9293745 165.4501 
  0.8578626 162.9929 
  0.7695171 160.5723 
  0.4159873 158.1876 
  0.03080027 155.8383 
  0.08238459 154.2915 
  -0.03209051 152.7601 
  0.09592137 151.2439 
  0.7388228 148.9977 
  0.8634723 147.5188 
  0.9533947 146.0546 
  0.9494257 143.8855 
  0.9402104 141.0434 
  0.8899165 139.6435 
  0.7062748 139.6435 
  0.2971428 141.0434 
  0.3004545 142.4574 
  0.06039973 144.605 
  0.03260025 146.7849 
  -0.04620036 148.2564 
  0.008548872 149.7427 
  -0.06253956 151.2439 
  -0.1239723 152.7601 
  0.09420184 154.2915 
  0.1267963 155.8383 
  0.263047 157.4006 
  0.6059222 158.9785 
  0.6585387 148.2564 
  0.8805206 147.5188 
  0.9610115 146.7849 
  0.9703381 146.0546 
  0.9687552 145.328 
  0.9825789 145.328 
  0.9775908 146.0546 
  0.9861286 146.7849 
  0.9882287 146.7849 
  0.966286 146.7849 
  0.9048037 147.5188 
  0.7852912 147.5188 
  0.5073569 145.328 
  0.9120362 146.7849 
  0.9602937 148.2564 
  0.9851201 148.2564 
  0.9910778 148.2564 
  0.9947382 147.5188 
  0.9892941 146.7849 
  0.9913602 146.0546 
  0.9837063 144.605 
  0.9683929 143.8855 
  0.9796222 141.7487 
  0.9542266 138.9488 
  0.9569442 136.2042 
  0.9556238 134.1814 
  0.9453978 131.531 
  0.8787118 129.5776 
  0.7455482 128.2915 
  0.702499 128.2915 
  0.802909 128.2915 
  0.8051685 128.2915 
  0.8285484 128.2915 
  0.9421685 128.2915 
  0.9744905 128.2915 
  0.9739388 127.6532 
  0.9595566 127.0181 
  0.9438387 125.7574 
  0.8929995 124.5092 
  0.9212413 125.1317 
  0.9903619 125.1317 
  0.9908897 125.1317 
  0.9907005 125.1317 
  0.8875856 126.3862 
  0.5208182 129.5776 
  0.694008 128.2915 
  0.8648428 128.2915 
  0.9774531 129.5776 
  0.9789108 130.2255 
  0.9884924 131.531 
  0.9893892 132.1886 
  0.9939508 132.1886 
  0.9951254 132.1886 
  0.9956625 132.1886 
  0.9719663 130.8766 
  0.9499143 128.9329 
  0.9484963 126.3862 
  0.9005046 123.8897 
  0.8276798 120.8384 
  0.8963864 119.639 
  0.8179017 118.4515 
  0.7696378 116.1118 
  0.8959361 113.2521 
  0.9370373 111.5702 
  0.9155486 109.9132 
  0.9807969 107.7421 
  0.9746947 106.6728 
  0.9599762 105.614 
  0.8202182 104.5657 
  0.539055 105.0885 
  0.586158 106.142 
  0.4762592 106.142 
  0.5818473 108.2809 
  0.2704211 110.4628 
  0.2811328 112.6886 
  -0.07999281 114.9594 
  0.7265921 117.2759 
  0.874836 120.2372 
  0.8931347 120.8384 
  0.9334976 120.8384 
  0.9325189 120.8384 
  0.907962 122.6601 
  0.9459981 123.8897 
  0.9680905 125.1317 
  0.9534667 125.7574 
  0.9321294 127.0181 
  0.9824218 128.9329 
  0.9944072 128.9329 
  0.976265 128.9329 
  0.9468485 130.2255 
  0.9755357 131.531 
  0.9224005 131.531 
  0.8312399 131.531 
  0.720909 131.531 
  0.986105 132.8496 
  0.9547411 132.8496 
  0.8317074 132.1886 
  0.7824791 130.8766 
  0.8543829 128.9329 
  0.8152413 126.3862 
  0.6772447 124.5092 
  0.274586 123.2734 
  0.1451514 122.0498 
  -0.1343605 120.8384 
  -0.04187836 120.2372 
  0.09323337 119.639 
  0.2173289 118.4515 
  0.3101066 117.2759 
  0.2722774 115.5342 
  -0.06174776 113.8184 
  0.7167448 112.128 
  0.9661969 112.128 
  0.9814767 112.128 
  0.9690377 111.5702 
  0.936546 110.4628 
  0.9736376 109.3664 
  0.9884087 108.8223 
  0.9820976 109.3664 
  0.9411975 108.2809 
  0.9577174 107.7421 
  0.9770168 107.7421 
  0.9690833 107.2061 
  0.9814336 107.2061 
  0.9778934 107.2061 
  0.9750165 107.2061 
  0.9389357 107.7421 
  0.9123279 108.2809 
  0.9728984 108.8223 
  0.9579259 109.3664 
  0.9616926 109.9132 
  0.9356509 110.4628 
  0.8929361 111.5702 
  0.8464793 112.6886 
  0.8802298 113.8184 
  0.8232875 114.9594 
  0.705459 115.5342 
  0.3750138 115.5342 
  0.3432254 115.5342 
  0.1369057 115.5342 
  -0.1323813 115.5342 
  -0.09204397 115.5342 
  0.1163206 115.5342 
  -0.06846543 115.5342 
  0.001062981 115.5342 
  0.09226211 115.5342 
  0.05649401 115.5342 
  0.09421425 115.5342 
  -0.05890133 115.5342 ]
