 [
  -0.01427106 126.3862 
  -0.03848754 126.3862 
  -0.06098408 126.3862 
  -0.3353082 126.3862 
  -0.2165411 126.3862 
  -0.04171389 126.3862 
  -0.1828364 126.3862 
  -0.2309548 126.3862 
  0.0003140084 126.3862 
  0.0006625438 126.3862 
  -0.1153838 126.3862 
  -0.003480338 126.3862 
  0.08249262 126.3862 
  0.06031355 126.3862 
  0.1627002 126.3862 
  0.1913908 126.3862 
  0.4653806 126.3862 
  0.7009163 128.9329 
  0.8645744 130.2255 
  0.7611559 128.2915 
  0.6671754 124.5092 
  0.6372747 121.4426 
  0.6701497 117.8622 
  0.8886333 116.1118 
  0.9702353 114.9594 
  0.9763815 114.3874 
  0.9768988 113.8184 
  0.9886929 113.2521 
  0.9858753 112.6886 
  0.9759248 112.6886 
  0.9495887 112.6886 
  0.8910143 112.6886 
  0.8560538 111.0151 
  0.8421167 108.8223 
  0.8406608 106.6728 
  0.8477241 104.5657 
  0.8719637 103.0128 
  0.6616368 103.5278 
  0.6210366 108.2809 
  0.8494593 112.128 
  0.8264825 115.5342 
  0.85414 120.2372 
  0.9218861 123.8897 
  0.9538927 127.0181 
  0.9782465 129.5776 
  0.9798969 131.531 
  0.9703184 133.5138 
  0.9099028 134.8523 
  0.835268 134.8523 
  0.5439426 134.1814 
  0.7659331 134.1814 
  0.2458988 134.1814 
  -0.04944967 134.1814 
  -0.03009158 134.1814 
  0.1433105 134.1814 
  0.01787386 134.1814 
  0.0482062 134.1814 
  -0.05847011 134.1814 
  -0.2365946 134.1814 
  0.1148186 134.1814 
  0.1278147 134.1814 
  -0.2486212 134.1814 
  -0.0364673 134.1814 
  -0.04469981 134.1814 
  0.1114076 134.1814 
  0.05362628 133.5138 
  0.6493528 133.5138 
  0.7531089 130.8766 
  0.793583 127.0181 
  0.839072 124.5092 
  0.8463788 121.4426 
  0.9196912 120.2372 
  0.9637569 119.639 
  0.969061 119.639 
  0.9731719 119.639 
  0.97742 119.639 
  0.9748304 119.639 
  0.979658 120.8384 
  0.9871951 121.4426 
  0.974992 121.4426 
  0.9752905 122.0498 
  0.9806591 122.0498 
  0.9879677 121.4426 
  0.9830064 121.4426 
  0.9842149 120.8384 
  0.9729099 120.2372 
  0.9639022 120.8384 
  0.9752125 120.8384 
  0.9800062 121.4426 
  0.9682045 120.8384 
  0.8990043 120.2372 
  0.816682 119.639 
  0.8482971 118.4515 
  0.6456777 118.4515 
  0.6990491 112.6886 
  -0.07586515 113.8184 
  -0.03326113 115.5342 
  0.04108765 117.2759 
  0.05957771 118.4515 
  -0.06670612 119.639 
  0.2570539 120.8384 
  0.09855625 122.0498 
  0.6244343 120.8384 
  0.4026576 114.3874 
  0.8572198 112.6886 
  0.9194503 111.5702 
  0.9104001 110.4628 
  0.8896085 109.3664 
  0.9141865 107.7421 
  0.9298712 106.6728 
  0.9622842 105.0885 
  0.8281732 104.5657 
  0.8063874 103.0128 
  0.8435936 101.4829 
  0.9084775 99.97575 
  0.9430642 98.98344 
  0.9569123 98.00098 
  0.9444461 97.02828 
  0.80935 96.54556 
  0.6499273 96.54556 
  0.7633173 97.51342 
  0.9930869 98.491 
  0.9937509 99.47836 
  0.9830269 100.4756 
  0.9846989 101.9903 
  0.9962378 103.0128 
  0.9095694 104.0455 
  0.8634598 105.0885 
  0.9189867 105.614 
  0.9640882 106.142 
  0.9707991 107.2061 
  0.9764934 108.2809 
  0.9768651 109.3664 
  0.9815083 109.9132 
  0.9926936 110.4628 
  0.9915672 110.4628 
  0.9833635 109.9132 
  0.9763147 109.3664 
  0.9650801 109.3664 
  0.9207143 108.8223 
  0.8312858 108.2809 
  0.6869287 106.142 
  0.795265 104.5657 
  0.785208 103.0128 
  0.8307837 102.5003 
  0.8733364 101.9903 
  0.853362 101.4829 
  0.9022638 100.4756 
  0.9640701 100.4756 
  0.9533306 100.4756 
  0.9069577 101.4829 
  0.8795391 103.0128 
  0.9579152 104.0455 
  0.9498361 104.0455 
  0.9529443 104.0455 
  0.9529892 104.0455 
  0.9003627 104.0455 
  0.7038441 103.0128 
  0.6667655 100.978 
  0.6722457 99.47836 
  0.1213695 99.97575 
  0.003941471 100.4756 
  0.032214 100.978 
  -0.05057146 101.4829 
  -0.06443999 101.9903 
  0.1273419 102.5003 
  0.2245399 103.0128 
  0.1530446 103.5278 
  -0.05742916 104.0455 
  -0.1605208 104.5657 
  -0.03417274 105.0885 
  0.1525283 105.614 
  0.1073685 106.142 
  -0.08363318 106.6728 
  0.2228628 107.2061 
  0.6824496 107.7421 
  0.3054095 109.3664 
  0.2465394 112.6886 
  0.4286952 114.9594 
  0.4182897 116.6924 
  0.360076 118.4515 
  0.3260284 119.639 
  0.2806435 120.8384 
  0.2259345 120.8384 
  -0.05858229 120.8384 
  0.07398938 120.8384 
  0.0006509907 120.8384 
  -0.04084948 120.8384 
  0.03252329 120.8384 
  -0.00926606 120.8384 
  0.1982007 120.8384 
  0.3125362 120.8384 
  0.1407046 120.8384 
  0.007571461 120.8384 
  0.07206984 120.8384 
  0.1503477 120.8384 
  0.2104799 120.8384 
  0.2578319 120.8384 
  -0.1190106 120.8384 
  0.2444566 120.8384 
  0.1668554 120.8384 
  0.2637408 120.8384 
  0.06958631 120.8384 
  -0.03235437 120.8384 
  -0.06510045 120.8384 
  0.1981572 120.8384 
  0.2322058 120.8384 
  0.03971986 120.8384 
  -0.06120624 120.8384 
  -0.2460384 120.8384 
  -0.01365238 120.8384 
  0.02972107 120.8384 
  0.1813623 120.8384 
  -0.06007411 120.8384 
  -0.00287295 120.8384 
  0.02775189 120.8384 
  0.01034695 120.8384 
  -0.2345475 120.8384 
  -0.3271772 120.8384 
  -0.1647035 120.8384 
  -0.2521993 120.8384 
  -0.3894788 120.8384 
  -0.4844587 120.8384 
  -0.3437104 120.8384 
  -0.2071972 120.8384 
  0.02148016 120.8384 
  -0.1139279 120.8384 
  0.1714088 120.8384 
  0.05164005 120.8384 
  -0.01955374 120.8384 
  -0.1493168 120.8384 
  -0.1514636 120.8384 
  -0.2412938 120.8384 
  -0.2939147 120.8384 
  -0.381561 120.8384 
  -0.338815 120.8384 
  -0.1877838 120.8384 
  -0.1887376 120.8384 
  -0.1588544 120.8384 
  -0.1944762 120.8384 
  -0.387993 120.8384 
  -0.4956757 120.8384 
  -0.4652219 120.8384 
  -0.340481 120.8384 
  -0.007307244 120.8384 
  0.04602888 120.8384 
  0.1700426 120.8384 
  -0.01155493 120.8384 
  -0.05332811 120.8384 
  -0.08653119 120.8384 
  -0.1573783 120.8384 
  -0.1827614 120.8384 
  -0.1375394 120.8384 ]
