 [
  0.06964271 129.5776 
  -0.0314175 129.5776 
  -0.04418841 129.5776 
  0.02597694 129.5776 
  -0.08083017 129.5776 
  -0.05456575 129.5776 
  0.1462651 129.5776 
  -0.2706602 129.5776 
  -0.06332617 129.5776 
  -0.08255296 129.5776 
  -0.01976037 129.5776 
  -0.1299777 129.5776 
  0.1804686 129.5776 
  0.04382451 129.5776 
  -0.05681962 129.5776 
  -0.03514087 129.5776 
  -0.1288339 129.5776 
  -0.1541914 129.5776 
  0.03838313 129.5776 
  0.2377705 129.5776 
  0.211592 129.5776 
  -0.03565578 129.5776 
  -0.08382452 129.5776 
  0.1684858 129.5776 
  0.4195098 129.5776 
  0.129784 129.5776 
  0.1873296 129.5776 
  0.1044911 129.5776 
  0.02511519 129.5776 
  0.02442681 129.5776 
  -0.1624051 129.5776 
  -0.169678 129.5776 
  -0.1898599 129.5776 
  0.07480027 129.5776 
  0.7868991 129.5776 
  0.8675317 130.8766 
  0.940236 130.2255 
  0.948177 129.5776 
  0.9566424 129.5776 
  0.9503606 130.8766 
  0.9442987 132.8496 
  0.9370626 134.8523 
  0.947725 136.2042 
  0.8992939 138.9488 
  0.8915362 141.7487 
  0.8492327 145.328 
  0.8886566 147.5188 
  0.9737091 150.4914 
  0.9854373 151.2439 
  0.976169 152.0001 
  0.9532977 151.2439 
  0.8939407 148.9977 
  0.8167905 147.5188 
  0.7538856 136.8852 
  0.5082918 125.7574 
  0.08415837 114.3874 
  -0.1281478 103.5278 
  -0.2034427 92.30766 
  0.04378309 82.3035 
  0.5735885 74.86229 
  0.75405 74.86229 
  0.8932453 75.61279 
  0.9400669 75.99085 
  0.9738638 76.3708 
  0.9673463 76.75266 
  0.9670247 76.75266 
  0.9171968 76.3708 
  0.9228354 75.99085 
  0.8143496 75.61279 
  0.4975899 74.48985 
  0.304767 72.29374 
  0.648421 70.51319 
  0.1468355 70.51319 
  0.5549885 66.08632 
  0.5834891 64.78096 
  0.6059773 64.13797 
  -0.401594 63.18545 
  -0.0009280618 62.5583 
  -0.01326875 61.93738 
  0.001572503 61.32262 
  0.007781954 60.71396 
  0.0236854 60.11135 
  -0.06224832 59.51471 
  -0.2031848 58.924 
  0.1274937 58.33915 
  -0.1149574 57.7601 
  -0.1616072 56.90229 
  -0.0598876 56.33751 
  0.03966323 55.77833 
  -0.02893155 55.2247 
  0.1475174 54.67657 
  0.1513355 54.13387 
  0.6329648 53.86455 
  0.4540724 53.59657 
  0.5690585 52.80059 
  0.9484693 52.53791 
  0.6554755 51.75765 
  0.5737847 51.50015 
  0.5003891 56.05722 
  0.7216375 56.05722 
  0.3933297 62.5583 
  0.1020532 69.46598 
  0.5289296 75.61279 
  0.6533949 76.3708 
  0.4159834 87.8167 
  0.2286037 102.5003 
  0.5009253 101.9903 
  0.3284806 100.978 
  0.21433 112.128 
  0.8349591 111.5702 
  0.919257 111.0151 
  0.9238987 112.6886 
  0.8860882 114.9594 
  0.8736685 117.8622 
  0.9150652 119.0438 
  0.9459895 120.2372 
  0.8883945 120.8384 
  0.8193691 122.0498 
  0.1657781 123.2734 
  0.8052067 127.6532 
  0.8241248 125.1317 
  0.8501571 123.2734 
  0.8017177 120.8384 
  0.7888364 117.8622 
  0.8357599 114.3874 
  0.8523536 111.0151 
  0.2281844 111.5702 
  -0.01360625 112.6886 
  0.07124425 113.8184 
  -0.1331884 114.9594 
  0.04854588 116.1118 
  0.1258117 117.2759 
  0.01319544 118.4515 
  -0.1082265 119.639 
  -0.07039782 120.8384 
  -0.1614593 122.0498 
  -0.01779757 123.2734 
  0.2080912 123.8897 
  0.8131109 126.3862 
  0.9354722 126.3862 
  0.9809129 125.7574 
  0.9613991 126.3862 
  0.951106 127.6532 
  0.9762389 128.9329 
  0.9754238 130.2255 
  0.9643833 131.531 
  0.9755971 132.8496 
  0.9807352 133.5138 
  0.9879243 134.1814 
  0.9675931 133.5138 
  0.9394779 132.8496 
  0.9212681 131.531 
  0.662286 130.2255 
  0.4368064 128.9329 
  0.0217846 127.6532 
  -0.09315845 126.3862 
  -0.0936401 125.1317 
  -0.03289629 123.8897 
  0.05820207 122.6601 
  0.2999271 121.4426 
  0.2783976 120.8384 
  -0.01154644 120.2372 
  -0.1941002 119.639 
  0.07575019 119.0438 
  0.4492543 117.8622 
  0.3964811 113.2521 
  0.8976543 108.8223 
  0.9398359 106.6728 
  0.9567972 104.5657 
  0.9435737 103.0128 
  0.9530292 100.978 
  0.9647757 99.47836 
  0.9912248 98.98344 
  0.8756265 99.47836 
  0.8829557 99.47836 
  0.8980556 98.98344 
  0.9532817 98.491 
  0.9501393 97.51342 
  0.9529908 96.54556 
  0.961905 96.06523 
  0.9720854 95.5873 
  0.790581 94.63854 
  0.8252357 91.84841 
  0.4463991 88.69706 
  0.07936998 85.65383 
  -0.0008519664 82.71502 
  0.005280869 79.87703 
  0.1214851 77.13642 
  0.07937361 74.48985 
  0.07694162 71.93407 
  -0.1792524 69.46598 
  -0.06306912 67.08258 
  -0.07385796 64.78096 
  -0.01149565 62.5583 
  -0.02316982 60.4119 
  0.229263 58.33915 
  0.2547437 56.33751 
  0.5958357 53.32993 
  0.8732122 52.80059 
  0.9317709 52.80059 
  0.7242842 52.53791 
  0.7986872 51.75765 
  0.85945 51.75765 
  0.7922963 52.01644 
  0.8426368 51.75765 
  0.8140655 51.75765 
  0.8491787 51.75765 
  0.8574497 52.01644 
  0.9671774 52.01644 
  0.951141 52.27652 
  0.8867634 52.27652 
  0.6719127 52.27652 
  0.5730304 52.27652 
  0.3151724 52.53791 
  0.3037897 52.80059 
  0.5005363 52.80059 
  0.4293827 52.80059 
  0.3355388 52.80059 
  0.09440202 52.80059 
  0.2332184 52.80059 
  0.2147193 52.80059 
  0.2499762 52.80059 
  0.2236705 52.80059 
  0.06908679 52.80059 
  -0.07326546 52.80059 
  0.04154489 52.80059 
  -0.05711577 52.80059 
  0.1007694 52.80059 ]
