 [
  -0.07590305 97.02828 
  -0.1261083 97.02828 
  -0.2787828 97.02828 
  4.707521e-05 97.02828 
  -0.1620657 97.02828 
  0.1459236 97.02828 
  0.0313932 97.02828 
  0.1441024 97.02828 
  0.05975325 97.02828 
  0.1676064 97.02828 
  -0.07859673 97.02828 
  0.006390011 97.02828 
  0.3612152 98.98344 
  0.4033139 98.00098 
  0.5431005 90.93677 
  0.3965939 101.9903 
  0.7538236 99.47836 
  0.9275697 98.491 
  0.9864083 98.491 
  0.9594366 98.98344 
  0.9772414 99.97575 
  0.9768685 100.4756 
  0.9414234 101.4829 
  0.9484146 102.5003 
  0.9380112 104.0455 
  0.9314563 105.0885 
  0.8905368 106.6728 
  0.8190841 109.3664 
  0.9015267 111.5702 
  0.9677416 112.128 
  0.9766783 112.128 
  0.903308 111.5702 
  0.7553518 111.0151 
  0.5110574 105.614 
  -0.1466553 105.0885 
  0.007125076 104.5657 
  -0.01440944 103.5278 
  0.06766905 102.5003 
  0.1954503 101.4829 
  0.06044732 100.978 
  0.1117008 100.4756 
  0.07413912 100.4756 
  0.1033066 100.4756 
  -0.2536694 99.97575 
  -0.04485635 99.97575 
  -0.02045534 99.47836 
  -0.06911846 98.98344 
  0.0389642 98.98344 
  0.04353492 98.00098 
  0.1151183 96.54556 
  0.1434201 95.11173 
  0.1599469 93.6992 
  0.04681246 93.6992 
  0.3884016 94.1677 
  0.6702957 95.5873 
  0.9603326 98.491 
  0.9565117 97.51342 
  0.9820877 95.5873 
  0.8895458 94.1677 
  0.7655587 93.23304 
  0.6608842 93.23304 
  0.07592 93.23304 
  0.08803281 93.6992 
  0.04463535 94.1677 
  0.1039973 95.11173 
  -0.01946647 96.06523 
  -0.1435786 97.51342 
  -0.1452199 98.98344 
  -0.1070124 99.97575 
  0.04073615 100.978 
  0.03838784 101.9903 
  0.0469298 103.0128 
  0.06980408 104.0455 
  0.7808241 103.0128 
  0.8844365 104.5657 
  0.9227124 104.0455 
  0.9645721 103.0128 
  0.9862177 102.5003 
  0.9820623 101.4829 
  0.9937064 100.978 
  0.9975638 100.978 
  0.9965873 100.978 
  0.9935807 101.4829 
  0.9886678 101.9903 
  0.9899867 102.5003 
  0.9906405 103.0128 
  0.992277 103.0128 
  0.9801622 103.0128 
  0.8730936 103.0128 
  0.7710231 101.9903 
  0.2619956 99.47836 
  0.8821788 98.00098 
  0.9588543 97.02828 
  0.9856129 96.54556 
  0.9848667 96.06523 
  0.9625134 95.5873 
  0.8034763 95.5873 
  0.1744581 95.5873 
  0.670623 92.30766 
  0.8842089 91.39146 
  0.7073093 90.03418 
  0.6718112 88.25578 
  0.8908257 86.51251 
  0.8945805 85.2277 
  0.7712572 83.54424 
  0.2863557 82.3035 
  0.2669938 83.12859 
  0.1609021 83.96195 
  -0.04634012 85.2277 
  -0.1264904 86.51251 
  -0.1031337 87.8167 
  0.03894521 89.14054 
  0.05119016 90.48434 
  -0.0268965 91.84841 
  -0.0208178 93.23304 
  -0.06448957 94.63854 
  -0.0457167 96.06523 
  0.03822571 97.51342 
  -0.1102069 98.98344 
  -0.2306342 100.4756 
  -0.04684082 101.9903 
  0.1381262 103.5278 
  0.2900935 104.5657 
  0.3507738 105.614 
  0.774756 112.128 
  0.4216501 100.4756 
  0.9429486 100.4756 
  0.9681865 99.97575 
  0.9841311 99.47836 
  0.9898806 99.97575 
  0.9900965 100.4756 
  0.9903431 100.4756 
  0.9948102 100.978 
  0.9929085 100.978 
  0.9908817 100.978 
  0.9733869 100.978 
  0.8021837 100.4756 
  0.8255982 98.00098 
  -0.1904491 97.51342 
  0.3938737 97.51342 
  0.3576335 97.51342 
  0.2772376 97.51342 
  -0.05512103 97.51342 
  -0.2688928 97.51342 
  -0.1395219 97.51342 
  0.02542119 97.51342 
  0.1518205 97.51342 
  0.1525218 97.51342 
  0.1534411 97.02828 
  0.1706323 96.54556 
  0.02101598 96.06523 
  0.1646647 95.5873 
  0.7712993 91.39146 
  0.3868505 83.54424 
  0.5561426 83.96195 
  0.9344527 84.38177 
  0.8270672 83.96195 
  0.9431998 82.71502 
  0.964146 82.3035 
  0.9619975 82.71502 
  0.9606633 82.71502 
  0.9338894 82.71502 
  0.8936611 82.71502 
  0.8503295 82.3035 
  0.67751 82.3035 
  0.4542299 81.4866 
  0.2158082 81.4866 
  -0.0002609568 81.4866 
  -0.05950137 81.4866 
  -0.01897338 81.4866 
  0.05644367 81.4866 
  0.1972729 81.4866 
  -0.1235127 81.4866 
  0.1223153 81.4866 
  0.1097699 81.4866 
  0.05129188 81.4866 
  -0.003685033 81.89403 
  -0.03302317 82.3035 
  0.09957127 82.3035 
  0.1368517 82.3035 
  0.329603 81.89403 
  0.3406424 81.4866 
  0.2933985 81.08118 
  0.1229819 81.08118 
  0.09008222 81.08118 
  0.2226946 81.89403 
  0.3199962 82.71502 
  0.08403651 83.54424 
  -0.1403597 84.80367 
  0.0837224 86.0821 
  0.115155 87.3798 
  0.277685 88.25578 
  0.2244487 89.14054 
  0.1066159 90.03418 
  0.1954303 90.93677 
  0.01927544 92.30766 
  -0.02716177 93.6992 
  -0.1780455 95.11173 
  0.6852909 95.5873 
  0.5130805 94.1677 
  0.6205957 93.23304 
  0.9317259 91.39146 
  0.8142533 90.48434 
  0.870223 89.58624 
  0.9566402 89.14054 
  0.9924384 88.25578 
  0.969734 87.3798 
  0.9881487 86.51251 
  0.9862935 86.0821 
  0.9795604 85.65383 
  0.9823956 85.2277 
  0.8476557 85.2277 
  0.6680305 86.0821 
  0.8381756 85.2277 
  0.6675597 83.96195 
  0.6674511 83.96195 
  0.7617417 81.89403 
  0.02698297 79.87703 
  0.2823873 79.87703 
  -0.27017 80.27641 
  -0.2541396 80.6778 
  -0.05568915 81.08118 
  -0.03524863 81.4866 
  0.1663097 81.4866 
  -0.1594954 81.08118 
  0.3224715 82.71502 
  0.6486602 84.80367 
  0.8749371 86.51251 
  0.9600767 87.8167 
  0.9476047 88.69706 
  0.9570771 89.58624 
  0.9719465 89.58624 
  0.9608933 89.58624 
  0.9353318 89.14054 
  0.9197554 90.03418 
  0.9489384 90.48434 
  0.966014 90.03418 
  0.9634873 89.14054 
  0.9234238 87.8167 
  0.8636523 86.51251 
  0.7412174 85.65383 
  -0.07005231 84.38177 
  0.4104442 83.54424 
  -0.03675331 82.71502 
  0.06180016 81.89403 
  0.09273111 81.08118 
  -0.04529733 79.87703 
  0.3447183 79.08421 
  0.4084991 78.29926 
  0.4012338 77.90971 
  0.1805505 77.5221 
  -0.07186872 77.5221 
  -0.08079565 77.90971 
  0.1163522 78.29926 
  0.7734426 79.08421 
  0.9367115 79.87703 
  0.9019168 79.47963 
  0.9337127 79.08421 
  0.9583316 78.69076 
  0.7997704 79.47963 
  0.8906863 81.08118 
  0.9105558 81.08118 
  0.8954327 80.6778 
  0.8250709 80.27641 
  0.305525 80.27641 
  -0.01817264 80.6778 
  -0.1391095 81.08118 
  -0.1004316 81.4866 
  -0.001170877 81.4866 
  0.1226429 81.4866 
  0.1209831 81.4866 
  -0.0602846 81.4866 
  -0.01987085 81.4866 
  -0.1454416 81.4866 
  0.002776517 81.89403 
  0.01729194 81.89403 
  0.05470919 81.89403 
  0.04944964 81.89403 
  0.08638937 81.89403 
  0.3902961 82.3035 
  0.3691489 82.3035 
  0.3438466 82.3035 
  0.2544192 82.3035 
  0.0793956 82.3035 
  0.06136964 82.3035 
  -0.05242405 82.3035 
  -0.0833936 82.3035 
  0.1163015 82.3035 
  0.1952003 82.3035 
  0.2511112 82.3035 
  0.1293843 82.3035 
  -0.1261158 82.3035 
  0.01450813 82.3035 
  0.02069989 82.3035 
  0.1094525 82.3035 
  -0.02272497 82.3035 ]
