 [
  0.2689327 213.3714 
  0.1120338 213.3714 
  0.0629112 213.3714 
  0.2064619 213.3714 
  0.3039373 213.3714 
  0.3008039 213.3714 
  0.09810402 213.3714 
  0.04428282 213.3714 
  0.1897508 213.3714 
  0.05145952 213.3714 
  -0.01080697 213.3714 
  0.1103842 213.3714 
  -0.05542003 213.3714 
  0.08733696 213.3714 
  -0.4622561 213.3714 
  -0.4826958 213.3714 
  -0.3197367 213.3714 
  0.1550565 213.3714 
  0.2934019 213.3714 
  0.1955782 212.3098 
  0.09888484 212.3098 
  -0.003543986 214.4382 
  0.02376435 217.6709 
  0.772432 231.0963 
  0.9169525 228.8026 
  0.987841 229.9466 
  0.9595271 232.2518 
  0.9485415 236.9318 
  0.9528034 241.7061 
  0.958793 246.5766 
  0.9792475 250.2938 
  0.9687493 252.8029 
  0.924277 251.5452 
  0.3912628 254.067 
  0.8040993 257.8971 
  0.6831102 261.7849 
  0.6323946 265.7313 
  0.07101009 269.7372 
  -0.193157 273.8036 
  -0.01704324 276.5485 
  -0.01900436 276.5485 
  -0.0005273735 273.8036 
  -0.01290875 267.06 
  -0.09305833 260.4825 
  -0.005790898 251.5452 
  0.7096196 246.5766 
  0.8802919 247.8095 
  0.9349606 249.0485 
  0.954797 249.0485 
  0.9712686 246.5766 
  0.9709092 244.1292 
  0.9745125 241.7061 
  0.9594082 238.1164 
  0.9552944 234.5801 
  0.9611434 231.0963 
  0.9931081 229.9466 
  0.9978158 228.8026 
  0.9986253 227.6642 
  0.9846849 226.5316 
  0.8993567 225.4046 
  0.8792925 224.2832 
  0.9612207 223.1673 
  0.9963557 224.2832 
  0.9975238 224.2832 
  0.8945015 224.2832 
  0.9185984 222.057 
  0.9531121 220.9523 
  0.996913 220.9523 
  0.997984 219.853 
  0.9991735 219.853 
  0.9991723 219.853 
  0.9997608 219.853 
  0.9975521 218.7592 
  0.9938473 218.7592 
  0.9798518 217.6709 
  0.9652209 217.6709 
  0.9608381 217.6709 
  0.9868305 216.5879 
  0.9410934 214.4382 
  0.8424977 212.3098 
  0.1276881 209.1568 
  -0.02467874 206.0505 
  -0.08376003 202.9904 
  -0.003530825 199.9758 
  -0.05105425 197.9909 
  -0.1381843 197.0059 
  -0.2437597 196.0257 
  0.525324 195.0505 
  0.3141088 195.0505 
  0.01939912 195.0505 
  0.2292512 194.0801 
  0.1880981 193.1145 
  0.09292907 192.1537 
  0.001555718 191.1978 
  0.2072096 190.2465 
  0.7446908 190.2465 
  0.7872534 191.1978 
  0.7862139 192.1537 
  0.7564257 194.0801 
  0.663797 194.0801 
  0.8325155 193.1145 
  0.9890158 192.1537 
  0.9907481 191.1978 
  0.9878266 191.1978 
  0.9891917 189.3 
  0.9926202 188.3582 
  0.9945185 187.4211 
  0.992412 186.4887 
  0.9895317 186.4887 
  0.9908763 186.4887 
  0.9673339 186.4887 
  0.922649 186.4887 
  0.889799 184.6377 
  0.5617717 183.7191 
  0.7426149 182.8051 
  -0.08814383 181.8956 
  0.3061255 180.9906 
  0.7750286 191.1978 
  0.8605657 189.3 
  0.9484094 187.4211 
  0.9883444 183.7191 
  0.9976168 182.8051 
  0.9977643 182.8051 
  0.9977172 182.8051 
  0.9974464 181.8956 
  0.9973858 181.8956 
  0.9961933 181.8956 
  0.9950142 181.8956 
  0.9938231 181.8956 
  0.9944463 180.9906 
  0.9953356 180.0902 
  0.996902 179.1942 
  0.9903746 179.1942 
  0.9509667 182.8051 
  0.9496362 186.4887 
  0.9390925 186.4887 
  0.9233112 184.6377 
  0.9563085 182.8051 
  0.9843049 181.8956 
  0.9847078 181.8956 
  0.9720311 183.7191 
  0.9644649 183.7191 
  0.9461927 185.5609 
  0.864715 187.4211 
  0.3913807 192.1537 
  0.4228455 197.0059 
  0.2448623 201.9805 
  0.5291533 207.0808 
  0.1388285 212.3098 
  0.08299606 217.6709 
  0.0281737 223.1673 
  -0.02493777 228.8026 
  0.1877947 234.5801 
  -0.02699988 240.5036 
  0.1241507 245.3498 
  0.375314 249.0485 
  0.3655639 251.5452 
  0.411757 252.8029 
  0.3305622 255.3373 
  0.2332832 256.614 
  0.254295 256.614 
  0.264503 256.614 
  0.2758001 255.3373 
  0.2481119 255.3373 
  0.2424402 255.3373 
  0.2592311 255.3373 
  0.1515709 255.3373 
  -0.1185733 256.614 
  0.03345701 256.614 
  0.2105557 256.614 
  0.1920633 256.614 
  0.1319341 256.614 
  0.07137605 256.614 
  0.09765583 257.8971 
  -0.01236722 259.1866 
  0.1460405 260.4825 
  -0.05147462 261.7849 
  -0.1422446 263.0938 
  -0.04522611 264.4093 
  0.05139726 265.7313 
  0.07334842 265.7313 
  0.09296064 265.7313 
  -0.1041368 265.7313 
  -0.374254 265.7313 
  0.01921977 267.06 
  0.1739177 267.06 
  0.1134729 267.06 
  0.4466841 267.06 
  0.3430811 267.06 
  0.1597317 267.06 
  -0.0535324 267.06 
  -0.1354164 267.06 
  0.01021933 267.06 
  0.09567766 267.06 
  0.1295923 267.06 
  -0.02870874 267.06 
  -0.02102599 267.06 
  0.05135226 267.06 
  0.06948825 267.06 
  -0.04333008 267.06 
  -0.1276111 267.06 
  0.1285834 267.06 
  0.1396468 267.06 
  0.02593424 267.06 
  0.01633572 267.06 
  -0.009392285 267.06 
  -0.05600789 267.06 ]
