 [
  0.2251005 232.2518 
  -0.01647736 232.2518 
  -0.01049143 232.2518 
  0.07333561 232.2518 
  0.1990526 232.2518 
  0.08185776 232.2518 
  0.01241394 232.2518 
  0.3337597 232.2518 
  -0.01601138 232.2518 
  -0.104621 232.2518 
  -0.009087427 232.2518 
  0.2468632 232.2518 
  0.3022129 232.2518 
  0.3066678 232.2518 
  0.3183478 232.2518 
  0.5809467 231.0963 
  0.6033289 231.0963 
  0.6107923 231.0963 
  0.5105957 231.0963 
  0.004336106 231.0963 
  0.09792992 232.2518 
  0.1158216 233.4131 
  -0.0902254 234.5801 
  0.1422278 234.5801 
  0.05994411 234.5801 
  -0.01332923 234.5801 
  -0.09554929 234.5801 
  -0.1141069 234.5801 
  -0.07241613 234.5801 
  -0.06981319 234.5801 
  0.03047543 235.753 
  0.5669659 236.9318 
  0.8201581 235.753 
  0.9009386 234.5801 
  0.9971977 233.4131 
  0.4354523 233.4131 
  0.8664557 228.8026 
  0.9267833 231.0963 
  0.9842016 232.2518 
  0.9903921 232.2518 
  0.9955535 232.2518 
  0.9905612 233.4131 
  0.9837328 234.5801 
  0.9869307 236.9318 
  0.979127 239.307 
  0.9721046 241.7061 
  0.9877056 244.1292 
  0.9847997 246.5766 
  0.9762012 249.0485 
  0.9803129 251.5452 
  0.9804265 252.8029 
  0.9561289 254.067 
  0.8882487 251.5452 
  0.727182 244.1292 
  0.911815 238.1164 
  0.9225605 232.2518 
  0.921899 227.6642 
  0.9395115 224.2832 
  0.9644881 220.9523 
  0.1418127 217.6709 
  0.6622742 213.3714 
  0.8957161 213.3714 
  0.9672337 212.3098 
  0.9694346 210.2025 
  0.9782366 207.0808 
  0.9939277 206.0505 
  0.9920619 205.0254 
  0.9927065 204.0054 
  0.9954906 204.0054 
  0.9946517 202.9904 
  0.9934841 202.9904 
  0.9897257 202.9904 
  0.9869624 201.9805 
  0.9868388 201.9805 
  0.9869707 200.9756 
  0.9893953 199.9758 
  0.9949573 199.9758 
  0.9939505 199.9758 
  0.9780968 199.9758 
  0.9413134 201.9805 
  0.9244798 207.0808 
  0.9679999 211.2535 
  0.9340106 214.4382 
  0.871489 215.5104 
  0.3588609 214.4382 
  0.7327518 213.3714 
  0.6199612 212.3098 
  0.3657793 211.2535 
  -0.01105203 210.2025 
  -0.03322996 209.1568 
  0.1797649 208.1162 
  0.1643209 207.0808 
  -0.1789365 206.0505 
  -0.1607103 206.0505 
  0.1973046 206.0505 
  0.5932229 202.9904 
  0.7478961 200.9756 
  0.9307692 199.9758 
  0.918229 197.9909 
  0.7875305 197.0059 
  0.45733 197.0059 
  0.7909316 197.0059 
  0.6164001 197.0059 
  0.3933248 197.9909 
  0.2106667 197.9909 
  0.3159779 197.9909 
  0.3458718 197.9909 
  -0.1644052 197.9909 
  0.1456622 197.9909 
  0.5494194 197.9909 
  0.7122164 195.0505 
  0.8782491 192.1537 
  0.9767963 189.3 
  0.9821593 187.4211 
  0.9731978 185.5609 
  0.9500555 182.8051 
  0.9376075 180.0902 
  0.9575403 178.3027 
  0.9745452 178.3027 
  0.9743353 179.1942 
  0.9690635 180.9906 
  0.9128296 184.6377 
  0.8855515 183.7191 
  0.8959734 182.8051 
  0.9332952 181.8956 
  0.9452907 180.9906 
  0.966507 180.9906 
  0.9728979 180.9906 
  0.9831589 180.9906 
  0.9894961 180.9906 
  0.9904569 181.8956 
  0.9912686 182.8051 
  0.9912027 183.7191 
  0.9947062 183.7191 
  0.9883321 184.6377 
  0.984399 185.5609 
  0.9308513 185.5609 
  0.8778103 186.4887 
  0.712023 188.3582 
  0.9714366 189.3 
  0.9898558 189.3 
  0.9932131 188.3582 
  0.5614215 186.4887 
  0.745864 180.9906 
  0.8656185 180.0902 
  0.9760029 179.1942 
  0.9824603 178.3027 
  0.9937161 177.4156 
  0.9898105 176.533 
  0.9780958 174.7808 
  0.9600441 173.9112 
  0.8882082 173.9112 
  0.7191932 174.7808 
  0.9625627 175.6547 
  0.9692328 174.7808 
  0.9766931 173.046 
  0.9575916 170.476 
  0.6208426 167.1087 
  0.7757901 164.6269 
  0.9527056 163.8079 
  0.9874482 163.8079 
  0.9861445 163.8079 
  0.9711731 164.6269 
  0.9647205 165.4501 
  0.9246752 165.4501 
  0.9356552 165.4501 
  0.951519 165.4501 
  0.9388423 165.4501 
  0.901394 165.4501 
  0.883875 166.2773 
  0.8569607 168.784 
  0.9428447 170.476 
  0.9467637 169.6279 
  0.8972161 164.6269 
  0.9090033 160.5723 
  0.9098794 158.1876 
  0.9076046 155.063 
  0.9473162 152.7601 
  0.9832138 151.2439 
  0.9784486 151.2439 
  0.9494839 150.4914 
  0.8897548 150.4914 
  0.7527813 149.7427 
  0.3308139 150.4914 
  -0.01781451 151.2439 
  0.2537791 152.0001 
  0.1170407 152.7601 
  0.2096034 153.5239 
  0.04770611 154.2915 
  0.3613091 155.063 
  -0.009324877 155.8383 
  -0.01228918 156.6175 
  0.1849641 157.4006 
  0.2006034 157.4006 
  0.4728245 157.4006 
  -0.09941068 157.4006 
  -0.0742162 157.4006 
  0.002240739 157.4006 
  0.05743126 157.4006 
  0.1821216 157.4006 
  0.2263233 157.4006 
  0.02665196 157.4006 
  0.04064938 157.4006 
  0.309441 157.4006 
  0.334419 157.4006 
  0.142932 157.4006 ]
