 [
  0.1898265 104.5657 
  0.192434 104.5657 
  -0.06523399 104.5657 
  -0.07569661 104.5657 
  -0.1591572 104.5657 
  0.006641166 104.5657 
  0.2019286 104.5657 
  0.1461394 104.5657 
  0.2594688 104.5657 
  0.352323 104.5657 
  0.3639214 104.0455 
  0.2674186 103.5278 
  -0.2150422 103.0128 
  0.7528017 103.5278 
  0.5786989 96.54556 
  0.2093667 90.93677 
  0.5486556 86.51251 
  0.7124696 83.96195 
  0.8082508 81.89403 
  0.8537314 81.08118 
  0.7645314 80.6778 
  0.6431122 81.89403 
  0.7182552 83.54424 
  0.8037774 86.0821 
  0.8208863 88.25578 
  0.8196723 90.03418 
  0.8775783 91.84841 
  0.9629765 93.23304 
  0.9558321 94.63854 
  0.924098 97.51342 
  0.8995378 100.4756 
  0.9130687 103.0128 
  0.9303864 105.614 
  0.9468518 107.2061 
  0.9680311 108.8223 
  0.9781219 109.9132 
  0.9504524 109.9132 
  0.8626564 109.9132 
  0.8053485 108.2809 
  -0.05239876 106.6728 
  0.2298473 105.614 
  -0.01213297 105.0885 
  0.09097679 104.5657 
  0.07707374 104.0455 
  -0.04466545 103.5278 
  -0.05056911 102.5003 
  0.07817419 101.4829 
  0.1653169 100.4756 
  0.1772249 99.47836 
  -0.06893592 98.98344 
  0.5087172 98.00098 
  0.8268764 97.02828 
  0.9627503 96.54556 
  0.8279683 95.11173 
  0.8444624 93.6992 
  0.9040481 93.23304 
  0.8306058 92.30766 
  0.7464348 91.39146 
  0.7577033 90.03418 
  0.7689044 89.58624 
  0.7275274 88.69706 
  0.7590674 87.8167 
  0.8741936 87.3798 
  0.9184914 87.3798 
  0.9521213 86.94508 
  0.9619043 86.94508 
  0.9622698 86.51251 
  0.8953804 86.51251 
  0.8164467 86.0821 
  0.8193264 85.65383 
  0.8886904 86.51251 
  0.427677 87.3798 
  0.7174404 86.51251 
  0.8145807 86.94508 
  0.8816931 86.94508 
  0.9070187 87.8167 
  0.8870805 89.14054 
  0.9169749 90.03418 
  0.9414892 90.93677 
  0.953993 90.48434 
  0.970134 90.48434 
  0.8984968 90.03418 
  0.7852328 89.14054 
  0.7902287 87.3798 
  0.872846 84.38177 
  0.7425495 83.12859 
  0.7153186 83.54424 
  0.7376335 84.80367 
  0.854731 86.51251 
  0.8964986 87.8167 
  0.9255161 88.25578 
  0.9658906 88.25578 
  0.9437631 87.8167 
  0.6173646 86.51251 
  0.6243134 84.38177 
  0.615224 84.80367 
  0.967943 85.2277 
  0.9915839 85.65383 
  0.9928832 86.0821 
  0.9710976 86.51251 
  0.9282365 88.25578 
  0.5613011 92.30766 
  0.6144667 96.54556 
  0.8338641 97.02828 
  0.8931255 98.00098 
  0.9043569 98.491 
  0.948491 99.97575 
  0.9402421 100.978 
  0.9175037 101.4829 
  0.9264273 102.5003 
  0.8938373 103.5278 
  0.7515237 101.4829 
  0.6113765 100.4756 
  -0.120024 99.47836 
  -0.2350891 98.491 
  -0.1080277 97.51342 
  -0.1637634 96.54556 
  -0.2747242 95.5873 
  -0.05017553 94.63854 
  0.04622802 94.1677 
  0.09425535 93.6992 
  0.03907463 93.23304 
  0.2669668 92.7692 
  0.09525396 92.30766 
  -0.4930921 91.84841 
  -0.07257363 91.39146 
  -0.04657786 90.93677 
  0.02461622 90.48434 
  -0.04604926 90.03418 
  -0.0892441 89.58624 
  -0.08995786 88.69706 
  0.4608904 87.8167 
  0.5349769 91.84841 
  0.6934894 91.39146 
  0.845732 91.39146 
  0.9340041 90.48434 
  0.9189057 90.03418 
  0.9289005 89.58624 
  0.9257406 88.69706 
  0.9563155 87.8167 
  0.968471 87.8167 
  0.94892 88.25578 
  0.851333 89.14054 
  0.8292272 90.03418 
  0.9216861 90.93677 
  0.95763 91.84841 
  0.9627596 92.30766 
  0.9378806 92.7692 
  0.8528845 94.1677 
  0.8595073 95.11173 
  0.8498152 95.11173 
  0.8869948 94.63854 
  0.9136169 93.6992 
  0.8584081 93.23304 
  0.6261335 92.7692 
  0.4802129 92.7692 
  0.05967917 92.7692 
  0.1365643 92.7692 
  0.1688089 92.7692 
  0.2241444 92.7692 
  0.180413 92.30766 
  0.1566649 91.39146 
  0.01397007 90.48434 
  0.1023995 89.58624 
  0.3325237 88.69706 
  0.1691819 88.25578 
  0.2556608 87.3798 
  0.6583397 87.3798 
  0.8753385 86.51251 
  0.796483 85.65383 
  0.8772874 84.38177 
  0.9721723 82.71502 
  0.9576562 82.3035 
  0.9296104 82.3035 
  0.9047627 82.71502 
  0.8916178 82.71502 
  0.7796217 82.71502 
  0.6079317 82.71502 
  0.680554 82.71502 
  0.6237427 82.71502 
  0.4009542 82.71502 
  0.03897641 82.71502 
  -0.02320679 82.71502 
  0.2162339 82.71502 
  0.08850025 82.71502 
  0.003033472 82.71502 
  -0.01379292 82.71502 
  0.05506714 82.71502 
  -0.02832994 82.71502 ]
