 [
  0.07271354 184.6377 
  0.3228389 184.6377 
  -0.2412845 184.6377 
  -0.1676542 184.6377 
  -0.1201467 184.6377 
  -0.06708764 184.6377 
  0.01181968 184.6377 
  0.05807324 184.6377 
  0.4182407 184.6377 
  -0.2801761 184.6377 
  -0.7123834 184.6377 
  -0.3873782 184.6377 
  0.2396313 184.6377 
  0.4316633 179.1942 
  0.2529331 191.1978 
  0.7042964 195.0505 
  0.9432262 195.0505 
  0.9404995 194.0801 
  0.9349278 196.0257 
  0.9910849 198.9809 
  0.9951502 200.9756 
  0.9961495 201.9805 
  0.9978563 202.9904 
  0.9957898 205.0254 
  0.8987347 210.2025 
  0.9309319 215.5104 
  0.9548357 217.6709 
  0.9462942 222.057 
  0.9447872 226.5316 
  0.9536022 231.0963 
  0.9610779 235.753 
  0.9657723 239.307 
  0.9662666 244.1292 
  0.9677768 249.0485 
  0.9692113 252.8029 
  0.9826683 256.614 
  0.9857397 259.1866 
  0.9913679 260.4825 
  0.9945941 261.7849 
  0.9905505 260.4825 
  0.9828073 259.1866 
  0.9710605 255.3373 
  0.9586188 252.8029 
  0.9500096 249.0485 
  0.9625589 240.5036 
  0.9867162 233.4131 
  0.9947357 228.8026 
  0.9968351 227.6642 
  0.9322816 227.6642 
  0.9537579 231.0963 
  0.9611554 233.4131 
  0.9919453 234.5801 
  0.9954308 236.9318 
  0.9967877 236.9318 
  0.9979081 238.1164 
  0.9981536 236.9318 
  0.9974071 234.5801 
  0.9966388 231.0963 
  0.9930682 227.6642 
  0.983004 222.057 
  0.9691802 216.5879 
  0.9433893 209.1568 
  0.8989269 199.9758 
  0.839589 190.2465 
  0.8349285 180.0902 
  0.9522768 173.046 
  0.9687347 170.476 
  0.9576817 169.6279 
  0.9551961 167.9442 
  0.9397995 166.2773 
  0.9271718 163.8079 
  0.9234821 159.7734 
  0.9608932 156.6175 
  0.9595199 154.2915 
  0.9869798 152.0001 
  0.987303 150.4914 
  0.9915038 149.7427 
  0.98564 148.9977 
  0.9898292 148.2564 
  0.9926718 148.2564 
  0.982479 148.9977 
  0.9881368 149.7427 
  0.9852732 149.7427 
  0.9837506 149.7427 
  0.9628516 150.4914 
  0.9374397 151.2439 
  0.8618077 152.0001 
  0.7692185 153.5239 
  0.5401599 155.063 
  0.3500538 156.6175 
  0.1494424 158.9785 
  0.2150331 161.3751 
  0.4708505 163.8079 
  0.73992 166.2773 
  0.7729884 168.784 
  0.9073488 169.6279 
  0.9439921 167.9442 
  0.9636413 164.6269 
  0.9788874 162.182 
  0.9806998 158.9785 
  0.9753197 155.8383 
  0.9824392 153.5239 
  0.9881179 152.0001 
  0.991441 151.2439 
  0.9905485 151.2439 
  0.9922831 151.2439 
  0.990568 151.2439 
  0.9881949 152.7601 
  0.9948601 153.5239 
  0.996399 153.5239 
  0.9931632 154.2915 
  0.9926273 155.063 
  0.9925724 155.8383 
  0.9869208 156.6175 
  0.9928966 157.4006 
  0.9891685 158.9785 
  0.9865617 159.7734 
  0.9499924 161.3751 
  0.8974013 163.8079 
  0.9430075 167.1087 
  0.9529018 170.476 
  0.9185464 173.9112 
  0.9347041 178.3027 
  0.9644392 180.9906 
  0.9492675 181.8956 
  0.9408809 181.8956 
  0.9564759 180.9906 
  0.9485148 180.0902 
  0.9400184 179.1942 
  0.9227462 178.3027 
  0.926919 177.4156 
  0.7369069 177.4156 
  0.4315323 176.533 
  -0.1300441 176.533 
  0.06969447 175.6547 
  0.2939425 174.7808 
  0.2334206 173.9112 
  -0.02700017 173.046 
  -0.327613 172.185 
  -0.5436913 171.3284 
  -0.5369796 171.3284 
  -0.407374 171.3284 
  -0.1618811 171.3284 
  -0.2768524 170.476 
  -0.0005208298 169.6279 
  -0.02299832 168.784 
  -0.171376 167.9442 
  0.09068497 167.1087 
  0.4598217 167.1087 
  0.5721299 163.8079 
  0.4774344 158.9785 
  0.2449303 162.9929 
  -0.06332529 167.9442 
  -0.008425467 165.4501 
  0.2454025 162.182 
  -0.2481115 162.9929 
  0.2627557 163.8079 
  0.1238604 164.6269 
  -0.2345523 165.4501 
  -0.0543932 165.4501 
  -0.08496241 167.1087 
  0.1801852 169.6279 
  0.5752602 172.185 
  0.7945031 174.7808 
  0.9349298 177.4156 
  0.8846237 183.7191 
  0.9259567 189.3 
  0.9664293 192.1537 
  0.9723499 194.0801 
  0.9749772 195.0505 
  0.9746441 197.0059 
  0.9564083 199.9758 
  0.9403648 204.0054 
  0.9337445 208.1162 
  0.933208 212.3098 
  0.9291487 216.5879 
  0.9004781 223.1673 
  0.8870175 228.8026 
  0.9515837 233.4131 
  0.9730259 238.1164 
  0.9612573 240.5036 
  0.9126152 240.5036 
  0.911662 236.9318 
  0.8489775 236.9318 
  0.4422328 236.9318 
  0.110386 236.9318 
  0.003051854 236.9318 
  -0.07620303 236.9318 
  0.01265036 236.9318 
  -0.06989846 236.9318 
  -0.07711747 236.9318 
  0.1856945 236.9318 
  0.008831373 236.9318 
  0.00949423 236.9318 
  0.3524613 235.753 
  0.9090056 234.5801 
  0.752351 234.5801 
  0.6699443 225.4046 
  0.8047708 216.5879 
  0.9757038 211.2535 
  0.9869282 208.1162 
  0.9867864 206.0505 
  0.9945089 205.0254 
  0.9912425 204.0054 
  0.9981264 202.9904 
  0.9978049 202.9904 
  0.9965715 202.9904 
  0.9966359 201.9805 
  0.9940595 201.9805 
  0.9943081 201.9805 
  0.9871218 200.9756 
  0.9813237 199.9758 
  0.9914544 198.9809 
  0.987484 197.9909 
  0.9828516 197.0059 
  0.98894 195.0505 
  0.9902032 194.0801 
  0.9834998 192.1537 
  0.9934851 192.1537 
  0.9929273 192.1537 
  0.9915153 191.1978 
  0.9913465 191.1978 
  0.9883437 191.1978 
  0.9842206 191.1978 
  0.9713948 190.2465 
  0.950644 189.3 
  0.919687 188.3582 
  0.8269482 188.3582 
  0.6301233 189.3 
  0.09550194 190.2465 
  -0.03264076 191.1978 
  0.1312742 192.1537 
  -0.3401869 193.1145 
  0.1806196 193.1145 
  0.169313 192.1537 
  0.1272332 189.3 
  0.4885575 185.5609 
  0.4757822 185.5609 
  0.5346498 185.5609 
  0.3319047 185.5609 
  0.439879 188.3582 
  0.6195739 185.5609 
  0.787813 183.7191 
  0.973363 181.8956 
  0.9784918 183.7191 
  0.9553722 185.5609 
  0.9568953 187.4211 
  0.9744856 189.3 
  0.9646847 191.1978 
  0.9471852 193.1145 
  0.9268364 197.0059 
  0.9620172 199.9758 
  0.9811535 202.9904 
  0.9718614 205.0254 
  0.9607209 209.1568 
  0.9680908 213.3714 
  0.9809302 216.5879 
  0.9911454 218.7592 
  0.9624733 217.6709 
  0.8591986 212.3098 
  0.5766881 206.0505 
  0.3218573 194.0801 
  0.461175 188.3582 
  0.9846936 186.4887 
  0.1459642 180.9906 
  -0.1084839 174.7808 
  0.3689058 171.3284 
  0.1776102 175.6547 
  0.3992598 188.3582 
  0.8824737 192.1537 
  0.9899839 193.1145 
  0.9893705 192.1537 
  0.9895182 191.1978 
  0.9806553 189.3 
  0.9564639 186.4887 
  0.9282068 181.8956 
  0.8824453 177.4156 
  0.8400111 171.3284 
  0.8189405 163.8079 
  0.8342086 157.4006 
  0.8578475 152.0001 
  0.9080718 147.5188 
  0.8798297 143.8855 
  0.9398924 140.3417 
  0.9383989 137.5696 
  0.879274 135.5266 
  0.4822523 132.8496 
  0.3537864 131.531 
  0.354608 132.8496 
  -0.05866775 134.1814 
  0.03131704 134.1814 
  0.06281273 134.1814 
  0.09807356 132.8496 
  0.1012377 128.9329 
  0.1906106 127.0181 
  0.2124355 127.0181 
  0.1700764 126.3862 
  0.3468294 125.1317 
  0.1028351 124.5092 
  0.05785863 125.1317 
  0.1013425 126.3862 
  0.3309998 127.6532 
  0.4347502 128.9329 
  0.3975042 129.5776 
  0.2721679 129.5776 
  0.304658 129.5776 
  -0.2380378 129.5776 
  -0.3854398 129.5776 
  -0.6010687 129.5776 
  -0.1735236 129.5776 
  -0.1910824 129.5776 
  -0.1307271 129.5776 
  0.03224852 129.5776 
  0.01709949 129.5776 
  0.01029156 129.5776 
  -0.1554587 129.5776 
  0.2792068 129.5776 
  -0.1646429 129.5776 
  -0.2100053 129.5776 
  -0.1537563 129.5776 
  0.02693414 129.5776 
  0.1656274 129.5776 
  0.1032064 129.5776 
  -0.04886777 129.5776 
  -0.1888669 129.5776 
  -0.1873494 129.5776 
  -0.1021116 129.5776 
  -0.3035452 129.5776 
  -0.3231934 129.5776 ]
