 [
  0.1270448 143.8855 
  0.1822045 143.8855 
  -0.1169203 143.8855 
  -0.3990458 143.8855 
  -0.2225228 143.8855 
  -0.1871623 143.8855 
  0.1657038 143.8855 
  -0.163142 143.8855 
  -0.4785028 143.8855 
  0.2342428 143.8855 
  0.0802634 143.8855 
  0.1971441 143.8855 
  0.04946467 143.8855 
  0.04225153 143.8855 
  0.6453906 143.8855 
  0.2469118 143.8855 
  0.2602626 143.1697 
  0.1566392 141.7487 
  0.4961531 141.0434 
  0.03922008 139.6435 
  0.3110649 138.2575 
  0.1424391 136.8852 
  0.009489327 135.5266 
  0.1818545 134.1814 
  0.007170498 132.8496 
  -0.09908777 132.1886 
  0.233498 131.531 
  0.6599095 128.2915 
  0.7259067 125.1317 
  0.8775254 123.2734 
  0.9478132 120.8384 
  0.9768505 120.2372 
  0.9743761 120.2372 
  0.9643132 120.8384 
  0.9405219 122.0498 
  0.9434801 123.8897 
  0.8113843 124.5092 
  0.6919349 125.1317 
  -0.04631318 120.8384 
  -0.07643045 117.8622 
  0.05658079 114.9594 
  0.04499042 112.128 
  -0.07536272 108.8223 
  0.3941378 106.142 
  0.3655919 110.4628 
  0.2007506 114.3874 
  0.6680284 117.8622 
  0.7920878 120.2372 
  0.6593901 119.0438 
  0.7205499 119.0438 
  0.8893111 119.0438 
  0.7310141 119.639 
  0.6071309 120.2372 
  0.3173037 121.4426 
  0.1298284 122.6601 
  0.3258977 123.8897 
  0.41776 116.6924 
  0.70151 117.8622 
  0.9707792 117.8622 
  0.9348602 116.6924 
  0.9127381 114.9594 
  0.9766433 113.2521 
  0.9392836 112.6886 
  0.9342036 111.5702 
  0.9624371 111.0151 
  0.9632522 110.4628 
  0.9474279 109.9132 
  0.8971387 108.8223 
  0.8968809 107.2061 
  0.9226985 105.614 
  0.8444176 104.0455 
  0.7121257 101.9903 
  0.525613 98.98344 
  0.1588962 98.00098 
  0.1816948 98.491 
  -0.1547758 99.47836 
  -0.142155 100.4756 
  -0.1119094 101.4829 
  0.001056563 102.5003 
  0.08061374 104.0455 
  0.07728939 105.614 
  0.5357987 106.6728 
  0.661149 104.5657 
  0.8004764 104.5657 
  0.9349716 105.0885 
  0.977701 105.614 
  0.9683678 106.142 
  0.9618652 107.2061 
  0.9794832 108.2809 
  0.994719 108.2809 
  0.9913226 108.8223 
  0.988555 108.8223 
  0.9768155 108.8223 
  0.9921352 108.2809 
  0.9891165 108.2809 
  0.9673843 108.2809 
  0.7125874 107.7421 
  0.3428588 107.2061 
  0.1989064 117.2759 
  0.03469424 117.8622 
  0.5559836 117.2759 
  -0.2570761 116.1118 
  -0.5539403 114.9594 
  -0.6085083 114.3874 
  -0.3673413 113.2521 
  -0.0007341616 112.128 
  -0.3424741 111.5702 
  0.1660618 111.0151 
  0.3484594 110.4628 
  0.05449285 109.9132 
  -0.01752198 109.3664 
  0.2333299 108.8223 
  -0.07038277 108.2809 
  0.02008315 107.7421 
  0.06412412 107.2061 
  0.07731573 106.6728 
  0.4342033 106.6728 
  -0.001876134 106.6728 
  -0.005483951 106.6728 
  -0.03529609 107.2061 
  0.5313153 111.0151 
  0.8603945 112.6886 
  0.9889802 113.2521 
  0.9734987 114.3874 
  0.9367268 116.6924 
  0.9347097 120.2372 
  0.9623005 122.0498 
  0.9788976 123.2734 
  0.9681582 123.2734 
  0.9131327 121.4426 
  0.9281478 120.2372 
  0.9291413 119.0438 
  0.8689988 117.2759 
  0.871933 114.9594 
  0.9029602 113.2521 
  0.9433465 112.128 
  0.9680135 111.0151 
  0.9814507 110.4628 
  0.9816417 110.4628 
  0.9675437 109.9132 
  0.9719142 108.8223 
  0.9851357 108.2809 
  0.9776161 107.2061 
  0.8598745 105.614 
  0.7525778 104.5657 
  0.7341898 103.0128 
  -0.000733573 103.5278 
  0.1869487 104.0455 
  0.1319242 104.5657 
  0.09735814 105.0885 
  -0.3692431 106.142 
  -0.07862614 107.2061 
  -0.08496926 108.2809 
  -0.030068 109.3664 
  0.1355102 110.4628 
  0.3652119 111.5702 
  0.6599606 111.0151 
  0.9653054 111.0151 
  0.9631844 111.5702 
  0.9944992 112.128 
  0.9912666 112.128 
  0.9841391 112.6886 
  0.9502306 112.128 
  0.8738573 110.4628 
  0.779864 108.2809 
  0.7069229 105.0885 
  0.2850561 103.5278 
  0.04091122 102.5003 
  0.0511032 101.4829 
  0.1389374 100.4756 
  0.2868252 99.47836 
  0.1947067 98.98344 
  0.04659261 98.491 
  -0.05228506 98.00098 
  -0.1742319 97.51342 
  0.1025402 97.02828 
  0.1848027 96.54556 
  0.01305562 96.06523 
  0.7345076 95.5873 
  0.9043548 95.11173 
  0.7568231 93.6992 
  0.809068 91.39146 
  0.9091176 89.14054 
  0.9088131 87.8167 
  0.8939973 86.94508 
  0.6342558 86.0821 
  -0.03667437 85.65383 
  -0.09929234 85.65383 
  -0.09716928 85.65383 
  0.05503477 85.65383 
  0.2575992 85.65383 
  0.09383301 85.2277 
  0.1341905 84.80367 
  -0.02983453 84.80367 
  -0.09810545 84.80367 
  0.09481496 84.80367 
  0.09791486 85.2277 
  -0.04152115 85.65383 
  0.1774466 88.69706 
  0.6837568 91.39146 
  0.5649794 94.1677 
  0.8115541 96.54556 
  0.9319116 96.54556 
  0.9616131 97.51342 
  0.9883053 98.00098 
  0.9905494 98.00098 
  0.9849651 98.00098 
  0.9664626 98.491 
  0.9344051 99.47836 
  0.9212449 100.4756 
  0.8660802 100.978 
  0.8840209 101.9903 
  0.8924165 101.9903 
  0.9167978 101.4829 
  0.9367581 100.978 
  0.9354305 99.97575 
  0.9019564 98.98344 
  0.8714031 97.51342 
  0.9504485 96.54556 
  0.9074818 95.5873 
  0.7632204 94.1677 
  0.802868 92.7692 
  0.7588474 90.93677 
  0.770641 89.14054 
  0.8986462 87.3798 
  0.9103125 86.51251 
  0.8945709 86.0821 
  0.7056097 86.0821 
  0.2774387 86.0821 
  -0.137278 86.51251 
  0.2365743 86.94508 
  0.09363984 87.3798 
  0.1005499 87.8167 
  0.1370293 88.25578 
  0.140182 88.69706 
  0.06479993 89.14054 
  0.07868922 90.03418 
  0.02321018 90.93677 
  0.1910155 91.84841 
  0.04081896 92.7692 
  0.06989372 93.23304 
  0.03179142 94.1677 
  0.01362438 94.63854 
  -0.03173666 95.11173 
  0.00234121 95.5873 
  0.1451185 96.06523 
  0.07223074 96.54556 
  0.03470997 97.02828 
  -0.02073144 97.02828 
  0.0159117 97.02828 
  -0.08969834 97.02828 
  0.08211271 97.02828 
  0.2422089 97.02828 
  0.3013659 97.02828 
  0.141327 97.02828 
  0.2022797 97.02828 
  0.1626844 97.02828 
  0.2365472 97.02828 
  0.1247824 97.02828 
  -0.08193526 97.02828 
  0.05602898 97.02828 
  -0.02917349 97.02828 
  0.09441517 97.02828 
  -0.07580241 97.02828 
  -0.04116548 97.02828 
  -0.07525324 97.02828 
  0.2283743 97.02828 
  0.3097422 97.02828 
  0.2716576 97.02828 
  -0.1459025 97.02828 
  0.1796485 97.02828 
  0.2643455 97.02828 
  0.1030533 97.02828 
  0.05295024 97.02828 
  0.1910979 97.02828 ]
