 [
  0.1738257 247.8095 
  -0.0689388 247.8095 
  0.212956 247.8095 
  0.4407355 247.8095 
  0.3537683 247.8095 
  0.3183008 247.8095 
  0.04897756 247.8095 
  0.06319876 247.8095 
  0.04573908 247.8095 
  0.2848061 247.8095 
  0.1500582 247.8095 
  -0.01856642 247.8095 
  -0.0616992 247.8095 
  -0.3389527 247.8095 
  -0.04612472 247.8095 
  0.01841331 247.8095 
  0.02491279 249.0485 
  0.1795077 251.5452 
  0.8138968 252.8029 
  0.936537 251.5452 
  0.9869469 250.2938 
  0.9913567 249.0485 
  0.9908027 250.2938 
  0.9927171 250.2938 
  0.9931756 251.5452 
  0.9915956 251.5452 
  0.9942916 251.5452 
  0.9922622 250.2938 
  0.9793273 252.8029 
  0.9726341 254.067 
  0.9813742 256.614 
  0.9873495 255.3373 
  0.9879006 252.8029 
  0.9908155 249.0485 
  0.9931535 246.5766 
  0.9924873 245.3498 
  0.9900053 245.3498 
  0.9691648 249.0485 
  0.9526626 257.8971 
  0.9740327 259.1866 
  0.9715446 259.1866 
  0.9764292 256.614 
  0.9844753 255.3373 
  0.9926903 254.067 
  0.9906712 252.8029 
  0.9877427 251.5452 
  0.9889289 250.2938 
  0.9875101 250.2938 
  0.9944215 247.8095 
  0.9918566 247.8095 
  0.994794 245.3498 
  0.9902655 241.7061 
  0.9921112 239.307 
  0.9643731 236.9318 
  0.9480547 231.0963 
  0.9886428 227.6642 
  0.9878957 224.2832 
  0.9897171 222.057 
  0.9916826 218.7592 
  0.9765298 216.5879 
  0.94656 216.5879 
  0.8951842 215.5104 
  0.9898152 215.5104 
  0.9981896 215.5104 
  0.9904447 215.5104 
  0.9431552 215.5104 
  0.8250818 215.5104 
  0.58204 216.5879 
  0.2883184 218.7592 
  0.1610297 220.9523 
  0.05203599 223.1673 
  0.0703638 225.4046 
  0.08557282 227.6642 
  0.2826929 229.9466 
  0.05932338 232.2518 
  0.3083928 234.5801 
  0.2537616 235.753 
  -0.04151407 238.1164 
  -0.04447513 242.9146 
  0.8340881 249.0485 
  0.9543893 250.2938 
  0.9937664 250.2938 
  0.9957485 249.0485 
  0.9926488 246.5766 
  0.9953384 244.1292 
  0.9957687 242.9146 
  0.9959152 241.7061 
  0.9962605 241.7061 
  0.9969074 240.5036 
  0.9810293 238.1164 
  0.9652755 233.4131 
  0.9653225 226.5316 
  0.9673125 219.853 
  0.9929699 215.5104 
  0.9942988 214.4382 
  0.9942161 213.3714 
  0.9872698 213.3714 
  0.9784915 214.4382 
  0.9544526 211.2535 
  0.9354414 208.1162 
  0.9061038 204.0054 
  0.9280073 200.9756 
  0.929706 197.0059 
  0.9415858 194.0801 
  0.9604801 191.1978 
  0.9888218 190.2465 
  0.981545 190.2465 
  0.9533978 190.2465 
  0.8940475 187.4211 
  0.9723302 183.7191 
  0.978851 181.8956 
  0.9862195 181.8956 
  0.9661624 182.8051 
  0.9428834 183.7191 
  0.9170538 185.5609 
  0.8187076 186.4887 
  0.9691848 188.3582 
  0.9858086 189.3 
  0.9945379 190.2465 
  0.9995627 191.1978 
  0.9987429 191.1978 
  0.9962997 191.1978 
  0.9314019 191.1978 
  0.943184 191.1978 
  0.9594667 190.2465 
  0.9963544 190.2465 
  0.9981939 190.2465 
  0.9998087 191.1978 
  0.9997089 191.1978 
  0.9991722 191.1978 
  0.9932472 190.2465 
  0.9472767 189.3 
  0.9340372 187.4211 
  0.9751865 185.5609 
  0.9993167 184.6377 
  0.9980811 183.7191 
  0.9926264 181.8956 
  0.9859666 180.0902 
  0.9570853 179.1942 
  0.938969 178.3027 
  0.9473859 176.533 
  0.9724699 174.7808 
  0.9832335 173.9112 
  0.9562076 173.9112 
  0.8127663 175.6547 
  0.4318712 178.3027 
  0.2727312 181.8956 
  0.1527663 185.5609 
  0.1247067 188.3582 
  -0.2736818 191.1978 
  -0.3588681 194.0801 
  -0.238087 197.0059 
  0.09957702 199.9758 
  0.3840863 202.9904 
  0.2073869 206.0505 
  -0.1331158 210.2025 
  -0.1790487 214.4382 
  -0.0656907 218.7592 
  0.7353663 215.5104 
  0.8000503 211.2535 
  0.8944501 207.0808 
  0.9408841 201.9805 
  0.9600783 197.9909 
  0.9858866 196.0257 
  0.9945293 195.0505 
  0.996722 194.0801 
  0.9986387 194.0801 
  0.9985749 194.0801 
  0.998806 194.0801 
  0.9973246 194.0801 
  0.9945507 195.0505 
  0.9870505 195.0505 
  0.9747314 195.0505 
  0.9689059 195.0505 
  0.9859937 195.0505 
  0.9943056 195.0505 
  0.9915242 195.0505 
  0.981592 194.0801 
  0.9522966 194.0801 
  0.8740765 194.0801 
  0.8005435 194.0801 
  0.4419008 194.0801 
  0.07983141 195.0505 
  0.03380661 195.0505 
  0.08785781 195.0505 
  0.06680665 195.0505 
  0.02049787 195.0505 
  0.0424893 196.0257 
  0.300944 197.9909 
  0.7879603 196.0257 
  0.8998187 193.1145 
  0.9660554 191.1978 
  0.9534643 187.4211 
  0.955891 184.6377 
  0.9928964 181.8956 
  0.9948694 180.9906 
  0.9838001 179.1942 
  0.9473362 177.4156 
  0.85179 173.046 
  0.8301474 167.1087 
  0.9358665 162.182 
  0.9821835 159.7734 
  0.9881929 158.9785 
  0.9814048 158.9785 
  0.9498691 160.5723 
  0.9506233 162.182 
  0.8301599 163.8079 
  0.8673204 165.4501 
  0.8732055 166.2773 
  0.9105986 167.1087 
  0.9157919 167.1087 
  0.8015777 167.1087 
  0.5712048 167.1087 
  0.3950028 167.1087 
  0.4645783 167.1087 
  0.392634 167.1087 
  0.3777798 167.1087 
  0.2059518 167.1087 ]
