 [
  -0.168285 108.8223 
  0.05503638 108.8223 
  -0.05075992 108.8223 
  0.08372398 108.8223 
  -0.07888693 108.8223 
  -0.3811431 108.8223 
  -0.1853486 108.8223 
  -0.07348553 108.8223 
  0.1681421 108.8223 
  0.1741302 108.8223 
  0.1659336 108.8223 
  0.4055753 108.8223 
  0.0004672157 108.8223 
  0.2371364 108.8223 
  0.06394158 108.8223 
  0.799369 108.8223 
  0.5230888 104.5657 
  0.7225899 103.0128 
  0.9368325 100.978 
  0.9377712 99.47836 
  0.9309434 98.00098 
  0.765942 97.02828 
  0.551724 96.06523 
  -0.1961543 97.02828 
  0.6698411 98.00098 
  0.2877884 98.98344 
  -0.06012221 100.4756 
  -0.2374381 101.9903 
  -0.008006914 103.5278 
  0.2921784 105.0885 
  0.6746293 109.9132 
  0.4590375 102.5003 
  0.846782 103.0128 
  0.928936 103.5278 
  0.9295362 104.5657 
  0.9341484 105.614 
  0.9478011 106.6728 
  0.9526454 107.7421 
  0.8171155 108.8223 
  0.767374 111.0151 
  0.9353229 112.6886 
  0.8827385 113.8184 
  0.8110617 115.5342 
  0.8109218 117.8622 
  0.7956724 120.8384 
  0.8789564 122.6601 
  0.8128427 122.6601 
  0.6962926 122.0498 
  -0.1374796 124.5092 
  0.1343467 127.0181 
  0.01358348 129.5776 
  -0.008895372 132.1886 
  -0.02753312 134.8523 
  -0.010471 137.5696 
  0.05708912 140.3417 
  0.02662935 143.1697 
  0.04524035 145.328 
  0.01774057 148.2564 
  0.7156765 150.4914 
  0.6680393 143.1697 
  0.8278145 141.0434 
  0.9787576 141.0434 
  0.9867462 142.4574 
  0.9959849 143.1697 
  0.9928933 143.1697 
  0.9887776 143.1697 
  0.9790683 142.4574 
  0.9836099 141.7487 
  0.9783701 141.0434 
  0.9362071 139.6435 
  0.8775697 137.5696 
  0.8958881 133.5138 
  0.8697507 128.9329 
  0.8414103 124.5092 
  0.7574174 120.2372 
  0.7505741 116.1118 
  0.6854079 112.128 
  0.7412894 108.2809 
  0.8234738 105.614 
  0.8375493 102.5003 
  0.755646 99.97575 
  0.7313818 96.06523 
  0.773249 92.30766 
  0.6536767 90.03418 
  0.5623891 89.14054 
  0.1186833 89.14054 
  -0.1344341 89.58624 
  0.1327092 90.48434 
  0.5893428 91.84841 
  0.8063383 94.1677 
  0.7217947 98.00098 
  0.8578526 99.97575 
  0.9714544 100.978 
  0.9049456 101.9903 
  0.8915424 101.9903 
  0.8414906 101.9903 
  0.9382149 100.978 
  0.921739 99.97575 
  0.897729 99.47836 
  0.9416876 99.47836 
  0.9863201 99.47836 
  0.981493 98.98344 
  0.9397311 98.491 
  0.8469784 98.491 
  0.8114809 97.51342 
  0.829304 96.54556 
  0.9781311 95.5873 
  0.9920133 95.11173 
  0.9929578 95.11173 
  0.994489 95.11173 
  0.9921807 95.11173 
  0.9969185 95.5873 
  0.9958926 95.5873 
  0.9904464 96.06523 
  0.9935683 96.54556 
  0.982165 97.02828 
  0.9892749 97.02828 
  0.9826502 97.51342 
  0.9920793 98.00098 
  0.9892412 98.491 
  0.9896879 98.98344 
  0.9836763 99.47836 
  0.9847326 100.4756 
  0.9680555 101.4829 
  0.984888 101.9903 
  0.9856994 101.9903 
  0.9855004 102.5003 
  0.9894706 103.0128 
  0.9871584 103.5278 
  0.9679832 103.5278 
  0.9708004 104.5657 
  0.973594 105.614 
  0.9384202 105.614 
  0.8416157 105.614 
  0.6597345 105.614 
  0.708585 108.2809 
  0.9545799 110.4628 
  0.9808006 111.5702 
  0.8831137 111.5702 
  0.9042613 111.0151 
  0.9527591 110.4628 
  0.9816632 111.0151 
  0.9866679 111.5702 
  0.9817106 112.128 
  0.9653299 112.128 
  0.9661362 112.128 
  0.9697492 112.128 
  0.9759224 112.128 
  0.8894333 112.128 
  0.815988 111.0151 
  0.8150571 112.128 
  0.9844745 114.3874 
  0.9810082 115.5342 
  0.9073941 116.6924 
  0.910889 118.4515 
  0.9062301 117.8622 
  0.9511383 116.6924 
  0.9906589 116.6924 
  0.9824472 116.6924 
  0.9710727 116.1118 
  0.963195 116.1118 
  0.939106 115.5342 
  0.8775083 114.3874 
  0.7138753 113.2521 
  -0.3027958 112.128 
  -0.05088561 111.0151 
  0.09339242 109.3664 
  -0.004527526 107.7421 
  -0.01028811 106.142 
  0.07187723 104.5657 
  0.1970129 103.5278 
  0.1090212 102.5003 
  0.07973725 101.4829 
  0.06891809 100.4756 
  -0.1842185 99.47836 
  0.07017826 98.98344 
  -0.04234773 98.491 
  -0.1911965 98.00098 
  0.7277222 97.51342 
  0.7971865 96.54556 
  0.9204437 96.06523 
  0.9782404 95.5873 
  0.8461795 95.11173 
  0.7417032 95.11173 
  0.4593555 94.63854 
  0.2248349 95.5873 
  -0.527364 96.54556 
  -0.2458595 97.51342 
  0.06828681 98.491 
  0.03974912 99.47836 
  -0.118317 100.4756 
  -0.1614131 101.4829 
  -0.1156743 102.5003 
  -0.1405308 103.0128 
  -0.0944045 103.5278 
  0.6194373 105.0885 
  0.5280474 104.5657 
  0.6916177 104.5657 
  0.6862502 101.9903 
  -0.1148463 101.9903 
  0.2015601 101.9903 
  0.1683072 101.9903 
  -0.1153356 101.9903 
  -0.003929691 101.9903 
  0.0260868 101.9903 
  -0.147839 101.9903 
  -0.03413441 101.9903 
  0.2335573 101.9903 
  0.2647031 101.9903 
  0.7366101 102.5003 
  0.9587291 101.9903 
  0.983374 101.4829 
  0.9873341 101.4829 
  0.9793491 100.978 
  0.9582123 99.97575 
  0.9566127 98.491 
  0.8942974 96.54556 
  0.9618649 94.63854 
  0.9232808 93.23304 
  0.9544104 91.39146 
  0.9800662 90.48434 
  0.9661676 90.03418 
  0.9119971 89.14054 
  0.8752642 87.8167 
  0.8115244 86.51251 
  0.01311454 86.0821 
  0.09713791 85.65383 
  -0.1709987 85.2277 
  0.05193671 84.80367 
  0.06415699 84.38177 
  0.1052619 83.96195 
  0.001907455 83.54424 
  -0.1454943 83.12859 
  -0.0220038 82.71502 
  -0.1646335 82.3035 
  -0.03476272 81.89403 
  -0.1195251 81.4866 
  0.01735114 81.08118 
  0.08849734 80.6778 
  0.4430979 80.6778 
  0.7782001 80.6778 
  0.6751078 79.87703 
  0.6857907 79.08421 
  0.3701178 78.69076 
  0.3361217 78.69076 
  0.4305847 78.69076 
  0.4976834 78.69076 
  0.3206662 78.69076 
  0.4567175 78.69076 
  0.3005134 78.69076 
  0.02495703 78.69076 
  0.001885736 78.69076 
  -0.00887681 78.69076 
  0.05142652 78.69076 
  0.06563246 78.69076 
  -0.002832147 78.69076 
  -0.01340124 78.69076 
  -0.1088565 78.69076 
  0.05977943 78.69076 
  -0.105464 78.69076 
  -0.0940093 78.69076 
  -0.02604938 78.69076 
  -0.3497271 78.69076 
  -0.1720995 78.69076 
  -0.02586589 78.69076 
  -0.003162615 78.69076 
  -0.4022057 78.69076 
  -0.05199303 78.69076 
  -0.1609634 78.69076 
  -0.03073758 78.69076 
  0.00017926 78.69076 
  -0.06916869 78.69076 
  -0.03824624 78.69076 
  0.009084483 78.69076 
  -0.08901832 78.69076 
  -0.1830498 78.69076 ]
