 [
  -0.2054664 173.046 
  -0.05440133 173.046 
  -0.1866801 173.046 
  -0.182069 173.046 
  -0.09953975 173.046 
  -0.102865 173.046 
  -0.1490794 173.046 
  -0.2810164 173.046 
  -0.06893138 173.046 
  -0.01055485 173.046 
  0.09163268 173.046 
  0.07134902 173.046 
  0.2072795 173.046 
  0.2043736 173.046 
  0.3974522 173.046 
  0.1528205 173.046 
  0.2552878 173.046 
  0.5691258 173.046 
  0.5259269 167.9442 
  0.4439097 159.7734 
  0.4600269 143.1697 
  0.6549347 146.0546 
  0.9219777 146.7849 
  0.9458404 148.2564 
  0.949129 148.9977 
  0.9542216 149.7427 
  0.9537542 150.4914 
  0.9845967 151.2439 
  0.9884813 152.0001 
  0.9820901 152.7601 
  0.9845341 154.2915 
  0.9857023 155.063 
  0.9541181 155.063 
  0.9396198 152.7601 
  0.9088454 150.4914 
  0.9233748 148.2564 
  0.9799102 146.7849 
  0.9633899 145.328 
  0.9503204 143.8855 
  0.9455021 143.8855 
  0.9295796 143.1697 
  0.9511392 142.4574 
  0.9616119 142.4574 
  0.9590483 142.4574 
  0.9082121 143.8855 
  0.7797238 143.1697 
  0.2189835 143.1697 
  0.8256912 145.328 
  0.8065495 141.7487 
  0.8398296 140.3417 
  0.8480672 138.9488 
  0.8267329 136.2042 
  0.4300976 134.1814 
  0.9780591 132.8496 
  0.959255 130.8766 
  0.957592 129.5776 
  0.9765536 128.2915 
  0.3823425 127.0181 
  0.6143249 125.7574 
  0.8113967 125.1317 
  0.9441432 124.5092 
  0.9437972 123.8897 
  0.9457499 123.2734 
  0.9502817 123.2734 
  0.9564488 123.8897 
  0.9492612 123.8897 
  0.926653 123.8897 
  0.9384267 124.5092 
  0.9479021 123.8897 
  0.9333142 124.5092 
  0.9259592 124.5092 
  0.9234881 124.5092 
  0.8987311 124.5092 
  0.9079464 123.8897 
  0.9131488 123.2734 
  0.8661257 122.0498 
  0.5480267 122.0498 
  0.185376 122.0498 
  0.008318591 122.0498 
  0.05345745 122.0498 
  0.0611004 122.0498 
  0.03050796 122.0498 
  0.1460796 122.0498 
  0.2186257 122.0498 
  0.357712 120.8384 
  0.3415286 118.4515 
  0.1605251 117.2759 
  0.0887025 120.8384 
  0.1944167 122.6601 
  0.1239127 126.3862 
  0.3426673 128.2915 
  0.3567657 131.531 
  0.5071574 136.8852 
  0.7413609 135.5266 
  0.8199273 134.8523 
  0.9296244 134.1814 
  0.938082 135.5266 
  0.9271472 136.8852 
  0.9542899 136.8852 
  0.9436907 136.2042 
  0.9535612 135.5266 
  0.9501328 136.8852 
  0.9708253 138.2575 
  0.9672705 138.9488 
  0.9495423 138.9488 
  0.9112994 137.5696 
  0.9126097 135.5266 
  0.8882169 133.5138 
  0.7754979 132.8496 
  0.7756972 134.1814 
  -0.5719302 136.2042 
  -0.2088531 137.5696 
  -0.006460361 138.9488 
  0.06217937 141.0434 
  -0.02342608 143.1697 
  -0.1645751 145.328 
  -0.1458896 147.5188 
  -0.1069872 149.7427 
  0.3777742 152.0001 
  0.6851169 154.2915 
  0.7388792 152.0001 
  0.5211908 147.5188 
  0.5100123 141.7487 
  0.7273939 137.5696 
  0.8166353 134.1814 
  0.9488578 132.1886 
  0.8494403 130.2255 
  0.9147629 128.2915 
  0.9181344 126.3862 
  0.831545 125.7574 
  0.6911957 125.1317 
  0.1993967 121.4426 
  0.2231283 120.2372 
  0.2039694 119.0438 
  0.2460862 119.639 
  0.007335679 120.8384 
  0.07333645 122.0498 
  0.02881705 123.2734 
  0.2144961 123.8897 
  0.3912469 124.5092 
  0.3002578 125.1317 
  0.01864515 125.7574 
  0.02489208 126.3862 
  -0.01310087 127.0181 
  0.04841287 127.6532 
  0.1132843 128.2915 
  0.05323181 128.9329 
  0.0266158 129.5776 
  -0.2941532 130.2255 
  -0.3682764 130.8766 
  -0.1755713 131.531 
  0.5502837 132.1886 
  0.7033426 132.8496 
  0.8228551 132.1886 
  0.7973691 129.5776 
  0.6246291 127.6532 
  0.8781404 126.3862 
  0.9497428 125.1317 
  0.9712616 123.8897 
  0.9704483 122.6601 
  0.9704033 121.4426 
  0.9799944 120.2372 
  0.522122 119.0438 
  0.4943059 117.2759 
  0.7577824 116.6924 
  0.4983996 117.2759 
  0.5498948 117.8622 
  0.6196862 119.0438 
  0.7693986 119.0438 
  0.6058738 120.2372 
  0.579216 117.8622 
  0.5191401 121.4426 
  0.600673 119.0438 
  0.7981444 120.2372 
  0.9515787 119.0438 
  0.8832153 119.0438 
  0.8530242 119.0438 
  0.8829853 120.2372 
  0.8611021 118.4515 
  0.8349171 119.0438 
  0.8604702 119.639 
  0.9382523 118.4515 
  0.8504809 119.639 
  0.7695302 119.639 
  0.7804312 121.4426 
  0.6544996 121.4426 
  0.8401604 120.2372 
  0.461125 119.639 
  0.5433571 119.639 
  0.02286138 119.639 
  0.03566221 119.639 
  0.02042266 119.0438 
  0.1268363 118.4515 
  -0.008585307 117.8622 
  0.1701902 117.2759 
  0.55426 117.2759 
  0.9273726 117.2759 
  0.9408359 117.8622 
  0.835922 119.0438 
  0.4606827 120.8384 
  0.4084459 122.6601 
  -0.1069715 124.5092 
  -0.1885483 127.0181 
  0.1870614 129.5776 
  0.4214585 131.531 
  0.1161076 133.5138 
  -0.08480296 135.5266 
  -0.03025215 137.5696 
  0.01095653 139.6435 
  0.1231795 141.7487 
  0.05373857 143.8855 
  -0.1265076 146.0546 
  -0.1507274 148.2564 
  -0.1059375 150.4914 
  0.2761523 152.7601 
  0.4335253 155.063 
  0.4171172 155.8383 
  0.2178767 154.2915 
  0.2456947 152.7601 
  0.3674114 151.2439 
  0.4211252 149.7427 
  0.2835105 149.7427 
  0.1111009 149.7427 
  0.2492007 149.7427 
  -0.1102307 149.7427 
  0.05642869 149.7427 
  -0.02169115 149.7427 
  -0.09280436 149.7427 
  -0.2295343 149.7427 
  0.05730015 149.7427 
  0.2247268 149.7427 
  -0.04584357 149.7427 
  0.1167813 149.7427 
  0.07889355 149.7427 
  0.04768387 149.7427 
  0.007145449 149.7427 ]
