 [
  0.3375096 112.6886 
  -0.008315396 112.6886 
  0.2349488 112.6886 
  0.2278374 112.6886 
  0.04145467 112.6886 
  -0.02234209 112.6886 
  -0.2244995 112.6886 
  -0.06599011 112.6886 
  0.03972004 112.6886 
  0.2095535 112.6886 
  -0.1654407 112.6886 
  -0.07043096 112.6886 
  0.3447615 112.6886 
  0.2608182 112.6886 
  0.4787695 113.2521 
  0.5706005 114.3874 
  0.7091383 115.5342 
  0.6832862 116.6924 
  0.6846945 115.5342 
  0.8168858 113.2521 
  0.940752 111.0151 
  0.9697801 109.9132 
  0.9947653 109.3664 
  0.9416419 111.0151 
  0.9177796 113.2521 
  0.9242467 115.5342 
  0.9197431 117.8622 
  0.9210317 120.2372 
  0.8707052 122.6601 
  0.9134493 123.2734 
  0.8805168 124.5092 
  0.681151 127.6532 
  0.7521825 131.531 
  0.6809761 134.8523 
  0.7081937 138.9488 
  0.8175154 142.4574 
  0.8620412 146.0546 
  0.9399296 148.2564 
  0.9443634 150.4914 
  0.9401834 152.0001 
  0.9827164 153.5239 
  0.9848562 152.7601 
  0.9751883 152.0001 
  0.9651681 150.4914 
  0.9292198 148.2564 
  0.9096411 146.0546 
  0.915668 143.1697 
  0.9681861 141.7487 
  0.9615699 142.4574 
  0.9621584 143.8855 
  0.9717209 145.328 
  0.9643112 146.7849 
  0.9666665 148.2564 
  0.9776233 149.7427 
  0.9558291 150.4914 
  0.9027239 152.0001 
  0.8556703 153.5239 
  0.7141647 152.7601 
  0.843097 148.9977 
  0.9515778 148.9977 
  0.9428255 150.4914 
  0.8801363 152.0001 
  0.8757258 155.063 
  0.9221718 155.063 
  0.9331625 155.8383 
  0.9505786 155.8383 
  0.9207094 152.7601 
  0.9219301 149.7427 
  0.8134503 145.328 
  0.8455831 140.3417 
  0.7394651 136.2042 
  0.5942402 128.9329 
  0.7062283 123.8897 
  0.6391156 119.639 
  0.532248 116.1118 
  0.6172585 108.2809 
  0.6676654 105.0885 
  0.3784827 106.142 
  0.2275693 107.7421 
  0.3012538 108.8223 
  0.1950807 109.9132 
  0.2352845 111.0151 
  0.130204 112.128 
  0.1484527 113.8184 
  0.02692425 115.5342 
  -0.1681534 117.2759 
  -0.002496046 119.0438 
  0.07759655 120.8384 
  0.08160786 122.6601 
  0.1157949 124.5092 
  -0.1984149 127.0181 
  -0.03405738 129.5776 
  0.8123094 132.1886 
  0.6598505 124.5092 
  0.818478 123.8897 
  0.8814222 122.6601 
  0.8842046 121.4426 
  0.9545114 120.8384 
  0.9769989 120.2372 
  0.9873326 120.8384 
  0.9826067 121.4426 
  0.9688261 122.0498 
  0.9323564 123.2734 
  0.9021005 123.8897 
  0.8279267 124.5092 
  0.7453739 121.4426 
  0.6429871 121.4426 
  0.8329678 122.6601 
  0.8390998 125.1317 
  0.8455595 129.5776 
  0.8834483 132.1886 
  0.9535934 133.5138 
  0.9877834 134.1814 
  0.993454 134.8523 
  0.9926952 134.8523 
  0.9721849 134.1814 
  0.9486175 133.5138 
  0.9301137 132.1886 
  0.851254 128.9329 
  0.9100574 125.7574 
  0.9483057 123.8897 
  0.9325253 122.0498 
  0.9100661 119.639 
  0.8628291 115.5342 
  0.8776028 112.6886 
  0.6882166 112.128 
  -0.1241803 113.2521 
  -0.02001617 113.8184 
  0.4214225 114.3874 
  0.2943562 114.9594 
  -0.2105646 116.1118 
  -0.1514156 117.2759 
  -0.1775216 118.4515 
  -0.1496355 119.639 
  0.05611944 120.8384 
  -0.04715601 122.0498 
  -0.05156431 123.2734 
  -0.0234406 123.8897 
  0.06647557 124.5092 
  0.3446847 120.8384 
  0.4414004 117.8622 
  0.6904376 117.2759 
  0.9836742 115.5342 
  0.9928294 116.1118 
  0.9437764 117.2759 
  0.9293245 119.0438 
  0.9521227 120.2372 
  0.8651559 120.8384 
  0.7415349 122.0498 
  0.6946521 126.3862 
  0.9871864 128.2915 
  0.9918113 128.9329 
  0.99432 129.5776 
  0.9875613 129.5776 
  0.8980912 129.5776 
  0.7031162 130.8766 
  0.8435062 132.8496 
  0.8428036 134.8523 
  0.9515705 136.2042 
  0.9768428 136.2042 
  0.9941239 136.2042 
  0.9940112 136.2042 
  0.992324 136.2042 
  0.9936966 135.5266 
  0.9939787 135.5266 
  0.9910042 134.8523 
  0.9758639 133.5138 
  0.9310769 130.8766 
  0.9363883 128.9329 
  0.9206871 127.6532 
  0.7790057 125.1317 
  0.768347 122.0498 
  0.8824388 119.0438 
  0.9237731 117.8622 
  0.9419115 116.6924 
  0.8966545 114.9594 
  0.9508742 114.3874 
  0.9391124 114.3874 
  0.8349332 116.6924 
  0.8442594 118.4515 
  0.8588057 120.2372 
  0.8728393 121.4426 
  0.8819267 122.6601 
  0.1916045 115.5342 
  0.09973298 108.8223 
  -0.0454419 102.5003 
  -0.004798181 96.54556 
  0.04045431 90.93677 
  0.04479701 85.65383 
  0.01286482 80.6778 
  0.01522524 75.99085 
  0.2145015 71.57619 
  0.002480304 67.41799 
  0.4477797 62.5583 
  0.2083645 61.62923 
  0.1798861 62.24707 
  0.5666794 61.32262 
  0.8832739 61.01753 
  0.8154353 60.71396 
  0.4415489 59.81229 
  0.7312464 58.0489 
  0.7821907 57.47274 
  0.8133918 57.1868 
  0.8761787 56.90229 
  0.870119 56.90229 
  0.7982147 57.1868 
  0.8057808 57.7601 
  0.8017612 58.0489 
  0.6824682 58.63084 
  0.6433825 59.51471 
  0.7817848 61.01753 
  0.8859946 61.93738 
  0.9314272 62.24707 
  0.9555649 62.87109 
  0.954227 63.18545 
  0.9612618 63.81888 
  0.9660385 64.13797 
  0.8486018 64.13797 
  0.3797712 65.43038 
  -0.3615233 68.43433 
  0.6364135 71.57619 
  0.1984629 74.48985 
  0.05014867 77.5221 
  -0.01626882 80.6778 
  0.1028162 83.96195 
  0.2555592 87.3798 
  -0.01423678 90.93677 
  -0.2277601 94.63854 
  0.3368728 98.491 
  0.500396 102.5003 
  0.1115851 106.6728 
  0.5131325 111.5702 
  0.8659932 114.3874 
  0.9490298 114.3874 
  0.9644716 114.3874 
  0.9592254 114.9594 
  0.9604318 115.5342 
  0.9800627 117.2759 
  0.9704474 118.4515 
  0.9044718 118.4515 
  0.7900767 119.0438 
  0.7148349 122.6601 
  0.9310154 126.3862 
  0.9199429 128.2915 
  0.9467196 128.9329 
  0.9757763 129.5776 
  0.9712579 130.2255 
  0.979318 131.531 
  0.9876733 132.1886 
  0.9703847 131.531 
  0.9616618 130.8766 
  0.9796571 129.5776 
  0.9680648 129.5776 
  0.9324309 129.5776 
  0.8735555 128.9329 
  0.8552598 128.2915 
  0.7301674 128.2915 
  0.6200088 128.2915 
  0.2975158 128.2915 
  0.2338226 128.2915 
  0.03227329 128.2915 
  -0.1067788 128.2915 
  0.06320251 128.2915 
  0.1964583 128.2915 
  0.3381298 128.2915 
  0.1071447 128.2915 
  -0.2851763 128.2915 
  -0.005284883 128.2915 
  -0.2344167 128.2915 
  0.06399487 128.2915 
  -0.110864 128.2915 
  -0.1272247 128.2915 
  -0.2184501 128.2915 
  -0.3698431 128.2915 
  -0.2593657 128.2915 
  -0.1297876 128.2915 
  -0.15684 128.2915 
  0.03726356 128.2915 
  -0.04455426 128.2915 
  -0.09112062 128.2915 
  -0.3165015 128.2915 
  -0.3169938 128.2915 
  -0.22488 128.2915 
  -0.0655084 128.2915 
  0.1022365 128.2915 
  -0.04551671 128.2915 
  -0.09889586 128.2915 
  -0.1103229 128.2915 
  -0.01849436 128.2915 
  -0.1151168 128.2915 
  -0.09630173 128.2915 
  -0.2056802 128.2915 
  -0.04358835 128.2915 
  0.03170005 128.2915 ]
