 [
  -0.172314 186.4887 
  -0.01329891 186.4887 
  0.02482915 186.4887 
  -0.0652796 186.4887 
  -0.3526228 186.4887 
  -0.3247705 186.4887 
  -0.175743 186.4887 
  -0.07509828 186.4887 
  -0.3410662 186.4887 
  0.4247294 186.4887 
  0.4396119 186.4887 
  0.1933538 186.4887 
  0.312178 186.4887 
  -0.003246345 186.4887 
  0.1291244 182.8051 
  0.2178988 187.4211 
  0.2719905 200.9756 
  0.6209035 206.0505 
  0.9301796 205.0254 
  0.9884688 204.0054 
  0.9882299 204.0054 
  0.9887019 205.0254 
  0.9896789 206.0505 
  0.9940883 207.0808 
  0.996354 207.0808 
  0.9987318 208.1162 
  0.9973457 209.1568 
  0.9977787 210.2025 
  0.9986104 211.2535 
  0.9977706 212.3098 
  0.9983889 213.3714 
  1.000093 213.3714 
  0.9998378 214.4382 
  1.000056 213.3714 
  0.9983911 212.3098 
  0.9984167 211.2535 
  0.9992175 210.2025 
  0.9984782 209.1568 
  0.9986442 209.1568 
  0.9969922 209.1568 
  0.9977804 210.2025 
  0.9949054 211.2535 
  0.9940746 211.2535 
  0.9941593 211.2535 
  0.9943746 211.2535 
  0.9941093 211.2535 
  0.9916784 212.3098 
  0.9787229 212.3098 
  0.9753082 210.2025 
  0.9806718 207.0808 
  0.983402 207.0808 
  0.974889 208.1162 
  0.9781849 209.1568 
  0.9848711 211.2535 
  0.9869728 213.3714 
  0.983413 216.5879 
  0.9671065 218.7592 
  0.9810395 220.9523 
  0.9945703 222.057 
  0.9903591 220.9523 
  0.9853719 219.853 
  0.9852728 218.7592 
  0.9897088 217.6709 
  0.99325 218.7592 
  0.9971387 218.7592 
  0.9956696 218.7592 
  0.9907864 217.6709 
  0.9875148 215.5104 
  0.9882792 213.3714 
  0.9922767 211.2535 
  0.9952579 210.2025 
  0.9951432 210.2025 
  0.9869291 209.1568 
  0.9818084 209.1568 
  0.9855011 208.1162 
  0.9910246 208.1162 
  0.9894253 208.1162 
  0.9904016 208.1162 
  0.9910516 209.1568 
  0.9883956 208.1162 
  0.9776126 207.0808 
  0.9550097 204.0054 
  0.8483363 202.9904 
  0.3186532 202.9904 
  -0.04852489 202.9904 
  -0.0123292 202.9904 
  -0.141784 202.9904 
  -0.08182779 202.9904 
  -0.2645817 202.9904 
  -0.1670193 202.9904 
  -0.1795307 202.9904 
  -0.03697156 202.9904 
  -0.067403 202.9904 
  0.01949409 202.9904 
  0.07138511 202.9904 
  0.0711967 202.9904 
  0.0765815 204.0054 
  -0.2845938 205.0254 
  0.6869653 199.9758 
  0.7526754 197.9909 
  0.8347711 196.0257 
  0.5874318 192.1537 
  0.08648068 193.1145 
  0.1991393 204.0054 
  0.3635211 205.0254 
  0.2264498 212.3098 
  0.3298725 206.0505 
  0.5422301 200.9756 
  0.8967358 198.9809 
  0.9697564 195.0505 
  0.9688697 194.0801 
  0.9612418 193.1145 
  0.929119 192.1537 
  0.9196581 191.1978 
  0.8463612 190.2465 
  0.9937981 191.1978 
  0.9929855 191.1978 
  0.9947485 192.1537 
  0.9905624 193.1145 
  0.9884733 194.0801 
  0.7848715 195.0505 
  0.9020782 195.0505 
  0.9411019 195.0505 
  0.9926877 195.0505 
  0.9935385 195.0505 
  0.9954287 195.0505 
  0.9947025 194.0801 
  0.9969454 194.0801 
  0.994561 194.0801 
  0.9983166 194.0801 
  0.9911005 193.1145 
  0.9984425 193.1145 
  0.9740939 192.1537 
  0.980571 192.1537 
  0.9926137 192.1537 
  0.9877651 191.1978 
  0.9900727 190.2465 
  0.9787664 190.2465 
  0.9775513 190.2465 
  0.9768749 190.2465 
  0.9881158 189.3 
  0.978397 189.3 
  0.9778307 188.3582 
  0.9741282 188.3582 
  0.9579313 187.4211 
  0.8478191 188.3582 
  0.2204241 189.3 
  -0.2374611 190.2465 
  -0.2241387 191.1978 
  -0.277851 192.1537 
  0.02616373 193.1145 
  -0.1605208 194.0801 
  0.2422349 195.0505 
  0.3011304 196.0257 
  -0.07329647 197.0059 
  -0.08798533 197.9909 
  0.02160435 198.9809 
  0.08665948 199.9758 
  -0.3285646 200.9756 
  -0.1495033 201.9805 
  -0.06948262 202.9904 
  0.1431071 204.0054 
  0.1505988 205.0254 
  0.102707 207.0808 
  0.2691463 209.1568 
  0.4131835 211.2535 
  0.674715 205.0254 
  0.7930518 199.9758 
  0.9826307 196.0257 
  0.9789436 194.0801 
  0.9917439 192.1537 
  0.9931296 190.2465 
  0.9928492 189.3 
  0.9879701 188.3582 
  0.977911 187.4211 
  0.9787295 185.5609 
  0.9514223 184.6377 
  0.9436557 182.8051 
  0.9175195 181.8956 
  0.8951051 181.8956 
  0.8870786 182.8051 
  0.6205307 182.8051 
  0.260419 183.7191 
  0.06115886 184.6377 
  0.114172 183.7191 
  -0.2524589 182.8051 
  -0.1403111 182.8051 
  0.5028737 182.8051 
  0.03141724 182.8051 
  -0.03298 182.8051 
  0.1549431 182.8051 
  0.1907199 182.8051 
  0.002145311 182.8051 
  -0.09392279 182.8051 
  0.1148287 182.8051 
  0.03565713 182.8051 
  0.05839698 182.8051 
  0.07365262 182.8051 ]
