 [
  -0.05005008 113.2521 
  0.1534965 113.2521 
  0.2196583 113.2521 
  0.2644956 113.2521 
  0.2940685 113.2521 
  0.1016685 113.2521 
  0.07464112 113.2521 
  0.1705961 113.2521 
  0.03302249 113.2521 
  -0.2262395 113.2521 
  0.2684071 113.2521 
  0.03975944 113.2521 
  0.09543699 113.2521 
  -0.06364691 113.2521 
  0.7243658 113.2521 
  0.8100432 111.0151 
  0.8731967 109.9132 
  0.9463137 108.2809 
  0.9500412 106.6728 
  0.94621 104.5657 
  0.8559237 102.5003 
  0.6183401 101.4829 
  0.08045025 102.5003 
  0.1452384 104.0455 
  0.1953394 105.614 
  0.1010032 107.2061 
  -0.2276712 108.8223 
  0.1464328 110.4628 
  0.241337 112.128 
  0.2964104 113.8184 
  0.2852708 116.1118 
  0.1051948 118.4515 
  -0.06354071 122.0498 
  -0.03032133 125.1317 
  -0.0759315 127.6532 
  0.4605814 129.5776 
  0.722487 130.8766 
  0.8332164 132.8496 
  0.7858145 134.8523 
  0.872341 138.2575 
  0.9724605 141.7487 
  0.9561679 143.1697 
  0.9214284 144.605 
  0.8842559 146.7849 
  0.7576953 148.9977 
  0.9658417 151.2439 
  0.9757873 152.7601 
  0.9861801 154.2915 
  0.9942198 155.8383 
  0.9847723 156.6175 
  0.9340474 158.1876 
  0.546591 159.7734 
  0.3814942 161.3751 
  0.8764538 162.9929 
  0.9284442 162.182 
  0.9813419 161.3751 
  0.9911121 159.7734 
  0.9904964 158.9785 
  0.9881469 157.4006 
  0.9786131 155.063 
  0.9723433 152.7601 
  0.9648514 150.4914 
  0.9709594 148.9977 
  0.9789236 146.7849 
  0.9614353 146.0546 
  0.915392 145.328 
  0.8877798 142.4574 
  0.9107249 141.0434 
  0.9240409 139.6435 
  0.935381 138.9488 
  0.9569215 137.5696 
  0.9781981 136.8852 
  0.968495 136.8852 
  0.9769882 136.2042 
  0.9661256 136.8852 
  0.9709496 137.5696 
  0.9674288 137.5696 
  0.9665673 137.5696 
  0.9582518 136.8852 
  0.9588891 136.8852 
  0.9556397 137.5696 
  0.9648945 137.5696 
  0.9532074 137.5696 
  0.9078634 137.5696 
  0.9129632 137.5696 
  0.7304181 135.5266 
  0.9519405 134.1814 
  0.8729659 133.5138 
  0.8660626 132.8496 
  0.9577806 132.8496 
  0.9607182 134.1814 
  0.978545 135.5266 
  0.9899634 136.2042 
  0.9778186 135.5266 
  0.9725551 136.8852 
  0.9123658 136.2042 
  0.8903506 134.1814 
  0.9319503 133.5138 
  0.9166749 133.5138 
  0.8969632 132.8496 
  0.915132 131.531 
  0.9313521 131.531 
  0.9569602 131.531 
  0.978795 132.1886 
  0.9752603 132.8496 
  0.9676249 133.5138 
  0.9349502 133.5138 
  0.9229907 133.5138 
  0.977685 134.8523 
  0.9895968 134.8523 
  0.9830292 134.8523 
  0.9711221 134.1814 
  0.9717076 134.8523 
  0.9621733 134.1814 
  0.9568211 134.1814 
  0.9485406 134.1814 
  0.9286633 134.8523 
  0.9172353 134.8523 
  0.8682129 134.1814 
  0.7781944 134.1814 
  0.9350041 134.1814 
  0.9664381 134.1814 
  0.911504 134.1814 
  0.8276556 134.1814 
  0.7580777 134.1814 
  0.7427154 134.8523 
  0.8646812 135.5266 
  0.9619045 136.2042 
  0.9894942 136.8852 
  0.9909881 137.5696 
  0.9891858 138.2575 
  0.9944342 139.6435 
  0.9962538 140.3417 
  0.9950626 141.0434 
  0.996219 141.7487 
  0.9976691 142.4574 
  0.9950851 142.4574 
  0.9783908 141.7487 
  0.9526622 142.4574 
  0.87761 142.4574 
  0.6987244 140.3417 
  0.2386329 134.1814 
  0.2538606 129.5776 
  0.3354401 130.2255 
  0.5737756 132.8496 
  0.06214013 132.1886 
  -0.1525975 128.9329 
  0.3959818 125.7574 
  -0.01335547 122.6601 
  0.01417952 119.639 
  -0.1058843 116.6924 
  -0.004200713 113.8184 
  0.1520667 111.5702 
  0.01224344 111.0151 
  0.09131958 110.4628 
  0.7020889 111.0151 
  0.5700915 113.8184 
  0.7770963 113.8184 
  0.9267898 114.9594 
  0.9492325 115.5342 
  0.9747908 116.1118 
  0.8733837 117.2759 
  0.8601758 119.0438 
  0.9535207 120.2372 
  0.9400603 121.4426 
  0.8991027 122.0498 
  0.833555 122.0498 
  0.9784632 123.2734 
  0.9793252 123.2734 
  0.972813 121.4426 
  0.9704022 120.2372 
  0.9637331 119.0438 
  0.9704535 117.8622 
  0.9761019 116.6924 
  0.9217365 114.9594 
  0.7869812 112.6886 
  0.692562 110.4628 
  0.6190894 108.2809 
  0.02183521 108.2809 
  -0.4254545 108.8223 
  -0.2250337 109.3664 
  0.01034507 109.9132 
  -0.0833163 110.4628 
  0.2546634 111.0151 
  0.1535684 111.5702 
  0.1958658 111.5702 
  0.08495318 111.0151 
  -0.11286 109.3664 
  0.09638823 107.2061 
  0.2647485 105.614 
  0.1024559 103.5278 
  0.2488894 101.4829 
  0.2472785 99.97575 
  0.4316579 99.47836 
  0.5336481 101.4829 
  0.8169436 101.9903 
  0.9333468 102.5003 
  0.9441086 103.5278 
  0.93207 104.5657 
  0.8882826 106.142 
  0.9472929 107.7421 
  0.8103799 109.3664 
  0.6952663 111.0151 
  0.713388 111.5702 
  0.9465842 112.6886 
  0.8470951 113.2521 
  0.9135165 114.9594 
  0.9720411 115.5342 
  0.9487281 116.6924 
  0.9705737 117.8622 
  0.9432306 118.4515 
  0.847618 119.639 
  0.8995851 121.4426 
  0.9417101 122.6601 
  0.9042965 124.5092 
  0.9214523 127.0181 
  0.9618427 128.9329 
  0.9567652 130.2255 
  0.958981 131.531 
  0.9735734 132.1886 
  0.9808348 132.8496 
  0.9757137 132.8496 
  0.9771301 132.8496 
  0.9923334 132.1886 
  0.9943709 132.1886 
  0.9859789 132.1886 
  0.967405 131.531 
  0.907607 131.531 
  0.8023981 131.531 
  0.6195295 131.531 
  0.05313068 131.531 
  -0.1467867 131.531 
  -0.1141105 131.531 
  0.02264521 131.531 
  0.1403883 131.531 
  0.02757406 131.531 
  0.1394067 131.531 
  0.04682087 131.531 
  -0.01851702 131.531 
  -0.02326848 131.531 
  0.1333058 131.531 
  -0.01000722 131.531 
  0.00841213 131.531 
  -0.2433281 131.531 
  -0.09172948 131.531 
  0.1163381 131.531 
  -0.009090591 131.531 
  -0.008161574 131.531 
  0.1181106 131.531 
  0.04648558 131.531 ]
