 [
  -0.09108523 188.3582 
  -0.1031697 188.3582 
  0.06990919 188.3582 
  0.111456 188.3582 
  0.03152201 188.3582 
  -0.1658388 188.3582 
  -0.2867891 188.3582 
  -0.09200206 188.3582 
  -0.1459398 188.3582 
  -0.2553587 188.3582 
  -0.1697208 188.3582 
  0.1169951 188.3582 
  0.1985966 188.3582 
  0.01981188 188.3582 
  -0.2100701 188.3582 
  -0.07752074 188.3582 
  0.1468762 188.3582 
  0.2125154 188.3582 
  -0.1497077 188.3582 
  -0.1145631 188.3582 
  -0.01846433 188.3582 
  -0.06206101 188.3582 
  -0.05771051 188.3582 
  -0.005779695 188.3582 
  0.08886153 189.3 
  0.7160183 191.1978 
  0.5212283 198.9809 
  0.6295414 204.0054 
  0.8011788 208.1162 
  0.8919293 212.3098 
  0.9450986 217.6709 
  0.9489754 222.057 
  0.9301596 225.4046 
  0.9055971 229.9466 
  0.9122518 236.9318 
  0.9438647 240.5036 
  0.8648888 240.5036 
  0.5613422 225.4046 
  0.7277476 218.7592 
  0.8430154 215.5104 
  0.6346923 211.2535 
  0.3038355 207.0808 
  0.1483223 202.9904 
  0.09635046 198.9809 
  -0.1586303 195.0505 
  0.6019952 191.1978 
  0.8441414 189.3 
  0.9723016 187.4211 
  0.9914846 185.5609 
  0.9967659 185.5609 
  0.9952443 185.5609 
  0.9947106 187.4211 
  0.9951456 188.3582 
  0.9952484 189.3 
  0.9904654 192.1537 
  0.9907703 195.0505 
  0.994624 197.0059 
  0.9977639 197.9909 
  0.9807115 197.0059 
  0.9270548 193.1145 
  0.8637993 188.3582 
  0.2808103 184.6377 
  0.05060093 180.9906 
  0.02529506 179.1942 
  -0.1235552 178.3027 
  0.002323465 176.533 
  0.03073124 174.7808 
  -0.126516 172.185 
  0.09278031 170.476 
  0.6570165 168.784 
  0.7558607 163.8079 
  0.6966341 157.4006 
  0.618973 149.7427 
  0.7580951 138.9488 
  0.9112949 133.5138 
  0.9416623 130.2255 
  0.928353 126.3862 
  0.8982945 122.6601 
  0.8070956 119.639 
  0.07863925 116.6924 
  -0.2899353 114.3874 
  0.428189 112.128 
  0.6879663 110.4628 
  0.3274471 109.3664 
  0.1787416 108.8223 
  -0.0773643 114.9594 
  0.5463681 120.2372 
  0.8121007 124.5092 
  0.8026445 130.2255 
  0.8760604 134.1814 
  0.9676421 136.8852 
  0.9662198 136.8852 
  0.9534121 134.8523 
  0.9656735 132.8496 
  0.9450363 130.8766 
  0.9104691 129.5776 
  0.7622413 129.5776 
  0.662296 130.8766 
  0.6289291 132.1886 
  0.5161133 134.1814 
  0.1537887 136.2042 
  -0.01741375 138.2575 
  -0.2766865 140.3417 
  -0.116947 142.4574 
  0.02444573 143.8855 
  -0.310519 146.0546 
  0.6484976 148.2564 
  0.8630964 146.7849 
  0.9480022 145.328 
  0.9743972 142.4574 
  0.9726301 141.0434 
  0.9545699 139.6435 
  0.9151199 138.9488 
  0.7426031 138.9488 
  0.04381396 139.6435 
  -0.07010047 141.0434 
  -0.08775445 143.1697 
  0.03961346 145.328 
  0.03696229 147.5188 
  0.115169 149.7427 
  -0.1038685 152.0001 
  -2.270783e-06 154.2915 
  0.20736 156.6175 
  0.0431939 158.9785 
  -0.1357788 161.3751 
  -0.1583893 163.8079 
  -0.2420702 166.2773 
  -0.09326985 168.784 
  0.1824576 171.3284 
  0.8281332 173.9112 
  0.808091 170.476 
  0.8200433 165.4501 
  0.8563508 160.5723 
  0.9649522 158.1876 
  0.9692157 156.6175 
  0.9417752 155.8383 
  0.8508884 153.5239 
  0.8235241 149.7427 
  0.8209924 146.0546 
  0.9386366 146.0546 
  0.987849 146.0546 
  0.9031 146.7849 
  0.7899579 147.5188 
  0.7807687 148.2564 
  0.9442505 148.9977 
  0.9611235 148.9977 
  0.965732 148.9977 
  0.9580055 148.2564 
  0.9225141 147.5188 
  0.9234591 146.7849 
  0.8994626 146.0546 
  0.9195799 144.605 
  0.924474 142.4574 
  0.9224462 140.3417 
  0.9578215 138.2575 
  0.9675658 136.8852 
  0.7736789 134.1814 
  0.3867248 129.5776 
  0.1038865 120.8384 
  0.6384302 108.2809 
  0.4354167 104.5657 
  -0.09249315 106.6728 
  0.1104632 107.7421 
  0.2037117 110.4628 
  0.4705591 113.8184 
  0.3027615 122.0498 
  0.3461218 128.9329 
  0.6802341 130.8766 
  0.9379115 132.8496 
  0.8469045 133.5138 
  0.6797322 134.1814 
  0.6159524 134.1814 
  0.373414 134.8523 
  -0.06639094 135.5266 
  -0.3106321 136.2042 
  -0.3810603 136.8852 
  -0.3076671 136.8852 
  -0.1012553 136.8852 
  0.008800924 136.8852 
  0.03084647 136.8852 
  -0.08670416 137.5696 
  0.1108237 138.2575 
  -0.04741631 138.9488 
  0.2263475 139.6435 
  -0.03221939 140.3417 
  0.03198444 141.0434 
  0.3055147 141.7487 
  0.7696145 145.328 
  0.8051862 143.1697 
  0.8373968 139.6435 
  0.9169208 136.2042 
  0.9649263 133.5138 
  0.9490758 131.531 
  0.9454653 128.9329 
  0.8938139 129.5776 
  0.902029 131.531 
  0.9561483 132.8496 
  0.9584967 132.1886 
  0.9788601 131.531 
  0.9905275 130.8766 
  0.9922308 130.2255 
  0.9913087 129.5776 
  0.9944893 129.5776 
  0.9936037 129.5776 
  0.9915167 129.5776 
  0.9840931 130.2255 
  0.9809854 130.8766 
  0.9525279 131.531 
  0.8591425 132.8496 
  0.492561 138.2575 
  0.8748332 146.0546 
  0.8805682 152.0001 
  0.9391779 154.2915 
  0.9694374 156.6175 
  0.9676448 158.9785 
  0.9189581 160.5723 
  0.911963 165.4501 
  0.9250098 167.9442 
  0.8671079 167.9442 
  0.6940305 167.9442 
  0.4558925 167.9442 
  0.02925345 167.9442 
  0.03228857 167.9442 
  -0.1428319 167.9442 
  0.06299277 167.9442 
  -0.2506013 167.9442 
  -0.2413093 167.9442 
  -0.3551559 167.9442 
  -0.07961582 167.9442 
  -0.1490963 167.9442 
  -0.07092272 167.9442 
  0.02438127 167.9442 
  -0.05107643 167.9442 
  -0.1571667 167.9442 ]
