 [
  -0.009534406 124.5092 
  0.06001531 124.5092 
  -0.3253548 124.5092 
  -0.1854251 124.5092 
  0.1246987 124.5092 
  0.1610863 124.5092 
  0.03637567 124.5092 
  -0.05500229 124.5092 
  0.1147066 124.5092 
  0.2108728 124.5092 
  -0.1640617 124.5092 
  0.4114196 124.5092 
  0.5082252 124.5092 
  0.4874001 124.5092 
  0.7820427 125.7574 
  0.8872798 126.3862 
  0.9268227 127.0181 
  0.9776131 127.6532 
  0.9791821 127.6532 
  0.9885286 125.7574 
  0.9901435 124.5092 
  0.9948405 123.2734 
  0.9935438 122.0498 
  0.9895792 122.0498 
  0.9672112 122.6601 
  0.949123 124.5092 
  0.9254563 127.6532 
  0.8843293 129.5776 
  0.8852804 129.5776 
  0.8994171 129.5776 
  0.9402345 132.1886 
  0.942249 134.1814 
  0.8788681 136.8852 
  0.8033343 141.0434 
  0.7790043 146.0546 
  0.8933373 149.7427 
  0.7505826 152.0001 
  0.6547063 152.0001 
  0.3232579 154.2915 
  0.05370373 156.6175 
  0.0847519 158.9785 
  -0.03245351 161.3751 
  0.1601217 162.9929 
  0.1065684 164.6269 
  0.1517688 166.2773 
  0.2268955 167.9442 
  0.1986938 170.476 
  -0.01289517 173.046 
  0.4246312 165.4501 
  0.6976416 162.9929 
  0.9692244 160.5723 
  0.9362432 157.4006 
  0.9360456 153.5239 
  0.9396577 149.7427 
  0.9153312 145.328 
  0.8664037 141.0434 
  0.8407851 136.2042 
  0.7874272 131.531 
  0.7467626 125.7574 
  0.6773447 118.4515 
  0.4908558 117.2759 
  -0.05494622 119.639 
  0.1445456 123.8897 
  0.2164061 125.1317 
  0.2065161 122.6601 
  0.5055431 116.6924 
  0.2906603 128.9329 
  0.7486973 130.2255 
  0.9084521 131.531 
  0.8204992 133.5138 
  0.7587209 138.9488 
  0.8616259 143.8855 
  0.8521293 148.2564 
  0.8877904 151.2439 
  0.8579016 153.5239 
  0.6928712 157.4006 
  0.9723496 165.4501 
  0.9956131 167.9442 
  0.9955572 168.784 
  0.9849657 167.9442 
  0.9838179 165.4501 
  0.9788336 162.182 
  0.6036452 158.9785 
  0.7502003 151.2439 
  0.8500556 148.2564 
  0.9481528 145.328 
  0.9089372 142.4574 
  0.8742003 138.2575 
  0.8466161 133.5138 
  0.9362699 130.8766 
  0.9938891 130.8766 
  0.9958144 130.8766 
  0.9961622 130.2255 
  0.9104973 130.8766 
  0.7254908 134.1814 
  0.8052232 129.5776 
  0.9384897 128.9329 
  0.9873297 128.9329 
  0.978437 128.9329 
  0.9634846 130.8766 
  0.9752879 131.531 
  0.9870622 132.8496 
  0.9787427 133.5138 
  0.981228 134.8523 
  0.9812375 134.8523 
  0.99207 135.5266 
  0.9829209 135.5266 
  0.9822027 134.1814 
  0.9886093 133.5138 
  0.9826198 132.8496 
  0.9714453 131.531 
  0.9556742 130.2255 
  0.9183394 128.2915 
  0.7784531 126.3862 
  0.747268 124.5092 
  0.587166 117.8622 
  0.8879274 115.5342 
  0.9068495 113.8184 
  0.9182256 113.2521 
  0.7872111 114.3874 
  0.8112413 116.6924 
  0.8963542 117.2759 
  0.9355645 116.6924 
  0.9607528 116.1118 
  0.9666529 114.9594 
  0.9736696 113.8184 
  0.9785395 112.6886 
  0.9524911 111.0151 
  0.9614609 109.3664 
  0.979723 108.2809 
  0.9810362 108.2809 
  0.9804788 108.2809 
  0.9622844 107.7421 
  0.978247 107.2061 
  0.9645572 107.2061 
  0.9624367 107.7421 
  0.989772 108.8223 
  0.9840823 109.3664 
  0.9743891 110.4628 
  0.9748689 111.5702 
  0.9803544 111.5702 
  0.9753914 110.4628 
  0.985197 110.4628 
  0.978956 110.4628 
  0.94835 109.9132 
  0.8299461 109.9132 
  0.62397 111.0151 
  0.03662869 112.6886 
  0.03754937 114.3874 
  0.1314414 116.1118 
  -0.0179797 117.2759 
  0.1249554 118.4515 
  0.1452276 120.2372 
  0.07012833 122.0498 
  0.1752643 123.8897 
  0.1381811 125.1317 
  -0.01723117 127.0181 
  0.1163263 128.9329 
  0.1025034 130.2255 
  -0.009602293 130.2255 
  -0.134728 129.5776 
  0.4095297 129.5776 
  0.8610015 132.8496 
  0.8921458 132.8496 
  0.807305 132.1886 
  0.5872434 128.9329 
  0.5897817 123.2734 
  0.8607737 120.2372 
  0.7474051 118.4515 
  0.5906225 115.5342 
  0.7629251 111.0151 
  0.904655 109.3664 
  0.6255573 107.2061 
  0.8215977 103.5278 
  0.6981357 104.5657 
  0.5375102 105.0885 
  0.4700342 104.5657 
  -0.2318762 104.0455 
  -0.02646261 103.0128 
  -0.07426512 102.5003 
  0.01113415 101.9903 
  0.07507206 101.4829 
  0.1511674 101.4829 
  0.2210769 101.4829 
  0.1312263 101.4829 
  0.107441 101.4829 
  0.02100973 101.4829 
  -0.02434612 101.9903 
  0.08774582 102.5003 
  0.353545 103.0128 
  0.3941413 104.0455 
  0.2547617 105.614 
  0.2788351 105.614 
  0.2683464 104.5657 
  0.6050284 120.8384 
  0.958074 121.4426 
  0.9341068 122.0498 
  0.9835948 123.2734 
  0.9866035 123.8897 
  0.9703614 123.8897 
  0.9776081 125.1317 
  0.9604148 125.7574 
  0.9750305 127.0181 
  0.981923 127.6532 
  0.9793435 127.6532 
  0.9742657 127.6532 
  0.9540626 127.0181 
  0.9304994 126.3862 
  0.9251763 125.1317 
  0.9497024 122.0498 
  0.9473764 120.2372 
  0.916834 119.639 
  0.8447238 119.639 
  0.9016027 119.639 
  0.9393858 120.2372 
  0.9019221 120.8384 
  0.9179722 121.4426 
  0.951854 122.0498 
  0.9574511 122.6601 
  0.9773096 123.2734 
  0.9915199 123.2734 
  0.9956334 123.8897 
  0.9980246 123.8897 
  0.9981174 123.8897 
  0.9971514 123.2734 
  0.9964675 123.2734 
  0.9976771 122.6601 
  0.9970288 122.0498 
  0.9969075 122.0498 
  0.9967326 122.0498 
  0.9962407 122.0498 
  0.9940375 122.0498 
  0.9938815 122.6601 
  0.9953557 122.6601 
  0.99629 122.6601 
  0.9932299 122.0498 
  0.9537212 120.8384 
  0.8344421 119.0438 
  0.6985868 117.2759 
  0.2458812 119.0438 
  0.4601711 125.1317 
  0.6419032 128.9329 
  0.8533869 130.2255 
  0.1111682 129.5776 
  -0.7641197 128.2915 
  -0.4071045 127.0181 
  0.2127084 125.7574 
  -0.1078822 124.5092 
  0.5255877 123.2734 
  0.1677814 122.6601 
  0.6615942 123.2734 
  0.8391931 121.4426 
  0.9437246 119.639 
  0.9715156 118.4515 
  0.9660569 117.2759 
  0.9963045 116.1118 
  0.9965377 116.1118 
  0.994124 116.1118 
  0.9932552 116.1118 
  0.9926481 116.6924 
  0.9910909 116.6924 
  0.9855162 116.6924 
  0.9449961 116.1118 
  0.8294532 115.5342 
  0.5013483 113.2521 
  0.8920195 112.128 
  0.9787818 111.5702 
  0.9822465 111.0151 
  0.9676105 111.0151 
  0.5444224 111.0151 
  0.2949296 111.0151 
  0.408426 110.4628 
  0.5632281 108.2809 
  0.7640718 106.142 
  0.8728831 104.0455 
  0.9437495 102.5003 
  0.8851538 103.0128 
  0.940292 104.5657 
  0.9676654 105.614 
  0.9107405 105.614 
  0.8336725 106.142 
  0.8841298 107.2061 
  0.9722536 107.2061 
  0.9394917 106.142 
  0.8869888 104.0455 
  0.8903488 101.4829 
  0.8559689 99.47836 
  0.7805015 98.491 
  0.8111928 98.491 
  0.6606898 98.98344 
  0.0970575 99.47836 
  -0.06042758 99.47836 
  -0.1150584 99.47836 
  -0.04721945 99.47836 
  0.001591058 99.47836 
  0.1496445 99.47836 
  -0.04199998 99.47836 
  -0.05735356 99.47836 
  -0.03895399 99.47836 
  -0.1520942 99.47836 
  -0.1543524 99.47836 
  -0.0338083 99.47836 
  0.1221053 99.47836 
  0.1389109 99.47836 
  0.1990353 99.47836 
  0.05736827 99.47836 ]
