 [
  0.3224157 257.8971 
  0.415546 257.8971 
  0.187488 257.8971 
  0.3887505 257.8971 
  0.4265693 257.8971 
  0.04962502 257.8971 
  0.05183248 257.8971 
  -0.04154245 257.8971 
  -0.01407792 257.8971 
  0.1620062 257.8971 
  0.1206345 257.8971 
  0.1012364 257.8971 
  -0.04154346 257.8971 
  0.6186783 257.8971 
  0.8496077 255.3373 
  0.9264044 252.8029 
  0.9956393 250.2938 
  0.9978916 250.2938 
  0.9953204 249.0485 
  0.9673283 247.8095 
  0.9254476 247.8095 
  0.5352897 250.2938 
  0.3176562 254.067 
  0.1438469 257.8971 
  0.6184819 261.7849 
  0.9512336 267.06 
  0.9461695 271.0859 
  0.9636843 271.0859 
  0.9815041 272.4414 
  0.9843808 277.9312 
  0.9760797 283.5317 
  0.9714068 289.245 
  0.9664465 296.5488 
  0.9587797 305.5572 
  0.9536663 314.8393 
  0.9436637 326.0254 
  0.9594145 335.9292 
  0.9861033 342.6983 
  0.9899485 346.1339 
  0.9887323 346.1339 
  0.9792584 340.9934 
  0.9845674 337.6089 
  0.9851727 334.2579 
  0.9777817 330.9402 
  0.9765697 326.0254 
  0.9955888 322.7894 
  0.9967214 322.7894 
  0.9984419 324.4033 
  0.9951326 326.0254 
  0.9943842 327.6555 
  0.997404 329.2938 
  0.9992952 330.9402 
  0.995666 330.9402 
  0.9938614 330.9402 
  0.9970299 329.2938 
  0.9998907 329.2938 
  0.999177 329.2938 
  0.9967948 330.9402 
  0.9962788 332.5949 
  0.9950918 330.9402 
  0.9961269 330.9402 
  1.000936 329.2938 
  0.9981735 329.2938 
  0.9902818 326.0254 
  0.9769807 322.7894 
  0.9525693 316.4135 
  0.8472219 304.037 
  0.6465311 287.806 
  0.397281 279.3209 
  0.1915212 311.7143 
  0.6941851 313.2729 
  0.6828242 314.8393 
  0.6629883 324.4033 
  0.5506122 321.1834 
  0.5965789 314.8393 
  0.5547656 301.0193 
  0.6802176 287.806 
  0.5094424 275.1726 
  0.1566533 241.7061 
  0.8254682 229.9466 
  0.9867259 232.2518 
  0.9920859 234.5801 
  0.9744743 238.1164 
  0.9371253 245.3498 
  0.882544 254.067 
  0.914238 265.7313 
  0.9750699 276.5485 
  0.9753603 282.1211 
  0.93627 284.9493 
  0.3993589 287.806 
  0.04612982 292.1447 
  0.01010269 295.0734 
  -0.1987135 298.0316 
  -0.1666396 301.0193 
  -0.3075038 304.037 
  -0.2363203 308.6204 
  -0.2025214 313.2729 
  0.06324241 317.9955 
  0.7736254 321.1834 
  0.7971475 317.9955 
  0.9577307 311.7143 
  0.9772289 308.6204 
  0.9881281 308.6204 
  0.9930409 310.1635 
  0.9938674 313.2729 
  0.9938008 316.4135 
  0.9923406 319.5855 
  0.9824479 324.4033 
  0.9732154 330.9402 
  0.9650757 339.2969 
  0.986608 346.1339 
  0.9854892 347.8645 
  0.9721032 346.1339 
  0.8830874 339.2969 
  0.4963476 330.9402 
  -0.176301 322.7894 
  -0.3384296 314.8393 
  -0.2337838 308.6204 
  -0.05377191 302.5244 
  -0.02448671 296.5488 
  -0.006872245 289.245 
  -0.09146232 282.1211 
  -0.07311738 275.1726 
  -0.1455327 268.3953 
  -0.08397725 261.7849 
  0.0163375 256.614 
  -0.04351247 251.5452 
  0.2265922 246.5766 
  0.3261801 240.5036 
  0.6970767 233.4131 
  0.7328823 226.5316 
  0.861999 219.853 
  0.9395463 215.5104 
  0.9682636 213.3714 
  0.9876803 212.3098 
  0.9973779 211.2535 
  0.9964702 211.2535 
  0.9922131 211.2535 
  0.9608054 212.3098 
  0.8737811 213.3714 
  0.694582 215.5104 
  0.1830475 217.6709 
  0.1074169 220.9523 
  0.0327246 224.2832 
  -0.04612801 226.5316 
  -0.1589199 228.8026 
  -0.06243651 232.2518 
  0.07212905 235.753 
  -0.003610404 238.1164 
  0.08955214 240.5036 
  0.1405586 242.9146 
  0.5037574 245.3498 
  0.7535946 240.5036 
  0.7959569 234.5801 
  0.9820364 229.9466 
  0.980003 231.0963 
  0.9807579 234.5801 
  0.9817299 236.9318 
  0.9793735 240.5036 
  0.9553066 245.3498 
  0.9327675 251.5452 
  0.8935114 260.4825 
  0.8559709 271.0859 
  0.9069651 283.5317 
  0.9307275 295.0734 
  0.9323004 302.5244 
  0.9246893 307.085 
  0.8934212 308.6204 
  0.9410435 308.6204 
  0.959322 308.6204 
  0.9670358 308.6204 
  0.852085 308.6204 
  0.4710731 308.6204 
  0.06186529 308.6204 
  -0.0500473 308.6204 
  0.09221806 308.6204 
  -0.003574358 308.6204 
  -0.02700818 308.6204 
  -0.03034562 308.6204 
  0.1669892 308.6204 
  -0.005638923 308.6204 
  0.1868449 308.6204 
  0.216268 308.6204 
  0.05247563 308.6204 
  0.08260543 308.6204 
  0.09035306 308.6204 
  -0.002977223 308.6204 
  -0.1336929 308.6204 
  -0.1562568 308.6204 
  -0.05974055 308.6204 
  0.02708359 308.6204 
  0.1301384 308.6204 
  0.01919533 308.6204 
  -0.07258649 308.6204 
  0.02638241 308.6204 
  0.2702776 308.6204 
  0.2601255 308.6204 
  0.235419 308.6204 
  0.1153271 308.6204 
  0.1000349 308.6204 
  -0.01777911 308.6204 
  -0.005468014 308.6204 
  0.139719 308.6204 
  0.1615672 308.6204 
  0.3027008 308.6204 
  0.2239764 308.6204 
  0.1753992 308.6204 
  0.09448222 308.6204 
  0.3218939 308.6204 
  0.2799926 308.6204 
  0.1178783 308.6204 
  0.05913451 308.6204 
  0.1568091 308.6204 
  0.2021279 308.6204 
  0.2398697 308.6204 
  0.1808272 308.6204 
  0.1022082 308.6204 
  0.193984 308.6204 
  0.2530858 308.6204 
  0.217169 308.6204 
  0.3253277 308.6204 
  0.3545844 308.6204 
  0.2705315 308.6204 
  0.2221086 308.6204 
  0.2244809 308.6204 
  0.2192375 308.6204 
  0.07252061 308.6204 
  -0.06510892 308.6204 
  -0.005989207 308.6204 
  -0.04497349 308.6204 
  0.3022437 308.6204 
  0.4122192 308.6204 
  0.2919238 308.6204 
  0.0584566 308.6204 
  0.107656 308.6204 
  0.1628513 308.6204 
  0.3446588 308.6204 
  0.2682639 308.6204 
  0.313458 308.6204 
  0.214582 308.6204 
  0.2477007 308.6204 
  0.2508563 308.6204 
  0.3190198 308.6204 
  0.2579288 308.6204 
  0.04494566 308.6204 
  -0.07231038 308.6204 
  0.1906434 308.6204 
  0.1390666 308.6204 
  0.120879 308.6204 
  -0.128545 308.6204 ]
