 [
  0.2063036 107.2061 
  0.3754263 107.2061 
  0.07883557 107.2061 
  -0.04601003 107.2061 
  0.1487418 107.2061 
  0.3997464 107.2061 
  0.2667057 107.2061 
  -0.1460413 107.2061 
  0.165789 107.2061 
  0.09360795 107.2061 
  -0.0588389 107.2061 
  0.1723564 107.2061 
  0.1052698 107.2061 
  0.03247468 107.2061 
  0.2037069 107.2061 
  0.3890547 107.2061 
  0.4367959 107.2061 
  0.6191394 107.7421 
  0.06949345 109.3664 
  -0.1760027 111.0151 
  -0.5680433 112.6886 
  -0.2360564 114.9594 
  0.4660071 117.2759 
  0.2425446 119.639 
  -0.05563442 122.0498 
  0.3775444 124.5092 
  0.7188043 127.0181 
  0.92888 127.6532 
  0.9786982 127.6532 
  0.9737285 129.5776 
  0.9533082 130.8766 
  0.9625309 132.1886 
  0.926042 134.1814 
  0.9282128 137.5696 
  0.939564 140.3417 
  0.9275622 141.7487 
  0.9026002 142.4574 
  0.875626 143.8855 
  0.6195302 146.0546 
  0.8329715 148.2564 
  0.9286377 149.7427 
  0.9711039 151.2439 
  0.9776768 152.0001 
  0.9849878 152.0001 
  0.9531876 151.2439 
  0.8705919 148.9977 
  0.7583984 146.0546 
  0.4205474 142.4574 
  -0.09793539 141.7487 
  0.123194 141.0434 
  -0.1120167 141.0434 
  0.03660157 141.0434 
  0.2618333 141.0434 
  -0.07292937 141.0434 
  -0.009822649 141.0434 
  -0.00216715 141.0434 
  0.4343147 141.0434 
  0.3844111 141.0434 
  0.0916478 141.0434 
  0.05255564 141.0434 
  0.5349227 141.0434 
  0.7789372 144.605 
  0.9559125 144.605 
  0.9687332 144.605 
  0.9653291 143.1697 
  0.9790152 142.4574 
  0.9829913 141.0434 
  0.9639718 139.6435 
  0.8573346 137.5696 
  0.7576852 135.5266 
  0.634379 132.1886 
  0.7625808 134.1814 
  0.9115382 133.5138 
  0.8308968 131.531 
  0.7251595 128.2915 
  0.6907228 125.1317 
  0.7184334 121.4426 
  0.5240347 118.4515 
  0.06383098 116.6924 
  -0.2316291 115.5342 
  -0.04449471 114.3874 
  0.008486326 112.6886 
  0.006320828 111.0151 
  0.04505628 109.3664 
  0.2045519 107.7421 
  0.241226 106.142 
  0.5531489 110.4628 
  0.8118262 109.9132 
  0.9409513 108.8223 
  0.9519616 107.7421 
  0.9608369 107.2061 
  0.9545355 106.6728 
  0.9563317 106.142 
  0.9846476 105.614 
  0.9875194 105.614 
  0.9501944 105.614 
  0.9412819 106.6728 
  0.980534 107.7421 
  0.9809651 107.7421 
  0.9764594 107.7421 
  0.9574262 107.2061 
  0.9658074 106.6728 
  0.7420176 106.6728 
  0.3830157 107.2061 
  0.3670392 118.4515 
  0.4635479 116.1118 
  0.7598337 113.2521 
  0.6331857 112.128 
  0.3249357 112.128 
  0.2003275 111.0151 
  0.4305332 106.142 
  0.5237271 108.2809 
  0.6242758 111.5702 
  0.9736715 113.8184 
  0.979654 115.5342 
  0.9900524 116.1118 
  0.8453921 115.5342 
  0.7271312 114.9594 
  -0.01039948 113.2521 
  0.1004069 113.2521 
  0.6702702 109.9132 
  0.7793009 110.4628 
  0.6258969 108.8223 
  0.7781102 105.0885 
  0.9242827 103.0128 
  0.9548127 101.9903 
  0.9736195 101.4829 
  0.9842227 101.4829 
  0.9777579 101.4829 
  0.9830753 102.5003 
  0.9794394 103.5278 
  0.9663471 104.5657 
  0.8606766 106.142 
  0.8105955 107.2061 
  0.8487819 107.7421 
  0.9029925 107.7421 
  0.9036334 108.2809 
  0.9298871 109.3664 
  0.9178481 111.0151 
  0.9042068 112.6886 
  0.8930681 114.3874 
  0.8970136 116.1118 
  0.9561906 117.2759 
  0.959048 118.4515 
  0.9493365 119.0438 
  0.9554957 120.2372 
  0.8938103 120.8384 
  0.7770863 120.8384 
  0.5792025 120.2372 
  0.5872472 125.7574 
  0.9203947 125.7574 
  0.9093202 125.7574 
  0.8577852 125.1317 
  0.8080383 122.6601 
  0.6572393 119.0438 
  0.8852195 118.4515 
  0.9578484 117.8622 
  0.9818262 116.6924 
  0.9729062 114.9594 
  0.9722656 113.2521 
  0.8167509 112.128 
  0.7135116 109.9132 
  0.7635817 107.7421 
  0.9082469 106.6728 
  0.97118 106.142 
  0.940748 105.614 
  0.8838319 105.0885 
  0.8435879 104.0455 
  0.757462 102.5003 
  0.01137406 102.5003 
  -0.06715595 102.5003 
  0.050127 102.5003 
  0.06404613 102.5003 
  0.1116026 102.5003 
  0.03164777 102.5003 
  -0.0457951 102.5003 
  -0.009579284 102.5003 
  -0.05891256 102.5003 
  0.04676107 102.5003 
  0.2014183 102.5003 
  0.2080889 106.142 
  0.2666657 109.3664 
  0.5020213 110.4628 
  0.02092128 108.2809 
  0.5936882 104.5657 
  0.8991733 103.0128 
  0.8527943 101.4829 
  0.73469 100.4756 
  0.4378698 100.4756 
  0.3690636 99.97575 
  0.5194092 99.97575 
  0.5049527 99.97575 
  0.1832331 99.97575 
  0.1834733 99.97575 
  0.09866348 99.97575 
  -0.109017 99.97575 
  -0.1310379 99.97575 
  -0.3241808 99.97575 
  0.19431 99.97575 
  0.1730247 99.97575 
  -0.04082592 99.97575 
  -0.07496359 99.97575 
  0.1863443 99.97575 
  0.3706284 99.97575 
  0.342912 99.97575 
  0.2538801 99.97575 
  0.1067476 99.97575 ]
