 [
  0.07835609 101.4829 
  0.2378482 101.4829 
  -0.1211832 101.4829 
  -0.3443662 101.4829 
  -0.06540783 101.4829 
  0.1396042 101.4829 
  -0.05664505 101.4829 
  -0.3304412 101.4829 
  -0.34699 101.4829 
  0.02293544 101.4829 
  -0.1022529 101.4829 
  0.09855264 101.4829 
  0.4453174 101.4829 
  0.6685103 103.0128 
  0.8465953 104.0455 
  0.9551674 104.0455 
  0.9735613 103.5278 
  0.9754895 102.5003 
  0.9669739 101.4829 
  0.9437783 100.4756 
  0.910748 98.98344 
  0.666017 95.11173 
  0.5081864 90.48434 
  0.5597537 88.25578 
  0.668307 87.8167 
  0.403777 90.93677 
  -0.2323866 93.6992 
  -0.5893976 96.06523 
  -0.4331488 98.491 
  0.003684999 101.4829 
  0.2558097 104.0455 
  0.6415055 100.978 
  0.2674396 104.0455 
  0.4774211 110.4628 
  0.9172912 110.4628 
  0.9293326 110.4628 
  0.8637574 111.0151 
  0.7007715 112.6886 
  0.6708364 119.0438 
  0.852076 124.5092 
  0.8682215 128.2915 
  0.9400014 131.531 
  0.9844662 132.1886 
  0.9075128 131.531 
  0.7854822 132.1886 
  0.2105974 132.8496 
  0.4228656 134.1814 
  0.1089665 135.5266 
  0.5555738 136.8852 
  0.1603179 138.2575 
  -0.08689269 139.6435 
  0.1689307 141.0434 
  0.1204737 143.8855 
  0.06340361 148.9977 
  0.3097219 157.4006 
  0.612923 147.5188 
  0.8125612 146.0546 
  0.874434 144.605 
  0.7790253 141.0434 
  0.8010716 136.8852 
  0.6012864 132.8496 
  -0.1000665 128.9329 
  0.5502821 127.6532 
  0.6329442 127.0181 
  0.2088405 126.3862 
  -0.2256235 125.7574 
  0.3093906 125.1317 
  0.8003137 123.2734 
  0.7477424 121.4426 
  0.7294477 119.0438 
  0.8118731 114.9594 
  0.4613442 112.128 
  -0.3042314 111.5702 
  0.1311639 111.0151 
  -0.1515324 110.4628 
  0.4005531 109.9132 
  -0.02666588 108.8223 
  0.2346242 105.0885 
  0.719526 105.0885 
  0.7225128 103.0128 
  0.6937072 101.4829 
  0.7410347 99.47836 
  0.7777277 98.00098 
  0.6840982 96.54556 
  0.59029 96.06523 
  0.6842883 90.03418 
  0.1980134 90.93677 
  -0.2510082 92.7692 
  -0.1782724 94.1677 
  -0.08207082 95.5873 
  0.12886 97.02828 
  0.04848137 98.491 
  -0.09762135 99.97575 
  -0.03839506 101.4829 
  0.09265498 103.0128 
  -0.1433106 104.5657 
  0.4909836 106.142 
  0.5024248 106.142 
  0.611295 105.614 
  0.7687369 105.0885 
  0.9669267 104.0455 
  0.9728718 104.0455 
  0.9872541 103.5278 
  0.981448 103.5278 
  0.9893078 104.0455 
  0.9640545 104.0455 
  0.8827042 104.0455 
  0.8269588 104.0455 
  0.7323087 104.0455 
  0.9606173 105.614 
  0.9788933 106.6728 
  0.9169044 107.7421 
  0.9081231 107.7421 
  0.9235321 108.2809 
  0.9490141 107.7421 
  0.9393657 107.7421 
  0.9519027 108.2809 
  0.9324396 108.2809 
  0.8932192 107.2061 
  0.8472598 106.142 
  0.80555 104.0455 
  0.7534478 103.0128 
  0.4592644 103.0128 
  0.08541623 103.5278 
  0.3136991 103.5278 
  0.2595231 103.0128 
  0.1977566 102.5003 
  0.328244 101.9903 
  0.135534 101.4829 
  0.1164588 101.4829 
  0.2489855 101.4829 
  -0.04881244 101.4829 
  0.1232117 101.4829 
  -0.2400168 101.4829 
  0.4521579 101.9903 
  0.5900891 98.491 
  0.5861865 96.54556 
  0.6416653 93.6992 
  0.8361235 92.30766 
  0.9244716 91.84841 
  0.9326878 91.39146 
  0.9478303 90.93677 
  0.9715945 90.93677 
  0.9800067 90.48434 
  0.9755684 90.03418 
  0.9597577 90.03418 
  0.9453235 90.03418 
  0.8905422 89.14054 
  0.7745521 88.25578 
  0.7749806 86.94508 
  0.7485595 85.65383 
  0.6106305 85.2277 
  0.3937259 86.51251 
  0.1637519 89.14054 
  0.2192572 93.23304 
  0.5244333 94.63854 
  0.8348835 96.54556 
  0.03982682 98.00098 
  0.4774981 99.47836 
  0.5354798 97.02828 
  0.7458521 94.63854 
  0.7752182 93.6992 
  0.7785602 92.7692 
  0.8502687 91.39146 
  0.7337127 91.39146 
  0.7665738 92.7692 
  0.8398792 93.6992 
  0.794572 94.63854 
  0.7762209 96.54556 
  0.8770423 98.98344 
  0.7249491 100.978 
  0.5342532 104.0455 
  0.5631666 109.3664 
  0.7706244 114.9594 
  0.8979173 119.0438 
  0.9570261 121.4426 
  0.8626773 122.0498 
  0.4230989 122.0498 
  -0.009936304 122.0498 
  0.4978282 122.0498 
  -0.1049518 122.0498 
  0.003537509 122.0498 
  -0.08634605 122.0498 
  0.04698429 122.0498 
  0.123596 122.0498 
  0.03170866 122.0498 
  0.07771335 122.0498 
  -0.1970941 122.0498 
  -0.2430723 122.0498 
  -0.1248099 122.0498 
  -0.07341101 122.0498 
  -0.0992373 122.0498 
  -0.01429834 122.0498 
  -0.01810455 122.0498 
  -0.04571825 122.0498 
  0.06299974 122.0498 
  -0.1462857 122.0498 
  -0.180518 122.0498 
  -0.2725564 122.0498 
  0.03825647 122.0498 
  -0.01585259 122.0498 
  0.0396056 122.0498 
  0.1469666 122.0498 
  0.1272547 122.0498 
  0.02548452 122.0498 
  0.2430175 122.0498 
  0.5067568 122.0498 ]
