 [
  -0.01079193 229.9466 
  -0.3333516 229.9466 
  -0.2228329 229.9466 
  -0.171925 229.9466 
  0.05265453 229.9466 
  -0.08329979 229.9466 
  -0.09232689 229.9466 
  -0.06655663 229.9466 
  0.1475763 229.9466 
  0.03109191 229.9466 
  0.1016479 229.9466 
  -0.1635962 229.9466 
  -0.03939053 229.9466 
  0.4054347 229.9466 
  0.46813 228.8026 
  0.6568668 219.853 
  0.8600829 214.4382 
  0.9866179 212.3098 
  0.9901399 209.1568 
  0.9762536 207.0808 
  0.9572863 204.0054 
  0.9287175 201.9805 
  0.9076582 202.9904 
  0.9462253 206.0505 
  0.9598594 211.2535 
  0.9753906 216.5879 
  0.9820219 219.853 
  0.9875513 219.853 
  0.9837502 219.853 
  0.9878461 217.6709 
  0.9914674 216.5879 
  0.993229 215.5104 
  0.9950122 215.5104 
  0.994927 215.5104 
  0.9901687 217.6709 
  0.9916222 218.7592 
  0.9860256 219.853 
  0.9739746 223.1673 
  0.9876809 226.5316 
  0.9915196 229.9466 
  0.9917716 232.2518 
  0.9913893 234.5801 
  0.993591 235.753 
  0.9950056 239.307 
  0.9907449 241.7061 
  0.9942631 245.3498 
  0.995142 247.8095 
  0.9887962 249.0485 
  0.979242 250.2938 
  0.9531407 251.5452 
  0.8879015 252.8029 
  0.4757655 254.067 
  0.1336335 255.3373 
  0.1882939 255.3373 
  0.1773984 255.3373 
  0.05176561 256.614 
  0.04523779 257.8971 
  0.1633174 259.1866 
  -0.07313213 260.4825 
  -0.04528887 260.4825 
  0.247239 261.7849 
  0.05175568 261.7849 
  0.1152254 261.7849 
  0.09598724 263.0938 
  0.05944913 265.7313 
  -0.08796711 265.7313 
  -0.02301101 263.0938 
  0.01368905 259.1866 
  0.7826104 255.3373 
  0.6007459 232.2518 
  0.728291 224.2832 
  0.9693626 217.6709 
  0.9859217 214.4382 
  0.9939145 212.3098 
  0.9926656 210.2025 
  0.9885433 208.1162 
  0.9804769 206.0505 
  0.9760476 202.9904 
  0.9420502 200.9756 
  0.7922482 199.9758 
  0.2463112 199.9758 
  0.09393379 200.9756 
  0.08387989 201.9805 
  -0.05190561 202.9904 
  -0.3756281 204.0054 
  -0.2209745 206.0505 
  0.0758765 208.1162 
  0.356755 209.1568 
  0.2847606 211.2535 
  0.0997128 214.4382 
  0.03633732 219.853 
  0.6740804 224.2832 
  0.6760665 228.8026 
  0.7204005 218.7592 
  0.838966 215.5104 
  0.9791616 212.3098 
  0.9894544 210.2025 
  0.9922835 210.2025 
  0.9896269 211.2535 
  0.9898865 211.2535 
  0.9895191 212.3098 
  0.9948685 212.3098 
  0.9909935 212.3098 
  0.9857617 212.3098 
  0.9881278 212.3098 
  0.9885367 212.3098 
  0.9821469 212.3098 
  0.9855574 213.3714 
  0.9887099 213.3714 
  0.9907125 213.3714 
  0.9767389 214.4382 
  0.9699003 214.4382 
  0.9683197 215.5104 
  0.9736179 215.5104 
  0.9728796 217.6709 
  0.9641249 217.6709 
  0.9563192 218.7592 
  0.9228586 218.7592 
  0.7929776 219.853 
  0.03939237 220.9523 
  -0.1211096 222.057 
  -0.07843186 223.1673 
  0.00140546 224.2832 
  0.03450413 224.2832 
  0.1760112 224.2832 
  0.1518667 223.1673 
  0.1494915 220.9523 
  0.3596072 219.853 
  0.3929862 218.7592 
  0.2801144 216.5879 
  0.1788002 214.4382 
  0.1143527 213.3714 
  0.006883204 213.3714 
  -0.01886932 213.3714 
  -0.02189022 214.4382 
  0.2254325 215.5104 
  0.2351191 215.5104 
  0.1378493 216.5879 
  -0.06000746 217.6709 
  -0.2026059 218.7592 
  -0.1245583 219.853 
  -0.04491724 219.853 
  0.08865144 219.853 
  -0.03772864 219.853 
  -0.01705102 219.853 
  0.01950135 219.853 
  0.7849385 219.853 
  0.8081348 219.853 
  0.7157708 218.7592 
  0.847345 216.5879 
  0.9155981 211.2535 
  0.8909152 205.0254 
  0.9085417 200.9756 
  0.957985 196.0257 
  0.9165216 192.1537 
  0.9255365 191.1978 
  0.9334685 189.3 
  0.9918171 190.2465 
  0.9916143 191.1978 
  0.990786 191.1978 
  0.989194 191.1978 
  0.9827682 191.1978 
  0.9734466 192.1537 
  0.9662298 193.1145 
  0.9456645 193.1145 
  0.8632892 191.1978 
  0.5516624 187.4211 
  -0.05256267 183.7191 
  -0.1454979 179.1942 
  -0.003426097 175.6547 
  0.02080674 172.185 
  0.1184594 168.784 
  0.1636348 165.4501 
  0.06425764 161.3751 
  0.1982092 157.4006 
  0.07180764 152.7601 
  -0.2442985 147.5188 
  -0.008266044 141.7487 
  0.2628683 137.5696 
  -0.1515005 133.5138 
  0.06902335 128.9329 
  0.301686 125.7574 
  0.07807465 123.2734 
  0.339165 120.2372 
  0.3585631 114.9594 
  0.5850825 111.0151 
  0.9298587 109.3664 
  0.9687437 108.2809 
  0.9810612 107.2061 
  0.9778171 106.142 
  0.9646276 105.0885 
  0.9322174 103.5278 
  0.9154171 102.5003 
  0.9580534 100.978 
  0.9746053 99.97575 
  0.9853343 98.98344 
  0.9770411 98.00098 
  0.9784914 97.02828 
  0.9804383 96.06523 
  0.9682359 94.63854 
  0.9774638 93.6992 
  0.9856322 92.7692 
  0.9855888 92.30766 
  0.9843609 92.30766 
  0.994068 92.7692 
  0.9872354 93.23304 
  0.9790179 94.1677 
  0.7675017 96.54556 
  0.4820724 99.97575 
  0.427163 104.5657 
  0.3107914 109.3664 
  0.2634895 112.128 
  0.2252927 113.2521 
  -0.5019137 112.6886 
  -0.1626395 112.6886 
  0.1553 112.6886 
  0.003963035 112.6886 
  0.2131063 112.6886 
  -0.06902096 112.6886 
  -0.5029635 112.6886 
  -0.4293024 112.6886 
  -0.08574022 112.6886 
  -0.01962554 112.6886 
  -0.02617488 112.6886 ]
