 [
  -0.0746874 157.4006 
  0.1253752 157.4006 
  0.1166379 157.4006 
  -0.1500274 157.4006 
  -0.2775364 157.4006 
  -0.1793643 157.4006 
  -0.117708 157.4006 
  -0.2363633 157.4006 
  -0.09339429 157.4006 
  -0.09303024 157.4006 
  -0.1050022 157.4006 
  -0.2291615 157.4006 
  0.02336207 157.4006 
  0.008801883 157.4006 
  -0.04492565 156.6175 
  -0.01302205 155.8383 
  0.6124323 154.2915 
  0.6632168 147.5188 
  0.8163226 143.1697 
  0.7578964 139.6435 
  0.5484373 136.2042 
  -0.1227781 138.9488 
  0.07203491 141.7487 
  0.03542897 145.328 
  0.1407321 148.9977 
  0.1664557 152.7601 
  0.1152575 155.8383 
  0.1659561 158.9785 
  0.1387219 163.8079 
  0.1646002 168.784 
  0.05566824 173.9112 
  0.6661254 180.0902 
  0.8251956 174.7808 
  0.9008073 177.4156 
  0.9093084 180.0902 
  0.9357733 185.5609 
  0.904439 190.2465 
  0.9205638 196.0257 
  0.9411553 200.9756 
  0.9654482 206.0505 
  0.9786865 211.2535 
  0.9886637 213.3714 
  0.9355756 213.3714 
  0.8939741 212.3098 
  0.6497267 208.1162 
  0.9087356 208.1162 
  0.8673374 210.2025 
  0.9022853 216.5879 
  0.9130204 214.4382 
  0.9376923 211.2535 
  0.9849801 207.0808 
  0.9785525 204.0054 
  0.9675047 198.9809 
  0.9278579 194.0801 
  0.8965344 186.4887 
  0.917503 179.1942 
  0.9591804 174.7808 
  0.9856673 172.185 
  0.9929792 170.476 
  0.9954612 169.6279 
  0.9953434 168.784 
  0.9932823 169.6279 
  0.9956709 170.476 
  0.9959955 170.476 
  0.9927408 169.6279 
  0.9877819 168.784 
  0.9726635 166.2773 
  0.9524941 163.8079 
  0.913142 160.5723 
  0.8555712 155.8383 
  0.7065853 155.063 
  0.3976797 155.063 
  -0.2348893 155.063 
  -0.2399335 155.063 
  -0.01181042 155.063 
  0.0186831 155.063 
  -0.04835039 155.063 
  0.1931582 155.063 
  -0.07196874 154.2915 
  0.4762528 154.2915 
  0.01914273 153.5239 
  0.05465975 152.7601 
  -0.225048 152.0001 
  -0.05670833 151.2439 
  0.09389515 151.2439 
  -0.1669373 151.2439 
  0.5556645 158.9785 
  0.6870424 155.063 
  0.7956275 151.2439 
  0.8639089 145.328 
  0.9009957 141.0434 
  0.8517764 137.5696 
  0.7511398 134.8523 
  0.4251979 136.8852 
  0.2340371 139.6435 
  -0.05224657 143.1697 
  -0.1622741 147.5188 
  -0.06379342 152.0001 
  0.2068132 155.8383 
  0.2119705 159.7734 
  0.179787 163.8079 
  -0.158658 167.9442 
  -0.07185968 172.185 
  0.1200377 176.533 
  0.2533622 180.9906 
  -0.06544051 185.5609 
  0.1650196 190.2465 
  0.02984212 194.0801 
  0.6291555 194.0801 
  0.7894859 193.1145 
  0.9970979 192.1537 
  0.9984834 192.1537 
  0.9982725 191.1978 
  0.9967603 189.3 
  0.9954526 187.4211 
  0.9915664 185.5609 
  0.9852897 181.8956 
  0.9755544 177.4156 
  0.9718536 173.046 
  0.9601841 167.9442 
  0.9604768 162.9929 
  0.957879 158.1876 
  0.9694444 153.5239 
  0.9877647 150.4914 
  0.9941154 148.2564 
  0.9992939 146.7849 
  0.9991122 146.7849 
  0.9994406 146.0546 
  0.9991928 146.0546 
  0.996491 146.0546 
  0.9857491 146.7849 
  0.9810181 146.0546 
  0.970079 146.0546 
  0.9374719 146.7849 
  0.8669761 147.5188 
  0.8289347 148.2564 
  0.5618431 148.9977 
  0.2445647 149.7427 
  0.07652768 150.4914 
  0.03414901 151.2439 
  -0.03935467 152.0001 
  0.1557786 153.5239 
  0.3756228 155.063 
  0.3837649 155.8383 
  0.2747149 156.6175 
  0.2251137 158.1876 
  0.2376248 159.7734 
  0.06333749 160.5723 
  -0.03170614 161.3751 
  0.08863817 162.182 
  0.1503924 162.9929 
  0.03433737 163.8079 
  0.05813738 164.6269 
  -0.03141849 165.4501 
  -0.1194272 166.2773 
  -0.2575589 167.1087 
  0.3766087 167.9442 
  0.3669267 168.784 
  0.5303734 169.6279 
  -0.05882074 170.476 
  0.6503998 163.8079 
  0.8177481 158.9785 
  0.9725654 155.8383 
  0.9814162 152.7601 
  0.9638732 148.9977 
  0.9682714 145.328 
  0.9903795 142.4574 
  0.9922303 141.0434 
  0.9905856 140.3417 
  0.9895235 140.3417 
  0.9806259 140.3417 
  0.9578152 138.9488 
  0.9564202 137.5696 
  0.9796628 135.5266 
  0.9254143 134.1814 
  0.8714511 132.1886 
  0.6075286 132.1886 
  -0.08140173 134.8523 
  0.3615966 137.5696 
  0.0007807384 140.3417 
  0.002382281 143.1697 
  0.09412157 146.0546 
  0.0144288 149.7427 
  0.1009712 153.5239 
  0.1553994 158.1876 
  0.2456287 162.9929 
  0.1584246 168.784 
  0.2490059 176.533 
  0.7594809 185.5609 
  0.9093829 186.4887 
  0.9838226 188.3582 
  0.9892871 190.2465 
  0.9846327 193.1145 
  0.990208 196.0257 
  0.9903639 198.9809 
  0.9789249 201.9805 
  0.9486215 205.0254 
  0.9625971 211.2535 
  0.9914793 214.4382 
  0.9773827 211.2535 
  0.9640866 206.0505 
  0.957407 198.9809 
  0.9452979 194.0801 
  0.9116079 191.1978 
  0.9369305 190.2465 
  0.9737443 189.3 
  0.9821854 188.3582 
  0.9811429 186.4887 
  0.9851321 184.6377 
  0.9787478 181.8956 
  0.9494527 178.3027 
  0.9113538 172.185 
  0.9071639 167.9442 
  0.9343271 162.9929 
  0.9431061 158.9785 
  0.9577599 156.6175 
  0.9183772 153.5239 
  0.9075385 152.0001 
  0.9588688 148.9977 
  0.9686481 147.5188 
  0.9690354 145.328 
  0.9645512 143.8855 
  0.9748356 141.7487 
  0.9632846 139.6435 
  0.985157 138.2575 
  0.9779632 136.8852 
  0.9652009 135.5266 
  0.9894599 134.1814 
  0.9756967 134.8523 
  0.9688245 136.8852 
  0.9743001 138.2575 
  0.9806741 140.3417 
  0.9903514 141.0434 
  0.9941239 142.4574 
  0.9954798 143.8855 
  0.9947095 144.605 
  0.9969804 146.0546 
  0.9961624 146.7849 
  0.9968448 148.2564 
  0.9741242 148.2564 
  0.9407001 146.7849 
  0.9055494 144.605 
  0.8609344 144.605 
  0.5593891 145.328 
  0.2818523 146.0546 
  0.1648622 146.7849 
  0.07122 147.5188 
  0.1154328 148.2564 
  -0.0310612 148.2564 
  -0.0238497 148.2564 
  -0.06299884 148.2564 
  0.1214526 148.2564 
  -0.3863061 148.2564 
  0.590126 148.2564 
  0.6294461 142.4574 
  0.7224287 138.9488 
  0.9275266 134.8523 
  0.9620291 132.1886 
  0.9928262 130.8766 
  0.9882201 130.8766 
  0.9634537 132.1886 
  0.9629942 133.5138 
  0.9575487 134.8523 
  0.9487526 136.2042 
  0.9707183 137.5696 
  0.9724964 138.2575 
  0.9846711 138.9488 
  0.9898758 139.6435 
  0.9663023 139.6435 
  0.9637902 141.0434 
  0.9719018 142.4574 
  0.9665932 143.8855 
  0.9725902 145.328 
  0.9777994 146.7849 
  0.9599302 148.2564 
  0.9285214 147.5188 
  0.8548797 146.7849 
  0.794597 143.1697 
  0.4786931 142.4574 
  0.1886651 143.1697 
  -0.01504704 144.605 
  -0.09072785 146.0546 
  -0.09945597 147.5188 
  0.2642288 148.9977 
  0.2083154 150.4914 
  -0.003540647 152.0001 
  0.1181978 153.5239 
  0.07845941 154.2915 
  0.1056375 155.063 
  0.03072991 155.8383 
  0.1758401 157.4006 
  0.3575889 158.9785 
  0.6791381 156.6175 
  0.9078562 153.5239 
  0.9713193 149.7427 
  0.9836266 146.7849 
  0.9945893 144.605 
  0.9952341 143.1697 
  0.9469348 142.4574 
  0.8925422 141.7487 
  0.7145314 141.0434 
  0.3597977 141.7487 
  0.3536976 142.4574 
  0.5766451 143.1697 
  0.5418919 144.605 
  0.2912066 145.328 
  0.1427021 146.0546 
  0.1082487 146.7849 
  -0.3264936 147.5188 
  -0.3199898 148.9977 
  0.190042 150.4914 
  0.5710779 152.0001 
  0.741972 149.7427 
  0.9017237 148.2564 
  0.949412 148.2564 
  0.9516067 149.7427 
  0.93993 151.2439 
  0.9656309 153.5239 
  0.9815384 155.063 
  0.9806517 155.8383 
  0.9782258 156.6175 
  0.982312 155.8383 
  0.962447 154.2915 
  0.9529697 152.7601 
  0.8951182 149.7427 
  0.8555544 147.5188 
  0.8879131 143.8855 
  0.8898872 141.0434 
  0.9156938 137.5696 
  0.8979692 134.1814 
  0.912877 132.1886 
  0.9299629 130.8766 
  0.8821097 128.9329 
  0.9421411 127.0181 
  0.9631019 126.3862 
  0.9797455 125.7574 
  0.9816182 125.1317 
  0.937337 123.8897 
  0.9257483 122.6601 
  0.9818268 121.4426 
  0.9748827 121.4426 
  0.9699046 121.4426 
  0.9815254 121.4426 
  0.9841868 120.8384 
  0.9717987 120.8384 
  0.8908725 122.0498 
  0.876471 123.8897 
  0.8737528 125.1317 
  0.8259602 125.7574 
  0.7842593 125.7574 
  0.7809989 125.7574 
  0.7683034 125.7574 
  0.6717066 125.7574 
  0.4597402 125.7574 
  0.329 125.7574 
  0.07043218 125.7574 
  -0.03270008 125.7574 
  -0.1111444 125.7574 
  -0.003843221 125.7574 
  -0.09010466 125.7574 
  0.1276937 125.7574 
  -0.1052612 125.7574 
  -0.01460738 125.7574 
  -0.1342246 125.7574 ]
