 [
  -0.2602818 120.8384 
  -0.1547905 120.8384 
  0.07398427 120.8384 
  0.3041179 120.8384 
  0.2249329 120.8384 
  0.08609295 120.8384 
  0.08977661 120.8384 
  -0.04306658 120.8384 
  0.3787287 120.8384 
  0.3087777 120.8384 
  -0.1557907 120.8384 
  0.1639303 120.8384 
  0.0613866 120.8384 
  0.104759 120.8384 
  0.6495839 120.8384 
  0.7345418 119.0438 
  0.7575537 117.2759 
  0.8204409 115.5342 
  0.7509314 113.2521 
  0.0235794 116.1118 
  0.493884 118.4515 
  0.518904 120.8384 
  0.1932402 123.2734 
  0.4141101 126.3862 
  0.4569434 129.5776 
  0.006391032 132.8496 
  -0.01717648 136.2042 
  0.06843077 139.6435 
  0.09656989 143.1697 
  0.1588112 146.0546 
  0.04747127 149.7427 
  0.2025334 153.5239 
  0.1499425 157.4006 
  0.2384833 162.182 
  0.6594653 167.9442 
  0.8648611 167.1087 
  0.948495 167.9442 
  0.9803534 168.784 
  0.9969958 171.3284 
  0.9996353 172.185 
  0.9988338 172.185 
  0.9992548 173.046 
  0.9975494 173.046 
  0.9498599 173.046 
  0.9170385 172.185 
  0.6984454 169.6279 
  0.009451102 167.1087 
  0.1005038 164.6269 
  0.1636963 162.182 
  0.1170436 159.7734 
  0.2405914 157.4006 
  0.1909231 155.063 
  0.1344328 152.7601 
  -0.1880114 150.4914 
  -0.3374387 148.2564 
  0.1126315 145.328 
  0.235586 142.4574 
  0.2634528 139.6435 
  -0.04941138 136.8852 
  0.1521715 134.1814 
  0.2171797 131.531 
  -0.1316208 128.9329 
  0.516559 126.3862 
  0.7651005 122.0498 
  0.9246883 121.4426 
  0.8606898 119.639 
  0.9063662 117.2759 
  0.9344263 115.5342 
  0.9134465 113.8184 
  0.9348614 111.5702 
  0.9821255 109.9132 
  0.9724472 109.3664 
  0.9747159 108.8223 
  0.9894618 108.2809 
  0.9766281 108.2809 
  0.7150003 108.8223 
  0.3995021 108.2809 
  0.3522708 113.2521 
  0.337454 106.6728 
  0.4331671 111.0151 
  0.6540384 112.6886 
  0.7757986 112.6886 
  0.8107119 115.5342 
  0.8827544 114.3874 
  0.5703245 114.3874 
  0.1438126 114.3874 
  0.0225828 113.8184 
  0.009877947 113.8184 
  -0.06688265 113.8184 
  0.1096037 113.2521 
  -0.0143933 112.6886 
  0.04956613 112.128 
  0.2693392 111.5702 
  0.6859953 114.9594 
  0.8646442 113.8184 
  0.8645961 112.128 
  0.8093085 109.9132 
  0.7775425 107.2061 
  0.720874 104.0455 
  0.8804622 102.5003 
  0.8836235 104.0455 
  0.8727922 106.6728 
  0.8726836 108.8223 
  0.8832244 110.4628 
  0.8709778 111.5702 
  0.8940291 112.6886 
  0.8802889 113.8184 
  0.8503042 116.1118 
  0.8271418 118.4515 
  0.76113 121.4426 
  0.7730801 123.8897 
  0.7200111 128.2915 
  0.8581296 131.531 
  0.9125365 133.5138 
  0.8619699 134.1814 
  0.3659749 134.1814 
  -0.01225125 134.1814 
  0.04093111 134.1814 
  0.1812398 134.1814 
  0.2552347 134.1814 
  -0.03779233 134.1814 
  -0.05623242 133.5138 
  -0.03268943 132.8496 
  -0.04546554 132.1886 
  0.06943971 131.531 
  0.3448653 130.8766 
  0.6070636 130.2255 
  0.7572313 130.2255 
  0.7335023 128.2915 
  -0.3023537 125.7574 
  -0.3506017 125.1317 
  0.0274864 124.5092 
  -0.07906232 123.8897 
  0.0319529 123.2734 
  -0.08533168 122.6601 
  0.01343881 122.0498 
  0.1390224 121.4426 
  0.19639 120.8384 
  0.2187273 120.2372 
  0.03479783 119.639 
  0.3780271 119.0438 
  0.4418945 125.1317 
  0.6614935 122.6601 
  0.9626896 121.4426 
  0.9863741 120.8384 
  0.9950124 120.8384 
  0.9776025 120.8384 
  0.9733249 120.2372 
  0.940487 120.2372 
  0.948774 121.4426 
  0.9230938 122.0498 
  0.8183674 122.0498 
  0.8267192 124.5092 
  0.9699929 125.7574 
  0.9896735 127.0181 
  0.9106686 127.0181 
  0.8854854 126.3862 
  0.8999469 125.1317 
  0.9607313 123.8897 
  0.9126197 122.6601 
  0.8680913 122.0498 
  0.7997093 120.2372 
  0.7835572 117.8622 
  0.7048284 113.2521 
  0.899804 111.0151 
  0.7742656 109.9132 
  0.674964 108.2809 
  0.6144577 105.614 
  0.9798779 106.142 
  0.9984831 106.142 
  0.9784024 105.614 
  0.9357555 105.614 
  0.9409614 105.0885 
  0.9390074 104.5657 
  0.9758917 103.5278 
  0.98374 103.5278 
  0.9509468 103.0128 
  0.9516277 102.5003 
  0.9417728 103.5278 
  0.9348137 104.5657 
  0.9645137 104.5657 
  0.9796947 104.5657 
  0.9629139 105.0885 
  0.9511618 106.142 
  0.8882897 107.7421 
  0.8192906 109.9132 
  0.7067589 112.128 
  0.9054642 113.8184 
  0.9854592 114.9594 
  0.9370315 115.5342 
  0.8538058 116.6924 
  0.8375153 118.4515 
  0.7632948 119.0438 
  0.653766 120.2372 
  -0.01991709 120.2372 
  0.6092961 120.8384 
  0.5590757 121.4426 
  0.6362149 122.0498 
  0.916641 122.6601 
  0.9546499 123.2734 
  0.9785229 123.2734 
  0.9763029 123.8897 
  0.9678741 123.2734 
  0.959621 122.0498 
  0.9665998 120.8384 
  0.951352 118.4515 
  0.9250103 116.1118 
  0.9182236 113.8184 
  0.8905899 112.6886 
  0.7117971 113.2521 
  0.4885406 114.9594 
  0.1060009 116.6924 
  -0.06187364 118.4515 
  -0.1263331 120.2372 
  0.04957122 122.0498 
  0.05852539 123.8897 
  -0.193789 125.7574 
  -0.1531834 127.6532 
  -0.001711376 129.5776 
  0.193813 131.531 
  0.4428497 133.5138 
  0.03508366 135.5266 
  0.01479835 137.5696 
  -0.01373868 139.6435 
  -0.02583303 141.0434 
  -0.1172201 143.1697 
  -0.09746844 144.605 
  0.1231092 146.0546 
  0.7464421 146.7849 
  0.6084078 140.3417 
  0.7655063 135.5266 
  0.9796754 132.1886 
  0.985643 130.2255 
  0.9852204 128.2915 
  0.9737129 127.0181 
  0.9574842 125.1317 
  0.9240087 123.8897 
  0.8627454 122.6601 
  0.4579573 121.4426 
  -0.07753685 120.2372 
  -0.07292374 119.0438 
  -0.05256786 117.8622 
  0.1467789 116.6924 
  0.2303664 115.5342 
  0.2598476 114.9594 
  0.3060729 114.3874 
  0.2063586 113.2521 
  0.1140755 112.128 
  0.1033531 111.0151 
  0.2127942 109.9132 
  0.1565967 108.8223 
  -0.1122643 107.7421 
  0.1025419 106.6728 
  0.3023854 105.614 
  0.3251293 104.5657 
  0.1354339 104.0455 
  0.6541124 107.2061 
  0.8571264 108.2809 
  0.8089863 108.2809 
  0.8214225 107.7421 
  0.8427029 105.614 
  0.8386084 105.614 
  0.6999822 104.0455 
  0.5198054 104.5657 
  0.4466025 99.97575 
  0.4303947 107.7421 
  0.3794611 97.51342 
  0.528034 108.2809 
  0.4917088 93.6992 
  0.5082196 92.7692 
  0.4798787 94.63854 
  0.7637511 95.11173 
  0.2853249 95.11173 
  0.422187 95.11173 
  0.6086138 94.63854 
  0.4649899 95.5873 
  0.1607842 92.30766 
  0.5683049 99.97575 
  0.5265346 90.48434 
  0.3956763 100.978 
  0.1722656 117.2759 
  0.2626616 117.8622 
  0.15681 120.2372 
  0.1987919 120.2372 
  0.06972541 123.2734 
  0.01723464 123.8897 
  0.03039557 123.8897 
  0.2741275 123.8897 
  -0.06120054 123.8897 
  -0.1536063 123.8897 
  0.06908315 123.8897 
  -0.09254048 123.8897 
  0.2376609 123.8897 
  -0.00115444 123.8897 
  -0.02038082 123.8897 
  -0.2053251 123.8897 
  0.157694 123.8897 
  0.1144561 123.8897 ]
