 [
  -0.1521054 141.7487 
  -0.2650126 141.7487 
  -0.2769328 141.7487 
  -0.05131812 141.7487 
  -0.005795383 141.7487 
  -0.04920255 141.7487 
  -0.02752922 141.7487 
  -0.09690271 141.7487 
  -0.2321989 141.7487 
  -0.3430763 141.7487 
  -0.1565482 141.7487 
  -0.2555754 141.7487 
  0.1857705 141.7487 
  -0.06205025 141.7487 
  0.008783286 141.7487 
  0.05932464 141.7487 
  -0.05874833 141.0434 
  0.1695109 140.3417 
  0.2181123 140.3417 
  0.170367 140.3417 
  0.6219067 152.0001 
  0.5533887 153.5239 
  0.7944523 158.1876 
  0.9434042 161.3751 
  0.8811516 159.7734 
  0.8860799 157.4006 
  0.87151 156.6175 
  0.60135 155.8383 
  -0.02857452 155.8383 
  -0.2030635 155.8383 
  0.0119863 155.8383 
  -0.05352956 155.8383 
  -0.2328271 155.8383 
  -0.2228331 155.8383 
  -0.1993889 155.8383 
  -0.1828393 155.8383 
  -0.07840587 155.8383 
  0.1186372 155.8383 
  -0.05716404 155.8383 
  0.003768006 155.063 
  0.1661385 154.2915 
  0.8447073 155.8383 
  0.8757818 155.063 
  0.9585003 153.5239 
  0.9546809 152.7601 
  0.984682 151.2439 
  0.984158 150.4914 
  0.9868388 150.4914 
  0.991779 150.4914 
  0.9879987 150.4914 
  0.9866539 150.4914 
  0.9824859 150.4914 
  0.9702396 151.2439 
  0.9781428 152.7601 
  0.9768882 154.2915 
  0.9866993 155.063 
  0.9896219 155.063 
  0.9921289 155.063 
  0.9869111 155.063 
  0.9909025 155.8383 
  0.989643 155.8383 
  0.9789126 155.063 
  0.9586608 153.5239 
  0.9625064 151.2439 
  0.9405301 148.9977 
  0.9035815 145.328 
  0.8762269 141.0434 
  0.7714335 135.5266 
  0.5220826 130.8766 
  0.2408594 126.3862 
  0.01232564 122.0498 
  -0.1259456 117.8622 
  -0.3240495 113.8184 
  0.2570245 109.3664 
  0.4991709 107.2061 
  0.5988456 106.6728 
  0.411619 105.614 
  0.4981719 104.0455 
  0.3746907 105.0885 
  0.3117926 107.2061 
  0.8753127 106.6728 
  0.8560742 107.7421 
  0.4034013 109.9132 
  0.04723499 112.128 
  0.1685031 114.3874 
  0.1858089 116.6924 
  0.2952899 119.0438 
  0.07269575 121.4426 
  0.1733668 123.8897 
  -0.1072147 127.0181 
  -0.1056408 130.2255 
  -0.107186 134.1814 
  -0.0108577 138.2575 
  -0.02650855 141.7487 
  -0.2722966 146.0546 
  0.7344018 151.2439 
  0.6274506 146.7849 
  0.7971874 143.8855 
  0.9863623 143.8855 
  0.9906503 143.1697 
  0.9867234 143.8855 
  0.9812435 143.8855 
  0.98655 144.605 
  0.9863654 143.8855 
  0.9944322 143.1697 
  0.9921303 143.1697 
  0.9617981 142.4574 
  0.8907252 142.4574 
  0.8508586 139.6435 
  0.8896962 140.3417 
  0.9195768 138.9488 
  0.9185305 136.8852 
  0.8482693 133.5138 
  0.8387806 130.2255 
  0.8786007 127.0181 
  0.7491508 123.8897 
  0.7465247 119.639 
  0.6509827 117.2759 
  0.9621515 117.2759 
  0.9480317 117.2759 
  0.9475415 116.1118 
  0.8848463 115.5342 
  0.8262258 114.3874 
  0.6515132 113.8184 
  0.9729139 114.3874 
  0.9853857 114.3874 
  0.9879239 113.8184 
  0.9985046 113.2521 
  0.9295346 113.2521 
  0.8616241 113.2521 
  0.9190143 113.8184 
  0.952508 113.2521 
  0.9411371 112.6886 
  0.9084969 111.5702 
  0.8357469 110.4628 
  0.5453511 109.9132 
  0.1806638 110.4628 
  0.363245 111.5702 
  0.1031709 112.6886 
  0.471881 113.8184 
  0.8460222 114.9594 
  0.9177393 116.6924 
  0.9300746 118.4515 
  0.9426602 119.0438 
  0.9205186 120.2372 
  0.9166742 121.4426 
  0.8825721 122.6601 
  0.890237 123.2734 
  0.8669147 123.2734 
  0.9387 123.8897 
  0.9549361 123.8897 
  0.9683113 123.8897 
  0.973994 123.2734 
  0.9826548 123.2734 
  0.9803306 123.8897 
  0.9831606 123.2734 
  0.9878359 123.2734 
  0.9807038 123.2734 
  0.9744275 122.6601 
  0.9669442 122.0498 
  0.9718067 122.0498 
  0.8507875 120.8384 
  0.6419987 119.0438 
  0.4642407 115.5342 
  0.2542816 114.3874 
  0.1111294 114.3874 
  0.1718128 116.6924 
  0.6280076 115.5342 
  0.2082885 114.3874 
  0.4344709 127.6532 
  0.9626083 128.2915 
  0.9432241 129.5776 
  0.9116269 130.2255 
  0.8835338 130.8766 
  0.8492426 131.531 
  0.9836378 130.8766 
  0.945109 129.5776 
  0.8320491 127.6532 
  0.9081758 125.7574 
  0.9519272 125.7574 
  0.950202 127.0181 
  0.9527289 126.3862 
  0.9429451 124.5092 
  0.9492055 123.2734 
  0.9472365 122.0498 
  0.8830392 119.639 
  0.8385482 117.2759 
  0.7591887 115.5342 
  0.08604428 114.9594 
  0.3370169 115.5342 
  0.299329 116.1118 
  -0.1237368 116.6924 
  0.1384566 117.2759 
  0.2766582 117.8622 
  0.5222833 118.4515 
  -0.4366651 119.0438 
  0.485275 118.4515 
  0.7417917 116.6924 
  0.9464552 116.1118 
  0.9651474 115.5342 
  0.9648836 115.5342 
  0.9790379 115.5342 
  0.9755924 115.5342 
  0.9808486 115.5342 
  0.9732058 114.9594 
  0.9570673 114.3874 
  0.912713 113.8184 
  0.7724689 114.3874 
  0.3857243 115.5342 
  0.3546329 117.2759 
  0.252185 118.4515 
  0.3068769 119.639 
  0.2049121 120.8384 
  0.1216041 121.4426 
  -0.1432755 122.0498 
  -0.1784172 122.6601 
  -0.1185023 122.6601 
  0.03142813 122.6601 
  0.7143927 122.0498 
  0.7276855 120.2372 
  0.7930075 118.4515 
  0.8279255 114.3874 
  0.8333739 111.5702 
  0.7461072 110.4628 
  0.4352941 111.0151 
  0.6707281 111.5702 
  0.9104209 112.128 
  0.9610171 112.6886 
  0.9778979 112.6886 
  0.9482614 112.6886 
  0.7926583 112.6886 
  0.841315 112.128 
  0.8987792 111.0151 
  0.9479599 109.9132 
  0.9679806 108.8223 
  0.964087 107.7421 
  0.9218094 107.2061 
  0.8343368 107.2061 
  0.6460561 108.2809 
  0.7355839 109.9132 
  0.8140633 112.128 
  0.7481823 114.3874 
  0.8422372 114.9594 
  0.9104328 114.9594 
  0.9507583 114.3874 
  0.9700425 114.3874 
  0.9311063 114.9594 
  0.9281181 116.1118 
  0.9738905 117.2759 
  0.9547559 118.4515 
  0.9274179 119.0438 
  0.9703653 120.2372 
  0.9724835 120.8384 
  0.9859784 121.4426 
  0.9755233 121.4426 
  0.9815315 120.8384 
  0.9653147 120.8384 
  0.8509578 120.2372 
  0.7578 117.8622 
  0.07611969 118.4515 
  0.6432658 118.4515 
  0.6082863 116.1118 
  0.7377605 114.3874 
  0.9034876 112.128 
  0.9148571 110.4628 
  0.9522942 108.8223 
  0.9617333 108.2809 
  0.9383417 107.7421 
  0.9125354 108.2809 
  0.8849088 109.3664 
  0.9298033 110.4628 
  0.8885767 111.5702 
  0.7283643 112.128 
  0.4521132 112.128 
  0.1473721 112.128 
  0.5932981 112.128 
  0.2728984 112.128 
  -0.2622706 112.128 
  -0.2106909 112.128 
  -0.1216476 112.128 
  0.03889297 112.128 
  -0.06311478 112.128 
  -0.1500412 112.128 
  -0.08023677 112.128 
  -0.006893984 112.128 ]
