 [
  0.1663899 242.9146 
  0.04031812 242.9146 
  0.06084488 242.9146 
  -0.04943756 242.9146 
  -0.004801807 242.9146 
  0.3086777 242.9146 
  0.2173567 242.9146 
  0.6151538 242.9146 
  0.7805598 242.9146 
  0.7111283 242.9146 
  0.6172302 242.9146 
  0.3689786 244.1292 
  0.1037073 246.5766 
  0.03075806 249.0485 
  0.06765745 251.5452 
  0.02230469 255.3373 
  -0.09357645 259.1866 
  0.09202361 263.0938 
  -0.03278764 267.06 
  -0.0484055 271.0859 
  0.7534786 275.1726 
  0.9415079 280.7175 
  0.9605588 284.9493 
  0.9771937 286.3741 
  0.9791623 290.6912 
  0.9671744 295.0734 
  0.9730622 301.0193 
  0.9899299 305.5572 
  0.9932435 307.085 
  0.9849114 308.6204 
  0.9639037 310.1635 
  0.9063541 310.1635 
  0.7190478 307.085 
  -0.1112247 302.5244 
  0.02624406 298.0316 
  0.01826773 293.6054 
  -0.1383274 289.245 
  -0.05989601 284.9493 
  0.1618298 280.7175 
  0.04453931 275.1726 
  0.0100285 268.3953 
  -0.02739904 261.7849 
  0.262786 254.067 
  0.05524396 246.5766 
  0.204265 239.307 
  0.3486376 232.2518 
  0.7542472 226.5316 
  0.7805057 216.5879 
  0.8261365 211.2535 
  0.8962924 205.0254 
  0.925372 199.9758 
  0.923057 195.0505 
  0.9250907 190.2465 
  0.9141839 186.4887 
  0.899022 181.8956 
  0.9352345 178.3027 
  0.86165 173.046 
  0.5587301 170.476 
  0.3035873 207.0808 
  0.5153183 200.9756 
  0.2491404 191.1978 
  0.1326668 194.0801 
  0.3301257 201.9805 
  0.2610751 201.9805 
  0.4916468 199.9758 
  0.8872317 197.0059 
  0.9927167 194.0801 
  0.9924018 193.1145 
  0.990536 194.0801 
  0.9898538 196.0257 
  0.9953929 197.0059 
  0.9968604 197.0059 
  0.9883938 196.0257 
  0.989049 193.1145 
  0.992885 190.2465 
  0.9905914 189.3 
  0.9886453 187.4211 
  0.9836861 188.3582 
  0.9805183 188.3582 
  0.9637183 187.4211 
  0.9566186 185.5609 
  0.9812253 183.7191 
  0.9870918 182.8051 
  0.9672009 181.8956 
  0.9565651 180.0902 
  0.9755274 177.4156 
  0.9840318 176.533 
  0.9732417 176.533 
  0.9604677 178.3027 
  0.9718183 180.9906 
  0.9796495 182.8051 
  0.9863755 183.7191 
  0.9500121 182.8051 
  0.9192455 181.8956 
  0.8591366 180.0902 
  0.8191976 180.9906 
  0.9944277 181.8956 
  0.9849951 182.8051 
  0.9609212 184.6377 
  0.460214 186.4887 
  0.1994465 189.3 
  0.1901991 192.1537 
  0.4596893 194.0801 
  0.903513 196.0257 
  0.9466708 197.0059 
  0.9786923 198.9809 
  0.9945294 199.9758 
  0.9976518 199.9758 
  0.9990799 199.9758 
  0.9984033 199.9758 
  0.9983665 198.9809 
  0.9994451 197.9909 
  0.9978644 197.9909 
  0.9712679 197.0059 
  0.9357843 197.0059 
  0.8456219 195.0505 
  0.8786625 196.0257 
  0.9197133 197.0059 
  0.8943701 197.9909 
  0.9469632 197.0059 
  0.9766433 195.0505 
  0.9838442 193.1145 
  0.9556298 191.1978 
  0.9355407 188.3582 
  0.8688517 187.4211 
  0.9907724 187.4211 
  0.994148 188.3582 
  0.9851866 189.3 
  0.9686551 190.2465 
  0.8228708 192.1537 
  0.5510398 194.0801 
  -0.03358057 196.0257 
  -0.07965317 198.9809 
  0.02097143 200.9756 
  0.09848557 202.9904 
  -0.006272541 205.0254 
  -0.2988768 207.0808 
  0.03202834 209.1568 
  0.07128978 211.2535 
  0.242169 213.3714 
  0.6437353 216.5879 
  0.775531 207.0808 
  0.8844535 201.9805 
  0.9867896 198.9809 
  0.9963465 197.0059 
  0.9988983 197.0059 
  0.9982321 197.0059 
  0.9971625 197.9909 
  0.9983973 197.9909 
  0.9978257 197.9909 
  0.9871819 197.9909 
  0.9799399 196.0257 
  0.9666746 194.0801 
  0.9544116 192.1537 
  0.9366212 192.1537 
  0.9494787 194.0801 
  0.9294783 196.0257 
  0.9716961 197.0059 
  0.9869468 196.0257 
  0.9902267 195.0505 
  0.9905843 193.1145 
  0.9966729 191.1978 
  0.9976909 191.1978 
  0.9958172 190.2465 
  0.9921297 189.3 
  0.9870504 188.3582 
  0.9716125 186.4887 
  0.9814455 183.7191 
  0.9815429 181.8956 
  0.9649894 180.0902 
  0.9423785 178.3027 
  0.9358021 174.7808 
  0.9411178 173.046 
  0.9779978 173.046 
  0.9848506 173.9112 
  0.9732995 175.6547 
  0.9678074 178.3027 
  0.9771812 180.0902 
  0.9867118 180.9906 
  0.9392956 180.9906 
  0.8180735 180.9906 
  0.6338028 180.9906 
  0.1609517 182.8051 
  -0.006948344 185.5609 
  0.04735951 189.3 
  -0.2428097 193.1145 
  -0.07715713 197.9909 
  0.1702811 202.9904 
  0.04442864 208.1162 
  -0.0425118 213.3714 
  0.04279356 218.7592 
  -0.05624359 223.1673 
  0.2002269 227.6642 
  0.4315066 233.4131 
  0.591102 240.5036 
  0.8980928 246.5766 
  0.9601903 249.0485 
  0.9713014 251.5452 
  0.9614936 257.8971 
  0.9752676 264.4093 
  0.972358 268.3953 
  0.9494898 271.0859 
  0.9183183 272.4414 
  0.983963 272.4414 
  0.9719535 269.7372 
  0.954272 265.7313 
  0.9082552 260.4825 
  0.02301579 255.3373 
  -0.01454336 250.2938 
  -0.02626102 245.3498 
  -0.01351011 240.5036 
  -0.174011 236.9318 
  0.5678483 233.4131 
  0.5490776 229.9466 
  0.4913594 224.2832 
  0.783157 216.5879 
  0.6743125 214.4382 
  0.1817375 213.3714 
  0.0758793 212.3098 
  -0.1195652 211.2535 
  0.04296078 210.2025 
  -0.4021185 209.1568 
  -0.2310536 208.1162 
  0.1426229 207.0808 
  0.161497 206.0505 
  0.3094071 204.0054 
  -0.06923372 201.9805 
  -0.06735246 199.9758 
  0.446255 197.9909 
  0.7634748 195.0505 
  0.8176851 190.2465 
  0.8705901 185.5609 
  0.9696798 178.3027 
  0.9818745 174.7808 
  0.9898291 173.046 
  0.9964085 172.185 
  0.9975119 172.185 
  0.9950298 171.3284 
  0.9942309 170.476 
  0.9743221 170.476 
  0.9164398 170.476 
  0.7862489 170.476 
  0.5443876 170.476 
  0.881957 171.3284 
  0.8568127 172.185 
  0.7893109 173.046 
  -0.01035398 173.9112 
  -7.752096e-05 174.7808 
  -0.005605249 175.6547 
  -0.3058903 176.533 
  -0.1188189 177.4156 
  -0.1107082 178.3027 
  0.4884885 178.3027 
  0.01578236 178.3027 
  0.4791684 178.3027 
  0.04307161 179.1942 
  0.2621988 180.0902 
  -0.1023221 180.0902 
  0.1313874 180.0902 
  0.04047077 182.8051 
  -0.08885819 188.3582 
  -0.05927359 194.0801 
  0.2945017 199.9758 
  0.614312 205.0254 
  0.7771487 198.9809 
  0.8392276 193.1145 
  0.8873892 187.4211 
  0.9380887 181.8956 
  0.955284 177.4156 
  0.9450712 173.9112 
  0.9196925 169.6279 
  0.834596 166.2773 
  0.5635345 165.4501 
  -0.0601044 165.4501 
  0.1755645 169.6279 
  0.5538335 173.9112 
  0.007856289 178.3027 
  0.0572478 182.8051 
  -0.004161733 187.4211 
  0.01170557 192.1537 
  0.2257783 197.0059 
  0.100506 201.9805 
  -0.04574812 207.0808 
  0.1292681 212.3098 
  -0.01196893 217.6709 
  0.6264846 223.1673 
  0.5141705 228.8026 
  0.4954374 233.4131 
  0.3547721 238.1164 
  0.4368917 240.5036 
  0.2483078 241.7061 
  0.2533764 241.7061 
  0.3649738 241.7061 
  0.3441071 241.7061 
  0.1730396 241.7061 
  -0.07679966 241.7061 
  -0.2474283 241.7061 
  -0.1313927 241.7061 
  -0.1452725 241.7061 
  -0.2790588 241.7061 
  -0.0812366 241.7061 
  0.03351351 241.7061 
  0.1193459 241.7061 
  0.1694072 241.7061 
  -0.09871188 241.7061 
  0.01243307 241.7061 
  -0.009645268 241.7061 
  -0.08295809 241.7061 
  -0.08681986 241.7061 
  -0.2769424 241.7061 
  -0.2543204 241.7061 
  0.0663152 241.7061 
  0.08966368 241.7061 
  -0.110623 241.7061 
  -0.2247777 241.7061 
  -0.07912536 241.7061 
  0.05030517 241.7061 
  -0.2025625 241.7061 
  -0.3018818 241.7061 
  -0.1737544 241.7061 
  0.1428836 241.7061 
  0.1697023 241.7061 
  -0.1368148 241.7061 
  -0.4516765 241.7061 ]
