 [
  0.5320705 165.4501 
  0.1852639 165.4501 
  0.2579055 165.4501 
  0.3201745 165.4501 
  0.1489494 165.4501 
  -0.003924477 165.4501 
  -0.04538387 165.4501 
  0.2076031 165.4501 
  -0.1358984 165.4501 
  -0.1233222 165.4501 
  0.1972377 165.4501 
  0.02908396 165.4501 
  -0.0502665 165.4501 
  -0.1356018 165.4501 
  -0.1062277 165.4501 
  -0.07971133 165.4501 
  -0.1551696 165.4501 
  0.1178507 165.4501 
  0.1230608 165.4501 
  0.2862808 165.4501 
  0.1679674 166.2773 
  0.1194879 167.1087 
  -0.04421655 168.784 
  -0.1963289 170.476 
  0.5787028 173.046 
  0.4352523 146.7849 
  0.6024711 139.6435 
  0.7812527 138.9488 
  0.7813985 134.8523 
  0.364179 130.8766 
  0.8712599 131.531 
  0.6285201 132.8496 
  0.2103409 134.1814 
  0.008393357 135.5266 
  0.1639605 136.8852 
  0.08169211 138.2575 
  0.1313624 139.6435 
  0.07008252 141.0434 
  -0.02255755 142.4574 
  -0.04142421 143.8855 
  0.7022827 145.328 
  0.4475868 134.1814 
  0.6379347 128.2915 
  0.9128106 125.7574 
  0.942107 123.2734 
  0.9271482 121.4426 
  0.9686806 120.2372 
  0.9691741 120.2372 
  0.9648451 121.4426 
  0.9653977 122.0498 
  0.9661469 122.0498 
  0.9602672 121.4426 
  0.9531112 120.2372 
  0.9675181 120.2372 
  0.9535112 119.639 
  0.9475064 119.0438 
  0.8236997 119.639 
  0.3543849 127.6532 
  0.7968874 130.2255 
  0.8087519 130.8766 
  0.8120481 132.1886 
  0.8735805 130.8766 
  0.7179215 129.5776 
  0.4327896 128.2915 
  0.1468522 125.7574 
  0.08168738 125.1317 
  0.1087655 125.1317 
  0.2648317 125.7574 
  0.2006181 126.3862 
  0.1113522 127.0181 
  -0.1249689 127.6532 
  -0.1021385 128.2915 
  -0.08471934 128.9329 
  -0.1230475 128.9329 
  -0.2865158 128.9329 
  -0.0917253 128.9329 
  -0.09025798 128.9329 
  0.2667985 128.9329 
  0.1048518 128.9329 
  0.01054778 128.9329 
  0.2974856 128.9329 
  0.4845045 136.8852 
  0.5933319 138.9488 
  0.8815567 141.7487 
  0.648771 141.7487 
  0.06750689 143.1697 
  -0.04786421 145.328 
  0.179926 147.5188 
  0.0317627 149.7427 
  -0.148524 152.0001 
  -0.1661672 153.5239 
  -0.1293368 155.8383 
  -0.02562002 158.1876 
  0.7758582 160.5723 
  0.5556852 146.7849 
  0.7828067 143.1697 
  0.8630552 141.0434 
  0.9410318 138.9488 
  0.9177573 137.5696 
  0.8130583 136.8852 
  0.4501576 133.5138 
  0.04928782 133.5138 
  -0.2116816 134.1814 
  0.1235558 134.8523 
  0.3923663 135.5266 
  -0.1119349 136.2042 
  -0.01601209 136.8852 
  -0.03159535 137.5696 
  -0.09851961 138.2575 
  -0.008993602 138.9488 
  0.06450761 138.9488 
  0.1044652 138.9488 
  -0.1200122 138.9488 
  0.4243153 139.6435 
  0.5965465 136.8852 
  0.8737825 135.5266 
  0.9665016 134.8523 
  0.9369389 132.8496 
  0.9352368 130.2255 
  0.8829734 128.9329 
  0.494699 128.2915 
  0.170657 128.9329 
  0.08294821 129.5776 
  -0.005306479 130.2255 
  -0.1777618 130.8766 
  -0.03223343 131.531 
  -0.0412944 132.1886 
  -0.131634 133.5138 
  -0.07825353 134.8523 
  -0.01144002 136.2042 
  0.2261143 137.5696 
  0.1316765 138.9488 
  0.07741283 140.3417 
  0.04056069 141.7487 
  0.2248868 142.4574 
  0.5867164 139.6435 
  0.6846411 130.2255 
  0.8240088 128.9329 
  0.9712898 128.2915 
  0.9868439 127.6532 
  0.9818449 127.6532 
  0.9441287 128.2915 
  0.9781641 128.9329 
  0.9872895 128.9329 
  0.9810067 128.2915 
  0.907126 127.6532 
  0.8449583 124.5092 
  0.8287282 122.0498 
  0.863901 118.4515 
  0.7190193 117.2759 
  0.4715391 119.0438 
  0.3433882 121.4426 
  0.2180172 123.8897 
  -0.1279913 126.3862 
  -0.2880083 128.9329 
  0.2912602 131.531 
  0.3677261 133.5138 
  0.8030044 135.5266 
  0.9051386 134.1814 
  0.9867857 132.8496 
  0.9862903 131.531 
  0.9947092 130.2255 
  0.9984083 130.2255 
  0.9904805 130.2255 
  0.9829646 132.1886 
  0.9883251 133.5138 
  0.985252 134.8523 
  0.9619132 137.5696 
  0.9567758 140.3417 
  0.9553403 143.8855 
  0.9631723 146.7849 
  0.9388132 150.4914 
  0.9162232 154.2915 
  0.956157 157.4006 
  0.8870506 158.1876 
  0.6699278 158.1876 
  0.1864849 158.1876 
  0.1433882 158.1876 
  0.08554102 158.1876 
  0.1387932 158.1876 
  0.2069564 158.1876 
  0.01519725 158.1876 
  -0.07117837 158.1876 
  -0.01771898 158.1876 
  -0.1451795 158.1876 
  -0.2282051 158.1876 
  -0.02714249 158.1876 
  -0.08448133 158.1876 
  -0.02182835 158.1876 
  0.1291693 158.1876 
  0.072911 158.1876 
  -0.05223236 158.1876 
  -0.1170485 158.1876 
  -0.1754462 158.1876 
  -0.1139974 158.1876 
  0.05991943 158.1876 
  -0.08950211 158.1876 
  -0.0210327 158.1876 ]
