 [
  -0.1891284 113.8184 
  -0.2380385 113.8184 
  -0.104978 113.8184 
  -0.1868764 113.8184 
  -0.04002439 113.8184 
  0.1465249 113.8184 
  0.02899546 113.8184 
  -0.1065164 113.8184 
  -0.08911824 113.8184 
  -0.2033133 113.8184 
  0.01956156 113.8184 
  0.03951794 113.8184 
  0.003623044 113.8184 
  -0.04819729 113.8184 
  -0.09864556 113.8184 
  -0.04549376 113.8184 
  -0.2021338 115.5342 
  0.4362751 117.2759 
  0.6729159 120.8384 
  0.8137997 122.0498 
  0.9329289 123.2734 
  0.943564 124.5092 
  0.9102558 125.7574 
  0.9208511 127.0181 
  0.9493825 128.2915 
  0.9648982 128.2915 
  0.9614854 128.2915 
  0.9589257 129.5776 
  0.8698487 130.8766 
  0.8517035 133.5138 
  0.8429477 136.2042 
  0.8001969 138.9488 
  0.8396351 141.0434 
  0.8772142 143.1697 
  0.8286764 143.1697 
  0.7067416 143.8855 
  0.5927678 142.4574 
  0.420969 142.4574 
  0.2547072 143.1697 
  0.4785125 143.1697 
  0.0534421 143.8855 
  0.06569558 144.605 
  0.05845832 144.605 
  0.5215987 145.328 
  0.7023201 143.1697 
  0.638063 139.6435 
  0.6855391 135.5266 
  0.6028413 132.1886 
  0.6955967 126.3862 
  0.9594057 125.1317 
  0.9098256 125.1317 
  0.9323452 125.7574 
  0.9516056 125.7574 
  0.9905879 125.7574 
  0.9885243 126.3862 
  0.9945555 126.3862 
  0.9993926 126.3862 
  0.991289 127.0181 
  0.9919803 126.3862 
  0.993078 126.3862 
  0.9897503 126.3862 
  0.9911323 125.7574 
  0.9878291 125.7574 
  0.976752 125.1317 
  0.9666999 123.8897 
  0.9835764 123.2734 
  0.9909957 122.6601 
  0.9907172 122.6601 
  0.9914787 122.0498 
  0.9945142 121.4426 
  0.9918202 121.4426 
  0.9945411 120.8384 
  0.9906782 121.4426 
  0.9817041 121.4426 
  0.9716057 120.2372 
  0.9667556 119.639 
  0.9927018 118.4515 
  0.9878193 118.4515 
  0.9257455 117.2759 
  0.9299865 114.9594 
  0.8517904 113.2521 
  0.6667438 111.5702 
  0.4574347 109.3664 
  0.4704503 104.0455 
  -0.3648074 105.0885 
  -0.2103301 104.5657 
  0.3057348 105.614 
  0.7336172 108.2809 
  0.869452 111.5702 
  0.9261032 114.3874 
  0.9606602 117.2759 
  0.9766924 119.0438 
  0.973905 120.2372 
  0.9853491 120.8384 
  0.9948787 120.8384 
  0.9900436 121.4426 
  0.9939868 122.0498 
  0.9925697 122.0498 
  0.9936786 121.4426 
  0.9858066 122.0498 
  0.9845899 122.0498 
  0.9875311 122.6601 
  0.9915911 122.6601 
  0.9899846 122.0498 
  0.9810732 120.8384 
  0.9534602 119.639 
  0.9571207 117.8622 
  0.9753101 116.6924 
  0.9600052 116.1118 
  0.9465151 116.1118 
  0.9355515 115.5342 
  0.9526139 115.5342 
  0.9699033 114.3874 
  0.8493263 112.128 
  0.830861 109.3664 
  0.8345684 106.6728 
  0.7137031 104.5657 
  0.6895216 101.9903 
  0.2512872 101.4829 
  0.3507452 103.5278 
  0.1432229 103.0128 
  0.0528656 102.5003 
  0.2105472 101.9903 
  -0.02800791 101.4829 
  0.02780149 100.978 
  0.09645297 100.4756 
  0.07738791 99.47836 
  -0.07932734 98.491 
  -0.2148448 97.51342 
  0.1640761 96.54556 
  0.3603764 95.11173 
  0.5481927 96.06523 
  0.5591261 98.491 
  0.3508622 94.1677 
  0.8198052 93.23304 
  0.4091607 96.06523 
  0.5242149 100.978 
  0.5727084 99.97575 
  0.6604813 99.97575 
  0.6971123 103.0128 
  0.7442043 105.614 
  0.8067132 106.6728 
  0.7822466 106.6728 
  0.8815917 104.5657 
  0.7041659 104.0455 
  0.5177056 104.0455 
  0.1910239 103.0128 
  -0.06375089 101.4829 
  -0.09409514 100.4756 
  -0.1522106 99.47836 
  0.2209949 98.491 
  0.6273667 98.00098 
  0.840314 98.491 
  0.8151327 99.97575 
  0.6166999 100.978 
  0.4566352 102.5003 
  -0.01896257 103.5278 
  0.2247166 104.5657 
  -0.1692427 105.614 
  0.04998424 107.2061 
  0.1692683 108.8223 
  0.1870675 109.9132 
  0.04046459 111.0151 
  0.5018196 112.128 
  0.346089 111.5702 
  0.658865 112.6886 
  0.8118296 112.128 
  0.9267421 112.128 
  0.9269413 111.5702 
  0.9286094 111.5702 
  0.9414639 112.128 
  0.9551086 112.128 
  0.9588827 112.128 
  0.9602157 112.128 
  0.961655 111.5702 
  0.953757 111.5702 
  0.9453686 111.0151 
  0.9453633 109.9132 
  0.9392085 108.2809 
  0.7661748 106.142 
  0.571191 100.4756 
  0.4787554 94.1677 
  0.8453889 89.14054 
  0.8044523 86.0821 
  0.88793 83.96195 
  0.9187589 83.54424 
  0.6876404 85.65383 
  0.4352481 88.69706 
  0.2678909 95.11173 
  0.753767 99.47836 
  0.8460695 103.0128 
  0.9413187 105.614 
  0.9272441 106.142 
  0.8182541 106.142 
  0.7695651 104.5657 
  0.9258693 103.0128 
  0.9575356 103.5278 
  0.9761346 103.5278 
  0.9877301 103.5278 
  0.9432307 102.5003 
  0.6816655 101.4829 
  0.6084637 98.98344 
  0.6658337 96.06523 
  0.1233579 98.00098 
  0.03534069 98.00098 
  -0.02833645 98.491 
  0.05539657 98.98344 
  0.124956 99.97575 
  0.1223841 101.4829 
  0.09709966 103.0128 
  0.2048781 103.5278 
  0.1789625 103.5278 
  0.09253342 104.0455 
  0.06793151 104.0455 
  -0.07459632 104.0455 
  -0.0353157 104.0455 
  -0.03585085 104.0455 
  -0.1717171 104.0455 
  0.02294208 104.0455 
  0.2425421 104.0455 
  -0.1280425 104.0455 
  0.006618951 104.0455 
  -0.0880433 104.0455 
  -0.19604 104.0455 
  -0.03461619 104.0455 
  -0.009388093 104.0455 
  0.03192316 104.0455 
  -0.04970641 104.0455 
  0.1751603 104.0455 
  0.1647692 104.0455 
  0.1845083 104.0455 
  0.009118924 104.0455 
  -0.08808076 104.0455 
  -0.1007304 104.0455 
  -0.01663536 104.0455 
  0.05076952 104.0455 
  0.07328817 104.0455 
  0.05466927 104.0455 
  -0.0204736 104.0455 
  -0.06206146 104.0455 
  -0.1755797 104.0455 ]
