 [
  -0.2960228 123.2734 
  -0.2022849 123.2734 
  0.01985051 123.2734 
  0.03002109 123.2734 
  -0.02254618 123.2734 
  0.1345379 123.2734 
  0.04082974 123.2734 
  0.1634591 123.2734 
  0.09065678 123.2734 
  -0.2858014 123.2734 
  -0.274224 123.2734 
  -0.03364375 123.2734 
  0.01898437 123.2734 
  0.3539622 123.2734 
  0.1561305 123.2734 
  0.3218528 122.0498 
  0.2403014 120.8384 
  0.09148859 121.4426 
  0.697063 122.6601 
  0.4825484 126.3862 
  0.7710189 125.7574 
  0.8696778 126.3862 
  0.9260572 127.0181 
  0.9427001 128.9329 
  0.9327329 130.2255 
  0.9157635 130.8766 
  0.897617 130.8766 
  0.8258287 131.531 
  0.245783 130.2255 
  0.1555387 130.2255 
  0.2800811 130.2255 
  -0.1408463 130.2255 
  -0.3592294 130.2255 
  -0.05034793 130.2255 
  -0.1474535 130.2255 
  0.04715933 129.5776 
  0.04602018 129.5776 
  0.3303813 129.5776 
  0.2834781 130.2255 
  0.1211415 130.8766 
  0.1452353 131.531 
  -0.009008685 132.1886 
  0.09681546 132.8496 
  0.121314 133.5138 
  0.1203411 134.1814 
  0.0004570875 134.1814 
  -0.02319049 133.5138 
  0.3588771 130.2255 
  0.761821 124.5092 
  0.860595 123.2734 
  0.9404977 122.6601 
  0.9805545 122.0498 
  0.9922678 122.6601 
  0.9939258 122.6601 
  0.9907305 122.6601 
  0.9912817 122.6601 
  0.9904804 122.6601 
  0.9911492 122.6601 
  0.9886588 122.6601 
  0.9831496 122.6601 
  0.9704096 122.0498 
  0.9423875 120.8384 
  0.9213262 119.639 
  0.8426753 119.0438 
  0.7812636 120.2372 
  0.7551534 120.2372 
  0.9196824 120.8384 
  0.916931 121.4426 
  0.9164318 121.4426 
  0.874694 121.4426 
  0.7050197 120.8384 
  -0.05994521 120.2372 
  0.08138824 119.639 
  -0.1073712 119.639 
  0.05643214 119.639 
  0.6822719 119.639 
  0.3002852 119.639 
  0.1819466 119.639 
  0.1630978 119.0438 
  0.2056505 119.639 
  0.07650828 120.8384 
  0.515615 122.0498 
  0.471382 123.2734 
  0.4729483 124.5092 
  0.2741585 126.3862 
  -0.3015409 128.2915 
  0.2025428 130.2255 
  -0.01087013 132.1886 
  -0.1112737 134.1814 
  -0.002132474 136.2042 
  0.06842072 138.2575 
  0.1353126 140.3417 
  0.1861565 141.7487 
  0.5441102 140.3417 
  0.607425 132.1886 
  0.7591524 126.3862 
  0.7968489 122.6601 
  0.7268032 119.0438 
  0.7693555 115.5342 
  0.8336437 112.6886 
  0.6642858 110.4628 
  0.1592602 111.0151 
  -0.06544007 111.5702 
  -0.251218 112.128 
  0.2251954 112.6886 
  -0.1885393 113.2521 
  0.2728768 113.8184 
  0.1525588 113.8184 
  0.1850668 112.128 
  0.6012595 110.4628 
  0.2931161 103.5278 
  0.4225445 99.47836 
  0.6843218 95.5873 
  0.3075112 93.6992 
  -0.06851635 94.63854 
  0.04930015 95.5873 
  0.2564889 96.06523 
  -0.04150642 97.02828 
  0.08634248 98.00098 
  0.1162849 98.98344 
  0.04740894 99.97575 
  -0.07246248 100.978 
  0.05488244 101.4829 
  0.04345049 102.5003 
  0.05534443 104.5657 
  0.2645534 107.7421 
  0.1068721 111.0151 
  0.05474859 115.5342 
  0.4280788 116.1118 
  0.3127288 111.5702 
  0.4802186 108.8223 
  0.6789066 108.8223 
  0.4465078 109.9132 
  0.6056945 115.5342 
  0.6917039 116.6924 
  0.2007864 116.6924 
  -0.349178 116.6924 
  -0.1430539 116.6924 
  -0.0410951 116.6924 
  -0.1093967 116.6924 
  0.005690841 116.6924 
  0.01080163 116.6924 
  0.02632526 116.6924 
  0.7115036 114.3874 
  0.6042319 111.0151 
  0.7056964 107.2061 
  0.7625793 103.5278 
  0.3295715 102.5003 
  0.04496616 101.9903 
  0.006792116 101.4829 
  0.06501293 100.978 
  0.0496926 100.978 
  -0.1572242 100.4756 
  -0.3092054 100.4756 
  0.07593636 99.97575 
  0.1520917 99.97575 
  -0.2428528 99.47836 
  -0.2538918 98.98344 
  0.1333523 98.491 
  0.1946883 98.00098 
  0.09444272 98.491 
  0.1869669 96.54556 
  0.5986443 97.02828 
  0.8719597 98.00098 
  0.7214927 99.97575 
  0.2243687 101.9903 
  -0.3221076 104.5657 
  -0.3409391 107.2061 
  -0.2316022 109.9132 
  -0.2100294 112.6886 
  0.08527198 115.5342 
  0.3479959 118.4515 
  0.3867559 121.4426 
  0.1089096 124.5092 
  -0.2702867 127.6532 
  0.2192596 130.8766 
  0.06147074 132.1886 
  0.1044253 131.531 
  0.04241818 130.8766 
  0.1079238 131.531 
  0.6543479 130.2255 
  0.5165772 119.639 
  0.6271321 113.8184 
  0.8119302 109.3664 
  0.9376217 106.6728 
  0.9784497 105.614 
  0.9688709 104.5657 
  0.9894458 104.0455 
  0.9914316 104.0455 
  0.9853016 104.0455 
  0.9245958 103.0128 
  0.80673 101.4829 
  0.7532854 99.47836 
  0.453757 95.5873 
  0.5427778 89.14054 
  0.471765 93.23304 
  0.7045321 94.1677 
  0.9298477 94.1677 
  0.9136134 93.6992 
  0.8675576 93.23304 
  0.6802201 93.6992 
  0.2768675 95.5873 
  0.5148679 85.2277 
  0.3543004 86.94508 
  0.3954204 90.48434 
  0.7930928 93.6992 
  0.875671 93.6992 
  0.9078717 94.63854 
  0.5972472 94.63854 
  0.2301368 95.5873 
  0.2482667 100.4756 
  0.7384963 101.4829 
  0.3715476 104.5657 
  0.7871707 107.7421 
  0.8378884 109.9132 
  0.8403422 111.0151 
  0.8559673 111.5702 
  0.8367819 111.5702 
  0.6611159 111.5702 
  0.2642955 111.5702 
  0.1331662 111.5702 
  0.31058 111.5702 
  0.07167888 111.5702 
  0.002569073 111.5702 
  0.1370575 111.5702 
  0.09268849 111.5702 
  0.009168971 111.5702 
  -0.1279279 111.5702 
  -0.1208944 111.5702 
  -0.05870602 111.5702 
  0.1256145 111.5702 
  -0.03313049 111.5702 
  0.02649274 111.5702 
  0.1379568 111.5702 
  0.1619681 111.5702 
  -0.05138133 111.5702 
  -0.1667758 111.5702 
  -0.1193985 111.5702 
  0.1506735 111.5702 
  0.1631425 111.5702 
  0.09296344 111.5702 
  0.1465626 111.5702 
  0.003884117 111.5702 
  0.3237089 111.5702 
  0.2632755 111.5702 
  0.07602519 111.5702 ]
