 [
  0.06164315 245.3498 
  -0.3241366 245.3498 
  -0.3091007 245.3498 
  -0.200108 245.3498 
  0.008773769 245.3498 
  0.004849312 245.3498 
  -0.0698756 245.3498 
  -0.07103075 245.3498 
  -0.08991301 245.3498 
  0.2418185 245.3498 
  0.1790826 245.3498 
  0.2885513 245.3498 
  0.4726629 245.3498 
  0.4766712 241.7061 
  0.5061309 222.057 
  0.3255407 201.9805 
  0.4676089 197.9909 
  0.6382589 200.9756 
  0.7458727 195.0505 
  0.4043438 198.9809 
  0.6084113 202.9904 
  0.4312802 208.1162 
  0.2906928 213.3714 
  -0.01744485 218.7592 
  0.01792666 224.2832 
  0.09131525 229.9466 
  -0.01208351 235.753 
  -0.05450279 241.7061 
  0.1280021 247.8095 
  0.1873747 252.8029 
  0.01717734 259.1866 
  0.6367372 265.7313 
  0.8821511 245.3498 
  0.9452602 245.3498 
  0.9489061 242.9146 
  0.9386015 236.9318 
  0.9908958 231.0963 
  0.9959628 229.9466 
  0.9935046 228.8026 
  0.9987988 228.8026 
  0.9985421 228.8026 
  0.9969767 228.8026 
  0.9750791 232.2518 
  0.9763325 234.5801 
  0.9767737 238.1164 
  0.9460593 234.5801 
  0.7915146 234.5801 
  0.6109904 238.1164 
  0.2937178 241.7061 
  -0.145197 245.3498 
  0.6997144 249.0485 
  0.9062182 252.8029 
  0.9676083 255.3373 
  0.9817575 254.067 
  0.9784982 251.5452 
  0.9800043 249.0485 
  0.9949659 246.5766 
  0.9986033 245.3498 
  0.9988127 242.9146 
  0.9945598 240.5036 
  0.9844847 238.1164 
  0.9568775 235.753 
  0.9261142 234.5801 
  0.828457 234.5801 
  0.361869 234.5801 
  0.2691194 234.5801 
  0.5619989 234.5801 
  0.1350301 234.5801 
  -0.03661271 234.5801 
  -0.02145934 234.5801 
  -0.04364654 234.5801 
  0.2913952 234.5801 
  0.06466949 234.5801 
  0.004340673 235.753 
  0.4454711 236.9318 
  0.866138 236.9318 
  0.9136611 234.5801 
  0.9953422 231.0963 
  0.9997882 228.8026 
  0.9999216 227.6642 
  0.9998174 226.5316 
  0.9989944 225.4046 
  0.9985491 225.4046 
  0.9979641 224.2832 
  0.9968814 224.2832 
  0.9977136 223.1673 
  0.9981852 223.1673 
  0.9974586 223.1673 
  0.9952436 223.1673 
  0.990319 222.057 
  0.9731362 219.853 
  0.9641058 215.5104 
  0.9638511 211.2535 
  0.9615129 208.1162 
  0.9772052 207.0808 
  0.9796177 209.1568 
  0.9754965 214.4382 
  0.9824408 216.5879 
  0.9641542 214.4382 
  0.9558333 210.2025 
  0.9778863 205.0254 
  0.9756329 201.9805 
  0.93339 199.9758 
  0.8990739 197.0059 
  0.5365533 193.1145 
  0.8864354 191.1978 
  0.8896938 189.3 
  0.8969276 188.3582 
  0.5456473 187.4211 
  0.6650253 187.4211 
  0.8328691 189.3 
  0.9110526 191.1978 
  0.9783826 195.0505 
  0.989084 195.0505 
  0.9581885 195.0505 
  0.8896465 195.0505 
  0.5549978 195.0505 
  0.659407 195.0505 
  0.3633602 195.0505 
  0.2673464 195.0505 
  0.201679 195.0505 
  0.01940997 195.0505 
  0.0293026 193.1145 
  -0.01680644 193.1145 
  0.1185435 194.0801 
  0.2302511 196.0257 
  0.2389812 198.9809 
  0.52201 200.9756 
  0.8180372 198.9809 
  0.8337237 195.0505 
  0.8401414 191.1978 
  0.9458247 187.4211 
  0.9951512 185.5609 
  0.9899363 185.5609 
  0.9875664 185.5609 
  0.9721878 184.6377 
  0.9307773 184.6377 
  0.8804356 187.4211 
  0.9846525 191.1978 
  0.9994707 192.1537 
  0.9974161 192.1537 
  0.9977325 191.1978 
  0.9961928 190.2465 
  0.9948079 189.3 
  0.9860889 187.4211 
  0.9717926 185.5609 
  0.9424546 183.7191 
  0.8676814 182.8051 
  0.7230189 181.8956 
  0.397581 181.8956 
  0.0674399 180.9906 
  0.02049401 180.0902 
  -0.01223 179.1942 
  -0.3639227 178.3027 
  0.7507025 180.9906 
  0.8529279 180.9906 
  0.8525193 177.4156 
  0.8835767 173.9112 
  0.9574172 171.3284 
  0.9730686 169.6279 
  0.9908782 168.784 
  0.9891115 168.784 
  0.9341081 167.9442 
  0.8423387 167.1087 
  0.5963382 167.1087 
  0.9143605 168.784 
  0.9164507 166.2773 
  0.9496814 164.6269 
  0.968954 163.8079 
  0.9798854 161.3751 
  0.9696041 160.5723 
  0.9870619 158.9785 
  0.9847054 158.1876 
  0.9889711 157.4006 
  0.9913973 156.6175 
  0.9751414 155.8383 
  0.9677021 153.5239 
  0.9840946 152.0001 
  0.9776753 151.2439 
  0.9843729 150.4914 
  0.9805157 149.7427 
  0.978559 148.9977 
  0.9853833 148.2564 
  0.980674 148.2564 
  0.9744555 148.2564 
  0.9817045 148.9977 
  0.985773 149.7427 
  0.989938 150.4914 
  0.9935838 150.4914 
  0.9944065 150.4914 
  0.9666238 149.7427 
  0.9127283 148.9977 
  0.7498193 148.9977 
  0.2563763 148.9977 
  0.08973315 148.9977 
  -0.2414111 148.9977 
  -0.02759465 148.9977 
  0.08484513 149.7427 
  0.2256358 150.4914 
  0.2842208 151.2439 
  0.1419026 152.0001 
  0.05685254 152.7601 
  -0.09102851 152.7601 
  -0.03601824 152.7601 
  0.1221689 152.7601 
  0.09478371 152.7601 
  0.1081991 152.7601 
  0.1514651 152.7601 
  0.2888367 152.7601 
  0.1242864 152.7601 
  0.06361604 152.7601 
  0.1207427 152.7601 
  0.05900178 152.7601 
  0.1521618 152.7601 
  0.09818572 152.7601 
  -0.1213213 152.7601 
  -0.3088411 152.7601 
  -0.2989083 152.7601 
  -0.2554703 152.7601 
  0.008271318 152.7601 
  0.06690204 152.7601 
  0.03265278 152.7601 
  -0.1376327 152.7601 
  0.08715339 152.7601 
  0.1114507 152.7601 
  -0.1200242 152.7601 
  -0.1466335 152.7601 
  -0.244006 152.7601 
  -0.3541589 152.7601 
  -0.251458 152.7601 
  -0.3224201 152.7601 
  -0.1779642 152.7601 
  0.0172659 152.7601 
  0.01624526 152.7601 
  0.006578103 152.7601 
  -0.05499941 152.7601 
  -0.1789363 152.7601 
  -0.2197631 152.7601 
  -0.01998175 152.7601 
  0.03393069 152.7601 
  0.06722183 152.7601 
  0.2791215 152.7601 
  0.1771999 152.7601 
  0.1893553 152.7601 
  0.05021891 152.7601 
  -0.1192669 152.7601 
  -0.1118179 152.7601 
  -0.1090289 152.7601 
  -0.1219326 152.7601 
  -0.3144297 152.7601 
  -0.2583837 152.7601 
  -0.1593609 152.7601 
  -0.1657076 152.7601 
  -0.264144 152.7601 
  0.02197093 152.7601 
  0.2078879 152.7601 
  0.07762177 152.7601 
  -0.04608549 152.7601 
  -0.1035862 152.7601 
  -0.1345392 152.7601 
  0.1818297 152.7601 
  -0.01527176 152.7601 
  0.02002395 152.7601 
  0.2087233 152.7601 
  0.06266195 152.7601 
  0.08622336 152.7601 
  0.05679096 152.7601 
  -0.05563448 152.7601 
  -0.1378818 152.7601 
  0.02344271 152.7601 
  0.0299958 152.7601 
  -0.006008065 152.7601 
  -0.1861204 152.7601 
  -0.02548102 152.7601 
  0.02638299 152.7601 
  0.1046361 152.7601 ]
