 [
  0.07119216 171.3284 
  -0.04381076 171.3284 
  -0.214553 171.3284 
  -0.3197736 171.3284 
  -0.1788547 171.3284 
  -0.0558028 171.3284 
  -0.2214268 171.3284 
  -0.3368816 171.3284 
  -0.1934448 171.3284 
  -0.09181722 171.3284 
  0.0827814 171.3284 
  -0.116777 171.3284 
  -0.0362387 171.3284 
  -0.1166668 170.476 
  0.1008448 173.046 
  0.27402 175.6547 
  0.6382373 178.3027 
  0.5060887 180.0902 
  -0.0412788 186.4887 
  0.6114157 193.1145 
  0.4879837 199.9758 
  -0.1223368 207.0808 
  -0.03938567 213.3714 
  0.1527427 219.853 
  -0.1033159 226.5316 
  0.2214922 234.5801 
  0.1898972 239.307 
  0.04940774 246.5766 
  0.2032722 251.5452 
  0.173333 255.3373 
  0.8706092 260.4825 
  0.9086223 267.06 
  0.9362702 273.8036 
  0.9636047 277.9312 
  0.9843638 283.5317 
  0.986889 284.9493 
  0.9798074 286.3741 
  0.972645 287.806 
  0.9739877 286.3741 
  0.9622934 283.5317 
  0.9455725 282.1211 
  0.7325928 277.9312 
  -0.08610099 273.8036 
  -0.0465028 269.7372 
  -0.1406332 265.7313 
  -0.06089714 261.7849 
  -0.09819286 257.8971 
  0.08342332 254.067 
  -0.0881936 251.5452 
  -0.1314519 247.8095 
  0.04522687 244.1292 
  0.6022833 240.5036 
  0.6288226 222.057 
  0.6587569 211.2535 
  0.9344385 204.0054 
  0.9271753 200.9756 
  0.8651314 197.9909 
  0.117023 196.0257 
  0.4984952 197.0059 
  0.4544172 198.9809 
  0.2986032 200.9756 
  0.01466093 202.9904 
  0.03228926 205.0254 
  0.02797228 207.0808 
  0.04650006 209.1568 
  -0.006674646 210.2025 
  0.05680931 211.2535 
  0.5156727 212.3098 
  0.8924264 209.1568 
  0.9569983 207.0808 
  0.9914203 206.0505 
  0.9890833 204.0054 
  0.9763392 200.9756 
  0.9801075 197.0059 
  0.9809495 194.0801 
  0.9694284 190.2465 
  0.9563043 187.4211 
  0.9636965 184.6377 
  0.9561405 182.8051 
  0.9583749 180.0902 
  0.9822666 178.3027 
  0.9657423 176.533 
  0.9548611 176.533 
  0.9389139 175.6547 
  0.9233673 173.046 
  0.8666006 172.185 
  0.6897737 174.7808 
  0.2228298 178.3027 
  0.09297562 181.8956 
  -0.0462759 185.5609 
  0.04075993 189.3 
  0.08376116 193.1145 
  -0.01753048 197.0059 
  0.01801009 200.9756 
  0.2284332 205.0254 
  -0.2130547 209.1568 
  -0.02112038 213.3714 
  0.00396522 216.5879 
  0.7988607 219.853 
  0.8936958 216.5879 
  0.949252 215.5104 
  0.9922199 215.5104 
  0.998536 217.6709 
  0.9992223 217.6709 
  0.9934442 216.5879 
  0.9596096 215.5104 
  0.8826421 214.4382 
  0.2571322 211.2535 
  0.342451 208.1162 
  0.1812937 205.0254 
  0.06329209 201.9805 
  -0.02205797 198.9809 
  -0.02631301 195.0505 
  0.3230974 192.1537 
  0.6536833 188.3582 
  0.7281651 180.0902 
  0.8710743 176.533 
  0.9689983 171.3284 
  0.9646788 167.9442 
  0.9763721 165.4501 
  0.9768342 162.182 
  0.9851661 159.7734 
  0.8818166 158.1876 
  0.4873861 158.9785 
  0.3977768 158.9785 
  0.6387117 161.3751 
  0.7962946 162.9929 
  0.9394475 164.6269 
  0.9829853 165.4501 
  0.9962606 166.2773 
  0.9849191 166.2773 
  0.9648243 165.4501 
  0.6282805 164.6269 
  0.01712044 163.8079 
  -0.401218 164.6269 
  -0.1044467 164.6269 
  0.1046635 164.6269 
  -0.151812 164.6269 
  0.05215116 163.8079 
  0.1635712 163.8079 
  0.104945 162.182 
  0.09387528 164.6269 
  0.175823 158.9785 
  0.3904728 156.6175 
  0.7009386 157.4006 
  0.9352483 155.8383 
  0.9669034 156.6175 
  0.9567578 154.2915 
  0.9464835 152.0001 
  0.8090066 152.0001 
  0.4988388 154.2915 
  0.0106387 156.6175 
  -0.259739 158.9785 
  -0.1163222 161.3751 
  -0.009553283 163.8079 
  -0.1458462 166.2773 
  -0.1001843 168.784 
  -0.1682761 171.3284 
  0.2913931 173.9112 
  0.2996695 177.4156 
  0.7724461 179.1942 
  0.8730952 179.1942 
  0.9818367 180.0902 
  0.8114644 183.7191 
  0.9039049 183.7191 
  0.9385977 184.6377 
  0.9846079 185.5609 
  0.9897375 185.5609 
  0.9901733 186.4887 
  0.9832931 187.4211 
  0.9848532 188.3582 
  0.7649237 190.2465 
  0.4898113 185.5609 
  0.429936 183.7191 
  0.4975481 186.4887 
  0.455688 193.1145 
  0.2823944 195.0505 
  0.05864071 186.4887 
  0.1175365 183.7191 
  -0.1066281 180.9906 
  -0.1757796 178.3027 
  -0.2472016 173.9112 
  -0.5978769 168.784 
  0.3136449 164.6269 
  0.4772604 160.5723 
  0.4073539 162.9929 
  0.6400793 163.8079 
  0.8443704 165.4501 
  0.9481967 167.1087 
  0.8720968 164.6269 
  0.9258294 158.1876 
  0.9413235 156.6175 
  0.9138985 157.4006 
  0.8651059 160.5723 
  0.8417578 165.4501 
  0.9110547 170.476 
  0.9564626 175.6547 
  0.9776855 177.4156 
  0.9950104 178.3027 
  0.9970442 179.1942 
  0.9982963 179.1942 
  0.9955832 180.0902 
  0.9926213 180.0902 
  0.9895441 180.0902 
  0.813161 180.0902 
  0.6982967 177.4156 
  0.8106822 173.9112 
  0.9591187 174.7808 
  0.9562591 173.9112 
  0.9646999 172.185 
  0.9803163 171.3284 
  0.9691714 169.6279 
  0.9670862 168.784 
  0.921512 167.9442 
  0.6128231 168.784 
  0.3767591 164.6269 
  0.2387542 157.4006 
  0.5170648 152.7601 
  0.5246223 139.6435 
  0.2615633 127.6532 
  -0.4363024 115.5342 
  -0.517648 104.5657 
  0.5287384 94.63854 
  0.396989 89.14054 
  0.6931258 75.61279 
  0.9229308 75.2366 
  0.9503624 74.86229 
  0.9707066 74.48985 
  0.9627044 74.48985 
  0.9573154 74.86229 
  0.9692163 74.86229 
  0.795135 75.99085 
  0.8533961 76.3708 
  0.7099928 76.3708 
  0.6546277 75.99085 
  0.4940919 74.86229 
  0.1294968 79.47963 
  0.1143828 85.2277 
  0.5389757 86.51251 
  0.4662375 85.2277 
  0.3020276 81.4866 
  0.449692 78.69076 
  0.474631 76.75266 
  0.5931555 75.61279 
  0.8525984 75.61279 
  0.6041192 75.2366 
  0.1457621 75.61279 
  0.66846 74.86229 
  0.8791058 74.48985 
  0.9832717 74.48985 
  0.9792161 74.48985 
  0.9539317 74.11925 
  0.8457422 73.38358 
  0.6284277 73.38358 
  -0.02234631 75.2366 
  0.2818655 77.5221 
  0.5463818 79.87703 
  0.1046901 82.3035 
  -0.05007176 84.80367 
  0.5543492 87.3798 
  0.3795792 84.38177 
  0.6488478 83.96195 
  0.9287267 83.54424 
  0.8526308 83.54424 
  0.7730654 84.80367 
  0.5555556 85.2277 
  0.4147625 85.2277 
  0.2708846 79.08421 
  0.5041862 77.90971 
  0.5313565 78.29926 
  0.438731 74.48985 
  0.116679 74.11925 
  0.06367472 74.11925 
  0.0515664 74.11925 
  0.03843638 74.11925 
  0.1654024 74.11925 
  0.1073872 74.11925 
  0.01324353 74.11925 
  0.03645594 74.11925 
  0.001703078 74.11925 
  0.06808502 74.11925 
  0.07823631 74.11925 
  0.08045842 74.11925 
  -0.1115961 74.48985 
  -0.09646721 74.86229 
  -0.02419078 75.2366 
  0.0839584 75.61279 
  0.02824387 75.99085 
  -0.09957483 75.99085 
  -0.07631458 75.99085 
  0.0112241 75.99085 
  0.004061768 75.99085 
  0.02046165 75.99085 
  -0.01357214 75.99085 
  0.05671244 75.99085 
  0.03428983 75.99085 
  0.1362929 75.99085 
  0.2417401 75.99085 
  0.2311392 75.99085 
  0.160902 75.99085 
  0.2756973 75.99085 
  0.2141307 75.99085 
  0.123624 75.99085 
  -0.002084654 75.99085 
  -0.0360783 75.99085 
  0.03297586 75.99085 
  0.08159408 75.99085 
  0.07087884 75.99085 
  0.005445525 75.99085 
  -0.02575084 75.99085 
  0.1179365 75.99085 
  -0.02624083 75.99085 
  0.2254436 75.99085 
  0.0141598 75.99085 
  -0.1573703 75.99085 
  -0.04583606 75.99085 
  0.07123971 75.99085 ]
