 [
  -0.1046314 108.2809 
  0.164703 108.2809 
  0.09753183 108.2809 
  -0.006539332 108.2809 
  -0.2272936 108.2809 
  -0.1244069 108.2809 
  -0.1157913 108.2809 
  -0.1144657 108.2809 
  -0.003402871 108.2809 
  -0.6465046 108.2809 
  0.4449626 108.2809 
  0.5360919 108.2809 
  0.5598781 108.2809 
  0.5461627 109.9132 
  0.5054942 114.9594 
  0.7751225 120.8384 
  0.618077 128.2915 
  0.7638735 135.5266 
  0.8972996 141.0434 
  0.9229006 147.5188 
  0.900298 152.7601 
  0.9366646 159.7734 
  0.9677367 164.6269 
  0.989794 167.9442 
  0.9879855 170.476 
  0.9863977 171.3284 
  0.9467915 169.6279 
  0.8725827 166.2773 
  0.8813083 162.182 
  0.9495497 163.8079 
  0.9534881 162.182 
  0.9605538 161.3751 
  0.9569892 162.182 
  0.9442402 163.8079 
  0.9489545 168.784 
  0.9730338 169.6279 
  0.8781787 167.9442 
  0.8146743 162.182 
  0.8723253 158.1876 
  0.7971331 154.2915 
  0.7261246 148.9977 
  0.6389627 143.1697 
  0.7482404 136.2042 
  0.8008544 131.531 
  0.833123 126.3862 
  0.77771 123.2734 
  0.1802389 120.2372 
  -0.464961 120.2372 
  -0.2571291 120.2372 
  0.1050496 120.2372 
  0.05341746 120.2372 
  0.04357203 120.2372 
  0.04990792 120.2372 
  0.04416436 120.2372 
  0.1421701 120.2372 
  -0.04626418 120.2372 
  0.5047687 120.2372 
  -0.2510509 120.2372 
  0.3133091 120.2372 
  0.05987468 120.2372 
  0.1142909 120.2372 
  -0.1274372 120.2372 
  0.3745776 120.2372 
  0.6058119 122.6601 
  0.9102264 125.7574 
  0.8376199 128.2915 
  0.5760976 134.1814 
  0.6603714 134.8523 
  0.6964276 134.1814 
  0.7977128 136.8852 
  0.8621313 136.2042 
  0.9470899 136.8852 
  0.9735196 136.8852 
  0.9850707 134.8523 
  0.9843017 132.8496 
  0.9708323 130.8766 
  0.9385621 128.9329 
  0.8529861 127.6532 
  0.6891561 128.2915 
  -0.6493587 128.9329 
  -0.7381029 130.2255 
  0.01575802 131.531 
  -0.09412183 132.8496 
  -0.03406249 134.1814 
  0.04030761 135.5266 
  0.1566402 136.8852 
  -0.04234776 138.2575 
  0.04085411 139.6435 
  0.08318715 140.3417 
  0.01025545 141.0434 
  -0.02354259 141.7487 
  0.05321435 142.4574 
  0.1603615 142.4574 
  0.7815365 142.4574 
  0.8611996 140.3417 
  0.9530122 140.3417 
  0.9756349 141.0434 
  0.9375886 139.6435 
  0.9429768 139.6435 
  0.9624213 139.6435 
  0.9094222 137.5696 
  0.8235812 136.2042 
  0.7866594 136.8852 
  0.7442681 132.1886 
  0.6803398 132.1886 
  0.7157268 132.1886 
  0.7228432 126.3862 
  0.6927308 126.3862 
  0.7635634 123.8897 
  0.7038487 119.639 
  0.7154303 120.2372 
  0.68627 114.9594 
  0.6622299 114.3874 
  0.6733341 110.4628 
  0.8823616 107.2061 
  0.8770919 106.142 
  0.978134 103.5278 
  0.9533602 102.5003 
  0.9087332 100.4756 
  0.8168919 98.00098 
  0.7843722 94.1677 
  0.8737237 92.30766 
  0.6907735 91.39146 
  0.3929023 89.14054 
  0.3534775 88.69706 
  0.3539297 89.14054 
  0.2908079 89.14054 
  -0.1532835 89.58624 
  0.1511567 90.03418 
  0.0003345343 90.48434 
  0.1295618 90.93677 
  0.09093492 91.84841 
  -0.3119556 92.7692 
  -0.3073671 93.6992 
  0.0502412 94.63854 
  -0.06722403 95.5873 
  -0.0406093 96.54556 
  0.1752748 97.02828 
  0.3550014 96.06523 
  0.4531613 98.00098 
  0.4093487 99.47836 
  0.7374457 101.4829 
  0.675107 102.5003 
  0.4963841 101.9903 
  -0.5575745 101.9903 
  -0.2911918 101.9903 
  -0.7438728 101.9903 
  -0.8992577 101.9903 
  -0.4215513 101.9903 
  -0.1433801 102.5003 
  -0.1133577 103.0128 
  0.07979723 103.5278 
  0.4591606 104.0455 
  0.3517829 104.5657 
  0.1902042 105.614 
  0.1378845 107.2061 
  -0.01560226 108.8223 
  0.02361084 111.0151 
  -0.07622898 113.8184 
  0.2213997 116.6924 
  0.4769805 120.8384 
  0.7368116 127.6532 
  0.8443877 132.1886 
  0.9053419 134.1814 
  0.9463243 136.8852 
  0.9374536 139.6435 
  0.9503229 140.3417 
  0.8868062 141.0434 
  0.7840023 138.2575 
  0.4738503 130.8766 
  -0.3144891 130.8766 
  0.5321139 130.8766 
  0.1203024 130.2255 
  0.1976642 130.2255 
  0.1291439 130.2255 
  -0.143566 130.2255 
  -0.02213581 130.2255 
  -0.001093129 130.2255 
  -0.0004274687 130.2255 
  0.03653553 130.2255 
  0.08542228 130.2255 
  0.0695539 130.2255 
  0.05779564 130.2255 
  0.07816372 130.2255 
  -0.1115665 130.2255 
  0.6043168 130.2255 
  0.7225188 123.8897 
  0.8916036 123.2734 
  0.9090717 122.0498 
  0.8519642 120.2372 
  0.8462664 117.2759 
  0.7789667 114.9594 
  0.7057716 113.2521 
  -0.1336941 111.5702 
  -0.3037002 110.4628 
  -0.441132 109.3664 
  0.1652138 108.8223 
  0.02521625 107.7421 
  0.2279217 107.2061 
  -0.03707928 106.6728 
  0.07512684 106.142 
  0.1271821 105.614 
  0.1049206 105.0885 
  0.1681007 105.0885 
  0.3140381 104.5657 
  0.667263 105.0885 
  0.8515417 104.5657 
  0.7326056 103.5278 
  0.7255338 101.4829 
  0.5746343 99.97575 
  -0.1381288 101.9903 
  0.09634775 103.5278 
  0.04761076 104.5657 
  -0.05191986 105.614 
  0.0742102 107.2061 
  0.07200736 108.2809 
  0.1781012 108.8223 
  -0.02094962 108.8223 
  -0.1643352 108.8223 
  -0.145683 109.3664 
  0.04609434 109.3664 
  -0.08027484 109.3664 
  0.6376058 111.5702 
  0.7099249 114.9594 
  0.8701724 114.3874 
  0.9209606 114.9594 
  0.8302286 112.6886 
  0.7932519 112.128 
  0.7129802 111.0151 
  0.784588 108.2809 
  0.8071076 109.9132 
  0.8108052 107.7421 
  0.809502 108.8223 
  0.8499836 105.614 
  0.8238786 106.6728 
  0.8347492 104.0455 
  0.8660533 103.5278 
  0.8724212 102.5003 
  0.909889 100.978 
  0.6209859 98.98344 
  0.3884859 96.06523 
  0.4784388 95.5873 
  -0.1730405 98.00098 
  -0.06249835 100.978 
  -0.003256688 103.5278 
  0.1681632 106.6728 
  0.09441811 109.3664 
  0.1674029 111.5702 
  -0.01703464 114.3874 
  0.2758736 117.2759 
  0.3905812 118.4515 
  0.3429095 118.4515 
  0.1854558 118.4515 
  0.1221086 118.4515 
  0.1061869 118.4515 
  0.1959395 118.4515 
  0.1574488 118.4515 
  0.07347352 119.639 
  0.09200426 120.8384 
  0.1527402 122.6601 
  0.2818399 124.5092 
  0.5057598 125.7574 
  0.7211636 129.5776 
  0.7543074 132.8496 
  0.926796 134.8523 
  0.9548759 136.2042 
  0.9389664 135.5266 
  0.7385049 135.5266 
  0.4159098 132.8496 
  0.3970521 125.7574 
  0.4524208 119.639 
  0.1274219 118.4515 
  0.01109502 118.4515 
  0.05922588 119.0438 
  0.2532253 119.0438 
  -0.01325963 117.8622 
  0.009078117 114.9594 
  0.08431799 112.6886 
  0.3614006 111.0151 
  0.2613073 109.9132 
  -0.01769827 109.3664 
  -0.1517017 108.8223 
  -0.126152 108.2809 
  0.04425662 107.7421 
  -0.2545627 107.2061 
  0.1187866 106.6728 
  0.1911926 106.142 
  0.3238464 105.614 
  0.1264306 105.0885 
  0.2237798 104.5657 
  -0.01608144 104.5657 
  0.03693854 104.5657 
  0.01024188 104.0455 
  0.170621 103.5278 
  -0.02140269 103.0128 
  0.05946225 103.0128 
  0.4623031 102.5003 
  0.5554963 100.4756 
  0.8236758 98.98344 
  0.5963637 98.00098 
  0.3649976 95.5873 
  0.8369768 94.1677 
  0.7882839 92.7692 
  0.9611945 91.39146 
  0.8287046 89.58624 
  0.8862735 88.25578 
  0.9540213 87.8167 
  0.9500735 87.3798 
  0.8964878 87.3798 
  0.8187243 88.25578 
  0.9373763 89.58624 
  0.934839 89.58624 
  0.8447613 89.14054 
  0.8965415 88.25578 
  0.9212261 87.3798 
  0.9629129 86.51251 
  0.9968355 86.0821 
  0.9861113 85.65383 
  0.976988 85.65383 
  0.9731458 85.65383 
  0.9534306 85.65383 
  0.9318869 85.2277 
  0.8954317 84.38177 
  0.8108821 83.54424 
  0.8341895 82.71502 
  0.5834835 82.3035 
  -0.06045041 82.3035 
  0.1327298 82.3035 
  0.1168881 81.89403 
  0.2061529 81.89403 
  0.2114679 81.89403 
  0.07856481 81.89403 
  -0.03583765 81.89403 
  0.00638897 81.89403 
  0.03574696 81.89403 
  -0.04469188 81.89403 
  -0.02195496 81.89403 
  0.0001746175 81.89403 
  0.1239044 81.89403 
  -0.07192542 81.89403 
  0.1024849 81.89403 
  0.05021845 81.89403 
  0.05404903 81.89403 
  -0.002187928 81.89403 
  0.1435782 81.89403 
  -0.01490194 81.89403 
  -0.2153715 81.89403 
  -0.306469 81.89403 
  -0.1249458 81.89403 
  0.1578914 81.89403 
  -0.0611134 81.89403 
  0.004399062 81.89403 
  0.07067695 81.89403 
  -0.1446182 81.89403 
  0.002881571 81.89403 
  -0.1680066 81.89403 ]
