 [
  0.3465714 115.5342 
  0.2919687 115.5342 
  0.05623296 115.5342 
  -0.3706689 115.5342 
  -0.1365668 115.5342 
  -0.1102026 115.5342 
  -0.1536447 115.5342 
  0.04869732 115.5342 
  -0.05368067 115.5342 
  -0.1194964 115.5342 
  0.4980727 115.5342 
  0.2757285 115.5342 
  0.6312271 115.5342 
  0.7407579 116.6924 
  0.7647975 117.2759 
  0.7770131 115.5342 
  0.6872242 114.3874 
  0.7214371 113.8184 
  0.8602171 113.8184 
  0.8815293 114.9594 
  0.9084334 116.6924 
  0.9296582 119.639 
  0.9345999 123.2734 
  0.8409051 128.2915 
  0.5325896 135.5266 
  0.8106717 143.1697 
  0.8583098 147.5188 
  0.8459328 153.5239 
  0.8534085 158.9785 
  0.8991585 166.2773 
  0.934871 172.185 
  0.9603606 178.3027 
  0.9719695 183.7191 
  0.9704556 187.4211 
  0.960425 190.2465 
  0.9444923 193.1145 
  0.8004493 185.5609 
  0.8381435 173.046 
  0.9442403 166.2773 
  0.8621827 160.5723 
  0.8100861 154.2915 
  0.7787383 143.8855 
  0.8482413 136.2042 
  0.9018699 131.531 
  0.8628631 126.3862 
  0.9088987 121.4426 
  0.9204739 118.4515 
  0.8707706 116.1118 
  0.8707715 113.8184 
  0.9166352 112.6886 
  0.9885933 112.128 
  0.9676071 110.4628 
  0.9496304 109.3664 
  0.8280454 108.2809 
  0.8472356 106.6728 
  0.886138 106.142 
  0.9853002 105.0885 
  0.9588746 104.0455 
  0.8692777 102.5003 
  0.8283902 100.978 
  0.7716365 98.98344 
  0.6494288 97.51342 
  0.1496768 98.00098 
  -0.3306584 100.4756 
  -0.09389221 103.0128 
  -0.01809509 105.614 
  -0.02258113 108.2809 
  0.1719991 111.0151 
  0.2508513 113.8184 
  0.01547867 116.6924 
  0.7076374 119.639 
  0.8869445 122.0498 
  0.8663057 123.8897 
  0.8348388 123.2734 
  0.8874101 122.6601 
  0.9601341 122.6601 
  0.9668653 123.2734 
  0.9378085 124.5092 
  0.9166642 125.7574 
  0.9255095 127.0181 
  0.9472978 128.9329 
  0.9728677 129.5776 
  0.9680979 130.8766 
  0.9618227 131.531 
  0.9365486 132.8496 
  0.9472414 133.5138 
  0.9666749 134.1814 
  0.9778447 132.8496 
  0.9622597 132.8496 
  0.9433878 133.5138 
  0.973929 134.8523 
  0.9741434 134.8523 
  0.9605728 134.1814 
  0.9352593 133.5138 
  0.9028197 132.8496 
  0.8336279 132.8496 
  0.4361255 130.8766 
  0.9272978 129.5776 
  0.8122151 128.2915 
  0.3703918 127.0181 
  0.1249725 125.7574 
  -0.2607358 124.5092 
  -0.2976556 123.8897 
  -0.03377491 123.2734 
  0.3429336 122.6601 
  0.7326127 122.6601 
  0.8403346 125.1317 
  0.8501753 131.531 
  0.8576989 135.5266 
  0.9289294 136.8852 
  0.9559311 138.9488 
  0.9639509 140.3417 
  0.9729016 141.0434 
  0.9899269 141.7487 
  0.9384974 142.4574 
  0.8005091 141.0434 
  0.7185337 136.8852 
  0.7723243 133.5138 
  0.6277341 129.5776 
  0.5349194 125.1317 
  0.5119831 120.8384 
  0.4797464 116.6924 
  0.6280507 109.3664 
  0.7458204 105.614 
  0.8682798 102.5003 
  0.9513904 100.978 
  0.9435467 99.97575 
  0.9270645 99.97575 
  0.8930525 100.978 
  0.9151087 101.4829 
  0.8795257 99.97575 
  0.9239138 98.491 
  0.8439911 96.54556 
  0.8870544 94.63854 
  0.8544227 93.23304 
  0.9126109 92.30766 
  0.8802033 91.39146 
  0.7192692 90.93677 
  0.5027754 90.48434 
  0.3309731 90.48434 
  0.1372635 90.48434 
  0.07049464 90.48434 
  0.0501674 90.48434 
  0.01907236 90.48434 
  -0.007014527 90.48434 
  -0.09938445 90.48434 
  -0.0165377 90.48434 
  -0.05494218 90.48434 
  -0.04588681 90.48434 
  0.1725513 90.48434 
  0.1462936 90.48434 
  -0.1155881 90.48434 
  -0.2313111 90.48434 
  -0.07298666 90.48434 
  0.07722499 90.48434 
  -0.03708601 90.48434 
  -0.1489291 90.48434 
  -0.1456499 90.48434 
  0.1006757 90.48434 
  0.07533925 90.48434 
  0.08259822 90.48434 
  0.1210403 90.48434 
  -0.006284381 90.48434 
  -0.002224189 90.48434 
  -0.0759903 90.48434 
  0.02278113 90.48434 
  -0.06063395 90.48434 
  -0.1778626 90.48434 
  -0.1599561 90.48434 
  0.02715379 90.48434 
  -0.0039218 90.48434 
  -0.1761155 90.48434 
  -0.2076871 90.48434 
  0.01822264 90.48434 
  0.1967831 90.48434 
  0.2014496 90.48434 
  0.1009886 90.48434 ]
