 [
  -0.09347814 109.3664 
  -0.134187 109.3664 
  -0.1987777 109.3664 
  0.03938447 109.3664 
  0.2775287 109.3664 
  -0.3646902 109.3664 
  -0.1662028 109.3664 
  -0.4253367 109.3664 
  -0.1800093 109.3664 
  0.1203836 109.3664 
  -0.08113086 109.3664 
  -0.4630759 109.3664 
  -0.3308004 109.3664 
  -0.2413893 109.3664 
  0.09365693 109.3664 
  0.1986043 109.3664 
  0.3621038 109.3664 
  0.2825656 109.3664 
  0.4029807 109.3664 
  0.08215653 109.3664 
  -0.02746608 109.3664 
  0.05255029 109.3664 
  -0.03062959 109.3664 
  0.6598131 109.3664 
  0.8175015 111.0151 
  0.7931843 112.128 
  0.7537451 113.8184 
  0.7567735 113.2521 
  0.6527929 112.128 
  0.4074292 109.9132 
  0.5326955 108.2809 
  0.5699857 110.4628 
  0.9141383 111.5702 
  0.8715875 112.128 
  0.9301318 112.6886 
  0.6374234 112.6886 
  0.241032 134.1814 
  0.4120652 122.6601 
  0.4818223 128.9329 
  0.3407903 130.8766 
  0.1635304 130.2255 
  -0.1806075 128.9329 
  -0.1574871 128.2915 
  0.01351311 127.6532 
  0.05602337 127.0181 
  0.2323985 126.3862 
  0.2392488 125.7574 
  -0.002770994 125.1317 
  0.06729413 124.5092 
  0.02068819 123.8897 
  -0.03188151 123.2734 
  0.176464 122.6601 
  0.2571804 122.0498 
  0.03087098 121.4426 
  0.4918475 120.8384 
  0.7625785 122.0498 
  0.8753353 121.4426 
  0.9458746 120.8384 
  0.9795746 120.2372 
  0.9900051 120.2372 
  0.9858505 120.2372 
  0.9798623 120.2372 
  0.9876388 120.2372 
  0.970982 120.2372 
  0.9728618 120.2372 
  0.9717134 120.2372 
  0.9857902 119.639 
  0.9708873 119.639 
  0.9467182 119.639 
  0.9133639 119.0438 
  0.9318987 117.2759 
  0.9144498 115.5342 
  0.8610179 113.8184 
  0.802402 112.128 
  0.7219564 109.9132 
  0.722871 106.6728 
  -0.01514519 108.2809 
  -0.3987845 109.3664 
  -0.1888519 110.4628 
  -0.1441546 111.5702 
  0.03122042 112.6886 
  0.0928517 114.3874 
  0.05609069 116.1118 
  0.01316453 117.8622 
  -0.008067986 119.639 
  0.07887005 121.4426 
  0.138103 122.6601 
  0.071402 123.8897 
  -0.118578 125.1317 
  0.4011959 127.0181 
  0.7036606 121.4426 
  0.7333328 123.8897 
  0.89992 125.1317 
  0.9818116 126.3862 
  0.9801384 127.0181 
  0.9901763 127.0181 
  0.9809 127.0181 
  0.9490954 125.7574 
  0.9531453 125.1317 
  0.9499404 123.8897 
  0.911519 123.2734 
  0.9231194 122.0498 
  0.9503342 121.4426 
  0.9592137 120.8384 
  0.9765069 120.2372 
  0.9473864 119.0438 
  0.8950978 117.8622 
  0.836646 116.1118 
  0.7992935 113.8184 
  0.9473811 111.5702 
  0.9604117 109.9132 
  0.8926005 108.2809 
  0.7029354 107.2061 
  0.4326683 106.6728 
  0.1618059 106.6728 
  0.03723567 106.6728 
  -0.08761082 107.2061 
  -0.03843848 107.7421 
  -0.02139789 108.2809 
  -0.05566907 108.8223 
  -0.1436478 109.3664 
  0.5575076 109.3664 
  0.3557509 105.614 
  0.4844344 103.0128 
  0.7219771 100.978 
  0.8270016 99.47836 
  0.9862413 98.491 
  0.9871277 97.51342 
  0.9580097 97.02828 
  0.3307984 96.54556 
  0.6731451 94.1677 
  0.788698 93.6992 
  0.8027745 93.23304 
  0.7431396 92.30766 
  0.5862552 90.93677 
  0.3723428 90.03418 
  0.9182347 90.03418 
  0.8194163 90.48434 
  0.8163871 90.93677 
  0.8720251 91.39146 
  0.8761762 91.84841 
  0.9440349 92.7692 
  0.247255 93.23304 
  0.4874651 93.23304 
  0.4465896 101.9903 
  0.5955942 100.978 
  0.8860186 100.978 
  0.9359015 100.4756 
  0.9484111 100.978 
  0.9714435 101.4829 
  0.9700491 101.4829 
  0.9766488 101.9903 
  0.9466659 101.4829 
  0.9067152 101.4829 
  0.9324893 100.4756 
  0.9271799 99.97575 
  0.882568 99.47836 
  0.7898511 99.97575 
  0.7008687 99.47836 
  0.8088577 98.00098 
  -0.06884118 98.00098 
  0.009831293 98.00098 
  -0.1985043 98.00098 
  0.008001543 98.00098 
  0.005413731 98.00098 
  0.05745281 98.00098 
  -0.1445161 98.00098 
  -0.1774309 98.00098 
  -0.1668459 98.00098 
  -0.07944127 98.00098 
  -0.04436427 98.00098 
  0.1101982 98.00098 
  0.05030904 98.00098 
  -0.114794 98.00098 
  -0.0587479 98.00098 
  -0.005909455 98.00098 
  -0.189954 98.00098 
  -0.06901148 98.491 
  0.005319708 98.98344 
  0.09457469 100.4756 
  0.1934835 101.4829 
  0.5080196 101.9903 
  0.2795563 102.5003 
  -0.1009026 103.0128 
  -0.132659 103.5278 
  0.01983863 104.0455 
  0.05058607 104.5657 
  -0.09943914 105.0885 
  -0.004681256 105.614 
  0.1276984 106.142 
  0.1005629 107.2061 
  -0.05107211 108.2809 
  0.5862983 109.3664 
  0.4313621 99.47836 
  0.885625 99.47836 
  0.9117224 100.4756 
  0.9148433 100.978 
  0.8966749 100.4756 
  0.9048511 99.97575 
  0.9005076 98.98344 
  0.9241345 98.00098 
  0.8564145 97.02828 
  0.9123156 95.11173 
  0.892653 93.6992 
  0.9479987 92.30766 
  0.9626923 91.84841 
  0.9900105 91.39146 
  0.9870641 90.48434 
  0.9760118 90.03418 
  0.9558749 89.14054 
  0.9332647 88.25578 
  0.8583604 87.8167 
  0.4763358 88.25578 
  -0.1602744 89.58624 
  0.03137318 90.93677 
  0.2666119 92.30766 
  0.3497469 93.6992 
  -0.1019323 95.5873 
  0.1012841 97.02828 
  -0.02601516 98.491 
  0.5952982 99.47836 
  0.7220199 97.02828 
  0.7467408 95.11173 
  0.5765153 93.23304 
  0.7177173 90.93677 
  0.9253943 90.48434 
  0.9416229 90.03418 
  0.9366663 89.58624 
  0.92732 89.14054 
  0.9375551 89.14054 
  0.9411347 89.14054 
  0.974879 88.25578 
  0.9777129 88.25578 
  0.9536474 87.8167 
  0.9172922 88.69706 
  0.8569367 89.14054 
  0.8317435 89.58624 
  0.8385171 89.58624 
  0.8764781 89.14054 
  0.8940003 89.14054 
  0.9022855 89.14054 
  0.9423448 88.69706 
  0.9422599 88.25578 
  0.6720141 87.3798 
  0.4783517 86.0821 
  0.7221256 84.38177 
  0.9188139 82.71502 
  0.9185608 81.4866 
  0.9174715 81.4866 
  0.9228498 81.4866 
  0.716716 81.89403 
  0.51723 82.71502 
  0.4862021 82.71502 
  0.9489146 81.08118 
  0.795549 80.6778 
  0.3795586 81.08118 
  0.09422031 83.96195 
  0.2862724 84.38177 
  0.8161663 84.38177 
  0.3453539 84.38177 
  -0.04138832 84.38177 
  0.02444273 84.38177 
  -0.2979708 84.38177 
  -0.2193929 84.38177 
  -0.132891 84.38177 
  -0.04405024 84.38177 
  -0.005350166 84.38177 
  0.007085656 84.38177 
  -0.02723328 84.38177 
  -0.006888082 84.38177 
  -0.1708796 84.38177 
  -0.1228215 84.38177 
  -0.01873471 84.38177 
  0.1114455 84.38177 
  -0.05964872 84.38177 
  -0.1651677 84.38177 
  -0.1063241 84.38177 
  -0.2570232 84.38177 
  0.006313531 84.38177 
  0.06549893 84.38177 
  -0.06324667 84.38177 
  0.04633654 84.38177 
  -0.306321 84.38177 
  -0.03212417 84.38177 
  -0.007546486 84.38177 
  0.03418884 84.38177 
  -0.005408131 84.38177 
  -0.1060966 84.38177 
  0.09066546 84.38177 
  0.2332953 84.38177 
  0.1576832 84.38177 
  0.02132314 84.38177 ]
