 [
  0.1573247 119.0438 
  0.1689018 119.0438 
  0.02412373 119.0438 
  0.1754808 119.0438 
  0.1374197 119.0438 
  0.03595657 119.0438 
  0.1829822 119.0438 
  0.2059021 119.0438 
  0.2131937 119.0438 
  0.2383355 119.0438 
  0.2382892 119.0438 
  -0.1743731 119.0438 
  0.3104304 119.0438 
  -0.2687278 119.0438 
  -0.02706339 118.4515 
  0.6182884 122.0498 
  0.7127814 121.4426 
  0.819414 119.639 
  0.7278807 115.5342 
  0.3575028 114.9594 
  -0.168617 116.1118 
  -0.0813386 117.8622 
  0.09496541 119.639 
  -0.07414546 121.4426 
  -0.171565 123.2734 
  -0.009897489 125.1317 
  0.04820623 126.3862 
  0.02787286 127.6532 
  0.1378619 128.9329 
  0.1119575 130.2255 
  0.05762545 131.531 
  -0.03035339 132.8496 
  0.03363539 134.1814 
  0.1106105 135.5266 
  0.004157432 136.8852 
  0.07215909 138.2575 
  -0.04079861 139.6435 
  0.08594672 141.7487 
  0.03255387 143.8855 
  0.6089523 146.0546 
  0.2807328 136.2042 
  0.5291457 135.5266 
  0.8886293 134.1814 
  0.9372292 133.5138 
  0.9617576 132.8496 
  0.9900246 132.1886 
  0.9815887 132.1886 
  0.9746436 132.1886 
  0.9782249 131.531 
  0.875946 130.8766 
  0.7784179 129.5776 
  0.6155167 126.3862 
  0.9680436 127.0181 
  0.9713457 125.7574 
  0.9537259 124.5092 
  0.9008501 123.2734 
  0.3509835 123.8897 
  0.7444856 125.7574 
  0.6386195 123.2734 
  0.7340847 119.639 
  0.9610806 117.2759 
  0.97321 116.1118 
  0.9890414 114.3874 
  0.9936114 114.3874 
  0.9909155 113.8184 
  0.9869376 113.8184 
  0.991963 113.2521 
  0.9868877 113.2521 
  0.9783342 113.2521 
  0.9639121 113.2521 
  0.9476882 113.2521 
  0.9542999 112.6886 
  0.974408 112.128 
  0.9877936 112.6886 
  0.9948055 112.6886 
  0.9910877 112.6886 
  0.9908609 112.6886 
  0.9785608 112.6886 
  0.9551198 112.128 
  0.877278 110.4628 
  0.7581532 109.3664 
  0.5962116 106.142 
  0.2247011 105.614 
  0.2979014 106.142 
  -0.002005946 106.6728 
  -0.1950281 107.2061 
  -0.1168945 107.7421 
  -0.1010168 108.2809 
  0.005518197 108.8223 
  0.007219049 109.3664 
  -0.09347314 109.9132 
  -0.02983029 110.4628 
  0.05977454 111.0151 
  0.3221757 111.5702 
  0.3986807 112.128 
  0.1555767 112.6886 
  -0.1503078 113.2521 
  0.6422502 113.8184 
  0.9467615 113.8184 
  0.9135426 113.8184 
  0.5765957 114.9594 
  0.81177 113.8184 
  0.8936276 113.8184 
  0.9789148 113.8184 
  0.9712491 113.8184 
  0.9859164 113.2521 
  0.9803029 113.2521 
  0.9781579 113.2521 
  0.9601554 113.2521 
  0.9423817 112.6886 
  0.9206383 113.2521 
  0.9161133 113.2521 
  0.8571125 113.2521 
  0.8185128 113.2521 
  0.8310517 112.128 
  0.7269095 112.6886 
  0.1761125 113.2521 
  0.05519887 113.8184 
  -0.00637441 114.3874 
  0.1862453 114.9594 
  0.2725123 114.9594 
  0.1779248 114.9594 
  0.1301514 115.5342 
  -0.0443037 116.1118 
  -0.2433708 116.6924 
  -0.3142448 117.2759 
  -0.1630407 117.8622 
  0.4262091 118.4515 
  0.5810304 119.0438 
  0.7093639 117.8622 
  0.6668509 113.8184 
  0.8190759 112.6886 
  0.9153326 111.5702 
  0.910583 109.9132 
  0.8674332 108.2809 
  0.8609623 106.142 
  0.9085876 104.5657 
  0.9468605 103.5278 
  0.9528688 103.0128 
  0.9364065 102.5003 
  0.9219618 102.5003 
  0.9494448 103.5278 
  0.9725369 103.5278 
  0.9778773 103.5278 
  0.9703167 103.0128 
  0.9707063 102.5003 
  0.9564967 102.5003 
  0.9494218 103.0128 
  0.963895 103.5278 
  0.9138072 103.5278 
  0.8464005 103.0128 
  0.8228338 100.978 
  0.424352 99.97575 
  0.1219328 100.4756 
  0.1474268 101.4829 
  -0.0859113 101.9903 
  -0.2239405 102.5003 
  -0.08798226 103.5278 
  -0.1159392 104.0455 
  0.2701995 104.5657 
  0.5094075 108.2809 
  0.747399 108.8223 
  0.9644999 109.3664 
  0.9707957 109.3664 
  0.9942377 109.9132 
  0.9637743 109.3664 
  0.9204454 108.2809 
  0.9254864 107.2061 
  0.7586579 106.142 
  0.4753284 104.0455 
  0.7809517 104.5657 
  0.8282108 104.5657 
  0.8636396 104.0455 
  0.9137712 104.0455 
  0.9276896 103.5278 
  0.8818016 103.0128 
  0.8415131 102.5003 
  0.778522 102.5003 
  0.7383003 103.0128 
  0.7765905 104.0455 
  0.7854041 105.0885 
  0.6653113 106.142 
  0.1973154 107.2061 
  -0.2389627 108.2809 
  0.06284896 109.3664 
  0.6901205 107.2061 
  0.9067172 107.2061 
  0.9411247 106.6728 
  0.9654095 106.6728 
  0.9788948 106.6728 
  0.9740239 106.6728 
  0.9713398 106.6728 
  0.954831 106.6728 
  0.9481336 107.2061 
  0.9269465 107.2061 
  0.8450035 106.142 
  0.892327 105.614 
  0.9522831 105.0885 
  0.9294968 104.5657 
  0.9068626 103.5278 
  0.7474 102.5003 
  0.2078381 103.5278 
  0.05560683 104.0455 
  -0.04082945 104.5657 
  -0.3088644 105.0885 
  -0.3084135 105.614 
  -0.1222117 106.142 
  -0.1283363 106.6728 
  -0.1342959 107.2061 
  0.2232684 107.7421 
  0.04237328 108.2809 
  0.05740437 108.8223 
  -0.120772 109.3664 
  0.6359313 109.9132 
  0.8068508 110.4628 
  -0.1055501 111.0151 
  0.7924166 111.5702 
  0.9002877 112.128 
  0.6899193 109.9132 
  0.6751605 107.2061 
  0.9137154 105.614 
  0.9527367 105.0885 
  0.9267918 105.0885 
  0.9144982 105.614 
  0.9241574 105.614 
  0.978244 106.6728 
  0.9983366 106.6728 
  0.9793076 106.6728 
  0.9783281 106.142 
  0.9433916 106.142 
  0.8962373 105.614 
  0.858355 104.5657 
  0.8921916 103.5278 
  0.8837326 103.0128 
  0.8466287 101.9903 
  0.910494 100.978 
  0.9313796 99.97575 
  0.9035541 98.98344 
  0.9772928 98.491 
  0.9926437 98.00098 
  0.9803982 98.00098 
  0.8080575 98.00098 
  0.708553 98.491 
  0.694479 99.47836 
  0.853838 99.47836 
  0.8522959 99.47836 
  0.6813377 99.47836 
  0.4040043 99.47836 
  0.5784324 99.47836 
  0.4279203 99.47836 
  0.1224594 99.47836 
  0.1347027 99.47836 
  0.1265538 99.47836 
  -0.02909881 99.47836 
  0.08520233 99.47836 
  0.2236491 99.47836 
  0.05574052 99.47836 ]
