 [
  0.0944965 79.08421 
  0.2051745 79.08421 
  -0.03590846 79.08421 
  -0.1437896 79.08421 
  -0.2851802 79.08421 
  -0.09069753 79.08421 
  -0.1675929 79.08421 
  -0.1493934 79.08421 
  -0.1981651 79.08421 
  -0.1213702 79.08421 
  -0.1423699 79.08421 
  -0.1152454 79.08421 
  -0.02590657 79.08421 
  -0.0314403 79.08421 
  0.05146488 79.08421 
  -0.1241467 79.08421 
  -0.193205 79.08421 
  0.01985885 79.08421 
  -0.08321185 79.08421 
  0.4424795 79.08421 
  0.6133192 84.38177 
  0.4777117 84.38177 
  0.5689753 99.47836 
  0.4907076 96.54556 
  0.8419587 94.1677 
  0.8223078 96.06523 
  0.4000079 100.4756 
  0.6810154 107.7421 
  0.807703 112.6886 
  0.8857695 112.6886 
  0.8294544 113.8184 
  0.847058 114.3874 
  0.8964568 116.1118 
  0.8968806 116.6924 
  0.938503 119.0438 
  0.945143 119.639 
  0.9239314 120.2372 
  0.8783404 120.8384 
  0.8296385 121.4426 
  0.6911513 121.4426 
  0.1835456 124.5092 
  0.1617448 124.5092 
  -0.1768312 123.2734 
  0.4544133 122.0498 
  0.2541133 121.4426 
  0.2645774 122.0498 
  0.02071109 125.1317 
  0.6471613 134.8523 
  0.6769481 130.2255 
  0.8458495 129.5776 
  0.9108041 128.9329 
  0.8286994 127.6532 
  0.8666276 123.8897 
  0.8744264 122.6601 
  0.751754 123.2734 
  0.5877842 124.5092 
  0.4474053 125.1317 
  0.05935132 125.7574 
  0.2316438 126.3862 
  0.3158526 126.3862 
  -0.005599861 126.3862 
  0.6053371 123.2734 
  0.7009713 119.0438 
  0.8429217 119.639 
  0.923565 119.639 
  0.9233561 120.2372 
  0.9442234 120.2372 
  0.9844119 119.639 
  0.9888048 119.639 
  0.971777 119.0438 
  0.9509607 117.8622 
  0.9028722 116.6924 
  0.8536903 115.5342 
  0.8470616 114.9594 
  0.8263694 113.2521 
  0.6177357 110.4628 
  0.5250797 108.2809 
  0.4444314 106.6728 
  0.191983 105.614 
  0.03482599 104.5657 
  -0.06699891 103.5278 
  -0.144671 102.5003 
  -0.01356069 101.9903 
  -0.0361831 101.4829 
  -0.1083132 100.4756 
  0.02047095 99.47836 
  -0.137061 98.491 
  -0.04827613 97.51342 
  -0.06894896 96.54556 
  0.05328599 96.06523 
  0.04738578 95.5873 
  -0.09233341 95.11173 
  0.005003016 94.63854 
  -0.07309453 94.1677 
  0.0008107617 93.23304 
  0.5160684 91.84841 
  0.7405227 93.6992 
  0.7451251 96.54556 
  0.6007732 94.1677 
  0.8773409 91.39146 
  0.8662059 89.58624 
  0.835435 87.8167 
  0.8785672 87.3798 
  0.936845 87.8167 
  0.9674113 87.8167 
  0.9387466 87.3798 
  0.7892306 85.65383 
  0.9244288 83.54424 
  0.9691628 83.12859 
  0.9634432 83.54424 
  0.916692 83.96195 
  0.8624786 84.80367 
  0.9334027 86.0821 
  0.9714101 86.51251 
  0.9763195 86.51251 
  0.9348964 85.65383 
  0.84278 84.38177 
  0.8037554 82.3035 
  0.7683043 81.4866 
  0.1877631 82.3035 
  -0.06789186 83.54424 
  -0.06779481 84.80367 
  0.05466384 86.0821 
  -0.005635276 86.94508 
  -0.01994767 88.25578 
  0.1068025 89.58624 
  0.3110243 90.93677 
  -0.124242 92.30766 
  0.1450374 93.6992 
  -0.03864608 95.11173 
  -0.1382155 96.54556 
  0.04609114 98.00098 
  0.006544698 99.47836 
  0.06105912 101.9903 
  0.06903785 104.5657 
  -0.08060263 107.2061 
  0.6862975 109.3664 
  0.6520272 104.0455 
  0.7886367 101.4829 
  0.954199 99.97575 
  0.9119006 98.98344 
  0.9802554 98.491 
  0.9356437 98.98344 
  0.9118341 100.4756 
  0.9845017 101.4829 
  0.9438844 102.5003 
  0.948265 103.5278 
  0.9796358 104.0455 
  0.985917 104.5657 
  0.9829172 104.5657 
  0.978233 104.5657 
  0.9682393 104.5657 
  0.9584799 104.5657 
  0.9486675 104.0455 
  0.9275954 103.0128 
  0.8792148 101.9903 
  0.8007406 99.47836 
  0.4546776 96.54556 
  0.08144964 95.11173 
  0.1592635 93.6992 
  -0.1136199 92.30766 
  -0.04322787 90.93677 
  0.1151322 89.58624 
  0.1083082 88.25578 
  -0.1271895 86.94508 
  0.08081786 85.65383 
  0.4204461 83.12859 
  0.2401149 82.3035 
  0.402984 81.4866 
  0.1920142 81.08118 
  0.7655723 82.3035 
  0.03123041 83.96195 
  -0.1532076 85.2277 
  -0.1887368 86.51251 
  0.0839173 87.8167 
  -0.09203593 89.14054 
  0.3202561 90.48434 
  0.1745222 90.93677 
  0.106864 90.48434 
  -0.01602598 89.58624 
  0.07373875 88.25578 
  0.5600546 87.3798 
  0.3478606 85.65383 
  0.2368812 87.3798 
  0.4458818 87.8167 
  0.8206825 88.25578 
  0.8324575 88.69706 
  0.9516767 90.03418 
  0.8662636 90.03418 
  0.8112978 89.14054 
  0.8660948 89.14054 
  0.9557992 90.03418 
  0.9852003 90.48434 
  0.9743791 91.39146 
  0.9674639 92.30766 
  0.917132 93.6992 
  0.7016176 96.54556 
  0.8568523 99.47836 
  0.930491 99.47836 
  0.9853839 98.98344 
  0.9932244 98.98344 
  0.9797659 99.97575 
  0.9595211 101.4829 
  0.9497713 102.5003 
  0.9277295 103.5278 
  0.9292963 105.0885 
  0.9290997 106.142 
  0.9036041 106.142 
  0.7813466 107.7421 
  0.2548948 109.9132 
  0.2595823 112.128 
  -0.001379792 114.3874 
  0.2050303 115.5342 
  0.3682444 117.8622 
  0.1721226 125.7574 
  0.3807913 122.0498 
  0.6082856 114.3874 
  0.957141 112.128 
  0.9955546 112.6886 
  0.9915082 112.6886 
  0.9868559 112.6886 
  0.9788408 112.6886 
  0.9835114 112.128 
  0.982278 112.6886 
  0.9846111 113.2521 
  0.9839182 113.8184 
  0.9920902 114.3874 
  0.9686146 114.9594 
  0.866417 114.3874 
  0.5915099 113.8184 
  0.0446652 113.2521 
  0.6494007 112.128 
  0.3625324 111.5702 
  0.2207784 111.0151 
  0.1651304 110.4628 
  0.2460296 109.9132 
  -0.002064109 109.3664 
  0.1043313 106.6728 
  0.1272364 105.614 
  0.1532268 105.614 
  0.2542503 106.6728 
  0.08205341 107.2061 
  0.1880119 107.2061 
  -0.02616018 107.2061 
  0.04720941 106.6728 
  0.1502235 106.142 
  0.03182675 105.614 
  -0.009751198 105.614 
  -0.05850473 105.614 
  0.253892 105.0885 
  0.0156359 104.5657 
  0.1051685 104.0455 
  -0.3036301 103.5278 
  -0.3567092 103.0128 
  -0.1600379 102.5003 
  0.2965764 102.5003 
  0.753498 103.0128 
  0.5427171 99.47836 
  0.7341358 99.97575 
  0.9102499 98.98344 
  0.9783813 99.97575 
  0.976638 99.97575 
  0.9589964 99.97575 
  0.8740087 98.98344 
  0.789219 97.51342 
  0.6505098 94.63854 
  -0.1402988 93.6992 
  -0.2454671 94.1677 
  0.2364575 94.1677 
  0.1386881 94.63854 
  0.1192433 95.11173 
  0.1797598 95.5873 
  0.06191811 96.06523 
  -0.1704964 96.54556 
  0.1052758 97.02828 
  0.2762538 97.51342 
  0.117062 98.00098 
  0.6421751 98.491 
  0.6991653 98.00098 
  0.8350443 97.51342 
  0.9304531 97.02828 
  0.9283953 97.02828 
  0.9657899 96.54556 
  0.983726 96.54556 
  0.9937838 96.06523 
  0.9683217 95.11173 
  0.8767368 94.1677 
  0.6956828 94.1677 
  0.3701916 94.63854 
  0.03908481 95.11173 
  -0.0377576 95.5873 
  0.09703957 96.06523 
  0.1884073 96.06523 
  0.1971335 96.06523 
  -0.01754981 96.54556 
  0.2743145 97.51342 
  0.4510944 98.98344 
  0.8128878 100.4756 
  0.9471289 100.4756 
  0.9475574 99.97575 
  0.9701982 99.47836 
  0.9600686 99.97575 
  0.9843493 100.4756 
  0.9859177 100.4756 
  0.9875911 100.4756 
  0.9794901 99.97575 
  0.9585452 99.47836 
  0.928927 98.00098 
  0.845841 95.5873 
  0.7336757 93.6992 
  0.4873971 92.30766 
  -0.1364878 90.93677 
  -0.3484875 89.14054 
  -0.06250922 87.3798 
  0.03096798 85.65383 
  0.07090027 83.96195 
  0.04457011 82.3035 
  0.1412028 80.27641 
  0.04366026 78.29926 
  0.2407001 75.2366 
  0.4830939 73.01849 
  0.3340972 73.38358 
  0.3940796 75.2366 
  0.5792877 75.99085 
  0.4057122 76.75266 
  0.9149553 79.47963 
  0.5887221 81.08118 
  0.6471584 82.3035 
  0.7389303 83.12859 
  0.7750691 81.89403 
  0.944531 81.4866 
  0.6963739 80.27641 
  0.8721486 79.47963 
  0.977024 79.47963 
  0.9672571 79.08421 
  0.8973683 78.69076 
  0.8624431 77.5221 
  0.8942518 76.75266 
  0.9406295 76.75266 
  0.8611524 76.3708 
  0.8313078 75.99085 
  0.7161187 75.99085 
  0.7030683 75.99085 
  0.8400902 74.48985 
  0.736569 73.7505 
  0.2676136 73.38358 
  0.1616812 73.01849 
  -0.03237076 73.01849 
  -0.07810802 73.01849 
  0.005592668 72.6552 
  -0.1661019 72.29374 
  0.221997 71.93407 
  0.3972838 71.93407 
  0.2703239 71.22009 
  0.3587289 70.51319 
  0.6974952 70.16238 
  0.7671213 69.46598 
  0.8046178 68.7765 
  0.8483505 68.43433 
  0.8756679 68.7765 
  0.4960068 68.7765 
  0.3301981 68.7765 
  -0.0004003568 69.12038 
  -0.09310666 69.12038 
  0.1481323 69.12038 
  -0.000684537 69.12038 
  -0.001781479 69.12038 
  -0.1437502 69.12038 
  -0.01173856 69.12038 
  0.1561427 69.12038 
  0.2072421 69.12038 
  0.0959267 69.12038 
  0.03304521 69.12038 
  -0.01070131 69.12038 
  -0.04451993 69.12038 
  0.03749276 69.12038 
  -0.2412728 69.12038 
  -0.1446983 69.12038 
  -0.1527878 69.12038 
  -0.07607441 69.12038 
  0.03582677 69.12038 
  0.03318642 69.12038 
  -0.2191986 69.12038 
  -0.2226205 69.12038 
  -0.1389711 69.12038 
  -0.05757414 69.12038 
  0.2768686 69.12038 
  0.188382 69.12038 ]
