 [
  0.08577449 224.2832 
  0.07617472 224.2832 
  0.1352092 223.1673 
  0.004845645 222.057 
  -0.142882 220.9523 
  -0.1118304 219.853 
  -0.1474241 218.7592 
  -0.00584643 217.6709 
  -0.04889633 216.5879 
  -0.03847536 215.5104 
  -0.08472853 214.4382 
  0.2498337 213.3714 
  0.3749827 212.3098 
  -0.1462307 211.2535 
  -0.140116 210.2025 
  0.3936185 207.0808 
  0.7417803 199.9758 
  0.8293 195.0505 
  0.9819576 192.1537 
  0.9179654 189.3 
  0.8487481 185.5609 
  0.9527493 181.8956 
  0.9973322 182.8051 
  0.9964337 184.6377 
  0.9948174 186.4887 
  0.8999201 190.2465 
  0.9209959 192.1537 
  0.9470247 194.0801 
  0.9943577 195.0505 
  0.9907519 197.9909 
  0.9868727 201.9805 
  0.9874601 206.0505 
  0.9845539 210.2025 
  0.9867913 214.4382 
  0.9878851 217.6709 
  0.983416 222.057 
  0.9871686 226.5316 
  0.9844734 231.0963 
  0.9805712 234.5801 
  0.9892243 239.307 
  0.9923175 242.9146 
  0.9917004 245.3498 
  0.9925794 246.5766 
  0.9921265 247.8095 
  0.9832566 246.5766 
  0.9674352 242.9146 
  0.9469169 238.1164 
  0.6792399 238.1164 
  0.1886126 239.307 
  0.3265957 240.5036 
  0.183482 240.5036 
  0.1203614 240.5036 
  0.09616552 240.5036 
  -0.08699422 241.7061 
  -0.1745934 242.9146 
  0.1343054 244.1292 
  0.06816008 245.3498 
  0.07243355 246.5766 
  0.1471538 247.8095 
  0.3887836 249.0485 
  0.1346489 250.2938 
  0.1449756 251.5452 
  0.155737 252.8029 
  0.07856466 254.067 
  -0.1863995 255.3373 
  0.05573016 256.614 
  0.1125275 256.614 
  0.1758284 256.614 
  0.8159574 255.3373 
  0.7840659 250.2938 
  0.7661439 240.5036 
  0.8499373 231.0963 
  0.9245771 219.853 
  0.9498622 214.4382 
  0.967123 211.2535 
  0.9460614 207.0808 
  0.9336693 204.0054 
  0.9750836 199.9758 
  0.9858724 197.9909 
  0.9632626 195.0505 
  0.9679305 193.1145 
  0.9608378 191.1978 
  0.9384442 188.3582 
  0.9370692 184.6377 
  0.9550508 180.9906 
  0.9318799 178.3027 
  0.9040769 174.7808 
  0.8428723 167.9442 
  0.9007481 163.8079 
  0.8777097 161.3751 
  0.7205673 161.3751 
  0.5111668 162.9929 
  0.1641866 164.6269 
  0.4411483 170.476 
  0.837775 167.9442 
  0.9057775 167.1087 
  0.9409009 165.4501 
  0.9670181 163.8079 
  0.9740459 162.9929 
  0.985711 161.3751 
  0.9833211 160.5723 
  0.9872245 159.7734 
  0.9921415 158.9785 
  0.9911801 158.9785 
  0.9905771 158.1876 
  0.9948308 157.4006 
  0.9841097 157.4006 
  0.9721615 157.4006 
  0.9744949 157.4006 
  0.9855419 157.4006 
  0.9960772 157.4006 
  0.9811995 157.4006 
  0.9729661 158.9785 
  0.9601064 158.9785 
  0.920876 160.5723 
  0.8469515 161.3751 
  0.7502198 162.182 
  0.9698497 162.9929 
  0.9518308 163.8079 
  0.8736558 165.4501 
  0.8813733 167.1087 
  0.8794003 168.784 
  0.2902293 170.476 
  0.09986628 172.185 
  0.08695438 173.046 
  -0.3654288 173.9112 
  0.1112285 174.7808 
  0.3387481 175.6547 
  0.8660321 176.533 
  0.7297924 177.4156 
  0.686648 178.3027 
  0.7780059 176.533 
  0.9242918 173.9112 
  0.9906558 172.185 
  0.8762037 171.3284 
  0.9183279 171.3284 
  0.9663837 171.3284 
  0.9953099 171.3284 
  0.9954167 172.185 
  0.9939899 172.185 
  0.9903362 173.046 
  0.9870755 174.7808 
  0.9847614 176.533 
  0.9835097 178.3027 
  0.988449 180.0902 
  0.9893264 181.8956 
  0.9665955 182.8051 
  0.9436243 184.6377 
  0.9761508 186.4887 
  0.9971366 188.3582 
  0.9890703 190.2465 
  0.8907631 192.1537 
  0.93779 192.1537 
  0.981353 192.1537 
  0.9867516 191.1978 
  0.9642781 189.3 
  0.9649347 187.4211 
  0.9671238 184.6377 
  0.9803631 183.7191 
  0.9912778 183.7191 
  0.9916402 183.7191 
  0.9925265 183.7191 
  0.9894636 183.7191 
  0.8082487 180.9906 
  0.5440688 173.046 
  0.6633309 168.784 
  0.4791461 167.1087 
  -0.04460144 173.046 
  -0.07423025 173.9112 
  -0.5497404 174.7808 
  -0.1256871 175.6547 
  0.04493438 176.533 
  -0.106246 177.4156 
  -0.04046404 179.1942 
  -0.02342548 180.9906 
  0.1645806 181.8956 
  0.391806 182.8051 
  0.8845927 183.7191 
  0.5121945 184.6377 
  -0.04861566 186.4887 
  0.7413968 188.3582 
  0.8803635 187.4211 
  0.9913228 186.4887 
  0.9949174 183.7191 
  0.9937845 181.8956 
  0.994114 179.1942 
  0.9887453 176.533 
  0.9884358 173.9112 
  0.9955547 171.3284 
  0.9972727 170.476 
  0.9982434 169.6279 
  0.9951544 167.9442 
  0.9928408 166.2773 
  0.9831924 164.6269 
  0.973718 162.182 
  0.9585618 160.5723 
  0.9012674 161.3751 
  0.9155654 162.9929 
  0.9429895 164.6269 
  0.9553164 164.6269 
  0.9273158 162.9929 
  0.9366963 160.5723 
  0.9756001 159.7734 
  0.98847 160.5723 
  0.9727384 160.5723 
  0.9102525 160.5723 
  0.7760059 160.5723 
  0.2891987 161.3751 
  0.05095369 162.182 
  -0.1873537 162.9929 
  0.01744747 163.8079 
  0.1293218 164.6269 
  -0.09735996 165.4501 
  -0.0195458 167.1087 
  0.1161294 168.784 
  0.6025147 172.185 
  0.7835245 172.185 
  0.9777837 170.476 
  0.9810953 167.9442 
  0.9869743 166.2773 
  0.9933935 165.4501 
  0.9925456 164.6269 
  0.9679493 164.6269 
  0.9622939 163.8079 
  0.9878029 164.6269 
  0.9965887 165.4501 
  0.989096 165.4501 
  0.9860109 166.2773 
  0.9877506 167.1087 
  0.9939193 167.1087 
  0.9964264 167.1087 
  0.9949833 167.1087 
  0.9812042 166.2773 
  0.9748802 165.4501 
  0.9800498 164.6269 
  0.9834855 163.8079 
  0.9849806 162.182 
  0.9862002 161.3751 
  0.9900635 161.3751 
  0.9811389 159.7734 
  0.9832743 159.7734 
  0.9754444 158.9785 
  0.9761071 158.9785 
  0.9542997 158.9785 
  0.8981993 158.9785 
  0.8892551 159.7734 
  0.7931271 162.182 
  0.7902105 163.8079 
  0.1009593 166.2773 
  -0.0928703 168.784 
  0.06251668 171.3284 
  -0.07929948 173.9112 
  -0.1375369 176.533 
  0.5126813 179.1942 
  0.5315562 180.9906 
  0.5950407 177.4156 
  0.848704 173.046 
  0.9412594 169.6279 
  0.9756365 167.9442 
  0.9857925 166.2773 
  0.9933822 165.4501 
  0.9964514 164.6269 
  0.9979714 163.8079 
  0.9980791 163.8079 
  0.9965012 163.8079 
  0.9945849 163.8079 
  0.9611144 164.6269 
  0.8855075 165.4501 
  0.4999526 167.9442 
  0.249094 171.3284 
  0.4416499 174.7808 
  0.4983695 176.533 
  0.6908125 171.3284 
  0.9338729 167.9442 
  0.9789839 165.4501 
  0.9637454 162.9929 
  0.9376019 159.7734 
  0.8902612 155.063 
  0.843958 152.7601 
  0.4786379 156.6175 
  0.2103272 161.3751 
  -0.09993454 167.1087 
  -0.1006044 173.046 
  -0.1858611 179.1942 
  -0.2459352 185.5609 
  -0.09746307 192.1537 
  0.1568045 198.9809 
  -0.05613478 206.0505 
  0.1019316 213.3714 
  0.06959912 220.9523 
  0.1266286 227.6642 
  0.005325896 234.5801 
  0.2562045 241.7061 
  0.4915325 249.0485 
  0.43809 255.3373 
  0.4379517 259.1866 
  0.4678273 257.8971 
  0.2853448 256.614 
  0.3863792 255.3373 
  0.1893267 254.067 
  0.2194478 252.8029 
  0.6452916 251.5452 
  0.650898 250.2938 
  0.7392995 250.2938 
  0.6348097 250.2938 
  0.5325405 250.2938 
  0.1134311 250.2938 
  -0.02472777 250.2938 
  -0.04335097 250.2938 
  -0.00731931 250.2938 
  -2.511562e-05 250.2938 
  0.02231437 250.2938 
  0.03335145 250.2938 
  -0.02208862 250.2938 
  -0.08837394 250.2938 
  -0.1604677 250.2938 
  -0.07381418 250.2938 
  -0.009603786 250.2938 
  0.2121082 250.2938 
  0.2540311 250.2938 
  -0.02960121 250.2938 
  0.05196559 250.2938 
  0.06626112 250.2938 
  0.06164841 250.2938 
  -0.02659319 250.2938 
  -0.02828839 250.2938 
  0.09996104 250.2938 
  0.2470936 250.2938 
  0.2185784 250.2938 
  0.1795636 250.2938 
  0.2573135 250.2938 
  0.3035873 250.2938 
  0.3648115 250.2938 
  0.305418 250.2938 
  -0.05438131 250.2938 ]
