 [
  0.01515038 115.5342 
  -0.2855626 115.5342 
  -0.1631512 115.5342 
  -0.1098399 115.5342 
  -0.2749851 115.5342 
  -0.05769252 115.5342 
  0.000955763 115.5342 
  0.0546549 115.5342 
  0.08755169 115.5342 
  -0.1067329 115.5342 
  -0.1602406 115.5342 
  -0.1340987 115.5342 
  0.2427621 115.5342 
  -0.08837532 115.5342 
  0.4682603 116.6924 
  0.522592 123.8897 
  0.7935847 124.5092 
  0.8194333 125.1317 
  0.7951199 122.6601 
  0.5884749 122.0498 
  0.3141462 124.5092 
  -0.1812752 126.3862 
  -0.0630853 128.9329 
  0.1630994 131.531 
  0.04601702 134.1814 
  -0.1450867 136.8852 
  -0.1610669 139.6435 
  -0.05949484 142.4574 
  -0.09663765 145.328 
  0.1284883 148.2564 
  -0.1457866 151.2439 
  -0.1774544 153.5239 
  0.7704136 158.1876 
  0.8885718 158.9785 
  0.9869607 158.1876 
  0.9927621 158.9785 
  0.9905992 159.7734 
  0.9890682 161.3751 
  0.9886724 162.9929 
  0.9901131 164.6269 
  0.9811422 165.4501 
  0.9732783 167.1087 
  0.9694713 168.784 
  0.9664536 169.6279 
  0.9048899 169.6279 
  0.7821548 171.3284 
  0.991097 172.185 
  0.994962 172.185 
  0.9961152 171.3284 
  0.9965837 171.3284 
  0.9420148 171.3284 
  0.6791506 173.046 
  0.7364585 164.6269 
  0.8567939 163.8079 
  0.9941229 163.8079 
  0.9880334 162.9929 
  0.9818037 162.182 
  0.9807977 159.7734 
  0.982428 157.4006 
  0.9762565 155.8383 
  0.974844 152.7601 
  0.9721468 151.2439 
  0.9533693 147.5188 
  0.9515345 145.328 
  0.9559984 142.4574 
  0.9350309 139.6435 
  0.9187417 136.2042 
  0.9101983 134.1814 
  0.9101393 132.1886 
  0.9513413 131.531 
  0.9745886 130.2255 
  0.9727979 128.9329 
  0.98672 128.2915 
  0.9776272 127.6532 
  0.9783475 127.0181 
  0.9353316 127.0181 
  0.7865024 127.0181 
  0.540308 128.2915 
  0.3921722 130.2255 
  -0.061798 132.1886 
  -0.1795785 134.8523 
  0.09478729 137.5696 
  0.08748174 139.6435 
  -0.01426746 141.7487 
  0.08390966 143.8855 
  0.05732236 146.7849 
  0.1302035 148.9977 
  0.03942112 151.2439 
  -0.02056996 154.2915 
  0.1000012 158.1876 
  0.7928206 160.5723 
  0.4028299 146.7849 
  0.6131909 141.0434 
  0.8954234 137.5696 
  0.9297763 135.5266 
  0.9407092 134.1814 
  0.9731167 132.8496 
  0.9727921 131.531 
  0.9860624 130.8766 
  0.9803827 129.5776 
  0.9818205 128.9329 
  0.9793423 128.2915 
  0.9723276 128.2915 
  0.9007326 128.2915 
  0.6650887 128.9329 
  0.8875034 130.8766 
  0.9639002 130.8766 
  0.9749871 130.2255 
  0.9816314 129.5776 
  0.9919153 128.9329 
  0.9905624 128.2915 
  0.9628255 127.0181 
  0.9457325 125.7574 
  0.920642 125.1317 
  0.7747 124.5092 
  0.6070083 124.5092 
  0.5827855 125.1317 
  -0.0608166 125.7574 
  0.4914239 125.7574 
  0.6435651 130.8766 
  0.8742093 131.531 
  0.9500744 133.5138 
  0.9571214 134.8523 
  0.9510571 136.2042 
  0.9578 136.2042 
  0.9466934 136.2042 
  0.9511992 135.5266 
  0.9343976 136.2042 
  0.9482794 136.2042 
  0.9302716 135.5266 
  0.890193 134.1814 
  0.933194 131.531 
  0.1373899 130.8766 
  0.5075362 152.0001 
  0.7027109 152.0001 
  0.4573035 145.328 
  -0.0826729 136.2042 
  -0.1155127 127.6532 
  0.1248705 123.2734 
  0.21895 121.4426 
  0.3285012 119.0438 
  0.2010044 119.0438 
  0.2854837 111.5702 
  0.3708113 114.3874 
  0.5115848 120.2372 
  0.7495435 120.8384 
  0.7401018 120.8384 
  0.8629935 119.0438 
  0.9470363 117.2759 
  0.925625 116.6924 
  0.9167871 114.9594 
  0.8497628 113.2521 
  0.626271 112.6886 
  0.2800454 113.2521 
  0.6935719 114.3874 
  0.6014428 115.5342 
  0.07290252 116.6924 
  0.4291595 117.8622 
  0.6771526 112.128 
  0.9024688 111.0151 
  0.8809795 111.0151 
  0.6910477 112.128 
  0.343675 118.4515 
  0.1549035 120.8384 
  0.2036053 123.8897 
  0.2656845 136.2042 
  0.2079665 132.1886 
  0.5897962 129.5776 
  0.3663611 129.5776 
  0.36796 127.0181 
  0.5825687 127.0181 
  0.3584062 127.0181 
  0.2422228 127.6532 
  0.1730103 127.0181 
  0.3508685 126.3862 
  0.1483483 125.7574 
  0.01508543 125.1317 
  0.3294687 124.5092 
  0.7137316 123.2734 
  0.5862102 122.0498 
  0.6044485 119.0438 
  0.651453 116.6924 
  0.8081113 114.9594 
  0.9608684 113.2521 
  0.9719582 112.6886 
  0.8654382 113.2521 
  0.8531778 114.9594 
  0.4186136 117.8622 
  0.3259672 123.2734 
  0.5658594 125.7574 
  0.4823045 125.7574 
  0.3796839 125.1317 
  -0.1860133 124.5092 
  -0.0908289 125.7574 
  -0.007806155 127.6532 
  0.5721523 128.2915 
  0.870375 128.2915 
  0.5149188 128.2915 
  -0.1831542 128.2915 
  0.4520664 128.2915 
  0.1489722 128.2915 
  -0.1411201 128.2915 
  -0.03788047 128.2915 
  0.3810571 128.2915 
  -0.08897436 128.2915 
  0.05834889 128.2915 
  0.1819773 128.2915 ]
