 [
  -0.1004017 219.853 
  -0.03552934 219.853 
  -0.1652996 219.853 
  0.2659314 219.853 
  0.1321111 219.853 
  0.3493211 219.853 
  0.2162429 219.853 
  -0.1137179 219.853 
  0.1275847 219.853 
  -0.1734555 219.853 
  -0.03663876 219.853 
  0.2011572 219.853 
  -0.1295767 219.853 
  0.03169524 219.853 
  0.0106373 219.853 
  0.05832887 219.853 
  0.4747945 219.853 
  0.7602082 218.7592 
  0.8376952 216.5879 
  0.9262093 215.5104 
  0.9092995 213.3714 
  0.7004606 214.4382 
  0.6511441 215.5104 
  0.5180975 216.5879 
  0.1007067 217.6709 
  -0.0303698 218.7592 
  -0.01876097 219.853 
  -0.007008321 222.057 
  0.07135998 224.2832 
  0.1526596 226.5316 
  0.007589107 228.8026 
  0.05737406 229.9466 
  0.0504745 231.0963 
  0.1304961 232.2518 
  0.1449516 234.5801 
  0.4889114 236.9318 
  0.8175546 229.9466 
  0.9136848 226.5316 
  0.9804758 224.2832 
  0.9821627 222.057 
  0.9924878 220.9523 
  0.9924094 219.853 
  0.9885449 218.7592 
  0.9962172 218.7592 
  0.9982932 218.7592 
  0.9938277 219.853 
  0.9968352 219.853 
  0.995689 220.9523 
  0.9936229 220.9523 
  0.9927371 220.9523 
  0.9903477 222.057 
  0.988892 223.1673 
  0.9879211 225.4046 
  0.9849351 225.4046 
  0.9695891 226.5316 
  0.9576339 226.5316 
  0.9968117 227.6642 
  0.991536 227.6642 
  0.9805871 227.6642 
  0.9511003 228.8026 
  0.9598564 229.9466 
  0.966033 231.0963 
  0.3181431 232.2518 
  0.2516974 233.4131 
  0.3247975 233.4131 
  0.227293 232.2518 
  0.1732901 231.0963 
  0.2226811 229.9466 
  0.3166892 228.8026 
  0.4633594 227.6642 
  0.6620433 226.5316 
  0.7572062 216.5879 
  0.8898856 212.3098 
  0.9899292 210.2025 
  0.9816622 210.2025 
  0.9809382 210.2025 
  0.9879417 208.1162 
  0.985459 208.1162 
  0.9746521 209.1568 
  0.9712369 210.2025 
  0.9798699 211.2535 
  0.9726199 210.2025 
  0.9644523 209.1568 
  0.9323056 207.0808 
  0.8524441 207.0808 
  0.3081889 207.0808 
  0.02984599 207.0808 
  -0.1235446 207.0808 
  -0.02970479 207.0808 
  0.06527334 207.0808 
  0.001681823 207.0808 
  0.01686388 207.0808 
  -0.1100098 207.0808 
  -0.1172882 207.0808 
  -0.1243011 207.0808 
  0.02339484 207.0808 
  0.1093954 207.0808 
  0.009194238 207.0808 
  0.02555588 207.0808 
  0.2731642 208.1162 
  0.6646472 208.1162 
  0.5019475 211.2535 
  0.5219851 209.1568 
  0.5570181 206.0505 
  0.8491721 206.0505 
  0.9808517 205.0254 
  0.9894608 202.9904 
  0.9681056 200.9756 
  0.9113383 198.9809 
  0.863215 197.0059 
  0.4629747 197.9909 
  0.8590711 198.9809 
  0.5170646 199.9758 
  0.3074481 201.9805 
  0.1268939 204.0054 
  0.2033348 206.0505 
  0.1508654 208.1162 
  0.0867281 210.2025 
  -0.1636601 212.3098 
  -0.09070786 214.4382 
  0.1451779 214.4382 
  0.4850281 207.0808 
  0.9429464 205.0254 
  0.9982591 204.0054 
  0.9983587 202.9904 
  0.9976623 202.9904 
  0.99476 202.9904 
  0.9865924 202.9904 
  0.9826961 204.0054 
  0.97824 204.0054 
  0.9226378 204.0054 
  0.8119659 204.0054 
  0.8383381 204.0054 
  0.8261397 204.0054 
  0.85873 204.0054 
  0.865219 204.0054 
  0.8457569 204.0054 
  0.8275399 205.0254 
  0.814837 206.0505 
  0.1436578 207.0808 
  0.2223387 208.1162 
  0.08412541 208.1162 
  0.104183 208.1162 
  0.5122244 207.0808 
  0.4819072 206.0505 
  0.731652 207.0808 
  0.9390166 205.0254 
  0.9944989 204.0054 
  0.9993482 204.0054 
  1.000282 204.0054 
  1.000419 204.0054 
  1.000246 204.0054 
  1.000157 204.0054 
  0.9998542 205.0254 
  0.9942813 206.0505 
  0.9929143 208.1162 
  0.9969416 209.1568 
  0.9930313 208.1162 
  0.9790779 208.1162 
  0.9527004 208.1162 
  0.8318434 208.1162 
  -0.2911718 208.1162 
  -0.003393067 208.1162 
  0.1583939 208.1162 
  -0.00480121 208.1162 
  -0.1924382 208.1162 
  0.04025754 208.1162 
  0.05891848 208.1162 
  0.07870913 208.1162 
  0.0515877 208.1162 
  0.03937318 208.1162 
  0.1284728 208.1162 
  -0.07754878 208.1162 
  -0.1129902 208.1162 
  0.03379818 208.1162 
  0.02630837 208.1162 
  0.131371 208.1162 
  0.1721901 208.1162 
  0.260594 208.1162 
  0.1522095 208.1162 
  0.3069137 208.1162 
  0.1961297 208.1162 
  0.1511934 208.1162 
  0.314486 209.1568 
  0.2982885 210.2025 
  -0.1546799 210.2025 
  -0.2584606 211.2535 
  -0.1848144 212.3098 
  -0.1440293 213.3714 
  0.2233022 214.4382 
  0.898173 215.5104 
  0.738331 216.5879 
  0.4137694 212.3098 
  0.2989793 207.0808 
  0.4469643 197.9909 
  0.6695067 197.9909 
  0.921627 196.0257 
  0.9614088 191.1978 
  0.9919404 188.3582 
  0.9812543 189.3 
  0.9750527 192.1537 
  0.9815218 194.0801 
  0.9696329 193.1145 
  0.9725631 192.1537 
  0.9834245 191.1978 
  0.9898064 191.1978 
  0.9905831 191.1978 
  0.9936716 191.1978 
  0.9946852 191.1978 
  0.9895617 191.1978 
  0.978815 190.2465 
  0.9773676 191.1978 
  0.985401 191.1978 
  0.9872084 192.1537 
  0.9781522 192.1537 
  0.9588315 194.0801 
  0.9244207 196.0257 
  0.8595348 198.9809 
  0.3042912 199.9758 
  0.1392276 200.9756 
  0.001553753 201.9805 
  0.3010882 202.9904 
  0.1517816 205.0254 
  0.2276874 207.0808 
  0.6644133 209.1568 
  0.7040225 200.9756 
  0.8858482 196.0257 
  0.9826517 194.0801 
  0.9945343 193.1145 
  0.9902899 192.1537 
  0.9919354 192.1537 
  0.9955649 192.1537 
  0.9836742 192.1537 
  0.9843335 193.1145 
  0.984476 195.0505 
  0.9703187 197.0059 
  0.9375179 199.9758 
  0.9232086 204.0054 
  0.9244131 210.2025 
  0.9199464 215.5104 
  0.9353459 222.057 
  0.9220498 227.6642 
  0.760376 228.8026 
  -0.08959069 228.8026 
  0.2237316 228.8026 
  -0.1849005 228.8026 
  -0.2261012 228.8026 
  -0.0881725 228.8026 
  -0.005833749 228.8026 
  0.005057464 228.8026 
  0.05560014 228.8026 
  -0.05110772 228.8026 
  -0.02756741 228.8026 
  -0.05335683 228.8026 ]
