 [
  0.09937726 139.6435 
  -0.1996169 139.6435 
  -0.3562943 139.6435 
  -0.4333122 139.6435 
  -0.3478343 139.6435 
  -0.06048825 139.6435 
  0.07520048 139.6435 
  -0.1801645 139.6435 
  -0.1893419 139.6435 
  -0.1162866 139.6435 
  0.1088929 139.6435 
  0.1762716 139.6435 
  0.4931665 139.6435 
  0.1423044 135.5266 
  0.4556879 134.8523 
  0.4907716 128.9329 
  0.7265339 128.2915 
  0.9545905 128.2915 
  0.911422 127.0181 
  0.9424403 127.0181 
  0.9129733 128.9329 
  0.9567097 130.2255 
  0.9618046 131.531 
  0.9778397 132.1886 
  0.9703507 132.8496 
  0.944478 132.1886 
  0.9310606 131.531 
  0.6138086 129.5776 
  0.4480886 128.2915 
  0.04114212 127.0181 
  -0.06573004 125.7574 
  0.0295137 124.5092 
  0.03712273 123.8897 
  0.1515147 122.6601 
  0.1086496 121.4426 
  0.2849549 120.2372 
  0.3590295 130.2255 
  0.5269035 128.9329 
  0.761205 127.6532 
  0.6905285 122.6601 
  0.9104385 117.8622 
  0.9824719 116.6924 
  0.9819421 115.5342 
  0.9816703 113.2521 
  0.9541503 111.5702 
  0.9500082 109.9132 
  0.9733788 108.2809 
  0.9357793 106.6728 
  0.8974485 104.5657 
  0.8951212 102.5003 
  0.9240456 100.4756 
  0.8443318 99.47836 
  0.7496323 98.98344 
  0.3668227 99.47836 
  -0.1211853 101.4829 
  0.482988 103.5278 
  0.1766247 105.614 
  0.2919968 107.7421 
  0.4928822 109.9132 
  0.8252702 109.9132 
  0.6829018 106.6728 
  0.8268071 105.0885 
  0.9249904 104.0455 
  0.9295384 104.0455 
  0.9587406 104.0455 
  0.970733 103.5278 
  0.6336665 102.5003 
  0.4243821 99.97575 
  0.5712315 96.54556 
  0.3874098 104.0455 
  -0.05505735 105.0885 
  -0.0938375 106.142 
  0.06346224 107.2061 
  0.2573435 107.7421 
  -0.2076806 108.2809 
  -0.02895241 109.3664 
  -0.1062346 110.4628 
  -0.3032615 111.5702 
  0.19654 112.6886 
  -0.3118609 113.8184 
  0.6107633 114.3874 
  0.5900284 110.4628 
  0.5517011 108.8223 
  0.755017 108.2809 
  0.9547113 107.2061 
  0.9747114 106.6728 
  0.9857856 106.6728 
  0.9885722 106.6728 
  0.9549969 106.6728 
  0.8353063 105.0885 
  0.8484522 103.0128 
  0.802877 100.978 
  0.5783679 99.97575 
  -0.02387017 100.978 
  0.01248866 102.5003 
  -0.01901422 103.5278 
  -0.07973682 105.0885 
  -0.05312686 106.6728 
  0.06838612 107.7421 
  -0.06291579 108.8223 
  0.517853 109.9132 
  0.8233846 110.4628 
  0.9546233 109.9132 
  0.9464462 108.2809 
  0.9690563 106.6728 
  0.8539647 104.5657 
  0.5752156 103.5278 
  0.7151822 103.0128 
  0.8874705 102.5003 
  0.877921 104.0455 
  0.9079047 106.142 
  0.9456081 107.7421 
  0.9630957 108.2809 
  0.863521 109.9132 
  0.8275437 111.5702 
  0.8629436 112.128 
  0.8399417 112.128 
  0.8110608 111.0151 
  0.8893086 109.9132 
  0.9347302 108.8223 
  0.8450754 108.2809 
  0.7151443 108.8223 
  0.1640439 108.8223 
  0.8951011 109.3664 
  0.8766164 109.9132 
  0.8491457 111.0151 
  0.8955289 112.128 
  0.8447813 111.0151 
  0.7980545 108.8223 
  0.8589995 106.142 
  0.8849929 104.0455 
  0.8876793 103.5278 
  0.9953454 103.5278 
  0.9956721 103.0128 
  0.9899775 102.5003 
  0.9906696 101.9903 
  0.9930019 100.978 
  0.9796041 99.97575 
  0.9864324 98.98344 
  0.9921557 98.491 
  0.9894313 98.491 
  0.9256367 98.00098 
  0.767887 97.51342 
  0.08436225 98.00098 
  0.2738975 98.00098 
  0.3575584 98.00098 
  0.1958919 98.00098 
  0.1740122 98.00098 
  0.1868482 98.00098 
  -0.04460061 98.00098 
  0.137045 98.00098 
  0.4735515 98.491 
  0.1621931 98.98344 
  -0.07908726 99.97575 
  0.40848 100.4756 
  0.4573472 105.0885 
  0.835125 106.142 
  0.8790112 104.5657 
  0.9055003 101.9903 
  0.8232458 100.4756 
  0.6923468 99.97575 
  0.06817507 101.9903 
  0.2732242 104.0455 
  0.316068 106.142 
  0.4384258 107.7421 
  0.6797978 105.614 
  0.9039809 105.614 
  0.896355 106.142 
  0.9429425 107.2061 
  0.9886701 107.2061 
  0.9881986 107.2061 
  0.9871649 106.6728 
  0.9615868 106.142 
  0.8707618 104.5657 
  0.8083001 101.4829 
  0.7628949 98.491 
  0.5993 95.11173 
  0.2648071 91.84841 
  0.5465099 86.94508 
  0.697484 86.0821 
  0.121 84.80367 
  0.8482006 82.3035 
  0.9623719 80.6778 
  0.8497294 79.47963 
  0.8564728 78.29926 
  0.920118 77.90971 
  0.8425362 77.90971 
  0.6119834 77.90971 
  0.3249095 77.90971 
  0.2325386 77.90971 
  0.277689 77.90971 
  0.1959876 77.90971 
  0.05757276 77.90971 
  -0.1810545 77.90971 
  -0.1140172 77.90971 
  0.03630356 77.90971 
  -0.1204508 77.90971 
  -0.123485 77.90971 ]
