 [
  0.4225364 273.8036 
  0.2182721 273.8036 
  0.08881918 273.8036 
  0.1062131 273.8036 
  -0.1451225 273.8036 
  -0.1271883 273.8036 
  0.008866644 273.8036 
  0.2382298 273.8036 
  0.2896745 273.8036 
  -0.030922 273.8036 
  0.1352482 273.8036 
  0.1586358 273.8036 
  0.04975705 273.8036 
  0.03680669 273.8036 
  0.2699831 273.8036 
  0.2055294 273.8036 
  0.2152634 273.8036 
  0.4573774 275.1726 
  0.4233401 276.5485 
  0.6927972 260.4825 
  0.8609895 255.3373 
  0.9625164 255.3373 
  0.9902775 254.067 
  0.9916474 254.067 
  0.9878774 255.3373 
  0.9719791 256.614 
  0.9680901 259.1866 
  0.953217 261.7849 
  0.969664 265.7313 
  0.9756981 269.7372 
  0.9653503 272.4414 
  0.9226232 272.4414 
  0.9853901 272.4414 
  0.9833815 272.4414 
  0.9643873 272.4414 
  0.9192106 272.4414 
  0.6338319 272.4414 
  2.827216e-05 272.4414 
  0.03176443 272.4414 
  0.4949432 272.4414 
  0.8424837 273.8036 
  0.9340978 272.4414 
  0.9692155 268.3953 
  0.930559 261.7849 
  0.9288039 255.3373 
  0.91074 250.2938 
  0.722738 250.2938 
  0.9861569 251.5452 
  0.9940557 251.5452 
  0.9944311 250.2938 
  0.9369155 250.2938 
  0.9130076 249.0485 
  0.9295641 246.5766 
  0.9833333 244.1292 
  0.9936897 244.1292 
  0.996474 245.3498 
  0.9963977 245.3498 
  0.9960137 246.5766 
  0.9969297 246.5766 
  0.9797474 246.5766 
  0.9601634 245.3498 
  0.923781 245.3498 
  0.9870083 250.2938 
  0.9980742 251.5452 
  0.9969268 250.2938 
  0.9968663 249.0485 
  0.9910185 246.5766 
  0.8434678 242.9146 
  0.955916 241.7061 
  0.9647074 244.1292 
  0.9907039 246.5766 
  0.9918711 246.5766 
  0.9726315 242.9146 
  0.9797311 238.1164 
  0.9951852 234.5801 
  0.9925205 232.2518 
  0.9916177 229.9466 
  0.9915646 227.6642 
  0.9881033 225.4046 
  0.9886905 223.1673 
  0.9808803 222.057 
  0.9799843 220.9523 
  0.9601092 223.1673 
  0.964514 224.2832 
  0.9187568 226.5316 
  0.7605314 228.8026 
  0.06639618 231.0963 
  -0.02612081 233.4131 
  -0.207273 235.753 
  0.04028165 238.1164 
  -0.02791857 240.5036 
  -0.1462186 242.9146 
  0.08766831 245.3498 
  0.08491429 247.8095 
  0.03576798 250.2938 
  -0.06710093 252.8029 
  0.04047305 254.067 
  0.1142294 256.614 
  0.7260987 259.1866 
  0.7123308 254.067 
  0.8111202 249.0485 
  0.9872878 244.1292 
  0.9916472 240.5036 
  0.9981504 238.1164 
  0.9982628 236.9318 
  0.9913418 235.753 
  0.9747273 234.5801 
  0.9485792 234.5801 
  0.7828103 234.5801 
  0.3816354 235.753 
  0.236238 235.753 
  0.1914133 235.753 
  0.116073 235.753 
  0.05219906 235.753 
  -0.1121104 235.753 
  -0.1723945 235.753 
  -0.3033355 235.753 
  0.07463545 235.753 
  0.3913519 235.753 
  0.3513109 235.753 
  0.1151177 235.753 
  -0.2263273 235.753 
  0.1056067 235.753 
  -0.2969334 235.753 
  0.5530728 233.4131 
  0.7541501 234.5801 
  0.9775602 234.5801 
  0.9790102 234.5801 
  0.9490443 231.0963 
  0.9399066 228.8026 
  0.9968563 224.2832 
  0.9953526 224.2832 
  0.9935523 224.2832 
  0.9901254 225.4046 
  0.9903805 227.6642 
  0.9983495 228.8026 
  0.9932307 227.6642 
  0.9858311 225.4046 
  0.9734105 222.057 
  0.9527539 219.853 
  0.9470958 217.6709 
  0.9638668 215.5104 
  0.9793016 213.3714 
  0.9882553 212.3098 
  0.9881272 212.3098 
  0.9832612 211.2535 
  0.9888892 210.2025 
  0.9921136 209.1568 
  0.9872684 209.1568 
  0.9814448 210.2025 
  0.9721718 211.2535 
  0.9332254 212.3098 
  0.8153474 214.4382 
  0.6198223 216.5879 
  0.3411195 218.7592 
  -0.03767174 220.9523 
  -0.06891124 223.1673 
  -0.01890593 225.4046 
  -0.2063257 227.6642 
  0.07906251 229.9466 
  0.0797084 232.2518 
  0.140619 234.5801 
  0.5452051 236.9318 
  0.7227319 236.9318 
  0.8583394 234.5801 
  0.9712144 229.9466 
  0.9665716 227.6642 
  0.969609 225.4046 
  0.9924498 224.2832 
  0.9920071 224.2832 
  0.9892182 224.2832 
  0.9860108 226.5316 
  0.9940689 227.6642 
  0.9951105 228.8026 
  0.9927458 229.9466 
  0.9907964 232.2518 
  0.9782634 234.5801 
  0.9673256 236.9318 
  0.9300461 235.753 
  0.7924648 234.5801 
  -0.1012002 233.4131 
  0.2133932 233.4131 
  0.1839338 232.2518 
  -0.01650301 231.0963 
  -0.04530352 229.9466 
  0.02685717 228.8026 
  -0.2355942 227.6642 
  -0.1406497 226.5316 
  0.5509087 225.4046 
  0.8033903 218.7592 
  0.9052832 215.5104 
  0.9198627 211.2535 
  0.9473926 207.0808 
  0.969341 202.9904 
  0.983102 200.9756 
  0.9945528 199.9758 
  0.991647 199.9758 
  0.9858744 200.9756 
  0.9730405 201.9805 
  0.8975306 205.0254 
  0.8211315 210.2025 
  0.8514599 215.5104 
  0.7200162 211.2535 
  0.7664712 211.2535 
  0.3737996 211.2535 
  0.000974183 211.2535 
  -0.02137959 211.2535 
  0.1167716 211.2535 
  0.1410749 211.2535 
  0.06044423 211.2535 
  0.3246171 211.2535 
  0.08497102 211.2535 
  0.1464575 211.2535 
  0.2052335 211.2535 
  -0.004035968 211.2535 
  -0.03983772 211.2535 
  -0.2682857 211.2535 
  0.5017118 211.2535 
  0.7711831 210.2025 
  0.9725536 210.2025 
  0.9904585 209.1568 
  0.9913862 208.1162 
  0.9904866 206.0505 
  0.9077928 205.0254 
  0.2748067 198.9809 
  0.2926141 181.8956 
  0.2746482 178.3027 
  0.2195719 182.8051 
  0.2099969 185.5609 
  0.4086269 184.6377 
  0.3033807 181.8956 
  0.3856226 179.1942 
  0.2799017 177.4156 
  -0.1112146 175.6547 
  0.1456872 175.6547 
  0.3285129 176.533 
  0.0297943 180.0902 
  -0.09406222 185.5609 
  0.1443669 194.0801 
  0.4019641 205.0254 
  0.7437593 211.2535 
  0.8939379 212.3098 
  0.9383566 209.1568 
  0.9698985 206.0505 
  0.9543222 204.0054 
  0.9305289 204.0054 
  0.9462615 204.0054 
  0.9758013 205.0254 
  0.9915879 206.0505 
  0.9941362 207.0808 
  0.993804 207.0808 
  0.9907855 207.0808 
  0.9832682 205.0254 
  0.9842675 202.9904 
  0.904664 205.0254 
  0.8315208 210.2025 
  0.925496 214.4382 
  0.8911977 215.5104 
  0.3768738 217.6709 
  0.08325405 231.0963 
  0.1424988 241.7061 
  0.1964789 244.1292 
  0.3914904 236.9318 
  0.564261 232.2518 
  0.5278774 234.5801 
  0.4452736 234.5801 
  0.1759229 242.9146 
  -0.001841197 252.8029 
  -0.02300179 255.3373 
  0.08561508 252.8029 
  0.3760372 251.5452 
  0.3668598 250.2938 
  0.2684768 249.0485 
  0.209591 247.8095 
  0.2296967 247.8095 
  0.2775283 247.8095 
  0.2729667 247.8095 
  0.2530602 247.8095 
  0.2818452 247.8095 
  0.162648 247.8095 
  0.2017144 247.8095 
  0.1570015 247.8095 
  -0.0177222 247.8095 
  -0.03454209 247.8095 
  0.04111759 247.8095 
  0.1396157 247.8095 
  0.07751498 247.8095 ]
