 [
  -0.03798393 216.5879 
  0.110938 216.5879 
  -0.03016132 216.5879 
  -0.3245732 216.5879 
  -0.2368899 216.5879 
  0.1097969 216.5879 
  -0.1885278 216.5879 
  -0.2676247 216.5879 
  -0.1259391 216.5879 
  -8.460204e-05 216.5879 
  0.1923299 216.5879 
  0.08887404 216.5879 
  0.03274325 216.5879 
  -0.2440433 216.5879 
  0.829475 216.5879 
  0.7548162 205.0254 
  0.7907287 199.9758 
  0.9551314 194.0801 
  0.9258835 192.1537 
  0.8226539 192.1537 
  0.3404918 195.0505 
  0.006303345 197.9909 
  0.6361286 200.9756 
  0.09577382 204.0054 
  0.4130648 207.0808 
  0.04263555 210.2025 
  0.00943998 213.3714 
  -0.03429902 216.5879 
  -0.003402056 219.853 
  0.1327616 223.1673 
  0.1552625 225.4046 
  0.6365665 227.6642 
  0.9264586 229.9466 
  0.9617016 227.6642 
  0.9838395 228.8026 
  0.9887759 229.9466 
  0.9975313 232.2518 
  0.9953049 234.5801 
  0.99208 236.9318 
  0.9949859 240.5036 
  0.9947579 242.9146 
  0.9916654 246.5766 
  0.9913571 249.0485 
  0.9953408 250.2938 
  0.9850316 249.0485 
  0.9717364 244.1292 
  0.9579319 241.7061 
  0.6689647 240.5036 
  0.2600539 239.307 
  0.2149458 238.1164 
  0.1292672 238.1164 
  -0.05026584 238.1164 
  0.02863795 238.1164 
  0.1381509 238.1164 
  0.3025362 238.1164 
  0.2233219 238.1164 
  0.06674314 238.1164 
  0.008633062 238.1164 
  -0.5162949 238.1164 
  0.2524724 238.1164 
  0.008135142 238.1164 
  0.07480451 238.1164 
  0.3376239 238.1164 
  0.1919381 238.1164 
  0.7342423 238.1164 
  0.9006958 235.753 
  0.9552577 233.4131 
  0.9875119 231.0963 
  0.9793913 227.6642 
  0.9840769 223.1673 
  0.9924517 219.853 
  0.9951387 217.6709 
  0.9971386 215.5104 
  0.9951895 215.5104 
  0.994874 215.5104 
  0.9944327 215.5104 
  0.9949245 214.4382 
  0.9940263 214.4382 
  0.9926293 215.5104 
  0.9894905 216.5879 
  0.9916514 217.6709 
  0.9892243 216.5879 
  0.9908894 215.5104 
  0.9930977 213.3714 
  0.9925522 212.3098 
  0.9827086 210.2025 
  0.9752513 208.1162 
  0.9622875 206.0505 
  0.9295334 202.9904 
  0.7487468 202.9904 
  0.3801198 202.9904 
  0.4860014 202.9904 
  0.3133352 202.9904 
  0.03602836 204.0054 
  0.182166 205.0254 
  0.03976586 206.0505 
  0.1837359 207.0808 
  0.1396249 209.1568 
  0.2163735 212.3098 
  0.1260541 216.5879 
  0.5873886 220.9523 
  0.8373126 226.5316 
  0.8984718 222.057 
  0.9611496 218.7592 
  0.9351261 217.6709 
  0.8907434 216.5879 
  0.6536754 213.3714 
  0.9222587 212.3098 
  0.959973 215.5104 
  0.9883648 217.6709 
  0.9991413 217.6709 
  0.9973856 216.5879 
  0.992852 214.4382 
  0.9812172 211.2535 
  0.9575222 209.1568 
  0.8809127 209.1568 
  0.6290345 209.1568 
  0.1824655 209.1568 
  0.3147821 209.1568 
  0.03938835 209.1568 
  -0.06067848 209.1568 
  -0.05919706 209.1568 
  -0.06903642 209.1568 
  0.03238899 209.1568 
  0.04877158 209.1568 
  0.1459733 210.2025 
  -0.03466855 211.2535 
  0.2960115 212.3098 
  0.249653 213.3714 
  0.6103217 213.3714 
  0.8199995 208.1162 
  0.951961 207.0808 
  0.9868947 205.0254 
  0.9875044 202.9904 
  0.9945627 200.9756 
  0.9933453 198.9809 
  0.9927889 197.9909 
  0.9931685 197.0059 
  0.9648196 195.0505 
  0.9126977 194.0801 
  0.805971 192.1537 
  0.7455533 193.1145 
  0.7298653 196.0257 
  0.7711276 198.9809 
  0.1384032 201.9805 
  0.6987652 205.0254 
  0.8224598 197.9909 
  0.9310933 196.0257 
  0.9944015 195.0505 
  0.9978617 195.0505 
  0.9985515 195.0505 
  0.9985584 194.0801 
  0.9974428 193.1145 
  0.9915969 193.1145 
  0.969787 194.0801 
  0.9261394 193.1145 
  0.9331228 192.1537 
  0.9718865 190.2465 
  0.9884805 189.3 
  0.9876908 187.4211 
  0.9897587 187.4211 
  0.9942326 186.4887 
  0.9942604 186.4887 
  0.9936968 186.4887 
  0.9896425 186.4887 
  0.9813911 187.4211 
  0.970088 188.3582 
  0.9434442 187.4211 
  0.9347159 185.5609 
  0.9378058 184.6377 
  0.8833479 184.6377 
  0.1217075 185.5609 
  -0.09040407 186.4887 
  -0.03991754 187.4211 
  0.1448324 188.3582 
  0.1697325 189.3 
  0.03455056 190.2465 
  0.02104615 192.1537 
  0.07031749 194.0801 
  0.06586527 196.0257 
  0.372789 197.9909 
  0.6988587 198.9809 
  0.8018102 194.0801 
  0.9491453 191.1978 
  0.9821398 188.3582 
  0.9571667 186.4887 
  0.9152592 184.6377 
  0.7234597 185.5609 
  0.2522651 188.3582 
  0.1040665 191.1978 
  0.02034771 193.1145 
  -0.1416655 195.0505 
  -0.1106036 197.0059 
  -0.2139579 199.9758 
  -0.1866758 202.9904 
  -0.09843959 205.0254 
  -0.1375339 207.0808 
  -0.2781196 209.1568 
  -0.2866957 211.2535 
  0.3011467 213.3714 
  0.8191661 205.0254 
  0.8878121 199.9758 
  0.9873065 197.0059 
  0.9937057 194.0801 
  0.9905484 192.1537 
  0.9921132 190.2465 
  0.9944318 188.3582 
  0.9907953 188.3582 
  0.9917992 188.3582 
  0.9892451 187.4211 
  0.9933186 185.5609 
  0.990672 183.7191 
  0.9939818 182.8051 
  0.9973248 181.8956 
  0.9984021 180.9906 
  0.998787 180.9906 
  0.9972469 180.9906 
  0.9958253 180.9906 
  0.9949912 180.9906 
  0.9895783 180.9906 
  0.99193 180.9906 
  0.9950862 181.8956 
  0.996646 181.8956 
  0.9961675 182.8051 
  0.9936799 181.8956 
  0.9921591 181.8956 
  0.9924991 180.9906 
  0.9842594 180.0902 
  0.9807981 179.1942 
  0.9794105 179.1942 
  0.9907486 180.9906 
  0.9936389 182.8051 
  0.9981642 183.7191 
  0.99876 184.6377 
  0.9985026 185.5609 
  0.9966746 185.5609 
  0.9933711 186.4887 
  0.983269 187.4211 
  0.9757231 187.4211 
  0.96355 187.4211 
  0.9205332 187.4211 
  0.8071543 187.4211 
  0.2786939 187.4211 
  0.2473425 187.4211 
  0.1952231 187.4211 
  0.1198382 187.4211 
  0.02367698 187.4211 
  0.01541805 188.3582 
  -0.07395899 188.3582 
  -0.0009974726 188.3582 
  0.07709897 187.4211 
  0.0924628 186.4887 
  0.7932657 184.6377 
  0.3563833 186.4887 
  -0.2198346 188.3582 
  0.07670355 190.2465 
  -0.08841287 192.1537 
  0.03959032 193.1145 
  0.03476032 193.1145 
  0.2799549 192.1537 
  0.4957111 191.1978 
  0.3686433 191.1978 
  0.2701922 191.1978 
  0.3400026 192.1537 
  0.2501742 193.1145 
  0.7004089 194.0801 
  0.7737316 183.7191 
  0.8789669 180.9906 
  0.987471 179.1942 
  0.9896847 179.1942 
  0.9952004 178.3027 
  0.9998996 177.4156 
  0.9937642 177.4156 
  0.9984788 176.533 
  0.9924336 175.6547 
  0.9916428 175.6547 
  0.9803681 175.6547 
  0.959751 175.6547 
  0.8786798 175.6547 
  0.7018782 174.7808 
  0.1003935 176.533 
  0.8067521 178.3027 
  0.5954211 180.9906 
  -0.1126939 183.7191 
  -0.01775609 185.5609 
  -0.03643826 188.3582 
  0.1210819 191.1978 
  0.4671259 193.1145 
  0.7366205 193.1145 
  0.8257173 188.3582 
  0.990451 185.5609 
  0.9999662 183.7191 
  0.9996176 182.8051 
  0.9986283 181.8956 
  0.9989496 181.8956 
  0.9974757 180.0902 
  0.997023 179.1942 
  0.9970969 177.4156 
  0.9972025 176.533 
  0.9782265 177.4156 
  0.9706258 177.4156 
  0.9688253 177.4156 
  0.9890485 175.6547 
  0.9511366 174.7808 
  0.9250826 173.9112 
  0.9453688 173.9112 
  0.9984089 174.7808 
  0.9985999 174.7808 
  0.9978923 174.7808 
  0.9987316 175.6547 
  0.9980954 176.533 
  0.8260897 178.3027 
  0.9068012 177.4156 
  0.9485474 177.4156 
  0.9954441 177.4156 
  0.9968535 178.3027 
  0.995368 178.3027 
  0.9945436 179.1942 
  0.9942765 180.0902 
  0.9847988 180.0902 
  0.9761438 180.0902 
  0.9481913 180.0902 
  0.9132944 180.0902 
  0.5908009 180.9906 
  0.6840429 182.8051 
  0.6578764 185.5609 
  0.09680202 188.3582 
  -0.001733231 191.1978 
  0.04620576 194.0801 
  0.06387056 196.0257 
  0.03979329 197.9909 
  0.69104 199.9758 
  0.8570778 197.0059 
  0.9067981 194.0801 
  0.9725659 191.1978 
  0.9433846 187.4211 
  0.9770727 184.6377 
  0.989015 182.8051 
  0.9823025 182.8051 
  0.9547269 182.8051 
  0.8577174 184.6377 
  0.6956835 186.4887 
  0.21667 189.3 
  -0.03740282 191.1978 
  0.05002922 193.1145 
  0.07618637 195.0505 
  0.0595798 197.0059 
  0.08072375 198.9809 
  0.0715297 200.9756 
  0.1560943 202.9904 
  0.5996335 205.0254 
  0.8610137 205.0254 
  0.9111879 199.9758 
  0.9690238 197.0059 
  0.9898484 194.0801 
  0.9912512 191.1978 
  0.9969745 189.3 
  0.9810574 190.2465 
  0.9571847 190.2465 
  0.8874501 190.2465 
  0.41214 189.3 
  0.3163065 188.3582 
  0.4528928 188.3582 
  -0.03034317 188.3582 
  -0.02397488 187.4211 
  -0.02541158 186.4887 
  0.1988159 185.5609 
  0.2257518 185.5609 
  0.008058449 186.4887 
  0.752161 187.4211 
  0.8132893 188.3582 
  0.8696106 187.4211 
  0.8818095 184.6377 
  0.9247287 182.8051 
  0.9196429 180.9906 
  0.9974424 180.9906 
  0.9988173 180.9906 
  0.9988263 180.9906 
  0.998706 180.0902 
  0.9783104 179.1942 
  0.9227036 178.3027 
  0.804969 178.3027 
  0.6351251 179.1942 
  0.7012833 180.0902 
  0.9149812 180.0902 
  0.9342608 181.8956 
  0.971989 182.8051 
  0.9948594 183.7191 
  0.9986128 182.8051 
  0.9980428 181.8956 
  0.9984132 181.8956 
  0.9960822 180.9906 
  0.9826658 180.0902 
  0.954201 178.3027 
  0.9017498 176.533 
  0.5715469 176.533 
  0.3663263 176.533 
  0.1637093 177.4156 
  0.1119899 178.3027 
  0.07753326 179.1942 
  0.3164319 179.1942 
  0.3533584 180.0902 
  0.2341266 180.0902 
  0.09237373 180.0902 
  0.2181131 180.0902 
  0.4230879 180.9906 
  0.7797612 180.9906 
  0.8470925 177.4156 
  0.9663237 174.7808 
  0.9734846 172.185 
  0.9656762 170.476 
  0.9844348 168.784 
  0.985396 167.9442 
  0.9885938 168.784 
  0.9941805 169.6279 
  0.9941906 170.476 
  0.9968805 171.3284 
  0.9956451 172.185 
  0.984048 172.185 
  0.9500719 172.185 
  0.8725215 172.185 
  0.6651601 172.185 
  0.06557059 172.185 
  0.0983474 172.185 
  -0.01967629 172.185 
  -0.03549475 172.185 
  -0.03702782 172.185 
  -0.1349153 172.185 
  -0.2388834 172.185 
  -0.132246 172.185 
  0.06784771 172.185 
  0.20404 172.185 
  0.1332522 172.185 
  -0.1572476 172.185 
  -0.17041 172.185 
  0.04779109 172.185 
  0.002625151 172.185 
  -0.1714881 172.185 
  -0.09228176 172.185 
  0.1188223 172.185 
  0.2056657 172.185 
  -0.1236663 172.185 
  -0.04226702 172.185 
  -0.1265159 172.185 
  -0.04496995 172.185 
  -0.2032904 172.185 
  0.04075166 172.185 
  -0.08644769 172.185 
  -0.2151019 172.185 
  -0.2044303 172.185 
  -0.02172504 172.185 
  0.3631166 172.185 
  -0.06826921 172.185 
  -0.2088189 172.185 ]
