 [
  -0.1500198 100.4756 
  -0.03637374 100.4756 
  0.04250535 100.4756 
  -0.2015624 100.4756 
  -0.1527037 100.4756 
  -0.3980277 100.4756 
  -0.3906153 100.4756 
  -0.3602055 100.4756 
  -0.2116441 100.4756 
  -0.1830839 100.4756 
  -0.531287 100.4756 
  0.1865871 100.4756 
  0.4863709 100.4756 
  0.7476493 99.47836 
  0.9353997 98.491 
  0.9863299 98.00098 
  0.9940054 98.00098 
  0.9967896 98.00098 
  0.9962133 98.491 
  0.9891064 99.47836 
  0.9743619 100.978 
  0.452482 104.5657 
  0.6164351 106.142 
  0.8368941 105.0885 
  0.9075221 106.142 
  0.8025671 108.8223 
  0.6897666 112.6886 
  0.7649319 117.2759 
  0.8716923 120.8384 
  0.8702527 122.6601 
  0.7519425 126.3862 
  0.6623973 138.9488 
  0.9350826 147.5188 
  0.9616375 150.4914 
  0.9814984 153.5239 
  0.9899595 155.063 
  0.9929081 155.063 
  0.990319 153.5239 
  0.9668766 150.4914 
  0.9707121 146.7849 
  0.9681386 143.1697 
  0.9538419 139.6435 
  0.9441195 136.8852 
  0.9768213 134.8523 
  0.9832621 134.1814 
  0.9624066 134.1814 
  0.9515775 134.8523 
  0.911633 136.2042 
  0.9149524 136.2042 
  0.9525934 136.8852 
  0.9825896 137.5696 
  0.9846674 136.8852 
  0.981665 136.8852 
  0.9678355 135.5266 
  0.9477362 135.5266 
  0.8790857 136.8852 
  0.8702678 139.6435 
  0.8439357 141.0434 
  0.6314313 136.2042 
  0.3376818 136.8852 
  -0.00107507 138.2575 
  0.127765 139.6435 
  0.1823472 141.0434 
  0.07521478 142.4574 
  -0.3249784 143.1697 
  -0.1419761 144.605 
  -0.007961921 146.0546 
  0.7518672 151.2439 
  0.8314369 148.2564 
  0.916747 143.8855 
  0.9400303 138.9488 
  0.9234107 135.5266 
  0.8397177 132.8496 
  0.4384969 132.8496 
  -0.05256568 133.5138 
  0.1534695 134.1814 
  0.08660179 134.8523 
  0.0299829 135.5266 
  0.1524753 136.2042 
  0.1931753 136.8852 
  0.2975595 136.8852 
  0.1823342 136.2042 
  0.09410585 134.8523 
  0.5167246 134.8523 
  0.6619053 136.8852 
  0.6240395 132.1886 
  0.2537664 133.5138 
  0.3160102 115.5342 
  0.9121334 116.1118 
  0.894434 116.6924 
  0.888075 116.6924 
  0.8746563 116.6924 
  0.8480405 118.4515 
  0.7800036 117.8622 
  0.6333624 116.1118 
  0.5251948 118.4515 
  0.1998602 120.8384 
  -0.05610127 123.2734 
  0.6037082 125.7574 
  0.1181489 128.2915 
  0.0003200257 130.8766 
  0.1820339 132.8496 
  0.2447054 134.8523 
  0.2442705 136.8852 
  0.1782 138.9488 
  0.1745114 140.3417 
  0.004597408 141.0434 
  0.2924148 141.0434 
  0.5160176 140.3417 
  0.7063097 136.8852 
  0.885862 132.8496 
  0.9429128 128.2915 
  0.9553607 124.5092 
  0.9456506 120.8384 
  0.9411697 117.8622 
  0.9566332 114.3874 
  0.9736914 111.0151 
  0.9660791 108.8223 
  0.9575535 106.6728 
  0.9521474 104.5657 
  0.951487 103.0128 
  0.9716699 101.4829 
  0.9899778 100.4756 
  0.9888431 99.47836 
  0.9930525 98.491 
  0.989877 98.00098 
  0.9742524 97.51342 
  0.9130833 97.51342 
  0.8439778 97.51342 
  0.613546 98.00098 
  0.2322249 98.98344 
  0.1438012 100.4756 
  0.05744285 101.9903 
  0.02748626 103.5278 
  0.007450811 105.0885 
  -0.01273339 106.6728 
  -0.02514247 108.2809 
  -0.008513123 109.3664 
  0.04692197 110.4628 
  0.1610225 111.5702 
  0.2741016 112.128 
  0.3096667 112.6886 
  0.2799043 113.2521 
  0.1481836 113.8184 
  -0.09693775 114.9594 
  0.03538741 116.6924 
  0.0223723 117.8622 
  0.1148324 119.639 
  0.4277168 121.4426 
  0.4810912 122.6601 
  -0.06716053 123.8897 
  -0.006442517 125.7574 
  -0.2619605 127.0181 
  0.5499662 127.6532 
  0.8452785 128.2915 
  0.9558101 128.9329 
  0.9653674 131.531 
  0.9245784 134.1814 
  0.9145522 134.8523 
  0.9106003 134.1814 
  0.9649467 132.8496 
  0.9893816 132.1886 
  0.9821438 131.531 
  0.9806846 130.8766 
  0.9608153 128.9329 
  0.9112942 127.0181 
  0.8553044 122.6601 
  0.8678429 118.4515 
  0.8680119 114.9594 
  0.8040375 111.0151 
  0.7759391 107.2061 
  0.8636241 103.5278 
  0.9157739 100.978 
  0.9582039 99.47836 
  0.969592 98.00098 
  0.9748493 97.02828 
  0.955816 97.02828 
  0.9038027 98.00098 
  0.8575574 98.491 
  0.8118355 98.00098 
  0.9046355 97.02828 
  0.8840331 96.06523 
  0.7968369 94.1677 
  0.6947023 92.30766 
  0.7322057 90.93677 
  0.5600927 90.48434 
  0.09075157 90.93677 
  0.1689323 91.39146 
  0.06738981 91.84841 
  0.1131253 92.30766 
  0.1541595 92.7692 
  0.02683529 93.23304 
  0.1904285 93.6992 
  0.109683 93.6992 
  0.1327799 94.1677 
  0.1934545 95.11173 
  0.2378478 95.11173 
  0.2393628 95.5873 
  0.6050147 96.06523 
  0.2097014 97.51342 
  0.1997761 98.491 
  0.7792313 99.47836 
  0.8421716 98.491 
  0.7775803 98.98344 
  0.844396 99.47836 
  0.9525322 97.51342 
  0.8943378 97.02828 
  0.8044988 96.06523 
  0.8558854 95.5873 
  0.9644134 95.11173 
  0.9634874 94.1677 
  0.8557508 93.23304 
  0.7256018 92.30766 
  0.445758 92.30766 
  -0.1413038 93.6992 
  -0.6302985 95.5873 
  -0.08880515 97.51342 
  -0.3526774 99.47836 
  0.04856262 101.4829 
  0.7362829 107.2061 
  0.7455859 104.0455 
  0.8944164 104.0455 
  0.9427995 105.0885 
  0.9227509 105.0885 
  0.9086884 105.0885 
  0.9171275 105.0885 
  0.9328455 105.0885 
  0.9391287 105.0885 
  0.8287756 104.0455 
  0.5337155 103.0128 
  0.4459819 100.978 
  0.5397418 90.93677 
  0.4624947 94.1677 
  -0.06471486 95.5873 
  -0.08863001 96.54556 
  0.1078733 97.51342 
  0.5116741 98.491 
  0.8555849 99.47836 
  0.8745792 100.4756 
  0.7621316 100.978 
  0.4443302 101.9903 
  0.05219382 103.0128 
  0.08034051 104.5657 
  0.07079864 106.142 
  0.7139412 108.8223 
  0.6262031 105.614 
  0.8134233 104.5657 
  0.9468543 105.0885 
  0.9702966 105.614 
  0.9719223 106.142 
  0.9654553 107.2061 
  0.9468517 108.2809 
  0.9351177 109.3664 
  0.8404948 109.3664 
  0.7877761 107.7421 
  -0.09508805 107.7421 
  -0.251136 107.2061 
  -0.001645014 106.6728 
  -0.1980161 106.142 
  -0.04596179 105.614 
  0.05626967 105.0885 
  -0.3863299 104.5657 
  -0.05669497 104.0455 
  -0.121529 103.5278 
  0.2613123 103.0128 
  0.2478025 99.47836 
  0.4756345 95.11173 
  0.8385663 94.1677 
  0.8804977 93.23304 
  0.8965646 93.6992 
  0.9572762 93.6992 
  0.9716556 94.1677 
  0.9631351 95.5873 
  0.9307064 97.51342 
  0.8676859 99.47836 
  0.8791853 100.4756 
  0.7797909 101.9903 
  0.5702678 104.0455 
  0.5565587 103.0128 
  0.5540645 100.978 
  0.7302197 100.978 
  0.7865973 101.9903 
  0.8895247 102.5003 
  0.7820183 104.0455 
  0.788108 106.142 
  0.8539037 107.7421 
  0.9061735 109.9132 
  0.9657735 110.4628 
  0.957487 110.4628 
  0.9692161 109.3664 
  0.8881407 109.3664 
  0.6213341 110.4628 
  0.6380463 112.6886 
  0.8188171 116.1118 
  0.3972242 116.6924 
  0.1100725 116.6924 
  -0.01556981 116.6924 
  0.01212494 116.6924 
  -0.03552018 116.6924 
  -0.04525312 116.1118 
  -0.150591 115.5342 
  -0.01022806 114.9594 
  0.2818246 114.3874 
  -0.2369966 113.8184 
  -0.2127769 113.2521 
  0.5539168 112.6886 
  0.8341635 111.5702 
  0.9418807 111.0151 
  0.8522786 109.9132 
  0.6688296 108.8223 
  0.7147848 106.6728 
  0.7467449 105.614 
  0.9251031 104.5657 
  0.7543657 103.0128 
  0.7244872 99.47836 
  0.9273793 98.00098 
  0.8251199 96.54556 
  0.6660942 95.11173 
  0.5157502 93.23304 
  0.1154441 93.6992 
  0.2406348 94.63854 
  -0.1517139 95.5873 
  0.02810621 97.02828 
  0.1315637 98.00098 
  -0.121083 98.98344 
  0.03172648 99.97575 
  0.05985495 100.978 
  0.02459455 101.9903 
  -0.179524 103.0128 
  -0.05493969 104.0455 
  0.2406842 105.0885 
  0.1467927 106.142 
  -0.06757396 106.6728 
  0.007972656 107.2061 
  -0.02470799 107.7421 
  -0.003506433 108.2809 
  0.0004599688 108.8223 
  -0.0473909 109.3664 
  -0.04034105 109.9132 
  0.4762674 110.4628 
  0.5437835 109.9132 
  0.621228 107.2061 
  0.8214676 104.5657 
  0.9498464 102.5003 
  0.9242501 100.978 
  0.8912243 99.47836 
  0.9588646 98.00098 
  0.9824555 97.51342 
  0.9611492 96.54556 
  0.9264013 95.5873 
  0.7743202 94.1677 
  0.6575106 92.30766 
  0.7358395 90.03418 
  0.8161919 89.14054 
  0.8988034 87.8167 
  0.4538515 86.51251 
  0.4021815 84.38177 
  0.3110779 83.96195 
  0.171815 83.96195 
  -0.03496753 84.38177 
  0.1745354 83.96195 
  0.1956931 83.96195 
  0.08754407 83.96195 
  0.02409 83.96195 
  0.08000265 83.96195 
  0.1660892 83.96195 
  0.2401635 83.96195 
  0.172573 83.96195 
  0.008652676 83.96195 
  -0.1071014 83.96195 
  -0.1364197 83.96195 
  0.06949235 83.96195 
  0.3614408 83.96195 
  0.2507041 83.96195 
  -0.05886337 83.96195 
  -0.2236905 83.96195 
  0.01478497 83.96195 
  0.0008026343 83.96195 
  0.008033382 83.96195 
  0.1044389 83.96195 
  0.09322629 83.96195 
  0.09766389 83.96195 
  0.1486312 83.96195 ]
