 [
  0.2606797 206.0505 
  0.1990186 206.0505 
  0.2565413 206.0505 
  0.2263549 206.0505 
  0.02577725 206.0505 
  -0.02729757 206.0505 
  0.04128555 206.0505 
  -0.0568965 206.0505 
  -0.1926095 206.0505 
  -0.03712496 206.0505 
  0.1694642 206.0505 
  0.204122 206.0505 
  -0.2576173 206.0505 
  -0.1197297 206.0505 
  -0.1288815 206.0505 
  0.1027505 206.0505 
  0.5565187 210.2025 
  0.7139027 213.3714 
  0.9534885 215.5104 
  0.9730424 213.3714 
  0.9891259 210.2025 
  0.9971807 209.1568 
  0.9967928 208.1162 
  0.9728624 206.0505 
  0.930663 201.9805 
  0.9520643 197.0059 
  0.9785399 197.0059 
  0.9959257 197.0059 
  0.9962341 197.0059 
  0.9788548 197.0059 
  0.9555241 197.9909 
  0.9016055 199.9758 
  0.9854565 201.9805 
  0.976808 204.0054 
  0.976489 206.0505 
  0.8410199 209.1568 
  0.9213833 212.3098 
  0.9604634 214.4382 
  0.9732676 216.5879 
  0.970296 218.7592 
  0.9460395 219.853 
  0.9444718 222.057 
  0.9712513 223.1673 
  0.9832488 225.4046 
  0.955567 227.6642 
  0.9534369 231.0963 
  0.9626064 234.5801 
  0.9608973 236.9318 
  0.9677894 239.307 
  0.9693215 241.7061 
  0.9853102 245.3498 
  0.9930856 246.5766 
  0.9848862 247.8095 
  0.9900827 250.2938 
  0.9960241 252.8029 
  0.9939452 252.8029 
  0.9907473 251.5452 
  0.9963093 250.2938 
  0.9855754 247.8095 
  0.9804805 245.3498 
  0.9800908 240.5036 
  0.9605184 235.753 
  0.976082 231.0963 
  0.9748776 226.5316 
  0.9718736 222.057 
  0.9816136 220.9523 
  0.9712672 220.9523 
  0.9554244 220.9523 
  0.9501193 217.6709 
  0.9783044 216.5879 
  0.977406 214.4382 
  0.9676909 213.3714 
  0.9807132 211.2535 
  0.9718477 209.1568 
  0.9781983 208.1162 
  0.9904218 208.1162 
  0.9862376 208.1162 
  0.9832456 208.1162 
  0.973282 208.1162 
  0.9464653 209.1568 
  0.9007349 210.2025 
  0.6550017 214.4382 
  -0.4354403 218.7592 
  -0.2831147 223.1673 
  -0.02709435 227.6642 
  0.05623653 232.2518 
  0.002069365 236.9318 
  0.06256302 241.7061 
  0.107802 245.3498 
  -0.0809875 247.8095 
  -0.1048939 251.5452 
  0.01764677 254.067 
  0.09168531 256.614 
  0.3666279 257.8971 
  0.9318423 257.8971 
  0.9538661 256.614 
  0.8986202 250.2938 
  0.8854812 240.5036 
  0.9489919 231.0963 
  0.9760993 224.2832 
  0.9804065 219.853 
  0.9731857 215.5104 
  0.9664108 211.2535 
  0.9810157 208.1162 
  0.9837672 205.0254 
  0.9786568 201.9805 
  0.9798314 198.9809 
  0.9550024 196.0257 
  0.9294651 192.1537 
  0.9379726 188.3582 
  0.9515779 185.5609 
  0.9712859 182.8051 
  0.9719472 181.8956 
  0.9276798 182.8051 
  0.9049383 184.6377 
  0.7438689 187.4211 
  0.25277 189.3 
  0.2973654 191.1978 
  0.4481854 193.1145 
  0.009852 195.0505 
  0.03152446 197.0059 
  0.2169965 198.9809 
  0.1247286 200.9756 
  0.08962563 202.9904 
  -0.03173967 205.0254 
  0.03058783 207.0808 
  0.05120945 209.1568 
  0.04463275 211.2535 
  0.4871154 213.3714 
  0.7819722 223.1673 
  0.8506863 222.057 
  0.917118 222.057 
  0.9746659 218.7592 
  0.9791917 217.6709 
  0.9304365 215.5104 
  0.8771168 214.4382 
  0.2003308 214.4382 
  0.7313796 214.4382 
  0.5396981 214.4382 
  -0.491234 215.5104 
  0.3521744 216.5879 
  0.07965149 217.6709 
  -0.0007687667 218.7592 
  0.3213331 219.853 
  0.1303487 220.9523 
  0.1975225 222.057 
  0.7930824 223.1673 
  0.8667154 223.1673 
  0.8680689 218.7592 
  0.8785338 209.1568 
  0.9448236 202.9904 
  0.9500468 197.9909 
  0.9334328 194.0801 
  0.9335956 190.2465 
  0.9553902 187.4211 
  0.9616247 185.5609 
  0.9804069 182.8051 
  0.7436374 180.0902 
  0.2057443 177.4156 
  0.724339 176.533 
  0.8782543 178.3027 
  0.8961365 179.1942 
  0.8928552 181.8956 
  0.7181489 187.4211 
  0.68641 190.2465 
  0.1285564 193.1145 
  0.2703214 196.0257 
  0.2806969 198.9809 
  0.334684 201.9805 
  0.02913754 205.0254 
  -0.1836783 208.1162 
  -0.2132361 211.2535 
  -0.06168622 214.4382 
  0.1366507 217.6709 
  -0.3931772 219.853 
  0.6868352 219.853 
  0.8074314 216.5879 
  0.92093 212.3098 
  0.9202943 205.0254 
  0.9446283 199.9758 
  0.9770388 198.9809 
  0.9885174 198.9809 
  0.9906672 198.9809 
  0.9934744 197.9909 
  0.9952631 197.0059 
  0.9970967 197.0059 
  0.9951724 197.0059 
  0.9887748 197.0059 
  0.9832435 196.0257 
  0.9696369 196.0257 
  0.9389372 196.0257 
  0.9068965 195.0505 
  0.7390219 194.0801 
  0.6769574 193.1145 
  0.6304168 192.1537 
  0.2405635 191.1978 
  0.0403291 190.2465 
  -0.01153089 189.3 
  -0.4386558 189.3 
  0.439709 189.3 
  0.01730202 188.3582 
  0.04292831 187.4211 
  -0.1758839 186.4887 
  -0.1437632 186.4887 
  0.6124058 187.4211 
  0.7522573 193.1145 
  0.9134676 192.1537 
  0.9374209 190.2465 
  0.9413995 187.4211 
  0.976411 185.5609 
  0.9868271 184.6377 
  0.9907089 183.7191 
  0.9985042 182.8051 
  0.9880811 183.7191 
  0.9865692 183.7191 
  0.9902846 183.7191 
  0.9843033 183.7191 
  0.9768406 184.6377 
  0.9785983 183.7191 
  0.974047 182.8051 
  0.976089 181.8956 
  0.9700724 180.0902 
  0.9572241 180.0902 
  0.9312493 179.1942 
  0.8836277 175.6547 
  0.543862 173.9112 
  0.2259952 173.046 
  0.5909616 171.3284 
  0.7757443 171.3284 
  0.9818711 171.3284 
  0.9640625 170.476 
  0.9836885 168.784 
  0.994141 167.1087 
  0.9889001 166.2773 
  0.9829195 164.6269 
  0.9600661 162.182 
  0.8933332 158.1876 
  0.4687589 152.7601 
  0.360828 144.605 
  0.3061769 143.8855 
  0.08401538 149.7427 
  0.1801488 159.7734 
  0.2147841 162.9929 
  0.1299659 167.1087 
  0.3430752 172.185 
  0.3274453 172.185 
  0.3663775 175.6547 
  0.6546332 175.6547 
  0.8023172 176.533 
  0.9416772 178.3027 
  0.9747808 179.1942 
  0.9688863 178.3027 
  0.9670703 177.4156 
  0.9493676 174.7808 
  0.9757701 173.046 
  0.9754345 174.7808 
  0.9602764 177.4156 
  0.9597062 180.0902 
  0.9867705 181.8956 
  0.9904733 181.8956 
  0.9949691 181.8956 
  0.9970767 182.8051 
  0.996798 182.8051 
  0.995739 182.8051 
  0.9873361 181.8956 
  0.9728303 181.8956 
  0.9573998 181.8956 
  0.9952626 182.8051 
  0.9953554 181.8956 
  0.9947356 180.9906 
  0.995715 180.0902 
  0.9936137 180.0902 
  0.8556669 181.8956 
  0.8371888 179.1942 
  0.9261949 178.3027 
  0.9873725 176.533 
  0.987301 175.6547 
  0.9904842 174.7808 
  0.9892478 173.046 
  0.9906257 172.185 
  0.9653918 170.476 
  0.9599544 168.784 
  0.9838988 167.1087 
  0.9749715 165.4501 
  0.9507492 163.8079 
  0.9623698 161.3751 
  0.9418195 158.9785 
  0.9512923 156.6175 
  0.9641206 154.2915 
  0.9569897 152.0001 
  0.9451548 148.9977 
  0.9642981 147.5188 
  0.9877916 146.0546 
  0.9872177 145.328 
  0.9875682 144.605 
  0.9925468 143.8855 
  0.9692687 143.1697 
  0.8342004 141.0434 
  0.4709881 139.6435 
  0.05054909 141.0434 
  0.1367353 143.8855 
  0.413055 143.8855 
  0.9163648 143.8855 
  0.06268179 143.8855 
  -0.02362755 143.8855 
  -0.02879069 143.8855 
  0.07636414 143.8855 
  0.02049461 143.8855 
  -0.02113777 143.8855 
  -0.02298813 143.8855 
  -0.04782412 143.8855 
  -0.05410292 143.8855 
  -0.0752857 143.8855 
  -0.04964953 143.8855 
  0.09713947 143.8855 
  0.01189873 143.8855 
  -0.09636042 143.8855 
  0.04025956 143.8855 
  0.1401248 143.8855 
  0.1865389 143.8855 
  0.09354544 143.8855 
  0.1045215 143.8855 ]
