 [
  0.1397873 143.8855 
  -0.03534613 143.8855 
  0.1058575 143.8855 
  -0.009978885 143.8855 
  0.1597708 143.8855 
  0.1383391 143.8855 
  0.009081455 143.8855 
  -0.2003616 143.8855 
  -0.03486709 143.8855 
  -0.01449433 143.8855 
  -0.06093489 143.8855 
  -0.06902959 143.8855 
  -0.0009582033 143.8855 
  0.1091784 143.8855 
  0.3197181 143.8855 
  -0.04997723 143.8855 
  0.09007931 143.8855 
  -0.2495983 143.8855 
  -0.07275987 143.8855 
  -0.1421127 143.8855 
  0.03854845 143.8855 
  0.04844429 143.8855 
  0.1603338 144.605 
  0.09207416 145.328 
  0.9170343 146.0546 
  0.2860933 144.605 
  0.3280059 116.6924 
  0.6550845 100.978 
  0.5550618 114.3874 
  0.6626079 113.8184 
  0.3989543 114.9594 
  0.5129797 122.6601 
  0.607612 126.3862 
  0.5975122 130.8766 
  0.8073196 136.2042 
  0.9172683 139.6435 
  0.9405639 141.0434 
  0.9892958 143.1697 
  0.985357 143.1697 
  0.9137329 141.0434 
  0.8696937 137.5696 
  0.8637694 133.5138 
  0.852858 129.5776 
  0.7312224 125.7574 
  0.6211196 123.8897 
  -0.004871201 125.7574 
  -0.03784367 127.6532 
  -0.08510324 129.5776 
  -0.02225123 130.8766 
  0.07340152 132.1886 
  -0.007000767 133.5138 
  0.05944342 135.5266 
  0.1153963 137.5696 
  0.1375004 139.6435 
  -0.1121411 141.7487 
  0.05667526 143.1697 
  0.1826611 144.605 
  0.1327684 146.0546 
  -0.04649506 147.5188 
  0.1743155 148.9977 
  0.4737086 150.4914 
  0.7693929 150.4914 
  0.9569796 148.9977 
  0.9657894 148.2564 
  0.9472116 145.328 
  0.8457517 141.0434 
  0.642589 134.8523 
  0.7056889 128.2915 
  0.6517992 120.8384 
  0.597571 114.3874 
  0.4855565 110.4628 
  0.4502821 104.5657 
  0.6281977 98.00098 
  0.8499724 93.23304 
  0.9754069 92.30766 
  0.9853766 91.84841 
  0.9854516 91.39146 
  0.9625651 90.93677 
  0.9702045 90.93677 
  0.8828327 92.30766 
  0.822436 94.1677 
  0.6626384 97.51342 
  0.4605642 100.978 
  0.6142241 105.614 
  0.8038815 107.7421 
  0.8335773 109.3664 
  0.7192215 111.5702 
  0.6368929 116.1118 
  0.6184292 122.0498 
  0.7066612 125.7574 
  0.7728648 128.9329 
  0.8339845 132.1886 
  0.8870993 134.1814 
  0.915176 135.5266 
  0.9436579 136.2042 
  0.9683105 136.8852 
  0.9664739 136.8852 
  0.9407445 136.8852 
  0.8737624 135.5266 
  0.844786 133.5138 
  0.7365792 132.8496 
  0.2872642 130.8766 
  -0.008617499 128.2915 
  0.06281253 125.7574 
  0.1164708 123.2734 
  0.07501208 120.8384 
  0.0173205 118.4515 
  0.006358278 116.1118 
  -0.03004518 113.8184 
  0.07714741 111.5702 
  0.1840411 109.3664 
  0.06871332 107.2061 
  0.08267151 105.614 
  0.1547667 104.0455 
  0.07360664 101.9903 
  -0.04633145 100.4756 
  0.5502843 97.51342 
  0.6456861 94.63854 
  0.7590675 91.39146 
  0.885987 88.25578 
  0.9074573 86.51251 
  0.9251157 85.65383 
  0.9172564 86.0821 
  0.8693029 86.94508 
  0.9099302 87.8167 
  0.9538963 88.69706 
  0.956193 88.69706 
  0.9559135 88.25578 
  0.9319638 87.3798 
  0.7661217 85.65383 
  0.7820246 85.65383 
  0.49519 86.51251 
  0.6240509 89.14054 
  0.8410867 91.39146 
  0.7560366 91.39146 
  0.5135099 91.84841 
  0.7137462 91.84841 
  0.6701068 91.84841 
  0.5922664 92.30766 
  0.4108163 92.7692 
  0.08554479 93.6992 
  -0.04246842 94.63854 
  0.03354507 95.5873 
  0.2082341 96.54556 
  0.3264366 95.5873 
  0.4938207 99.47836 
  0.3895431 103.5278 
  0.7097708 107.2061 
  0.9450408 109.3664 
  0.9223002 111.0151 
  0.9145896 112.6886 
  0.92363 114.3874 
  0.9015777 116.6924 
  0.9822194 118.4515 
  0.99458 118.4515 
  0.9789432 117.8622 
  0.9796323 117.2759 
  0.9903139 116.6924 
  0.9819236 116.1118 
  0.9516599 114.9594 
  0.8568416 113.8184 
  0.8425865 111.5702 
  0.7995016 109.3664 
  0.8442777 106.142 
  0.8586949 104.0455 
  0.7774451 100.4756 
  0.8435307 98.00098 
  0.8803234 96.06523 
  0.7637422 94.63854 
  0.8003229 92.30766 
  0.9190871 90.03418 
  0.9308686 89.14054 
  0.9574933 88.25578 
  0.9156092 88.69706 
  0.8727776 89.58624 
  0.8396715 90.03418 
  0.8033397 90.03418 
  0.8963614 90.03418 
  0.8412053 90.48434 
  0.7284114 90.93677 
  0.3363955 91.39146 
  0.2248191 92.30766 
  0.1010378 93.23304 
  0.02390189 94.1677 
  -0.005890459 95.11173 
  -0.0951625 95.5873 
  -0.04205277 96.54556 
  0.2681167 97.02828 
  0.240661 97.51342 
  0.1011057 98.00098 
  -0.04133691 98.491 
  -0.08313411 98.98344 
  0.01606964 99.47836 
  0.08708985 99.97575 
  0.2456969 100.4756 
  -0.06314917 100.978 
  -0.02359159 101.4829 
  -0.01125463 101.9903 
  -0.1007509 102.5003 
  0.1308513 103.0128 
  0.2297679 103.5278 
  -0.1441597 104.0455 
  0.04714872 104.5657 
  0.6175891 106.142 
  0.8941543 105.614 
  0.8630731 108.2809 
  0.948274 108.8223 
  0.9904277 109.3664 
  0.9607729 109.3664 
  0.8630289 108.8223 
  0.7790886 107.2061 
  0.395297 105.614 
  0.3733894 107.2061 
  0.2146453 108.8223 
  0.2477469 109.9132 
  0.1794495 109.9132 
  -0.05328574 109.3664 
  0.005471232 108.2809 
  0.08257432 107.7421 
  0.119755 107.7421 
  -0.001848182 107.7421 
  0.1057538 107.7421 
  0.1630741 108.2809 
  0.135743 108.8223 
  0.09217379 109.3664 
  0.3104469 109.9132 
  0.1998869 110.4628 
  0.1738897 111.0151 
  0.2690154 112.128 
  0.5947008 117.8622 
  0.7593704 115.5342 
  0.9026923 112.6886 
  0.9129763 111.5702 
  0.8445389 110.4628 
  0.7845675 108.2809 
  0.7516736 105.614 
  0.756403 103.0128 
  0.2994285 99.97575 
  -0.1840018 100.4756 
  -0.08880775 100.4756 
  0.08908357 100.978 
  0.1274027 101.4829 
  0.1232858 101.9903 
  -0.3035184 102.5003 
  -0.2664787 103.0128 
  -0.03871057 103.5278 
  0.113921 104.0455 
  0.1237304 104.5657 
  0.02537557 105.0885 
  0.009729944 105.614 
  0.2752534 106.142 
  0.2768358 106.142 
  0.2163029 106.6728 
  -0.1551208 109.9132 
  0.2930011 113.2521 
  0.01334528 115.5342 
  0.2396524 118.4515 
  0.1384864 119.0438 
  0.03121803 118.4515 
  0.725084 118.4515 
  0.5872651 111.0151 
  0.9739639 111.5702 
  0.8914553 111.0151 
  0.8445681 109.3664 
  0.7296224 107.7421 
  0.6817368 105.0885 
  0.7263608 103.0128 
  0.2751518 100.4756 
  0.2013286 93.23304 
  0.4344229 91.84841 
  0.4776805 90.03418 
  0.5307274 88.25578 
  0.4530767 84.80367 
  0.9763992 82.71502 
  0.5534025 81.4866 
  0.7822882 79.87703 
  0.8805282 80.6778 
  0.951036 80.6778 
  0.7154509 81.89403 
  0.9306722 83.12859 
  0.6490241 83.54424 
  0.3130729 85.2277 
  0.1736947 86.0821 
  -0.1153807 86.0821 
  -0.02228499 86.0821 
  -0.1368874 86.0821 
  0.02891552 86.0821 
  -0.04924286 86.0821 
  -0.06953005 86.0821 
  -0.2194961 86.0821 
  -0.193351 86.0821 
  -0.288495 86.0821 
  -0.1183676 86.0821 
  0.07256308 86.0821 
  -0.009180117 86.0821 ]
