 [
  0.04857744 141.7487 
  -0.2275903 141.7487 
  0.4067591 141.7487 
  0.335958 141.7487 
  0.05582874 141.7487 
  -0.2876189 141.7487 
  -0.2931808 141.7487 
  -0.3018139 141.7487 
  -0.3496661 141.7487 
  -0.4249882 141.7487 
  -0.4093003 141.7487 
  0.05319402 141.7487 
  0.4112911 141.7487 
  0.6805233 132.1886 
  0.7206982 131.531 
  0.6206834 126.3862 
  0.8889755 125.7574 
  0.9626466 125.7574 
  0.9687576 126.3862 
  0.9739032 126.3862 
  0.8893843 127.6532 
  0.7694851 129.5776 
  0.9243102 132.1886 
  0.942711 133.5138 
  0.8905581 134.8523 
  0.6907898 138.2575 
  0.797269 141.7487 
  0.8753096 144.605 
  0.9087895 146.7849 
  0.9434373 147.5188 
  0.8089916 147.5188 
  0.6458132 146.7849 
  0.0377476 141.0434 
  0.9183536 139.6435 
  0.9390281 138.2575 
  0.9115743 136.2042 
  0.7883958 134.8523 
  0.4916047 134.1814 
  -0.003027154 134.1814 
  -0.3718212 134.8523 
  -0.436323 135.5266 
  -0.10335 136.2042 
  0.5835992 136.8852 
  0.3950645 137.5696 
  -0.1692914 138.2575 
  -0.1064758 138.9488 
  -0.01076049 139.6435 
  0.05354462 140.3417 
  0.3503675 141.0434 
  -0.08111479 141.7487 
  -0.03864022 142.4574 
  -0.06428447 143.1697 
  -0.02153355 143.1697 
  0.2666165 143.1697 
  0.3886695 143.8855 
  0.788339 149.7427 
  0.8624144 146.7849 
  0.8626065 143.1697 
  0.9568739 140.3417 
  0.9828618 137.5696 
  0.9817836 136.8852 
  0.9911643 134.8523 
  0.9902865 134.1814 
  0.9293233 132.8496 
  0.8370574 132.8496 
  0.6520538 133.5138 
  -0.1491013 135.5266 
  0.4402934 136.8852 
  0.5096802 138.2575 
  0.2617064 139.6435 
  0.01411968 141.7487 
  -0.1154535 143.1697 
  0.2484391 144.605 
  0.6314859 146.0546 
  0.6285608 138.9488 
  0.4967062 136.2042 
  0.7726661 128.2915 
  0.8037992 124.5092 
  0.765771 122.0498 
  0.6056663 119.0438 
  -0.09384549 119.639 
  0.08351648 120.2372 
  0.7912985 121.4426 
  0.7894378 121.4426 
  0.8966532 122.0498 
  0.9618403 121.4426 
  0.972903 120.8384 
  0.9792427 120.2372 
  0.9791201 120.8384 
  0.9586983 121.4426 
  0.9595041 122.6601 
  0.9705538 123.2734 
  0.9722638 123.8897 
  0.9779446 124.5092 
  0.9586611 123.2734 
  0.841691 122.6601 
  0.6039551 119.0438 
  -0.1999705 120.2372 
  0.5504726 121.4426 
  0.4496014 122.6601 
  0.131006 123.8897 
  0.02178751 125.1317 
  -0.101736 126.3862 
  0.4435854 127.6532 
  0.4484888 126.3862 
  0.3696425 121.4426 
  0.6214138 118.4515 
  0.6732993 114.3874 
  -0.03334932 112.128 
  -0.3355742 111.5702 
  -0.5235498 111.0151 
  -0.4724408 110.4628 
  0.08500955 109.9132 
  0.8037447 109.3664 
  0.8282541 109.3664 
  0.8044756 107.7421 
  0.748117 106.142 
  0.849084 104.5657 
  0.8428222 104.0455 
  0.8354502 105.0885 
  0.9799023 105.614 
  0.9503005 105.614 
  0.908669 106.142 
  0.8776663 107.2061 
  0.648202 110.4628 
  0.733014 116.6924 
  0.8766556 120.2372 
  0.8511763 122.6601 
  0.8890504 124.5092 
  0.9714495 126.3862 
  0.9694639 127.0181 
  0.8896971 125.7574 
  0.7916243 123.8897 
  0.4481404 121.4426 
  0.4493344 122.0498 
  0.5294876 123.2734 
  0.556312 124.5092 
  0.5250167 125.7574 
  0.5484439 127.0181 
  0.8458062 127.0181 
  0.8310248 125.1317 
  0.8295608 122.0498 
  0.785018 117.8622 
  0.7592447 112.6886 
  0.9225889 109.9132 
  0.9940324 108.2809 
  0.9916068 107.2061 
  0.9863094 106.6728 
  0.9763938 106.6728 
  0.9232381 107.2061 
  0.9357476 108.2809 
  0.9653893 108.8223 
  0.9816765 108.8223 
  0.9812026 109.3664 
  0.9640016 109.9132 
  0.9660302 111.5702 
  0.9798958 112.6886 
  0.9783918 113.8184 
  0.9785611 114.3874 
  0.9835724 114.9594 
  0.9924077 114.9594 
  0.9956872 114.9594 
  0.9929768 114.3874 
  0.9788527 113.8184 
  0.9490393 112.6886 
  0.8735192 111.0151 
  0.8099939 109.9132 
  0.9678092 109.3664 
  0.9891096 108.8223 
  0.9906592 107.7421 
  0.9941089 107.2061 
  0.993783 107.2061 
  0.9940309 107.2061 
  0.9953801 107.7421 
  0.9992597 108.2809 
  0.9979793 108.8223 
  0.9941126 109.3664 
  0.9676118 110.4628 
  0.9658494 111.5702 
  0.9859019 112.6886 
  0.9888171 113.2521 
  0.9848648 113.8184 
  0.9751831 114.9594 
  0.9734939 116.1118 
  0.9687802 117.2759 
  0.9686685 117.2759 
  0.9577581 117.2759 
  0.9074497 116.1118 
  0.8746809 114.3874 
  0.9202188 112.128 
  0.9514924 110.4628 
  0.8914391 108.2809 
  0.8324747 106.142 
  0.7708194 103.5278 
  0.8292126 100.978 
  0.8271517 98.98344 
  0.8688464 97.02828 
  0.8938925 95.5873 
  0.9094491 94.63854 
  0.9442084 94.1677 
  0.9533178 94.1677 
  0.9587812 94.1677 
  0.960052 93.6992 
  0.8942211 92.7692 
  0.9090003 91.84841 
  0.8612957 90.48434 
  0.7572137 89.58624 
  0.7831951 87.8167 
  0.8784332 86.94508 
  0.7704448 85.2277 
  0.9107115 83.54424 
  0.2994296 81.89403 
  0.7533655 78.29926 
  0.8702679 77.90971 
  0.8162839 77.90971 
  0.6818804 78.29926 
  0.5612757 77.90971 
  0.3903845 77.90971 
  -0.05237842 77.90971 
  0.1671957 77.90971 
  0.2152645 77.90971 
  0.1183077 77.90971 
  0.1052618 77.90971 
  0.0003091842 77.90971 
  -0.08839884 77.90971 
  -0.1452929 77.90971 
  -0.05240459 77.90971 
  0.163277 77.90971 
  0.3394149 77.90971 
  0.235081 77.5221 
  0.1301573 77.13642 
  0.01583054 76.75266 
  -0.1363811 76.3708 
  -0.01886469 75.99085 
  -0.01007019 75.99085 
  0.03618957 75.99085 
  0.1533588 75.99085 
  0.08869345 75.99085 
  0.05904255 75.99085 
  0.07361408 75.99085 
  -0.1920259 75.99085 
  0.1548899 75.99085 
  0.1370842 75.99085 
  0.002633449 75.99085 
  0.08054326 75.99085 
  0.1854834 75.99085 
  -0.284117 75.99085 
  -0.2832833 75.99085 
  -0.2959807 75.99085 
  -0.1274625 75.99085 
  0.03610113 75.99085 
  0.09331986 75.99085 
  -0.00185207 75.99085 
  -0.136521 75.99085 
  -0.09217945 75.99085 
  0.005851352 75.99085 
  -0.02694281 75.99085 
  -0.03204256 75.99085 
  -0.03598151 75.99085 
  -0.07979564 75.99085 
  -0.2489572 75.99085 
  -0.241443 75.99085 
  -0.1959128 75.99085 
  -0.1100789 75.99085 
  -0.1577586 75.99085 
  -0.2208554 75.99085 
  -0.1375799 75.99085 
  -0.02243414 75.99085 
  -0.02799076 75.99085 
  -0.04623073 75.99085 
  0.0001422428 75.99085 
  0.000865719 75.99085 
  0.1281399 75.99085 
  0.3030868 75.99085 
  0.2782279 75.99085 
  0.06345975 75.99085 
  -0.2643729 75.99085 
  0.002547956 75.99085 
  0.2953413 75.99085 
  0.05282236 75.99085 
  -0.1963161 75.99085 
  -0.2327004 75.99085 
  -0.1439502 75.99085 
  0.2061464 75.99085 
  -0.09072532 75.99085 
  -0.09907725 75.99085 
  -0.3307964 75.99085 
  -0.2690463 75.99085 
  -0.002070353 75.99085 
  -0.3305908 75.99085 
  0.1096101 75.99085 
  0.0752953 75.99085 
  -0.003740312 75.99085 
  -0.03900556 75.99085 
  -0.08615786 75.99085 
  -0.2794683 75.99085 
  -0.3232981 75.99085 
  -0.3602108 75.99085 
  -0.1270293 75.99085 
  -0.1037682 75.99085 
  -0.2492525 75.99085 
  -0.2068778 75.99085 
  -0.1500415 75.99085 
  -0.06462673 75.99085 
  -0.2041409 75.99085 
  -0.3260359 75.99085 
  -0.3979381 75.99085 
  -0.1869886 75.99085 
  0.1285825 75.99085 
  -0.2883163 75.99085 
  -0.2437468 75.99085 
  -0.4084052 75.99085 
  -0.2534923 75.99085 
  0.09926729 75.99085 
  -0.06811264 75.99085 
  -0.01003154 75.99085 
  -0.005040221 75.99085 
  0.03641684 75.99085 
  -0.2959549 75.99085 
  -0.009894853 75.99085 
  -0.01663992 75.99085 
  0.09211306 75.99085 
  -0.15799 75.99085 
  -0.2960131 75.99085 
  -0.08980225 75.99085 
  -0.1302338 75.99085 
  -0.2322495 75.99085 
  -0.268416 75.99085 
  -0.1460648 75.99085 
  -0.2339163 75.99085 
  0.009722859 75.99085 
  0.06998098 75.99085 
  -0.1151201 75.99085 
  -0.02596291 75.99085 
  0.1713877 75.99085 
  0.1230507 75.99085 
  -0.0791081 75.99085 
  -0.1225944 75.99085 
  0.007681626 75.99085 
  0.09262534 75.99085 
  0.02255374 75.99085 
  -0.7193918 75.99085 
  0.1175549 75.99085 
  0.2143962 75.99085 
  0.007851513 75.99085 
  0.01649243 75.99085 ]
