 [
  0.1479787 116.6924 
  0.3099026 116.6924 
  0.1825176 116.6924 
  0.1319287 116.6924 
  0.03169953 116.6924 
  -0.1758269 116.6924 
  -0.02604124 116.6924 
  0.03787238 116.6924 
  0.01030809 116.6924 
  -0.04004166 116.6924 
  -0.07318429 116.6924 
  0.2681032 116.6924 
  0.1004352 116.6924 
  0.02006436 116.6924 
  0.01995326 116.6924 
  0.2619661 116.6924 
  0.0448643 116.6924 
  0.07114284 116.6924 
  -0.01073757 116.6924 
  -0.02287963 116.6924 
  0.048597 116.1118 
  -0.06969173 115.5342 
  -0.006907933 114.9594 
  0.01804977 114.3874 
  0.1759636 113.8184 
  0.2180579 113.8184 
  0.2258702 113.8184 
  -0.01532843 113.8184 
  -0.05913562 113.2521 
  0.03979632 113.2521 
  0.02998551 113.2521 
  -0.00738866 113.2521 
  -0.172432 113.2521 
  0.0002792459 113.2521 
  -0.0408272 113.2521 
  -0.04952764 113.2521 
  -0.08908888 113.2521 
  -0.07851735 113.2521 
  -0.07319237 113.2521 
  0.05086919 113.2521 
  0.2521411 112.6886 
  0.3285444 112.6886 
  0.1812194 112.6886 
  0.1871984 112.6886 
  0.2562105 112.6886 
  0.3712083 112.6886 
  0.297996 112.6886 
  0.2757435 112.6886 
  0.1502816 112.6886 
  -0.1026744 112.6886 
  0.03933641 112.6886 
  0.1722464 113.2521 
  0.193431 113.2521 
  0.08876207 113.8184 
  0.07450807 114.3874 
  0.1021406 114.9594 
  0.267954 114.9594 
  0.3130383 115.5342 
  0.09649755 116.1118 
  0.1108351 116.1118 
  0.0838559 116.1118 
  0.1364334 116.1118 
  0.01397587 116.6924 
  0.07897036 116.6924 
  0.08441001 116.6924 
  0.04835615 116.6924 
  0.03802257 116.6924 
  0.2138025 116.6924 
  0.1796833 116.6924 
  0.2955642 116.6924 
  -0.08574213 116.6924 
  -0.1472494 116.6924 
  0.003351972 116.6924 
  -0.1679345 116.6924 
  -0.01392368 116.6924 
  0.06022172 116.6924 
  0.1026368 116.6924 
  0.07871691 116.6924 
  0.01727147 116.6924 
  0.07947603 116.6924 
  -0.1541771 116.6924 
  -0.2922306 116.6924 
  0.08083449 116.6924 
  0.04874523 116.6924 
  0.1576369 116.6924 
  -0.1516456 116.6924 
  0.05051288 116.6924 
  -0.1096162 116.6924 
  -0.1022648 116.6924 
  0.04259382 116.6924 
  -0.03166238 116.6924 
  0.489972 116.6924 
  0.3542126 120.8384 
  0.3131348 106.142 
  0.5325779 105.614 
  0.4996254 106.142 
  -0.1251884 107.2061 
  -0.2763895 108.8223 
  -0.3860757 110.4628 
  0.3723015 112.128 
  0.05562044 113.8184 
  0.3631951 115.5342 
  0.3544531 116.6924 
  0.1414996 119.639 
  0.6888596 114.9594 
  0.612348 112.128 
  0.8255204 108.8223 
  0.9075419 108.8223 
  0.8023074 110.4628 
  0.6996038 113.2521 
  0.6888536 116.1118 
  0.7398187 119.0438 
  0.662468 122.0498 
  0.7652801 126.3862 
  0.800108 128.9329 
  0.3720532 129.5776 
  0.8618075 136.8852 
  0.8633754 138.9488 
  0.8711855 138.9488 
  0.9559267 139.6435 
  0.9898241 141.0434 
  0.9808443 142.4574 
  0.9433942 143.1697 
  0.9551278 143.1697 
  0.9640872 142.4574 
  0.9794681 142.4574 
  0.9865409 142.4574 
  0.99259 141.7487 
  0.9570951 141.0434 
  0.8823896 139.6435 
  0.8199417 137.5696 
  0.8221202 136.8852 
  0.991685 136.8852 
  0.992759 136.8852 
  0.8336415 136.2042 
  0.7677909 135.5266 
  0.7708831 135.5266 
  0.658395 135.5266 
  0.445008 135.5266 
  0.1452319 136.2042 
  -0.04980057 136.8852 
  0.0664224 137.5696 
  0.0531364 137.5696 
  -0.04344702 138.2575 
  0.1247543 138.9488 
  0.379759 139.6435 
  0.7251852 140.3417 
  0.6769897 135.5266 
  0.8074683 132.8496 
  0.9392973 130.8766 
  0.8996872 129.5776 
  0.9228718 127.6532 
  0.9244699 125.7574 
  0.8594844 124.5092 
  0.7737717 122.6601 
  0.227853 122.0498 
  0.619481 121.4426 
  0.04260716 120.8384 
  0.4660723 120.2372 
  0.5106527 119.639 
  0.3482574 119.0438 
  -0.012586 118.4515 
  0.1128242 117.2759 
  0.1554199 116.1118 
  0.0004498302 114.9594 
  0.5818293 117.2759 
  0.7328745 115.5342 
  0.7486475 112.6886 
  0.9037213 108.2809 
  0.7242681 104.5657 
  0.8087655 99.97575 
  0.7759324 97.02828 
  0.6548907 94.63854 
  0.4121503 95.11173 
  0.2094499 96.54556 
  0.2893825 98.491 
  0.3079418 100.4756 
  0.3243422 102.5003 
  0.2846844 104.5657 
  0.4679446 107.2061 
  0.613992 109.9132 
  0.6826059 112.6886 
  0.8496434 114.9594 
  0.8990332 116.1118 
  0.9217066 116.1118 
  0.8119283 117.2759 
  0.7308112 120.2372 
  0.7969636 125.1317 
  0.8426633 126.3862 
  0.06950104 127.0181 
  0.1312236 128.2915 
  -0.3429514 129.5776 
  0.5489562 130.8766 
  0.4436477 132.1886 
  0.1000991 133.5138 
  0.2601927 134.8523 
  0.3249733 136.2042 
  -0.05191775 137.5696 
  -0.07682137 138.9488 
  -0.07195663 140.3417 
  0.6972474 138.9488 
  0.8180255 137.5696 
  0.8340085 134.1814 
  0.8687689 130.8766 
  0.8081064 128.9329 
  0.8242991 125.1317 
  0.7390547 120.8384 
  0.9128111 118.4515 
  0.842827 116.6924 
  0.7284427 115.5342 
  0.4585871 115.5342 
  -0.05342626 116.6924 
  -0.4928635 118.4515 
  0.0719985 120.2372 
  0.2709655 122.0498 
  -0.1016398 123.8897 
  0.1191137 125.7574 
  0.1337607 127.6532 
  0.1414285 128.9329 
  0.1417869 130.2255 
  0.03089803 128.2915 
  -0.1238776 125.7574 
  -0.06354442 124.5092 
  -0.07327291 125.1317 
  0.229821 127.0181 
  0.1003002 128.2915 
  0.09148975 130.2255 
  0.8106046 128.2915 
  0.7930416 125.7574 
  0.9016885 125.7574 
  0.9474428 125.1317 
  0.9222999 124.5092 
  0.9492699 123.8897 
  0.9342251 123.2734 
  0.8213112 123.2734 
  0.7744974 122.0498 
  0.723906 120.2372 
  0.7601661 116.6924 
  0.9503958 114.9594 
  0.9782286 114.3874 
  0.9780347 114.3874 
  0.9772448 113.8184 
  0.9901205 113.8184 
  0.9897474 113.8184 
  0.9741058 113.8184 
  0.9382756 112.6886 
  0.913871 111.5702 
  0.9002425 109.9132 
  0.8317025 107.2061 
  0.5765988 105.614 
  0.7126579 108.2809 
  0.3662106 111.0151 
  0.3896267 97.51342 
  0.8862109 97.51342 
  0.8606369 96.54556 
  0.6210712 97.02828 
  0.7714933 92.30766 
  0.1419592 92.30766 
  0.07240257 93.23304 
  0.03594721 94.1677 
  0.1411023 95.5873 
  0.05709782 97.02828 
  -0.05644063 98.00098 
  -0.003554264 99.47836 
  0.1499802 100.978 
  -0.03729344 102.5003 
  0.1544634 104.0455 
  0.1419137 105.614 
  0.1283667 107.2061 
  -0.0480941 109.3664 
  0.6948618 113.8184 
  0.4349491 98.491 
  0.7651219 100.978 
  0.9231201 101.9903 
  0.9409736 102.5003 
  0.9109292 104.0455 
  0.8588731 105.614 
  0.9775192 107.2061 
  0.9146219 107.2061 
  0.8204546 106.6728 
  0.3113083 107.2061 
  0.7742952 109.3664 
  0.6844511 108.8223 
  0.7087232 108.2809 
  0.5957306 107.7421 
  0.2042859 108.8223 
  -0.2919523 109.9132 
  0.106694 111.0151 
  -0.1583588 112.128 
  -0.09138639 113.2521 
  0.005184256 114.3874 
  0.5910535 115.5342 
  0.4437626 116.1118 
  0.5395029 115.5342 
  0.04307545 113.8184 
  -0.1925758 112.128 
  -0.06517778 110.4628 
  0.03114467 109.3664 
  0.5305418 107.7421 
  0.1139965 103.5278 
  0.5171307 98.491 
  0.8044913 98.491 
  0.340989 96.54556 
  0.5046079 92.7692 
  0.8355274 90.48434 
  0.2951336 89.14054 
  0.5501707 86.0821 
  0.4482314 87.3798 
  0.7287958 88.25578 
  0.5314893 86.51251 
  0.07356254 87.3798 
  0.1082422 88.25578 
  -0.009914848 89.58624 
  0.1713841 90.48434 
  0.1366087 91.39146 
  0.1300636 92.30766 
  -0.1158925 93.23304 
  -0.0776808 94.1677 
  0.04687436 95.11173 
  0.2837631 95.5873 
  0.08345265 95.5873 
  -0.0453871 95.5873 
  -0.09342173 96.06523 
  0.02559893 96.54556 
  0.2389017 97.02828 
  0.04087984 97.51342 
  0.4239985 98.00098 
  0.6903692 98.491 
  0.03856389 98.491 
  0.07079592 98.98344 
  0.05821885 98.98344 
  0.121947 99.47836 
  0.07979497 99.97575 
  0.03515924 100.4756 
  -0.03845467 100.978 
  -0.02388031 101.4829 
  0.1846209 101.9903 
  0.2070751 102.5003 
  -0.2253307 103.0128 
  0.07468787 103.5278 
  0.3043228 104.5657 
  0.10455 105.0885 
  -0.01693385 106.142 
  -0.3373274 107.2061 
  0.06461266 108.2809 
  0.08894934 109.3664 
  0.2486139 110.4628 
  0.6081693 111.0151 
  0.8173123 111.0151 
  0.9660375 110.4628 
  0.9712318 111.0151 
  0.9657771 110.4628 
  0.9508517 110.4628 
  0.9518263 109.9132 
  0.950652 109.9132 
  0.975352 109.3664 
  0.974862 108.2809 
  0.9816073 108.2809 
  0.9890206 108.8223 
  0.9758847 108.8223 
  0.9659139 109.3664 
  0.9393533 108.8223 
  0.9328141 108.8223 
  0.9399985 108.2809 
  0.9253318 107.2061 
  0.9173753 106.6728 
  0.8989415 105.0885 
  0.915284 104.0455 
  0.9326782 103.0128 
  0.9623617 101.9903 
  0.8358119 100.4756 
  0.9512169 99.97575 
  0.7182357 98.98344 
  0.674835 95.5873 
  0.9339536 93.6992 
  0.8358217 92.30766 
  0.9564493 91.39146 
  0.9655879 90.93677 
  0.6653785 90.03418 
  0.5489299 90.48434 
  0.4792557 89.58624 
  0.8785963 91.39146 
  0.8156388 90.03418 
  0.93875 89.14054 
  0.5457742 87.8167 
  0.7671263 87.3798 
  0.6259493 88.69706 
  0.2797972 89.58624 
  0.1033434 92.7692 
  0.1015605 94.63854 
  0.8763376 97.02828 
  0.03632303 99.97575 
  0.6963419 103.5278 
  0.5921953 104.0455 
  0.5847557 103.5278 
  0.4732576 103.5278 
  0.2793825 103.5278 
  0.09872101 103.5278 
  0.09542215 103.5278 
  -0.01203345 104.0455 
  -0.06581447 104.5657 
  -0.09431224 105.0885 
  0.06901852 105.614 
  0.06576755 105.614 
  0.02726305 105.614 
  0.08908369 105.614 
  -0.1335935 105.614 
  0.08072361 105.614 
  0.1758204 105.614 
  0.07160216 106.142 
  0.07624962 106.6728 
  0.04863062 107.2061 
  0.1052827 107.7421 
  -0.02415928 108.2809 
  0.09672125 108.2809 
  0.1108345 108.2809 
  0.0699256 108.2809 
  0.07637602 108.2809 
  0.210078 108.2809 
  0.1615553 108.2809 
  0.08452354 108.2809 
  -0.1492435 108.2809 
  -0.07410783 108.2809 
  -0.045627 108.2809 
  -0.06737301 108.2809 
  -0.1466468 108.2809 
  -0.1956495 108.2809 
  -0.1789788 108.2809 
  -0.2067364 108.2809 
  -0.1366029 108.2809 
  -0.1161762 108.2809 ]
