 [
  -0.3155342 99.97575 
  0.04518289 99.97575 
  -0.1923431 99.97575 
  -0.05091863 99.97575 
  -0.123942 99.97575 
  -0.2125139 99.97575 
  -0.2298909 99.97575 
  0.04102084 99.97575 
  -0.1856785 99.97575 
  -0.04446474 99.97575 
  -0.001396491 99.97575 
  0.1425279 99.97575 
  0.08703021 99.97575 
  0.500678 103.5278 
  0.6112511 98.98344 
  0.714121 97.51342 
  0.887978 98.00098 
  0.8985453 97.51342 
  0.7169433 97.51342 
  0.6746859 96.54556 
  0.6630825 91.39146 
  0.09564679 92.7692 
  0.006500667 93.6992 
  0.05388267 94.63854 
  0.0589855 95.5873 
  0.0621694 96.54556 
  0.1624592 97.51342 
  0.06722852 98.491 
  0.01939263 99.47836 
  -0.06287895 100.4756 
  -0.153686 101.4829 
  0.01557292 102.5003 
  0.140969 103.5278 
  0.1772306 104.5657 
  0.3804695 105.614 
  0.1422008 106.142 
  0.5123668 104.5657 
  0.5981634 113.8184 
  0.7142133 111.0151 
  0.9322765 109.9132 
  0.980849 110.4628 
  0.9659885 111.5702 
  0.9682881 113.2521 
  0.9765915 114.9594 
  0.9819837 116.6924 
  0.9325035 117.8622 
  0.823589 118.4515 
  0.5262574 119.639 
  0.2556773 119.639 
  -0.006936567 119.639 
  -0.02344245 120.2372 
  0.2999315 120.2372 
  0.1801853 119.639 
  0.07947115 118.4515 
  0.06323536 117.2759 
  0.01330075 116.1118 
  0.2496378 115.5342 
  0.1112429 114.9594 
  0.2443325 114.9594 
  0.09262312 114.3874 
  0.2564412 114.3874 
  0.2429969 114.3874 
  0.1759712 114.9594 
  0.1087435 115.5342 
  0.166873 115.5342 
  0.3228585 115.5342 
  0.6956711 115.5342 
  0.3485178 107.7421 
  0.8014684 104.0455 
  0.6928066 101.4829 
  0.8665575 98.00098 
  0.9222276 96.54556 
  0.8861797 95.11173 
  0.7314855 94.63854 
  0.4697236 95.5873 
  -0.09715436 98.00098 
  0.07211289 100.978 
  0.4035251 104.0455 
  0.1338796 105.614 
  -0.008677132 109.9132 
  0.12164 113.8184 
  0.6725093 123.2734 
  0.4873468 109.3664 
  0.896494 108.8223 
  0.9401221 107.2061 
  0.9786437 106.142 
  0.9928219 105.614 
  0.9863206 105.614 
  0.9822639 105.614 
  0.9669281 106.142 
  0.9869122 106.6728 
  0.9892628 106.6728 
  0.976003 106.142 
  0.9555539 105.0885 
  0.928071 103.5278 
  0.8400428 101.4829 
  0.7874743 98.00098 
  0.8436098 94.1677 
  0.8966479 92.30766 
  0.8935853 91.84841 
  0.7686157 93.6992 
  0.7754515 97.02828 
  0.8813569 98.98344 
  0.9463116 98.98344 
  0.9629065 99.47836 
  0.9743725 98.98344 
  0.9649302 98.98344 
  0.9675276 98.00098 
  0.961284 97.02828 
  0.9623397 96.06523 
  0.959431 95.11173 
  0.903561 94.1677 
  0.871985 93.23304 
  0.903962 92.30766 
  0.8331834 90.93677 
  0.8124666 90.48434 
  0.9844199 90.93677 
  0.995405 90.93677 
  0.9949771 91.39146 
  0.9933066 91.84841 
  0.9900681 92.7692 
  0.9892448 93.23304 
  0.5852057 94.1677 
  0.7909929 96.06523 
  0.7735516 95.5873 
  0.884077 95.5873 
  0.9351621 96.06523 
  0.9105166 96.54556 
  0.8970332 97.51342 
  0.8937916 98.491 
  0.8167894 99.97575 
  0.7288968 101.4829 
  0.8896663 103.5278 
  0.9135911 104.5657 
  0.8727798 104.5657 
  0.7303048 104.5657 
  0.8201473 100.978 
  0.60211 99.97575 
  0.5164711 98.98344 
  0.8575392 98.491 
  0.7408527 98.491 
  0.6229413 98.98344 
  0.1570687 99.47836 
  0.02125097 100.4756 
  0.2759971 101.4829 
  0.6994253 100.978 
  0.9513955 100.4756 
  0.9792131 100.4756 
  0.9837332 99.47836 
  0.9851106 98.491 
  0.9468284 97.02828 
  0.8403335 94.63854 
  0.8074809 91.84841 
  0.7844526 90.48434 
  0.5843409 90.48434 
  0.3023368 91.84841 
  0.6953366 94.1677 
  0.8161021 96.06523 
  0.9145587 97.51342 
  0.9381973 97.02828 
  0.9606739 96.54556 
  0.9585285 96.06523 
  0.9710568 95.5873 
  0.9735896 94.63854 
  0.9854653 94.63854 
  0.9939488 94.63854 
  0.9796006 94.63854 
  0.7849606 94.1677 
  0.6516571 93.23304 
  0.7712524 94.1677 
  0.994871 94.63854 
  0.9951782 94.63854 
  0.9980348 94.1677 
  0.9375033 94.1677 
  0.8517511 93.6992 
  0.8026091 93.23304 
  0.8957578 92.7692 
  0.9927185 92.7692 
  0.9943874 92.7692 
  0.9940444 92.7692 
  0.9627124 93.23304 
  0.5405223 94.63854 
  0.7830675 96.06523 
  0.9031883 95.5873 
  0.9363183 95.5873 
  0.9445341 96.06523 
  0.9423211 95.5873 
  0.931086 95.5873 
  0.9384621 94.63854 
  0.944585 94.1677 
  0.94942 93.6992 
  0.8718628 93.23304 
  0.790926 92.30766 
  0.7426801 91.39146 
  0.9839623 92.30766 
  0.9938834 91.84841 
  0.9928687 90.93677 
  0.9808207 90.03418 
  0.9507964 89.14054 
  0.8928513 88.25578 
  0.6299331 88.25578 
  0.2673537 90.48434 
  0.7373435 92.7692 
  0.6515134 90.03418 
  0.8863387 87.8167 
  0.8954214 86.0821 
  0.9562626 84.80367 
  0.9529489 83.96195 
  0.9450456 83.54424 
  0.9649766 82.71502 
  0.9867195 81.89403 
  0.9428289 81.4866 
  0.9416499 80.6778 
  0.9230027 80.27641 
  0.9230312 80.27641 
  0.8501039 79.87703 
  0.7807908 79.47963 
  0.6737112 79.47963 
  0.5620486 79.47963 
  0.3100178 79.47963 
  0.1300809 79.47963 
  -0.09854448 79.47963 
  -0.05810949 79.47963 
  -0.2279751 79.47963 
  0.1710894 79.47963 
  -0.2109512 79.47963 
  0.06840087 79.47963 
  -0.0118167 79.47963 
  0.01570377 79.47963 ]
