 [
  0.08762748 202.9904 
  0.3300841 202.9904 
  0.1381086 202.9904 
  0.00754803 202.9904 
  0.06123044 202.9904 
  0.1487476 202.9904 
  0.1260813 202.9904 
  0.09801614 202.9904 
  0.007519528 202.9904 
  -0.1883223 202.9904 
  -0.3592939 202.9904 
  0.03595249 202.9904 
  0.01397467 202.9904 
  0.3351434 204.0054 
  0.401078 184.6377 
  0.2445906 211.2535 
  0.5467064 215.5104 
  0.7338417 218.7592 
  0.7831588 226.5316 
  0.6742665 238.1164 
  0.6693618 251.5452 
  0.7061594 263.0938 
  0.7974264 275.1726 
  0.9094917 286.3741 
  0.9653932 290.6912 
  0.8775863 287.806 
  0.5472484 276.5485 
  0.2808309 257.8971 
  0.1735393 249.0485 
  -0.05273931 244.1292 
  0.3276123 239.307 
  0.157443 234.5801 
  0.5400799 228.8026 
  0.5947334 223.1673 
  0.7347493 217.6709 
  0.8946019 213.3714 
  0.9867308 211.2535 
  0.9957322 210.2025 
  0.9979514 210.2025 
  0.9977909 210.2025 
  0.9983518 209.1568 
  0.9980825 209.1568 
  0.8767836 210.2025 
  0.908048 206.0505 
  0.9520183 206.0505 
  0.9894875 206.0505 
  0.9913 207.0808 
  0.9899191 208.1162 
  0.9863069 209.1568 
  0.9820577 211.2535 
  0.9854699 214.4382 
  0.9871645 216.5879 
  0.9881512 218.7592 
  0.9867228 220.9523 
  0.9914443 222.057 
  0.9943824 223.1673 
  0.9930694 223.1673 
  0.9953886 224.2832 
  0.992708 224.2832 
  0.9820633 225.4046 
  0.9671247 226.5316 
  0.981369 231.0963 
  0.9824703 233.4131 
  0.9851894 233.4131 
  0.98083 232.2518 
  0.9581015 227.6642 
  0.9493701 222.057 
  0.8587679 218.7592 
  0.4176644 216.5879 
  -0.09850567 214.4382 
  0.02776841 212.3098 
  0.04115618 211.2535 
  0.6026179 210.2025 
  0.1482297 209.1568 
  0.7643579 208.1162 
  0.5695255 207.0808 
  -0.132055 206.0505 
  -0.02988151 205.0254 
  0.04616285 204.0054 
  -0.1628606 202.9904 
  -0.08785376 201.9805 
  0.02313504 199.9758 
  0.5064509 197.9909 
  0.7077553 194.0801 
  0.7981987 188.3582 
  0.8041499 180.9906 
  0.8814398 175.6547 
  0.9465342 173.046 
  0.9699941 171.3284 
  0.9859658 171.3284 
  0.968537 171.3284 
  0.962817 172.185 
  0.9737978 173.046 
  0.9857916 173.046 
  0.978744 173.9112 
  0.9692184 173.9112 
  0.9624137 173.9112 
  0.9265313 173.046 
  0.8735147 173.046 
  0.6776955 172.185 
  0.4661448 173.046 
  0.4815137 173.046 
  0.4020611 173.046 
  0.7605013 173.9112 
  0.8987043 174.7808 
  0.9423689 174.7808 
  0.9389203 175.6547 
  0.9543992 174.7808 
  0.9598169 173.9112 
  0.9643055 173.046 
  0.9369718 173.046 
  0.8316712 174.7808 
  0.9463338 176.533 
  0.9835271 177.4156 
  0.9869565 177.4156 
  0.9910354 177.4156 
  0.9606377 176.533 
  0.8938917 175.6547 
  0.7509583 175.6547 
  0.4168494 175.6547 
  -0.07140838 175.6547 
  0.07021465 175.6547 
  0.01621471 175.6547 
  -0.07494043 176.533 
  0.3440342 177.4156 
  0.7505537 180.0902 
  0.9510309 180.0902 
  0.9774086 179.1942 
  0.9855554 177.4156 
  0.973993 175.6547 
  0.9777383 173.9112 
  0.9967546 173.046 
  0.997488 173.046 
  0.9974823 173.046 
  0.9947037 173.046 
  0.9932255 172.185 
  0.9875702 172.185 
  0.9810667 172.185 
  0.9748089 173.046 
  0.9790251 173.046 
  0.985527 173.046 
  0.9550784 173.046 
  0.8238258 173.046 
  0.7875069 173.046 
  0.8082507 173.9112 
  0.798102 174.7808 
  0.9040984 175.6547 
  0.9393674 176.533 
  0.9845693 177.4156 
  0.997533 178.3027 
  0.9973835 179.1942 
  0.9971029 179.1942 
  0.9973265 180.0902 
  0.9981387 180.9906 
  0.9476887 180.9906 
  0.9076273 180.9906 
  0.9603828 180.9906 
  0.9887376 180.9906 
  0.9854259 181.8956 
  0.9777407 183.7191 
  0.9557386 186.4887 
  0.9341081 190.2465 
  0.8704364 196.0257 
  0.8802476 202.9904 
  0.9103488 209.1568 
  0.9351114 214.4382 
  0.9573714 219.853 
  0.9602534 223.1673 
  0.9562154 227.6642 
  0.9692621 232.2518 
  0.9754907 235.753 
  0.9849607 238.1164 
  0.9978169 239.307 
  0.9901111 238.1164 
  0.9823474 235.753 
  0.9725466 233.4131 
  0.9445853 229.9466 
  0.9464453 226.5316 
  0.9259957 222.057 
  0.9404438 216.5879 
  0.9805654 213.3714 
  0.9805889 209.1568 
  0.9870334 206.0505 
  0.9950989 202.9904 
  0.9931084 199.9758 
  0.9928083 197.9909 
  0.7968439 195.0505 
  0.7870685 190.2465 
  0.878382 188.3582 
  0.961189 188.3582 
  0.9528268 186.4887 
  0.938265 183.7191 
  0.9694681 181.8956 
  0.9895482 180.9906 
  0.9846531 180.9906 
  0.9867386 180.9906 
  0.9852062 181.8956 
  0.9672959 181.8956 
  0.9591838 181.8956 
  0.9463792 181.8956 
  0.9602696 180.9906 
  0.9533556 180.0902 
  0.976113 178.3027 
  0.970512 176.533 
  0.9769646 174.7808 
  0.9699828 172.185 
  0.9664803 170.476 
  0.9861912 168.784 
  0.9884118 167.9442 
  0.9902691 167.9442 
  0.9888039 167.9442 
  0.9868407 167.9442 
  0.9941232 167.9442 
  0.9916078 167.9442 
  0.9865659 167.1087 
  0.9714949 167.1087 
  0.9918725 167.1087 
  0.9973723 167.1087 
  0.9725484 166.2773 
  0.9465414 165.4501 
  0.8331912 165.4501 
  0.1374879 166.2773 
  -0.1499458 167.1087 
  -0.7620478 167.9442 
  -0.7959439 169.6279 
  0.1576561 171.3284 
  0.0816462 173.046 
  0.3365924 173.9112 
  -0.08290231 174.7808 
  -0.2402447 175.6547 
  -0.2191041 176.533 
  0.4449195 178.3027 
  0.7304432 180.9906 
  0.9366923 184.6377 
  0.9940428 188.3582 
  0.997345 190.2465 
  0.990239 193.1145 
  0.9804606 196.0257 
  0.9728655 198.9809 
  0.9425987 200.9756 
  0.8997988 200.9756 
  0.8310823 200.9756 
  0.8928705 199.9758 
  0.7921808 198.9809 
  0.3270774 197.9909 
  0.210021 197.0059 
  0.1342166 196.0257 
  0.08353177 195.0505 
  0.07058713 195.0505 
  -0.008928842 195.0505 
  -0.1995898 195.0505 
  -0.1346875 195.0505 
  -0.04656827 195.0505 
  -0.05172405 194.0801 
  -0.01625484 193.1145 
  -0.04376537 192.1537 
  -0.004866228 191.1978 
  -0.1240305 191.1978 
  0.1388578 191.1978 
  0.5827258 191.1978 
  0.4169163 191.1978 
  -0.01973906 191.1978 
  -0.03811635 191.1978 
  -0.1863579 191.1978 
  0.009094686 190.2465 
  0.2851239 189.3 
  0.6519979 185.5609 
  0.8702897 187.4211 
  0.9627377 188.3582 
  0.9024132 185.5609 
  0.8450865 181.8956 
  0.9159616 178.3027 
  0.9452009 177.4156 
  0.9290456 176.533 
  0.924356 175.6547 
  0.9300588 174.7808 
  0.9339702 173.9112 
  0.940447 172.185 
  0.9504412 171.3284 
  0.9286627 169.6279 
  0.9313948 167.9442 
  0.9553673 166.2773 
  0.9792454 164.6269 
  0.9752428 162.9929 
  0.9653571 161.3751 
  0.9823412 160.5723 
  0.9906956 158.9785 
  0.9919368 158.9785 
  0.9912835 157.4006 
  0.9937425 157.4006 
  0.9958999 156.6175 
  0.9970265 157.4006 
  0.9940534 157.4006 
  0.9923844 158.1876 
  0.9888689 158.1876 
  0.9859912 156.6175 
  0.9862794 155.8383 
  0.969139 155.8383 
  0.9413627 156.6175 
  0.9499684 157.4006 
  0.9805973 158.1876 
  0.9803809 158.9785 
  0.9679442 159.7734 
  0.9716765 160.5723 
  0.8283085 162.182 
  0.5207203 163.8079 
  0.3571068 164.6269 
  0.5409042 165.4501 
  0.7254264 166.2773 
  0.7947182 167.1087 
  0.8081726 167.9442 
  0.6551961 168.784 
  0.4912207 169.6279 
  0.2970393 170.476 
  0.07454383 170.476 
  -0.09212621 170.476 
  -0.2091068 170.476 
  -0.2450274 170.476 
  -0.1635359 170.476 
  -0.1367543 170.476 
  0.1050368 170.476 
  -0.1009005 170.476 
  -0.3198455 170.476 
  -0.1161267 170.476 
  -0.2244756 170.476 
  -0.2875355 170.476 
  0.01154732 170.476 
  -0.1224701 170.476 
  0.01504055 170.476 
  0.009318257 170.476 
  0.04519973 170.476 
  -0.09606034 170.476 
  -0.1513579 170.476 
  0.005177468 170.476 
  0.04764937 170.476 
  -0.08331387 170.476 
  0.04770167 170.476 
  -0.1619942 170.476 
  -0.1351946 170.476 ]
