 [
  -0.06755976 127.6532 
  -0.07063888 127.6532 
  -0.08909145 127.6532 
  0.109027 127.6532 
  0.08486006 127.6532 
  -0.1878852 127.6532 
  -0.3810536 127.6532 
  -0.2326194 127.6532 
  -0.02859852 127.6532 
  -0.07129429 127.6532 
  0.1842557 127.6532 
  0.03807765 127.6532 
  0.5872667 127.6532 
  0.8151198 128.9329 
  0.9069795 128.2915 
  0.909766 127.0181 
  0.905237 127.0181 
  0.8667878 128.9329 
  0.8983617 130.8766 
  0.8360279 132.8496 
  0.7428806 136.8852 
  0.7490736 141.0434 
  0.6475953 145.328 
  0.6416824 150.4914 
  0.7296358 159.7734 
  0.8396826 164.6269 
  0.8911451 164.6269 
  0.6795872 163.8079 
  0.5752521 164.6269 
  -0.01225736 162.182 
  -0.1295387 159.7734 
  0.07588384 157.4006 
  -0.1134609 155.063 
  0.2897469 152.7601 
  0.4850225 150.4914 
  -0.3623998 148.9977 
  0.3268929 147.5188 
  0.837934 145.328 
  0.7575209 143.8855 
  0.8128548 138.9488 
  0.9184283 138.9488 
  0.9585354 140.3417 
  0.9484609 142.4574 
  0.9714074 143.8855 
  0.9553915 145.328 
  0.9686841 146.0546 
  0.9804063 147.5188 
  0.9864317 148.2564 
  0.9949112 148.9977 
  0.9800726 148.2564 
  0.961922 147.5188 
  0.9239483 145.328 
  0.917789 143.1697 
  0.8591235 140.3417 
  0.8278171 136.8852 
  0.8339773 134.8523 
  0.7296247 131.531 
  0.7890291 127.6532 
  0.7806764 125.1317 
  0.7976192 122.6601 
  0.8073973 119.639 
  0.8447451 117.2759 
  0.8489637 115.5342 
  0.7495886 114.3874 
  0.8137774 112.6886 
  0.9583336 112.128 
  0.9788358 111.0151 
  0.9927577 110.4628 
  0.9786873 110.4628 
  0.7865317 112.128 
  0.6014469 110.4628 
  0.7307142 109.3664 
  0.9915394 108.2809 
  0.9946691 108.2809 
  0.9871514 108.8223 
  0.8536988 108.8223 
  0.6788248 108.2809 
  0.5892817 109.3664 
  0.9925079 109.9132 
  0.9635863 110.4628 
  0.6792777 113.8184 
  0.7365742 114.9594 
  0.8256943 116.1118 
  0.8724884 117.2759 
  0.8791791 119.0438 
  0.7809951 122.6601 
  0.7888128 125.7574 
  0.7346818 128.9329 
  0.7098032 132.1886 
  0.8132554 135.5266 
  0.7772423 136.8852 
  0.5828928 135.5266 
  0.624459 132.1886 
  0.484479 130.8766 
  -0.2788566 130.8766 
  0.1309657 130.8766 
  0.1613582 130.8766 
  0.1586403 131.531 
  0.001481134 131.531 
  0.2364783 131.531 
  0.2001654 131.531 
  0.1944457 132.1886 
  0.1547049 132.8496 
  0.1735581 133.5138 
  0.2349751 134.1814 
  0.1537064 134.8523 
  -0.04059402 135.5266 
  0.03834055 135.5266 
  0.600216 136.2042 
  0.6985861 133.5138 
  0.9453883 130.2255 
  0.9854305 127.6532 
  0.9941126 126.3862 
  0.9949288 125.1317 
  0.9944828 124.5092 
  0.9904387 123.8897 
  0.9739082 123.2734 
  0.9131726 122.0498 
  0.8592147 119.639 
  0.8720095 115.5342 
  0.8446071 112.6886 
  0.9193265 110.4628 
  0.9523705 108.2809 
  0.9315841 106.6728 
  0.956953 105.614 
  0.7172328 104.5657 
  0.6122461 104.0455 
  0.5157664 103.0128 
  -0.196409 103.5278 
  -0.05644901 104.5657 
  -0.2150996 105.614 
  -0.2610393 106.6728 
  -0.3091414 107.7421 
  -0.3785854 108.8223 
  -0.159298 109.9132 
  0.1758954 111.5702 
  -0.2499876 113.2521 
  0.3172274 117.8622 
  0.657492 121.4426 
  0.9488019 122.0498 
  0.9491043 123.2734 
  0.8550478 125.7574 
  0.8571635 128.2915 
  0.7702602 130.8766 
  0.7052051 134.1814 
  0.8605109 138.2575 
  0.8020586 138.9488 
  0.141942 136.8852 
  0.08449103 136.8852 
  -0.001581558 136.8852 
  -0.1029219 136.8852 
  0.07181351 136.8852 
  0.1858149 136.8852 
  0.1102177 136.8852 
  0.1307636 136.8852 
  0.1843605 136.8852 
  0.3206989 137.5696 
  -0.1560617 137.5696 
  0.3980912 138.2575 
  0.458739 138.2575 
  -0.03091667 138.9488 
  -0.09719678 139.6435 
  -0.0142434 140.3417 
  -0.09009291 141.0434 
  0.04582062 142.4574 
  0.1233314 143.8855 
  0.1905041 145.328 
  0.3124286 146.0546 
  0.7986187 146.0546 
  0.2830859 133.5138 
  0.4761925 127.6532 
  0.8053837 125.7574 
  0.8878686 123.8897 
  0.9289306 122.6601 
  0.9315522 121.4426 
  0.9679258 119.639 
  0.9767018 119.0438 
  0.9903363 118.4515 
  0.9938032 118.4515 
  0.9584915 117.8622 
  0.9433474 116.6924 
  0.9411309 115.5342 
  0.9623607 114.9594 
  0.942958 115.5342 
  0.9669054 116.6924 
  0.9766101 116.6924 
  0.9467312 116.6924 
  0.9651027 115.5342 
  0.9530506 114.9594 
  0.8836069 114.3874 
  0.7956486 113.8184 
  0.5490657 113.2521 
  0.1721371 112.128 
  0.2629102 111.0151 
  -0.1494271 109.9132 
  -0.06306997 108.8223 
  0.1091867 107.7421 
  -0.04785033 106.6728 
  0.3807845 105.614 
  0.1635507 104.5657 
  0.06341285 103.5278 
  -0.01050915 102.5003 
  0.01233343 101.4829 
  0.3081503 100.4756 
  0.4581408 102.5003 
  0.526551 103.0128 
  0.7332761 104.0455 
  0.4140942 104.5657 
  0.008153316 105.614 
  -0.2568262 106.6728 
  -0.6122829 108.2809 
  -0.4995018 109.9132 
  -0.1136039 111.5702 
  0.04168752 113.2521 
  -0.2296079 114.9594 
  -0.08495344 116.6924 
  0.4406933 118.4515 
  0.2567052 112.128 
  0.6395656 110.4628 
  0.9836442 109.9132 
  0.9899819 109.9132 
  0.9849846 109.9132 
  0.974094 109.3664 
  0.9613054 108.8223 
  0.9263093 108.8223 
  0.8440973 108.8223 
  0.6523488 109.3664 
  -0.1372211 110.4628 
  0.06251942 111.5702 
  0.05138677 112.6886 
  0.0777636 113.8184 
  -0.1504299 114.9594 
  -0.1460012 116.6924 
  0.05893636 118.4515 
  0.5971537 119.0438 
  0.7976063 118.4515 
  0.7251479 114.9594 
  0.802117 111.0151 
  0.9444023 108.8223 
  0.9473772 107.2061 
  0.9056137 105.614 
  0.8292314 104.5657 
  0.3094277 104.5657 
  0.01612767 104.5657 
  0.0261569 104.5657 
  0.2243634 104.5657 
  0.2334017 104.5657 
  0.3049766 104.5657 
  0.1409384 104.5657 
  0.07219326 105.0885 
  0.001776238 105.614 
  -0.01346355 106.142 
  -0.05430895 106.6728 
  0.3388482 107.2061 
  -0.115468 107.7421 
  0.4499308 107.2061 
  0.8808933 105.614 
  0.8787165 103.5278 
  0.8258201 101.4829 
  0.5167491 100.978 
  0.6288756 98.491 
  0.9654721 98.00098 
  0.9791996 98.00098 
  0.9908569 97.51342 
  0.9900802 97.02828 
  0.9637298 96.54556 
  0.9827753 95.5873 
  0.9686494 96.06523 
  0.9364997 96.54556 
  0.8999807 97.51342 
  0.8853468 98.00098 
  0.8422654 98.00098 
  0.8066832 97.02828 
  0.6093279 96.06523 
  0.4721695 95.11173 
  0.8616821 94.1677 
  0.6554064 93.23304 
  0.318163 92.30766 
  0.1281796 91.39146 
  0.1196855 90.48434 
  -0.03428122 89.58624 
  -0.05314078 88.25578 
  0.01119927 86.94508 
  0.09154559 86.0821 
  -0.105123 84.80367 
  0.2520336 83.96195 
  0.2256689 82.71502 
  0.1667504 84.80367 
  0.6108276 87.8167 
  0.5128703 87.3798 
  0.7041047 85.65383 
  0.9648824 84.80367 
  0.9481382 84.38177 
  0.9553912 83.96195 
  0.8224152 83.96195 
  0.2697247 83.96195 
  -0.08218498 83.96195 
  0.03111078 83.96195 
  0.07911056 83.96195 
  0.0865569 83.96195 
  0.0447831 83.96195 
  0.070482 83.96195 
  0.1560847 83.96195 
  -0.0878342 83.96195 
  -0.07100818 83.96195 
  -0.2071457 83.96195 
  0.0893367 83.96195 
  0.1371674 83.96195 
  0.1080914 83.96195 
  0.1572365 83.96195 
  0.2158232 83.96195 
  0.1229894 83.96195 
  0.1369966 83.96195 
  -0.08034619 83.96195 
  0.1395033 83.96195 
  -0.02922893 83.96195 
  -0.08483733 83.96195 
  -0.06441029 83.96195 
  -0.04880866 83.96195 
  -0.01448455 83.96195 
  -0.09984513 83.96195 
  -0.1308178 83.96195 
  -0.1724869 83.96195 ]
