 [
  -0.01435636 127.6532 
  -0.04472655 127.6532 
  0.1234892 127.6532 
  0.1141095 127.6532 
  -0.2501972 127.6532 
  0.01899773 127.6532 
  -0.1433643 127.6532 
  0.1439477 127.6532 
  0.06823069 127.6532 
  -0.18171 127.6532 
  -0.27027 127.6532 
  -0.1321173 127.6532 
  -0.009635441 127.6532 
  -0.03536516 127.6532 
  0.06704952 127.6532 
  0.5886116 127.0181 
  0.6772708 122.0498 
  0.7758839 120.8384 
  0.7847821 119.0438 
  0.6598252 116.6924 
  0.6385289 113.2521 
  0.1486296 113.2521 
  0.9286848 113.8184 
  0.8878915 114.9594 
  0.8101116 116.1118 
  0.7468896 117.2759 
  0.6791754 118.4515 
  0.5291771 119.639 
  0.4591288 120.8384 
  0.3380833 122.0498 
  0.2601236 123.2734 
  0.2738362 124.5092 
  0.07239661 126.3862 
  0.7728891 128.2915 
  0.5691501 119.639 
  0.7946915 119.639 
  0.9610192 119.0438 
  0.9807459 119.0438 
  0.9392055 119.639 
  0.8694345 122.0498 
  0.7141317 126.3862 
  0.6861562 132.8496 
  0.821339 137.5696 
  0.8025476 143.1697 
  0.8148794 146.7849 
  0.8488221 152.0001 
  0.8400382 155.063 
  0.8061262 159.7734 
  0.8369397 163.8079 
  0.9485288 167.9442 
  0.9650301 170.476 
  0.9767392 173.046 
  0.9817893 174.7808 
  0.9882525 176.533 
  0.992201 176.533 
  0.9871773 177.4156 
  0.9848754 177.4156 
  0.9798735 178.3027 
  0.9881273 178.3027 
  0.9880819 177.4156 
  0.991925 177.4156 
  0.9885472 176.533 
  0.9777575 173.9112 
  0.9756284 172.185 
  0.9695024 170.476 
  0.9354351 172.185 
  0.9914719 173.046 
  0.996765 173.046 
  0.9960788 172.185 
  0.9964959 170.476 
  0.9914597 168.784 
  0.9875078 166.2773 
  0.9848001 163.8079 
  0.9832875 161.3751 
  0.9870974 158.9785 
  0.9890733 157.4006 
  0.9383739 156.6175 
  0.6914312 154.2915 
  0.76441 151.2439 
  0.9412578 150.4914 
  0.9546946 148.9977 
  0.9714079 147.5188 
  0.9809812 146.7849 
  0.9882902 146.0546 
  0.9899638 146.0546 
  0.9908363 145.328 
  0.9912133 145.328 
  0.9924409 145.328 
  0.9943862 146.0546 
  0.9888842 146.7849 
  0.9921521 146.7849 
  0.9921988 147.5188 
  0.993624 147.5188 
  0.9906574 147.5188 
  0.9547935 146.7849 
  0.9045823 146.0546 
  0.8649323 144.605 
  0.7585086 141.7487 
  0.8417557 143.1697 
  0.9032961 146.7849 
  0.9297237 150.4914 
  0.9508477 152.0001 
  0.9822174 152.0001 
  0.982349 152.0001 
  0.9871738 151.2439 
  0.9917356 150.4914 
  0.9938492 150.4914 
  0.9949292 150.4914 
  0.9909157 149.7427 
  0.9909546 149.7427 
  0.9957248 148.9977 
  0.9813749 148.9977 
  0.9150999 145.328 
  0.7778592 141.7487 
  0.6322705 138.2575 
  0.4001333 134.8523 
  -0.2282659 124.5092 
  0.440486 120.8384 
  0.4217697 120.2372 
  0.5939012 120.8384 
  0.7053528 120.2372 
  0.8794599 119.639 
  0.8927022 119.639 
  0.9578234 119.639 
  0.9599249 119.639 
  0.9266239 118.4515 
  0.8952097 116.1118 
  0.8240539 114.9594 
  0.7163212 114.3874 
  0.457715 114.9594 
  0.4104196 115.5342 
  0.5365435 116.1118 
  0.7452822 116.6924 
  0.8415692 116.6924 
  0.8775656 116.1118 
  0.8809698 114.3874 
  0.9338067 112.6886 
  0.966326 111.5702 
  0.9214168 111.5702 
  0.8542961 112.128 
  0.5624048 113.2521 
  0.1785848 114.9594 
  0.2201934 116.1118 
  0.1836272 117.2759 
  0.003218966 118.4515 
  -0.1309284 119.639 
  -0.1905038 120.8384 
  0.01335795 122.0498 
  -0.05048835 123.2734 
  -0.1401003 124.5092 
  -0.1719172 125.7574 
  -0.06901571 127.0181 
  0.4419701 128.2915 
  0.2036292 122.0498 
  0.375249 117.8622 
  0.9382697 116.1118 
  0.9070266 115.5342 
  0.774026 116.1118 
  0.4371088 117.2759 
  -0.1161097 119.639 
  -0.1625888 122.0498 
  -0.01903564 124.5092 
  0.238891 127.0181 
  0.3642799 129.5776 
  0.06589479 132.1886 
  -0.3220324 134.8523 
  0.0104818 137.5696 
  -0.1489745 140.3417 
  -0.4622713 143.1697 
  -0.07803633 146.0546 
  -0.03887738 148.9977 
  0.09355921 151.2439 
  0.1616305 153.5239 
  -0.0983559 156.6175 
  -0.1103404 159.7734 
  0.04762264 162.9929 
  0.6098291 166.2773 
  0.8045425 162.9929 
  0.9693345 162.182 
  0.9961565 162.182 
  0.9971994 162.9929 
  0.9936911 163.8079 
  0.9987383 163.8079 
  0.988157 162.9929 
  0.9548593 161.3751 
  0.9510982 158.9785 
  0.9334226 155.8383 
  0.9288412 152.7601 
  0.9277977 148.9977 
  0.9188311 145.328 
  0.9264344 141.7487 
  0.9332069 139.6435 
  0.9482154 136.8852 
  0.9144334 134.8523 
  0.8542771 132.8496 
  0.4823319 130.8766 
  0.8697833 130.8766 
  0.9853809 131.531 
  0.9890473 132.1886 
  0.9863559 132.8496 
  0.9653053 132.8496 
  0.8646906 133.5138 
  0.3240156 134.1814 
  -0.1108781 134.8523 
  -0.1249823 135.5266 
  0.05737798 136.2042 
  -0.1337709 136.8852 
  -0.2703508 137.5696 
  -0.2238339 138.2575 
  -0.08768951 138.9488 
  -0.009816816 139.6435 
  0.1046567 140.3417 
  0.09598731 141.0434 
  -0.02568843 141.7487 
  -0.045433 142.4574 
  0.08362314 143.1697 
  0.07060014 143.8855 
  0.2648574 144.605 
  -0.004240604 145.328 
  0.4833162 146.0546 
  0.7714397 145.328 
  0.9591162 143.8855 
  0.976838 142.4574 
  0.9836412 141.0434 
  0.9740967 140.3417 
  0.9852463 138.2575 
  0.9955526 137.5696 
  0.9984763 137.5696 
  0.9895476 138.2575 
  0.8937175 138.2575 
  0.7721355 138.2575 
  0.4078358 136.2042 
  0.5884376 134.8523 
  0.3187799 133.5138 
  0.6890548 132.1886 
  0.0982624 130.8766 
  0.1984349 129.5776 
  0.1199538 128.2915 
  0.719542 128.9329 
  0.7752154 127.6532 
  0.6264094 123.8897 
  0.9219538 119.0438 
  0.9120094 115.5342 
  0.8827397 112.6886 
  0.8875291 110.4628 
  0.9427462 108.8223 
  0.9235125 107.7421 
  0.9287343 106.6728 
  0.9230552 106.142 
  0.8596036 106.142 
  0.7386668 106.142 
  0.5249324 106.142 
  0.331164 106.6728 
  0.3207168 107.2061 
  -0.07389061 107.7421 
  0.1407191 108.2809 
  0.06469817 108.8223 
  0.1303935 108.8223 
  0.142076 109.3664 
  0.2613494 109.9132 
  0.664853 109.3664 
  0.5977424 106.6728 
  0.7723771 104.0455 
  0.7829703 101.4829 
  0.8654813 99.47836 
  0.8396159 98.00098 
  0.7408189 95.5873 
  0.8113903 93.23304 
  0.607913 91.39146 
  0.5389915 89.58624 
  0.3121709 88.25578 
  0.1678685 87.8167 
  0.2303769 87.8167 
  0.1689316 87.8167 
  0.1733306 87.8167 
  -0.01989383 87.8167 
  0.08526171 87.8167 
  0.07454089 87.8167 
  0.3670919 87.8167 
  0.1858814 87.8167 
  0.1942913 87.8167 
  0.3098789 87.8167 
  0.05357631 87.8167 
  -0.0009489409 87.8167 
  -0.123864 87.8167 ]
