 [
  -0.198956 171.3284 
  -0.431259 171.3284 
  -0.2304738 171.3284 
  -0.2330441 171.3284 
  -0.2242276 171.3284 
  -0.208674 171.3284 
  -0.1612698 171.3284 
  0.03158462 171.3284 
  -0.04331271 171.3284 
  0.1049243 171.3284 
  0.2470995 171.3284 
  -0.006661397 171.3284 
  0.2385151 171.3284 
  0.1587008 170.476 
  0.2048327 169.6279 
  0.2126007 167.9442 
  0.02114747 165.4501 
  -0.03768516 162.9929 
  -0.07798063 161.3751 
  -0.001253369 159.7734 
  0.6728884 156.6175 
  0.8517734 154.2915 
  0.9742181 152.7601 
  0.9934939 151.2439 
  0.9935782 151.2439 
  0.977895 152.0001 
  0.9439986 153.5239 
  0.8591104 154.2915 
  0.5931075 153.5239 
  0.3513161 153.5239 
  0.2399431 152.7601 
  0.1839105 152.0001 
  -0.002788276 150.4914 
  0.0004964974 148.9977 
  0.03018029 147.5188 
  0.08054637 146.0546 
  -0.01479384 145.328 
  0.003002655 144.605 
  0.0114349 143.1697 
  0.1230906 142.4574 
  0.167827 141.7487 
  0.2104281 141.7487 
  0.1945895 142.4574 
  0.5243997 143.8855 
  0.5516626 137.5696 
  0.7166752 134.1814 
  0.9491358 132.1886 
  0.9877647 132.1886 
  0.9727236 132.1886 
  0.9735963 132.8496 
  0.9551627 132.8496 
  0.9418664 132.1886 
  0.7170088 131.531 
  0.3943103 126.3862 
  0.5504144 122.6601 
  0.1581409 121.4426 
  -0.08974005 122.0498 
  -0.004574198 122.6601 
  -0.1652229 123.2734 
  0.195877 123.2734 
  0.6290233 123.8897 
  0.8839402 122.6601 
  0.9487078 121.4426 
  0.9757513 120.2372 
  0.9891939 119.0438 
  0.9961125 118.4515 
  0.9977016 117.8622 
  0.9873744 117.2759 
  0.9785361 116.1118 
  0.9373915 115.5342 
  0.6781804 116.1118 
  0.1565597 119.0438 
  0.4832324 122.6601 
  0.6753849 125.7574 
  0.8258195 126.3862 
  0.8722697 127.6532 
  0.7490115 127.6532 
  0.5229431 128.2915 
  0.1967393 128.2915 
  0.1218076 128.2915 
  0.06695203 128.2915 
  0.1034344 128.2915 
  0.0142169 128.9329 
  0.04600026 129.5776 
  -0.1677557 129.5776 
  0.06302467 129.5776 
  0.1876183 129.5776 
  0.3322088 129.5776 
  0.09325924 129.5776 
  -0.01744572 129.5776 
  -0.1649139 129.5776 
  0.1381665 129.5776 
  0.3386856 129.5776 
  0.1359154 129.5776 
  0.09828266 129.5776 
  0.1608153 129.5776 
  0.03985894 128.2915 
  0.7940841 126.3862 
  0.7701013 122.6601 
  0.8816388 120.8384 
  0.9145689 119.639 
  0.9256127 119.0438 
  0.9091588 117.8622 
  0.922644 117.2759 
  0.8589956 117.2759 
  0.6472231 117.8622 
  0.2049441 112.128 
  0.3687458 127.0181 
  -0.4247577 128.2915 
  -0.08006132 126.3862 
  0.1601881 124.5092 
  -0.06068125 122.6601 
  0.0256191 121.4426 
  0.03266092 120.2372 
  0.1106235 119.0438 
  0.1106363 117.8622 
  -0.132416 116.6924 
  -0.09280266 115.5342 
  0.110883 114.9594 
  0.1410556 114.3874 
  0.07567055 114.3874 
  -0.04154415 114.3874 
  0.03230385 114.3874 
  0.7470688 113.8184 
  0.4894061 105.614 
  0.5746537 105.614 
  0.5306094 107.7421 
  0.4473304 107.2061 
  0.5126612 103.5278 
  0.1162947 98.491 
  -0.09237251 93.23304 
  -0.06158733 88.25578 
  0.01716499 83.54424 
  0.1280987 79.08421 
  -0.02038604 74.86229 
  0.1797839 70.51319 
  -0.06060577 66.74884 
  -0.06337756 63.18545 
  0.1865739 59.51471 
  0.6250624 58.0489 
  0.3365111 54.40454 
  0.8939829 54.67657 
  0.7125744 54.13387 
  0.7501744 53.59657 
  0.8875651 53.0646 
  0.9601677 52.80059 
  0.6835281 53.32993 
  0.7412114 53.86455 
  0.7402601 53.32993 
  0.9165944 53.0646 
  0.7720333 53.86455 
  0.8292544 54.13387 
  0.7106045 53.59657 
  0.5863667 53.86455 
  0.05611368 54.94995 
  0.13611 55.50082 
  -0.04859181 55.77833 
  -0.05480898 55.77833 
  0.09152909 56.05722 
  -0.07043836 56.05722 
  -0.09444178 56.05722 
  0.006744944 56.05722 
  0.1380883 56.05722 
  0.05100851 55.77833 
  0.2407957 55.50082 
  0.2078317 55.2247 
  0.1085874 54.94995 
  0.02521501 54.67657 
  0.1543377 54.40454 
  0.004095424 54.13387 
  0.1076688 53.86455 
  -0.05282468 53.59657 
  0.0179534 53.32993 
  0.1840785 53.0646 
  0.005898484 53.0646 
  0.006347457 53.0646 
  0.08031324 53.0646 
  0.1351755 53.0646 
  0.09814044 53.0646 
  0.05016056 53.0646 
  0.08211683 53.0646 
  0.0427966 53.0646 
  -0.2823292 53.0646 
  -0.1912057 53.0646 
  -0.0114128 53.0646 
  -0.1405257 53.0646 
  -0.1425502 53.0646 
  -0.1656937 53.0646 
  -0.1776055 53.0646 
  -0.2389737 53.0646 
  -0.06464212 53.0646 
  0.04514787 53.0646 
  0.02868081 53.0646 ]
