 [
  0.0776707 233.4131 
  0.3427337 233.4131 
  0.5547726 233.4131 
  -0.06994295 233.4131 
  0.2260307 233.4131 
  0.1533383 233.4131 
  -0.05360035 233.4131 
  -0.1697319 233.4131 
  -0.0120165 233.4131 
  0.1688396 233.4131 
  0.2147196 233.4131 
  -0.1206302 233.4131 
  -0.02037282 233.4131 
  0.9195117 233.4131 
  0.8425901 234.5801 
  0.8886496 231.0963 
  0.9808231 226.5316 
  0.9364671 224.2832 
  0.8652948 223.1673 
  0.3106742 224.2832 
  0.3698458 225.4046 
  -0.1200077 227.6642 
  0.4729731 229.9466 
  0.2052449 232.2518 
  -0.1020181 234.5801 
  0.06655759 236.9318 
  0.01032773 238.1164 
  0.08235745 239.307 
  0.8562813 241.7061 
  0.9341866 238.1164 
  0.9432257 233.4131 
  0.9469697 227.6642 
  0.945639 220.9523 
  0.9838756 215.5104 
  0.9878087 213.3714 
  0.9563481 212.3098 
  0.9037113 213.3714 
  0.6040297 214.4382 
  0.2504308 215.5104 
  0.2964141 216.5879 
  -0.01268672 217.6709 
  -0.03545165 218.7592 
  -0.0122887 219.853 
  0.07345504 220.9523 
  0.01390989 222.057 
  -0.1616244 223.1673 
  -0.06911308 224.2832 
  0.06755707 225.4046 
  0.7152858 226.5316 
  0.7566934 213.3714 
  0.8537074 208.1162 
  0.8985794 201.9805 
  0.8703054 197.0059 
  0.9036199 191.1978 
  0.8408147 186.4887 
  0.6446218 183.7191 
  0.2982208 180.9906 
  0.5609757 197.0059 
  -0.3775618 196.0257 
  0.05508438 196.0257 
  0.3337604 195.0505 
  0.3316523 195.0505 
  -0.1976886 195.0505 
  0.3308493 195.0505 
  -0.3516349 194.0801 
  0.4121948 192.1537 
  0.6540164 190.2465 
  0.9727824 189.3 
  0.9955828 189.3 
  0.9977479 188.3582 
  0.9984497 188.3582 
  0.9965684 188.3582 
  0.8407952 190.2465 
  0.8898463 189.3 
  0.9314041 188.3582 
  0.978812 188.3582 
  0.9908959 189.3 
  0.9934828 189.3 
  0.9880722 190.2465 
  0.9866943 191.1978 
  0.9876064 192.1537 
  0.9772262 193.1145 
  0.972236 195.0505 
  0.9800515 197.0059 
  0.9844609 197.9909 
  0.9715956 199.9758 
  0.9698578 201.9805 
  0.9705117 204.0054 
  0.9760826 206.0505 
  0.9770586 208.1162 
  0.9846044 209.1568 
  0.9792532 210.2025 
  0.9576765 212.3098 
  0.9358975 215.5104 
  0.9695444 219.853 
  0.9797891 223.1673 
  0.986541 225.4046 
  0.9895264 227.6642 
  0.9947365 229.9466 
  0.9647226 229.9466 
  0.9408829 229.9466 
  0.9049327 229.9466 
  0.9928284 231.0963 
  0.9832034 231.0963 
  0.9553707 231.0963 
  0.8378698 231.0963 
  0.4244089 232.2518 
  0.2960345 232.2518 
  0.04667377 232.2518 
  0.2769753 232.2518 
  -0.05307002 232.2518 
  -0.3137116 232.2518 
  -0.365918 232.2518 
  0.08713303 232.2518 
  0.05860939 232.2518 
  0.06722331 231.0963 
  0.336831 228.8026 
  0.6207584 226.5316 
  0.9025115 226.5316 
  0.9496307 223.1673 
  0.9507503 218.7592 
  0.9499038 213.3714 
  0.9590009 208.1162 
  0.9818116 205.0254 
  0.9962556 202.9904 
  0.9957017 201.9805 
  0.9860914 199.9758 
  0.9854381 197.9909 
  0.9979709 197.0059 
  0.9985256 196.0257 
  0.9961563 195.0505 
  0.9866805 194.0801 
  0.9954966 192.1537 
  0.998648 191.1978 
  0.9928812 192.1537 
  0.9877166 194.0801 
  0.9909484 196.0257 
  0.9972588 197.0059 
  0.9970678 197.0059 
  0.9956733 196.0257 
  0.9950001 196.0257 
  0.9958355 195.0505 
  0.9936989 196.0257 
  0.9899243 196.0257 
  0.9769093 197.0059 
  0.9637876 194.0801 
  0.9386784 187.4211 
  0.8619485 180.0902 
  0.5238295 173.046 
  0.01219865 166.2773 
  -0.2894534 159.7734 
  0.1176627 153.5239 
  -0.02239728 147.5188 
  -0.1759569 141.0434 
  0.7505804 134.8523 
  0.5265468 132.8496 
  0.5623231 132.8496 
  0.5009089 134.1814 
  0.1382423 140.3417 
  0.3648122 146.7849 
  0.667179 151.2439 
  0.22824 156.6175 
  0.1972471 167.9442 
  0.8788573 175.6547 
  0.9529668 177.4156 
  0.9127699 178.3027 
  0.7511266 179.1942 
  0.3744306 180.9906 
  0.08846933 182.8051 
  0.1170195 184.6377 
  0.01526472 186.4887 
  -0.05631234 188.3582 
  -0.04800583 190.2465 
  -0.05439093 192.1537 
  0.1286508 194.0801 
  0.08337928 196.0257 
  -0.07505134 197.9909 
  -0.3858678 199.9758 
  -0.3815571 201.9805 
  -0.0739936 204.0054 
  -0.03132761 206.0505 
  -0.148793 208.1162 
  0.7388038 211.2535 
  0.7666992 205.0254 
  0.8587589 199.9758 
  0.9622979 196.0257 
  0.9770104 194.0801 
  0.9692366 192.1537 
  0.8939841 189.3 
  0.9199463 185.5609 
  0.9400275 182.8051 
  0.9080091 180.0902 
  0.955796 176.533 
  0.9432124 173.9112 
  0.9712132 172.185 
  0.9846762 172.185 
  0.9813277 172.185 
  0.9913462 172.185 
  0.9932969 172.185 
  0.9853854 173.046 
  0.9838676 173.046 
  0.9617968 173.046 
  0.9268674 174.7808 
  0.9082803 175.6547 
  0.7876293 176.533 
  0.4234959 178.3027 
  0.1585738 179.1942 
  -0.1167668 180.0902 
  -0.1277659 180.9906 
  0.04229751 181.8956 
  0.3025557 182.8051 
  0.2891381 182.8051 
  0.01956279 180.9906 
  0.06338315 180.0902 
  -0.1266503 179.1942 
  -0.1515847 177.4156 
  -0.0100437 175.6547 
  -0.1255266 173.9112 
  -0.1292995 172.185 
  -0.1939394 171.3284 
  0.005057828 170.476 
  0.02055021 169.6279 
  0.03681158 168.784 
  -0.1263563 167.9442 
  -0.2485798 167.1087 
  -0.2839171 166.2773 
  0.1346139 165.4501 
  0.275025 164.6269 
  0.09180202 163.8079 
  0.2857491 162.9929 
  0.4329274 162.182 
  0.6772791 162.9929 
  0.392243 158.9785 
  0.4483741 147.5188 
  0.406204 148.2564 
  0.1893349 148.9977 
  0.7409068 148.2564 
  0.3643243 149.7427 
  -0.5364304 152.0001 
  -0.1473735 153.5239 
  0.3783747 155.8383 
  0.7570942 159.7734 
  0.8584822 165.4501 
  0.7867554 173.9112 
  0.9137258 181.8956 
  0.9858973 187.4211 
  0.9973456 190.2465 
  0.999285 191.1978 
  0.9990726 192.1537 
  0.9961476 191.1978 
  0.9741227 190.2465 
  0.9479949 189.3 
  0.7896716 188.3582 
  0.5121729 188.3582 
  0.03894097 188.3582 
  0.0298283 188.3582 
  0.02467754 188.3582 
  0.0915558 188.3582 
  -0.05603758 188.3582 
  0.2369882 188.3582 
  0.0140823 188.3582 
  0.002719639 188.3582 
  -0.05120696 188.3582 
  0.1479055 187.4211 
  -0.07800958 187.4211 
  -0.1413624 187.4211 
  -0.04154661 187.4211 
  0.01001315 187.4211 
  0.3404754 187.4211 
  0.2383039 187.4211 
  0.1545431 187.4211 
  -0.1874981 187.4211 
  -0.07624803 187.4211 
  0.0995333 187.4211 
  -0.3505785 187.4211 
  0.7723035 188.3582 
  0.8957383 188.3582 
  0.9920852 188.3582 
  0.9908925 188.3582 
  0.9922715 188.3582 
  0.9856182 187.4211 
  0.967386 185.5609 
  0.9804714 182.8051 
  0.9855266 180.9906 
  0.9843012 179.1942 
  0.9831651 178.3027 
  0.9842318 178.3027 
  0.9850042 177.4156 
  0.9569219 176.533 
  0.8828028 174.7808 
  0.8581687 169.6279 
  0.810393 167.9442 
  0.8315099 167.9442 
  0.8356345 168.784 
  0.8978263 171.3284 
  0.9353518 172.185 
  0.9604221 171.3284 
  0.983459 168.784 
  0.9957024 167.1087 
  0.994887 166.2773 
  0.9953082 165.4501 
  0.9974833 164.6269 
  0.995613 164.6269 
  0.9950082 165.4501 
  0.9880519 165.4501 
  0.9596316 165.4501 
  0.939788 166.2773 
  0.9428816 166.2773 
  0.9273103 166.2773 
  0.76958 166.2773 
  0.4849892 166.2773 
  0.258782 166.2773 
  0.112141 166.2773 
  0.05741831 166.2773 
  -0.03318732 166.2773 
  0.00663392 166.2773 
  -0.1313565 166.2773 ]
