 [
  0.4018894 277.9312 
  -0.3119421 277.9312 
  -0.258644 277.9312 
  0.1430741 277.9312 
  0.2639372 277.9312 
  0.4890034 277.9312 
  0.1212555 277.9312 
  0.0857535 277.9312 
  0.2775573 277.9312 
  0.3677704 277.9312 
  0.3508556 277.9312 
  0.1144683 277.9312 
  0.2988538 277.9312 
  0.111345 279.3209 
  0.1000635 280.7175 
  -0.02257968 277.9312 
  -0.0352664 272.4414 
  -0.004606025 267.06 
  0.04324931 264.4093 
  0.7821004 264.4093 
  0.9094067 261.7849 
  0.9495441 263.0938 
  0.9791883 263.0938 
  0.9843291 261.7849 
  0.991212 260.4825 
  0.9913055 261.7849 
  0.991213 264.4093 
  0.988878 267.06 
  0.9824783 268.3953 
  0.9741166 269.7372 
  0.9870623 269.7372 
  0.9998323 271.0859 
  0.9998187 272.4414 
  1.000278 272.4414 
  0.9995428 272.4414 
  0.9986111 269.7372 
  0.9959742 268.3953 
  0.989287 267.06 
  0.9498721 268.3953 
  0.8633085 271.0859 
  -0.4594146 272.4414 
  0.1808603 273.8036 
  0.7511288 275.1726 
  0.03944005 276.5485 
  0.1673332 277.9312 
  0.3583134 279.3209 
  0.2541084 275.1726 
  0.02688205 264.4093 
  0.1823122 250.2938 
  0.863745 242.9146 
  0.9405335 244.1292 
  0.9602405 241.7061 
  0.9773985 239.307 
  0.9929788 239.307 
  0.9957325 238.1164 
  0.9961108 239.307 
  0.9909388 240.5036 
  0.9839255 244.1292 
  0.9760344 246.5766 
  0.9523849 247.8095 
  0.4249786 249.0485 
  0.3806763 249.0485 
  0.3567573 249.0485 
  0.6677119 250.2938 
  0.3051904 251.5452 
  0.3198858 245.3498 
  0.3175972 244.1292 
  -0.08183013 244.1292 
  -0.02083879 244.1292 
  -0.05330647 242.9146 
  -0.07980683 241.7061 
  0.165744 241.7061 
  0.1913724 241.7061 
  0.1797605 241.7061 
  0.0827644 241.7061 
  0.1699682 241.7061 
  0.1153737 241.7061 
  0.1973157 241.7061 
  0.2607336 241.7061 
  0.174593 242.9146 
  0.2992807 244.1292 
  0.5980251 239.307 
  0.7714058 233.4131 
  0.9723545 228.8026 
  0.9925056 224.2832 
  0.994313 222.057 
  0.9868889 219.853 
  0.9742933 216.5879 
  0.9767365 212.3098 
  0.9846458 207.0808 
  0.9957901 205.0254 
  0.9986662 204.0054 
  0.9975967 204.0054 
  0.9996773 202.9904 
  0.998831 202.9904 
  0.9857761 202.9904 
  0.9867273 202.9904 
  0.991186 202.9904 
  0.9987047 202.9904 
  0.9977759 202.9904 
  0.9984394 201.9805 
  0.9973567 201.9805 
  0.9924199 201.9805 
  0.9905415 200.9756 
  0.9708098 200.9756 
  0.9302873 199.9758 
  0.8722829 196.0257 
  0.6627063 196.0257 
  0.8286402 197.0059 
  0.311065 197.0059 
  0.09307782 197.0059 
  0.6028584 197.0059 
  0.2203463 197.0059 
  0.05298042 197.9909 
  0.03912318 198.9809 
  0.1047927 199.9758 
  0.01246113 200.9756 
  -0.05759616 201.9805 
  0.05156028 202.9904 
  0.2797187 204.0054 
  0.4200646 205.0254 
  0.4265509 206.0505 
  0.09620189 207.0808 
  0.1150773 208.1162 
  0.1079482 209.1568 
  0.1108655 210.2025 
  0.08951864 211.2535 
  0.1032007 212.3098 
  0.09438019 213.3714 
  -0.1565368 214.4382 
  -0.2537057 215.5104 
  0.01557873 216.5879 
  -0.02656133 217.6709 
  0.02440271 218.7592 
  0.4727156 219.853 
  0.7471214 225.4046 
  0.9179113 224.2832 
  0.9959573 224.2832 
  0.997045 223.1673 
  0.9968786 222.057 
  0.9975852 220.9523 
  0.9932641 219.853 
  0.9851381 218.7592 
  0.9742689 218.7592 
  0.9672495 217.6709 
  0.9901396 217.6709 
  0.9993818 216.5879 
  0.9998866 216.5879 
  0.9995301 215.5104 
  0.9705667 215.5104 
  0.9541464 214.4382 
  0.9669976 213.3714 
  0.9964371 211.2535 
  0.9970717 210.2025 
  0.9967687 208.1162 
  0.9983925 207.0808 
  0.9987413 206.0505 
  0.9961054 205.0254 
  0.9756202 202.9904 
  0.9472283 198.9809 
  0.9392909 192.1537 
  0.8639835 188.3582 
  0.7992587 187.4211 
  0.91593 187.4211 
  0.952573 188.3582 
  0.9649 191.1978 
  0.9777442 194.0801 
  0.9915658 195.0505 
  0.9991838 195.0505 
  0.9982581 194.0801 
  1.000183 193.1145 
  0.9999053 192.1537 
  0.9997993 192.1537 
  0.998504 192.1537 
  0.9910434 192.1537 
  0.9695842 191.1978 
  0.9115113 190.2465 
  0.6751319 190.2465 
  0.2084098 190.2465 
  0.0576339 190.2465 
  0.04009535 190.2465 
  0.09018262 190.2465 
  -0.1739282 189.3 
  -0.2952952 189.3 
  -0.02199115 189.3 
  -0.008767247 189.3 
  0.2619785 188.3582 
  0.1588539 186.4887 
  0.1250345 185.5609 
  0.0459182 185.5609 
  0.04646979 187.4211 
  -0.08735003 191.1978 
  0.0106646 194.0801 
  0.2161773 196.0257 
  0.1723532 196.0257 
  0.04897702 196.0257 
  0.4210866 196.0257 
  0.8987045 201.9805 
  0.8962902 198.9809 
  0.9364514 197.0059 
  0.9827542 196.0257 
  0.9896188 196.0257 
  0.9913247 197.0059 
  0.9921579 197.0059 
  0.9878612 197.0059 
  0.988071 197.9909 
  0.9801342 198.9809 
  0.9739271 198.9809 
  0.9469319 199.9758 
  0.9096773 201.9805 
  0.7882672 205.0254 
  0.2820599 207.0808 
  0.2153785 208.1162 
  0.03723336 209.1568 
  0.1692134 211.2535 
  0.2231883 213.3714 
  0.07527121 215.5104 
  0.08000953 217.6709 
  0.05534514 218.7592 
  0.1443132 219.853 
  0.2788034 220.9523 
  0.5106069 222.057 
  0.692274 214.4382 
  0.8170143 208.1162 
  0.9891206 202.9904 
  0.9919764 199.9758 
  0.9913377 197.0059 
  0.997507 195.0505 
  0.9999172 194.0801 
  0.9975162 193.1145 
  0.9983824 192.1537 
  0.9975621 192.1537 
  0.9960056 191.1978 
  0.9951209 190.2465 
  0.9926655 188.3582 
  0.9936536 187.4211 
  0.9990458 185.5609 
  0.9989725 185.5609 
  0.9975609 185.5609 
  0.9884278 184.6377 
  0.9886273 183.7191 
  0.9915929 182.8051 
  0.9932193 182.8051 
  0.9948179 183.7191 
  0.9954616 183.7191 
  0.9971385 183.7191 
  0.9924945 183.7191 
  0.9690195 184.6377 
  0.8996722 187.4211 
  0.7232675 192.1537 
  0.7397462 197.9909 
  -0.04804868 202.9904 
  0.312272 208.1162 
  0.1503527 213.3714 
  0.02527603 218.7592 
  0.1522511 224.2832 
  0.1762368 229.9466 
  0.384795 234.5801 
  0.4003806 239.307 
  0.04590583 242.9146 
  0.3018113 246.5766 
  0.4163252 249.0485 
  0.2853159 251.5452 
  0.08552118 252.8029 
  0.08946235 254.067 
  0.05556784 255.3373 
  0.190944 256.614 
  0.2943816 257.8971 
  0.3388368 259.1866 
  0.4535352 260.4825 
  0.1727806 261.7849 
  -0.1489 263.0938 
  0.003487654 264.4093 
  0.06767459 265.7313 
  0.09406371 267.06 
  0.3245644 268.3953 
  0.3036715 269.7372 
  0.005963081 271.0859 
  -0.0493816 272.4414 
  -0.07579104 273.8036 
  -0.1079178 273.8036 
  -0.1242611 273.8036 
  -0.03710977 273.8036 
  -0.02111492 273.8036 
  -0.07597809 273.8036 
  0.0572972 273.8036 
  0.1930844 273.8036 
  0.166351 273.8036 
  -0.08964857 273.8036 
  -0.2657411 273.8036 
  -0.1134608 273.8036 
  0.1842856 273.8036 
  0.1561139 273.8036 
  0.1606426 273.8036 
  0.0909217 273.8036 
  -0.2051921 273.8036 
  -0.2264162 273.8036 
  0.3883572 273.8036 
  0.2497135 273.8036 
  0.3319555 273.8036 
  0.3112489 273.8036 
  -0.0806268 273.8036 
  -0.1686672 273.8036 
  0.07875177 273.8036 
  0.2172887 273.8036 
  -0.2341751 273.8036 
  -0.02384819 273.8036 
  0.1484071 273.8036 
  -0.3811108 273.8036 
  -0.3420396 273.8036 
  -0.3436045 273.8036 
  -0.02639337 273.8036 
  0.005022943 273.8036 
  -0.1022884 273.8036 
  -0.1578918 273.8036 ]
