 [
  0.05558611 134.1814 
  0.0418326 134.1814 
  -0.007764036 134.1814 
  0.01186915 134.1814 
  0.176132 134.1814 
  0.09450939 134.1814 
  -0.0342628 134.1814 
  -0.08869769 134.1814 
  0.06523918 134.1814 
  -0.03912615 134.1814 
  -0.1792428 134.1814 
  -0.07986932 134.1814 
  0.005625205 134.1814 
  -0.1289909 134.1814 
  -0.2383708 134.1814 
  -0.5422425 134.1814 
  -0.1670544 134.1814 
  -0.04814982 134.1814 
  0.2083792 134.1814 
  0.4439815 129.5776 
  0.7529613 128.2915 
  0.8321368 127.0181 
  0.7752476 124.5092 
  0.8588567 120.8384 
  0.8728663 118.4515 
  0.8959797 117.2759 
  0.9163291 117.8622 
  0.9784328 117.2759 
  0.9829444 118.4515 
  0.9656319 120.2372 
  0.9230298 122.6601 
  0.9013245 123.8897 
  0.908121 125.1317 
  0.9139817 126.3862 
  0.9108175 127.0181 
  0.9328128 127.0181 
  0.949594 127.0181 
  0.9574362 128.2915 
  0.9784558 129.5776 
  0.9808617 130.2255 
  0.9600149 130.2255 
  0.9419538 130.8766 
  0.9060289 130.2255 
  0.9065066 129.5776 
  0.9891412 128.9329 
  0.9840095 128.2915 
  0.9898156 127.0181 
  0.9934241 126.3862 
  0.9890932 125.7574 
  0.9890282 125.1317 
  0.9893334 123.8897 
  0.9935453 123.2734 
  0.9937618 123.2734 
  0.9912248 123.2734 
  0.5839373 123.8897 
  0.8245125 122.6601 
  0.9467579 122.6601 
  0.9815995 122.6601 
  0.9888941 122.6601 
  0.9825334 122.6601 
  0.9903769 122.0498 
  0.9858691 121.4426 
  0.9952167 121.4426 
  0.9943738 121.4426 
  0.993224 120.8384 
  0.9825848 120.2372 
  0.958846 119.639 
  0.880812 118.4515 
  0.817041 116.6924 
  0.8137097 113.8184 
  0.7748658 111.5702 
  0.5401275 112.128 
  0.3138411 112.6886 
  0.3272467 113.2521 
  0.2518 113.8184 
  -0.05062426 114.9594 
  -0.07912482 116.1118 
  0.1893334 117.2759 
  0.3510087 118.4515 
  0.1845946 119.639 
  0.02243713 120.8384 
  0.01574692 122.0498 
  -0.08361261 123.2734 
  -0.1572109 124.5092 
  -0.1114081 125.7574 
  -0.08217983 127.0181 
  0.2210246 128.2915 
  0.2174471 128.9329 
  0.03573266 130.2255 
  -0.02255129 130.8766 
  0.4110561 131.531 
  0.5962432 132.8496 
  0.7254198 130.8766 
  0.8948826 128.9329 
  0.9787843 127.0181 
  0.9871696 126.3862 
  0.9823724 127.0181 
  0.9567012 127.6532 
  0.9674153 129.5776 
  0.9578593 130.2255 
  0.9427704 131.531 
  0.8963984 132.1886 
  0.8321928 132.8496 
  0.4817298 133.5138 
  0.9425735 135.5266 
  0.7407721 137.5696 
  0.7547044 139.6435 
  0.6360741 141.7487 
  0.02612131 143.8855 
  -0.06171778 146.0546 
  -0.03422502 148.2564 
  0.7527946 146.7849 
  0.3339557 135.5266 
  0.4515043 130.8766 
  0.7775791 125.1317 
  0.8047202 122.0498 
  0.7987347 119.639 
  0.8186095 116.6924 
  0.6478297 113.8184 
  0.5316105 112.6886 
  0.846517 112.6886 
  0.8861597 112.128 
  0.8858048 111.5702 
  0.8906925 110.4628 
  0.8548808 109.3664 
  0.6114098 108.2809 
  -0.1895871 109.9132 
  -0.2396235 111.5702 
  0.03141552 113.2521 
  -0.215612 114.9594 
  -0.06768671 116.6924 
  0.0518446 118.4515 
  0.06648358 119.639 
  0.01858624 120.8384 
  0.1352893 122.0498 
  0.03574527 123.2734 
  0.1200979 125.1317 
  0.5077395 127.0181 
  0.7766852 123.2734 
  0.900516 122.0498 
  0.937588 120.8384 
  0.9360871 120.2372 
  0.9037048 119.0438 
  0.9226866 117.2759 
  0.9819188 116.6924 
  0.9863424 116.6924 
  0.9788104 116.6924 
  0.9718565 116.6924 
  0.9307921 116.1118 
  0.8462726 114.9594 
  0.8783735 112.6886 
  0.7180576 110.4628 
  0.1750801 110.4628 
  0.3873839 111.0151 
  0.3201976 111.5702 
  0.3700312 112.128 
  0.2391235 112.6886 
  0.3152738 113.2521 
  0.1124697 113.8184 
  -0.06489443 114.3874 
  0.008637441 114.9594 
  -0.05845155 115.5342 
  0.1189277 116.6924 
  0.183307 117.8622 
  0.1172698 119.0438 
  0.2171449 120.2372 
  -0.003385596 121.4426 
  0.5149161 122.6601 
  0.2560692 112.128 
  0.5385213 109.9132 
  0.41444 107.2061 
  0.2269359 108.2809 
  0.01723193 109.9132 
  0.05738348 111.5702 
  0.2024377 113.2521 
  0.2802475 114.9594 
  0.02194144 116.6924 
  0.002072514 117.8622 
  0.08099996 119.0438 
  0.1849034 120.2372 
  0.1638339 121.4426 
  0.04049361 122.6601 
  0.002228503 123.8897 
  -0.0650814 125.1317 
  0.1211795 126.3862 
  0.5695345 127.6532 
  0.806632 127.6532 
  0.9173967 126.3862 
  0.9763637 124.5092 
  0.9854224 122.6601 
  0.9894746 121.4426 
  0.9949706 120.2372 
  0.9922763 119.639 
  0.9837439 119.639 
  0.914641 118.4515 
  0.8665429 115.5342 
  0.9245923 113.8184 
  0.9344655 112.6886 
  0.9154963 111.5702 
  0.9193777 109.9132 
  0.9347374 108.2809 
  0.9721508 106.6728 
  0.9780864 105.614 
  0.9258956 105.0885 
  0.8476611 104.0455 
  0.7655771 102.5003 
  0.8306152 102.5003 
  0.8580573 103.0128 
  0.7450736 103.5278 
  0.6893418 105.0885 
  0.6974322 104.0455 
  0.6754777 102.5003 
  0.5672839 98.98344 
  0.8810777 97.02828 
  0.970661 97.51342 
  0.8994094 97.51342 
  0.7452558 98.00098 
  0.7916339 98.491 
  0.9890355 98.98344 
  0.9977998 99.47836 
  0.9956975 99.47836 
  0.9885282 99.97575 
  0.9475207 100.4756 
  0.8190986 101.4829 
  0.6457356 102.5003 
  0.4716321 103.5278 
  0.1309556 104.5657 
  -0.3520247 105.614 
  0.4706789 105.0885 
  0.68085 106.6728 
  0.9215579 107.7421 
  0.98158 108.2809 
  0.926535 107.7421 
  0.8764437 107.2061 
  0.8331896 106.142 
  0.07918466 105.614 
  -0.158712 105.0885 
  0.04345333 104.5657 
  0.09240942 103.5278 
  -0.09816467 102.5003 
  0.1921509 101.4829 
  0.1201933 100.978 
  0.02177586 100.4756 
  -0.2134651 99.97575 
  0.1573079 99.97575 
  0.1624306 100.4756 
  0.4475722 101.4829 
  0.8134051 102.5003 
  0.8881959 103.5278 
  0.7536333 104.5657 
  0.8040663 105.614 
  0.003683324 106.6728 
  -0.09094775 107.7421 
  -0.04260506 108.8223 
  0.03047162 109.9132 
  0.05306312 110.4628 
  0.1699291 111.0151 
  0.0590426 111.5702 
  0.2142696 112.6886 
  0.478195 113.8184 
  0.7362891 114.9594 
  0.8625067 113.8184 
  0.9664806 112.128 
  0.9657258 110.4628 
  0.9651767 108.8223 
  0.9749024 107.2061 
  0.962513 106.142 
  0.9713089 105.0885 
  0.9717187 103.5278 
  0.9635097 102.5003 
  0.9667117 101.4829 
  0.9610167 100.4756 
  0.9701059 99.47836 
  0.9515882 98.491 
  0.9351008 97.51342 
  0.9675918 97.02828 
  0.9718639 97.02828 
  0.9857628 97.51342 
  0.9699237 96.54556 
  0.9735657 96.06523 
  0.874198 95.5873 
  0.7574968 95.11173 
  0.1960224 95.11173 
  0.7085217 95.11173 
  0.6246704 95.5873 
  0.4570501 96.06523 
  0.07572991 96.54556 
  0.2921757 97.02828 
  0.3419844 97.02828 
  0.06797313 97.02828 
  -0.03333721 97.02828 
  -0.1969738 97.02828 
  -0.1461338 97.02828 
  0.1199393 97.02828 
  -0.03833795 97.02828 
  -0.2797831 97.02828 
  -0.05581085 97.02828 
  0.1810469 97.02828 
  -0.09022828 97.02828 
  -0.2797762 97.02828 
  -0.1272369 97.02828 ]
