 [
  0.2463641 235.753 
  0.1111358 235.753 
  0.108737 235.753 
  0.2316032 235.753 
  0.2893231 235.753 
  0.1460401 235.753 
  0.09964862 235.753 
  -0.04339904 235.753 
  0.2055835 235.753 
  0.2919858 235.753 
  0.1353964 235.753 
  -0.06639219 235.753 
  0.1128892 235.753 
  0.1085207 235.753 
  -0.03201324 235.753 
  -0.1608541 235.753 
  -0.123829 235.753 
  -0.0986943 235.753 
  -0.1733799 235.753 
  0.6599653 227.6642 
  0.8972191 224.2832 
  0.9932464 224.2832 
  0.9899076 222.057 
  0.9885693 219.853 
  0.9976384 217.6709 
  0.9987648 217.6709 
  0.9994355 217.6709 
  0.9965242 217.6709 
  0.9897805 218.7592 
  0.9864648 219.853 
  0.9847172 220.9523 
  0.9894 222.057 
  0.9912625 224.2832 
  0.9888715 225.4046 
  0.9892485 227.6642 
  0.9927434 229.9466 
  0.9879442 233.4131 
  0.9865106 235.753 
  0.9847126 240.5036 
  0.9915706 244.1292 
  0.9930545 246.5766 
  0.9967024 249.0485 
  0.997316 251.5452 
  0.9977396 251.5452 
  0.9856824 252.8029 
  0.9663504 250.2938 
  0.968635 247.8095 
  0.9974722 246.5766 
  0.9983671 244.1292 
  0.999086 241.7061 
  0.9991395 239.307 
  0.9979649 236.9318 
  0.9975798 234.5801 
  0.9967772 232.2518 
  0.9963856 229.9466 
  0.8817211 227.6642 
  0.9005606 225.4046 
  0.9544535 223.1673 
  0.9750895 219.853 
  0.9736731 216.5879 
  0.9825196 213.3714 
  0.9877606 211.2535 
  0.9686572 208.1162 
  0.9673806 204.0054 
  0.9813939 200.9756 
  0.9739389 197.9909 
  0.9636202 195.0505 
  0.8351837 194.0801 
  0.5856547 193.1145 
  0.2404391 197.9909 
  0.3776076 198.9809 
  0.2433704 198.9809 
  0.7478136 197.9909 
  0.8120236 197.9909 
  0.01197436 197.9909 
  0.1532635 197.9909 
  0.1688039 198.9809 
  -0.01493498 200.9756 
  0.1492027 202.9904 
  0.07045197 207.0808 
  0.2339249 212.3098 
  0.08277004 210.2025 
  0.376287 195.0505 
  0.8132288 195.0505 
  0.9662919 196.0257 
  0.9925089 197.9909 
  0.9977137 198.9809 
  0.9967058 199.9758 
  0.9977769 200.9756 
  0.9987401 200.9756 
  0.9967715 200.9756 
  0.9923562 200.9756 
  0.9925073 201.9805 
  0.9938394 202.9904 
  0.9910701 205.0254 
  0.9835647 207.0808 
  0.9887603 208.1162 
  0.9934925 209.1568 
  0.9912699 210.2025 
  0.9867682 209.1568 
  0.9824825 208.1162 
  0.9809096 207.0808 
  0.97976 206.0505 
  0.9824349 204.0054 
  0.9740745 201.9805 
  0.9773896 199.9758 
  0.9731334 198.9809 
  0.9872845 197.0059 
  0.8904362 196.0257 
  0.8871726 194.0801 
  0.9190457 195.0505 
  0.9390141 193.1145 
  0.9671526 192.1537 
  0.9706429 191.1978 
  0.9663021 191.1978 
  0.9110253 192.1537 
  0.9052349 192.1537 
  0.9169107 191.1978 
  0.9658614 191.1978 
  0.97833 191.1978 
  0.9840441 191.1978 
  0.9858212 192.1537 
  0.9851187 193.1145 
  0.9649373 193.1145 
  0.925131 194.0801 
  0.850858 195.0505 
  0.9735906 197.0059 
  0.9917277 197.0059 
  0.9871988 196.0257 
  0.976236 194.0801 
  0.9861711 191.1978 
  0.9962153 189.3 
  0.9860189 188.3582 
  0.9617589 188.3582 
  0.5968509 188.3582 
  0.7174051 185.5609 
  0.8528578 186.4887 
  0.9851007 188.3582 
  0.9931692 188.3582 
  0.9942264 189.3 
  0.9933295 190.2465 
  0.9959322 190.2465 
  0.992694 191.1978 
  0.9931267 192.1537 
  0.9936005 192.1537 
  0.9888647 192.1537 
  0.9824275 192.1537 
  0.9822373 192.1537 
  0.9770973 192.1537 
  0.9662698 192.1537 
  0.9274964 193.1145 
  0.9261993 193.1145 
  0.9266183 192.1537 
  0.9715558 191.1978 
  0.9654092 191.1978 
  0.9685525 191.1978 
  0.9740072 190.2465 
  0.9735482 190.2465 
  0.927586 190.2465 
  0.8456867 188.3582 
  0.7676051 187.4211 
  0.7076896 187.4211 
  0.5032997 188.3582 
  0.4881492 189.3 
  0.783206 190.2465 
  0.7309578 191.1978 
  0.08125132 192.1537 
  -0.143929 193.1145 
  -0.3278561 194.0801 
  0.5348202 198.9809 
  0.5287129 190.2465 
  0.8002016 185.5609 
  0.980635 183.7191 
  0.9922057 182.8051 
  0.9916213 181.8956 
  0.9710878 180.0902 
  0.9709733 177.4156 
  0.9796464 175.6547 
  0.9745154 173.9112 
  0.9796392 173.046 
  0.9842383 171.3284 
  0.9854836 171.3284 
  0.9805655 171.3284 
  0.9815438 170.476 
  0.9516776 168.784 
  0.9450154 167.9442 
  0.9341657 167.9442 
  0.961514 167.9442 
  0.9704846 169.6279 
  0.9951659 171.3284 
  0.9924009 172.185 
  0.979575 173.046 
  0.9480851 174.7808 
  0.9549537 174.7808 
  0.9510456 175.6547 
  0.9756013 176.533 
  0.9830966 176.533 
  0.9907457 176.533 
  0.9899659 177.4156 
  0.9841313 178.3027 
  0.9720144 179.1942 
  0.9609073 181.8956 
  0.9485302 185.5609 
  0.9679934 189.3 
  0.8952885 193.1145 
  0.8062286 197.0059 
  0.6768724 198.9809 
  0.7491895 199.9758 
  0.1694412 201.9805 
  -0.1313512 204.0054 
  -0.109179 206.0505 
  0.1144902 207.0808 
  0.07808717 208.1162 
  0.07873257 209.1568 
  0.05371392 210.2025 
  0.3633703 211.2535 
  0.7478193 212.3098 
  0.4271867 213.3714 
  0.6758761 212.3098 
  0.774438 208.1162 
  0.8924725 201.9805 
  0.9255165 196.0257 
  0.9714062 191.1978 
  0.9668097 189.3 
  0.9885911 187.4211 
  0.9965799 186.4887 
  0.9953805 185.5609 
  0.9934086 184.6377 
  0.9887726 183.7191 
  0.9870136 183.7191 
  0.9748307 183.7191 
  0.9677504 184.6377 
  0.8599891 186.4887 
  0.6971359 187.4211 
  0.5008008 185.5609 
  0.3244187 177.4156 
  0.2221218 167.9442 
  -0.2103351 156.6175 
  -0.3647361 146.0546 
  -0.6748761 136.2042 
  -0.4528288 126.3862 
  0.2674748 117.8622 
  0.7359461 111.5702 
  0.3476217 103.0128 
  0.1550052 92.7692 
  0.3823102 90.93677 
  0.5241215 89.14054 
  0.7090853 87.8167 
  0.9129256 86.94508 
  0.8284596 86.0821 
  0.8523347 85.2277 
  0.9102768 84.80367 
  0.949966 84.80367 
  0.3813823 83.96195 
  0.2480945 91.39146 
  0.3451597 90.48434 
  0.1315008 88.69706 
  0.607897 87.8167 
  0.5139253 86.94508 
  0.1186966 90.48434 
  0.4870302 91.39146 
  0.6767566 92.30766 
  0.7881 91.39146 
  0.816052 91.84841 
  0.8402383 92.30766 
  0.8337242 92.30766 
  0.8768702 92.30766 
  0.9396075 91.84841 
  0.9452308 91.39146 
  0.60654 89.58624 
  0.5347534 86.94508 
  0.376111 86.51251 
  0.2372308 87.8167 
  0.2255167 88.25578 
  0.218668 87.3798 
  0.1798988 86.94508 
  -0.3917928 86.51251 
  -0.1368579 86.51251 
  -0.05106815 86.51251 
  0.2271754 86.94508 
  0.08729007 87.3798 
  0.3579076 87.3798 
  0.047941 87.3798 
  -0.163044 87.3798 
  -0.1571766 87.3798 
  -0.09843512 87.3798 
  0.05789855 87.3798 
  0.08173874 87.3798 
  0.3205752 87.3798 
  0.2090748 87.3798 
  0.1188895 87.3798 
  0.1728555 87.3798 
  0.0002248921 87.3798 
  -0.2164138 87.3798 
  -0.0355804 87.3798 
  -0.002528416 87.3798 
  0.01699511 87.3798 
  0.04302794 87.3798 
  -0.07228246 87.3798 ]
