 [
  0.04291525 140.3417 
  0.08330949 140.3417 
  -0.1225395 140.3417 
  -0.1327601 140.3417 
  -0.2438493 140.3417 
  0.09982198 140.3417 
  0.1026608 140.3417 
  0.3874652 140.3417 
  -0.1769685 140.3417 
  0.02092314 140.3417 
  -0.03959719 140.3417 
  0.02892372 140.3417 
  -0.007971688 140.3417 
  -0.02532884 140.3417 
  0.1697151 140.3417 
  0.1563597 140.3417 
  0.22855 140.3417 
  0.1982034 140.3417 
  0.18635 140.3417 
  0.782207 139.6435 
  0.8289033 136.2042 
  0.922761 137.5696 
  0.8630311 138.2575 
  0.8160207 135.5266 
  0.9099336 135.5266 
  0.9812781 136.2042 
  0.9681409 136.8852 
  0.9205266 138.9488 
  0.9067657 141.7487 
  0.841089 145.328 
  0.8357239 148.9977 
  0.8815526 153.5239 
  0.8680665 157.4006 
  0.9492478 160.5723 
  0.9102255 162.182 
  0.8049299 162.182 
  0.2804265 162.9929 
  -0.007316129 163.8079 
  -0.1648945 164.6269 
  -0.2518354 165.4501 
  -0.2373734 166.2773 
  0.02040335 167.1087 
  -0.1096812 167.9442 
  0.0001513325 168.784 
  0.03421079 169.6279 
  -0.007483326 170.476 
  -0.09316967 171.3284 
  -0.1822447 172.185 
  0.02251852 173.046 
  -0.08789239 173.9112 
  -0.09680152 175.6547 
  0.529511 177.4156 
  0.4986816 178.3027 
  0.5586399 178.3027 
  -0.04151091 176.533 
  -0.1434334 174.7808 
  0.05190527 173.046 
  0.1667572 171.3284 
  -0.04829545 169.6279 
  0.3067295 167.9442 
  0.2524943 166.2773 
  0.7771521 164.6269 
  0.579358 162.9929 
  0.4929261 161.3751 
  0.1819991 159.7734 
  -0.1586674 158.1876 
  -0.1008641 156.6175 
  -0.08426924 155.063 
  0.3816577 153.5239 
  0.0365733 152.0001 
  0.03895656 150.4914 
  0.03792929 148.2564 
  0.008645258 146.0546 
  0.5781974 143.1697 
  0.5083954 134.1814 
  0.7537219 130.2255 
  0.9528594 130.2255 
  0.955373 130.2255 
  0.9511647 130.2255 
  0.9442269 131.531 
  0.9588733 132.1886 
  0.9625399 132.1886 
  0.9772018 132.1886 
  0.9887497 132.8496 
  0.987747 133.5138 
  0.9833418 133.5138 
  0.9841199 134.1814 
  0.9965368 134.8523 
  0.9859431 135.5266 
  0.9735517 135.5266 
  0.9664687 136.8852 
  0.9346845 137.5696 
  0.822988 137.5696 
  0.7640966 136.8852 
  -0.1357113 137.5696 
  0.4503368 138.2575 
  -0.1149688 138.2575 
  -0.1660015 138.9488 
  -0.2747143 139.6435 
  0.1943817 140.3417 
  0.4764665 141.0434 
  0.7616775 141.0434 
  0.9597116 141.0434 
  0.9893445 141.0434 
  0.9878123 140.3417 
  0.9882386 139.6435 
  0.9608418 139.6435 
  0.8740215 140.3417 
  0.8330767 140.3417 
  0.8916533 140.3417 
  0.9588592 140.3417 
  0.9541876 141.7487 
  0.9641748 143.1697 
  0.9549236 145.328 
  0.9604112 147.5188 
  0.9807342 148.9977 
  0.9883338 150.4914 
  0.9899951 152.0001 
  0.9855089 152.0001 
  0.9284435 152.0001 
  0.848893 151.2439 
  0.5511233 146.0546 
  0.5686005 141.0434 
  0.7162769 136.8852 
  0.8668283 134.1814 
  0.9073169 132.1886 
  0.8948166 129.5776 
  0.7999027 126.3862 
  0.7452984 122.6601 
  0.7326432 121.4426 
  0.4656762 120.8384 
  -0.1061136 120.2372 
  -0.2913828 119.639 
  -0.2186753 119.639 
  0.01672316 119.639 
  0.0366567 119.0438 
  0.08052602 118.4515 
  0.2224582 117.8622 
  0.102103 117.8622 
  -0.007476647 117.8622 
  -0.07088271 117.8622 
  -0.06718028 117.8622 
  0.1368366 117.2759 
  0.5340443 119.0438 
  0.8288535 119.0438 
  0.9698454 117.8622 
  0.9914558 117.2759 
  0.9942514 116.1118 
  0.9962182 115.5342 
  0.9971147 115.5342 
  0.9949573 115.5342 
  0.9950381 116.1118 
  0.9898801 117.2759 
  0.9931279 117.8622 
  0.9940615 117.8622 
  0.9891222 118.4515 
  0.9885707 119.0438 
  0.9828378 119.639 
  0.9800283 119.639 
  0.9628439 119.639 
  0.9406465 119.639 
  0.8291004 120.2372 
  0.751423 120.8384 
  0.8066279 121.4426 
  0.6748883 122.0498 
  0.7969576 122.6601 
  0.9213413 122.6601 
  0.9666394 122.0498 
  0.9690697 120.8384 
  0.9685584 119.639 
  0.9792813 118.4515 
  0.9497612 116.6924 
  0.8878238 114.9594 
  0.8642311 113.2521 
  0.840759 112.6886 
  0.9892417 113.2521 
  0.9749682 114.3874 
  0.8032068 116.1118 
  0.6346159 118.4515 
  0.5407232 118.4515 
  0.5085965 116.1118 
  0.484096 111.5702 
  -0.1148822 111.0151 
  0.1656918 114.3874 
  0.1802033 117.8622 
  0.0006786319 121.4426 
  0.05029453 125.1317 
  0.6300646 128.9329 
  0.6070455 132.8496 
  0.8166309 132.8496 
  0.8739982 132.8496 
  0.8568538 132.8496 
  0.8447754 131.531 
  0.9017599 130.8766 
  0.9677035 130.8766 
  0.9747936 132.1886 
  0.947509 132.8496 
  0.8671008 133.5138 
  0.7589623 137.5696 
  0.9692308 141.7487 
  0.9734272 144.605 
  0.9755263 146.7849 
  0.9836808 148.9977 
  0.9880223 150.4914 
  0.9934488 152.0001 
  0.9973147 153.5239 
  0.9989745 154.2915 
  0.9926158 153.5239 
  0.9810715 152.0001 
  0.9327322 149.7427 
  0.8665217 148.2564 
  0.7282813 148.2564 
  0.4935313 148.9977 
  6.072968e-05 149.7427 
  0.07509518 150.4914 
  -0.09107327 151.2439 
  -0.09398829 152.0001 
  -0.1956816 152.7601 
  -0.1515209 153.5239 
  -0.08485451 154.2915 
  0.03717433 154.2915 
  -0.0116688 154.2915 
  -0.1258499 154.2915 
  0.1504941 154.2915 
  0.6651002 155.063 
  0.6879412 150.4914 
  0.7778214 146.7849 
  0.9442508 141.7487 
  0.9669129 138.9488 
  0.9749966 137.5696 
  0.9762049 136.8852 
  0.9593539 136.2042 
  0.9064855 136.2042 
  0.8278087 136.8852 
  0.6643564 137.5696 
  0.4091911 138.2575 
  0.4409426 138.9488 
  0.40242 139.6435 
  -0.05171414 140.3417 
  -0.1067112 141.0434 
  -0.1615531 141.7487 
  -0.1884871 142.4574 
  0.07977431 143.1697 
  0.4513118 143.1697 
  0.7489733 142.4574 
  0.9550613 142.4574 
  0.9521679 143.8855 
  0.9413957 143.1697 
  0.9589733 142.4574 
  0.9738106 142.4574 
  0.963664 143.8855 
  0.9718845 146.0546 
  0.983392 147.5188 
  0.9875471 147.5188 
  0.9705325 146.7849 
  0.9441028 146.0546 
  0.9077227 143.1697 
  0.8525673 141.7487 
  0.4374095 141.0434 
  -0.1638533 140.3417 
  0.129655 139.6435 
  0.06467845 138.9488 
  0.1602558 138.2575 
  0.09595409 137.5696 
  0.1483471 136.8852 
  0.2704167 136.2042 
  0.01191425 135.5266 
  -0.1381953 134.8523 
  -0.02679965 134.1814 
  -0.1161714 133.5138 
  -0.2433907 132.8496 
  -0.2352985 132.1886 
  0.005661631 131.531 
  0.02814478 130.8766 
  0.0980008 130.2255 
  0.43807 129.5776 
  0.6975719 127.6532 
  0.9431176 125.7574 
  0.9262494 123.2734 
  0.9026196 120.2372 
  0.9326847 117.8622 
  0.8492316 116.1118 
  0.7854672 113.8184 
  0.8029512 111.5702 
  0.9823494 109.9132 
  0.9765356 108.8223 
  0.961774 107.7421 
  0.9711409 106.6728 
  0.9724309 106.142 
  0.9782103 105.614 
  0.987839 105.0885 
  0.9890928 104.5657 
  0.9899333 104.5657 
  0.9884455 104.0455 
  0.9851241 103.5278 
  0.9825761 103.0128 
  0.9785377 102.5003 
  0.9370473 101.9903 
  0.3252004 101.9903 
  0.3401342 101.9903 
  0.6086148 107.7421 
  0.6831836 105.614 
  0.8488522 104.5657 
  0.9863067 104.5657 
  0.9838104 104.0455 
  0.9717228 103.5278 
  0.9845078 103.0128 
  0.9661103 102.5003 
  0.9620929 101.4829 
  0.9814172 100.978 
  0.9797653 100.978 
  0.9816998 100.978 
  0.9833933 100.4756 
  0.9455857 100.4756 
  0.8893999 100.4756 
  0.9152723 98.98344 
  0.9285086 98.491 
  0.9310175 98.98344 
  0.9085627 99.47836 
  0.9156671 99.97575 
  0.7988996 99.97575 
  0.5954106 99.47836 
  0.6153312 99.47836 
  0.6139737 99.47836 
  0.6734846 99.47836 
  0.581282 99.47836 
  0.2340059 99.47836 
  -0.05363618 99.47836 
  -0.2102771 99.47836 
  -0.1514534 99.47836 
  -0.1131562 99.47836 
  0.02961907 99.47836 
  0.09604207 99.47836 
  0.06809175 99.47836 
  -0.007467544 99.47836 
  -0.003300354 99.47836 
  0.01477363 99.47836 
  0.02472458 99.47836 
  0.1084312 99.47836 
  0.09697346 99.47836 
  0.0803127 99.47836 
  0.06614053 99.47836 
  0.0005804743 99.47836 
  -0.1025966 99.47836 
  0.05531959 99.47836 
  0.1076756 99.47836 
  0.05185351 99.47836 
  0.03080949 99.47836 
  -0.0649678 99.47836 
  -0.08142275 99.47836 
  0.09947773 99.47836 
  0.0401211 99.47836 
  -0.06252421 99.47836 
  -0.1867743 99.47836 
  0.0709352 99.47836 
  0.1206264 99.47836 
  -0.06148927 99.47836 
  -0.1337954 99.47836 
  -0.2586454 99.47836 
  -0.3331743 99.47836 
  -0.3646294 99.47836 
  -0.4606956 99.47836 
  -0.4032013 99.47836 
  -0.2468564 99.47836 
  -0.07948121 99.47836 
  0.02245005 99.47836 
  0.1355054 99.47836 
  -0.04994859 99.47836 ]
