 [
  -0.1712969 178.3027 
  0.2928422 178.3027 
  0.07173514 178.3027 
  -0.01409977 178.3027 
  0.3704115 178.3027 
  -0.01938524 178.3027 
  -0.12514 178.3027 
  0.1598194 178.3027 
  0.2441459 178.3027 
  0.1159859 178.3027 
  0.2454231 178.3027 
  -0.6774681 178.3027 
  0.8221865 178.3027 
  0.9399795 179.1942 
  0.9703787 181.8956 
  0.9782903 185.5609 
  0.9902089 189.3 
  0.9964319 191.1978 
  0.9941797 193.1145 
  0.9715912 193.1145 
  0.9455326 193.1145 
  0.7982575 189.3 
  0.8351259 187.4211 
  0.9195551 187.4211 
  0.9476437 192.1537 
  0.9408734 196.0257 
  0.973408 198.9809 
  0.9988565 201.9805 
  0.9924535 200.9756 
  0.9824334 197.9909 
  0.9662447 193.1145 
  0.956297 186.4887 
  0.9349763 180.9906 
  0.8449523 174.7808 
  0.8278649 167.1087 
  0.8414545 161.3751 
  0.6245235 158.9785 
  0.3120293 158.1876 
  0.2810236 158.9785 
  0.06270264 161.3751 
  0.0822482 163.8079 
  0.2017518 166.2773 
  0.01050033 168.784 
  0.2641757 170.476 
  0.2039842 172.185 
  -0.0343533 174.7808 
  -0.1111521 177.4156 
  0.004235773 180.0902 
  -0.1083024 182.8051 
  0.1397653 185.5609 
  0.2791393 188.3582 
  -0.1590159 191.1978 
  0.005058683 194.0801 
  0.3006982 197.0059 
  0.8949553 198.9809 
  0.9409873 201.9805 
  0.9820099 202.9904 
  0.997519 204.0054 
  0.9898812 204.0054 
  0.9450052 202.9904 
  0.8935643 200.9756 
  0.9177545 205.0254 
  0.9103675 202.9904 
  0.8348186 197.0059 
  0.8242352 190.2465 
  0.8457411 180.0902 
  0.7929094 169.6279 
  0.8003135 162.182 
  0.853961 156.6175 
  0.9105514 151.2439 
  0.9142295 148.9977 
  0.5297211 146.7849 
  0.316866 146.0546 
  -0.0207133 145.328 
  -0.03722824 145.328 
  0.003760229 145.328 
  0.2000737 145.328 
  0.2043025 145.328 
  0.1184647 145.328 
  0.2647108 145.328 
  0.1191787 145.328 
  0.1874264 145.328 
  0.01722148 145.328 
  0.7551563 145.328 
  0.9032178 145.328 
  0.9589868 145.328 
  0.9807028 145.328 
  0.7162319 147.5188 
  0.8482054 149.7427 
  0.9102577 149.7427 
  0.9188064 151.2439 
  0.7984058 155.8383 
  0.7836952 160.5723 
  0.8030077 167.9442 
  0.8043479 173.046 
  0.8471067 179.1942 
  0.9530519 185.5609 
  0.9933407 187.4211 
  0.9762094 186.4887 
  0.9313473 182.8051 
  0.9138527 178.3027 
  0.919504 172.185 
  0.8332006 168.784 
  0.6147871 168.784 
  0.8723675 168.784 
  0.9439024 167.1087 
  0.9549143 164.6269 
  0.9617742 162.9929 
  0.8814381 158.1876 
  0.8370281 154.2915 
  0.8962058 148.2564 
  0.9067972 144.605 
  0.9840456 141.7487 
  0.993027 141.0434 
  0.995275 141.7487 
  0.9777495 140.3417 
  0.9669803 138.2575 
  0.95863 135.5266 
  0.9343008 133.5138 
  0.9565067 130.2255 
  0.9850399 128.2915 
  0.9967207 127.6532 
  0.9897351 127.6532 
  0.977708 128.2915 
  0.957876 130.2255 
  0.8487204 131.531 
  0.8092577 134.1814 
  0.3772117 135.5266 
  -0.01144624 136.8852 
  0.3302875 138.2575 
  0.03582652 141.0434 
  0.1418078 146.0546 
  0.06530595 149.7427 
  0.0382387 152.7601 
  0.06326124 155.8383 
  0.1144459 158.1876 
  0.07131528 160.5723 
  -0.1063865 162.9929 
  -0.007208227 164.6269 
  0.7563882 167.1087 
  0.900064 165.4501 
  0.9978427 164.6269 
  0.9977632 165.4501 
  0.970845 166.2773 
  0.9397413 167.1087 
  0.8821015 166.2773 
  0.5412552 165.4501 
  0.07022992 164.6269 
  0.004735691 163.8079 
  -0.0199235 162.9929 
  0.02202483 161.3751 
  -0.05271615 160.5723 
  -0.08941235 159.7734 
  -0.1304428 159.7734 
  -0.02242314 159.7734 
  0.7483075 156.6175 
  0.8067856 153.5239 
  0.8270751 148.9977 
  0.7723535 144.605 
  0.6220765 140.3417 
  0.3624238 138.9488 
  0.0788127 138.9488 
  0.09343278 139.6435 
  0.1347078 141.0434 
  0.3116939 142.4574 
  0.05200998 143.1697 
  0.1355248 143.1697 
  0.08653054 143.8855 
  0.01461859 144.605 
  -0.1153699 146.0546 
  -0.1529005 147.5188 
  0.5999578 148.9977 
  0.02809376 150.4914 
  0.09056669 152.0001 
  0.07486691 154.2915 
  -0.3130623 156.6175 
  0.8021026 160.5723 
  0.8845229 162.182 
  0.989467 162.9929 
  0.9899633 162.182 
  0.9928808 162.182 
  0.9953917 161.3751 
  0.992968 161.3751 
  0.9829754 161.3751 
  0.9265715 161.3751 
  0.8460816 159.7734 
  0.6539028 158.1876 
  0.3546021 156.6175 
  0.1469031 155.063 
  0.03778155 153.5239 
  -0.02343638 152.0001 
  0.06034969 150.4914 
  -0.1872916 148.9977 
  -0.290411 147.5188 
  -0.00379096 146.0546 
  0.02824045 144.605 
  -0.1016416 143.1697 
  0.501482 141.7487 
  0.4823062 143.1697 
  0.6977181 141.0434 
  0.8683575 140.3417 
  0.9836333 140.3417 
  0.9682109 138.9488 
  0.982958 138.9488 
  0.9821711 138.9488 
  0.988861 138.9488 
  0.9928584 138.9488 
  0.9903669 138.9488 
  0.9922429 138.2575 
  0.9902 138.9488 
  0.9722452 139.6435 
  0.9768783 141.0434 
  0.977282 142.4574 
  0.9810143 143.8855 
  0.9793789 145.328 
  0.9584219 146.0546 
  0.8753078 146.7849 
  0.7964103 146.0546 
  0.6948979 148.2564 
  0.8047328 147.5188 
  0.6572199 147.5188 
  0.1778258 147.5188 
  -0.06496007 147.5188 
  -0.02530392 147.5188 
  -0.06402374 148.2564 
  -0.1179405 148.9977 
  0.01930375 149.7427 
  0.06485681 150.4914 
  0.5884835 151.2439 
  0.816368 149.7427 
  0.7934642 145.328 
  0.9046547 143.1697 
  0.9464247 141.0434 
  0.9303818 138.9488 
  0.9493895 136.8852 
  0.9748031 135.5266 
  0.9829881 134.8523 
  0.9858516 134.8523 
  0.9355353 134.8523 
  0.7452197 134.1814 
  0.4361331 135.5266 
  0.3690801 135.5266 
  0.2775173 135.5266 
  -0.03253589 134.8523 
  0.1342214 134.1814 
  0.0366779 134.1814 
  0.008251163 133.5138 
  -0.09908503 132.8496 
  0.04556375 132.1886 
  0.1111075 131.531 
  -0.03595546 130.8766 
  0.09266121 130.8766 
  0.2946345 130.2255 
  0.4517365 128.2915 
  0.135456 129.5776 
  0.4142708 132.8496 
  0.6631631 133.5138 
  0.90143 132.1886 
  0.9182367 130.8766 
  0.9603297 128.9329 
  0.9539496 128.2915 
  0.8787917 128.9329 
  0.8102177 130.2255 
  0.5207952 130.8766 
  0.6749642 131.531 
  0.4531261 131.531 
  0.2932798 131.531 
  0.2226853 131.531 
  0.001043666 131.531 
  -0.04155393 131.531 
  -0.02975325 131.531 
  -0.01071314 131.531 
  0.1947926 131.531 
  0.1600804 131.531 
  0.1165123 131.531 
  0.04863483 131.531 
  0.1158967 131.531 
  -0.06706066 131.531 
  0.0244119 131.531 
  0.1238071 131.531 
  0.05334758 131.531 
  -0.05297943 131.531 
  0.07505934 131.531 
  -0.1438287 131.531 
  -0.03040348 131.531 
  0.08112317 131.531 ]
