 [
  -0.2048447 141.7487 
  -0.04225206 141.7487 
  -0.1983033 141.7487 
  -0.03434176 141.7487 
  -0.2383699 141.7487 
  -0.03524642 141.7487 
  0.09409413 141.7487 
  0.0006611533 141.7487 
  0.116649 141.7487 
  0.2012761 141.7487 
  0.3759849 141.7487 
  0.3822111 141.7487 
  0.1896897 141.7487 
  -0.02244616 141.7487 
  -0.0183332 141.7487 
  0.266185 141.7487 
  -0.07532954 141.7487 
  0.1685965 141.7487 
  -0.1796201 141.7487 
  0.3221143 141.7487 
  0.02974868 142.4574 
  0.3903803 143.1697 
  0.8387383 147.5188 
  0.8675209 148.9977 
  0.8657342 150.4914 
  0.8244023 152.7601 
  0.7566097 151.2439 
  0.8671793 147.5188 
  0.8992574 146.7849 
  0.8666216 149.7427 
  0.6365385 151.2439 
  0.2442605 153.5239 
  0.1826578 156.6175 
  0.1532452 159.7734 
  0.00380799 163.8079 
  0.08521521 168.784 
  -0.006240484 173.9112 
  0.05650749 178.3027 
  0.2335211 182.8051 
  0.1858616 185.5609 
  0.1534205 187.4211 
  0.0394542 191.1978 
  -0.008140706 198.9809 
  0.7852644 209.1568 
  0.8395383 197.0059 
  0.9090011 197.9909 
  0.9209906 199.9758 
  0.9648854 204.0054 
  0.9690726 207.0808 
  0.9686012 210.2025 
  0.9819399 213.3714 
  0.9909571 214.4382 
  0.9934595 213.3714 
  0.9714244 212.3098 
  0.9315974 208.1162 
  0.9329447 201.9805 
  0.8524414 199.9758 
  0.1285294 197.9909 
  0.1647817 196.0257 
  0.08772798 194.0801 
  0.02854897 192.1537 
  -0.01067659 190.2465 
  -0.05767462 188.3582 
  -0.00991215 186.4887 
  -0.01149141 184.6377 
  0.04833035 182.8051 
  0.3491123 180.9906 
  0.3899179 178.3027 
  0.6251944 175.6547 
  0.7329679 173.046 
  0.7702827 170.476 
  0.8357185 168.784 
  0.6504169 167.9442 
  0.5976043 167.1087 
  0.01744196 166.2773 
  0.01958548 165.4501 
  0.007269518 164.6269 
  0.01929429 163.8079 
  0.127909 162.9929 
  0.5051597 162.182 
  0.6888857 160.5723 
  0.8725336 157.4006 
  0.8744336 155.063 
  0.8535109 152.0001 
  0.8871723 148.2564 
  0.9446231 145.328 
  0.9469921 142.4574 
  0.9161594 141.7487 
  0.9115105 141.7487 
  0.9530401 141.7487 
  0.9328242 143.1697 
  0.9676775 144.605 
  0.9754948 144.605 
  0.9701118 143.8855 
  0.9822199 143.8855 
  0.9884136 143.8855 
  0.9919208 143.8855 
  0.9928566 143.8855 
  0.994598 143.1697 
  0.9962924 143.1697 
  0.9959497 143.1697 
  0.9770485 143.1697 
  0.9397065 141.7487 
  0.9185256 139.6435 
  0.9023029 137.5696 
  0.9514319 136.2042 
  0.975191 136.8852 
  0.98127 138.2575 
  0.9669461 138.9488 
  0.8739709 138.2575 
  0.7894688 137.5696 
  0.9811072 138.9488 
  0.7701265 141.0434 
  0.796918 142.4574 
  0.8855922 141.0434 
  0.9634632 140.3417 
  0.9939992 139.6435 
  0.9980451 139.6435 
  0.9969472 139.6435 
  0.983058 139.6435 
  0.9160553 138.9488 
  0.8397288 136.2042 
  0.8546838 132.8496 
  0.9415831 133.5138 
  0.9516209 135.5266 
  0.9655365 138.2575 
  0.9751892 138.2575 
  0.9777175 136.8852 
  0.9708242 135.5266 
  0.9726022 132.8496 
  0.9743137 130.8766 
  0.9588125 128.9329 
  0.9073354 128.2915 
  0.6670136 129.5776 
  0.288543 132.1886 
  0.2863548 134.8523 
  0.3184471 137.5696 
  0.1723426 140.3417 
  0.4258192 143.1697 
  0.4448006 146.0546 
  -0.1789447 148.9977 
  0.03396503 152.0001 
  -0.1250871 155.8383 
  -0.03423288 158.9785 
  -0.176051 162.182 
  0.04893484 164.6269 
  -0.04317194 166.2773 
  0.04617284 167.9442 
  -0.04753844 169.6279 
  0.7156783 168.784 
  0.8343005 167.1087 
  0.9849826 164.6269 
  0.9657812 162.9929 
  0.9243579 161.3751 
  0.8390425 160.5723 
  0.9252282 159.7734 
  0.9492846 157.4006 
  0.9822695 156.6175 
  0.9411874 153.5239 
  0.8813268 151.2439 
  0.8466653 148.2564 
  0.4752904 146.7849 
  0.3552977 147.5188 
  0.1310744 148.2564 
  0.05258003 149.7427 
  0.1487887 150.4914 
  0.03761284 152.0001 
  -0.2527432 153.5239 
  -0.02389416 155.063 
  0.04641573 155.8383 
  0.03974722 157.4006 
  0.4565899 158.9785 
  0.4748581 148.9977 
  0.6943413 144.605 
  0.9476363 141.7487 
  0.9371722 138.2575 
  0.9002221 135.5266 
  0.8008834 133.5138 
  0.06060233 132.1886 
  0.2008128 131.531 
  0.1903874 130.8766 
  0.08501411 130.2255 
  0.06405625 129.5776 
  -0.052335 129.5776 
  0.04581782 128.9329 
  0.07970331 128.9329 
  0.1372583 128.9329 
  0.06536689 129.5776 
  0.1597921 130.2255 
  0.1616732 130.8766 
  0.0432574 132.1886 
  -0.07782641 133.5138 
  -0.005100306 134.8523 
  0.761036 136.2042 
  0.3348838 130.2255 
  0.566332 127.0181 
  0.9189374 127.0181 
  0.9563918 127.0181 
  0.9764692 127.0181 
  0.9061111 125.7574 
  0.9308094 125.1317 
  0.9113379 125.1317 
  0.9468209 126.3862 
  0.9206094 125.7574 
  0.8362938 123.8897 
  0.8420406 121.4426 
  0.8618176 119.0438 
  0.7614748 116.1118 
  0.8627951 113.8184 
  0.8753806 113.2521 
  0.8927906 113.8184 
  0.7560754 113.2521 
  0.2534285 113.2521 
  0.01952933 111.5702 
  0.08640014 110.4628 
  0.1987794 109.9132 
  0.2680209 109.3664 
  0.3427961 108.8223 
  0.2935284 108.8223 
  -0.07683612 109.3664 
  -0.4371464 109.9132 
  -0.4804092 111.0151 
  0.3452723 111.5702 
  0.1211039 112.128 
  0.1694349 112.6886 
  0.229902 113.2521 
  -0.02932951 113.8184 
  0.745298 114.3874 
  0.3855274 114.9594 
  0.4276811 114.9594 
  -0.04169355 114.9594 
  -0.1956005 114.9594 
  -0.1704432 114.9594 
  -0.09714408 114.9594 
  -0.08600437 114.9594 
  -0.2204128 114.9594 
  -0.114586 114.9594 
  0.03620671 114.9594 
  0.1866334 114.9594 
  0.148623 114.9594 
  0.0770186 114.9594 
  -0.08359976 114.9594 
  -0.1088686 114.9594 
  0.01535986 114.9594 
  0.1557162 114.9594 
  -0.06107225 114.9594 
  -0.05263488 114.9594 
  -0.02126493 114.9594 
  0.2611916 114.9594 
  0.144467 114.9594 
  -0.05716742 114.9594 
  -0.02843898 114.9594 
  0.2137422 114.9594 
  0.1826087 114.9594 
  -0.2032495 114.9594 ]
