 [
  -0.04789555 142.4574 
  0.1389165 142.4574 
  -0.1865335 142.4574 
  0.01098773 142.4574 
  -0.2954082 142.4574 
  0.1759561 142.4574 
  0.02615966 142.4574 
  -0.1412439 142.4574 
  0.1106457 142.4574 
  -0.04322949 142.4574 
  0.01995754 142.4574 
  0.7867946 142.4574 
  0.02284995 142.4574 
  0.7403007 142.4574 
  0.848694 142.4574 
  0.9175973 142.4574 
  0.840193 143.1697 
  0.9102019 143.1697 
  0.9615863 143.8855 
  0.9594921 146.0546 
  0.920927 148.9977 
  0.8898295 152.7601 
  0.9138075 158.1876 
  0.9362472 163.8079 
  0.9488053 168.784 
  0.9715363 172.185 
  0.9788026 173.046 
  0.9639376 172.185 
  0.9412857 169.6279 
  0.9295758 167.1087 
  0.9103682 165.4501 
  0.8348946 163.8079 
  0.7351132 162.9929 
  0.5984913 162.182 
  0.8578862 161.3751 
  0.9138033 159.7734 
  0.9284238 157.4006 
  0.9057872 155.063 
  0.8561872 150.4914 
  0.8613445 146.0546 
  0.8357335 143.1697 
  0.4448349 144.605 
  0.2930292 146.7849 
  0.3708922 149.7427 
  0.7633867 152.7601 
  0.8836169 151.2439 
  0.8648798 151.2439 
  0.8983949 150.4914 
  0.9618869 148.9977 
  0.9654858 148.2564 
  0.9374034 146.7849 
  0.9431866 145.328 
  0.9775761 142.4574 
  0.9732848 141.0434 
  0.9907147 140.3417 
  0.9932501 139.6435 
  0.9929746 138.9488 
  0.9906942 138.2575 
  0.9436364 137.5696 
  0.8714405 136.2042 
  0.8372191 134.1814 
  0.6089607 130.8766 
  0.3892819 128.9329 
  0.9441631 127.6532 
  0.9121184 126.3862 
  0.8376512 125.7574 
  0.4156736 125.1317 
  0.3056453 123.8897 
  0.6482114 124.5092 
  0.9400164 125.1317 
  0.9777668 125.1317 
  0.9661795 125.1317 
  0.8823256 124.5092 
  0.8069977 123.2734 
  0.6343247 123.8897 
  0.923824 124.5092 
  0.9503793 125.1317 
  0.8324056 125.7574 
  0.4279157 126.3862 
  0.2749758 127.0181 
  0.2577558 127.6532 
  0.3787543 128.2915 
  0.1483201 128.2915 
  0.1553071 128.2915 
  0.0581188 128.9329 
  -0.1045961 129.5776 
  0.0001737338 129.5776 
  0.1770859 129.5776 
  0.1808775 130.2255 
  0.2482577 130.8766 
  0.2267585 130.8766 
  0.3634728 130.8766 
  0.3900174 130.8766 
  0.7399352 130.8766 
  0.9168639 130.8766 
  0.9685965 130.8766 
  0.8531284 131.531 
  0.906626 131.531 
  0.9273723 130.8766 
  0.9849904 130.8766 
  0.9898518 132.1886 
  0.990249 132.8496 
  0.9891135 133.5138 
  0.986643 134.1814 
  0.9898764 134.8523 
  0.9966981 135.5266 
  0.997582 135.5266 
  0.9952124 135.5266 
  0.9892504 134.8523 
  0.9842032 133.5138 
  0.9938595 132.8496 
  0.99352 132.8496 
  0.9944347 132.8496 
  0.9845834 132.1886 
  0.9846264 131.531 
  0.9881527 130.8766 
  0.9782264 130.2255 
  0.9606327 129.5776 
  0.8933188 128.9329 
  0.7878693 128.2915 
  0.4164844 128.2915 
  0.08286914 128.9329 
  -0.3655602 129.5776 
  0.1103437 130.8766 
  0.1457534 132.1886 
  0.04561181 133.5138 
  0.1808726 134.1814 
  0.07827494 135.5266 
  -0.1288732 136.8852 
  0.1020007 138.2575 
  0.0637601 138.9488 
  0.2523242 139.6435 
  0.7145737 137.5696 
  0.9486466 136.2042 
  0.9588429 134.8523 
  0.9178423 132.1886 
  0.881613 129.5776 
  0.8184978 127.0181 
  0.5574734 126.3862 
  0.3120464 125.7574 
  -0.005097015 125.1317 
  0.5602996 124.5092 
  0.5904284 123.8897 
  0.8532258 122.6601 
  0.9505088 121.4426 
  0.9459842 120.8384 
  0.9356471 119.0438 
  0.9660308 117.2759 
  0.9656857 116.6924 
  0.987325 117.2759 
  0.969727 117.8622 
  0.9192723 117.8622 
  0.8919371 117.2759 
  0.910407 117.2759 
  0.9314475 116.6924 
  0.9615005 116.6924 
  0.9602039 116.6924 
  0.9891555 117.2759 
  0.9756808 117.2759 
  0.9393176 116.6924 
  0.9122745 116.1118 
  0.8347993 116.6924 
  0.8618386 117.8622 
  0.8452924 118.4515 
  0.7812483 117.8622 
  0.2888845 117.8622 
  0.5912072 118.4515 
  0.9161987 119.0438 
  0.6038048 119.639 
  0.1519387 120.2372 
  0.01512301 120.8384 
  0.02571761 121.4426 
  0.188316 122.0498 
  0.05756382 122.6601 
  0.1417927 123.2734 
  -0.234332 123.8897 
  0.6693897 124.5092 
  0.9281808 124.5092 
  0.9758035 124.5092 
  0.9641151 123.8897 
  0.9545605 123.2734 
  0.9691606 123.2734 
  0.9696573 122.6601 
  0.960843 121.4426 
  0.9652947 120.8384 
  0.9042854 119.639 
  0.8323487 118.4515 
  0.6766648 119.0438 
  0.9486368 120.8384 
  0.8152055 122.6601 
  0.4484544 125.7574 
  -0.09238216 130.8766 
  -0.5161684 136.8852 
  -0.6421869 143.8855 
  -0.5173997 151.2439 
  -0.1856883 158.9785 
  0.7666145 167.1087 
  0.5686784 172.185 
  0.4574827 175.6547 
  0.596182 181.8956 
  0.5880843 185.5609 
  0.5474319 189.3 
  0.584723 192.1537 
  0.6409815 192.1537 
  0.8682725 192.1537 
  0.09410484 191.1978 
  -0.06790202 191.1978 
  -0.1680655 191.1978 
  -0.3797824 191.1978 
  -0.4040169 191.1978 
  -0.003186419 191.1978 
  0.3096207 191.1978 
  0.361039 191.1978 
  -0.002411736 191.1978 
  0.1518124 191.1978 
  0.2482102 191.1978 
  -0.2141061 191.1978 
  0.2011019 191.1978 
  0.3770916 191.1978 ]
