 [
  -0.07724378 106.142 
  0.1521863 106.142 
  -0.05545965 106.142 
  -0.1254322 106.142 
  -0.02150099 106.142 
  0.103343 106.142 
  0.1579681 106.142 
  0.1684629 106.142 
  0.1689866 106.142 
  0.3109951 106.142 
  0.422781 106.142 
  -0.2262291 106.142 
  0.259333 106.142 
  0.2752922 106.142 
  0.4132781 106.142 
  -0.3010608 106.142 
  -0.04913883 106.142 
  0.1147063 106.142 
  0.1423292 105.614 
  0.2546057 105.0885 
  0.2752963 106.142 
  0.1931307 106.142 
  0.469532 98.00098 
  0.6688973 87.3798 
  0.6702303 87.3798 
  0.691146 98.00098 
  0.8978086 96.54556 
  0.7369021 97.02828 
  0.932591 98.491 
  0.912033 99.47836 
  0.9038184 99.97575 
  0.8762743 101.4829 
  0.8750519 102.5003 
  0.8851199 103.5278 
  0.8637913 104.5657 
  0.8676488 106.142 
  0.9029022 107.2061 
  0.9518537 108.8223 
  0.9544154 109.9132 
  0.9724702 109.9132 
  0.9736761 109.9132 
  0.9932864 109.9132 
  0.9965577 109.9132 
  0.9949855 109.9132 
  0.9890578 110.4628 
  0.9753143 110.4628 
  0.9549281 111.0151 
  0.9336413 112.128 
  0.9009664 112.6886 
  0.842614 113.8184 
  0.5155256 113.8184 
  -0.04703093 113.2521 
  -0.06058799 112.6886 
  0.1922677 112.128 
  0.005744234 112.128 
  -0.07661481 112.128 
  0.08468406 112.128 
  0.03540599 112.128 
  0.01869741 112.128 
  0.3104055 112.128 
  0.3401502 112.128 
  0.4999492 106.6728 
  0.7578585 109.3664 
  0.9307807 110.4628 
  0.9276314 111.0151 
  0.9231505 112.6886 
  0.9540297 113.2521 
  0.9770429 113.8184 
  0.9804201 113.8184 
  0.9877037 114.3874 
  0.9594314 115.5342 
  0.9367773 116.1118 
  0.962773 117.2759 
  0.9681718 117.8622 
  0.9715659 117.8622 
  0.9853982 117.2759 
  0.9838731 116.6924 
  0.9180421 114.9594 
  0.7896448 111.5702 
  0.5100685 107.2061 
  -0.0393724 104.0455 
  -0.2282492 100.978 
  0.1105638 98.491 
  0.1786549 96.54556 
  0.1175598 94.63854 
  -0.009186708 92.7692 
  0.03696665 90.93677 
  0.04402253 89.14054 
  0.2218896 87.3798 
  0.3410138 85.65383 
  0.3740883 84.38177 
  -0.01000798 83.12859 
  -0.156856 81.4866 
  -0.09764671 79.87703 
  0.01048512 78.29926 
  0.08639598 76.75266 
  0.2046872 75.61279 
  -0.03368873 74.48985 
  0.390495 73.01849 
  0.2196508 73.01849 
  0.1707551 74.11925 
  0.6168326 74.48985 
  0.2848784 77.13642 
  0.7774634 80.6778 
  0.9839602 81.08118 
  0.9954674 80.6778 
  0.9953862 80.6778 
  0.9749913 80.27641 
  0.9660465 79.87703 
  0.9639778 79.47963 
  0.9050089 77.90971 
  0.7737026 77.13642 
  -0.005834457 77.90971 
  -0.1031856 78.69076 
  -0.1123555 79.47963 
  -0.06158564 80.27641 
  0.1128833 81.08118 
  0.1571407 81.89403 
  0.4025117 82.71502 
  0.1205274 83.12859 
  -0.2460836 83.54424 
  -0.06363862 84.38177 
  0.01768794 85.2277 
  0.02057347 86.0821 
  0.5965731 86.94508 
  0.463465 87.8167 
  0.5073695 90.03418 
  0.4135127 91.84841 
  0.3755916 89.58624 
  0.8397161 89.14054 
  0.7965338 87.8167 
  0.7599027 86.51251 
  0.9878158 84.38177 
  0.9544089 83.12859 
  0.4678186 79.87703 
  0.4854479 75.99085 
  0.1751424 75.99085 
  -0.5981619 77.5221 
  -0.4180403 78.29926 
  -0.04578926 79.08421 
  0.165776 80.27641 
  0.07180975 81.08118 
  0.07703055 81.89403 
  -0.0007755116 82.71502 
  0.03894555 83.54424 
  0.008118954 84.38177 
  0.278614 85.2277 
  0.2891884 86.0821 
  -0.2554679 86.94508 
  -0.4441243 87.8167 
  -0.1556918 88.69706 
  -0.09517076 89.58624 
  -0.2021729 90.48434 
  -0.2984658 91.84841 
  0.2859191 91.84841 
  0.7069958 89.14054 
  0.714312 90.48434 
  0.965022 92.30766 
  0.9820917 92.7692 
  0.5034769 91.84841 
  0.4605201 92.30766 
  0.3088753 93.6992 
  0.9346845 94.1677 
  0.925056 95.11173 
  0.8653525 94.63854 
  0.6563152 93.6992 
  0.2628942 93.23304 
  0.09949674 93.23304 
  0.09681674 93.23304 
  0.2060163 93.23304 
  0.3948494 93.6992 
  0.4725481 94.1677 
  0.5564444 94.63854 
  0.5231767 95.5873 
  0.7325553 97.02828 
  0.252844 98.491 
  -0.248147 99.97575 
  -0.1305089 100.978 
  -0.07638 101.9903 
  -0.02991236 103.5278 
  0.08830757 105.0885 
  0.1760504 105.614 
  0.2082151 105.614 
  0.1767251 106.142 
  -0.05836679 107.2061 
  -0.002578164 109.3664 
  -0.0924463 111.5702 
  0.1665283 113.2521 
  0.3045164 115.5342 
  0.6886219 117.2759 
  0.8409841 116.6924 
  0.7673367 114.9594 
  0.710898 112.128 
  -0.1815085 107.7421 
  0.004194557 103.0128 
  0.2684821 98.491 
  0.3534768 94.1677 
  0.3385939 90.03418 
  -0.1470904 86.0821 
  -0.01734212 82.3035 
  0.06324316 79.08421 
  0.1158857 75.61279 
  0.5816942 73.7505 
  0.5808525 73.38358 
  0.4966539 72.29374 
  0.2804994 79.47963 
  0.9141816 78.69076 
  0.9437255 77.90971 
  0.9262233 77.90971 
  0.8726959 75.99085 
  0.6895623 74.86229 
  0.03512406 75.2366 
  -0.2258722 75.99085 
  -0.1632038 75.99085 
  -0.09350713 75.99085 
  -0.058568 75.99085 
  0.05101493 75.99085 
  0.07935496 76.3708 
  -0.02920195 76.3708 
  -0.01170808 76.3708 
  0.009696323 75.99085 
  0.0562281 75.61279 
  -0.05065599 75.2366 
  0.1226661 74.86229 
  0.0367001 74.48985 
  -0.07285561 74.11925 
  0.1784789 73.7505 
  0.1327794 73.01849 
  0.03640956 72.29374 
  -0.02791169 71.57619 
  0.4442963 70.16238 
  0.8028071 70.16238 
  0.7666829 70.51319 
  0.7135703 72.6552 
  -0.02371735 73.7505 
  -0.09660829 74.86229 
  0.0003170925 75.99085 
  -0.06444517 77.5221 
  0.06198012 79.08421 
  0.02527922 80.27641 
  0.2548743 81.4866 
  0.4511214 83.96195 
  0.6951015 86.51251 
  0.8156582 88.25578 
  0.8680066 87.8167 
  0.8143877 86.51251 
  0.7413242 85.65383 
  0.8565958 84.38177 
  0.9501835 83.12859 
  0.63968 82.71502 
  0.7584938 78.69076 
  0.1136591 77.13642 
  -0.2303483 75.99085 
  -0.3400023 75.2366 
  -0.1301047 74.48985 
  -0.0006484333 73.7505 
  0.005468706 73.01849 
  0.06820348 72.29374 
  -0.1144203 71.57619 
  -0.1035478 70.51319 
  0.00353328 69.81332 
  0.01803384 69.12038 
  0.02205399 68.43433 
  -0.03491134 67.41799 
  -0.09887934 66.41676 
  0.03944713 65.43038 
  0.4786021 64.45866 
  0.1900603 63.50137 
  0.1366397 62.5583 
  0.1889834 61.93738 
  0.593267 61.01753 
  0.4695381 61.32262 
  0.0001748884 63.81888 
  0.1868958 66.08632 
  0.3112499 67.41799 
  0.7664772 67.08258 
  0.5902886 67.08258 
  0.2635819 66.74884 
  0.03228698 66.74884 
  -0.06193408 67.08258 
  -0.1287037 67.41799 
  -0.1635781 67.41799 
  -0.02755107 67.41799 
  0.1423179 67.41799 
  0.1739631 67.41799 
  -0.02516825 67.41799 
  0.04540146 67.41799 
  0.1568022 67.41799 
  -0.05928681 67.41799 
  -0.1004557 67.08258 
  0.01628981 67.08258 
  -0.01379278 67.08258 
  0.2802181 66.74884 
  0.1117049 66.74884 
  0.03245008 66.74884 
  0.0839478 66.41676 
  0.1010135 66.08632 
  0.02046217 66.08632 
  0.07379153 66.08632 
  0.1860849 66.08632 
  0.160709 66.08632 
  0.2972117 66.08632 
  0.1961356 66.08632 
  -0.05777378 66.08632 
  -0.1627632 66.08632 
  0.02459563 66.08632 
  -0.02825807 66.08632 
  -0.08281654 66.08632 
  0.04808498 66.08632 
  0.03340361 66.08632 
  -0.01028308 66.08632 
  0.2353571 66.08632 
  0.1481814 66.08632 
  -0.2661864 66.08632 
  -0.5645523 66.08632 ]
