 [
  0.1176706 139.6435 
  0.1977865 139.6435 
  0.05524429 139.6435 
  -0.05520877 139.6435 
  -0.1931045 139.6435 
  -0.03282361 139.6435 
  -0.03758837 139.6435 
  0.122429 139.6435 
  0.4450719 139.6435 
  0.64862 139.6435 
  0.6660109 139.6435 
  0.6916648 139.6435 
  0.2168308 139.6435 
  0.6047055 139.6435 
  0.7282508 138.2575 
  0.8054594 139.6435 
  0.8059251 137.5696 
  0.6376758 136.8852 
  0.6973848 132.8496 
  0.3042748 129.5776 
  -0.1041695 132.1886 
  -0.09127018 135.5266 
  -0.1206487 138.9488 
  0.0262959 142.4574 
  0.0005073119 146.0546 
  -0.09614976 149.7427 
  -0.06521774 153.5239 
  -0.08971907 157.4006 
  0.06504552 161.3751 
  0.08389364 165.4501 
  -0.2254333 169.6279 
  -0.2113539 173.9112 
  -0.2531661 178.3027 
  0.6291434 181.8956 
  0.8076394 184.6377 
  0.8508815 190.2465 
  0.8918554 192.1537 
  0.9535538 195.0505 
  0.9713966 197.9909 
  0.9772 198.9809 
  0.8899859 198.9809 
  0.7637437 197.9909 
  -0.249011 197.9909 
  0.6402435 197.9909 
  -0.0004558163 197.9909 
  0.07662089 197.0059 
  -0.1489082 196.0257 
  0.1511496 195.0505 
  0.00984749 194.0801 
  0.1288666 193.1145 
  0.03692157 192.1537 
  0.02978541 192.1537 
  0.2425093 191.1978 
  0.4150492 190.2465 
  -0.02901116 189.3 
  -0.1066736 188.3582 
  -0.1504979 187.4211 
  -0.004308268 186.4887 
  0.7379506 186.4887 
  0.5141098 173.9112 
  0.6425831 168.784 
  0.819432 164.6269 
  0.9020235 159.7734 
  0.9015753 155.8383 
  0.9129409 152.7601 
  0.8848731 148.9977 
  0.8918352 146.0546 
  0.9137882 143.1697 
  0.9355521 140.3417 
  0.9560094 138.2575 
  0.9598907 136.2042 
  0.9567412 134.8523 
  0.9245653 132.8496 
  0.8807707 130.8766 
  0.8741906 128.2915 
  0.829451 127.6532 
  0.8114546 128.2915 
  0.05701234 128.2915 
  0.7318717 128.2915 
  0.2890206 128.9329 
  -0.04340651 128.9329 
  -0.1636938 129.5776 
  -0.4269684 130.2255 
  -0.4268468 130.8766 
  -0.367385 131.531 
  0.01843587 132.1886 
  0.189566 132.8496 
  0.1043889 133.5138 
  0.08651552 134.1814 
  -0.06469382 134.8523 
  -0.1103279 135.5266 
  0.009496539 136.2042 
  0.1860681 136.8852 
  -0.2002377 138.2575 
  0.4749786 141.0434 
  0.7107481 141.7487 
  0.9642787 141.7487 
  0.9746829 139.6435 
  0.980062 137.5696 
  0.9924906 136.2042 
  0.9897397 135.5266 
  0.9894027 134.8523 
  0.9962614 134.1814 
  0.9947217 133.5138 
  0.9906006 132.8496 
  0.9919801 132.1886 
  0.9913915 130.8766 
  0.9829512 130.2255 
  0.9823781 129.5776 
  0.9836059 128.9329 
  0.9923437 128.9329 
  0.9956086 128.9329 
  0.9820278 128.2915 
  0.7653528 127.6532 
  0.4015024 127.6532 
  0.2354603 127.6532 
  0.1095475 127.6532 
  0.1528188 127.6532 
  0.2210145 127.6532 
  0.01856104 127.6532 
  0.05582261 127.6532 
  0.02616012 128.2915 
  -0.04158072 129.5776 
  0.01363024 131.531 
  0.0103449 133.5138 
  -0.03710585 136.2042 
  0.1497523 138.9488 
  0.5354431 141.0434 
  0.4386038 136.8852 
  0.5012061 131.531 
  0.9222999 129.5776 
  0.983389 128.2915 
  0.9786981 127.6532 
  0.9876966 127.0181 
  0.9874913 127.0181 
  0.9951243 126.3862 
  0.9890219 126.3862 
  0.9859684 125.7574 
  0.9848151 125.7574 
  0.9778525 126.3862 
  0.9718091 126.3862 
  0.9511873 126.3862 
  0.957674 125.7574 
  0.8800413 125.7574 
  0.7576765 125.7574 
  0.161016 126.3862 
  -0.4456958 127.0181 
  -0.7039083 127.6532 
  0.1935861 128.2915 
  0.1554513 128.9329 
  -0.06960195 129.5776 
  -0.03415616 130.2255 
  -0.03907587 130.2255 
  -0.146997 130.8766 
  -0.08271728 131.531 
  -0.1331044 132.1886 
  -0.03673765 132.8496 
  -0.05583214 133.5138 
  -6.138172e-05 134.1814 
  0.1209253 134.8523 
  0.04306638 135.5266 
  -0.08745721 136.2042 
  -0.116641 136.8852 
  -0.2545429 137.5696 
  -0.02136463 138.2575 
  0.1382876 138.9488 
  0.2447232 139.6435 
  0.1210587 140.3417 
  0.2379474 141.7487 
  0.02938878 143.1697 
  0.03129588 143.8855 
  0.17197 144.605 
  0.365483 145.328 
  0.1211655 146.0546 
  0.3001748 146.7849 
  0.3856397 147.5188 
  0.3613943 148.2564 
  0.1896708 148.9977 
  0.3123505 149.7427 
  0.7791463 153.5239 
  0.4510174 139.6435 
  0.8061975 137.5696 
  0.9458873 136.2042 
  0.9363264 134.8523 
  0.9714774 133.5138 
  0.9815817 133.5138 
  0.9732888 133.5138 
  0.976701 133.5138 
  0.9740823 133.5138 
  0.9752746 133.5138 
  0.9434042 133.5138 
  0.8743947 132.8496 
  0.855419 132.1886 
  0.8756123 133.5138 
  0.9491071 132.1886 
  0.9573552 130.2255 
  0.9283674 128.9329 
  0.8647448 128.2915 
  0.6259223 128.9329 
  -0.09748857 130.2255 
  -0.1475017 131.531 
  -0.08405732 132.8496 
  0.3435421 134.1814 
  0.4686548 135.5266 
  0.5962027 131.531 
  0.8016958 128.2915 
  0.9329214 127.0181 
  0.9501082 125.7574 
  0.9619892 125.1317 
  0.9070439 123.8897 
  0.921385 121.4426 
  0.9471515 120.2372 
  0.9444709 120.2372 
  0.9341401 120.8384 
  0.9648967 122.0498 
  0.9665447 122.0498 
  0.9909857 123.2734 
  0.9949158 123.8897 
  0.9914588 124.5092 
  0.9768991 125.1317 
  0.9668618 126.3862 
  0.9171743 128.2915 
  0.9144007 130.8766 
  0.9188222 132.8496 
  0.91532 134.8523 
  0.8869678 134.1814 
  0.8687038 135.5266 
  0.9672013 136.8852 
  0.9842355 136.8852 
  0.9884134 136.8852 
  0.9900939 136.8852 
  0.9884809 136.2042 
  0.9605316 135.5266 
  0.9416326 134.1814 
  0.8797291 132.1886 
  0.8987808 129.5776 
  0.7302059 127.6532 
  0.4752675 124.5092 
  0.5647123 120.2372 
  0.3704538 120.2372 
  0.6030312 116.6924 
  0.3987626 117.2759 
  -0.1958618 117.8622 
  -0.3242947 118.4515 
  0.1139181 119.0438 
  -0.0191486 119.639 
  -0.04556917 120.2372 
  -0.02252395 120.8384 
  0.006263654 121.4426 
  -0.05357114 122.0498 
  -0.090018 122.6601 
  0.03157023 123.2734 
  0.225629 123.8897 
  0.2121899 124.5092 
  0.2465487 125.1317 
  0.04567254 125.7574 
  -0.06345071 126.3862 
  -0.1045435 127.0181 
  -0.001229357 127.6532 
  0.03141624 128.2915 
  0.1648245 128.9329 
  -0.01107797 129.5776 
  0.09989721 130.2255 
  -0.06232844 130.8766 
  -0.1200407 131.531 
  -0.06407139 132.1886 
  0.01709569 132.8496 
  -0.0464285 133.5138 
  -0.3140123 134.1814 
  0.06214757 134.8523 
  0.7389898 135.5266 
  0.9108628 135.5266 
  0.9747914 135.5266 
  0.9950119 134.8523 
  0.99117 134.8523 
  0.9748538 134.1814 
  0.8886372 133.5138 
  0.6224024 133.5138 
  0.9621525 134.1814 
  0.9972588 134.1814 
  0.9955115 133.5138 
  0.8565098 132.8496 
  0.9200659 131.531 
  0.9692492 130.2255 
  0.9852473 128.9329 
  0.9918693 128.2915 
  0.9911359 127.6532 
  0.9911295 127.6532 
  0.9875392 127.0181 
  0.9416786 125.7574 
  0.9074758 124.5092 
  0.8645998 123.2734 
  0.7267842 123.2734 
  0.4539919 123.8897 
  0.2951173 124.5092 
  0.3040988 125.1317 
  0.1804758 125.7574 
  0.1426305 126.3862 
  -0.4627037 127.0181 
  0.5130409 127.6532 
  0.6388387 123.8897 
  0.7843405 120.2372 
  0.9145303 117.8622 
  0.8760426 116.1118 
  0.785273 116.1118 
  0.5615899 115.5342 
  0.6828318 115.5342 
  0.9116316 115.5342 
  0.8825042 115.5342 
  0.890774 115.5342 
  0.9196177 115.5342 
  0.8987789 116.1118 
  0.3317381 116.6924 
  0.1010839 117.2759 
  0.1381136 117.2759 
  0.663003 119.639 
  0.5836702 117.8622 
  0.7110325 118.4515 
  0.8859637 117.8622 
  0.9363121 118.4515 
  0.9514615 118.4515 
  0.8728609 119.0438 
  0.9176095 119.639 
  0.9276932 120.2372 
  0.9462495 121.4426 
  0.9919626 122.0498 
  0.9881796 122.6601 
  0.9817924 122.6601 
  0.9482918 122.6601 
  0.9387822 122.0498 
  0.9819358 121.4426 
  0.9764078 121.4426 
  0.9861098 120.8384 
  0.8913034 119.639 
  0.9765545 118.4515 
  0.9907367 118.4515 
  0.9597098 118.4515 
  0.9619235 117.8622 
  0.9451146 116.6924 
  0.9589454 115.5342 
  0.9237853 114.9594 
  0.9811532 113.8184 
  0.9587709 113.8184 
  0.7697974 112.6886 
  0.8196527 111.5702 
  0.9014146 111.0151 
  0.7700144 109.9132 
  0.7466378 108.8223 
  0.7478398 109.3664 
  0.8298269 109.3664 
  0.9422177 109.3664 
  0.8569151 109.3664 
  0.7288575 109.3664 
  0.4700844 109.3664 
  0.714379 109.3664 
  0.8405333 109.3664 
  0.6789762 109.3664 
  0.3154098 109.3664 
  0.1357567 109.3664 
  -0.01711078 109.3664 
  -0.01642622 109.3664 
  -0.122037 109.3664 
  -0.2203582 109.3664 
  -0.1530605 109.3664 
  -0.1419981 109.3664 
  -0.08872342 109.3664 
  -0.08847798 109.3664 
  -0.228995 109.3664 
  -0.2266539 109.3664 
  -0.1985674 109.3664 
  -0.1120598 109.3664 ]
