 [
  0.223515 219.853 
  0.04693227 219.853 
  0.1653993 219.853 
  0.02170503 219.853 
  -0.09345348 219.853 
  -0.1272164 219.853 
  -0.1213627 219.853 
  0.2640406 219.853 
  0.156294 219.853 
  -0.07088054 219.853 
  -0.1839092 219.853 
  0.1062621 219.853 
  0.2811089 219.853 
  0.191511 219.853 
  0.221073 219.853 
  -0.08043458 219.853 
  0.02359105 219.853 
  0.2034474 219.853 
  0.1078101 219.853 
  0.02150702 219.853 
  -0.02560833 219.853 
  -0.12597 219.853 
  0.1927187 219.853 
  0.2799473 219.853 
  0.352432 219.853 
  -0.01198371 219.853 
  0.2247531 219.853 
  0.1198311 202.9904 
  0.4639038 197.9909 
  0.9383646 197.9909 
  0.9352236 201.9805 
  0.9712386 204.0054 
  0.9819157 206.0505 
  0.9570977 208.1162 
  0.9408322 210.2025 
  0.9428117 214.4382 
  0.9848317 215.5104 
  0.943199 219.853 
  0.8532895 229.9466 
  0.9454225 244.1292 
  0.9695906 254.067 
  0.9799614 256.614 
  0.9854243 259.1866 
  0.9821953 261.7849 
  0.9707336 265.7313 
  0.9261913 269.7372 
  0.4425066 273.8036 
  0.7497506 277.9312 
  0.778098 283.5317 
  0.6275749 289.245 
  0.3865402 295.0734 
  -0.1716638 301.0193 
  -0.2338979 307.085 
  0.4726194 311.7143 
  0.6452726 302.5244 
  0.8330148 287.806 
  0.9536507 279.3209 
  0.8786649 272.4414 
  0.8385435 265.7313 
  0.6833366 246.5766 
  0.2062604 242.9146 
  0.3265201 241.7061 
  0.01011544 239.307 
  -0.1379717 236.9318 
  -0.1015089 234.5801 
  0.2288463 232.2518 
  0.3836696 229.9466 
  0.7061296 227.6642 
  0.8520677 225.4046 
  0.9426987 224.2832 
  0.9795921 224.2832 
  0.998211 224.2832 
  0.9985587 225.4046 
  0.9289708 226.5316 
  0.9167758 226.5316 
  0.9471585 226.5316 
  0.9940996 225.4046 
  0.9934317 224.2832 
  0.9979171 223.1673 
  0.9994118 223.1673 
  0.9973235 223.1673 
  1.000134 224.2832 
  0.997489 224.2832 
  0.9965775 223.1673 
  0.9958885 222.057 
  0.9966754 220.9523 
  0.9924716 219.853 
  0.9876994 219.853 
  0.9738495 218.7592 
  0.9438373 217.6709 
  0.9399265 217.6709 
  0.9977731 218.7592 
  0.9987204 218.7592 
  0.9954531 217.6709 
  0.9701568 218.7592 
  0.8837157 220.9523 
  0.4065223 226.5316 
  0.9145219 229.9466 
  0.911957 225.4046 
  0.9542325 222.057 
  0.9929914 220.9523 
  0.9959317 219.853 
  0.9969693 219.853 
  0.9951285 219.853 
  0.9925387 219.853 
  0.9913126 220.9523 
  0.9933384 219.853 
  0.9731493 217.6709 
  0.8428337 214.4382 
  0.590593 206.0505 
  0.2677052 192.1537 
  0.8353361 194.0801 
  0.194232 195.0505 
  0.0298469 196.0257 
  0.01781367 197.0059 
  0.1464051 197.9909 
  -0.07236358 198.9809 
  0.01070158 199.9758 
  0.2952235 200.9756 
  0.1279156 201.9805 
  0.0486892 202.9904 
  0.1002552 204.0054 
  0.06132029 205.0254 
  0.06593904 207.0808 
  0.2073356 209.1568 
  0.3559353 211.2535 
  0.6973096 213.3714 
  0.05365924 215.5104 
  -0.01936718 218.7592 
  0.01870146 220.9523 
  0.5342869 220.9523 
  0.597399 215.5104 
  0.8991237 210.2025 
  0.9338995 202.9904 
  0.9676463 199.9758 
  0.9821761 197.0059 
  0.9769055 195.0505 
  0.9603223 194.0801 
  0.915629 194.0801 
  0.7509776 194.0801 
  -0.1143537 194.0801 
  0.1439171 194.0801 
  0.02037156 194.0801 
  0.02654677 194.0801 
  0.02799969 194.0801 
  0.04831596 194.0801 
  0.2183518 194.0801 
  0.3036018 194.0801 
  0.5633357 194.0801 
  0.7133844 197.9909 
  0.8809828 197.0059 
  0.945076 196.0257 
  0.9839238 196.0257 
  0.9653441 196.0257 
  0.9866397 195.0505 
  0.9692221 196.0257 
  0.9781199 197.0059 
  0.9677176 197.9909 
  0.980894 198.9809 
  0.9923171 199.9758 
  0.9858068 200.9756 
  0.9770762 201.9805 
  0.9739575 204.0054 
  0.9881763 205.0254 
  0.9865528 205.0254 
  0.989667 205.0254 
  0.9935284 206.0505 
  0.9902427 206.0505 
  0.9917375 205.0254 
  0.9936507 205.0254 
  0.9812158 204.0054 
  0.9595209 202.9904 
  0.9311467 204.0054 
  0.9368598 208.1162 
  0.9587014 210.2025 
  0.9634898 211.2535 
  0.9547442 211.2535 
  0.8257267 211.2535 
  0.2489218 210.2025 
  0.09336372 209.1568 
  0.05200282 208.1162 
  0.1506914 207.0808 
  0.01618859 206.0505 
  -0.04962471 206.0505 
  -0.1345327 206.0505 
  0.06149633 206.0505 
  0.5034416 206.0505 
  0.7819484 204.0054 
  0.9268239 199.9758 
  0.976107 196.0257 
  0.9819009 192.1537 
  0.9771481 189.3 
  0.9723639 186.4887 
  0.9654615 183.7191 
  0.9414938 181.8956 
  0.7314438 180.0902 
  0.3045628 179.1942 
  0.3811479 179.1942 
  0.8303745 180.0902 
  0.9325628 180.0902 
  0.9417959 180.0902 
  0.9408251 178.3027 
  0.9431103 174.7808 
  0.9452602 173.046 
  0.8672887 172.185 
  0.7057015 172.185 
  0.836956 173.046 
  0.8503792 173.9112 
  0.8571206 174.7808 
  0.8204417 176.533 
  0.702897 178.3027 
  0.6883253 180.0902 
  0.4333343 181.8956 
  0.2871938 183.7191 
  0.2830067 185.5609 
  0.6340299 187.4211 
  0.7237756 189.3 
  0.8257713 191.1978 
  0.9365748 193.1145 
  0.9753423 196.0257 
  0.9690232 200.9756 
  0.9688068 206.0505 
  0.9802613 210.2025 
  0.9813565 214.4382 
  0.9829414 218.7592 
  0.9904109 222.057 
  0.9880433 224.2832 
  0.9684484 225.4046 
  0.9012811 224.2832 
  0.6259601 225.4046 
  0.2572605 226.5316 
  0.0760621 227.6642 
  0.009810921 228.8026 
  -0.03812381 228.8026 
  0.02041649 228.8026 
  0.1326619 229.9466 
  0.1161554 231.0963 
  0.1306003 232.2518 
  0.1535804 232.2518 
  0.00281367 232.2518 
  0.1198488 232.2518 
  0.1596904 232.2518 
  0.3963388 232.2518 
  0.8154603 232.2518 
  0.8618575 228.8026 
  0.9765731 223.1673 
  0.9960235 219.853 
  0.9949287 217.6709 
  0.9929667 216.5879 
  0.992663 214.4382 
  0.9956714 211.2535 
  0.9964647 209.1568 
  0.9981064 207.0808 
  0.9977003 205.0254 
  0.9974291 202.9904 
  0.9967358 201.9805 
  0.9921833 200.9756 
  0.9868181 200.9756 
  0.8939711 201.9805 
  0.9412867 200.9756 
  0.967947 200.9756 
  0.9948816 200.9756 
  0.9938104 200.9756 
  0.9842506 199.9758 
  0.9814022 198.9809 
  0.9722646 198.9809 
  0.9509827 198.9809 
  0.9411914 197.9909 
  0.842114 197.0059 
  0.8445873 197.0059 
  0.690136 197.0059 
  0.3447978 197.0059 
  0.1914331 197.0059 
  0.2740464 197.0059 
  0.5173703 197.0059 
  0.84807 197.0059 
  0.9586583 197.9909 
  0.9849421 200.9756 
  0.9897444 204.0054 
  0.990109 205.0254 
  0.9642757 202.9904 
  0.9325974 198.9809 
  0.9445627 193.1145 
  0.9541035 194.0801 
  0.9617276 197.0059 
  0.9715737 197.0059 
  0.9715967 196.0257 
  0.9697223 195.0505 
  0.9482594 193.1145 
  0.9429171 190.2465 
  0.9431732 186.4887 
  0.9530629 183.7191 
  0.9334641 180.0902 
  0.945138 176.533 
  0.9357352 173.046 
  0.9496976 169.6279 
  0.9510156 166.2773 
  0.9805621 164.6269 
  0.9683346 164.6269 
  0.9579446 165.4501 
  0.9087225 166.2773 
  0.5053079 166.2773 
  0.1021263 166.2773 
  0.0415111 166.2773 
  0.1091633 166.2773 
  -0.01892006 166.2773 
  -0.0168898 167.1087 
  -0.1811338 167.9442 
  -0.241608 167.9442 
  -0.07828499 167.9442 
  0.1604057 167.9442 
  0.06265544 167.9442 
  -0.05283205 168.784 
  0.05271684 169.6279 
  0.362161 170.476 
  0.49617 169.6279 
  0.7986553 167.9442 
  0.875185 166.2773 
  0.8694985 165.4501 
  0.9511178 164.6269 
  0.9540914 164.6269 
  0.9860066 164.6269 
  0.9912388 164.6269 
  0.9924418 164.6269 
  0.9898646 165.4501 
  0.9915271 166.2773 
  0.9936603 166.2773 
  0.9664549 167.1087 
  0.9558392 167.9442 
  0.8642435 168.784 
  0.7286931 168.784 
  0.3759862 168.784 
  0.05161941 168.784 
  -0.05277306 168.784 
  -0.1176552 168.784 
  0.02425114 168.784 
  -0.04252648 168.784 
  -0.08375645 168.784 
  -0.02920275 168.784 
  0.02636829 168.784 
  0.1326718 168.784 
  0.1614999 168.784 
  0.03019514 168.784 
  -0.389217 168.784 
  -0.618095 168.784 
  -0.7231729 168.784 
  -0.7592664 168.784 
  -0.3389942 168.784 
  0.07777469 168.784 
  -0.02752848 168.784 
  -0.03979414 168.784 
  0.2796853 168.784 
  0.1168123 168.784 
  -0.1148803 168.784 
  -0.15451 168.784 
  -0.3093642 168.784 
  -0.3031266 168.784 
  -0.01620922 168.784 
  0.01791399 168.784 
  0.09722586 168.784 
  -0.3607088 168.784 
  -0.1801131 168.784 ]
