 [
  0.192846 252.8029 
  0.4297096 252.8029 
  0.5042921 252.8029 
  0.2846234 252.8029 
  0.03962942 252.8029 
  0.2396667 252.8029 
  0.1832949 252.8029 
  -0.1227411 252.8029 
  -0.0008107359 252.8029 
  0.2074556 252.8029 
  0.1028655 252.8029 
  -0.1103036 252.8029 
  0.006919462 252.8029 
  -0.001599252 251.5452 
  0.4928339 250.2938 
  0.9148314 250.2938 
  0.9263284 244.1292 
  0.9780319 240.5036 
  0.9902595 239.307 
  0.9794233 241.7061 
  0.9787716 246.5766 
  0.9709312 252.8029 
  0.9638821 259.1866 
  0.9654445 265.7313 
  0.9836186 273.8036 
  0.9908528 279.3209 
  0.9937414 280.7175 
  0.9858166 280.7175 
  0.9609781 280.7175 
  0.8923664 280.7175 
  0.1376305 282.1211 
  -0.08839734 283.5317 
  -0.03460161 286.3741 
  -0.02425467 289.245 
  0.260283 292.1447 
  0.322246 295.0734 
  0.1579648 298.0316 
  0.1178529 301.0193 
  0.06699882 304.037 
  0.7185615 307.085 
  0.9633983 310.1635 
  0.9681308 311.7143 
  0.9738199 308.6204 
  0.9809573 301.0193 
  0.965161 295.0734 
  0.8882507 292.1447 
  0.3109561 290.6912 
  0.5462674 289.245 
  0.4437392 287.806 
  -0.0775983 286.3741 
  -0.1496654 284.9493 
  -0.06304561 283.5317 
  -0.2555421 282.1211 
  -0.1927664 279.3209 
  -0.1224545 276.5485 
  -0.01209533 273.8036 
  0.3925636 271.0859 
  0.9488556 268.3953 
  0.9535761 267.06 
  0.9722434 265.7313 
  0.9967244 261.7849 
  0.992433 259.1866 
  0.9758189 255.3373 
  0.9425136 252.8029 
  0.8232851 251.5452 
  0.7442412 250.2938 
  0.7264564 250.2938 
  0.2945927 250.2938 
  -0.06352717 250.2938 
  -0.2100318 250.2938 
  -0.08579636 250.2938 
  -0.1030236 250.2938 
  -0.03701541 250.2938 
  0.07590675 249.0485 
  0.1556787 249.0485 
  0.1798288 249.0485 
  0.1960935 249.0485 
  -0.02948138 249.0485 
  0.02417798 249.0485 
  0.01958475 249.0485 
  0.4441597 249.0485 
  0.674886 246.5766 
  0.6911225 233.4131 
  0.8676051 226.5316 
  0.9535498 222.057 
  0.9626675 218.7592 
  0.9618751 216.5879 
  0.9844084 214.4382 
  0.978701 212.3098 
  0.9852028 211.2535 
  0.9945534 210.2025 
  0.9946868 210.2025 
  0.9948537 210.2025 
  0.9859893 210.2025 
  0.981057 210.2025 
  0.9840398 210.2025 
  0.9926796 210.2025 
  0.9882599 210.2025 
  0.9811923 210.2025 
  0.9820245 211.2535 
  0.9909339 213.3714 
  0.9901114 215.5104 
  0.9958906 217.6709 
  0.998294 218.7592 
  0.999261 217.6709 
  1.000281 216.5879 
  1.000935 216.5879 
  1.001056 216.5879 
  1.000936 216.5879 
  1.000491 216.5879 
  0.9984235 215.5104 
  0.9940377 214.4382 
  0.9810869 213.3714 
  0.962473 211.2535 
  0.8952565 211.2535 
  0.7132657 212.3098 
  0.1455011 213.3714 
  -0.01851368 214.4382 
  0.2667273 215.5104 
  0.2651625 216.5879 
  0.1504464 217.6709 
  0.004347701 217.6709 
  0.1691075 217.6709 
  -0.03123627 217.6709 
  0.1081736 217.6709 
  0.1767405 217.6709 
  0.03940006 218.7592 
  0.04683249 218.7592 
  -0.0238795 218.7592 
  -0.1480526 218.7592 
  0.2689931 218.7592 
  0.8274951 218.7592 
  0.7777824 212.3098 
  0.8678291 207.0808 
  0.9821789 202.9904 
  0.9936844 200.9756 
  0.9960319 198.9809 
  0.9965409 197.9909 
  0.9987789 197.0059 
  0.9980724 197.0059 
  0.9975228 197.0059 
  0.9989807 196.0257 
  0.9977444 195.0505 
  0.9974941 195.0505 
  0.9954506 195.0505 
  0.9929499 196.0257 
  0.9915279 196.0257 
  0.9958862 197.0059 
  0.9925181 197.9909 
  0.9753642 197.9909 
  0.9396828 197.9909 
  0.8897637 196.0257 
  0.7065727 194.0801 
  0.1041913 194.0801 
  -0.0967294 194.0801 
  -0.06391286 194.0801 
  0.1105514 193.1145 
  0.1630915 193.1145 
  0.2762048 193.1145 
  0.001447087 193.1145 
  -0.04467943 193.1145 
  -0.04495943 193.1145 
  -0.1560541 193.1145 
  -0.1351919 193.1145 
  0.05843057 193.1145 
  0.03435671 193.1145 
  0.08548678 193.1145 
  0.4007648 192.1537 
  0.3167427 192.1537 
  0.435116 188.3582 
  0.3377064 184.6377 
  0.1182697 190.2465 
  0.1950182 199.9758 
  0.6718159 207.0808 
  0.8626391 208.1162 
  0.8696262 209.1568 
  0.8406643 211.2535 
  0.699957 213.3714 
  0.357363 215.5104 
  0.4406692 217.6709 
  0.2101386 219.853 
  -0.01101882 223.1673 
  0.5322096 225.4046 
  0.66712 206.0505 
  0.8103132 202.9904 
  0.9843459 200.9756 
  0.989813 199.9758 
  0.9933627 197.9909 
  0.989888 197.0059 
  0.990761 196.0257 
  0.9897845 196.0257 
  0.9873312 196.0257 
  0.9921445 195.0505 
  0.9791275 196.0257 
  0.9814161 197.0059 
  0.9854925 197.9909 
  0.9835974 198.9809 
  0.985069 198.9809 
  0.9900461 197.9909 
  0.9888657 197.9909 
  0.9859539 197.9909 
  0.9918901 198.9809 
  0.9955134 200.9756 
  0.9981975 201.9805 
  0.9947909 202.9904 
  0.9907739 204.0054 
  0.9907017 204.0054 
  0.9932003 205.0254 
  0.990606 207.0808 
  0.9829754 209.1568 
  0.971446 211.2535 
  0.9248085 210.2025 
  0.8363732 209.1568 
  0.4254356 210.2025 
  0.3042105 211.2535 
  0.1675266 212.3098 
  0.01344313 213.3714 
  -0.08623304 214.4382 
  -0.1660615 215.5104 
  -0.3108208 216.5879 
  -0.1622364 217.6709 
  -0.06377251 217.6709 
  -0.07123354 217.6709 
  -0.01668771 217.6709 
  0.04527339 217.6709 
  0.2111517 217.6709 
  0.06267671 217.6709 
  0.008248275 217.6709 
  -0.00565375 217.6709 
  -0.0865842 217.6709 
  0.01534361 217.6709 
  -0.01106907 217.6709 
  -0.03897187 217.6709 
  0.1275515 217.6709 
  0.1378417 217.6709 
  0.03657143 217.6709 
  -0.03123076 217.6709 
  0.07022528 217.6709 
  0.1985909 218.7592 
  0.08145044 219.853 
  0.5914749 220.9523 
  0.7598594 222.057 
  0.8195988 216.5879 
  0.9084938 213.3714 
  0.9932456 211.2535 
  0.9924055 208.1162 
  0.9894745 206.0505 
  0.9935693 202.9904 
  0.9953616 199.9758 
  0.9962845 197.9909 
  0.9910147 196.0257 
  0.9696054 194.0801 
  0.9238867 194.0801 
  0.8410407 194.0801 
  0.8413343 195.0505 
  -0.3084028 196.0257 
  0.06889677 197.0059 
  0.5505713 197.9909 
  0.5572824 194.0801 
  0.67493 193.1145 
  0.9060155 191.1978 
  0.9201884 189.3 
  0.9890264 188.3582 
  0.9830931 188.3582 
  0.9818462 187.4211 
  0.9872494 187.4211 
  0.9892032 187.4211 
  0.9913504 188.3582 
  0.9894863 189.3 
  0.9787602 190.2465 
  0.9621422 191.1978 
  0.9588902 192.1537 
  0.9764808 193.1145 
  0.9935838 194.0801 
  0.9925594 194.0801 
  0.9845057 194.0801 
  0.9615135 194.0801 
  0.8726151 194.0801 ]
