 [
  -0.3078234 173.9112 
  0.1010352 173.9112 
  0.3025007 173.9112 
  0.2807938 173.9112 
  0.06264503 173.9112 
  0.05157815 173.9112 
  0.08689141 173.9112 
  0.08182888 173.9112 
  -0.03176947 173.9112 
  0.2097007 173.9112 
  -0.07584 173.9112 
  -0.06757945 173.9112 
  -0.1154123 173.9112 
  0.1337845 173.9112 
  0.5170623 174.7808 
  0.2140734 208.1162 
  0.5604537 209.1568 
  0.9247427 207.0808 
  0.9925841 209.1568 
  0.9953727 211.2535 
  0.9618232 211.2535 
  0.9363472 211.2535 
  0.819692 210.2025 
  0.8469328 212.3098 
  0.837851 215.5104 
  0.7588602 219.853 
  0.7579664 224.2832 
  0.933439 228.8026 
  0.9637085 234.5801 
  0.9609102 242.9146 
  0.9766711 249.0485 
  0.9890679 252.8029 
  0.981546 251.5452 
  0.9902565 249.0485 
  0.9828072 247.8095 
  0.953301 250.2938 
  0.8965538 252.8029 
  0.3647102 255.3373 
  0.232699 256.614 
  0.430869 257.8971 
  0.2323563 259.1866 
  0.3811095 260.4825 
  0.2805526 260.4825 
  0.2583432 261.7849 
  0.08345626 263.0938 
  0.1573845 259.1866 
  0.1112518 254.067 
  0.8242741 249.0485 
  0.8402241 242.9146 
  0.8491635 236.9318 
  0.9471261 227.6642 
  0.9879266 224.2832 
  0.9856366 224.2832 
  0.9594749 226.5316 
  0.9207592 226.5316 
  0.7629535 226.5316 
  0.2283245 226.5316 
  -0.2901606 226.5316 
  -0.1943651 226.5316 
  -0.1452126 226.5316 
  -0.0386154 227.6642 
  -0.02315199 227.6642 
  0.003957506 228.8026 
  0.03883404 229.9466 
  -0.08704773 231.0963 
  0.01943458 231.0963 
  0.0780459 231.0963 
  0.3452283 231.0963 
  0.3623931 231.0963 
  -0.1823148 231.0963 
  -0.0467011 231.0963 
  -0.02594324 231.0963 
  0.502753 231.0963 
  0.6513957 209.1568 
  0.7928532 206.0505 
  0.8953753 204.0054 
  0.9633031 199.9758 
  0.9650539 197.0059 
  0.9860541 195.0505 
  0.9912842 194.0801 
  0.9911521 194.0801 
  0.9963856 193.1145 
  0.9918317 193.1145 
  0.9813271 194.0801 
  0.9825082 196.0257 
  0.9919228 197.0059 
  0.9912817 197.9909 
  0.9959474 197.9909 
  0.997112 197.9909 
  0.9814871 197.0059 
  0.9643241 194.0801 
  0.9590217 190.2465 
  0.9818593 186.4887 
  0.9908814 186.4887 
  0.9967711 185.5609 
  0.9960178 185.5609 
  0.9968268 184.6377 
  0.9929712 184.6377 
  0.9955377 183.7191 
  0.9971954 183.7191 
  0.9919429 184.6377 
  0.9828638 185.5609 
  0.9621708 184.6377 
  0.8869743 179.1942 
  0.7917326 173.046 
  0.3770854 166.2773 
  0.1728996 159.7734 
  0.08021233 154.2915 
  0.005404909 148.9977 
  0.08688802 143.8855 
  0.1399426 138.9488 
  0.0486232 133.5138 
  0.1779989 127.0181 
  0.1552742 120.8384 
  0.1860537 115.5342 
  0.2385943 110.4628 
  0.1922107 105.0885 
  -0.0197374 100.4756 
  0.5630611 95.5873 
  0.5113372 96.06523 
  0.303978 111.0151 
  0.4134248 144.605 
  0.4003099 173.046 
  0.8358363 170.476 
  0.9791248 169.6279 
  0.9871103 169.6279 
  0.9873997 168.784 
  0.9729198 169.6279 
  0.9739888 171.3284 
  0.9759173 172.185 
  0.9530142 174.7808 
  0.9233414 176.533 
  0.9447927 180.9906 
  0.9562936 182.8051 
  0.9244444 181.8956 
  0.698852 180.9906 
  0.8223978 180.0902 
  0.674468 179.1942 
  0.492235 178.3027 
  -0.06899266 178.3027 
  -0.08854746 178.3027 
  -0.1983656 177.4156 
  0.01070088 176.533 
  0.7430843 175.6547 
  0.9110538 175.6547 
  0.9832703 176.533 
  0.9927534 177.4156 
  0.9802482 176.533 
  0.9677115 173.9112 
  0.9923836 172.185 
  0.9951888 172.185 
  0.9926996 173.046 
  0.9781904 173.9112 
  0.9413594 173.9112 
  0.8860199 172.185 
  0.8363999 170.476 
  0.8342105 170.476 
  0.6419151 171.3284 
  0.4923251 173.046 
  0.4062367 174.7808 
  0.4270127 175.6547 
  0.6148692 176.533 
  0.8219994 178.3027 
  0.9499525 179.1942 
  0.9107888 175.6547 
  0.8306684 170.476 
  0.7569413 164.6269 
  0.796979 158.1876 
  0.9038227 150.4914 
  0.931138 148.2564 
  0.9426481 147.5188 
  0.9082496 147.5188 
  0.4484348 145.328 
  0.1648059 141.0434 
  -0.02795856 136.8852 
  -0.05737188 132.8496 
  -0.0603664 128.9329 
  -0.01403014 125.1317 
  -0.2004573 121.4426 
  0.06006378 117.8622 
  0.172227 114.3874 
  0.002690428 111.0151 
  -0.1263124 107.2061 
  -0.1677522 103.5278 
  -0.1876566 99.97575 
  -0.04210293 96.54556 
  -0.02952732 93.23304 
  0.21353 90.03418 
  0.02683726 86.94508 
  -0.1199653 83.96195 
  0.136757 81.08118 
  0.2205499 78.29926 
  0.7807677 75.99085 
  0.4084687 75.2366 
  0.6041325 68.43433 
  0.5261195 61.93738 
  0.6021215 56.05722 
  0.8661623 55.77833 
  0.4005717 55.77833 
  0.6752374 52.27652 
  0.3070795 52.01644 
  0.6864575 55.2247 
  0.7451989 54.94995 
  0.8912204 54.13387 
  0.6943724 54.40454 
  0.3077797 54.94995 
  0.2835521 54.94995 
  0.1405091 54.94995 
  0.001392505 54.94995 
  0.1958288 54.94995 
  0.129308 54.94995 
  0.1153951 54.94995 
  -0.1480668 54.94995 
  -0.04802186 54.94995 
  0.329357 54.94995 
  0.2606941 54.94995 
  -0.03277965 54.94995 
  -0.118767 54.94995 
  -0.161543 54.94995 
  -0.1933502 54.94995 
  -0.3647735 54.94995 
  -0.3086666 54.94995 
  0.004656525 54.94995 ]
