 [
  0.1567133 114.9594 
  0.03680412 114.9594 
  -0.2230612 114.9594 
  -0.3144757 114.9594 
  0.09863907 114.9594 
  0.1931721 114.9594 
  -0.05859913 114.9594 
  0.0115063 114.9594 
  -0.09963959 114.9594 
  -0.001211181 114.9594 
  0.02157484 114.9594 
  0.03099756 114.9594 
  0.07531819 114.9594 
  0.1560375 114.9594 
  0.262358 114.9594 
  0.2007444 114.9594 
  0.03818647 114.9594 
  0.0300857 114.9594 
  -0.08590683 114.9594 
  -0.1867032 114.9594 
  -0.2455375 114.9594 
  -0.210725 114.9594 
  -0.1079586 114.9594 
  -0.026959 114.9594 
  0.07185578 114.9594 
  0.07167684 114.9594 
  0.02347336 114.9594 
  0.08718176 114.9594 
  0.6188995 114.9594 
  0.6155981 116.6924 
  0.6372394 117.8622 
  0.8323715 116.6924 
  0.9179156 117.2759 
  0.9709215 117.8622 
  0.9733379 117.8622 
  0.9892267 117.8622 
  0.991405 117.8622 
  0.9899803 117.8622 
  0.9877254 117.2759 
  0.9613326 116.6924 
  0.9421738 115.5342 
  0.9307117 114.9594 
  0.8968971 113.8184 
  0.8188089 112.6886 
  0.6744269 109.3664 
  0.08699989 108.2809 
  0.1499967 108.2809 
  0.2151505 108.8223 
  0.1889027 108.8223 
  -0.02201594 108.8223 
  -0.1513956 108.8223 
  -0.02334597 108.8223 
  0.08107491 108.8223 
  0.08641271 108.8223 
  0.03701886 108.8223 
  0.03885076 109.3664 
  -0.0615475 109.9132 
  0.2850533 113.8184 
  0.6533276 112.6886 
  0.7034732 109.9132 
  0.9250231 108.8223 
  0.9783182 109.3664 
  0.9808771 109.3664 
  0.9726813 108.8223 
  0.9566493 108.2809 
  0.9426869 107.7421 
  0.9337661 106.6728 
  0.9395435 106.142 
  0.9632834 105.0885 
  0.9391407 104.5657 
  0.7718099 103.0128 
  0.7066707 99.97575 
  0.3037261 97.51342 
  0.07453305 98.491 
  -0.3614075 99.47836 
  -0.1751672 99.97575 
  -0.08108869 100.4756 
  -0.07685377 100.978 
  0.2878136 101.4829 
  0.5011395 102.5003 
  0.4278612 103.5278 
  0.3688877 96.06523 
  0.5738339 98.00098 
  0.8697973 98.98344 
  0.986085 99.47836 
  0.9826635 99.47836 
  0.9839962 98.98344 
  0.9919159 98.98344 
  0.9927469 98.98344 
  0.9844619 98.98344 
  0.9693504 98.98344 
  0.9420758 99.47836 
  0.8933088 99.97575 
  0.7754318 99.97575 
  0.6682019 98.491 
  0.8610464 97.51342 
  0.9192041 97.51342 
  0.9192497 98.00098 
  0.9222894 98.00098 
  0.847147 98.00098 
  0.6242247 98.00098 
  0.3653252 98.491 
  0.3104112 98.98344 
  0.5554639 99.97575 
  0.8493581 100.4756 
  0.5489321 100.978 
  0.7180426 99.97575 
  0.6702403 96.54556 
  0.9213766 94.63854 
  0.8858808 93.23304 
  0.8587121 91.84841 
  0.8634241 91.39146 
  0.9312604 91.39146 
  0.9839424 91.39146 
  0.9903562 90.93677 
  0.898528 90.93677 
  0.7227817 91.84841 
  0.8485717 91.84841 
  0.9378669 90.93677 
  0.9048693 90.48434 
  0.7926249 89.58624 
  0.4542635 89.14054 
  -0.0818879 90.03418 
  -0.455383 91.39146 
  -0.1187181 92.30766 
  0.002306873 93.23304 
  0.144932 94.1677 
  -0.02173331 95.11173 
  0.1350174 96.54556 
  0.12245 97.51342 
  0.2901235 98.491 
  0.06768406 99.47836 
  0.1699466 100.4756 
  0.6433589 106.142 
  0.9042988 105.614 
  0.9408431 104.5657 
  0.9514146 104.0455 
  0.9683665 103.0128 
  0.9750832 102.5003 
  0.9892699 101.9903 
  0.9732724 101.4829 
  0.9522616 100.978 
  0.9901486 99.97575 
  0.9714213 99.97575 
  0.9671906 99.47836 
  0.9183364 99.47836 
  0.8190997 98.98344 
  0.7188962 98.00098 
  -0.4661773 97.51342 
  0.1180012 98.00098 
  -0.001026712 98.491 
  0.2792038 98.98344 
  -0.00532217 99.47836 
  0.1023333 99.97575 
  0.1351907 100.4756 
  0.1674125 100.978 
  0.06238243 101.4829 
  0.1226813 101.9903 
  0.07686161 102.5003 
  -0.1529403 103.0128 
  -0.1041277 103.5278 
  -0.08701354 104.0455 
  0.168816 104.5657 
  -0.1466944 105.0885 
  0.232098 105.614 
  0.7642815 107.2061 
  0.4899937 101.4829 
  0.7174399 102.5003 
  0.809752 101.4829 
  0.7855952 100.978 
  0.8707664 98.98344 
  0.9190168 98.00098 
  0.947588 97.02828 
  0.9345968 96.54556 
  0.9844526 95.5873 
  0.98547 95.11173 
  0.961605 94.63854 
  0.9313599 94.1677 
  0.8971475 93.6992 
  0.8848856 93.23304 
  0.8526729 92.7692 
  0.8752303 92.30766 
  0.858225 92.7692 
  0.9129493 93.23304 
  0.9730682 93.6992 
  0.9841036 93.6992 
  0.9957474 93.6992 
  0.9848793 92.7692 
  0.9655477 92.30766 
  0.9547451 90.93677 
  0.970983 90.48434 
  0.97963 90.03418 
  0.9775351 89.58624 
  0.9859698 89.58624 
  0.9890156 89.14054 
  0.9847 89.14054 
  0.9766073 89.14054 
  0.9604242 89.58624 
  0.9817011 89.58624 
  0.7590405 89.58624 
  0.6833229 89.14054 
  0.202002 88.25578 
  0.700906 87.8167 
  0.8756467 87.3798 
  0.9133423 86.94508 
  0.7866654 86.51251 
  0.2015183 86.0821 
  -0.2108509 85.65383 
  0.02721495 86.0821 
  0.1529064 86.51251 
  0.6690546 87.3798 
  0.5785854 87.8167 
  0.9670213 89.14054 
  0.9866869 90.03418 
  0.976602 91.39146 
  0.9716573 92.30766 
  0.9425037 93.6992 
  0.8160006 94.63854 
  0.7815907 93.6992 
  0.8700606 93.23304 
  0.9866576 92.7692 
  0.9854172 92.7692 
  0.9689176 93.23304 
  0.7411813 92.30766 
  0.5478366 92.30766 
  0.9289771 93.6992 
  0.8039886 95.11173 
  0.8761176 95.5873 
  0.8148372 93.6992 
  0.942178 91.84841 
  0.9866635 91.39146 
  0.9691287 90.93677 
  0.9161847 90.03418 
  0.8722371 89.14054 
  0.8431424 88.25578 
  0.6560504 88.25578 
  0.2881238 88.69706 
  0.1538747 89.14054 
  0.0350132 89.14054 
  0.2196888 89.14054 
  0.07661887 89.14054 
  0.02920348 89.14054 
  -0.05471535 89.14054 
  -0.03442345 89.14054 
  0.1678823 89.14054 
  -0.008988779 89.14054 
  -0.04243833 89.14054 
  -0.05787685 89.14054 
  -0.06842542 89.14054 
  0.5033927 90.03418 
  0.388351 89.58624 
  0.5380538 89.14054 
  0.6943232 86.51251 
  0.90559 86.94508 
  0.9857267 86.94508 
  0.9904948 86.94508 
  0.4476163 86.94508 
  0.5713975 84.80367 
  0.7089842 84.80367 
  0.9457417 84.80367 
  0.8769732 84.38177 
  0.9316185 83.12859 
  0.9750733 82.71502 
  0.9704705 82.71502 
  0.9637784 82.71502 
  0.9256621 83.12859 
  0.7815568 82.71502 
  0.7527878 81.89403 
  0.3620219 81.4866 
  0.3279107 81.4866 
  0.2951722 81.4866 
  0.1917706 81.4866 
  0.2778053 81.4866 
  0.3109645 81.4866 
  0.1054861 81.08118 
  -0.02687623 80.6778 
  0.01011453 80.27641 
  0.5017172 79.87703 
  0.5575991 79.87703 
  0.3547737 80.27641 
  0.4097582 82.3035 
  0.909452 82.71502 
  0.9478986 83.12859 
  0.9089632 83.96195 
  0.9039871 84.80367 
  0.9390057 85.65383 
  0.9515302 86.51251 
  0.8594035 86.94508 
  0.7922961 87.3798 
  0.8293618 87.8167 
  0.7424572 88.25578 
  0.6576769 88.25578 
  0.5707206 88.25578 
  0.7123869 88.25578 
  0.7154509 88.25578 
  0.654059 88.25578 
  0.5435984 88.25578 
  0.2052775 88.25578 
  -0.1497284 88.25578 
  -0.01096468 88.25578 
  0.2012989 88.25578 
  0.1411494 88.25578 
  0.03997194 88.25578 
  0.04463073 88.25578 
  -0.08643701 88.25578 
  -0.07979192 88.25578 
  -0.2335433 88.25578 
  -0.128292 88.25578 
  0.009418595 88.25578 
  -0.06573959 88.25578 
  -0.1176438 88.25578 
  -0.2005647 88.25578 ]
