 [
  -0.1098192 147.5188 
  0.0264502 147.5188 
  0.1615254 147.5188 
  0.1642077 147.5188 
  -0.1652114 147.5188 
  -0.413406 147.5188 
  -0.224424 147.5188 
  -0.1388642 147.5188 
  -0.355282 147.5188 
  -0.1995702 147.5188 
  -0.04901221 147.5188 
  0.305461 147.5188 
  0.6417448 147.5188 
  0.5113674 142.4574 
  0.5366932 138.9488 
  0.7732114 136.2042 
  0.743396 131.531 
  0.786488 130.2255 
  0.4848163 131.531 
  -0.2204242 133.5138 
  0.1741556 135.5266 
  0.2068916 137.5696 
  0.02760965 139.6435 
  0.06018833 141.7487 
  0.08614634 144.605 
  0.0733093 146.7849 
  0.06297427 149.7427 
  -0.07558334 152.0001 
  -0.005417377 155.063 
  0.128 156.6175 
  0.1993222 155.8383 
  0.5626117 154.2915 
  0.7460651 151.2439 
  0.9131461 150.4914 
  0.9739681 150.4914 
  0.9529889 152.0001 
  0.9232556 153.5239 
  0.9213784 155.8383 
  0.9554836 157.4006 
  0.9468887 159.7734 
  0.9103853 162.182 
  0.9260144 165.4501 
  0.9102479 168.784 
  0.9102424 172.185 
  0.9494365 175.6547 
  0.9605186 179.1942 
  0.9748644 181.8956 
  0.9537002 184.6377 
  0.9437335 188.3582 
  0.9430612 192.1537 
  0.9529269 197.0059 
  0.9763345 198.9809 
  0.9902824 200.9756 
  0.9794965 201.9805 
  0.9474334 200.9756 
  0.8939207 199.9758 
  0.4440163 197.9909 
  0.7442431 197.0059 
  0.7532687 196.0257 
  0.7536501 195.0505 
  0.6044123 194.0801 
  -0.09497005 193.1145 
  -0.01279243 192.1537 
  -0.01075138 191.1978 
  0.06052868 190.2465 
  -0.1513322 189.3 
  -0.006791199 188.3582 
  -0.1193032 187.4211 
  -0.1388572 186.4887 
  -0.3921779 185.5609 
  -0.2814198 184.6377 
  -0.1275477 183.7191 
  0.001580936 182.8051 
  -0.01574551 181.8956 
  0.5757964 180.9906 
  0.6357679 174.7808 
  0.9446632 173.046 
  0.954458 174.7808 
  0.8654264 179.1942 
  0.8427104 183.7191 
  0.87908 189.3 
  0.8929509 194.0801 
  0.8827153 198.9809 
  0.8907835 205.0254 
  0.887646 210.2025 
  0.9061671 214.4382 
  0.8364981 217.6709 
  0.7623492 223.1673 
  0.8287659 231.0963 
  0.8211451 239.307 
  0.9214849 246.5766 
  0.9019072 254.067 
  0.9050025 257.8971 
  0.8900641 257.8971 
  0.9447245 251.5452 
  0.9514682 246.5766 
  0.9301311 242.9146 
  0.8943284 236.9318 
  0.9099634 226.5316 
  0.8802816 218.7592 
  0.835999 208.1162 
  0.8500648 197.9909 
  0.7977641 190.2465 
  0.7213678 184.6377 
  0.5119587 180.9906 
  0.3561246 177.4156 
  -0.06075531 173.9112 
  -0.0869348 170.476 
  0.01788523 167.1087 
  0.09124515 163.8079 
  0.003006399 161.3751 
  -0.0848915 158.9785 
  -0.009055577 156.6175 
  -0.169092 154.2915 
  -0.06202232 152.0001 
  -0.008899253 149.7427 
  -0.0279727 147.5188 
  -0.03352846 145.328 
  0.02966709 143.1697 
  -0.1222111 141.0434 
  0.5223149 138.2575 
  0.7832925 135.5266 
  0.9244009 132.8496 
  0.9612104 131.531 
  0.9679074 130.8766 
  0.975587 130.2255 
  0.9815649 128.9329 
  0.9739612 127.6532 
  0.9635115 126.3862 
  0.9821864 124.5092 
  0.9653769 123.2734 
  0.9799132 122.0498 
  0.9915938 120.8384 
  0.8898192 121.4426 
  0.7544863 121.4426 
  0.7108698 120.2372 
  0.745426 120.8384 
  0.6368312 119.0438 
  0.3935522 118.4515 
  0.5516196 119.639 
  0.5728117 119.639 
  0.5993884 120.2372 
  0.2273066 120.8384 
  0.5435336 121.4426 
  0.7030339 122.0498 
  0.5373156 122.0498 
  0.2584859 122.0498 
  0.07170954 122.6601 
  -0.04086826 122.6601 
  -0.03174391 122.6601 
  -0.08184465 122.6601 
  -0.260345 122.6601 
  0.04034846 122.6601 
  0.01691783 122.6601 
  -0.07029937 122.6601 
  -0.1769243 122.6601 
  0.1907383 122.6601 
  0.1432732 122.6601 
  0.03148736 122.6601 
  -0.0654422 122.6601 
  -0.05472533 122.6601 
  0.05818512 122.6601 
  -0.007964859 122.6601 
  -0.1522646 122.6601 
  -0.3149187 122.6601 
  -0.07281625 122.6601 
  0.1127222 122.6601 
  0.007255288 122.6601 
  0.2764722 122.6601 
  -0.1675064 122.6601 
  -0.1900914 122.6601 
  -0.3198497 122.6601 
  -0.02317086 122.6601 
  0.1769799 122.6601 
  -0.2563038 122.6601 
  -0.3703506 123.2734 
  -0.001333522 123.8897 
  0.01973896 124.5092 
  -0.198146 125.1317 
  -0.05588724 125.7574 
  -0.1080757 126.3862 
  0.1441121 127.0181 
  -0.174886 127.6532 
  -0.1070559 128.2915 
  0.01667613 128.9329 
  -0.0531331 129.5776 
  -0.1095236 130.2255 
  -0.3230491 130.8766 
  -0.1018419 131.531 
  0.2501322 131.531 
  0.6478937 138.9488 
  0.8029989 138.9488 
  0.8275385 136.8852 
  0.8054546 133.5138 
  0.8955176 130.8766 
  0.9414676 128.9329 
  0.9413612 127.0181 
  0.9359111 125.7574 
  0.7847446 125.1317 
  0.7143084 121.4426 
  0.7981309 118.4515 
  0.913647 121.4426 
  0.9672844 122.6601 
  0.9547037 122.6601 
  0.9419564 121.4426 
  0.9489715 120.8384 
  0.9075459 120.2372 
  0.8482254 120.8384 
  0.3665143 123.8897 
  -0.3309177 127.6532 
  -0.30543 131.531 
  -0.1898989 135.5266 
  -0.2891289 139.6435 
  -0.1748564 143.8855 
  -0.002016469 148.2564 
  -0.003551824 152.7601 
  0.02217118 157.4006 
  0.268361 162.9929 
  0.02477046 168.784 
  -0.1321572 176.533 
  -0.1705794 184.6377 
  -0.1170713 193.1145 
  0.6928003 201.9805 
  0.7265413 188.3582 
  0.8422631 191.1978 
  0.9092495 195.0505 
  0.9546434 199.9758 
  0.9757013 202.9904 
  0.9887025 205.0254 
  0.9843488 206.0505 
  0.9528408 205.0254 
  0.8739088 200.9756 
  0.2416741 196.0257 
  -0.4261448 192.1537 
  -0.02373763 189.3 
  -0.1274926 186.4887 
  -0.2230153 183.7191 
  -0.2068758 180.9906 
  -0.06244105 178.3027 
  0.02530088 175.6547 
  -0.08952209 173.046 
  0.01035424 170.476 
  0.01986937 167.9442 
  -0.01904973 165.4501 
  -0.169099 162.9929 
  0.09915973 160.5723 
  0.194006 158.1876 
  0.2009647 155.8383 
  0.01500531 153.5239 
  0.1698964 151.2439 
  0.2246741 148.9977 
  0.2054054 146.7849 
  0.002293639 144.605 
  0.001550322 142.4574 
  0.09297988 140.3417 
  0.439797 138.2575 
  0.7061734 148.9977 
  0.8193401 148.2564 
  0.9330693 148.2564 
  0.8812947 150.4914 
  0.8955494 155.063 
  0.8844061 158.9785 
  0.9142166 163.8079 
  0.9192268 168.784 
  0.9335632 173.046 
  0.9613274 176.533 
  0.9711493 180.9906 
  0.9760842 183.7191 
  0.9798054 185.5609 
  0.9905527 186.4887 
  0.9877474 186.4887 
  0.9710413 184.6377 
  0.9693 182.8051 
  0.9245376 179.1942 
  0.7879503 174.7808 
  0.6818094 167.9442 
  0.6696506 161.3751 
  0.7075164 155.063 
  0.4207888 145.328 
  -0.0307445 144.605 
  -0.1924156 143.8855 
  -0.3137757 143.1697 
  -0.4039741 142.4574 
  -0.5121057 141.7487 
  -0.2338371 141.0434 
  0.1560986 140.3417 
  0.407665 140.3417 
  0.02995645 140.3417 
  0.1559835 140.3417 
  0.04788373 140.3417 
  -0.2571466 140.3417 
  0.3445708 140.3417 
  0.3240578 139.6435 
  0.5327185 138.9488 
  0.6198989 138.2575 
  0.7051099 136.2042 
  0.8503288 134.8523 
  0.9700986 134.1814 
  0.9424223 134.1814 
  0.9416903 136.2042 
  0.9717736 137.5696 
  0.9410306 139.6435 
  0.8952925 142.4574 
  0.8539707 146.7849 
  0.7945266 152.7601 
  0.8162364 160.5723 
  0.8864326 166.2773 
  0.9589527 172.185 
  0.9686426 174.7808 
  0.9637421 175.6547 
  0.9207444 173.046 
  0.8765581 169.6279 
  0.7440408 166.2773 
  0.2880634 162.9929 
  0.0002985328 159.7734 
  0.4888309 156.6175 
  0.0289438 153.5239 
  -0.06733756 150.4914 
  -0.1472139 147.5188 
  -0.008432355 144.605 
  -0.1154789 142.4574 
  -0.0461916 140.3417 
  0.008269506 138.2575 
  0.5743638 140.3417 
  0.7546777 138.9488 
  0.804787 135.5266 
  0.8725469 131.531 
  0.9430676 128.9329 
  0.9304312 127.0181 
  0.8746502 123.8897 
  0.6817977 122.6601 
  0.1699666 123.2734 
  -0.08048148 123.8897 
  -0.06259367 124.5092 
  0.1583509 125.1317 
  0.156874 125.7574 
  0.076678 126.3862 
  0.04925264 127.0181 
  -0.002244924 127.6532 
  -0.1090089 128.2915 
  0.04465163 128.9329 
  0.2442517 129.5776 
  -0.044504 130.8766 
  0.0659289 132.1886 
  0.002144719 133.5138 
  -0.2565989 134.8523 
  -0.2149654 136.2042 
  -0.06476136 137.5696 
  -0.005347011 138.9488 
  0.006909347 140.3417 
  0.0848636 141.0434 
  0.02015127 141.7487 
  -0.03014481 142.4574 
  0.3335931 142.4574 
  0.5900791 138.9488 
  0.5168704 131.531 
  0.7688909 126.3862 
  0.9120502 124.5092 
  0.9497869 122.6601 
  0.9738785 122.0498 
  0.9652576 122.0498 
  0.9535257 122.0498 
  0.9100423 122.0498 
  0.6107962 122.0498 
  0.4001711 118.4515 
  0.5071017 125.7574 
  0.1927344 126.3862 
  0.5336826 126.3862 
  0.3847073 126.3862 
  0.05805832 126.3862 
  0.5977499 125.1317 
  0.3106881 125.1317 
  0.6868808 125.1317 
  0.6135067 125.1317 
  0.5048003 125.1317 
  0.694625 125.1317 
  0.3685455 125.1317 
  0.6372866 125.1317 
  0.3600535 125.1317 
  0.1305832 125.1317 
  0.02771072 125.1317 
  -0.04270213 125.1317 
  0.1103194 125.1317 
  0.2215079 125.1317 
  0.198115 125.1317 
  0.04620341 125.1317 
  -0.1142422 125.1317 
  -0.1729262 125.1317 
  -0.07647963 125.1317 
  -0.2099739 125.1317 
  -0.2595767 125.1317 
  -0.1595456 125.1317 
  -0.1176626 125.1317 
  0.01126999 125.1317 
  0.07554018 125.1317 
  -0.0140934 125.1317 
  -0.09835519 125.1317 
  -0.0991588 125.1317 
  -0.09365663 125.1317 
  0.04952604 125.1317 
  -0.1598791 125.1317 
  -0.07871056 125.1317 
  -0.1619118 125.1317 
  -0.02821559 125.1317 
  -0.1341165 125.1317 
  -0.09165572 125.1317 
  -0.1660707 125.1317 
  -0.04335333 125.1317 
  0.07499328 125.1317 
  0.1584491 125.1317 
  -0.008685346 125.1317 
  -0.05954682 125.1317 
  -0.0580801 125.1317 
  0.1388551 125.1317 
  0.1880162 125.1317 
  0.07556015 125.1317 
  -0.1161958 125.1317 
  0.0979363 125.1317 
  0.06254366 125.1317 
  0.1240874 125.1317 
  0.1444797 125.1317 
  0.05733981 125.1317 
  0.03610325 125.1317 
  0.01099101 125.1317 
  0.1739999 125.1317 
  0.1758487 125.1317 
  0.1842586 125.1317 
  -0.1708097 125.1317 
  -0.232405 125.1317 
  -0.02453739 125.1317 
  0.08758214 125.1317 
  0.0696225 125.1317 
  0.02234194 125.1317 
  -0.03853165 125.1317 
  -0.1679226 125.1317 
  -0.08552324 125.1317 
  -0.1611823 125.1317 
  0.07931792 125.1317 
  0.04283512 125.1317 
  0.01300858 125.1317 
  0.07333411 125.1317 
  0.03804997 125.1317 
  0.1523981 125.1317 
  -0.0308394 125.1317 
  -0.008339729 125.1317 
  0.1160367 125.1317 
  -0.0793885 125.1317 ]
