 [
  -0.08394156 246.5766 
  0.04044291 246.5766 
  0.04411355 246.5766 
  0.3860657 246.5766 
  0.2645661 246.5766 
  0.3462513 246.5766 
  0.4817028 246.5766 
  0.357166 246.5766 
  0.2310973 246.5766 
  0.2706262 246.5766 
  -0.2851288 246.5766 
  -0.1592226 246.5766 
  0.0384766 246.5766 
  0.04527623 246.5766 
  0.3935866 246.5766 
  0.3532607 246.5766 
  0.3036691 240.5036 
  0.2511033 226.5316 
  0.7216433 217.6709 
  0.8005131 216.5879 
  0.9794948 217.6709 
  0.980531 218.7592 
  0.98033 220.9523 
  0.9801983 223.1673 
  0.8910789 225.4046 
  0.5191283 224.2832 
  0.185584 216.5879 
  0.2677925 208.1162 
  0.2354466 219.853 
  0.7726912 225.4046 
  0.9461852 225.4046 
  0.9395297 225.4046 
  0.9273272 226.5316 
  0.9410752 228.8026 
  0.9620351 232.2518 
  0.9858003 235.753 
  0.9854888 239.307 
  0.978348 241.7061 
  0.9521306 245.3498 
  0.9515125 251.5452 
  0.9186123 252.8029 
  0.7504487 251.5452 
  0.9120585 250.2938 
  0.6564585 249.0485 
  0.09957741 247.8095 
  -0.0353139 246.5766 
  -0.1588403 245.3498 
  -0.07094281 244.1292 
  -0.09124033 242.9146 
  -0.1278648 241.7061 
  -0.05768535 241.7061 
  0.2434638 241.7061 
  0.2531274 241.7061 
  0.09533668 240.5036 
  0.04479392 240.5036 
  0.4031532 240.5036 
  0.7172484 232.2518 
  0.6944839 218.7592 
  0.873441 212.3098 
  0.9787471 205.0254 
  0.9506949 200.9756 
  0.9350398 197.9909 
  0.8163836 196.0257 
  0.9576077 196.0257 
  0.9248733 197.9909 
  0.9369354 201.9805 
  0.9388306 207.0808 
  0.9497113 207.0808 
  0.9435019 205.0254 
  0.9811873 201.9805 
  0.980813 198.9809 
  0.9758411 197.0059 
  0.9754723 197.0059 
  0.991658 196.0257 
  0.9979275 195.0505 
  0.999712 194.0801 
  0.9977682 193.1145 
  0.9975757 192.1537 
  0.9974815 192.1537 
  0.9849567 192.1537 
  0.9528201 192.1537 
  0.8832872 191.1978 
  0.7878649 190.2465 
  0.8433115 190.2465 
  0.9259292 191.1978 
  0.9627935 193.1145 
  0.9624271 196.0257 
  0.9755892 197.9909 
  0.9901382 200.9756 
  0.9967709 201.9805 
  0.9978828 201.9805 
  0.998683 201.9805 
  0.999549 201.9805 
  0.9995038 201.9805 
  0.997965 201.9805 
  0.9964651 201.9805 
  0.9955261 201.9805 
  0.9633316 205.0254 
  0.7804174 209.1568 
  0.6641046 219.853 
  0.8912058 235.753 
  0.8763145 238.1164 
  0.5971192 234.5801 
  -0.08746254 235.753 
  -0.1117664 236.9318 
  -0.1223102 238.1164 
  0.148669 239.307 
  0.07574396 240.5036 
  0.02407765 240.5036 
  0.2501529 241.7061 
  0.1896782 242.9146 
  -0.03887163 244.1292 
  0.03770062 245.3498 
  0.02774784 246.5766 
  0.3149141 247.8095 
  0.8367764 249.0485 
  0.5110065 249.0485 
  0.3880992 242.9146 
  0.2126225 217.6709 
  0.1708289 200.9756 
  0.318662 185.5609 
  0.901271 178.3027 
  0.9723836 178.3027 
  0.9780985 179.1942 
  0.9709174 181.8956 
  0.9821202 183.7191 
  0.9944258 185.5609 
  0.9989359 185.5609 
  0.9960281 185.5609 
  0.9786387 184.6377 
  0.9482666 184.6377 
  0.8876759 184.6377 
  0.7904115 185.5609 
  0.9227226 186.4887 
  0.9552015 187.4211 
  0.9929976 188.3582 
  0.996926 189.3 
  0.9990456 189.3 
  0.9965932 189.3 
  0.919448 192.1537 
  0.8601698 197.0059 
  0.9122154 197.0059 
  0.9732007 197.0059 
  0.9840856 195.0505 
  0.9636845 195.0505 
  0.9238242 196.0257 
  0.9035757 196.0257 
  0.9191294 196.0257 
  0.9547948 196.0257 
  0.9763432 196.0257 
  0.9744009 195.0505 
  0.9487885 194.0801 
  0.8879839 193.1145 
  0.8264138 189.3 
  0.1670808 189.3 
  0.07551642 190.2465 
  0.1636696 192.1537 
  0.3278479 194.0801 
  0.5966737 196.0257 
  0.4615863 197.9909 
  0.5185012 199.9758 
  0.6106681 201.9805 
  0.7427473 204.0054 
  0.4845544 206.0505 
  0.1541934 208.1162 
  0.05436495 210.2025 
  0.105888 212.3098 
  0.03134298 214.4382 
  0.346714 216.5879 
  0.5544245 218.7592 
  0.6963437 209.1568 
  0.8933797 206.0505 
  0.9949827 202.9904 
  0.9998872 202.9904 
  0.9989131 202.9904 
  0.9969697 201.9805 
  0.9958156 201.9805 
  0.9922885 200.9756 
  0.9899795 199.9758 
  0.9852777 198.9809 
  0.9712459 198.9809 
  0.9420945 198.9809 
  0.8870728 200.9756 
  0.8847554 202.9904 
  0.560223 205.0254 
  0.02929219 207.0808 
  -0.05187235 209.1568 
  0.7435233 211.2535 
  0.3740409 212.3098 
  0.4063678 212.3098 
  0.4423367 212.3098 
  0.2409536 212.3098 
  0.2483884 212.3098 
  0.7239035 212.3098 
  0.5931501 201.9805 
  0.7492688 194.0801 
  0.9333074 191.1978 
  0.9190574 191.1978 
  0.9160014 193.1145 
  0.9848216 195.0505 
  0.9973354 196.0257 
  0.9812785 194.0801 
  0.9678418 192.1537 
  0.9729909 189.3 
  0.9834428 186.4887 
  0.9938626 185.5609 
  0.9869331 185.5609 
  0.9876807 187.4211 
  0.9928132 188.3582 
  0.9939502 189.3 
  0.9874166 189.3 
  0.9706311 187.4211 
  0.9617041 186.4887 
  0.9975123 186.4887 
  0.9970543 186.4887 
  0.9936368 186.4887 
  0.981972 187.4211 
  0.9638404 188.3582 
  0.9435921 190.2465 
  0.964662 192.1537 
  0.9009408 194.0801 
  0.739822 196.0257 
  0.7543035 197.9909 
  0.5268255 198.9809 
  0.5870936 199.9758 
  0.7612882 196.0257 
  0.9196504 192.1537 
  0.9953157 189.3 
  0.9987161 188.3582 
  0.9985135 188.3582 
  0.9959813 188.3582 
  0.977529 188.3582 
  0.9219832 189.3 
  0.7153261 190.2465 
  0.2204959 190.2465 
  0.04308856 190.2465 
  -0.04794507 190.2465 
  -0.01035016 190.2465 
  -0.007828264 190.2465 
  0.09647811 191.1978 
  0.03762943 192.1537 
  0.3334857 193.1145 
  0.02055783 193.1145 
  0.08376075 193.1145 
  0.1555564 193.1145 
  0.2835529 193.1145 
  -0.04819236 193.1145 
  -0.5039609 194.0801 
  0.7296885 196.0257 
  0.8525816 193.1145 
  0.966189 191.1978 
  0.9969858 190.2465 
  0.9978687 189.3 
  0.9850597 188.3582 
  0.948741 185.5609 
  0.9420115 182.8051 
  0.9421605 179.1942 
  0.9402992 179.1942 
  0.9814135 180.9906 
  0.926178 180.9906 
  0.8213568 180.9906 
  0.728043 180.9906 
  0.7640776 180.9906 
  0.8750938 180.0902 
  0.9336556 180.9906 
  0.7924798 182.8051 
  0.5279143 185.5609 
  -0.1126918 187.4211 
  -0.2016393 189.3 
  -0.3606011 191.1978 
  -0.1213989 193.1145 
  0.1008441 194.0801 
  0.1834908 195.0505 
  0.002188835 196.0257 
  -0.03186189 197.0059 
  0.07278261 197.9909 
  0.1534682 198.9809 
  -0.09086686 199.9758 
  -0.007818201 201.9805 
  -0.1127637 204.0054 
  -0.005228567 206.0505 
  0.1572734 208.1162 
  0.5016616 209.1568 
  0.3073933 210.2025 
  -0.1381712 211.2535 
  0.548283 210.2025 
  0.5471341 205.0254 
  0.6971208 202.9904 
  0.7606459 192.1537 
  0.8315738 193.1145 
  0.9636492 191.1978 
  0.9765495 190.2465 
  0.9813187 189.3 
  0.9849725 187.4211 
  0.9852898 185.5609 
  0.9801669 185.5609 
  0.9820466 185.5609 
  0.9606196 185.5609 
  0.9661316 184.6377 
  0.9573656 183.7191 
  0.8671097 185.5609 
  0.7473871 185.5609 
  0.5407668 192.1537 
  0.4192889 201.9805 
  0.3155311 226.5316 
  0.2073825 250.2938 
  0.4118644 271.0859 
  0.3937672 277.9312 
  0.2763369 276.5485 
  0.4365294 268.3953 
  0.3081384 265.7313 
  0.2258316 272.4414 
  -0.1127883 282.1211 
  -0.03306443 284.9493 
  -0.2568158 287.806 
  0.04116563 290.6912 
  -0.007894525 293.6054 
  0.050925 298.0316 
  0.05925128 302.5244 
  0.01882161 307.085 
  0.03662927 311.7143 
  -0.01500848 316.4135 
  0.05959379 321.1834 
  0.1365148 326.0254 
  0.1214065 330.9402 
  0.0365069 335.9292 
  -0.1047356 340.9934 
  -0.1761382 346.1339 
  -0.07600466 349.6039 
  0.1865183 356.6486 
  0.2706583 365.6544 
  0.3735112 376.7621 
  0.5644997 388.2072 
  0.6465197 396.0298 
  0.573534 400 
  0.06476627 400 
  0.1852191 400 
  0.2825209 400 
  0.2995221 400 
  0.2130452 400 
  0.2985891 400 
  0.1650908 400 
  0.0182083 400 
  0.2871459 398.0099 
  0.1695234 392.099 
  0.2023423 384.3541 
  0.2495282 378.6459 
  0.1210102 373.0226 
  0.2545497 371.1667 
  0.03841727 371.1667 
  0.1094492 374.8877 
  0.2534971 378.6459 
  0.2394861 380.5392 
  -0.1262907 380.5392 
  -0.5876555 380.5392 
  -0.5498568 380.5392 
  -0.03773101 380.5392 
  -0.05500751 380.5392 
  -0.1053212 380.5392 
  -0.1699061 380.5392 
  -0.1684714 380.5392 
  -0.2704125 380.5392 
  -0.1996594 380.5392 
  -0.2202648 380.5392 
  -0.2711895 380.5392 
  -0.3754611 380.5392 
  -0.2224371 380.5392 
  -0.2017699 380.5392 
  -0.2830427 380.5392 
  -0.3794716 380.5392 
  -0.4940526 380.5392 
  -0.4874295 380.5392 
  -0.338692 380.5392 
  -0.2424777 380.5392 
  -0.2584822 380.5392 
  0.06896061 380.5392 
  0.05281596 380.5392 
  0.2365938 380.5392 
  0.3047249 380.5392 
  0.1620804 380.5392 
  0.07781783 380.5392 
  -0.1225928 380.5392 
  -0.05139129 380.5392 
  0.07432501 380.5392 
  0.09047268 380.5392 ]
