 [
  -0.2217058 255.3373 
  -0.1918438 255.3373 
  -0.07093818 255.3373 
  0.1527717 255.3373 
  0.1648462 255.3373 
  0.1726754 255.3373 
  0.2654119 255.3373 
  -0.006716963 255.3373 
  -0.06737533 255.3373 
  -0.03345443 255.3373 
  0.05289329 255.3373 
  0.1774029 255.3373 
  0.2030955 255.3373 
  0.4022835 255.3373 
  0.2498058 256.614 
  0.2436265 257.8971 
  0.1451499 257.8971 
  0.09130085 257.8971 
  0.07842315 257.8971 
  0.762041 257.8971 
  0.9377751 252.8029 
  0.9548286 255.3373 
  0.972306 259.1866 
  0.9898518 264.4093 
  0.992244 265.7313 
  0.9947917 269.7372 
  0.9975032 271.0859 
  0.9978558 272.4414 
  0.9892441 271.0859 
  0.9638239 267.06 
  0.9097775 261.7849 
  0.6651366 259.1866 
  0.04185432 260.4825 
  0.02225795 260.4825 
  0.03015674 260.4825 
  0.2009388 257.8971 
  0.2432859 256.614 
  0.2973609 256.614 
  0.08185213 259.1866 
  -0.1134658 261.7849 
  0.05834626 264.4093 
  0.03905789 268.3953 
  0.2235064 272.4414 
  0.7638134 276.5485 
  0.9135383 271.0859 
  0.9350373 267.06 
  0.9483973 261.7849 
  0.9749429 256.614 
  0.9905159 252.8029 
  0.99366 250.2938 
  0.9878808 247.8095 
  0.9907328 245.3498 
  0.9946942 245.3498 
  0.9994897 245.3498 
  1.0001 244.1292 
  1.000405 244.1292 
  1.00023 244.1292 
  1.000295 242.9146 
  1.000238 242.9146 
  0.9990969 241.7061 
  0.9982943 240.5036 
  0.9949589 239.307 
  0.9888715 236.9318 
  0.9739234 234.5801 
  0.9325553 233.4131 
  0.6061113 233.4131 
  0.2169284 233.4131 
  0.08593372 233.4131 
  -0.2114653 232.2518 
  0.3166035 231.0963 
  0.6976001 229.9466 
  0.9257824 222.057 
  0.9537025 219.853 
  0.9718561 216.5879 
  0.9834917 213.3714 
  0.993627 212.3098 
  0.9821551 213.3714 
  0.9732705 216.5879 
  0.9569874 217.6709 
  0.8876714 217.6709 
  0.4487344 219.853 
  -0.055062 226.5316 
  -0.03126591 233.4131 
  0.02983488 236.9318 
  -0.04236195 238.1164 
  -0.07526141 239.307 
  -0.02261844 241.7061 
  -0.1211178 244.1292 
  0.06710043 245.3498 
  0.2007659 246.5766 
  0.01652872 249.0485 
  0.1739148 251.5452 
  0.194583 254.067 
  -0.006148478 256.614 
  0.179175 257.8971 
  0.2123581 251.5452 
  0.2554973 244.1292 
  0.5055445 240.5036 
  0.2918319 234.5801 
  -0.3194446 228.8026 
  -0.3165498 223.1673 
  -0.1359882 217.6709 
  0.1324595 212.3098 
  0.3661326 207.0808 
  0.4349483 207.0808 
  0.4398441 209.1568 
  0.13678 212.3098 
  -0.1151402 214.4382 
  0.1121642 214.4382 
  -0.002756605 213.3714 
  0.05716142 211.2535 
  0.6553423 209.1568 
  0.4321028 205.0254 
  0.2418117 185.5609 
  0.7933056 183.7191 
  0.8798002 183.7191 
  0.9288359 182.8051 
  0.8735269 183.7191 
  0.7790779 183.7191 
  0.04460745 178.3027 
  0.8486703 176.533 
  0.9766436 174.7808 
  0.9857512 173.9112 
  0.9911448 173.046 
  0.9839875 172.185 
  0.9544316 171.3284 
  0.8693714 170.476 
  0.7751229 170.476 
  0.5887681 170.476 
  0.3408984 171.3284 
  0.00700164 172.185 
  0.01059671 173.046 
  0.01839524 173.9112 
  0.05115818 174.7808 
  -0.00611843 175.6547 
  -0.09667537 176.533 
  0.1660372 177.4156 
  -0.2340116 178.3027 
  -0.2152045 179.1942 
  -0.119882 180.0902 
  0.4860854 180.0902 
  0.7523637 181.8956 
  0.8982026 180.0902 
  0.8914766 175.6547 
  0.9562035 172.185 
  0.9934437 170.476 
  0.9923182 169.6279 
  0.9956642 168.784 
  0.9933209 167.9442 
  0.982318 167.1087 
  0.992478 164.6269 
  0.9901239 162.182 
  0.9883586 159.7734 
  0.995788 158.1876 
  0.9953367 157.4006 
  0.9842414 158.1876 
  0.9827746 159.7734 
  0.9976242 161.3751 
  0.9981863 162.9929 
  0.9935375 164.6269 
  0.9946089 166.2773 
  0.9942414 167.1087 
  0.997171 167.9442 
  0.997905 167.9442 
  0.9898692 167.9442 
  0.9537229 167.9442 
  0.9096474 167.9442 
  0.9020339 167.9442 
  0.8332816 167.1087 
  0.6647199 167.1087 
  0.4569868 167.1087 
  0.303164 167.1087 
  0.6495696 167.1087 
  0.3456221 167.1087 
  0.2109804 167.1087 
  0.09414401 167.1087 
  0.06548154 167.1087 ]
