 [
  -0.05881054 154.2915 
  -0.04403486 154.2915 
  -0.08385628 154.2915 
  -0.2835982 154.2915 
  -0.1657096 154.2915 
  -0.02829226 154.2915 
  0.1847063 154.2915 
  0.01860925 154.2915 
  -0.07827333 154.2915 
  0.0309499 154.2915 
  -0.1184935 154.2915 
  -0.2722742 154.2915 
  -0.5694535 154.2915 
  0.2472284 154.2915 
  0.374794 158.1876 
  0.2928767 167.9442 
  0.3928001 189.3 
  0.8234079 191.1978 
  0.6917149 187.4211 
  0.6220917 180.9906 
  0.795576 181.8956 
  0.3482871 183.7191 
  0.4546225 197.9909 
  0.6597471 210.2025 
  0.8895924 215.5104 
  0.9776171 219.853 
  0.9408184 223.1673 
  0.940409 226.5316 
  0.9730352 232.2518 
  0.9799629 233.4131 
  0.9774429 234.5801 
  0.9520173 233.4131 
  0.943583 238.1164 
  0.9600165 245.3498 
  0.9785276 252.8029 
  0.9909037 255.3373 
  0.9959362 257.8971 
  1.000422 257.8971 
  0.9984934 257.8971 
  0.9950873 256.614 
  0.9918061 254.067 
  0.992011 250.2938 
  0.9964396 249.0485 
  0.9815884 251.5452 
  0.9860659 255.3373 
  0.9908217 259.1866 
  0.984534 259.1866 
  0.973879 259.1866 
  0.9792871 256.614 
  0.9816563 254.067 
  0.9872046 252.8029 
  0.9887759 250.2938 
  0.9887512 247.8095 
  0.9784845 244.1292 
  0.9574745 239.307 
  0.9265819 229.9466 
  0.8987464 223.1673 
  0.869301 218.7592 
  0.253917 223.1673 
  0.3084451 226.5316 
  0.845908 229.9466 
  0.2499029 233.4131 
  0.122604 236.9318 
  0.1399607 240.5036 
  -0.1412402 244.1292 
  0.07520179 246.5766 
  -0.02395539 250.2938 
  -0.0199072 254.067 
  0.1571868 257.8971 
  0.07286562 260.4825 
  0.02451361 263.0938 
  0.3941265 264.4093 
  0.7194545 242.9146 
  0.8111889 235.753 
  0.7830325 229.9466 
  0.7805756 222.057 
  0.9150217 216.5879 
  0.9741727 214.4382 
  0.9847098 213.3714 
  0.9840365 213.3714 
  0.971911 212.3098 
  0.9895962 211.2535 
  0.9838554 210.2025 
  0.976328 209.1568 
  0.9682933 207.0808 
  0.9725513 204.0054 
  0.9630131 202.9904 
  0.9348985 199.9758 
  0.942046 197.0059 
  0.9329574 195.0505 
  0.9392052 191.1978 
  0.9736825 188.3582 
  0.9557143 184.6377 
  0.942678 182.8051 
  0.9663753 180.9906 
  0.9681981 180.0902 
  0.9879304 179.1942 
  0.9921228 178.3027 
  0.9896972 179.1942 
  0.9872026 179.1942 
  0.9751514 179.1942 
  0.9434767 178.3027 
  0.8864957 178.3027 
  0.4182293 179.1942 
  -0.07873084 180.0902 
  0.03197346 180.9906 
  0.1953245 181.8956 
  0.009100671 182.8051 
  -0.00978414 183.7191 
  -0.006147908 185.5609 
  -0.02393519 187.4211 
  0.3163165 189.3 
  0.683189 190.2465 
  0.8210923 188.3582 
  0.9381422 186.4887 
  0.9184459 185.5609 
  0.7792727 186.4887 
  0.7325884 188.3582 
  0.5744569 190.2465 
  0.1040772 192.1537 
  -0.025094 194.0801 
  0.001216617 196.0257 
  -0.000355267 197.9909 
  -0.1280235 198.9809 
  -0.07027175 199.9758 
  -0.1289673 200.9756 
  -0.1076866 201.9805 
  -0.0476145 202.9904 
  -0.04021897 204.0054 
  0.03359634 205.0254 
  0.04323147 206.0505 
  0.08678485 207.0808 
  -0.2238629 209.1568 
  0.7924554 206.0505 
  0.8830982 202.9904 
  0.9314864 199.9758 
  0.9048061 197.0059 
  0.7807741 191.1978 
  0.5211388 183.7191 
  0.4789951 170.476 
  0.1140455 158.1876 
  -0.4133243 160.5723 
  -0.563661 163.8079 
  -0.2286376 166.2773 
  -0.4768072 168.784 
  -0.05989496 171.3284 
  -0.05466402 173.9112 
  0.07128541 176.533 
  -0.06485622 179.1942 
  0.02168898 182.8051 
  -0.04935697 186.4887 
  0.2600339 190.2465 
  0.1524406 194.0801 
  0.2931704 198.9809 
  0.4226316 204.0054 
  0.552942 210.2025 
  0.7802328 210.2025 
  0.956588 208.1162 
  0.9756685 206.0505 
  0.9785905 204.0054 
  0.9870597 204.0054 
  0.9821423 201.9805 
  0.9818954 201.9805 
  0.9762744 200.9756 
  0.9770573 200.9756 
  0.9739292 199.9758 
  0.9753938 198.9809 
  0.9733486 198.9809 
  0.9809056 197.9909 
  0.9868284 197.9909 
  0.9863924 197.0059 
  0.9697579 195.0505 
  0.9594043 191.1978 
  0.8713335 189.3 
  0.7696742 189.3 
  0.8524295 189.3 
  0.852763 189.3 
  0.8435674 186.4887 
  0.9097414 183.7191 
  0.94287 180.9906 
  0.9832489 180.0902 
  0.9791834 178.3027 
  0.9824982 176.533 
  0.9361389 175.6547 
  0.932947 173.046 
  0.9379267 172.185 
  0.9841551 171.3284 
  0.9886029 170.476 
  0.9931464 169.6279 
  0.9798472 168.784 
  0.9228207 168.784 
  0.8584961 170.476 
  0.9447004 174.7808 
  0.7660971 180.0902 
  0.4611993 188.3582 
  0.3668353 197.9909 
  0.08451623 208.1162 
  0.1382927 218.7592 
  0.2889883 228.8026 
  0.535663 240.5036 
  0.5685478 247.8095 
  0.6312084 249.0485 
  0.2683056 242.9146 
  0.4538019 217.6709 
  0.2101093 202.9904 
  0.1317697 196.0257 
  0.2109947 176.533 
  0.5254597 176.533 
  0.2196344 184.6377 
  0.6855217 195.0505 
  0.9067174 194.0801 
  0.9745636 191.1978 
  0.9857907 189.3 
  0.9795228 188.3582 
  0.9580916 188.3582 
  0.9347558 189.3 
  0.9898592 191.1978 
  0.9942802 192.1537 
  0.9940874 191.1978 
  0.9941266 191.1978 
  0.9964222 190.2465 
  0.9911047 188.3582 
  0.9867792 187.4211 
  0.982949 185.5609 
  0.9850707 184.6377 
  0.986962 183.7191 
  0.9843897 182.8051 
  0.9748371 180.9906 
  0.983048 179.1942 
  0.9739873 178.3027 
  0.9600165 176.533 
  0.9579858 175.6547 
  0.9728917 173.9112 
  0.9778458 173.046 
  0.965423 172.185 
  0.9727626 171.3284 
  0.9600614 171.3284 
  0.9912672 172.185 
  0.9649417 173.046 
  0.9508916 173.046 
  0.8861731 173.9112 
  0.6052366 174.7808 
  0.1036665 175.6547 
  -0.01785701 176.533 
  -0.075468 177.4156 
  -0.007568241 178.3027 
  -0.02349415 179.1942 
  0.01767887 180.0902 
  -0.03263791 180.9906 
  0.07156472 181.8956 
  -0.0701687 182.8051 
  0.3342943 183.7191 
  0.09367011 184.6377 
  0.2635262 185.5609 
  0.02005782 186.4887 
  -0.07500429 187.4211 
  -0.06310518 188.3582 
  0.05397642 188.3582 
  -0.02268661 188.3582 
  -0.06822383 188.3582 
  -0.2476161 189.3 
  0.2742329 190.2465 
  0.7876871 189.3 
  0.8800536 187.4211 
  0.9773105 185.5609 
  0.9820865 183.7191 
  0.9840671 182.8051 
  0.9931154 180.0902 
  0.9923842 178.3027 
  0.9968545 176.533 
  0.994626 175.6547 
  0.9927406 174.7808 
  0.9917032 174.7808 
  0.989314 174.7808 
  0.9836692 174.7808 
  0.9591244 175.6547 
  0.9521924 175.6547 
  0.9671723 175.6547 
  0.9877516 175.6547 
  0.9397138 174.7808 
  0.8344467 173.9112 
  0.5508633 173.046 
  0.3157237 173.046 
  0.02234923 173.046 
  -0.002006716 173.046 
  -0.04459621 173.046 
  -0.04738628 173.046 
  -0.1998938 173.046 
  -0.02651381 173.046 
  0.09785687 173.046 
  0.07738093 173.046 
  0.03791737 173.046 
  -0.1306962 173.046 
  -0.1163516 173.046 
  0.008289648 173.046 
  -0.1090075 173.046 
  0.007529028 173.046 
  -0.182711 173.046 
  -0.3949326 173.046 
  -0.3876283 173.046 
  -0.1375332 173.046 
  -0.133161 173.046 
  0.05789059 173.046 
  -0.08188573 173.046 
  -0.1978877 173.046 
  -0.1894906 173.046 
  -0.2093816 173.046 
  0.003356765 173.046 
  -0.003447345 173.046 
  0.03522332 173.046 
  -0.1526613 173.046 
  -0.1550293 173.046 
  -0.1401141 173.046 
  0.0006358561 173.046 
  -0.2511099 173.046 
  -0.1291168 173.046 
  -0.227257 173.046 
  -0.09373993 173.046 
  -0.1129069 173.046 
  -0.221394 173.046 
  -0.08324651 173.046 
  -0.2504885 173.046 
  -0.269787 173.046 
  -0.1696619 173.046 
  -0.2552514 173.046 
  -0.1120587 173.046 
  -0.2167079 173.046 
  0.1665138 173.046 ]
