 [
  -0.006760325 105.0885 
  -0.00184523 105.0885 
  0.01304033 105.0885 
  -0.03649623 105.0885 
  -0.0581676 105.0885 
  -0.2116737 105.0885 
  0.023344 105.0885 
  0.4312296 105.0885 
  0.1996546 105.0885 
  0.1988777 105.0885 
  0.2436 105.0885 
  0.07524463 105.0885 
  0.3131013 105.0885 
  0.06211769 106.142 
  0.6302301 105.614 
  0.3430983 111.5702 
  0.6701403 113.8184 
  0.6888781 117.2759 
  0.742578 119.639 
  0.7712804 122.6601 
  0.8111408 125.1317 
  0.6969173 128.9329 
  0.7256957 131.531 
  0.8535737 128.9329 
  0.8277048 126.3862 
  0.7630401 122.0498 
  0.9409189 120.2372 
  0.9677142 119.639 
  0.9545768 120.2372 
  0.9473708 122.0498 
  0.9753238 122.6601 
  0.9815776 122.0498 
  0.9648555 120.8384 
  0.9746572 120.2372 
  0.9931021 119.0438 
  0.9944927 118.4515 
  0.9898068 117.8622 
  0.9288484 116.6924 
  0.9157593 115.5342 
  0.9539037 114.3874 
  0.954411 115.5342 
  0.9825158 116.6924 
  0.9774518 117.2759 
  0.9546405 117.8622 
  0.95783 117.2759 
  0.9332349 116.6924 
  0.9514295 113.8184 
  0.9558017 112.128 
  0.9651518 110.4628 
  0.974364 108.8223 
  0.9761378 107.7421 
  0.8573222 106.6728 
  0.7272846 106.142 
  0.1828839 106.142 
  -0.3546649 107.7421 
  0.02540817 109.3664 
  0.02557485 111.0151 
  -0.03297512 112.6886 
  -0.07644133 114.3874 
  0.2725129 116.1118 
  0.05867648 117.8622 
  0.1537183 119.639 
  -0.2136154 121.4426 
  -0.1493089 123.2734 
  -0.07620446 125.1317 
  0.5074357 126.3862 
  0.7559826 124.5092 
  0.8315442 122.0498 
  0.9259362 119.0438 
  0.9791538 118.4515 
  0.9866444 117.8622 
  0.9848218 116.6924 
  0.7973207 116.1118 
  0.6365107 115.5342 
  -0.4342574 114.3874 
  -0.390804 113.2521 
  0.6032218 112.128 
  0.2286657 111.0151 
  -0.1677527 109.9132 
  0.09418189 108.8223 
  0.1717306 107.7421 
  -0.06016541 106.6728 
  0.551414 105.0885 
  0.4096918 109.9132 
  0.5565565 106.142 
  0.7233801 106.142 
  0.9715989 106.142 
  0.9695345 106.6728 
  0.8955627 106.142 
  0.8730771 105.614 
  0.834982 104.5657 
  0.7677376 101.9903 
  0.8668748 99.97575 
  0.9370176 98.98344 
  0.9513822 98.00098 
  0.9327466 97.02828 
  0.9058949 95.5873 
  0.946314 94.63854 
  0.9249324 93.6992 
  0.4750908 92.30766 
  0.2978274 89.14054 
  0.3585253 87.3798 
  0.5635619 83.96195 
  0.7761894 86.0821 
  0.3388598 86.51251 
  0.2367225 79.47963 
  0.3956245 75.2366 
  0.5094513 81.4866 
  0.6457523 95.5873 
  0.7815539 96.54556 
  0.8862083 97.51342 
  0.88696 98.491 
  0.9288385 99.97575 
  0.959377 100.978 
  0.9590595 101.4829 
  0.9688727 101.9903 
  0.987322 102.5003 
  0.9824792 103.0128 
  0.9297275 102.5003 
  0.7903029 101.9903 
  0.756891 100.978 
  0.2929782 99.47836 
  0.07005346 99.47836 
  0.120474 99.47836 
  0.06623226 99.47836 
  0.1536628 99.47836 
  0.125373 99.47836 
  0.1596021 99.47836 
  0.03583382 98.98344 
  -0.06804805 98.491 
  0.7278744 98.98344 
  0.5484397 100.4756 
  0.6004763 101.9903 
  0.5069372 101.4829 
  0.2229423 97.02828 
  0.7377552 93.6992 
  0.6192247 91.39146 
  0.7424367 89.14054 
  0.6168526 88.69706 
  0.4884789 86.94508 
  0.7776046 83.96195 
  0.7568092 82.71502 
  0.4898392 83.12859 
  0.3328527 83.96195 
  0.2272599 84.80367 
  0.02080612 85.65383 
  0.02507862 86.51251 
  0.007271481 86.94508 
  -0.07635763 87.8167 
  0.1220148 88.69706 
  0.1408497 89.58624 
  0.0900012 90.03418 
  -0.02006358 90.48434 
  -0.1778472 90.93677 
  -0.05648191 91.39146 
  0.1279876 91.84841 
  0.2411573 92.30766 
  0.318361 92.7692 
  0.03120865 93.23304 
  0.1785582 93.6992 
  0.04987671 94.1677 
  -0.02580033 94.63854 
  -0.06817438 95.11173 
  0.00392877 95.5873 
  0.0684495 96.06523 
  0.2407441 97.51342 
  0.6415111 101.4829 
  0.9392334 101.9903 
  0.9554702 100.978 
  0.9856261 99.97575 
  0.9809299 99.97575 
  0.9462017 100.4756 
  0.9092485 100.978 
  0.9278343 100.4756 
  0.8977497 99.47836 
  0.9280685 97.51342 
  0.9672593 96.06523 
  0.9738473 94.63854 
  0.9822868 93.6992 
  0.9459133 92.7692 
  0.7505859 91.84841 
  0.5040399 90.03418 
  0.1994746 88.25578 
  0.7258744 86.94508 
  0.8303771 86.51251 
  0.9395759 86.0821 
  0.9839128 85.65383 
  0.9296731 84.80367 
  0.8728657 83.54424 
  0.9092056 82.3035 
  0.9414949 81.4866 
  0.8692889 81.08118 
  0.7512739 81.4866 
  0.7974858 81.89403 
  0.9524459 82.3035 
  0.974811 82.71502 
  0.9877266 83.12859 
  0.9921592 83.12859 
  0.9804144 83.12859 
  0.9351503 83.12859 
  0.825333 83.12859 
  0.6048295 83.12859 
  0.3187672 83.12859 
  0.006495179 83.12859 
  -0.005461203 83.12859 
  0.07105197 83.12859 
  0.08966567 83.12859 
  0.1470428 83.12859 
  -0.08394001 83.12859 
  -0.1162285 83.12859 
  -0.02143652 83.12859 
  -0.2020007 83.12859 
  -0.04705075 83.12859 
  -0.543397 83.12859 
  -0.05763319 83.12859 
  -0.0696817 83.12859 
  -0.2474712 83.12859 
  -0.1758015 83.12859 
  -0.07615443 83.12859 
  0.07502661 83.12859 
  -0.3310199 83.12859 
  -0.4781842 83.12859 
  -0.4000119 83.12859 
  -0.1331475 83.12859 
  0.03385935 83.12859 
  -0.08025534 83.12859 
  -0.237612 83.12859 
  -0.183732 83.12859 
  -0.1633142 83.12859 
  -0.2545836 83.12859 ]
