 [
  0.1191718 90.48434 
  -0.100503 90.48434 
  -0.1482723 90.48434 
  -0.1965861 90.48434 
  -0.2317955 90.48434 
  -0.3624942 90.48434 
  -0.2145136 90.48434 
  -0.2065747 90.48434 
  0.09254063 90.48434 
  0.05136949 90.48434 
  -0.09821724 90.48434 
  0.7357404 90.48434 
  0.8082642 89.58624 
  0.7260982 88.69706 
  0.7569306 89.58624 
  0.7648447 90.93677 
  0.8392124 92.7692 
  0.7655396 96.06523 
  0.8346864 97.51342 
  0.8410072 98.00098 
  0.8006312 99.97575 
  0.8474158 101.4829 
  0.8548648 103.5278 
  0.7776113 105.0885 
  0.6756851 108.2809 
  0.6194911 112.6886 
  0.742888 116.1118 
  0.8040173 119.0438 
  0.8263143 121.4426 
  0.8446006 123.8897 
  0.8506732 127.0181 
  0.935401 127.6532 
  0.8490595 127.0181 
  0.7514738 125.1317 
  0.7718032 122.0498 
  0.69087 119.0438 
  0.5580662 117.8622 
  0.2907502 117.2759 
  0.1199919 116.6924 
  -0.2147037 116.1118 
  0.07191096 115.5342 
  0.08850724 114.9594 
  -0.1487895 114.3874 
  0.06048786 113.8184 
  -0.1916158 113.2521 
  -0.2062004 112.6886 
  0.1171374 112.128 
  0.08409883 111.5702 
  0.0001883569 111.0151 
  0.6668084 111.0151 
  0.4168314 102.5003 
  0.6874331 98.98344 
  0.8884664 97.02828 
  0.9336895 95.11173 
  0.8258951 93.6992 
  0.5554202 93.6992 
  -0.4740112 95.11173 
  -0.2201942 96.06523 
  0.02142075 97.02828 
  0.06272505 98.00098 
  0.01853874 98.98344 
  -0.06198992 99.97575 
  0.002235961 100.978 
  0.1196819 101.9903 
  0.1093384 103.0128 
  0.6010978 106.6728 
  0.5075676 98.491 
  0.8967313 98.00098 
  0.8825111 97.02828 
  0.7490231 94.63854 
  0.9170546 93.23304 
  0.9925568 93.23304 
  0.9722818 92.7692 
  0.9481525 92.30766 
  0.891277 91.39146 
  0.824177 89.58624 
  0.8244181 87.8167 
  0.7617137 85.65383 
  0.7398503 83.96195 
  0.6123471 82.71502 
  0.1412455 82.71502 
  0.3176183 83.12859 
  0.8052676 83.54424 
  0.6112183 83.96195 
  0.1609374 84.38177 
  0.1205853 84.80367 
  0.03153729 85.2277 
  0.2558587 85.65383 
  0.5215757 86.0821 
  0.8470317 86.51251 
  0.8946183 86.94508 
  0.8262382 89.14054 
  0.6287656 94.1677 
  0.6572683 97.02828 
  0.8074111 98.491 
  0.8024412 100.978 
  0.7496997 103.5278 
  0.7724037 106.142 
  0.6314483 108.8223 
  0.4810977 113.8184 
  0.7835162 119.639 
  0.9079952 122.0498 
  0.8815994 123.2734 
  0.8086209 123.8897 
  0.6135494 126.3862 
  0.3325101 126.3862 
  0.9483176 125.7574 
  0.9422527 125.1317 
  0.8854709 124.5092 
  0.1143543 123.8897 
  0.09604727 123.2734 
  0.06087945 122.0498 
  0.1036899 120.8384 
  0.1178897 119.639 
  0.0503572 118.4515 
  0.09246954 117.8622 
  0.01045392 117.2759 
  -0.1971651 117.2759 
  0.001742955 117.2759 
  -0.06759612 117.2759 
  -0.0298032 117.2759 
  0.07507654 117.2759 
  -0.3003162 116.6924 
  0.6298612 116.6924 
  0.594929 114.9594 
  0.5767453 108.8223 
  0.8056536 106.6728 
  0.805146 104.0455 
  0.8235855 101.4829 
  0.8439129 99.47836 
  0.7598108 97.02828 
  0.6571091 93.6992 
  0.6923324 90.48434 
  0.7896912 88.25578 
  0.6755635 86.94508 
  0.4392632 86.51251 
  -0.2185428 87.8167 
  0.1245527 88.69706 
  0.02543785 90.03418 
  -0.112252 90.93677 
  -0.1508888 91.84841 
  -0.1758621 92.7692 
  0.5985328 93.6992 
  0.3707989 89.58624 
  0.6693483 88.69706 
  0.980716 88.25578 
  0.9801322 88.25578 
  0.9854173 88.25578 
  0.9812859 88.25578 
  0.9680182 88.69706 
  0.9683444 89.14054 
  0.9489719 88.25578 
  0.7953429 86.94508 
  0.712414 85.2277 
  0.875774 83.12859 
  0.8476144 82.71502 
  0.9154894 83.12859 
  0.9515181 83.54424 
  0.9462264 83.96195 
  0.9476713 84.38177 
  0.9262938 84.38177 
  0.8828827 83.96195 
  0.8434601 82.71502 
  0.920446 82.3035 
  0.9687926 82.3035 
  0.940497 81.89403 
  0.7728305 81.89403 
  0.5492083 82.3035 
  0.416055 83.12859 
  -0.1503806 84.38177 
  0.09731038 85.65383 
  -0.1223176 86.51251 
  -0.04353604 87.3798 
  -0.09845284 88.25578 
  -0.09045777 89.58624 
  -0.007881584 90.93677 
  -0.0007575392 92.30766 
  -0.07325865 93.6992 
  -0.01015645 95.11173 
  -0.1476089 96.54556 
  -0.1279911 98.00098 
  0.06893316 99.47836 
  0.02257019 100.978 
  -0.1198233 102.5003 
  -0.111429 104.5657 
  0.2191252 106.142 
  0.4411162 107.7421 
  0.7025145 112.128 
  0.9080873 112.128 
  0.8338965 114.3874 
  0.8857862 116.6924 
  0.9456387 118.4515 
  0.9456167 119.0438 
  0.9164723 120.2372 
  0.8524243 120.2372 
  0.8043402 117.8622 
  0.4385889 114.9594 
  -0.1490207 113.8184 
  -0.1465313 112.6886 
  0.06925506 112.128 
  0.04140052 111.0151 
  -0.04787777 109.9132 
  -0.1023469 108.8223 
  -0.1195603 107.7421 
  0.003703932 106.6728 
  0.03388768 105.614 
  0.03250214 104.5657 
  0.3086115 103.5278 
  0.2105111 102.5003 
  0.7090311 102.5003 
  0.6914732 105.0885 
  0.4088126 106.142 
  0.6098552 108.2809 
  0.7524824 109.3664 
  0.6950771 112.6886 
  0.8659832 115.5342 
  0.9036124 116.6924 
  0.9391606 118.4515 
  0.8675722 118.4515 
  0.8169433 117.8622 
  0.8447027 116.6924 
  0.9328554 113.8184 
  0.8522565 109.9132 
  0.7334628 105.0885 
  0.5935829 95.5873 
  0.4741388 92.7692 
  0.6235527 89.14054 
  0.8097593 86.51251 
  0.8893809 85.2277 
  0.9586891 83.96195 
  0.9241678 83.12859 
  0.8295012 82.71502 
  0.7188488 83.12859 
  0.7080244 83.54424 
  0.2679394 84.38177 
  0.05120585 85.65383 
  0.02403058 86.51251 
  0.1180948 87.3798 
  -0.3596111 88.25578 
  -0.1737356 89.14054 
  -0.03321671 90.03418 
  0.06320634 90.93677 
  0.4831653 92.30766 
  -0.06776343 93.6992 
  0.5813942 92.7692 
  0.3750427 91.39146 
  0.6508776 90.03418 
  0.9234292 89.14054 
  0.8486595 88.25578 
  0.8354076 86.94508 
  0.9114437 86.51251 
  0.8315892 87.8167 
  0.9150236 88.25578 
  0.961991 88.69706 
  0.8806331 88.69706 
  0.7881602 89.58624 
  0.8381119 90.48434 
  0.738912 90.03418 
  0.5721319 89.58624 
  0.3967324 90.03418 
  0.3582605 90.48434 
  0.2222306 90.93677 
  -0.1103945 91.39146 
  0.001485709 91.84841 
  -0.05398498 92.30766 
  0.03501072 92.7692 
  0.01247383 92.30766 
  0.09896176 91.84841 
  0.01235532 91.84841 
  -0.01883299 92.30766 
  -0.073888 92.7692 
  -0.05293208 93.23304 
  -0.04199655 93.6992 
  -0.00530325 94.1677 
  0.216173 94.63854 
  -0.01630233 95.11173 
  -0.04773145 95.5873 
  0.2342474 96.06523 
  0.712616 96.54556 
  0.8313763 96.06523 
  0.8753498 95.5873 
  0.8344989 94.1677 
  0.7351555 93.6992 
  0.5002987 93.23304 
  0.3401099 93.6992 
  0.2713359 94.63854 
  0.05698105 96.06523 
  -0.1729217 98.00098 
  -0.2026629 99.97575 
  0.1580105 101.9903 
  0.6336917 104.5657 
  0.6354829 103.5278 
  0.7818754 102.5003 
  0.9482543 101.4829 
  0.963915 100.978 
  0.948892 100.4756 
  0.8396451 99.97575 
  0.7609665 98.491 
  0.6976341 95.11173 
  0.9126971 92.30766 
  0.9523631 90.03418 
  0.7419301 88.25578 
  0.6678543 84.80367 
  0.5450689 82.71502 
  0.4578127 80.6778 
  0.3316458 79.87703 
  0.6361152 75.61279 
  0.6756105 73.38358 
  0.7011577 73.38358 
  0.493061 73.38358 
  0.6471475 73.38358 
  0.5683358 73.38358 
  0.5219259 73.38358 
  0.5783166 73.38358 
  0.5223806 73.38358 
  0.4002206 73.38358 
  -0.04869967 73.38358 
  0.0955703 73.38358 
  -0.08366171 73.38358 
  -0.1703524 73.38358 
  -0.2283232 73.38358 
  -0.07440041 73.38358 
  -0.02665407 73.38358 
  -0.00369846 73.38358 ]
