 [
  -0.0941012 191.1978 
  -0.1077747 191.1978 
  -0.01247597 191.1978 
  -0.00870901 191.1978 
  -0.2662276 191.1978 
  0.05471783 191.1978 
  0.00217849 191.1978 
  0.06390913 191.1978 
  0.05297679 191.1978 
  -0.02065059 191.1978 
  0.1381994 191.1978 
  0.04852559 191.1978 
  -0.06094655 191.1978 
  -0.20986 191.1978 
  0.0397089 190.2465 
  0.5293327 194.0801 
  0.7268161 197.0059 
  0.9863486 200.9756 
  0.9862915 201.9805 
  0.9615515 202.9904 
  0.9773148 204.0054 
  0.993531 205.0254 
  0.9985679 206.0505 
  0.9957554 207.0808 
  0.9954679 207.0808 
  0.9793267 206.0505 
  0.9340189 204.0054 
  0.8141147 201.9805 
  0.5552472 200.9756 
  0.3672088 200.9756 
  0.2644144 201.9805 
  0.4513766 201.9805 
  0.8379892 201.9805 
  0.8794622 205.0254 
  0.920591 206.0505 
  0.9539081 205.0254 
  0.9548016 202.9904 
  0.7815211 201.9805 
  0.2207226 201.9805 
  -0.2085731 202.9904 
  0.1527612 204.0054 
  0.405414 205.0254 
  0.878554 208.1162 
  0.8739453 207.0808 
  0.919934 208.1162 
  0.9770305 209.1568 
  0.9833038 210.2025 
  0.9834632 210.2025 
  0.9764995 210.2025 
  0.974884 211.2535 
  0.9697121 213.3714 
  0.961117 215.5104 
  0.9401014 218.7592 
  0.9497529 222.057 
  0.9605003 225.4046 
  0.9632845 228.8026 
  0.9606654 232.2518 
  0.9674805 236.9318 
  0.9660144 240.5036 
  0.929129 245.3498 
  0.9089171 251.5452 
  0.9047359 257.8971 
  0.8860922 263.0938 
  0.3908622 265.7313 
  0.9476351 268.3953 
  0.4236012 271.0859 
  -0.006736026 273.8036 
  0.2209198 276.5485 
  0.2090479 279.3209 
  0.1275093 282.1211 
  0.2766902 284.9493 
  -0.1751218 287.806 
  0.3172285 292.1447 
  0.4870415 279.3209 
  0.6145083 271.0859 
  0.8660575 265.7313 
  0.9714994 263.0938 
  0.9800786 264.4093 
  0.9818773 263.0938 
  0.9901873 261.7849 
  0.995522 260.4825 
  0.9945705 259.1866 
  0.9929157 257.8971 
  0.994498 257.8971 
  0.9993778 257.8971 
  0.9990847 257.8971 
  0.9970261 257.8971 
  0.9932158 257.8971 
  0.9825799 257.8971 
  0.9478427 256.614 
  0.6170465 256.614 
  -0.03708433 255.3373 
  0.01431286 254.067 
  0.2509443 252.8029 
  0.1626137 251.5452 
  0.1515625 250.2938 
  0.2144624 249.0485 
  0.2879379 246.5766 
  0.1860787 244.1292 
  0.1690582 242.9146 
  0.09227422 241.7061 
  0.1497503 240.5036 
  0.2527731 239.307 
  0.7959986 236.9318 
  0.8044373 235.753 
  0.835443 232.2518 
  0.9246557 222.057 
  0.9599157 219.853 
  0.9653908 218.7592 
  0.984561 218.7592 
  0.9745498 216.5879 
  0.9723018 215.5104 
  0.9631534 212.3098 
  0.9488855 209.1568 
  0.9611255 206.0505 
  0.9785142 205.0254 
  0.9694011 202.9904 
  0.9711695 202.9904 
  0.9720183 201.9805 
  0.9689173 200.9756 
  0.9770824 200.9756 
  0.9725551 199.9758 
  0.9716622 198.9809 
  0.9701492 198.9809 
  0.9752775 197.9909 
  0.9207712 197.0059 
  0.8484893 196.0257 
  0.7299539 197.0059 
  0.9462158 197.0059 
  0.9481624 195.0505 
  0.9501911 194.0801 
  0.9551026 193.1145 
  0.9525297 193.1145 
  0.9675783 193.1145 
  0.9714696 193.1145 
  0.9675998 194.0801 
  0.7236578 196.0257 
  0.8491201 193.1145 
  0.8814099 195.0505 
  0.9691323 196.0257 
  0.9674339 196.0257 
  0.9770064 197.0059 
  0.9688179 198.9809 
  0.9829444 200.9756 
  0.9850944 201.9805 
  0.9904057 202.9904 
  0.989278 202.9904 
  0.9830601 202.9904 
  0.9835469 204.0054 
  0.9923236 205.0254 
  0.9930518 206.0505 
  0.9513794 207.0808 
  0.9043549 207.0808 
  0.6601154 205.0254 
  -0.02017847 204.0054 
  -0.1385221 201.9805 
  0.01743642 199.9758 
  0.1248955 197.9909 
  0.3118394 197.0059 
  0.2438532 197.9909 
  0.1541456 201.9805 
  0.265076 210.2025 
  0.3073255 217.6709 
  0.2915891 225.4046 
  0.5844585 235.753 
  0.8240786 239.307 
  0.6289341 226.5316 
  0.4537927 216.5879 
  0.7763696 209.1568 
  0.9537235 205.0254 
  0.9776786 202.9904 
  0.9813908 202.9904 
  0.9773904 204.0054 
  0.9698231 204.0054 
  0.9483313 204.0054 
  0.914683 206.0505 
  0.8680407 207.0808 
  0.2994546 206.0505 
  0.1372626 205.0254 
  0.00973775 204.0054 
  -0.02500835 204.0054 
  -0.08679616 204.0054 
  -0.01949093 204.0054 
  -0.03434374 204.0054 
  -0.02474792 204.0054 
  -0.08294076 204.0054 
  -0.006504967 204.0054 
  -0.3880575 204.0054 
  0.4600624 204.0054 
  0.2156467 198.9809 
  0.2365651 193.1145 
  0.3564864 189.3 
  0.3696415 193.1145 
  0.619796 193.1145 
  -0.163024 193.1145 
  -0.1958879 193.1145 
  -0.2924761 193.1145 
  0.006698113 193.1145 
  -0.02993856 193.1145 
  0.09925574 193.1145 
  0.05164773 193.1145 
  0.006520223 194.0801 
  0.1163043 197.0059 
  -0.1211639 199.9758 
  0.0262694 202.9904 
  0.4657441 206.0505 
  0.7254777 209.1568 
  0.8235322 212.3098 
  0.7030314 206.0505 
  0.6739323 199.9758 
  0.97828 195.0505 
  0.9865924 194.0801 
  0.8986182 194.0801 
  0.8101163 193.1145 
  0.6583552 193.1145 
  0.9038094 194.0801 
  0.9278193 194.0801 
  0.5608394 195.0505 
  0.7638134 195.0505 
  0.7563401 194.0801 
  0.9323274 191.1978 
  0.785982 189.3 
  0.1165689 188.3582 
  0.3086565 188.3582 
  0.2251471 188.3582 
  -0.1562881 188.3582 
  -0.01810466 188.3582 
  0.07675075 188.3582 
  0.07513355 188.3582 
  0.1213962 189.3 
  0.84883 194.0801 
  0.9227161 193.1145 
  0.9237171 189.3 
  0.9585345 186.4887 
  0.9903065 184.6377 
  0.9890829 182.8051 
  0.987124 181.8956 
  0.9686754 180.0902 
  0.9240721 177.4156 
  0.8963287 174.7808 
  0.6493059 174.7808 
  0.4275166 174.7808 
  0.444778 174.7808 
  0.4266146 174.7808 
  0.1212614 174.7808 
  0.6256195 173.9112 
  0.7465454 177.4156 
  0.9275977 176.533 
  0.907529 173.9112 
  0.93944 171.3284 
  0.9646985 169.6279 
  0.9577478 169.6279 
  0.950653 169.6279 
  0.9596762 169.6279 
  0.9682207 170.476 
  0.9576359 171.3284 
  0.9747516 173.046 
  0.9810984 173.9112 
  0.9747069 174.7808 
  0.9565606 173.9112 
  0.9339824 173.046 
  0.8726776 172.185 
  0.8369334 171.3284 
  0.8761118 170.476 
  0.9494172 170.476 
  0.9740789 170.476 
  0.9923811 170.476 
  0.9946666 171.3284 
  0.9972676 171.3284 
  0.9973222 171.3284 
  0.9958527 171.3284 
  0.9921713 170.476 
  0.9946274 169.6279 
  0.9945318 168.784 
  0.9942554 167.9442 
  0.9959154 167.9442 
  0.9957689 167.1087 
  0.99286 167.1087 
  0.9921546 166.2773 
  0.993776 165.4501 
  0.9987711 164.6269 
  0.9957122 163.8079 
  0.9906831 163.8079 
  0.9873878 163.8079 
  0.9868599 163.8079 
  0.9859478 163.8079 
  0.9960044 163.8079 
  0.997378 164.6269 
  0.9952376 164.6269 
  0.9930708 165.4501 
  0.9923787 166.2773 
  0.9908556 167.1087 
  0.9946988 167.1087 
  0.9877514 167.1087 
  0.9479481 167.1087 
  0.8668608 167.1087 
  0.3132218 167.1087 
  -0.1126413 167.1087 
  0.08517379 167.1087 
  0.06909079 167.1087 
  -0.03542635 167.1087 
  -0.1045139 167.1087 
  -0.2662038 167.1087 
  0.06367011 167.1087 
  0.09543482 167.1087 
  0.1077505 167.1087 
  0.08784401 167.1087 
  0.08285743 167.1087 
  0.03794959 167.1087 
  0.04168562 167.1087 
  0.03366315 167.1087 
  0.1189046 167.1087 
  0.04497036 167.1087 
  0.07975537 167.1087 
  0.2014637 167.1087 
  0.1137611 167.1087 
  0.1356494 167.1087 
  0.09804146 167.1087 
  0.03165267 167.1087 
  0.05316898 167.1087 
  -0.03983397 167.1087 
  0.002224343 167.1087 
  -0.02858235 167.1087 
  -0.07911866 167.1087 
  -0.175479 167.1087 
  -0.1631265 167.1087 
  -0.1607556 167.1087 
  -0.05694049 167.1087 
  0.1873692 167.1087 
  0.199158 167.1087 ]
