 [
  0.01152743 134.8523 
  -0.2001853 134.8523 
  -0.1484542 134.8523 
  -0.02838096 134.8523 
  -0.1617277 134.8523 
  -0.01836928 134.8523 
  -0.1335948 134.8523 
  0.04195619 134.8523 
  0.005333638 134.8523 
  -0.1371651 134.8523 
  -0.07452825 134.8523 
  -0.2062099 134.8523 
  0.2904399 134.8523 
  0.1535893 134.8523 
  -0.01524135 134.8523 
  -0.112536 134.8523 
  -0.1180717 134.8523 
  -0.03509893 134.8523 
  -0.09431005 134.8523 
  -0.1267743 134.8523 
  0.2608568 135.5266 
  0.2402756 136.2042 
  0.2531612 136.8852 
  0.08670859 137.5696 
  -0.01339306 138.2575 
  0.1662472 138.2575 
  -0.0143978 138.2575 
  0.01730722 137.5696 
  0.1137626 137.5696 
  0.1278042 138.2575 
  0.6983441 141.0434 
  0.8394513 140.3417 
  0.9848253 139.6435 
  0.9967042 139.6435 
  0.9945954 140.3417 
  0.9939026 141.0434 
  0.9953403 142.4574 
  0.9919579 143.8855 
  0.9945846 145.328 
  0.9900931 147.5188 
  0.9920936 148.2564 
  0.9284934 146.0546 
  0.9072459 141.7487 
  0.4536748 139.6435 
  0.2696019 132.8496 
  0.3956747 120.8384 
  0.5987414 130.2255 
  0.8532351 134.1814 
  0.9853485 136.2042 
  0.9688771 135.5266 
  0.8947292 133.5138 
  0.8212156 129.5776 
  0.793521 125.1317 
  0.7167698 117.8622 
  0.5901961 113.8184 
  0.1762704 113.8184 
  0.2111251 114.9594 
  0.08942121 116.1118 
  0.1249658 116.6924 
  0.1419258 117.2759 
  0.06431331 118.4515 
  0.1799423 119.0438 
  0.1631767 119.639 
  0.07380512 120.2372 
  -0.1553552 121.4426 
  -0.2176259 123.2734 
  -0.1574093 124.5092 
  -0.2558686 126.3862 
  -0.04444663 127.6532 
  0.02436088 128.9329 
  0.4201108 130.2255 
  0.1510129 132.1886 
  0.02445602 134.1814 
  0.1224546 136.2042 
  0.787025 138.2575 
  0.7449125 134.8523 
  0.8834139 133.5138 
  0.9967455 132.8496 
  0.9870498 132.8496 
  0.9770622 132.8496 
  0.971262 132.1886 
  0.9786227 131.531 
  0.9859983 132.1886 
  0.9124867 132.1886 
  0.8238929 130.8766 
  0.6217356 130.2255 
  0.9389916 130.8766 
  0.9458704 131.531 
  0.9522418 132.1886 
  0.9807497 132.8496 
  0.9752871 132.1886 
  0.9720515 131.531 
  0.9823418 130.8766 
  0.98409 130.2255 
  0.9890584 130.2255 
  0.9877441 129.5776 
  0.9891713 128.9329 
  0.9896964 128.2915 
  0.9835597 128.2915 
  0.9735892 127.0181 
  0.9717069 126.3862 
  0.9695097 125.7574 
  0.9569634 126.3862 
  0.9810665 127.6532 
  0.973223 127.6532 
  0.934641 126.3862 
  0.9193456 124.5092 
  0.9026713 123.2734 
  0.8114984 122.0498 
  0.6487868 121.4426 
  -0.2248659 120.2372 
  0.7989157 119.0438 
  0.9080793 119.639 
  0.8998836 118.4515 
  0.8618139 116.6924 
  0.8443227 114.9594 
  0.8284434 113.2521 
  0.6494633 112.6886 
  0.2308055 112.128 
  0.9564561 112.128 
  0.7154086 113.2521 
  0.8518515 113.2521 
  0.9045508 113.8184 
  0.9401005 113.8184 
  0.9756696 114.3874 
  0.9770091 114.3874 
  0.9945522 114.9594 
  0.9714216 114.9594 
  0.9514067 113.8184 
  0.9701273 113.2521 
  0.9625725 112.6886 
  0.9826786 112.128 
  0.9817869 111.5702 
  0.971038 111.5702 
  0.9521663 110.4628 
  0.9265808 109.3664 
  0.925916 108.2809 
  0.9584613 106.6728 
  0.9490021 105.614 
  0.8892535 104.5657 
  0.9368771 103.0128 
  0.9422736 101.4829 
  0.9033143 99.97575 
  0.9306538 98.491 
  0.9026179 97.02828 
  0.8704379 95.5873 
  0.9109988 94.63854 
  0.9093177 93.6992 
  0.8916822 92.7692 
  0.9452365 92.30766 
  0.760657 90.93677 
  0.839179 89.58624 
  0.5232121 90.48434 
  0.7901051 90.03418 
  0.6901662 89.58624 
  0.4317153 89.14054 
  0.2057739 89.14054 
  0.04115805 89.14054 
  0.3459973 89.14054 
  0.3572114 89.14054 
  0.1496115 89.14054 
  0.05070805 89.14054 
  0.1020654 89.14054 
  0.2327235 89.14054 
  0.2611265 89.14054 
  0.2927391 89.14054 
  0.0837596 89.14054 
  -0.261027 89.14054 
  -0.1290691 89.14054 
  -0.0259974 89.14054 
  0.1689896 89.14054 
  0.2914758 89.14054 
  0.05459996 89.14054 
  0.124241 89.14054 
  0.1120368 89.14054 
  0.0130381 89.14054 
  -0.1862701 89.14054 
  -0.2971999 89.14054 
  -0.1808222 89.14054 
  -0.07031425 89.14054 ]
