 [
  0.2203785 114.9594 
  0.2312315 114.9594 
  -0.00345932 114.9594 
  -0.2610029 114.9594 
  -0.05442246 114.9594 
  -0.2267083 114.9594 
  0.1306348 114.9594 
  -0.1147547 114.9594 
  -0.1620847 114.9594 
  -0.04207152 114.9594 
  0.1186091 114.9594 
  -0.02390173 114.9594 
  0.06944515 114.9594 
  0.5960543 116.6924 
  0.6716926 120.2372 
  0.8304446 123.2734 
  0.9200767 125.1317 
  0.9415555 127.0181 
  0.9643548 128.9329 
  0.9708344 130.2255 
  0.9737147 131.531 
  0.9704661 133.5138 
  0.987287 134.8523 
  0.9904308 134.8523 
  0.9340476 134.8523 
  0.8656848 134.1814 
  0.7377857 132.1886 
  0.9174894 131.531 
  0.9859434 130.8766 
  0.9845195 129.5776 
  0.9631363 127.0181 
  0.9529031 124.5092 
  0.9425519 122.0498 
  0.9409385 119.639 
  0.9074485 117.2759 
  0.635998 114.9594 
  0.2756814 113.2521 
  0.7455928 108.2809 
  0.7625508 107.2061 
  0.7375857 106.142 
  -0.06325002 106.142 
  0.5783312 108.2809 
  0.08295727 110.4628 
  -0.252947 112.6886 
  -0.4674466 115.5342 
  -0.1360868 118.4515 
  0.3830559 120.8384 
  0.4994949 121.4426 
  0.7787569 120.8384 
  0.6104755 117.8622 
  0.6725482 117.8622 
  0.8793902 119.0438 
  0.8990287 119.639 
  0.9576252 121.4426 
  0.9013624 122.6601 
  0.9060881 124.5092 
  0.8626476 125.7574 
  0.807243 125.7574 
  0.8188668 122.0498 
  -0.187533 121.4426 
  0.09211142 120.8384 
  0.0455993 120.2372 
  0.03533858 119.639 
  0.233312 118.4515 
  0.1854546 117.8622 
  0.1181051 117.8622 
  0.01683927 117.8622 
  0.01013984 117.8622 
  0.1016884 117.8622 
  0.05593992 117.8622 
  0.02949762 117.8622 
  0.03923336 117.8622 
  -0.01814496 117.8622 
  0.4355521 117.8622 
  0.2773198 117.8622 
  0.005617883 117.2759 
  0.1034265 116.6924 
  0.7611066 117.2759 
  0.4245646 109.9132 
  0.7334306 106.142 
  0.8703289 104.0455 
  0.8910804 101.9903 
  0.8628947 100.978 
  0.6141322 100.4756 
  0.04583111 100.978 
  0.2100961 101.9903 
  0.111413 103.0128 
  0.01204585 104.0455 
  0.01895049 105.0885 
  -0.01278917 106.142 
  0.0895002 107.7421 
  -0.4130497 108.8223 
  -0.1100361 110.4628 
  -0.09985194 112.128 
  0.07559695 113.8184 
  0.3390113 115.5342 
  0.1371325 117.2759 
  0.03571994 119.0438 
  0.2083396 120.8384 
  -0.05072639 122.0498 
  -0.1263098 124.5092 
  -0.0662644 127.6532 
  0.3439586 130.8766 
  0.7111066 132.8496 
  0.8116701 132.1886 
  0.9696295 131.531 
  0.8513093 130.2255 
  0.774004 128.2915 
  0.6895257 122.6601 
  0.1440176 122.6601 
  0.07628097 122.0498 
  0.2323069 122.0498 
  0.04671347 122.0498 
  0.0382865 121.4426 
  -0.2096678 121.4426 
  0.05642929 121.4426 
  0.02392056 121.4426 
  0.00518846 121.4426 
  -0.005335633 121.4426 
  0.02124617 121.4426 
  -0.01403297 121.4426 
  0.08336111 121.4426 
  0.1277866 120.8384 
  0.07237487 114.9594 
  0.3625082 112.6886 
  0.6346852 105.0885 
  0.3605239 106.6728 
  0.9108062 96.06523 
  0.3695266 97.02828 
  0.8388088 89.14054 
  0.6741908 87.8167 
  0.6258938 86.0821 
  0.7314861 85.65383 
  0.4636256 85.2277 
  0.5739328 88.25578 
  0.4853935 88.69706 
  -0.01384775 89.58624 
  -0.113516 90.03418 
  -0.1525353 90.93677 
  0.3063599 91.39146 
  -0.03577097 91.84841 
  0.04696276 92.30766 
  0.04755752 92.7692 
  0.02601722 93.23304 
  0.2483223 90.48434 
  0.596233 89.58624 
  0.8431119 89.14054 
  0.7292574 88.25578 
  0.3226176 86.94508 
  0.02346642 86.0821 
  0.0657561 85.2277 
  -0.07395105 84.38177 
  -0.1465812 83.54424 
  0.06575882 82.3035 
  0.1000874 81.4866 
  0.0884046 80.6778 
  0.1617675 79.47963 
  -0.1913032 77.90971 
  0.2913213 75.61279 
  0.4070835 76.3708 
  0.5606096 72.6552 
  0.5245588 73.01849 
  0.3516458 74.48985 
  0.6105211 90.48434 
  0.610673 94.63854 
  -0.0781827 98.98344 
  0.00602092 103.5278 
  -0.1107114 108.2809 
  0.032912 113.2521 
  -0.003779645 118.4515 
  -0.01673938 123.8897 
  0.09971601 129.5776 
  0.1804384 128.9329 
  0.2016337 128.2915 
  0.1806529 125.7574 
  0.09163091 122.6601 
  0.3726286 120.8384 
  0.4523653 117.2759 
  0.5158628 109.9132 
  0.8322012 110.4628 
  0.9066966 111.0151 
  0.9189781 111.0151 
  0.9327409 111.0151 
  0.8708998 111.0151 
  0.7804765 111.5702 
  0.09594093 109.3664 
  -0.2271755 108.2809 
  0.1603092 107.2061 
  -0.3063833 106.142 
  0.02061052 105.0885 
  0.004562143 104.0455 
  0.131089 103.5278 
  0.2857072 103.0128 
  0.03953723 102.5003 
  -0.2891525 102.5003 
  0.6833485 101.4829 
  0.7089077 99.47836 
  0.8107684 98.491 
  0.7888966 97.51342 
  0.7276834 96.06523 
  0.7323425 91.84841 
  0.09645548 92.30766 
  0.2164381 93.23304 
  0.06614581 94.1677 
  0.08966629 95.11173 
  0.1256046 95.5873 
  0.05135971 96.06523 
  -0.1263772 97.02828 
  -0.02061107 98.00098 
  0.08410949 98.98344 
  0.002562636 99.97575 
  0.1361362 100.4756 
  0.08540852 100.978 
  0.1535249 101.4829 
  0.07245258 101.9903 
  0.6503035 103.0128 
  0.827949 103.0128 
  0.9651186 102.5003 
  0.8764442 101.9903 
  0.7418646 101.4829 
  0.7822915 99.97575 
  0.8876064 99.47836 
  0.9770495 99.97575 
  0.9833479 99.97575 
  0.9885325 100.4756 
  0.9427736 99.47836 
  0.9336553 98.491 
  0.9485444 98.00098 
  0.8849289 97.51342 
  0.8935108 97.51342 
  0.8515021 96.54556 
  0.639939 96.06523 
  0.7733187 95.11173 
  0.8204893 94.1677 
  0.8477564 94.63854 
  0.8711568 93.6992 
  0.7671814 92.30766 
  0.6379348 91.39146 
  0.3182294 90.93677 
  0.206153 90.48434 
  0.3434057 89.14054 
  0.3185773 88.25578 
  0.3583181 87.8167 
  0.2073659 87.3798 
  0.2624719 86.94508 
  0.2345116 86.94508 
  0.1809004 86.94508 
  0.03689766 86.94508 
  -0.05601431 86.94508 
  0.004778476 86.94508 
  0.2022803 86.94508 
  0.1092853 86.94508 
  0.06788249 86.94508 
  0.1216139 86.94508 
  0.08679365 86.94508 
  -0.06789137 86.94508 
  -0.05997222 86.94508 
  -0.03142246 86.94508 
  0.01057772 86.94508 ]
