 [
  -0.01669939 214.4382 
  0.0193189 214.4382 
  -0.03803955 214.4382 
  0.08410189 214.4382 
  0.06061929 214.4382 
  0.06337026 214.4382 
  0.08006366 214.4382 
  0.1272993 214.4382 
  0.09577926 214.4382 
  0.226184 214.4382 
  0.2188268 214.4382 
  0.04223463 214.4382 
  0.3651837 214.4382 
  0.3697418 214.4382 
  0.1646083 214.4382 
  0.7948367 216.5879 
  0.589558 229.9466 
  0.7548707 241.7061 
  0.9816526 247.8095 
  0.9935563 251.5452 
  0.9979234 251.5452 
  0.9811114 252.8029 
  0.9571002 251.5452 
  0.9107235 245.3498 
  0.812072 241.7061 
  0.7532827 241.7061 
  0.8432734 242.9146 
  0.6975123 245.3498 
  0.851789 249.0485 
  0.930115 256.614 
  0.96916 264.4093 
  0.9881852 267.06 
  0.9623531 267.06 
  0.9200953 265.7313 
  0.8221588 260.4825 
  0.9882262 254.067 
  0.8675983 251.5452 
  0.8991394 249.0485 
  0.9446058 247.8095 
  0.9823049 247.8095 
  0.9912633 244.1292 
  0.98675 240.5036 
  0.9781641 238.1164 
  0.9539614 233.4131 
  0.8941095 231.0963 
  0.3671982 234.5801 
  0.009697028 239.307 
  -0.03194956 244.1292 
  0.0698833 249.0485 
  -0.06567469 254.067 
  0.133261 259.1866 
  0.1114269 264.4093 
  0.05145515 269.7372 
  0.1485193 275.1726 
  0.0647985 279.3209 
  0.8254429 283.5317 
  0.9360535 279.3209 
  0.9648461 277.9312 
  0.9796449 273.8036 
  0.993767 271.0859 
  0.9893781 269.7372 
  0.9717638 271.0859 
  0.9276584 268.3953 
  0.9132161 261.7849 
  0.9115065 259.1866 
  0.8622335 259.1866 
  0.7159768 260.4825 
  0.428537 261.7849 
  -0.08249407 263.0938 
  0.1148248 265.7313 
  0.2306397 268.3953 
  0.9026802 271.0859 
  0.95561 268.3953 
  0.9690222 264.4093 
  0.9587536 259.1866 
  0.973178 254.067 
  0.946139 249.0485 
  0.9060285 242.9146 
  0.9219823 233.4131 
  0.9491604 224.2832 
  0.942835 219.853 
  0.9536141 217.6709 
  0.9646816 217.6709 
  0.9732279 218.7592 
  0.9700481 222.057 
  0.9713405 226.5316 
  0.9859473 228.8026 
  0.9928617 227.6642 
  0.9884989 226.5316 
  0.9900633 225.4046 
  0.9949086 224.2832 
  0.9954243 223.1673 
  0.9952802 223.1673 
  0.9888352 223.1673 
  0.9622689 222.057 
  0.9225323 220.9523 
  0.7761921 220.9523 
  0.04067705 224.2832 
  -0.1828126 228.8026 
  0.01301462 233.4131 
  -0.2091926 238.1164 
  -0.08964534 241.7061 
  -0.1190451 245.3498 
  0.106098 245.3498 
  0.8855369 241.7061 
  0.956138 239.307 
  0.9835409 238.1164 
  0.9847019 235.753 
  0.9653132 233.4131 
  0.9766107 232.2518 
  0.989231 231.0963 
  0.9907403 231.0963 
  0.9921075 231.0963 
  0.9762601 233.4131 
  0.9662512 234.5801 
  0.9684979 235.753 
  0.9415616 236.9318 
  0.908417 236.9318 
  0.2222261 234.5801 
  0.8859898 233.4131 
  0.8851758 232.2518 
  0.8398782 231.0963 
  0.6927667 229.9466 
  0.9206843 227.6642 
  0.9748151 227.6642 
  0.9976249 227.6642 
  0.9874921 225.4046 
  0.9661388 222.057 
  0.9277894 215.5104 
  0.9313866 207.0808 
  0.9583556 199.9758 
  0.93998 195.0505 
  0.9743902 191.1978 
  0.9838437 188.3582 
  0.9797527 186.4887 
  0.9726998 184.6377 
  0.978796 183.7191 
  0.9785429 182.8051 
  0.9840479 181.8956 
  0.9659547 180.0902 
  0.975782 179.1942 
  0.9652942 177.4156 
  0.9783231 178.3027 
  0.9731703 177.4156 
  0.9805707 177.4156 
  0.97069 177.4156 
  0.9633899 176.533 
  0.9653802 175.6547 
  0.9479567 173.9112 
  0.9403386 173.9112 
  0.9291266 173.9112 
  0.96569 174.7808 
  0.9585019 173.9112 
  0.9034496 175.6547 
  0.8014791 178.3027 
  0.5998567 180.9906 
  0.1848502 183.7191 
  -0.5133595 186.4887 
  -0.0003550187 189.3 
  0.1342225 191.1978 
  0.3282956 192.1537 
  0.1250969 193.1145 
  0.08938614 193.1145 
  -0.4028294 193.1145 
  0.4468754 193.1145 
  0.8884896 193.1145 
  0.9443275 193.1145 
  0.9620361 193.1145 
  0.9260839 193.1145 
  0.7937129 194.0801 
  0.5486772 196.0257 
  0.1199984 198.9809 
  0.1063544 201.9805 
  0.1414962 205.0254 
  0.1705996 206.0505 
  -0.1123993 206.0505 
  0.03165111 206.0505 
  0.05803334 207.0808 
  0.3661895 208.1162 
  0.7815537 208.1162 
  0.897781 206.0505 
  0.8725518 202.9904 
  0.8837695 197.9909 
  0.9492264 194.0801 
  0.9208999 190.2465 
  0.9354268 184.6377 
  0.9722394 180.0902 
  0.9872319 177.4156 
  0.9866121 174.7808 
  0.9392443 172.185 
  0.9384657 170.476 
  0.8623652 172.185 
  0.897148 175.6547 
  0.9858456 178.3027 
  0.9906192 180.0902 
  0.9483096 181.8956 
  0.639843 183.7191 
  0.08493054 185.5609 
  -0.05408084 187.4211 
  -0.05395207 189.3 
  -0.2242521 191.1978 
  0.05200817 192.1537 
  0.02407708 193.1145 
  0.02479609 194.0801 
  0.002284932 196.0257 
  0.001654278 197.9909 
  0.2887112 199.9758 
  -9.678039e-05 201.9805 
  0.1632828 204.0054 
  0.005970754 205.0254 
  0.5958143 199.9758 
  0.7552013 196.0257 
  0.9626911 192.1537 
  0.980383 188.3582 
  0.984388 186.4887 
  0.9811194 184.6377 
  0.967967 183.7191 
  0.94927 183.7191 
  0.9839666 183.7191 
  0.9890299 182.8051 
  0.9886717 180.9906 
  0.9758749 179.1942 
  0.979477 176.533 
  0.9768314 173.9112 
  0.8384572 172.185 
  0.07228761 169.6279 
  -0.2115114 167.1087 
  0.3175165 162.9929 
  0.5612653 164.6269 
  0.9395596 167.1087 
  0.9536202 167.1087 
  0.8986992 166.2773 
  0.350742 167.1087 
  0.1844169 170.476 
  0.05586548 173.046 
  0.01910331 175.6547 
  0.06783877 177.4156 
  0.1077216 177.4156 
  0.2860635 177.4156 
  0.4602256 177.4156 
  0.3931893 177.4156 
  0.07750119 177.4156 
  0.1467389 177.4156 
  -0.07771353 177.4156 
  0.005366668 177.4156 
  -0.001740538 177.4156 
  0.00925412 177.4156 
  0.1566219 177.4156 
  0.1435498 177.4156 
  0.08104866 176.533 
  0.07162088 175.6547 
  0.1912172 174.7808 
  0.2701689 173.9112 
  0.2973075 173.046 
  0.2270312 172.185 
  0.1535509 172.185 
  0.0662546 172.185 
  0.01629145 172.185 
  -0.1270992 172.185 
  -0.03662707 172.185 
  -0.1102893 172.185 
  0.2199082 172.185 
  0.2753474 172.185 
  0.2286292 172.185 
  0.07403253 172.185 
  -0.03176545 172.185 
  -0.1057104 172.185 
  -0.1100421 172.185 
  -0.113955 172.185 
  -0.0362053 172.185 
  -0.05175895 172.185 
  -0.144944 172.185 
  -0.2270983 172.185 
  -0.2950845 172.185 
  -0.04973946 172.185 ]
