 [
  0.1426088 251.5452 
  0.3117606 251.5452 
  -0.1741193 251.5452 
  -0.3473081 251.5452 
  -0.3218614 251.5452 
  -0.1343013 251.5452 
  -0.14432 251.5452 
  -0.08259778 251.5452 
  0.001774179 251.5452 
  -0.0354196 251.5452 
  0.1672485 251.5452 
  0.2075707 251.5452 
  0.08152161 251.5452 
  0.05773636 251.5452 
  0.05154422 251.5452 
  0.02623516 251.5452 
  0.01453054 251.5452 
  -0.1947308 251.5452 
  -0.150021 250.2938 
  0.1310613 247.8095 
  0.5449178 244.1292 
  0.9015923 241.7061 
  0.8857144 235.753 
  0.9193176 233.4131 
  0.9585013 232.2518 
  0.989639 231.0963 
  0.9965824 231.0963 
  0.9963741 231.0963 
  1.001879 231.0963 
  0.9874913 233.4131 
  0.9837985 234.5801 
  0.9815636 236.9318 
  0.9776314 239.307 
  0.9737488 240.5036 
  0.9520063 242.9146 
  0.9371113 246.5766 
  0.7020412 249.0485 
  0.6376724 251.5452 
  0.2198164 255.3373 
  0.1012968 259.1866 
  0.5593268 261.7849 
  0.2224109 264.4093 
  0.05354829 267.06 
  0.05931722 269.7372 
  0.1446499 271.0859 
  0.1154622 271.0859 
  0.2512308 271.0859 
  0.7947884 271.0859 
  0.8897674 272.4414 
  0.951914 272.4414 
  0.9880244 275.1726 
  0.99203 273.8036 
  0.9976761 275.1726 
  0.9984138 273.8036 
  0.9963579 273.8036 
  0.9739477 272.4414 
  0.9364163 272.4414 
  0.04232594 272.4414 
  0.5106383 272.4414 
  0.08136284 273.8036 
  -0.2779537 275.1726 
  0.4933807 275.1726 
  0.9075705 277.9312 
  0.9585266 277.9312 
  0.985866 279.3209 
  0.9848373 279.3209 
  0.988896 276.5485 
  0.9665718 273.8036 
  0.9436036 265.7313 
  0.9918602 260.4825 
  0.9993584 256.614 
  0.9970189 252.8029 
  0.9966614 249.0485 
  0.9976295 245.3498 
  0.9963344 241.7061 
  0.9915514 238.1164 
  0.9889223 234.5801 
  0.9935836 229.9466 
  0.9943509 226.5316 
  0.9867598 222.057 
  0.982573 218.7592 
  0.9858544 215.5104 
  0.977936 212.3098 
  0.9809846 210.2025 
  0.9902567 208.1162 
  0.9956033 206.0505 
  0.9962074 205.0254 
  0.9964617 205.0254 
  0.9968566 204.0054 
  0.998486 204.0054 
  0.9994556 204.0054 
  0.9986427 204.0054 
  0.9977719 204.0054 
  0.9984707 204.0054 
  1.000078 204.0054 
  0.9969714 204.0054 
  0.9955028 202.9904 
  0.994953 200.9756 
  0.9922409 198.9809 
  0.98147 197.0059 
  0.9613508 196.0257 
  0.8876888 196.0257 
  0.7164552 197.0059 
  0.2441966 197.9909 
  0.106934 198.9809 
  0.2403756 199.9758 
  0.3886975 200.9756 
  0.4954413 200.9756 
  0.4193457 201.9805 
  0.797969 202.9904 
  0.8141404 202.9904 
  0.9194948 202.9904 
  0.9923412 201.9805 
  0.9932247 199.9758 
  0.9929441 197.9909 
  0.9927855 196.0257 
  0.9816732 195.0505 
  0.9538567 195.0505 
  0.9086829 196.0257 
  0.861326 197.0059 
  0.6937619 198.9809 
  0.3302206 200.9756 
  0.3280461 202.9904 
  0.3195747 204.0054 
  0.2454851 205.0254 
  0.04551437 206.0505 
  -0.1398474 208.1162 
  0.04586281 210.2025 
  -0.03231663 212.3098 
  0.5931459 214.4382 
  0.8964691 215.5104 
  0.9225544 213.3714 
  0.9859901 210.2025 
  0.9969426 207.0808 
  0.9561321 206.0505 
  0.8698425 208.1162 
  0.9233457 208.1162 
  0.980052 207.0808 
  0.9901537 206.0505 
  0.9948928 205.0254 
  0.9944131 206.0505 
  0.992505 207.0808 
  0.9935912 208.1162 
  0.96717 208.1162 
  0.9472388 208.1162 
  0.8519023 208.1162 
  0.7583454 212.3098 
  0.5072063 216.5879 
  -0.0738005 220.9523 
  -0.07181998 225.4046 
  -0.09900148 229.9466 
  -0.1602429 234.5801 
  0.7633653 240.5036 
  0.8722523 239.307 
  0.9425542 238.1164 
  0.9953884 236.9318 
  0.9945959 236.9318 
  0.9887381 234.5801 
  0.977722 231.0963 
  0.9590353 227.6642 
  0.8805203 226.5316 
  0.7199475 224.2832 
  0.2558298 223.1673 
  0.1879144 223.1673 
  0.2750347 223.1673 
  0.156447 223.1673 
  0.02913687 223.1673 
  -0.06974612 223.1673 
  0.06232763 222.057 
  0.0513799 220.9523 
  0.05621026 219.853 
  0.02166984 218.7592 
  0.469541 217.6709 
  0.5277073 215.5104 
  0.7746508 213.3714 
  0.9824865 211.2535 
  0.980882 208.1162 
  0.9784234 205.0254 
  0.9837967 202.9904 
  0.9902014 199.9758 
  0.9895332 197.9909 
  0.9907139 196.0257 
  0.9943922 194.0801 
  0.9973698 193.1145 
  0.9948819 192.1537 
  0.9914564 192.1537 
  0.9887052 191.1978 
  0.9933518 191.1978 
  0.9971558 190.2465 
  0.9922411 189.3 
  0.9913169 189.3 
  0.9894863 188.3582 
  0.9919627 188.3582 
  0.9926122 187.4211 
  0.9904152 187.4211 
  0.9867913 186.4887 
  0.9905279 185.5609 
  0.9907454 185.5609 
  0.9902769 185.5609 
  0.9880202 186.4887 
  0.9829046 188.3582 
  0.980884 189.3 
  0.8631027 188.3582 
  0.4466976 186.4887 
  0.2788492 176.533 
  0.2192262 188.3582 
  0.150669 191.1978 
  0.2871718 192.1537 
  0.3690721 196.0257 
  0.6385869 197.9909 
  0.8651617 198.9809 
  0.9733557 197.9909 
  0.967468 197.0059 
  0.9491853 195.0505 
  0.9160191 195.0505 
  0.7175722 196.0257 
  0.3731253 197.0059 
  -0.1275714 197.9909 
  0.02548149 198.9809 
  -0.2446197 199.9758 
  -0.3213882 200.9756 
  -0.2711196 201.9805 
  0.3210237 202.9904 
  0.5470625 202.9904 
  0.7462174 200.9756 
  0.9904367 197.9909 
  0.9974563 197.0059 
  0.9960728 196.0257 
  0.9958313 194.0801 
  0.9963177 193.1145 
  0.9951505 192.1537 
  0.9973823 190.2465 
  0.9964231 189.3 
  0.9966435 189.3 
  0.9969529 189.3 
  0.9963366 189.3 
  0.996837 189.3 
  0.9741215 190.2465 
  0.9667059 190.2465 
  0.9631887 189.3 
  0.990342 188.3582 
  0.9894745 187.4211 
  0.9844393 187.4211 
  0.959963 186.4887 
  0.9575223 186.4887 
  0.9796699 187.4211 
  0.9955015 188.3582 
  0.9958404 189.3 
  0.9966324 190.2465 
  0.919742 192.1537 
  0.8716875 194.0801 
  0.9053349 194.0801 
  0.9625264 193.1145 
  0.9943301 192.1537 
  0.9854586 192.1537 
  0.9815158 193.1145 
  0.9850054 194.0801 
  0.9914278 194.0801 
  0.9947019 194.0801 
  0.9950744 194.0801 
  0.9947876 195.0505 
  0.996412 196.0257 
  0.9913775 197.0059 
  0.9845393 197.9909 
  0.9721634 199.9758 
  0.9518952 200.9756 
  0.9286858 201.9805 
  0.9637635 204.0054 
  0.9432535 205.0254 
  0.7786984 206.0505 
  -0.4638463 207.0808 
  -0.3974472 208.1162 
  -0.036532 209.1568 
  0.05468551 209.1568 
  0.08561899 210.2025 
  0.3000412 210.2025 
  0.1549578 211.2535 
  0.8072432 212.3098 
  0.8944387 213.3714 
  0.9324906 212.3098 
  0.9562353 211.2535 
  0.9622042 209.1568 
  0.9391186 208.1162 
  0.7493066 208.1162 
  0.5694546 208.1162 
  -0.01280589 208.1162 
  0.05025726 208.1162 
  0.09387361 208.1162 
  0.1079856 208.1162 
  0.02321 208.1162 
  0.1099932 208.1162 
  0.1352081 208.1162 
  0.05779522 208.1162 
  0.06036242 207.0808 
  0.1314612 206.0505 
  0.5554856 205.0254 
  0.7797626 198.9809 
  0.8320705 194.0801 
  0.9532916 190.2465 
  0.9879159 186.4887 
  0.9918269 185.5609 
  0.9911202 184.6377 
  0.9897549 182.8051 
  0.9871032 181.8956 
  0.988602 180.0902 
  0.9889172 179.1942 
  0.9784665 179.1942 
  0.9705777 180.0902 
  0.9593204 182.8051 
  0.8803102 186.4887 
  0.8580388 191.1978 
  0.7604628 194.0801 
  0.8663692 194.0801 
  0.7364202 194.0801 
  0.3372597 195.0505 
  -0.01661197 196.0257 
  0.07893101 197.0059 
  0.2116998 197.9909 
  0.120118 198.9809 
  -0.01424639 199.9758 
  -0.1507486 200.9756 
  -0.1803672 201.9805 
  -0.1064851 202.9904 
  -0.05054937 204.0054 
  0.09486002 205.0254 
  0.012732 206.0505 
  -0.03818219 207.0808 
  0.09536549 208.1162 
  0.00779718 209.1568 
  0.1732675 210.2025 
  -0.1132738 211.2535 
  0.08263549 212.3098 
  -0.02519367 213.3714 
  -0.2596689 214.4382 
  -0.134977 215.5104 
  0.09850436 216.5879 
  0.04815917 217.6709 
  0.04842493 217.6709 
  0.06803369 217.6709 
  -0.02832977 217.6709 
  -0.1083525 217.6709 
  -0.1262159 217.6709 
  0.05439661 217.6709 
  -0.1043625 217.6709 
  0.04593846 217.6709 
  0.01251048 217.6709 
  0.2190442 217.6709 
  0.1615027 217.6709 
  -0.06554295 217.6709 
  -0.1652316 217.6709 ]
