 [
  0.002025794 108.8223 
  0.1617337 108.8223 
  -0.04170524 108.8223 
  0.06819369 108.8223 
  0.08421441 108.8223 
  -0.1364003 108.8223 
  -0.1078029 108.8223 
  -0.04761822 108.8223 
  -0.1933007 108.8223 
  0.01750363 108.8223 
  -0.1145828 108.8223 
  -0.06655645 108.8223 
  0.4492856 108.8223 
  0.2751206 108.2809 
  0.249369 108.8223 
  0.06223961 116.1118 
  0.4679554 120.8384 
  0.7110557 118.4515 
  0.7888652 117.8622 
  0.8916 116.1118 
  0.9769489 115.5342 
  0.9858226 114.9594 
  0.9784764 114.9594 
  0.9665239 114.3874 
  0.944541 114.3874 
  0.8893291 114.3874 
  0.8425577 113.2521 
  0.7592865 112.128 
  0.8699018 111.5702 
  0.9085718 111.0151 
  0.8489919 109.9132 
  0.816848 108.8223 
  -0.267864 109.3664 
  0.08267399 110.4628 
  0.02230853 111.5702 
  0.05546655 112.128 
  0.08064942 112.128 
  0.5785575 112.128 
  0.5249261 112.128 
  0.6622555 112.128 
  0.5749859 108.2809 
  0.9550329 107.7421 
  0.9920893 107.7421 
  0.9850404 107.7421 
  0.7248586 109.9132 
  0.6498228 106.142 
  0.9426664 105.0885 
  0.9772085 104.5657 
  0.9850235 104.0455 
  0.9733911 103.5278 
  0.9859955 103.0128 
  0.9552472 102.5003 
  0.8773273 100.978 
  0.8067974 99.47836 
  0.7612742 98.98344 
  0.8841277 99.97575 
  0.901849 99.47836 
  0.9051509 98.491 
  0.9384961 97.02828 
  0.8993449 95.5873 
  0.9232393 94.1677 
  0.8393093 93.23304 
  0.8213518 92.30766 
  0.7044803 91.39146 
  0.7170451 90.03418 
  0.7240708 89.58624 
  0.789365 89.58624 
  0.7568353 90.03418 
  0.5283316 90.48434 
  0.2717338 91.39146 
  0.3303537 92.30766 
  0.1263238 93.6992 
  0.5790339 95.11173 
  0.8487135 96.54556 
  0.9479287 98.00098 
  0.9266334 99.47836 
  0.9195864 100.978 
  0.9064953 103.0128 
  0.9541029 104.0455 
  0.9788109 104.0455 
  0.9776782 104.0455 
  0.9764853 103.5278 
  0.9794296 102.5003 
  0.9731548 101.4829 
  0.9613444 100.978 
  0.9329938 99.97575 
  0.8246834 98.491 
  0.620357 96.54556 
  0.4254854 95.11173 
  0.08019821 93.6992 
  0.1526181 92.30766 
  -0.194834 90.93677 
  0.2492798 89.58624 
  -0.1747038 88.25578 
  -0.1004569 86.94508 
  -0.1499851 85.65383 
  -0.08731771 84.38177 
  0.02485685 84.38177 
  0.3077459 85.2277 
  0.3578061 90.03418 
  0.6286286 91.39146 
  0.8817907 91.39146 
  0.7321427 90.48434 
  0.863833 86.94508 
  0.8379267 84.80367 
  0.5522417 83.96195 
  0.02677051 84.38177 
  0.5572783 85.2277 
  0.4846052 86.0821 
  0.7113963 86.94508 
  0.8385141 87.3798 
  0.8528416 88.25578 
  0.8574758 87.8167 
  0.8975751 86.51251 
  0.8545836 85.2277 
  0.7686809 84.80367 
  0.4990167 84.80367 
  0.4186953 85.65383 
  0.1907473 86.51251 
  0.06182273 87.8167 
  0.03039893 89.14054 
  0.2199858 90.48434 
  0.6935841 91.39146 
  0.8278542 92.30766 
  0.9012385 93.23304 
  0.9505512 93.6992 
  0.9604973 94.1677 
  0.9639045 95.5873 
  0.9886166 96.06523 
  0.9908751 96.54556 
  0.9900168 96.54556 
  0.9843422 96.06523 
  0.9585657 96.06523 
  0.9382113 96.06523 
  0.8158271 95.11173 
  0.7971195 94.1677 
  0.8902513 92.7692 
  0.7631793 91.84841 
  0.6430887 90.93677 
  0.6756583 87.8167 
  0.2125283 85.65383 
  0.7398108 89.14054 
  0.8927029 89.58624 
  0.5815164 90.93677 
  0.7313098 90.48434 
  0.5720978 88.25578 
  0.7547948 88.25578 
  0.9498434 87.8167 
  0.9775229 88.25578 
  0.9858981 88.25578 
  0.9856071 88.25578 
  0.9370589 89.14054 
  0.9354953 89.14054 
  0.899297 89.58624 
  0.8539781 89.14054 
  0.7401549 89.58624 
  0.6199716 88.69706 
  0.513675 87.3798 
  0.3241506 86.94508 
  0.6383729 86.94508 
  0.1162488 86.94508 
  -0.04500696 87.3798 
  0.01424719 87.8167 
  -0.06677103 88.25578 
  0.7307509 88.69706 
  0.9261211 88.69706 
  0.9517195 88.69706 
  0.8508962 88.25578 
  0.7389596 87.3798 
  0.4869188 86.0821 
  0.1946313 85.65383 
  0.2277795 85.2277 
  -0.04084952 84.80367 
  0.09760125 84.38177 
  0.04393136 83.96195 
  0.06587761 83.12859 
  0.05482011 82.3035 
  0.1779244 81.89403 
  0.4658362 81.08118 
  0.5043715 83.54424 
  0.8408461 85.65383 
  0.9035791 86.0821 
  0.8687163 85.2277 
  0.85343 84.80367 
  0.8230415 83.54424 
  0.500488 83.54424 
  0.01481656 84.38177 
  -0.02655433 85.2277 
  -0.08573628 86.0821 
  0.12244 86.94508 
  0.06857526 87.8167 
  0.1480598 88.69706 
  0.1357499 89.58624 
  0.1635621 90.93677 
  -0.2001688 92.30766 
  -0.2196851 93.6992 
  0.6350449 96.06523 
  0.6911438 93.6992 
  0.8929253 92.7692 
  0.9946321 92.30766 
  0.9396167 91.84841 
  0.9266711 90.93677 
  0.982767 89.58624 
  0.9778216 89.58624 
  0.9868113 89.14054 
  0.970284 89.14054 
  0.9841903 88.69706 
  0.9933001 88.69706 
  0.9924366 88.25578 
  0.9868872 88.25578 
  0.9881138 87.8167 
  0.9914721 87.3798 
  0.9872619 86.94508 
  0.9844509 86.94508 
  0.9840766 87.3798 
  0.9575382 87.8167 
  0.9213173 89.14054 
  0.9365408 89.58624 
  0.951619 89.58624 
  0.9622939 89.58624 
  0.9361881 90.03418 
  0.9158726 90.93677 
  0.8534406 91.39146 
  0.6776312 91.39146 
  0.6950011 91.39146 
  0.6976354 91.39146 
  0.7358148 91.39146 
  0.6404175 91.39146 
  0.6184442 91.39146 
  0.3684646 91.39146 
  0.1774354 91.39146 
  0.1407287 91.39146 
  0.1627285 91.39146 
  0.1329289 91.39146 
  0.02586627 91.39146 ]
