 [
  0.1833107 142.4574 
  0.1465836 142.4574 
  -0.02214019 142.4574 
  0.001699279 142.4574 
  0.09093793 142.4574 
  -0.215086 142.4574 
  -0.5387328 142.4574 
  -0.3907743 142.4574 
  -0.002590394 142.4574 
  0.216185 142.4574 
  0.3572906 142.4574 
  -0.2502261 142.4574 
  0.5972858 142.4574 
  0.8486305 143.1697 
  0.9889851 143.1697 
  0.9929586 143.1697 
  0.9882888 142.4574 
  0.9650427 141.0434 
  0.9354039 139.6435 
  0.8861303 138.9488 
  0.7249702 141.0434 
  0.0614477 144.605 
  0.06154338 148.2564 
  -0.2932795 152.0001 
  0.8537787 152.7601 
  0.8344339 155.8383 
  0.8050545 152.0001 
  0.8523207 149.7427 
  0.7654181 146.0546 
  0.7797248 143.1697 
  0.7589813 140.3417 
  0.8533486 137.5696 
  0.7089313 224.2832 
  0.7244215 327.6555 
  0.6907151 314.8393 
  0.5960816 295.0734 
  0.5097239 276.5485 
  0.2956564 263.0938 
  0.1192153 251.5452 
  -0.1109559 240.5036 
  -0.2972835 229.9466 
  -0.2532629 220.9523 
  -0.5516128 212.3098 
  0.2029644 204.0054 
  0.09073113 196.0257 
  -0.02771918 188.3582 
  0.2343271 180.9906 
  -0.08524393 173.9112 
  -0.01343486 167.1087 
  0.01741234 161.3751 
  0.4858064 155.063 
  0.7729617 157.4006 
  0.915017 160.5723 
  0.9115719 164.6269 
  0.9343182 166.2773 
  0.9648305 167.9442 
  0.9642064 167.1087 
  0.976221 167.1087 
  0.9501905 167.9442 
  0.9225841 171.3284 
  0.96029 173.9112 
  0.9668289 175.6547 
  0.968026 176.533 
  0.8715675 180.0902 
  0.9148917 187.4211 
  0.9840359 191.1978 
  0.9503014 192.1537 
  0.8257568 191.1978 
  0.3561475 191.1978 
  -0.09712443 191.1978 
  -0.005653101 191.1978 
  0.184885 190.2465 
  0.1797745 189.3 
  0.1045766 188.3582 
  -0.02565861 187.4211 
  -0.2269329 185.5609 
  -0.2573094 183.7191 
  -0.2183758 181.8956 
  0.03673622 180.0902 
  -0.005864642 178.3027 
  0.1052733 176.533 
  0.1028866 175.6547 
  0.06561266 174.7808 
  0.05213993 173.9112 
  0.1681338 173.046 
  0.08835774 171.3284 
  0.4408744 169.6279 
  0.6465853 168.784 
  0.8791268 167.9442 
  0.9487134 166.2773 
  0.8411434 161.3751 
  0.8544337 156.6175 
  0.8142092 152.7601 
  0.8018073 146.7849 
  0.8685378 143.1697 
  0.9353899 141.7487 
  0.9925072 141.0434 
  0.993495 139.6435 
  0.98859 138.2575 
  0.9878113 137.5696 
  0.9712016 137.5696 
  0.9781744 138.2575 
  0.9877297 138.2575 
  0.9912198 138.2575 
  0.9934554 138.9488 
  0.991989 139.6435 
  0.9392019 138.2575 
  0.6697356 134.1814 
  0.743436 128.2915 
  0.7474273 126.3862 
  0.7109052 130.2255 
  0.295184 134.1814 
  0.2883599 138.9488 
  -0.1807374 143.1697 
  0.4572859 146.7849 
  0.6301115 151.2439 
  0.8582309 155.063 
  0.975317 155.8383 
  0.9841573 156.6175 
  0.9795292 157.4006 
  0.9172593 159.7734 
  0.8990626 162.182 
  0.9583352 165.4501 
  0.9427078 166.2773 
  0.9019441 167.1087 
  0.8588152 169.6279 
  0.9658108 174.7808 
  0.9692528 178.3027 
  0.991219 180.0902 
  0.9687459 179.1942 
  0.6448735 179.1942 
  0.2318405 188.3582 
  0.6870598 202.9904 
  0.4295156 205.0254 
  0.477735 199.9758 
  0.5737823 194.0801 
  0.4733481 186.4887 
  0.6017457 173.9112 
  0.9003748 169.6279 
  0.9949747 167.9442 
  0.9952106 167.1087 
  0.991405 166.2773 
  0.9207781 164.6269 
  0.9098434 163.8079 
  0.9794955 164.6269 
  0.9889984 163.8079 
  0.9403602 163.8079 
  0.8183194 162.182 
  0.1708428 160.5723 
  0.3899373 159.7734 
  0.3515013 158.9785 
  0.2707273 158.9785 
  0.1020934 158.9785 
  0.4653361 159.7734 
  0.8345569 160.5723 
  0.9121203 161.3751 
  0.9818869 162.182 
  0.9833249 162.9929 
  0.9848651 162.9929 
  0.9847418 162.9929 
  0.9790395 162.182 
  0.9425325 160.5723 
  0.8906982 158.1876 
  0.9347663 155.8383 
  0.9739173 153.5239 
  0.984253 152.7601 
  0.9812042 152.0001 
  0.9458364 152.0001 
  0.8490666 151.2439 
  0.7175604 150.4914 
  -0.01289672 152.7601 
  -0.2427017 154.2915 
  -0.4978036 155.8383 
  -0.2856387 157.4006 
  0.4930056 158.9785 
  0.46375 160.5723 
  0.3845713 162.182 
  0.1183865 164.6269 
  0.121548 166.2773 
  0.5729966 167.9442 
  0.8628336 167.1087 
  0.7965931 165.4501 
  0.8385886 162.9929 
  0.2748275 159.7734 
  0.7504613 156.6175 
  0.326309 154.2915 
  0.09442213 152.0001 
  0.301921 149.7427 
  0.7773274 147.5188 
  0.9014633 145.328 
  0.8583395 143.8855 
  0.915875 143.1697 
  0.9597175 141.7487 
  0.9744601 141.7487 
  0.971734 140.3417 
  0.9693297 140.3417 
  0.9626148 138.9488 
  0.9317626 137.5696 
  0.9207104 134.8523 
  0.9091696 133.5138 
  0.8468797 130.8766 
  0.9417998 128.2915 
  0.9572268 127.0181 
  0.9516052 125.1317 
  0.9792219 123.8897 
  0.9576485 122.6601 
  0.9478002 121.4426 
  0.9368432 119.639 
  0.9322857 117.2759 
  0.9604262 115.5342 
  0.9809601 113.8184 
  0.9603345 112.6886 
  0.9652042 111.5702 
  0.964137 110.4628 
  0.953398 109.9132 
  0.9141077 109.9132 
  0.9368015 109.9132 
  0.9437195 109.9132 
  0.9193264 110.4628 
  0.8824999 110.4628 
  0.8339374 110.4628 
  0.7237675 110.4628 
  0.5402225 110.4628 
  -0.2050668 110.4628 
  -0.01899117 110.4628 
  0.04246875 110.4628 
  0.01176462 110.4628 
  0.02528451 110.4628 
  0.1870654 110.4628 
  0.1614695 110.4628 
  0.07146874 110.4628 
  0.08557086 110.4628 
  0.15604 110.4628 
  0.1226699 110.4628 
  0.03065153 110.4628 
  0.06763428 110.4628 
  0.1044691 110.4628 ]
