 [
  0.001353938 140.3417 
  -0.08487337 140.3417 
  0.1698653 140.3417 
  -0.00824918 140.3417 
  0.0008078627 140.3417 
  0.1022691 140.3417 
  0.1911113 140.3417 
  0.1973979 140.3417 
  0.1458721 140.3417 
  0.08725032 140.3417 
  0.1112004 140.3417 
  -0.09520928 140.3417 
  -0.02685134 140.3417 
  0.5765166 139.6435 
  0.3282049 144.605 
  0.6187869 150.4914 
  0.8783513 151.2439 
  0.9812848 152.0001 
  0.9714717 151.2439 
  0.9811693 151.2439 
  0.9714524 149.7427 
  0.9833372 148.9977 
  0.9231305 150.4914 
  0.9440441 152.0001 
  0.9611855 153.5239 
  0.9563383 154.2915 
  0.798957 153.5239 
  0.6520272 148.9977 
  0.6739905 145.328 
  0.6096743 140.3417 
  0.1335937 141.0434 
  0.03395521 141.7487 
  -0.06719133 143.1697 
  -0.2111265 143.8855 
  -0.09626576 145.328 
  0.1450246 146.7849 
  0.1226382 147.5188 
  -0.01720336 148.2564 
  -0.1842641 148.9977 
  -0.2530528 149.7427 
  -0.1883726 150.4914 
  -0.0503806 151.2439 
  0.3832261 152.0001 
  0.547425 152.7601 
  0.7890981 150.4914 
  0.9746563 148.2564 
  0.9676295 146.0546 
  0.9672392 143.1697 
  0.980719 141.0434 
  0.9630654 138.9488 
  0.9653724 136.8852 
  0.978014 134.8523 
  0.9351999 132.8496 
  0.906383 129.5776 
  0.8943983 125.7574 
  0.8431815 122.6601 
  0.8969939 119.639 
  0.7348814 118.4515 
  0.6979922 118.4515 
  0.5987422 119.639 
  0.6531121 120.8384 
  0.534761 122.0498 
  0.2695993 123.2734 
  0.007132793 124.5092 
  0.003154535 125.7574 
  0.09985228 127.6532 
  0.1003855 129.5776 
  -0.5276915 131.531 
  0.6195312 136.8852 
  0.6474271 136.2042 
  0.6498857 132.1886 
  0.9063593 129.5776 
  0.9768713 129.5776 
  0.9859104 130.8766 
  0.9841651 130.8766 
  0.9660479 132.1886 
  0.9514281 134.1814 
  0.9652845 135.5266 
  0.9544541 137.5696 
  0.9592624 138.9488 
  0.9214011 141.0434 
  0.90049 143.8855 
  0.9553832 146.0546 
  0.9360324 146.7849 
  0.8172821 146.0546 
  0.7913262 138.2575 
  0.7697789 137.5696 
  0.2410614 137.5696 
  0.1656406 137.5696 
  -0.03824056 137.5696 
  0.01087053 137.5696 
  0.194943 137.5696 
  0.267161 137.5696 
  0.08121434 137.5696 
  0.03148771 137.5696 
  0.0685279 137.5696 
  0.05085792 137.5696 
  0.07791996 137.5696 
  -0.0424744 137.5696 
  0.03029742 138.2575 
  0.3946668 138.9488 
  0.7516145 138.9488 
  0.7369235 136.2042 
  0.8344284 132.1886 
  0.9269753 128.9329 
  0.8653734 125.7574 
  0.9483347 123.2734 
  0.9745937 122.0498 
  0.9465015 121.4426 
  0.9024022 120.2372 
  0.9214292 119.0438 
  0.917381 117.8622 
  0.8918475 117.2759 
  0.8404004 116.1118 
  0.8467042 114.9594 
  0.8757178 113.8184 
  0.9115387 113.2521 
  0.8584899 113.2521 
  0.6617284 113.8184 
  0.09062721 114.9594 
  0.1536816 116.1118 
  0.1577159 117.2759 
  0.1309904 118.4515 
  0.1691194 119.639 
  -0.0002083429 120.8384 
  0.1249549 122.0498 
  0.1670268 123.2734 
  -0.004758766 124.5092 
  -0.03178573 125.7574 
  -0.01651493 127.0181 
  -0.04512704 128.9329 
  -0.08094226 130.8766 
  0.1635584 133.5138 
  0.1871579 130.2255 
  0.4575601 123.8897 
  0.7362342 121.4426 
  0.8990507 119.0438 
  0.8639842 116.6924 
  0.8722144 114.3874 
  0.9125651 112.6886 
  0.9237661 111.5702 
  0.9763948 110.4628 
  0.9649675 110.4628 
  0.9510528 110.4628 
  0.9352334 111.0151 
  0.8731982 112.128 
  0.8505114 112.128 
  0.8211816 110.4628 
  0.7182294 108.8223 
  0.1619532 108.2809 
  0.3436722 108.8223 
  0.1489637 108.8223 
  0.1521738 109.3664 
  0.1213315 109.9132 
  0.1470205 110.4628 
  0.1001764 110.4628 
  0.2271399 111.0151 
  0.3850764 111.0151 
  0.3702843 111.0151 
  0.3207937 111.5702 
  0.1014851 112.128 
  0.05930427 112.128 
  -0.1308449 112.128 
  -0.03300583 112.6886 
  -0.02587061 113.2521 
  -0.004475513 113.8184 
  0.2624275 114.3874 
  0.5131912 117.8622 
  0.6637493 120.8384 
  0.9725363 122.0498 
  0.9847806 121.4426 
  0.9821171 120.2372 
  0.991545 119.639 
  0.9896979 119.639 
  0.9870473 119.639 
  0.9617754 119.639 
  0.8767573 120.2372 
  0.6022934 120.8384 
  0.4569845 121.4426 
  0.3396336 122.6601 
  0.3261772 123.8897 
  0.2289065 125.1317 
  0.07846189 126.3862 
  0.1728762 127.6532 
  0.410151 128.9329 
  0.0411535 130.2255 
  0.03810769 130.8766 
  0.06844777 131.531 
  0.2025503 132.8496 
  0.6711078 133.5138 
  0.4900062 126.3862 
  0.7911795 125.1317 
  0.8804937 123.2734 
  0.9356982 122.0498 
  0.9801541 121.4426 
  0.9872697 122.0498 
  0.977841 122.0498 
  0.9200585 122.6601 
  0.8271187 125.1317 
  0.9205258 127.0181 
  0.9649444 127.6532 
  0.9681164 127.0181 
  0.9520717 126.3862 
  0.8834997 127.6532 
  0.703418 127.0181 
  0.7642723 125.1317 
  0.7039469 123.8897 
  0.3191416 122.6601 
  0.2297152 121.4426 
  0.1280994 120.8384 
  0.07189942 119.639 
  -0.1142285 118.4515 
  0.1659028 117.2759 
  0.1702158 116.1118 
  -0.2808046 115.5342 
  0.5934991 114.3874 
  0.7376879 114.3874 
  0.8907144 114.9594 
  0.4874977 114.9594 
  0.1895998 116.6924 
  0.1698047 117.8622 
  -0.01964663 117.2759 
  0.273751 114.9594 
  0.4851566 112.128 
  0.8494115 112.128 
  0.9648122 111.0151 
  0.9322841 110.4628 
  0.9130067 109.3664 
  0.7919554 108.2809 
  0.4299264 108.2809 
  0.1020886 108.8223 
  0.1289419 109.3664 
  0.006515239 109.3664 
  -0.01468363 109.3664 
  0.07894908 109.3664 
  0.3170696 109.3664 
  0.09120249 109.9132 
  -0.2561394 110.4628 
  0.3573475 112.128 
  0.7317687 112.6886 
  0.9393159 112.128 
  0.9288555 109.9132 
  0.9802809 108.2809 
  0.9937757 107.7421 
  0.9908105 107.7421 
  0.9877456 107.7421 
  0.984907 107.7421 
  0.9781473 107.7421 
  0.9737208 107.7421 
  0.9546783 107.7421 
  0.8276905 107.2061 
  0.5914893 106.6728 
  0.2624956 106.6728 
  -0.1599514 106.142 
  -0.2693425 105.614 
  0.01704177 105.0885 
  0.1656056 104.5657 
  0.1075742 104.0455 
  -0.0302649 103.5278 
  -0.07740323 103.0128 
  -0.2205747 102.5003 
  0.271356 102.5003 
  0.3461313 103.5278 
  0.5187163 103.5278 
  0.5748024 104.5657 
  0.4882198 106.142 
  0.4188519 107.7421 
  0.9031309 107.7421 
  0.8781186 107.7421 
  0.7490495 107.7421 
  0.5668927 107.7421 
  0.3362301 107.7421 
  0.1339823 107.7421 
  -0.1586294 107.7421 
  -0.242414 107.7421 
  -0.1201339 107.7421 
  0.01287145 107.7421 
  0.1476014 107.7421 
  0.02246148 107.7421 
  -0.04612856 107.7421 
  -0.05216363 107.7421 
  0.01811428 107.7421 
  -0.1265627 107.7421 
  -0.1980005 107.7421 
  -0.1377469 107.7421 
  -0.1776369 107.7421 
  -0.2181374 107.7421 
  -0.1623239 107.7421 
  0.009472614 107.7421 
  0.09579271 107.7421 
  -0.0006076976 107.7421 
  -0.05335306 107.7421 
  -0.09645167 107.7421 
  0.04933006 107.7421 
  -0.1291316 107.7421 
  0.008212936 107.7421 
  0.1293975 107.7421 
  0.1663522 107.7421 
  0.1069467 107.7421 
  0.02771455 107.7421 
  0.05865505 107.7421 ]
