 [
  0.1498533 240.5036 
  0.2127876 240.5036 
  -0.2302887 240.5036 
  0.1277171 240.5036 
  -0.1401384 240.5036 
  0.2398126 240.5036 
  0.3390887 240.5036 
  0.3506473 240.5036 
  0.1518553 240.5036 
  0.3500032 240.5036 
  0.004829843 240.5036 
  -0.0559458 240.5036 
  0.002142639 240.5036 
  -0.008819242 240.5036 
  -0.2344986 240.5036 
  0.07377143 240.5036 
  0.1039722 240.5036 
  0.2122003 240.5036 
  0.1648714 240.5036 
  0.03568971 240.5036 
  0.1535062 240.5036 
  0.08057149 240.5036 
  0.06173882 240.5036 
  0.4933965 240.5036 
  0.5173136 240.5036 
  0.7064625 241.7061 
  0.8951201 238.1164 
  0.9830119 236.9318 
  0.9879604 236.9318 
  0.9958602 238.1164 
  0.9967842 239.307 
  0.9979239 239.307 
  0.9971142 240.5036 
  0.9970531 240.5036 
  0.9957389 239.307 
  0.9795992 238.1164 
  0.9585374 235.753 
  0.9271939 229.9466 
  0.9454186 229.9466 
  0.9811012 232.2518 
  0.9698813 229.9466 
  0.9779807 227.6642 
  0.9824067 226.5316 
  0.980453 225.4046 
  0.8821088 222.057 
  0.7606529 218.7592 
  0.6034907 215.5104 
  0.5869403 214.4382 
  0.3398592 214.4382 
  0.6106485 211.2535 
  0.6792905 211.2535 
  0.3764688 206.0505 
  0.1260063 175.6547 
  0.3059306 181.8956 
  0.6527895 197.0059 
  0.8058183 200.9756 
  0.655695 204.0054 
  0.8339698 206.0505 
  0.9378636 208.1162 
  0.1809502 210.2025 
  0.0007774445 212.3098 
  0.06841826 214.4382 
  0.05319753 217.6709 
  0.001502161 222.057 
  0.1398287 225.4046 
  0.1971928 228.8026 
  0.3047615 232.2518 
  0.6703034 231.0963 
  0.559149 219.853 
  0.8259489 213.3714 
  0.9709461 212.3098 
  0.9880878 214.4382 
  0.9984254 215.5104 
  0.9978889 216.5879 
  0.9984873 215.5104 
  0.9971932 214.4382 
  0.9980368 213.3714 
  0.9977863 213.3714 
  0.999208 212.3098 
  0.9951839 211.2535 
  0.968841 210.2025 
  0.9492301 207.0808 
  0.9562412 204.0054 
  0.998106 204.0054 
  0.997452 202.9904 
  0.9931238 202.9904 
  0.96657 205.0254 
  0.9308946 208.1162 
  0.8979181 211.2535 
  0.9019404 213.3714 
  0.02512877 215.5104 
  0.03528187 217.6709 
  -0.009348493 220.9523 
  0.3193766 225.4046 
  0.8692929 231.0963 
  0.9377407 236.9318 
  0.8480355 229.9466 
  0.8082005 218.7592 
  0.9749606 210.2025 
  0.992353 207.0808 
  0.9994411 207.0808 
  0.9940152 208.1162 
  0.9573413 212.3098 
  0.9479844 214.4382 
  0.9156914 215.5104 
  0.9983488 212.3098 
  0.9960643 211.2535 
  0.9797016 209.1568 
  0.978828 207.0808 
  0.9964252 205.0254 
  0.9985856 204.0054 
  0.9987879 202.9904 
  0.9956064 201.9805 
  0.9850187 201.9805 
  0.9829652 200.9756 
  0.9961759 198.9809 
  0.9990941 197.9909 
  0.9971287 197.0059 
  0.9938325 197.0059 
  0.9932584 196.0257 
  0.993734 195.0505 
  0.9960545 195.0505 
  0.9961957 195.0505 
  0.9895344 194.0801 
  0.968253 193.1145 
  0.9394636 193.1145 
  0.891083 194.0801 
  0.5000544 196.0257 
  -0.3340079 197.9909 
  -0.1863071 198.9809 
  -0.1790618 200.9756 
  -0.139881 202.9904 
  -0.04131871 205.0254 
  0.07256185 207.0808 
  0.06169139 209.1568 
  -0.01374456 211.2535 
  -0.1402349 213.3714 
  0.05396316 215.5104 
  0.0781362 217.6709 
  0.01708029 219.853 
  -0.0360859 222.057 
  0.3224547 224.2832 
  0.638938 225.4046 
  0.659716 214.4382 
  0.814622 209.1568 
  0.9946922 207.0808 
  0.9965695 206.0505 
  0.9953287 206.0505 
  0.9951993 205.0254 
  0.9959639 204.0054 
  0.9998559 204.0054 
  0.996412 202.9904 
  0.9898303 201.9805 
  0.9668579 199.9758 
  0.9379408 198.9809 
  0.794583 195.0505 
  0.3115069 190.2465 
  -0.1086515 184.6377 
  0.1440933 179.1942 
  0.2055604 174.7808 
  0.1835061 170.476 
  0.2124429 165.4501 
  0.07853319 160.5723 
  -0.1101136 155.8383 
  -0.1511612 150.4914 
  -0.2732161 145.328 
  -0.2501713 140.3417 
  -0.1743766 135.5266 
  0.1511594 130.8766 
  -0.005771135 126.3862 
  0.2666035 122.0498 
  -0.07597893 117.8622 
  -0.03542345 113.8184 
  -0.2522516 109.9132 
  -0.03422018 106.142 
  0.2316249 102.5003 
  0.2269121 104.0455 
  0.5091332 103.0128 
  0.7879041 103.0128 
  0.9867191 102.5003 
  0.990844 101.9903 
  0.9928274 101.9903 
  0.9895895 101.4829 
  0.9801639 101.4829 
  0.9827754 100.978 
  0.9795917 100.4756 
  0.9812663 99.97575 
  0.9693844 99.47836 
  0.9896309 98.491 
  0.9977969 98.00098 
  0.9925061 97.51342 
  0.9813017 97.02828 
  0.9842667 96.06523 
  0.9942865 95.5873 
  0.9837527 95.5873 
  0.972743 95.5873 
  0.9234391 94.63854 
  0.924908 94.1677 
  0.9435995 94.1677 
  0.8762528 95.11173 
  0.9439175 95.5873 
  0.9570217 96.06523 
  0.9415697 95.5873 
  0.9153752 95.11173 
  0.9524435 94.63854 
  0.9503348 94.63854 
  0.9498131 94.1677 
  0.8718185 93.6992 
  0.6367445 93.6992 
  0.3436305 98.98344 
  0.7552062 99.97575 
  0.911949 99.97575 
  0.6349033 99.97575 
  0.4107073 99.47836 
  -0.02094227 100.4756 
  -0.02768838 100.978 
  -0.0318136 101.4829 
  -0.002873193 99.47836 
  0.320384 96.54556 
  0.784932 96.06523 
  0.9061356 95.5873 
  0.9655811 95.5873 
  0.8615074 96.54556 
  0.8590977 98.491 
  0.9163486 100.4756 
  0.8890017 100.978 
  0.8052303 101.4829 
  0.6504861 101.4829 
  0.2511542 101.4829 
  0.2119659 100.978 
  0.2914725 100.978 
  0.0534851 100.978 
  -0.1932333 100.978 
  -0.1424442 100.978 
  0.006912848 100.978 
  0.01698471 100.978 
  -0.0878424 100.978 
  -0.1314812 100.978 
  -0.277385 100.978 
  -0.02000507 100.978 
  -0.002469305 100.978 
  0.2385856 100.978 
  -0.0242623 100.978 
  -0.09742803 100.978 
  -0.1698204 100.978 
  0.00907312 100.978 
  -0.1200185 100.978 
  -0.1324169 100.978 ]
