 [
  0.28233 125.1317 
  0.1004752 125.1317 
  -0.07935973 125.1317 
  -0.1836254 125.1317 
  -0.01884847 125.1317 
  0.1389312 125.1317 
  0.05687845 125.1317 
  0.04947665 125.1317 
  0.04383713 125.1317 
  0.06980291 125.1317 
  0.1110956 125.1317 
  0.01314016 125.1317 
  0.06853435 125.1317 
  0.1114176 125.1317 
  0.08602216 125.1317 
  -0.1789976 125.1317 
  -0.0833618 125.1317 
  0.0446858 125.1317 
  0.04471592 125.1317 
  -0.01750111 125.1317 
  0.1213476 125.1317 
  0.1853333 125.1317 
  -0.004893244 125.1317 
  -0.02065192 125.1317 
  -0.02723739 125.1317 
  -0.08125432 125.1317 
  -0.1060879 125.1317 
  -0.07539508 125.1317 
  -0.1019419 125.1317 
  -0.1376232 125.1317 
  -0.1632913 125.1317 
  -0.06797732 125.1317 
  0.09390953 125.1317 
  0.15374 125.1317 
  0.1488361 125.1317 
  0.0148548 125.1317 
  0.004805239 125.1317 
  0.002653655 125.1317 
  -0.02441631 125.1317 
  -0.1053477 125.1317 
  -0.1081979 125.1317 
  -0.01530655 125.1317 
  -0.0007528055 125.1317 
  0.09745045 125.1317 
  -0.140583 125.1317 
  0.05264615 125.1317 
  0.1079543 125.1317 
  0.1500334 125.1317 
  -0.00366772 125.1317 
  0.1601236 125.1317 
  0.1212426 125.1317 
  0.05684543 125.1317 
  -0.07361321 125.1317 
  -0.07717442 125.1317 
  0.1503952 125.1317 
  0.2623112 125.1317 
  0.2034161 125.1317 
  0.08853875 125.1317 
  -0.04021171 125.1317 
  0.02635289 125.1317 
  -0.01100754 125.1317 
  -0.02463091 125.1317 
  0.1256604 125.1317 
  0.04958978 125.1317 
  0.1471673 125.1317 
  0.2515593 125.1317 
  0.1706136 125.1317 
  0.1151272 125.1317 
  0.1826567 125.1317 
  0.1337104 125.1317 
  -0.06390543 125.1317 
  -0.09772495 125.1317 
  0.09453195 125.1317 
  0.3217662 125.1317 
  0.3221927 125.1317 
  -0.03248323 125.1317 
  -0.2124744 125.1317 
  -0.2109163 125.1317 
  -0.1330033 125.1317 
  -0.1918491 125.1317 
  -0.01528615 125.1317 
  0.0829868 125.1317 
  0.2090844 125.1317 
  0.1350441 125.1317 
  0.1449294 125.1317 
  0.1642857 125.1317 
  0.1717483 125.1317 
  0.06878272 125.1317 
  -0.101717 125.1317 
  -0.2057196 125.1317 
  0.01735734 125.1317 
  0.3011768 125.1317 
  0.2705082 125.1317 
  -0.0187816 125.1317 
  -0.09730959 125.1317 
  0.3448933 125.1317 
  0.2430568 125.1317 
  0.1579211 125.1317 
  0.2580247 125.1317 
  0.1141224 125.1317 
  0.1019333 125.1317 
  0.09195182 125.1317 
  -0.1453622 125.1317 
  -0.1887175 125.1317 
  -0.1999199 125.1317 
  -0.1007112 125.1317 
  0.1484457 125.1317 
  0.07558605 125.1317 
  -0.002677755 125.1317 
  -0.06736507 125.1317 
  0.2377245 125.1317 
  0.1387207 125.1317 
  0.09868103 125.1317 
  0.2263472 125.1317 
  0.2114679 125.1317 
  0.1848917 125.1317 
  0.1237572 125.1317 
  0.04781448 125.1317 
  -0.03250146 125.1317 
  0.04601733 125.1317 
  0.1451019 125.1317 
  0.2235441 125.1317 
  0.3046965 125.1317 
  0.2501029 125.1317 
  0.2766575 125.1317 
  0.3663582 125.1317 
  -0.6108883 125.1317 
  -0.6164012 125.1317 
  0.4719894 125.1317 
  0.5496739 123.8897 
  0.6751641 125.1317 
  0.7242972 125.1317 
  0.3561571 119.639 
  0.2667342 114.9594 
  -0.1246738 116.1118 
  0.06232341 119.0438 
  0.274193 120.8384 
  0.08320782 122.6601 
  0.05831694 124.5092 
  0.0663244 125.1317 
  0.1089805 125.1317 
  0.4593305 128.2915 
  0.6814008 136.8852 
  0.7606062 143.1697 
  0.8011355 148.9977 
  0.8859854 152.0001 
  0.939149 155.8383 
  0.9489354 158.1876 
  0.9368572 160.5723 
  0.9317787 163.8079 
  0.9690554 166.2773 
  0.9916182 167.9442 
  0.9918981 167.9442 
  0.9781278 167.1087 
  0.9569888 165.4501 
  0.9625135 163.8079 
  0.929431 161.3751 
  0.9342285 158.9785 
  0.9392374 157.4006 
  0.9538793 157.4006 
  0.8544277 160.5723 
  0.8145765 166.2773 
  0.8738436 173.9112 
  0.8986474 180.9906 
  0.9433407 186.4887 
  0.9367936 190.2465 
  0.9542813 191.1978 
  0.9554887 193.1145 
  0.9595194 197.0059 
  0.9736843 198.9809 
  0.9903619 199.9758 
  0.9895231 199.9758 
  0.9577923 197.9909 
  0.9000037 195.0505 
  0.8658372 190.2465 
  0.8028648 184.6377 
  0.7608813 178.3027 
  0.7466879 168.784 
  0.758651 157.4006 
  0.7956122 148.9977 
  0.7696494 139.6435 
  0.8504543 131.531 
  0.9226521 125.7574 
  0.9362347 121.4426 
  0.9574195 117.8622 
  0.976283 116.1118 
  0.9787554 114.3874 
  0.9751316 113.2521 
  0.9420298 111.5702 
  0.956549 110.4628 
  0.974074 109.9132 
  0.9794566 109.3664 
  0.9760994 108.8223 
  0.9560885 108.2809 
  0.8677858 106.142 
  0.7562648 103.5278 
  0.6876711 100.4756 
  0.5756789 96.54556 
  0.6371158 91.39146 
  0.3898091 90.03418 
  -0.1460205 92.30766 
  -0.007120444 94.63854 
  0.2914189 97.51342 
  0.4583927 100.4756 
  0.6493433 104.0455 
  0.7130311 107.7421 
  0.6985723 111.5702 
  0.6866693 116.1118 
  0.8172097 118.4515 
  0.9122967 118.4515 
  0.9242765 119.0438 
  0.9198099 119.0438 
  0.9397384 119.0438 
  0.9465156 119.0438 
  0.9188235 118.4515 
  0.918603 116.6924 
  0.9734932 116.1118 
  0.9851633 116.1118 
  0.9804149 116.1118 
  0.9626406 115.5342 
  0.9793922 114.9594 
  0.9684385 114.9594 
  0.9495854 114.9594 
  0.8924345 114.9594 
  0.8830565 115.5342 
  0.8515267 114.9594 
  0.8674824 112.6886 
  0.887296 110.4628 
  0.859024 110.4628 
  0.9587517 110.4628 
  0.9367679 111.0151 
  0.8799381 113.2521 
  0.8690015 115.5342 
  0.8607238 118.4515 
  0.887151 122.0498 
  0.9604082 125.7574 
  0.9686097 127.6532 
  0.9753698 128.9329 
  0.9883167 130.2255 
  0.9936873 131.531 
  0.9957558 131.531 
  0.9960479 131.531 
  0.9876603 130.8766 
  0.9535694 128.9329 
  0.8915886 126.3862 
  0.8068137 120.2372 
  0.9512402 116.6924 
  0.9814503 116.1118 
  0.9562706 116.6924 
  0.9586076 117.8622 
  0.9792571 118.4515 
  0.9549835 117.8622 
  0.9544615 116.6924 
  0.984547 115.5342 
  0.9873824 114.9594 
  0.9914179 114.9594 
  0.9951389 114.9594 
  0.9960065 114.9594 
  0.9898908 114.9594 
  0.9654844 114.3874 
  0.8967702 113.8184 
  0.8627809 112.128 
  0.9458143 110.4628 
  0.9856697 109.3664 
  0.9838862 108.8223 
  0.9796161 108.2809 
  0.9704431 107.7421 
  0.9629518 107.7421 
  0.9508886 107.2061 
  0.9197923 106.142 
  0.9114516 105.0885 
  0.9416263 104.0455 
  0.9342196 104.0455 
  0.8331726 106.142 
  0.7945352 108.8223 
  0.7357675 112.6886 
  0.6938842 116.1118 
  0.7449796 121.4426 
  0.7776864 126.3862 
  0.7923511 130.8766 
  0.8247928 134.1814 
  0.8543572 137.5696 
  0.9422189 140.3417 
  0.9774803 141.7487 
  0.9801034 142.4574 
  0.975238 143.1697 
  0.9263115 142.4574 
  0.8256712 138.2575 
  0.6797599 134.1814 
  0.439759 128.9329 
  0.2039441 122.6601 
  0.3704349 108.2809 
  0.3648417 103.0128 
  0.3761008 98.00098 
  0.8173785 94.1677 
  0.9799364 92.30766 
  0.9437544 91.84841 
  0.9518401 90.93677 
  0.9364468 90.48434 
  0.9348941 90.03418 
  0.9675543 89.58624 
  0.6909862 88.69706 
  0.6374981 87.3798 
  0.7046852 87.3798 
  0.5056116 87.3798 
  0.5560531 87.3798 
  0.3173445 87.3798 
  -0.1104477 87.3798 
  -0.01623609 87.3798 
  0.08865248 87.3798 
  -0.05207581 87.3798 
  -0.3380961 87.3798 
  -0.2803626 87.3798 
  -0.09576213 87.3798 
  -0.1228375 87.3798 
  0.04028951 87.3798 
  0.09327561 87.3798 
  0.09041248 87.3798 
  -0.02447538 87.3798 
  0.04280766 87.3798 
  0.1048152 87.3798 
  0.1434511 87.3798 
  -0.007600996 87.3798 
  -0.00344906 87.3798 
  -0.009906765 87.3798 
  0.06023436 87.3798 
  0.0419261 87.3798 
  0.3357604 87.3798 
  -0.08428515 87.3798 
  -0.04344048 87.3798 
  -0.131402 87.3798 
  -0.2145681 87.3798 
  -0.1586704 87.3798 
  -0.056933 87.3798 
  -0.2895103 87.3798 
  -0.1198575 87.3798 
  -0.09815322 87.3798 
  0.01137078 87.3798 
  0.06364883 87.3798 
  0.002469937 87.3798 
  0.01364922 87.3798 
  -0.02744303 87.3798 
  -0.04814876 87.3798 
  -0.164573 87.3798 
  -0.2185241 87.3798 
  -0.3821395 87.3798 
  -0.2037965 87.3798 
  -0.1335482 87.3798 
  -0.002691053 87.3798 ]
