 [
  -0.04304083 205.0254 
  -0.09453472 205.0254 
  0.008646513 205.0254 
  -0.256932 205.0254 
  -0.1684498 205.0254 
  0.004048563 205.0254 
  0.08891861 205.0254 
  -0.1188545 205.0254 
  0.07948649 205.0254 
  -0.04937601 205.0254 
  0.1413451 205.0254 
  -0.2626308 205.0254 
  0.7180231 205.0254 
  0.09041217 206.0505 
  -0.08816594 207.0808 
  -0.1005492 204.0054 
  0.3910414 198.9809 
  0.9260427 197.0059 
  0.8823919 197.0059 
  0.8410059 196.0257 
  0.7384319 192.1537 
  0.7324827 192.1537 
  0.9308577 195.0505 
  0.851433 201.9805 
  0.8986896 205.0254 
  0.8914151 207.0808 
  0.9170395 207.0808 
  0.9517118 206.0505 
  0.9769571 206.0505 
  0.9640794 208.1162 
  0.9586554 210.2025 
  0.9573095 212.3098 
  0.9586239 214.4382 
  0.9786955 216.5879 
  0.9797362 216.5879 
  0.9776594 216.5879 
  0.970495 215.5104 
  0.9714189 215.5104 
  0.9704692 214.4382 
  0.9508653 215.5104 
  0.9608873 217.6709 
  0.9762166 218.7592 
  0.9684427 219.853 
  0.9546842 219.853 
  0.9191473 220.9523 
  0.8791543 223.1673 
  0.782891 226.5316 
  0.4972948 229.9466 
  0.02229468 233.4131 
  0.02757784 236.9318 
  0.04664089 240.5036 
  0.2390095 244.1292 
  -0.1477719 247.8095 
  0.03932577 251.5452 
  0.04111014 254.067 
  0.06232642 256.614 
  -0.1223198 257.8971 
  -0.2144759 257.8971 
  0.04628862 259.1866 
  0.7032672 261.7849 
  0.8786374 259.1866 
  0.7498954 245.3498 
  0.7937484 238.1164 
  0.9410444 233.4131 
  0.9735872 229.9466 
  0.9918002 227.6642 
  0.9764094 226.5316 
  0.9811686 225.4046 
  0.9828443 224.2832 
  0.9753375 223.1673 
  0.9878693 222.057 
  0.9510969 224.2832 
  0.9312273 227.6642 
  0.9126897 231.0963 
  0.7713727 232.2518 
  0.2165317 234.5801 
  0.205846 235.753 
  0.1779533 238.1164 
  0.2055198 239.307 
  0.1586908 240.5036 
  0.2072062 241.7061 
  0.3242221 242.9146 
  0.2591955 244.1292 
  0.611271 245.3498 
  0.7757145 247.8095 
  0.8446738 240.5036 
  0.7093188 224.2832 
  0.7139522 216.5879 
  0.8314172 210.2025 
  0.9646599 204.0054 
  0.9837869 202.9904 
  0.9787438 202.9904 
  0.984212 204.0054 
  0.9869698 205.0254 
  0.9917294 205.0254 
  0.9769897 204.0054 
  0.9808875 202.9904 
  0.9790345 202.9904 
  0.9616332 200.9756 
  0.9232843 198.9809 
  0.8724111 196.0257 
  0.5566102 194.0801 
  0.6961591 194.0801 
  0.9049891 194.0801 
  0.9785478 194.0801 
  0.9902677 194.0801 
  0.9860919 193.1145 
  0.9874251 192.1537 
  0.9487497 191.1978 
  0.8708911 190.2465 
  0.9051027 189.3 
  0.9779245 188.3582 
  0.9912865 187.4211 
  0.9938233 186.4887 
  0.991669 185.5609 
  0.9895405 184.6377 
  0.9919893 183.7191 
  0.9928913 183.7191 
  0.9844768 184.6377 
  0.95589 185.5609 
  0.8984458 185.5609 
  0.02262538 185.5609 
  -0.2127116 185.5609 
  -0.05193097 185.5609 
  -0.03005141 185.5609 
  -0.1763662 185.5609 
  -0.03688068 185.5609 
  -0.03453498 185.5609 
  -0.04227589 185.5609 
  -0.03385121 185.5609 
  -0.2067708 186.4887 
  0.478918 185.5609 
  0.7702484 187.4211 
  0.981233 189.3 
  0.9718887 191.1978 
  0.902559 195.0505 
  0.8933827 195.0505 
  0.9222087 194.0801 
  0.9537379 194.0801 
  0.943495 195.0505 
  0.9772722 196.0257 
  0.9803398 196.0257 
  0.9875569 197.0059 
  0.9889276 197.0059 
  0.986043 197.0059 
  0.9809958 197.0059 
  0.9381284 197.9909 
  0.8897333 199.9758 
  0.9364449 205.0254 
  0.8666133 205.0254 
  0.6290154 205.0254 
  0.5848922 205.0254 
  0.108727 205.0254 
  0.1591932 205.0254 
  0.07889344 205.0254 
  0.1436314 205.0254 
  -0.2010404 205.0254 
  -0.3611198 205.0254 
  0.003239553 205.0254 
  0.4124315 204.0054 
  0.6276223 201.9805 
  0.9459438 199.9758 
  0.9485625 196.0257 
  0.93132 192.1537 
  0.880155 189.3 
  0.9475009 186.4887 
  0.9693105 185.5609 
  0.9685836 185.5609 
  0.9848275 185.5609 
  0.9619049 183.7191 
  0.9637187 182.8051 
  0.9580296 180.9906 
  0.9247137 180.0902 
  0.6529078 180.9906 
  0.3095672 182.8051 
  0.7599211 184.6377 
  0.2425293 186.4887 
  0.2128646 188.3582 
  -0.1422539 190.2465 
  0.04731205 192.1537 
  -0.2606961 194.0801 
  -0.2427361 195.0505 
  0.02237757 195.0505 
  -0.005725956 195.0505 
  0.03547832 195.0505 
  0.6084494 196.0257 
  0.7885151 192.1537 
  0.8484827 188.3582 
  0.8735316 184.6377 
  0.7773897 180.9906 
  0.765785 180.0902 
  0.8770551 180.0902 
  0.960641 180.9906 
  0.8386515 181.8956 
  0.9073317 184.6377 
  0.917296 184.6377 
  0.9531639 183.7191 
  0.9678923 183.7191 
  0.9833719 183.7191 
  0.9903114 183.7191 
  0.9888781 182.8051 
  0.9940408 182.8051 
  0.9957739 181.8956 
  0.9896013 180.9906 
  0.9901751 180.0902 
  0.995482 179.1942 
  0.9931656 179.1942 
  0.9794463 178.3027 
  0.9517855 176.533 
  0.9643055 175.6547 
  0.9497502 174.7808 
  0.8661232 173.9112 
  0.1597311 173.9112 
  -0.1298489 173.9112 
  -0.2145431 173.9112 
  -0.01239327 173.9112 
  -0.08303824 173.9112 
  -0.04357419 173.9112 
  -0.1767073 173.9112 
  -0.05756349 173.9112 
  0.0009992745 173.9112 
  0.007041608 173.9112 
  0.7482581 173.9112 
  0.6112158 173.046 
  0.7087947 173.046 
  0.7983942 173.046 
  0.5346752 173.9112 
  0.4921137 174.7808 
  0.2042277 174.7808 
  0.05232089 173.9112 
  0.07836521 173.046 
  -0.07481255 172.185 
  -0.2675663 172.185 
  -0.3440915 172.185 
  -0.1727256 172.185 
  -0.0349179 172.185 
  -0.06803508 172.185 
  -0.06012113 172.185 
  0.1905508 172.185 
  0.5555109 172.185 
  0.110067 172.185 
  0.008238274 172.185 
  -0.1758009 172.185 
  -0.183115 172.185 
  -0.2024033 172.185 
  -0.1010106 172.185 
  -0.1215495 172.185 
  -0.191157 172.185 
  -0.2178174 172.185 
  -0.1278274 172.185 
  -0.07281641 172.185 
  0.1018799 172.185 
  0.02281582 172.185 
  -0.1875855 172.185 
  -0.3317351 172.185 
  -0.1034229 172.185 
  -0.06187873 172.185 
  0.1181602 172.185 
  0.2137952 172.185 
  0.1003365 172.185 
  0.09608245 172.185 
  0.09151596 172.185 
  0.2647107 172.185 
  0.01178858 172.185 
  0.06131887 172.185 
  0.03727083 172.185 
  0.04526425 172.185 
  0.0195709 172.185 ]
